1.586161711390388966e+09 6.053259655792349037e-01 -5.316585065170308377e-01 -5.923847634809810137e-01 -1.940244612756791553e-01 6.232199295725363575e-01 -7.575958210890424427e-01 7.719682532847491618e-01 5.735295564318695360e-01 2.740964502364984234e-01 1.740313720453750823e-01 -5.442054130772683296e-01 5.083482230830674853e-01
1.586161711390517950e+09 6.255086724836376177e-01 -5.118559629957148971e-01 -5.888483454628024027e-01 -1.875759390933914583e-01 6.339308669557490727e-01 -7.502978897179877205e-01 7.573335909477612038e-01 5.797716182591420297e-01 3.005173920026329992e-01 1.720719612780835794e-01 -5.516581812734736578e-01 4.996702475231544205e-01
1.586161711390539885e+09 6.458578275103340482e-01 -4.916201982296949935e-01 -5.841037985641265307e-01 -1.822726016882874611e-01 6.436594702941389468e-01 -7.432894357491447446e-01 7.413800412567382869e-01 5.865254191157487362e-01 3.261036144700723005e-01 1.701957159353668647e-01 -5.592158834983084192e-01 4.910649500466872652e-01
1.586161711390552044e+09 6.663239909684103290e-01 -4.709731300190484471e-01 -5.780974399017948517e-01 -1.782004045160725525e-01 6.522371271969367168e-01 -7.367708911602038890e-01 7.240559060921726298e-01 5.939453181791328751e-01 3.506736432669300130e-01 1.683892106743125339e-01 -5.668737570711580576e-01 4.825336069372160308e-01
1.586161711390563965e+09 6.868286959145453174e-01 -4.499560651012047274e-01 -5.707940803026497756e-01 -1.754303262978907929e-01 6.594831938878893407e-01 -7.309624599985768967e-01 7.053300953040526622e-01 6.021805848321342136e-01 3.740160426144937822e-01 1.666401412148938721e-01 -5.746272173622575252e-01 4.740769578545547813e-01
1.586161711390582085e+09 7.072622742214628166e-01 -4.286336105030779664e-01 -5.621861823032429095e-01 -1.740119142977125388e-01 6.652076200407440743e-01 -7.260982552447496907e-01 6.852006490120939874e-01 6.113689970003025609e-01 3.958888989821485738e-01 1.649373301894872523e-01 -5.824720836098111754e-01 4.656955013979750535e-01
1.586161711390600920e+09 7.274841428881875238e-01 -4.070972162520402615e-01 -5.523030676447054921e-01 -1.739667919731899826e-01 6.692146484242037507e-01 -7.224176838873677120e-01 6.637035312556578415e-01 6.216298023596319444e-01 4.160216480831022690e-01 1.632706508903895015e-01 -5.904048016750783612e-01 4.573898124817971644e-01
1.586161711390618086e+09 7.473260034375277527e-01 -3.854681095536057200e-01 -5.412191619557411570e-01 -1.752826431650116035e-01 6.713079541396468342e-01 -7.201538905721616146e-01 6.409210870760079226e-01 6.330560540559524441e-01 4.341200212431745586e-01 1.616308636915241848e-01 -5.984226502888390087e-01 4.491608693109039874e-01
1.586161711390635967e+09 7.665982463291389770e-01 -3.638992361750425508e-01 -5.290599916851925766e-01 -1.779083724672481659e-01 6.712975872201281113e-01 -7.195193957168828369e-01 6.169892543639862170e-01 6.457065089307255645e-01 4.498748321759734603e-01 1.600093641092026064e-01 -6.065239158420860921e-01 4.410103760926393224e-01
1.586161711390655041e+09 7.850995824296606029e-01 -3.425756660608088033e-01 -5.160044174787156157e-01 -1.817513580265710249e-01 6.690088336988164741e-01 -7.206896868390024746e-01 5.921022629529200110e-01 6.595976757388781753e-01 4.629749633420076615e-01 1.583978464386793239e-01 -6.147080198283808583e-01 4.329410665247310219e-01
1.586161711390672922e+09 8.026294674369370830e-01 -3.217127570840803141e-01 -5.022816342422258273e-01 -1.866776629827524292e-01 6.642928969946562123e-01 -7.237861545880784897e-01 5.665133611938402147e-01 6.746968573490002008e-01 4.731244683884703317e-01 1.567878925243272603e-01 -6.229755834748489374e-01 4.249569733432366214e-01
1.586161711390691996e+09 8.189764716688312518e-01 -3.016393407221877321e-01 -4.881508446651902644e-01 -1.925695926667865543e-01 6.568880917086583615e-01 -7.289821584779411223e-01 5.405501744476655102e-01 6.910222452893839407e-01 4.798893265487876314e-01 1.551711284630434007e-01 -6.313308407394346844e-01 4.170660890963229783e-01
1.586161711390738010e+09 8.339683549276984964e-01 -2.826690686460596180e-01 -4.739145289772623837e-01 -1.991865091711788882e-01 6.467215232793550594e-01 -7.362581112076684864e-01 5.146081206145646236e-01 7.084133463889406013e-01 4.830414197263012133e-01 1.535393479723040078e-01 -6.397750039342928741e-01 4.092735474984851574e-01
1.586161711390755892e+09 8.474784525870632246e-01 -2.651251932492181274e-01 -4.598792281360230549e-01 -2.062650026711270734e-01 6.337892366859185778e-01 -7.454971177421234607e-01 4.891165723319574332e-01 7.266497338802131445e-01 4.824366727744528460e-01 1.518833118558932382e-01 -6.483106036484823642e-01 4.015864553248754687e-01
1.586161711390773058e+09 8.594356218716351359e-01 -2.493219783276588719e-01 -4.463283131806460857e-01 -2.135362295068260197e-01 6.181638833654772291e-01 -7.564890563770065857e-01 4.645133914102786421e-01 7.454609076308146287e-01 4.780327862295590813e-01 1.501922792188277733e-01 -6.569412867384702981e-01 3.940140037927908900e-01
1.586161711390789986e+09 8.698281208035575363e-01 -2.355438065896889865e-01 -4.334952774856646873e-01 -2.207436401216796018e-01 5.999957161190878629e-01 -7.689456329365726983e-01 4.412156908544722644e-01 7.645418603279895420e-01 4.698983488645813167e-01 1.484535643403498140e-01 -6.656715166987966503e-01 3.865675106855460674e-01
1.586161711390808105e+09 8.787009649639548892e-01 -2.240244131480806644e-01 -4.215420224021031448e-01 -2.276583556642957640e-01 5.795056618839470319e-01 -7.825246714119180602e-01 4.195906189569127975e-01 7.835727474413106686e-01 4.582111546724531026e-01 1.466521484911734730e-01 -6.745061776525569375e-01 3.792603928573359262e-01
1.586161711390826941e+09 8.861476036685950186e-01 -2.149291065245370891e-01 -4.105458608325671110e-01 -2.340900368090172989e-01 5.569705816077146210e-01 -7.968598536241927599e-01 3.999303432180163487e-01 8.022401453200364019e-01 4.432453836488752796e-01 1.447703749521276062e-01 -6.834500893259510823e-01 3.721080731978838596e-01
1.586161711390846014e+09 8.922978701049337769e-01 -2.083423564409269679e-01 -4.004971581479987441e-01 -2.398922389110078601e-01 5.327025299837926386e-01 -8.115908628655101875e-01 3.824346022033018322e-01 8.202569581713301528e-01 4.253496184608033248e-01 1.427877524516701635e-01 -6.925074460588643843e-01 3.651278295618848868e-01
1.586161711390863895e+09 8.973046169495041413e-01 -2.042621037126520489e-01 -3.913073185538040177e-01 -2.449626414328928692e-01 5.070250063875408886e-01 -8.263891018325368876e-01 3.672025720881196276e-01 8.373784307272631455e-01 4.049192945763975815e-01 1.406808881028396574e-01 -7.016811974489824966e-01 3.583385945363378178e-01
1.586161711390882015e+09 9.013311770507591580e-01 -2.026009523395754519e-01 -3.828249777028310263e-01 -2.492396226912320101e-01 4.802495771597884433e-01 -8.409755968791423619e-01 3.542339904652284654e-01 8.534126774937420556e-01 3.823677316506648438e-01 1.384235657057529267e-01 -7.109723924513621229e-01 3.517607153030902767e-01
1.586161711390899897e+09 9.045410346041825589e-01 -2.031933939819673129e-01 -3.748572548651910585e-01 -2.526970963219591360e-01 4.526558816681998110e-01 -8.551297157328169307e-01 3.434380504120033706e-01 8.682252575147866303e-01 3.580994387851186844e-01 1.359869791359131497e-01 -7.203795125181465808e-01 3.454156824331863773e-01
1.586161711390916109e+09 9.070902595976435556e-01 -2.058074825705357436e-01 -3.671927848240499892e-01 -2.553393509473724232e-01 4.244771579270284478e-01 -8.686892186988509623e-01 3.346476909279268441e-01 8.817382961313506851e-01 3.324883462734021244e-01 1.333401240061169168e-01 -7.298978222454932663e-01 3.393258349770491566e-01
1.586161711390932083e+09 9.091225511489140487e-01 -2.101592259886651826e-01 -3.596238130187131010e-01 -2.571970368955169284e-01 3.958922868725897048e-01 -8.815435223711930446e-01 3.276367980655888190e-01 8.939252749923104480e-01 3.058622755406150695e-01 1.304503428339414961e-01 -7.395187685600908001e-01 3.335140485932611698e-01
1.586161711390948057e+09 9.107662838631813695e-01 -2.159283868436802367e-01 -3.519654927672878353e-01 -2.583246459080792423e-01 3.670243370649610148e-01 -8.936226909306546062e-01 3.221384077319281447e-01 9.048027785630826658e-01 2.784937674061945811e-01 1.272840112281184155e-01 -7.492294601915598928e-01 3.280034119347680077e-01
1.586161711390965939e+09 9.121328926157689088e-01 -2.227746916300759883e-01 -3.440712471906037240e-01 -2.587991667004999607e-01 3.379448657473526074e-01 -9.048846663844976046e-01 3.178625139342786121e-01 9.144204201664403175e-01 2.505967233098702063e-01 1.238073454438460841e-01 -7.590122582864302636e-01 3.228168947372629383e-01
1.586161711390996933e+09 9.133160643781295107e-01 -2.303537450587326008e-01 -3.358435928405416049e-01 -2.587191857474110401e-01 3.086827160593782482e-01 -9.153028811055140546e-01 3.145125589157056201e-01 9.228500058361204239e-01 2.223279499482685995e-01 1.199873078050776587e-01 -7.688445063682354252e-01 3.179770069001613408e-01
1.586161711391015053e+09 9.143914107062530716e-01 -2.383321729173783210e-01 -3.272401618763989828e-01 -2.582035544794670789e-01 2.792357460368496413e-01 -9.248558390457757294e-01 3.118000524711542210e-01 9.301748082004337448e-01 1.937925534789821103e-01 1.157925814369316492e-01 -7.786984256231651580e-01 3.135054467482696894e-01
1.586161711391031981e+09 9.154164940260067773e-01 -2.464016112331423869e-01 -3.182748633062745802e-01 -2.573888293454765219e-01 2.495838167807462593e-01 -9.335196352284041987e-01 3.094569973890631265e-01 9.364796659302274673e-01 1.650521201977939167e-01 1.111945807844661044e-01 -7.885411983058863150e-01 3.094227368524888333e-01
1.586161711391050100e+09 9.164312298079878571e-01 -2.542911223615145766e-01 -3.090142816869841935e-01 -2.564249495124968359e-01 2.197014292839922223e-01 -9.412637928156681877e-01 3.072459056511783748e-01 9.418425066706432869e-01 1.361346627592628644e-01 1.061684592677602651e-01 -7.983352575097646397e-01 3.057478476044168669e-01
1.586161711391077995e+09 9.174587804819308579e-01 -2.617773874570120674e-01 -2.995696675208829318e-01 -2.554690630602071688e-01 1.895685835489519522e-01 -9.480502678539975969e-01 3.049671198253138260e-01 9.463278247285799027e-01 1.070453375236806448e-01 1.006940696814446201e-01 -8.080387948310052693e-01 3.024978127913423021e-01
1.586161711391093969e+09 9.185070590488346731e-01 -2.686918196626925659e-01 -2.900853127781451435e-01 -2.546779581894783040e-01 1.591787581095636672e-01 -9.538350281923956286e-01 3.024630891996969995e-01 9.499825415850888799e-01 7.777692891174541046e-02 9.475682529266338250e-02 -8.176064867463886943e-01 2.996873493683412382e-01
1.586161711391112089e+09 9.195708653053779047e-01 -2.749238977374037773e-01 -2.807245523643680518e-01 -2.541999268536216383e-01 1.285434253450921938e-01 -9.585713251583405370e-01 2.996194604944860673e-01 9.528344234715488970e-01 4.831915413442017249e-02 8.834840811995749166e-02 -8.269904260093132731e-01 2.973284984997607294e-01
1.586161711391129017e+09 9.206345602010872486e-01 -2.804203365237145640e-01 -2.716550047266940160e-01 -2.541671100198034661e-01 9.769310157108818116e-02 -9.622136657298394624e-01 2.963630999044917780e-01 9.548929223028269631e-01 1.866601903457409950e-02 8.146727376271244159e-02 -8.361412276626969398e-01 2.954303090398168741e-01
1.586161711391146898e+09 9.216750677301452921e-01 -2.851802098484039205e-01 -2.630348220316752195e-01 -2.546893683175269207e-01 6.667547407152511763e-02 -9.647215698070659151e-01 2.926574711634318260e-01 9.561519907205402458e-01 -1.117924545775365874e-02 7.411890955574648721e-02 -8.450092613808047881e-01 2.939985878301905053e-01
1.586161711391164064e+09 9.226649124770721633e-01 -2.892467269423207310e-01 -2.550015498043376461e-01 -2.558504702737840475e-01 3.555153814341324714e-02 -9.660624335020868703e-01 2.884960942217794089e-01 9.565941769505883485e-01 -4.120175431503120961e-02 6.631581837056509110e-02 -8.535459466308782384e-01 2.930357394201699162e-01
1.586161711391182899e+09 9.235749862603690463e-01 -2.926968758699629025e-01 -2.476646599252817216e-01 -2.577069246336566311e-01 4.390833575964023239e-03 -9.662131555738744382e-01 2.838950263507973304e-01 9.561951995905598745e-01 -7.137474769749405090e-02 5.807722262452971740e-02 -8.617050391509862850e-01 2.925407105892059989e-01
1.586161711391200066e+09 9.243767717704070019e-01 -2.956303274955472404e-01 -2.411022468621538684e-01 -2.602894384979413389e-01 -2.673322347368897040e-02 -9.651604754634253158e-01 2.788852671877714018e-01 9.549282928618322286e-01 -1.016610227826958424e-01 4.942850649725240297e-02 -8.694438382059678228e-01 2.925090452097162674e-01
1.586161711391217947e+09 9.250438822879428757e-01 -2.981590528630571058e-01 -2.353614140067095406e-01 -2.636063265547219925e-01 -5.774718489051596654e-02 -9.629002895758204117e-01 2.735059792375612031e-01 9.527677797399661808e-01 -1.320152927743970250e-01 4.040043337750005153e-02 -8.767242518621273240e-01 2.929330462683628067e-01
1.586161711391247988e+09 9.255528946330673357e-01 -3.003986526454983097e-01 -2.304614694279764342e-01 -2.676481132821281750e-01 -8.858023942652515359e-02 -9.594363079784451465e-01 2.677990420628806323e-01 9.496916293971243705e-01 -1.623868296348895124e-01 3.102818867019328450e-02 -8.835136694758161102e-01 2.938020352037683525e-01
1.586161711391266108e+09 9.258835793364582623e-01 -3.024619211170777033e-01 -2.263987278123660296e-01 -2.723924636052812431e-01 -1.191656887589914726e-01 -9.547784480293288745e-01 2.618051632864227818e-01 9.456829940152007286e-01 -1.927219022909633928e-01 2.135030563986940744e-02 -8.897856046609088354e-01 2.951026939755403977e-01
1.586161711391283035e+09 9.260186657602653693e-01 -3.044546643373653438e-01 -2.231519397015914175e-01 -2.778088877707262094e-01 -1.494414160598270258e-01 -9.489412444768531296e-01 2.555614461865042819e-01 9.407308971220469385e-01 -2.229657523895620663e-01 1.140753580153243234e-02 -8.955200889953890409e-01 2.968194704646553994e-01
1.586161711391300917e+09 9.259433194251643906e-01 -3.064734865866558522e-01 -2.206874971472323199e-01 -2.838627716084843322e-01 -1.793496373018252099e-01 -9.419424796250067677e-01 2.491001733139968921e-01 9.348303107453105332e-01 -2.530640118278283390e-01 1.241723985438335232e-03 -9.007038138776450875e-01 2.989350249116292102e-01
1.586161711391315937e+09 9.256445094279176500e-01 -3.086050567631236086e-01 -2.189638355344598886e-01 -2.905184646714992769e-01 -2.088362497859738154e-01 -9.338021433301051388e-01 2.424484771865096921e-01 9.279818640378182382e-01 -2.829635952600111914e-01 -9.105257689863225853e-03 -9.053300335990173142e-01 3.014306942513518273e-01
1.586161711391333103e+09 9.251104186519493178e-01 -3.109262969048466330e-01 -2.179347410589632383e-01 -2.977413291271446272e-01 -2.378500599607011601e-01 -9.245417515363734129e-01 2.356285519018158636e-01 9.201913861452881704e-01 -3.126131774386668449e-01 -1.959247173836983075e-02 -9.093982568106891984e-01 3.042869515144741022e-01
1.586161711391350985e+09 9.243300063654104060e-01 -3.135049778400602616e-01 -2.175515303733961403e-01 -3.054987947204196863e-01 -2.663421079357595200e-01 -9.141839904485092871e-01 2.286580984747979550e-01 9.114694238837692808e-01 -3.419633951792386273e-01 -3.018074013020283913e-02 -9.129137613196479650e-01 3.074838413565236239e-01
1.586161711391369104e+09 9.232927544433998657e-01 -3.164003599830873537e-01 -2.177643266485021489e-01 -3.137606414016877454e-01 -2.942652001210722679e-01 -9.027525975219122811e-01 2.215507836636606553e-01 9.018308070056966219e-01 -3.709669070269001057e-01 -4.083331084871017619e-02 -9.158869739006824107e-01 3.110013757468983453e-01
1.586161711391390085e+09 9.219885893925587883e-01 -3.196636785481772325e-01 -2.185227077737009194e-01 -3.224987434356265670e-01 -3.215736907505386544e-01 -8.902723865914138335e-01 2.143165923493043079e-01 8.912942804134071917e-01 -3.995784081525947662e-01 -5.151635721379414778e-02 -9.183327565448983210e-01 3.148198796124572763e-01
1.586161711391422033e+09 9.204079442417576473e-01 -3.233384113363977352e-01 -2.197759952699544217e-01 -3.316864960764444592e-01 -3.482234996979858832e-01 -8.767693328386152452e-01 2.069620369599181331e-01 8.798821888613694853e-01 -4.277546601704759754e-01 -6.219931090958431136e-02 -9.202696369652417774e-01 3.189202818761266989e-01
1.586161711391441107e+09 9.185419249605348835e-01 -3.274603452650442503e-01 -2.214733720664311678e-01 -3.412980769477853560e-01 -3.741723365775495025e-01 -8.622706568354819856e-01 1.994902378780703534e-01 8.676201848052277343e-01 -4.554545643920215325e-01 -7.285503716170953215e-02 -9.217190196986561057e-01 3.232843501484429227e-01
1.586161711391462088e+09 9.163825066614110781e-01 -3.320575640331900891e-01 -2.235640306916023834e-01 -3.513077418171061672e-01 -3.993800410322602690e-01 -8.468048498869669150e-01 1.919009439093087299e-01 8.545369256243464662e-01 -4.826392760507988156e-01 -8.345986732220093962e-02 -9.227044138361306658e-01 3.278948685374348249e-01
1.586161711391482115e+09 9.139227321425326123e-01 -3.371504408355087690e-01 -2.259973895498211260e-01 -3.616892056528410726e-01 -4.238089882173470824e-01 -8.304016259907360809e-01 1.841905492644135556e-01 8.406637389660770454e-01 -5.092723435107011642e-01 -9.399350984365884010e-02 -9.232507073783376983e-01 3.327357613012660309e-01
1.586161711391516924e+09 9.111569419568265049e-01 -3.427516313808218751e-01 -2.287232967483905088e-01 -3.724150326866985106e-01 -4.474245733030247640e-01 -8.130918121966450585e-01 1.763521216373452050e-01 8.260342430262738178e-01 -5.353198659284468253e-01 -1.044388639480032938e-01 -9.233835109817033482e-01 3.377921676332028555e-01
1.586161711391535997e+09 9.080809679739124674e-01 -3.488662017163911000e-01 -2.316923155163403969e-01 -3.834561782440365496e-01 -4.701956684512820228e-01 -7.949071600909018986e-01 1.683755184861915055e-01 8.106839130826886120e-01 -5.607506381263231976e-01 -1.147817618500693443e-01 -9.231285882189510517e-01 3.430504735894209789e-01
1.586161711391555071e+09 9.046922556318677255e-01 -3.554919670385107144e-01 -2.348560923982954685e-01 -3.947817343918547661e-01 -4.920949766743539788e-01 -7.758800916057061459e-01 1.602476366383916162e-01 7.946496055270210190e-01 -5.855362496918466997e-01 -1.250106646823174461e-01 -9.225113811256356877e-01 3.484983086098681904e-01
1.586161711391573906e+09 9.009899455837221405e-01 -3.626199954351774779e-01 -2.381677077888951499e-01 -4.063587968610841150e-01 -5.130992928916356943e-01 -7.560434142794768553e-01 1.519527769774314530e-01 7.779690577432152310e-01 -6.096511289898621788e-01 -1.351163344100261843e-01 -9.215566318672848700e-01 3.541245149131133640e-01
1.586161711391592979e+09 8.969749393617254540e-01 -3.702352238208104218e-01 -2.415819475150549622e-01 -4.181523980706088883e-01 -5.331896852417391530e-01 -7.354300319998274826e-01 1.434730999457742018e-01 7.606803789077377642e-01 -6.330725322207267913e-01 -1.450915000427939749e-01 -9.202880956473064034e-01 3.599190977813516157e-01
1.586161711391613007e+09 8.926499666043155035e-01 -3.783171373665203396e-01 -2.450554648684648285e-01 -4.301254735181310185e-01 -5.523516088665775259e-01 -7.140726697199381023e-01 1.347891479985906804e-01 7.428215425108658510e-01 -6.557804829965775406e-01 -1.549305325139325729e-01 -9.187283370747297839e-01 3.658731633996900046e-01
1.586161711391633987e+09 8.880196624580249942e-01 -3.868404761753393983e-01 -2.485468270691773007e-01 -4.422388496935136804e-01 -5.705749586368824566e-01 -6.920036248647332133e-01 1.258804161842529135e-01 7.244298881394383161e-01 -6.777576693090184845e-01 -1.646291382312247420e-01 -9.168985992295592968e-01 3.719788501521908430e-01
1.586161711391658068e+09 8.830906524850342665e-01 -3.957759509417649868e-01 -2.520164604058268698e-01 -4.544512627220576029e-01 -5.878540561730027925e-01 -6.692545546194873518e-01 1.167259593062944800e-01 7.055416398467676542e-01 -6.989893026234321738e-01 -1.741840782169079560e-01 -9.148187349252995260e-01 3.782292573795583146e-01
1.586161711391680002e+09 8.778716432860363961e-01 -4.050909490461705453e-01 -2.554265081798102188e-01 -4.667194127615937882e-01 -6.041875708104362808e-01 -6.458563071282263923e-01 1.073050229066346006e-01 6.861914474397126096e-01 -7.194629454219524378e-01 -1.835929180504269620e-01 -9.125071913365547793e-01 3.846183733894168455e-01
1.586161711391700029e+09 8.723734273833054775e-01 -4.147503361400511901e-01 -2.587407235689868079e-01 -4.789982118599754868e-01 -6.195782541094160267e-01 -6.218388058792462258e-01 9.759772799062338411e-02 6.664119941646636791e-01 -7.391682743734183658e-01 -1.928538117421752796e-01 -9.099810389485987194e-01 3.911410037105902959e-01
1.586161711391719103e+09 8.666087132895130551e-01 -4.247174280630257592e-01 -2.619245015572365665e-01 -4.912413516054110474e-01 -6.340323796125841849e-01 -5.972310076539442125e-01 8.758580253308938246e-02 6.462337411201117821e-01 -7.580967480131881597e-01 -2.019653197442217996e-01 -9.072560344006566080e-01 3.977927009606810893e-01
1.586161711391735077e+09 8.605918727306122173e-01 -4.349549504347899331e-01 -2.649449373890183090e-01 -5.034019907605435940e-01 -6.475590419463992387e-01 -5.720609437109264173e-01 7.725324959814737491e-02 6.256848076668678482e-01 -7.762412364703598078e-01 -2.109262587720410476e-01 -9.043467066441654989e-01 4.045696979291266149e-01
1.586161711391788006e+09 8.543384527107670268e-01 -4.454261341024037812e-01 -2.677711101746110267e-01 -5.154337849369772240e-01 -6.601691440635826247e-01 -5.463558501558770653e-01 6.658694957601365982e-02 6.047910883469743704e-01 -7.935955631919042741e-01 -2.197355807409511197e-01 -9.012664584152416669e-01 4.114688443591095757e-01
1.586161711391804934e+09 8.478643612114625805e-01 -4.560959784234719372e-01 -2.703747096516204151e-01 -5.272923380229436185e-01 -6.718740079384456498e-01 -5.201423921837941000e-01 5.557711347050122569e-02 5.835767097658762781e-01 -8.101539412931059170e-01 -2.283922787017521883e-01 -8.980276775838279546e-01 4.184875467540197791e-01
1.586161711391828060e+09 8.411847624297897896e-01 -4.669325518162526500e-01 -2.727309804112549863e-01 -5.389369287978462708e-01 -6.826837341613241072e-01 -4.934469640368137067e-01 4.421744598280009930e-02 5.620648640716546796e-01 -8.259103500759042982e-01 -2.368953167905301915e-01 -8.946418531041077093e-01 4.256237109912566763e-01
1.586161711391846895e+09 8.343128479205712544e-01 -4.779080885081685159e-01 -2.748198153316427361e-01 -5.503321760188529810e-01 -6.926056031339000718e-01 -4.662960164675797325e-01 3.250489396687339383e-02 5.402789443457792773e-01 -8.408579514284472145e-01 -2.452435793743577008e-01 -8.911196898032609504e-01 4.328756887685136778e-01
1.586161711391866922e+09 8.272586500679084409e-01 -4.889997124601095924e-01 -2.766268375764288079e-01 -5.614493525835831944e-01 -7.016427751676497238e-01 -4.387163559364603560e-01 2.043894991140494943e-02 5.182438591297811037e-01 -8.549886268930264599e-01 -2.534358348330635891e-01 -8.874712181056917393e-01 4.402422285899095789e-01
1.586161711391885042e+09 8.200279293757057886e-01 -5.001898115340311923e-01 -2.781444726165286929e-01 -5.722673028728045841e-01 -7.097933349258269686e-01 -4.107353846276352027e-01 8.020561828646410873e-03 4.959874740237791291e-01 -8.682926329959825829e-01 -2.614707102058320132e-01 -8.837058965840343117e-01 4.477224315117663833e-01
1.586161711391904116e+09 8.126210897336676453e-01 -5.114661620684334276e-01 -2.793731013265908780e-01 -5.827730339387735548e-01 -7.170496134658810305e-01 -3.823812798371286625e-01 -4.749288661611868537e-03 4.735422020715017166e-01 -8.807583252119243200e-01 -2.693466757672270395e-01 -8.798327078619865294e-01 4.553157101033432075e-01
1.586161711391928911e+09 8.050322170168249247e-01 -5.228217604019315123e-01 -2.803222013701112125e-01 -5.929618436267816151e-01 -7.233978883922194125e-01 -3.536831173523257710e-01 -1.787125848847699594e-02 4.509466733155781948e-01 -8.923719607099290796e-01 -2.770620382801692871e-01 -8.758602478301940053e-01 4.630217497321347242e-01
1.586161711391947985e+09 7.972483740280635889e-01 -5.342543066239433536e-01 -2.810113274036519782e-01 -6.028368305769424840e-01 -7.288185819973472812e-01 -3.246709575292738292e-01 -3.134941985294077693e-02 4.282473708532546497e-01 -9.031176022798974579e-01 -2.846149414491471186e-01 -8.717968079179129193e-01 4.708404717485996094e-01
1.586161711391967058e+09 7.892493448707853521e-01 -5.457652668849610755e-01 -2.814706827518764221e-01 -6.124076036977118553e-01 -7.332871152745438215e-01 -2.953759196908525841e-01 -4.519290733179845421e-02 4.055000373451427276e-01 -9.129771744986943105e-01 -2.920033731656674347e-01 -8.676504507646000119e-01 4.787719976610278483e-01
1.586161711391985893e+09 7.810076511544769007e-01 -5.573587390706680189e-01 -2.817415215858432020e-01 -6.216885340483970790e-01 -7.367751434300796598e-01 -2.658303125755102636e-01 -5.941730213514032077e-02 3.827709814714730929e-01 -9.219305615207571414e-01 -2.992251796638809580e-01 -8.634290796308449201e-01 4.868166133029392939e-01
1.586161711392005920e+09 7.724889271998844897e-01 -5.690401017907472658e-01 -2.818762495729852935e-01 -6.306965287968192557e-01 -7.392522278547678516e-01 -2.360678559293032941e-01 -7.404556868953925119e-02 3.601381768377602266e-01 -9.299557772588160631e-01 -3.062780872790901165e-01 -8.591405017837605573e-01 4.949747318601821489e-01
1.586161711392025948e+09 7.636527467184635043e-01 -5.808144407892130712e-01 -2.819380569661434910e-01 -6.394483464555644758e-01 -7.406879946495960043e-01 -2.061240093362671777e-01 -8.910833279315043265e-02 3.376919901354292763e-01 -9.370292552214313231e-01 -3.131597327406331899e-01 -8.547924857354290973e-01 5.032468547049455676e-01
1.586161711392057896e+09 7.544539943750619981e-01 -5.926847733035865984e-01 -2.819998759421259438e-01 -6.479575257586741577e-01 -7.410548122671973825e-01 -1.760363895789138489e-01 -1.046432774526845078e-01 3.155352990668112700e-01 -9.431263223144662478e-01 -3.198677024156441617e-01 -8.503928116176452390e-01 5.116335295329555999e-01
1.586161711392067909e+09 7.448447334466667957e-01 -6.046501986932263373e-01 -2.821426242927327355e-01 -6.562312026972273449e-01 -7.403308577401561674e-01 -1.458452265654531788e-01 -1.206935458025645835e-01 2.937828424939306626e-01 -9.482218673777895734e-01 -3.263995800132991620e-01 -8.459493135138856923e-01 5.201353060429579900e-01
1.586161711392081022e+09 7.347765299042110509e-01 -6.167041071872194635e-01 -2.824526428379188769e-01 -6.642670846107189275e-01 -7.385034359141904314e-01 -1.155937536087674189e-01 -1.373051045775378620e-01 2.725595706729128098e-01 -9.522912311930529228e-01 -3.327530016099756738e-01 -8.414699124852632606e-01 5.287526899043795137e-01
1.586161711392091990e+09 7.242029343108152828e-01 -6.288326956250095412e-01 -2.830186407542327753e-01 -6.720510781898612063e-01 -7.355721634910263873e-01 -8.532843036543549808e-02 -1.545233269803428788e-01 2.519980822391346131e-01 -9.553112101730806272e-01 -3.389257156329941734e-01 -8.369626390660325210e-01 5.374860965759068465e-01
1.586161711392103910e+09 7.130819266439892834e-01 -6.410139435230470806e-01 -2.839283188914285549e-01 -6.795558573195047414e-01 -7.315517413413128445e-01 -5.509888339067308544e-02 -1.723891035459000631e-01 2.322351700097776417e-01 -9.572611049785748616e-01 -3.449156447415964721e-01 -8.324356444823466372e-01 5.463358069378149162e-01
1.586161711392138958e+09 7.013780266723651513e-01 -6.532171902501734406e-01 -2.852650806331412658e-01 -6.867406336120627230e-01 -7.264739673031238576e-01 -2.495751198768888374e-02 -1.909349789731487335e-01 2.134077726563845812e-01 -9.581236646122439637e-01 -3.507209460213671082e-01 -8.278972005330866857e-01 5.553019269318527629e-01
1.586161711392157078e+09 6.890638716533211694e-01 -6.654033408767570101e-01 -2.871051634819030696e-01 -6.935521594595497330e-01 -7.203887759901939081e-01 5.041226437955442091e-03 -2.101817861818583433e-01 1.956486790462658720e-01 -9.578858029329416768e-01 -3.563400652119499412e-01 -8.233556888968039944e-01 5.643843536866900434e-01
1.586161711392175913e+09 6.761211961984806562e-01 -6.775256324904304073e-01 -2.895153632112855147e-01 -6.999267813793359494e-01 -7.133642487239034713e-01 3.484178207550768513e-02 -2.301361099736494720e-01 1.790822888884685549e-01 -9.565390242997381387e-01 -3.617717819345361852e-01 -8.188195815990308990e-01 5.735827496450401908e-01
1.586161711392194986e+09 6.625411992231913239e-01 -6.895308394130068574e-01 -2.925515014421808946e-01 -7.057932661123214046e-01 -7.054856299526439667e-01 6.438860045439823154e-02 -2.507888059708567319e-01 1.638207790802106434e-01 -9.540795184138984864e-01 -3.670152432617878602e-01 -8.142974150088660990e-01 5.828965258297460483e-01
1.586161711392211914e+09 6.483242648167231170e-01 -7.013607310421017260e-01 -2.962579497122886374e-01 -7.110760895643647439e-01 -6.968534702955634375e-01 9.362711260385497836e-02 -2.721147604609250314e-01 1.499612153723541563e-01 -9.505078596934227741e-01 -3.720699842759778719e-01 -8.097977601591485053e-01 5.923248344634141072e-01
1.586161711392227888e+09 6.334792955110180035e-01 -7.129535816787674340e-01 -3.006678777256830415e-01 -7.156987355900139569e-01 -6.875812394262990068e-01 1.225045284530445200e-01 -2.940736343124381036e-01 1.375835374754321438e-01 -9.458284559758458609e-01 -3.769359362959507909e-01 -8.053291921081319193e-01 6.018665698764300576e-01
1.586161711392246008e+09 6.180228450652240912e-01 -7.242456028628778686e-01 -3.058039729582622268e-01 -7.195867096168673260e-01 -6.777926773106709435e-01 1.509703757511919320e-01 -3.166113243191733262e-01 1.267493334838482866e-01 -9.400488689902729567e-01 -3.816134248279408059e-01 -8.009002605194398550e-01 6.115203758717586702e-01
1.586161711392263889e+09 6.019781527734904270e-01 -7.351721963181833130e-01 -3.116795558099695329e-01 -7.226700982096169179e-01 -6.676190977785833036e-01 1.789767299474040729e-01 -3.396619394438065154e-01 1.175014138625029431e-01 -9.331790744274200966e-01 -3.861031597992796160e-01 -7.965194629250011982e-01 6.212846575403578875e-01
1.586161711392282963e+09 5.853742186817879611e-01 -7.456689971055414645e-01 -3.182998131072141690e-01 -7.248855766736678197e-01 -6.571968211901100254e-01 2.064781813552022949e-01 -3.631500037248064361e-01 1.098639394332608238e-01 -9.252307765755037883e-01 -3.904062200230596358e-01 -7.921952216347439846e-01 6.311575960165448640e-01
1.586161711392316103e+09 5.682449767516341010e-01 -7.556727049540095109e-01 -3.256630306771257088e-01 -7.261778647194013780e-01 -6.466648307987791222e-01 2.334315870382802083e-01 -3.869927073765212500e-01 1.038429574258453586e-01 -9.162168329309804404e-01 -3.945240334057614762e-01 -7.879358649152650163e-01 6.411371650183727011e-01
1.586161711392333031e+09 5.506285836451305649e-01 -7.651216952036844487e-01 -3.337618231125046853e-01 -7.265006691250415205e-01 -6.361627202288325789e-01 2.597956342581071998e-01 -4.111021053344986464e-01 9.942728563183052259e-02 -9.061508010133088042e-01 -3.984583549270108715e-01 -7.837496124919229867e-01 6.512211478127156727e-01
1.586161711392349958e+09 5.325668500454893151e-01 -7.739564335971750308e-01 -3.425842805675010094e-01 -7.258171761802181265e-01 -6.258289615288621377e-01 2.855302752794063315e-01 -4.353871580248145357e-01 9.658959576837602978e-02 -8.950466317080965073e-01 -4.022112437183978928e-01 -7.796445652322855357e-01 6.614071537471853945e-01
