1.586161711134052992e+09 2.967066440688050366e-01 -7.958105611026414783e-01 -5.278737712240332280e-01 -3.795661619102139173e-01 4.089516405804219934e-01 -8.298723302995387741e-01 8.762960094688870827e-01 4.465916553695813973e-01 -1.807240914320029090e-01 2.315377491697517831e-01 -4.511962250325408097e-01 6.470118155128795623e-01
1.586161711134139061e+09 3.146701757034746638e-01 -7.827247988609163931e-01 -5.369586296115047563e-01 -3.666132847655947380e-01 4.215774991137686278e-01 -8.293775448321664134e-01 8.755440480468282827e-01 4.578365446654416027e-01 -1.542994438725591999e-01 2.261014946369665768e-01 -4.554482592550975206e-01 6.391341555330414259e-01
1.586161711134176970e+09 3.327239111252585646e-01 -7.692782591959729244e-01 -5.454408850070602277e-01 -3.538535011611326775e-01 4.342861201459380927e-01 -8.283617964167293568e-01 8.741181263407566959e-01 4.686219434894327573e-01 -1.277144289584165870e-01 2.209762754532698936e-01 -4.598544494873094135e-01 6.311336679791678117e-01
1.586161711134207010e+09 3.508381729941154048e-01 -7.554912121190662244e-01 -5.533042607143535685e-01 -3.412739311043285761e-01 4.470732452372958576e-01 -8.268359072653442832e-01 8.720347931359778704e-01 4.789139191435345944e-01 -1.009790953421470794e-01 2.161563348052371325e-01 -4.644158632458302294e-01 6.230310843274040611e-01
1.586161711134232044e+09 3.689844025964718610e-01 -7.413837961696346790e-01 -5.605359734774970626e-01 -3.288641795722785921e-01 4.599353944294274910e-01 -8.248077258101557119e-01 8.693094168171168201e-01 4.886813889240843034e-01 -7.410558715463207158e-02 2.116340320617557391e-01 -4.691333717617706678e-01 6.148467042977446839e-01
1.586161711134257078e+09 3.871365750063531785e-01 -7.269750373247002573e-01 -5.671265886431869907e-01 -3.166184252285286771e-01 4.728684796360543841e-01 -8.222822958081983380e-01 8.659549903138156202e-01 4.978982790078541054e-01 -4.710900789452718285e-02 2.073998826768593540e-01 -4.740075396248707440e-01 6.066002109947151721e-01
1.586161711134280920e+09 4.052726546338289992e-01 -7.122818272590693001e-01 -5.730695194413729654e-01 -3.045373563201739797e-01 4.858662345715195063e-01 -8.192624737890346065e-01 8.619809012902553969e-01 5.065457539491466932e-01 -2.000812598432741285e-02 2.034426279539049975e-01 -4.790385136523146459e-01 5.983104811711871251e-01
1.586161711134305954e+09 4.233759813188647803e-01 -6.973179268326814562e-01 -5.783601710994910050e-01 -2.926298050348473678e-01 4.989185835760769350e-01 -8.157499889332724408e-01 8.573917283572306536e-01 5.146143760975692150e-01 7.174135897913093592e-03 1.997493366994956832e-01 -4.842259138435260901e-01 5.899953946348533984e-01
1.586161711134329081e+09 4.414364709928962904e-01 -6.820930651887242568e-01 -5.829947621178300787e-01 -2.809139783356597864e-01 5.120100662444304618e-01 -8.117468996815367932e-01 8.521861176347793609e-01 5.221060646198990574e-01 3.441044016427582952e-02 1.963055402805390093e-01 -4.895687297833458684e-01 5.816716473301449808e-01
1.586161711134351969e+09 4.594515494424198376e-01 -6.666121851914513785e-01 -5.869688819946151659e-01 -2.694182845396413395e-01 5.251183819017586352e-01 -8.072573773375449901e-01 8.463557537629244898e-01 5.290358019875195383e-01 6.166894275489726018e-02 1.930954025748275460e-01 -4.950652267602863588e-01 5.733545732032512277e-01
1.586161711134373903e+09 4.774267119775595924e-01 -6.508749062466731017e-01 -5.902758603140156879e-01 -2.581817546906743366e-01 5.382131042581763669e-01 -8.022897458343323240e-01 8.398844661573685588e-01 5.354330126806108314e-01 8.891328726354397194e-02 1.901019255717044387e-01 -5.007128665463791428e-01 5.650579808037702323e-01
1.586161711134397984e+09 4.954177074656613833e-01 -6.348496337206297468e-01 -5.928973248843524280e-01 -2.473102873455124695e-01 5.512157222069338225e-01 -7.968681507541032216e-01 8.327057806693410891e-01 5.414122000891707920e-01 1.160771840077098743e-01 1.873101757049254190e-01 -5.065089157146386301e-01 5.567934704198790330e-01
1.586161711134419918e+09 5.134493271099120904e-01 -6.185217207424060781e-01 -5.948114572038791792e-01 -2.368700796588677215e-01 5.640693227992839009e-01 -7.910236183328880344e-01 8.247801853285239293e-01 5.470435817180996363e-01 1.431117248976176703e-01 1.847071923506789226e-01 -5.124505784653635709e-01 5.485708609448221029e-01
1.586161711134442091e+09 5.315518846160759425e-01 -6.018726999431501801e-01 -5.959881267147956185e-01 -2.269364173157790987e-01 5.767050664830870588e-01 -7.848000567723680820e-01 8.160591012388999088e-01 5.524133593712446944e-01 1.699618306739134610e-01 1.822793012644674804e-01 -5.185344790196209086e-01 5.403988548211915433e-01
1.586161711134470940e+09 5.497590285386441122e-01 -5.848817098193795916e-01 -5.963877901330442155e-01 -2.175926684330286853e-01 5.890411906635083517e-01 -7.782569669891853392e-01 8.064852394447770134e-01 5.576234047096060298e-01 1.965647407101808741e-01 1.800123046190686693e-01 -5.247566636381335581e-01 5.322849574870962552e-01
1.586161711134483099e+09 5.681047632325203489e-01 -5.675274817975894948e-01 -5.959610184884404083e-01 -2.089289583784708915e-01 6.009820091152053845e-01 -7.714721740879795231e-01 7.959935104014139728e-01 5.627905315365636651e-01 2.228478162879753144e-01 1.778916918461768693e-01 -5.311126252191269437e-01 5.242354271272681165e-01
1.586161711134493113e+09 5.866196215105727862e-01 -5.497909469184263376e-01 -5.946489170141511238e-01 -2.010403756990905844e-01 6.124169669256914750e-01 -7.645444567071297826e-01 7.845127068793198433e-01 5.680452214165910840e-01 2.487256307326435878e-01 1.759028652645060198e-01 -5.375973535490536914e-01 5.162552609334762899e-01
1.586161711134502888e+09 6.053259655792349037e-01 -5.316585065170307267e-01 -5.923847634809809026e-01 -1.940244612756789055e-01 6.232199295725365795e-01 -7.575958210890424427e-01 7.719682532847491618e-01 5.735295564318694250e-01 2.740964502364987010e-01 1.740313720453771917e-01 -5.442054130772676634e-01 5.083482230830667081e-01
1.586161711134512901e+09 6.242326135570970269e-01 -5.131259048622346386e-01 -5.890971482631361944e-01 -1.879778314817188989e-01 6.332488527800677058e-01 -7.507730853230247803e-01 7.582862119938369450e-01 5.793942496126377462e-01 2.988382914362535114e-01 1.722631320557514167e-01 -5.509310486511383997e-01 5.005169180429059894e-01
1.586161711134521961e+09 6.433291708168641376e-01 -4.942025642789596440e-01 -5.847148053512560839e-01 -1.829918372039856800e-01 6.423460009958377182e-01 -7.442483475578971497e-01 7.433986586947450848e-01 5.857947086988343210e-01 3.228048849134638187e-01 1.705846501940777582e-01 -5.577683186183517439e-01 4.927629111302877507e-01
1.586161711134531021e+09 6.625806389281809761e-01 -4.749161705328902583e-01 -5.791731416810249611e-01 -1.791472813406428388e-01 6.503388602428152865e-01 -7.382178667355782098e-01 7.272504030672780617e-01 5.928861594788659151e-01 3.458219966248172739e-01 1.689832010597122625e-01 -5.647112531462069596e-01 4.850868961500146015e-01
1.586161711134540081e+09 6.819230067730206457e-01 -4.553172629794384751e-01 -5.724222244351857558e-01 -1.765083786166042334e-01 6.570418484788849156e-01 -7.328989029510707409e-01 7.098068789232747644e-01 6.008179421917485552e-01 3.676846409443351726e-01 1.674469736336084702e-01 -5.717540338172520942e-01 4.774889075424808560e-01
1.586161711134550095e+09 7.012604840640048742e-01 -4.354835970959012870e-01 -5.644357982193393131e-01 -1.751161693220354976e-01 6.622590981535326771e-01 -7.285239971861882102e-01 6.910629935009473535e-01 6.097269256430173368e-01 3.881559163172918492e-01 1.659651642036086006e-01 -5.788911885514824718e-01 4.699685718931813083e-01
1.586161711134557962e+09 7.204650622330510679e-01 -4.155240085514557702e-01 -5.552205801117479078e-01 -1.749818731034023522e-01 6.657885169008597170e-01 -7.253323342919946182e-01 6.710524856075138489e-01 6.197301423702918921e-01 4.069681958216976869e-01 1.645280075579771961e-01 -5.861177945245237275e-01 4.625253916554365463e-01
1.586161711134567976e+09 7.393789205348185734e-01 -3.955814486069053060e-01 -5.448248613523424266e-01 -1.760807568818097968e-01 6.674275220827946553e-01 -7.235579245254971648e-01 6.498571990652631802e-01 6.309166510461291510e-01 4.238275598264938382e-01 1.631267386482065929e-01 -5.934296800122164095e-01 4.551590519115392142e-01
1.586161711134577036e+09 7.578200523951690304e-01 -3.758346998536938877e-01 -5.333451478493428377e-01 -1.783473192448705724e-01 6.669808269105558240e-01 -7.234146878334547504e-01 6.276153297658563224e-01 6.433388338990960742e-01 4.384223338892978550e-01 1.617534797961336368e-01 -6.008236143584805289e-01 4.478697391748417411e-01
1.586161711134587049e+09 7.755912236935894599e-01 -3.564981257127630698e-01 -5.209293044680224360e-01 -1.816728326500922086e-01 6.642703832730968427e-01 -7.250791957465060333e-01 6.045272829710484075e-01 6.570037629666329870e-01 4.504362549840085217e-01 1.604010521481079032e-01 -6.082974737692938838e-01 4.406584598064373082e-01
1.586161711134596109e+09 7.924919103263002862e-01 -3.378186663762372532e-01 -5.077746752999028335e-01 -1.859062439430274882e-01 6.591473231719473524e-01 -7.286725431492168115e-01 5.808575047110420275e-01 6.718655782856323144e-01 4.595663218170658593e-01 1.590627144792080561e-01 -6.158503701062860713e-01 4.335273452812424821e-01
1.586161711134604931e+09 8.083322970354219761e-01 -3.200693017339770741e-01 -4.941199650062041981e-01 -1.908592189919881832e-01 6.515051471457150578e-01 -7.342436939393514050e-01 5.569305668956757716e-01 6.878202422224268808e-01 4.655444750601552273e-01 1.577318370101764289e-01 -6.234827295795717372e-01 4.264799316281630004e-01
1.586161711134613991e+09 8.229477815100058047e-01 -3.035385220647360272e-01 -4.802304808019636218e-01 -1.963155714730640544e-01 6.412926377019310120e-01 -7.417573387219028591e-01 5.331201980334794310e-01 7.047042775029735973e-01 4.681610149622114081e-01 1.564015225808457754e-01 -6.311963080789068092e-01 4.195214005031212556e-01
1.586161711134623051e+09 8.362119287166709380e-01 -2.885160034471921375e-01 -4.663776647606257542e-01 -2.020444203719644616e-01 6.285243554075752304e-01 -7.510893336863095904e-01 5.098310138796759983e-01 7.222988652150565958e-01 4.672865146868198094e-01 1.550641923369739661e-01 -6.389941315795718557e-01 4.126587711502012201e-01
1.586161711134632111e+09 8.480458190224242632e-01 -2.752754008211237280e-01 -4.528153516634840225e-01 -2.078153913985968382e-01 6.132865424910236563e-01 -7.620317448889837308e-01 4.874741553973302444e-01 7.403398346543176300e-01 4.628886229498079818e-01 1.537111572272562565e-01 -6.468803524472560573e-01 4.059010347257770435e-01
1.586161711134643078e+09 8.584223387141410866e-01 -2.640558549518380316e-01 -4.397562893500986392e-01 -2.134135331847514250e-01 5.957366714829924748e-01 -7.743077440044504600e-01 4.664394413993634414e-01 7.585330078425016609e-01 4.550405737218928270e-01 1.523321998107970698e-01 -6.548600158632179591e-01 3.992592252302195055e-01
1.586161711134651899e+09 8.673649430278463912e-01 -2.550444155849989625e-01 -4.273527838285094971e-01 -2.186516259853214239e-01 5.760956772169951723e-01 -7.875945895364965255e-01 4.470676931987618286e-01 7.765733172326694245e-01 4.439193179766766639e-01 1.509151926934055588e-01 -6.629387351242432835e-01 3.927464246733022857e-01
1.586161711134661913e+09 8.749414969657356433e-01 -2.483618188520529679e-01 -4.156847170448142448e-01 -2.233781958289797476e-01 5.546331748482691282e-01 -8.015511358030845690e-01 4.296272323263616855e-01 7.941652526755552666e-01 4.297929651577069854e-01 1.494457797912668029e-01 -6.711222801642136027e-01 3.863777041216708286e-01
1.586161711134671926e+09 8.812547525633823708e-01 -2.440534780491561140e-01 -4.047566689967337927e-01 -2.274806379169821147e-01 5.316474939900343033e-01 -8.158452683127450644e-01 4.142977440167542325e-01 8.110418252130940919e-01 4.129994397942119977e-01 1.479071445928963058e-01 -6.794160890046868628e-01 3.801700055298821157e-01
1.586161711134680986e+09 8.864314382618390109e-01 -2.420865672954431169e-01 -3.945039915601947778e-01 -2.308840744036420034e-01 5.074433605558285043e-01 -8.301769572421753285e-01 4.011631210457075047e-01 8.269796430488504102e-01 3.939198148206748962e-01 1.462798863436164387e-01 -6.878247162621997646e-01 3.741419707426367203e-01
1.586161711134691000e+09 8.906117439897967003e-01 -2.423530359744278384e-01 -3.848060908850071682e-01 -2.335474463411430779e-01 4.823103244817887880e-01 -8.442939899863660669e-01 3.902131622762913254e-01 8.418086226107902581e-01 3.729503064714556060e-01 1.445420207698495940e-01 -6.963512370575127841e-01 3.683137247341204956e-01
1.586161711134700060e+09 8.939403837931371166e-01 -2.446775803578707942e-01 -3.755042903280420008e-01 -2.354586150679118806e-01 4.565046246490930271e-01 -8.579992823922331091e-01 3.813526334669909978e-01 8.554159278322015503e-01 3.504764750613891255e-01 1.426691167255293990e-01 -7.049966285488115103e-01 3.627066201726474870e-01
1.586161711134710073e+09 8.965597502031636967e-01 -2.488290554886729011e-01 -3.664214999437473974e-01 -2.366299820680734800e-01 4.302363414958861876e-01 -8.711503557733267789e-01 3.744153657901230225e-01 8.677446582035216460e-01 3.268521718333742831e-01 1.406345744171768886e-01 -7.137591544264568766e-01 3.573429495080291951e-01
1.586161711134718895e+09 8.986050932697416949e-01 -2.545337828342867370e-01 -3.573813648002887033e-01 -2.370955240353669613e-01 4.036626455000053570e-01 -8.836527493487625895e-01 3.691809841653437840e-01 8.787883830928232554e-01 3.023844884985031900e-01 1.384100438971083979e-01 -7.226337806529750107e-01 3.522456307556737776e-01
1.586161711134727955e+09 9.002012650318373943e-01 -2.614896669722783784e-01 -3.482252671225577467e-01 -2.369093860730149825e-01 3.768870477668754826e-01 -8.954496615317755204e-01 3.653924266626386030e-01 8.885827522083309393e-01 2.773248406258411736e-01 1.359659755478991039e-01 -7.316116519939851459e-01 3.474378723127409252e-01
1.586161711134737015e+09 9.014605210344583952e-01 -2.693803400878732046e-01 -3.388261524014857806e-01 -2.361455815973909078e-01 3.499639266994386544e-01 -9.065100741979844612e-01 3.627729228384693472e-01 8.971953425024012940e-01 2.518656865472648221e-01 1.332722876663492151e-01 -7.406796586605859378e-01 3.429428210508840280e-01
1.586161711134747028e+09 9.024809808623553975e-01 -2.778888255841351906e-01 -3.290985869887031456e-01 -2.348979975015442201e-01 3.229071594901080089e-01 -9.168172650212744745e-01 3.610415629641220425e-01 9.047147435435972662e-01 2.261420412925452539e-01 1.302991322996870649e-01 -7.498201203069776444e-01 3.387831944798671002e-01
1.586161711134756088e+09 9.033455172214704954e-01 -2.867104067237653542e-01 -3.190047324930103678e-01 -2.332798025959078869e-01 2.957014262417522188e-01 -9.263591099248191796e-01 3.599269515504753270e-01 9.112397101802958144e-01 2.002368106787674185e-01 1.270177357011836317e-01 -7.590106130332431311e-01 3.349808971527601376e-01
1.586161711134764910e+09 9.041210049249852609e-01 -2.955644549097142804e-01 -3.085560915103254809e-01 -2.314214724994192729e-01 2.683146612246268270e-01 -9.351210322516597673e-01 3.591786613302671571e-01 9.168690723191561531e-01 1.741889597026732295e-01 1.234012850791255667e-01 -7.682239625809226258e-01 3.315566220235675043e-01
1.586161711134773970e+09 9.048579804120387982e-01 -3.042049199231973700e-01 -2.978110174925326925e-01 -2.294669175568097297e-01 2.407101779452447410e-01 -9.430819393360474479e-01 3.585763088474014371e-01 9.216929950545806882e-01 1.480035601375254140e-01 1.194258284813250748e-01 -7.774284232337923539e-01 3.285294394924782591e-01
1.586161711134783983e+09 9.055908435675366075e-01 -3.124289553906590688e-01 -2.868682137165242674e-01 -2.275676482059525996e-01 2.128571464651778655e-01 -9.502130292781766352e-01 3.579360135153989431e-01 9.257861433570588883e-01 1.216627601588099877e-01 1.150711492568262384e-01 -7.865880563674673143e-01 3.259163809677461110e-01
1.586161711134793043e+09 9.063387370957707301e-01 -3.200829446762028518e-01 -2.758568511525942846e-01 -2.258754517902686332e-01 1.847383781699608041e-01 -9.564789659114150133e-01 3.571139512151386697e-01 9.292032287683591463e-01 9.513666857032891666e-02 1.103215693746223830e-01 -7.956633135896643561e-01 3.237320315367626100e-01
1.586161711134802103e+09 9.071071429735204639e-01 -3.270653062010251966e-01 -2.649243605386586431e-01 -2.245344225507781566e-01 1.563548399952610080e-01 -9.618406611394321182e-01 3.560069163516232371e-01 9.319771722956033955e-01 6.839317248375156866e-02 1.051666337372033633e-01 -8.046118164898614644e-01 3.219881509330643210e-01
1.586161711134810925e+09 9.078901205876683811e-01 -3.333257146101076818e-01 -2.542233212743088000e-01 -2.236734046292555567e-01 1.277268566889641355e-01 -9.662587947662929500e-01 3.545500489840250902e-01 9.341198093638981570e-01 4.140585383822625865e-02 9.960162916036148506e-02 -8.133893097725614085e-01 3.206933455923872134e-01
1.586161711134824038e+09 9.086729952109281472e-01 -3.388608002963430788e-01 -2.438990487019024878e-01 -2.233998995652761166e-01 9.889247129176143014e-02 -9.696972539495652965e-01 3.527121671875084186e-01 9.356247310359895319e-01 1.415944929775720881e-02 9.362789711582492069e-02 -8.219507478780770926e-01 3.198528170910382995e-01
1.586161711134839058e+09 9.094352182784409822e-01 -3.437069037806257943e-01 -2.340793630569571737e-01 -2.237962369430248899e-01 6.990381615179655506e-02 -9.721258669220013138e-01 3.504894125623636558e-01 9.364715804330766558e-01 -1.334731941467652214e-02 8.725291191987694095e-02 -8.302514602592205861e-01 3.194682096926159121e-01
1.586161711134854078e+09 9.101530921453167000e-01 -3.479309233354750952e-01 -2.248675645930580669e-01 -2.249183428651204408e-01 4.082251826612133538e-02 -9.735220908466923895e-01 3.478981002166715020e-01 9.366309811038086020e-01 -4.110130551260207654e-02 8.049011483335957728e-02 -8.382483314977370314e-01 3.195375717369633439e-01
1.586161711134866953e+09 9.108020790485443774e-01 -3.516204678044132503e-01 -2.163391309556028652e-01 -2.267970916247306346e-01 1.171509376424630794e-02 -9.738715706549573303e-01 3.449676104573562996e-01 9.360693368387676960e-01 -6.907636772633418687e-02 7.335851493034553639e-02 -8.459009314140857327e-01 3.200554351108087503e-01
1.586161711134877920e+09 9.113585170593281326e-01 -3.548746010042420629e-01 -2.085417730486462395e-01 -2.294415819173811488e-01 -1.735093986112298120e-02 -9.731677685242563491e-01 3.417341278011507000e-01 9.347528885301515933e-01 -9.723591668317428660e-02 6.588208465436193317e-02 -8.531725357746914318e-01 3.210130078130812303e-01
1.586161711134891033e+09 9.118006839482417636e-01 -3.577960736093603322e-01 -2.014980958272669653e-01 -2.328435909356307565e-01 -4.630985994902822589e-02 -9.714109631628610186e-01 3.382356798820209676e-01 9.326507206589741417e-01 -1.255358845977340987e-01 5.808899021890969600e-02 -8.600309878833368726e-01 3.223984676361901780e-01
1.586161711134908915e+09 9.121092721901769007e-01 -3.604855237263596690e-01 -1.952097920935540465e-01 -2.369823576067237869e-01 -7.509938802406013192e-02 -9.686069607549110394e-01 3.345086516096271723e-01 9.297366666233529697e-01 -1.539275574648591161e-01 5.001070456881968190e-02 -8.664493633770991021e-01 3.241973400896512314e-01
1.586161711134922028e+09 9.122673874746370926e-01 -3.630376796370283210e-01 -1.896624819903328374e-01 -2.418291474460422807e-01 -1.036613450501762401e-01 -9.647657691425436388e-01 3.305856582339000149e-01 9.259902639150372483e-01 -1.823599570007380655e-01 4.168105508186017993e-02 -8.724064155093320672e-01 3.263929389703875139e-01
1.586161711134932995e+09 9.122602271394090190e-01 -3.655393232976783535e-01 -1.848304121712650017e-01 -2.473511595982890166e-01 -1.319415744961737746e-01 -9.599004245681672653e-01 3.264945360333795787e-01 9.213969959792601694e-01 -2.107816262235299720e-01 3.313525812302071938e-02 -8.778867937261453092e-01 3.289668453528690195e-01
1.586161711134946108e+09 9.120746046111477545e-01 -3.680685871385068197e-01 -1.806804664208401801e-01 -2.535145174803796198e-01 -1.598894289640998001e-01 -9.540260794409761713e-01 3.222581345527570917e-01 9.159480803093894563e-01 -2.391418179758903750e-01 2.440898848063240145e-02 -8.828810428887164941e-01 3.318994003067594623e-01
1.586161711134958029e+09 9.116984696335030947e-01 -3.706950887017244622e-01 -1.771752009766590363e-01 -2.602862532733667411e-01 -1.874570935655089643e-01 -9.471593871942464160e-01 3.178945848246785277e-01 9.096400328908520461e-01 -2.673911810702949143e-01 1.553752476977560831e-02 -8.873854039059808629e-01 3.351701874567852291e-01
1.586161711134968042e+09 9.111205383035186900e-01 -3.734804412180121602e-01 -1.742748543820242524e-01 -2.676353361168258838e-01 -2.145989626977858888e-01 -9.393181635590592826e-01 3.134177591968166920e-01 9.024741799011979371e-01 -2.954820858265334027e-01 6.555001844506006328e-03 -8.914014445014140087e-01 3.387584857946240868e-01
1.586161711134977102e+09 9.103300761995496426e-01 -3.764788125179567846e-01 -1.719385246312232773e-01 -2.755329617348546423e-01 -2.412711890779539736e-01 -9.305212521161593253e-01 3.088377237350637960e-01 8.944562131241035052e-01 -3.233687421729644629e-01 -2.506208583713599378e-03 -8.949355558621090445e-01 3.426436766001395573e-01
1.586161711134985924e+09 9.093168383460521476e-01 -3.797373486071167203e-01 -1.701247593207630693e-01 -2.839523313719852227e-01 -2.674314545701552137e-01 -9.207885158581209373e-01 3.041610777983738134e-01 8.855958239109255059e-01 -3.510072301773186076e-01 -1.161597847637572956e-02 -8.979983516675689170e-01 3.468055943657299967e-01
1.586161711134994030e+09 9.080711396117617795e-01 -3.832964032981317493e-01 -1.687918030701817673e-01 -2.928681333031276646e-01 -2.930389588330412631e-01 -9.101408821841177055e-01 2.993911524069314822e-01 8.759064082268652740e-01 -3.783555234171349091e-01 -2.074676327219624611e-02 -9.006040035634758079e-01 3.512248174130349621e-01
1.586161711135004997e+09 9.065840254903295703e-01 -3.871895861031720010e-01 -1.678976750874612012e-01 -3.022558727139610935e-01 -3.180546020307365995e-01 -8.986003883029914929e-01 2.945280841900811963e-01 8.654048154982668661e-01 -4.053735476673628324e-01 -2.987380573931391892e-02 -9.027695464222489363e-01 3.558828969597715441e-01
1.586161711135013103e+09 9.048474738164544728e-01 -3.914437375300924282e-01 -1.674002677334297251e-01 -3.120912370096233790e-01 -3.424412797493192606e-01 -8.861901771215630053e-01 2.895688331849327612e-01 8.541110995758522950e-01 -4.320232871523683738e-01 -3.897521469477401024e-02 -9.045141870050856792e-01 3.607625249575946436e-01
1.586161711135023117e+09 9.028545990398967325e-01 -3.960789068793334478e-01 -1.672575041023594000e-01 -3.223495425936361292e-01 -3.661642423125595625e-01 -8.729344307349999887e-01 2.845071978454407624e-01 8.420482452466190315e-01 -4.582689246107763958e-01 -4.803193479569424496e-02 -9.058586446813801096e-01 3.658476443963772362e-01
1.586161711135035038e+09 9.005998830029919855e-01 -4.011083272054182247e-01 -1.674274790535876800e-01 -3.330051907932581878e-01 -3.891915309990068295e-01 -8.588582510663156366e-01 2.793338394912108225e-01 8.292418598880707536e-01 -4.840770022807983075e-01 -5.702762698574197903e-02 -9.068245466306211755e-01 3.711235083620519903e-01
1.586161711135045052e+09 8.980793658830216186e-01 -4.065385094053857729e-01 -1.678686781575647047e-01 -3.440312628049656540e-01 -4.114943917588202438e-01 -8.439874738911442575e-01 2.740363899825908889e-01 8.157198085535486420e-01 -5.094165791485035788e-01 -6.594848097613331683e-02 -9.074338950077266430e-01 3.765766949329342750e-01
1.586161711135054111e+09 8.952907618117929012e-01 -4.123695253647980952e-01 -1.685402816113756308e-01 -3.553992984996843241e-01 -4.330475949105003775e-01 -8.283484287963966963e-01 2.685996848262411363e-01 8.015117935735802668e-01 -5.342593511454887256e-01 -7.478298106996129901e-02 -9.077086159891809558e-01 3.821950863055028624e-01
1.586161711135066986e+09 8.922335262040742565e-01 -4.185954388666427439e-01 -1.694024599533826558e-01 -3.670791804582720363e-01 -4.538296699274543267e-01 -8.119676756428896303e-01 2.630061030501249508e-01 7.866488984282031804e-01 -5.585797172944733102e-01 -8.352164465722036746e-02 -9.076701932540786055e-01 3.879678211464930859e-01
1.586161711135077000e+09 8.889088975168351059e-01 -4.252048367162205578e-01 -1.704166039718786607e-01 -3.790390710827583054e-01 -4.738230677857182549e-01 -7.948717401871485677e-01 2.572359904057053837e-01 7.711631133631168256e-01 -5.823547870849802299e-01 -9.215674961520903263e-02 -9.073393829966593938e-01 3.938852286938643310e-01
1.586161711135087013e+09 8.853199303823590105e-01 -4.321814160662293958e-01 -1.715454593847794418e-01 -3.912453721104313664e-01 -4.930142629623144312e-01 -7.770868649251456706e-01 2.512681434716387829e-01 7.550868561081728325e-01 -6.055643318605247183e-01 -1.006820636508606454e-01 -9.067360046410344321e-01 3.999387516597366354e-01
1.586161711135096073e+09 8.814715291476448167e-01 -4.395045952110669951e-01 -1.727531598878589147e-01 -4.036626955298317498e-01 -5.113938018828971810e-01 -7.586387862182120134e-01 2.450803374311360250e-01 7.384524970021850709e-01 -6.281906860886832256e-01 -1.090925849997172459e-01 -9.058787983964609047e-01 4.061208640204729270e-01
1.586161711135111094e+09 8.773704805479354274e-01 -4.471501316575817175e-01 -1.740051717118295815e-01 -4.162538544362613946e-01 -5.289562940080672071e-01 -7.395525458123326512e-01 2.386498874662735525e-01 7.212918957901897077e-01 -6.502186036191377472e-01 -1.173843012430136612e-01 -9.047853407763543077e-01 4.124249878549894333e-01
1.586161711135121107e+09 8.730254852636085694e-01 -4.550907310483030543e-01 -1.752681624110121184e-01 -4.289798786995572821e-01 -5.457003455850227835e-01 -7.198523437626602739e-01 2.319542325778709835e-01 7.036359566474732485e-01 -6.716350755542017659e-01 -1.255539714981920019e-01 -9.034720105642702892e-01 4.188454112696882725e-01
1.586161711135129929e+09 8.684471054187639094e-01 -4.632967459888879258e-01 -1.765099158876045349e-01 -4.418002003471869776e-01 -5.616283212675262648e-01 -6.995614426515379680e-01 2.249715722588865319e-01 6.855142260022210055e-01 -6.924290850597140112e-01 -1.335989354423605391e-01 -9.019539973516410569e-01 4.253772085853345097e-01
1.586161711135142088e+09 8.636475500574637421e-01 -4.717370381015468239e-01 -1.776993987713279821e-01 -4.546731261727150475e-01 -5.767458282638524558e-01 -6.787021425027832677e-01 2.176815515376066823e-01 6.669545836177782627e-01 -7.125912753634501273e-01 -1.415169500942125291e-01 -9.002453432919844678e-01 4.320161641076915582e-01
1.586161711135150909e+09 8.586403894120356872e-01 -4.803798368642906436e-01 -1.788068627468088201e-01 -4.675564178703537355e-01 -5.910610669586052746e-01 -6.572958326014957109e-01 2.100658897689581806e-01 6.479830457701996060e-01 -7.321135803703160416e-01 -1.493060530067107650e-01 -8.983590083773012047e-01 4.387587008379921216e-01
1.586161711135163069e+09 8.534400644074906506e-01 -4.891937379753333315e-01 -1.798041805705029028e-01 -4.804081883320313606e-01 -6.045838808800875208e-01 -6.353631275772956277e-01 2.021089540708118915e-01 6.286237490356689772e-01 -7.509887835683264345e-01 -1.569644500624674810e-01 -8.963069518285811110e-01 4.456018144282676285e-01
1.586161711135174990e+09 8.480611186374820143e-01 -4.981488781564656354e-01 -1.806655318746999417e-01 -4.931881959269963089e-01 -6.173244374590294292e-01 -6.129240920664340564e-01 1.937982010330046578e-01 6.088991987625638203e-01 -7.692099994379757444e-01 -1.644904264595859755e-01 -8.941002245419030769e-01 4.525430116668764380e-01
1.586161711135185003e+09 8.425171976702299226e-01 -5.072181704849938466e-01 -1.813684077245243942e-01 -5.058594132133045207e-01 -6.292916517383498887e-01 -5.899985351144573231e-01 1.851243527078004214e-01 5.888308286163694838e-01 -7.867701249527522256e-01 -1.718822786515093737e-01 -8.917490676077232115e-01 4.595802531290860693e-01
1.586161711135195971e+09 8.368199748415651174e-01 -5.163783758408189151e-01 -1.818947575685757045e-01 -5.183895698702503108e-01 -6.404916275014737037e-01 -5.666063265368161961e-01 1.760811853380289949e-01 5.684398369324045186e-01 -8.036613516717771022e-01 -1.791382633137417191e-01 -8.892630113363094724e-01 4.667119006211740695e-01
1.586161711135205984e+09 8.309781549901251729e-01 -5.256108482017306516e-01 -1.822321111731838861e-01 -5.307524078940473178e-01 -6.509263599830982239e-01 -5.427676811630549603e-01 1.666648964841076219e-01 5.477482179610811963e-01 -8.198748088660203770e-01 -1.862565595148968356e-01 -8.866509709146555007e-01 4.739366697651389293e-01
1.586161711135217905e+09 8.249965814824342658e-01 -5.349019711758927764e-01 -1.823746745993330420e-01 -5.429286077475088401e-01 -6.605927420988479959e-01 -5.185033811818120508e-01 1.568730942827150365e-01 5.267799450118957338e-01 -8.354003363873649946e-01 -1.932352408663756127e-01 -8.839213364959136454e-01 4.812535876743791463e-01
1.586161711135226965e+09 8.188754027564094651e-01 -5.442433781227427048e-01 -1.823244917471169013e-01 -5.549064507968820559e-01 -6.694818065976470001e-01 -4.938349337785379878e-01 1.467034624836536238e-01 5.055623167851136524e-01 -8.502263452486448214e-01 -2.000722568784527311e-01 -8.810820581163829601e-01 4.886619542616110756e-01
1.586161711135241985e+09 8.126093774497343825e-01 -5.536319105864877521e-01 -1.820925792608839577e-01 -5.666820859978622948e-01 -6.775782989049249361e-01 -4.687846654739404317e-01 1.361521699127946350e-01 4.841274177144823665e-01 -8.643397655192295304e-01 -2.067654224658496409e-01 -8.781407253034092530e-01 4.961613062909754901e-01
1.586161711135251999e+09 8.061874246102768149e-01 -5.630692564229448083e-01 -1.816998872656017949e-01 -5.782592441865155308e-01 -6.848606973709335799e-01 -4.433757684298196833e-01 1.252121527531993850e-01 4.625136082516393965e-01 -8.777260843780652078e-01 -2.133124143298744946e-01 -8.751046410235627793e-01 5.037513836908440457e-01
1.586161711135262012e+09 7.995925698728155728e-01 -5.725611861573891570e-01 -1.811778421082481105e-01 -5.896482069927818648e-01 -6.913018409708074907e-01 -4.176323227216311440e-01 1.138714822958706296e-01 4.407668918227342081e-01 -8.903694922925871058e-01 -2.197107738875645477e-01 -8.719808902466507083e-01 5.114320972783160668e-01
1.586161711135271072e+09 7.928021205839512753e-01 -5.821166010797759194e-01 -1.805687140832823445e-01 -6.008643347228102005e-01 -6.968698994837696503e-01 -3.915793594827109980e-01 1.021119441760983959e-01 4.189422467263000383e-01 -9.022530382199824839e-01 -2.259579168961293738e-01 -8.687764034391491919e-01 5.192034970036016883e-01
1.586161711135282993e+09 7.857881305099989611e-01 -5.917463674472783763e-01 -1.799256811111814847e-01 -6.119261111087573868e-01 -7.015297463100143016e-01 -3.652430011743065252e-01 8.990800177096264223e-02 3.971048372999526066e-01 -9.133588011418199981e-01 -2.320511504539013170e-01 -8.654980152530635795e-01 5.270657397416120826e-01
1.586161711135299921e+09 7.785182154349279404e-01 -6.014619209567563241e-01 -1.793124257707613689e-01 -6.228526952656884275e-01 -7.052447964420630599e-01 -3.386507011847981752e-01 7.722634607184107602e-02 3.753309671247857526e-01 -9.236680988332643949e-01 -2.379876982959867049e-01 -8.621525183750915478e-01 5.350190557493066379e-01
1.586161711135317087e+09 7.709567778410139072e-01 -6.112736453737614983e-01 -1.788020618819751717e-01 -6.336610180045855190e-01 -7.079793656778777811e-01 -3.118315769081718702e-01 6.402625442338365225e-02 3.537085642146099995e-01 -9.331617708406421130e-01 -2.437647348506389589e-01 -8.587467119248970437e-01 5.430637133697813201e-01
1.586161711135335922e+09 7.630665812157249039e-01 -6.211891337773458588e-01 -1.784753564766505540e-01 -6.443626591658475622e-01 -7.097014530555402212e-01 -2.848168030943180051e-01 5.026088339160435930e-02 3.323370394060707889e-01 -9.418205434434923085e-01 -2.493794276947719768e-01 -8.552874433034414192e-01 5.511999821726026871e-01
1.586161711135353088e+09 7.548106247812287339e-01 -6.312114394523141714e-01 -1.784181593411385824e-01 -6.549607450808655473e-01 -7.103858541095732226e-01 -2.576399833205720302e-01 3.587956823951977264e-02 3.113262872603367870e-01 -9.496255049525216263e-01 -2.548289874365498031e-01 -8.517816422648668562e-01 5.594280951312519123e-01
1.586161711135371923e+09 7.461540693477545227e-01 -6.413375512357556429e-01 -1.787183547694028984e-01 -6.654473517919197167e-01 -7.100172525401687862e-01 -2.303374120930555824e-01 2.083091661861271107e-02 2.907948531598636976e-01 -9.565586372519216951e-01 -2.601107228969333773e-01 -8.482363459226143210e-01 5.677482110880243127e-01
1.586161711135390997e+09 7.370660603661343124e-01 -6.515572356046165359e-01 -1.794625073612524102e-01 -6.758017121988597609e-01 -7.085930464528643613e-01 -2.029481229995318547e-01 5.066433199617068062e-03 2.708672431360451549e-01 -9.626033804549016804e-01 -2.652220987692777698e-01 -8.446587137743029050e-01 5.761603790645568601e-01
1.586161711135409117e+09 7.275212257534022786e-01 -6.618523930982637138e-01 -1.807326090918286166e-01 -6.859895272789736653e-01 -7.061255711649712108e-01 -1.755136648008016609e-01 -1.145577772975502062e-02 2.516705935370716074e-01 -9.677451512242239984e-01 -2.701607923967447866e-01 -8.410560324038456326e-01 5.846645061426165579e-01
1.586161711135432959e+09 7.175007157508146438e-01 -6.721969750672014410e-01 -1.826032578251117755e-01 -6.959634646124475132e-01 -7.026434942705089837e-01 -1.480776019702581825e-01 -2.876767499881113105e-02 2.333309812777181191e-01 -9.719717456098359021e-01 -2.749247455971552401e-01 -8.374357102051940283e-01 5.932603308410056009e-01
1.586161711135452986e+09 7.069927605505853530e-01 -6.825574155736130466e-01 -1.851394370070955919e-01 -7.056647169974908929e-01 -6.981923016019085937e-01 -1.206847856607236591e-01 -4.688863421504546602e-02 2.159696381052074177e-01 -9.752735880822596126e-01 -2.795122085715390781e-01 -8.338052634436335930e-01 6.019474031288176707e-01
1.586161711135471106e+09 6.959927607754621270e-01 -6.928934873125303096e-01 -1.883950433233373689e-01 -7.150253938736506054e-01 -6.928338686215030906e-01 -9.338049543714491141e-02 -6.582372953614591682e-02 1.996993887935416268e-01 -9.776437955401393598e-01 -2.839217732453505061e-01 -8.301722955709276430e-01 6.107250718960494096e-01
1.586161711135489941e+09 6.845029151059124350e-01 -7.031594436978086948e-01 -1.924124635018938656e-01 -7.239714810589261695e-01 -6.866451627029002136e-01 -6.620963276855384994e-02 -8.556315873231527813e-02 1.846218227310056359e-01 -9.790779992686595712e-01 -2.881523945895461680e-01 -8.265444721970399700e-01 6.195924799600837085e-01
1.586161711135508060e+09 6.725315973514777168e-01 -7.133052577869131161e-01 -1.972228686998210023e-01 -7.324259236068582091e-01 -6.797163876700861307e-01 -3.921605643947673192e-02 -1.060825965987259034e-01 1.708251787615837070e-01 -9.795740100740916168e-01 -2.922034003879234176e-01 -8.229294942151494929e-01 6.285485656774295604e-01
1.586161711135525942e+09 6.600926299210502224e-01 -7.232778342422214735e-01 -2.028469733039278688e-01 -7.403115312428960593e-01 -6.721488159382373873e-01 -1.244211649673251929e-02 -1.273442458158888235e-01 1.583829027347111174e-01 -9.791314004726848763e-01 -2.960744912458682099e-01 -8.193350712002501757e-01 6.375920696401786714e-01
1.586161711135545015e+09 6.472045330227598203e-01 -7.330221024718865941e-01 -2.092961774215137405e-01 -7.475535275894190645e-01 -6.640524940928556052e-01 1.407155993370545061e-02 -1.492984130326253933e-01 1.473529182877809651e-01 -9.777510427254506586e-01 -2.997657331566700445e-01 -8.157688966020179011e-01 6.467215448198305738e-01
1.586161711135567904e+09 6.338898461454391953e-01 -7.424819488187213157e-01 -2.165738183457007193e-01 -7.540816219309236512e-01 -6.555440038575489625e-01 4.028606202814877940e-02 -1.718853418159334012e-01 1.377774104672064848e-01 -9.754346798460995505e-01 -3.032775443995581743e-01 -8.122386257536545751e-01 6.559353689280267297e-01
1.586161711135586977e+09 6.201745560183621331e-01 -7.516009781095899234e-01 -2.246764116076867546e-01 -7.598315841957054007e-01 -6.467443766281857354e-01 6.616400290005608475e-02 -1.950371350233865431e-01 1.296830025632917660e-01 -9.721845683926126913e-01 -3.066106781553504801e-01 -8.087518573766402374e-01 6.652317580558831933e-01
1.586161711135601044e+09 6.060876392059005857e-01 -7.603230940600020915e-01 -2.335948766596019910e-01 -7.647463466529865750e-01 -6.377772264167846927e-01 9.166916093386044684e-02 -2.186796725697726096e-01 1.230812831074993285e-01 -9.680032018366885316e-01 -3.097662027489840875e-01 -8.053161187924506859e-01 6.746087805089737710e-01
1.586161711135615110e+09 5.916607314723048017e-01 -7.685929122411934156e-01 -2.433156679028903868e-01 -7.687766781018280371e-01 -6.287671430193445543e-01 1.167660027032858955e-01 -2.427344193828247232e-01 1.179695522540634145e-01 -9.628931335306898376e-01 -3.127454807794963210e-01 -8.019388548195930388e-01 6.840643701595674475e-01
