1.586161712335807085e+09 9.146675235855813435e-01 -2.329868662808245450e-01 -3.303035597838127058e-01 -2.605707511805956389e-01 2.848363965277410093e-01 -9.224809544225103242e-01 3.090084224937346136e-01 9.298308166968524135e-01 1.998210386076704759e-01 1.159324357849246812e-01 -7.816246935803258244e-01 3.072825974522279679e-01
1.586161712335880995e+09 9.153194891048496151e-01 -2.419297709735118151e-01 -3.219630707844287620e-01 -2.610969711516884506e-01 2.521956482508641018e-01 -9.317863097774824466e-01 3.066245338603622028e-01 9.369457514924475205e-01 1.676724614139784297e-01 1.108975619571566928e-01 -7.928602612703685715e-01 3.018394106084730244e-01
1.586161712335905075e+09 9.159296033812207583e-01 -2.509097645627210715e-01 -3.132367345386981583e-01 -2.613830050689717743e-01 2.193226143308658616e-01 -9.399875083926380048e-01 3.045519439367987413e-01 9.428371445824186292e-01 1.353005268337678646e-01 1.053738631944288739e-01 -8.040518637033625682e-01 2.967943133946406298e-01
1.586161712335921049e+09 9.165522608120760806e-01 -2.596090575663793643e-01 -3.041958096320587224e-01 -2.615806777676040196e-01 1.861915452224219281e-01 -9.470524050634302471e-01 3.025020701809286727e-01 9.475947688892761844e-01 1.027455684290925070e-01 9.933079135905542589e-02 -8.151540276901101389e-01 2.921640372871925906e-01
1.586161712335948944e+09 9.172216573206608548e-01 -2.677636953013549648e-01 -2.949695492586759671e-01 -2.618522981357392920e-01 1.527872436387547606e-01 -9.529372658117168937e-01 3.002295880637768644e-01 9.512931524850803955e-01 7.002522980419224885e-02 9.274349728599663722e-02 -8.261165211909298201e-01 2.879631430321323293e-01
1.586161712335959911e+09 9.179528402695537048e-01 -2.751732900415956307e-01 -2.857310687711344666e-01 -2.623620972830997267e-01 1.191143142327556886e-01 -9.575896357444425577e-01 2.975377508804010751e-01 9.539871282650176365e-01 3.714628152707612208e-02 8.559386877779824598e-02 -8.368852682755372197e-01 2.842037390797680918e-01
1.586161712335968971e+09 9.187435532443435360e-01 -2.817063456723412074e-01 -2.766799926940136101e-01 -2.632667869027799368e-01 8.520180729261667141e-02 -9.609533034337445212e-01 2.942802788825812366e-01 9.557103050319426529e-01 4.114686654416496898e-03 7.787137988613095085e-02 -8.474034978661101336e-01 2.808952301661101214e-01
1.586161712335978985e+09 9.195768701431763503e-01 -2.873005194928983652e-01 -2.680238638269997753e-01 -2.647065152032422319e-01 5.110335775841219619e-02 -9.629739913770087867e-01 2.903598473729359086e-01 9.564762718584424173e-01 -2.905685359261339987e-02 6.957369111852644561e-02 -8.576130866165047051e-01 2.780441114185072671e-01
1.586161712335990906e+09 9.204244554814237089e-01 -2.919577779542938401e-01 -2.599605313030048381e-01 -2.667974721532117566e-01 1.689364421291849466e-02 -9.636045423684729272e-01 2.857235217329776589e-01 9.562819986711564857e-01 -6.234427389853743756e-02 6.070694931450928283e-02 -8.674560356252720705e-01 2.756538261307084903e-01
1.586161712336005926e+09 9.212501508111941018e-01 -2.957351544024449663e-01 -2.526635673770774027e-01 -2.696270916712942278e-01 -1.733751078916908467e-02 -9.628087258602444631e-01 2.803558298681630423e-01 9.551126265930834913e-01 -9.571039405341087714e-02 5.128575485296917036e-02 -8.768760037767091564e-01 2.737247035733624267e-01
1.586161712336019039e+09 9.220135156428255208e-01 -2.987325068224511715e-01 -2.462721391841312113e-01 -2.732522621008734998e-01 -5.149191518754575592e-02 -9.605632641128779570e-01 2.742704477381210371e-01 9.529467311141337493e-01 -1.291055750340854846e-01 4.133279080246528292e-02 -8.858198126367495817e-01 2.722539865748039856e-01
1.586161712336034060e+09 9.226917469576180197e-01 -3.011334737872042311e-01 -2.407458644711201190e-01 -2.775691377373618596e-01 -8.548459888689879937e-02 -9.568948518855119323e-01 2.675730071322449111e-01 9.497426044026100467e-01 -1.624612925752453862e-01 3.087188352542667019e-02 -8.942320364225613272e-01 2.712439723576658412e-01
1.586161712336050034e+09 9.232492689703889477e-01 -3.030631685482405024e-01 -2.361429724000694841e-01 -2.825842882552387914e-01 -1.192291062104992028e-01 -9.518038351990593116e-01 2.603015705883654496e-01 9.454824886785536675e-01 -1.957190749515829165e-01 1.994205435759869097e-02 -9.020708477932429803e-01 2.706889142958895378e-01
1.586161712336069107e+09 9.236531446284658164e-01 -3.046524689650324524e-01 -2.324903046801159445e-01 -2.882858995643051703e-01 -1.526434348947542097e-01 -9.452995410620078642e-01 2.524997204045747456e-01 9.401525701874261509e-01 -2.288165997344882574e-01 8.587454321600037840e-03 -9.093011667284905952e-01 2.705804481400802541e-01
1.586161712336086035e+09 9.238737376750650876e-01 -3.060304255573434440e-01 -2.297883714775248720e-01 -2.946487108319779669e-01 -1.856513423411009223e-01 -9.373983767471080197e-01 2.442119045290598589e-01 9.337445892803841740e-01 -2.616898699307267928e-01 -3.143962097367381664e-03 -9.158953226975080630e-01 2.709078540746715502e-01
1.586161712336105108e+09 9.238847691988253397e-01 -3.073191756468003910e-01 -2.280172311931727702e-01 -3.016387910087169333e-01 -2.181825445107523631e-01 -9.281219841517199809e-01 2.354803033716764693e-01 9.262566069067638130e-01 -2.942749143811217438e-01 -1.520181890973439608e-02 -9.218334221900678083e-01 2.716583754196542633e-01
1.586161712336121082e+09 9.236629579269443058e-01 -3.086310925135692940e-01 -2.271422221567908351e-01 -3.092176788156600908e-01 -2.501721672053643930e-01 -9.174956753575129742e-01 2.263430306787633239e-01 9.176931599262316830e-01 -3.265089539908890282e-01 -2.753468389951149037e-02 -9.271034233352865028e-01 2.728175768040029814e-01
1.586161712336148024e+09 9.231874502973447250e-01 -3.100676546292698288e-01 -2.271188705611845438e-01 -3.173455884945962091e-01 -2.815598199746350838e-01 -9.055472630818237612e-01 2.168333677101962065e-01 9.080650404087099448e-01 -3.583310946365765859e-01 -4.009135252237110147e-02 -9.317009371176678822e-01 2.743697233463427421e-01
1.586161712336165905e+09 9.224392282344299199e-01 -3.117194252664287624e-01 -2.278966220123354591e-01 -3.259835556972057735e-01 -3.122886110076282806e-01 -8.923063068733994019e-01 2.069796895981533824e-01 8.973888920801557090e-01 -3.896826719440668052e-01 -5.282199711081363852e-02 -9.356287904497153640e-01 2.762981619203694894e-01
1.586161712336182117e+09 9.214006384125986715e-01 -3.136665662556133993e-01 -2.294213349823094050e-01 -3.350945467769853026e-01 -3.423043369634201083e-01 -8.778037286617506041e-01 1.968057634598869843e-01 8.856867541012912737e-01 -4.205073904546199892e-01 -6.567914317563328108e-02 -9.388963944059399713e-01 2.785856885802117655e-01
1.586161712336215019e+09 9.200550987860651730e-01 -3.159794650509928360e-01 -2.316367696689123901e-01 -3.446437480508965367e-01 -3.715549533389393977e-01 -8.620716930829133151e-01 1.863311632716347921e-01 8.729856210701983921e-01 -4.507513764227281117e-01 -7.861844905567644259e-02 -9.415189678685084163e-01 2.812148881808807510e-01
1.586161712336231947e+09 9.183869891332719915e-01 -3.187192322842387626e-01 -2.344853713169869347e-01 -3.545982725561843685e-01 -3.999903523116929427e-01 -8.451436467215793780e-01 1.755716479706445343e-01 8.593170365521333176e-01 -4.803632245172356208e-01 -9.159927998354092105e-02 -9.435166655166068450e-01 2.841684371124574837e-01
1.586161712336249113e+09 9.163816953466190629e-01 -3.219379831257869751e-01 -2.379086456044701148e-01 -3.649265165471031747e-01 -4.275624180141659458e-01 -8.270544218240952761e-01 1.645394367199123076e-01 8.447167063584545277e-01 -5.092940801848017118e-01 -1.045850795686094348e-01 -9.449136540649685223e-01 2.874293650314799775e-01
1.586161712336263895e+09 9.140257730480561005e-01 -3.256789087941219241e-01 -2.418473377347163944e-01 -3.755973297292188873e-01 -4.542253146278157905e-01 -8.078403368783055871e-01 1.532433763247415259e-01 8.292241025173145985e-01 -5.374977728004204369e-01 -1.175435506226379379e-01 -9.457371783519012975e-01 2.909812735959938501e-01
1.586161712336281061e+09 9.113071488017443489e-01 -3.299762611146211944e-01 -2.462416452236445563e-01 -3.865792222216340446e-01 -4.799358968789480540e-01 -7.875392309400390811e-01 1.416890460631869686e-01 8.128820346551375309e-01 -5.649309801286279686e-01 -1.304466652323477416e-01 -9.460166580397408875e-01 2.948085106192422367e-01
1.586161712336298943e+09 9.082153275156412686e-01 -3.348553419583713553e-01 -2.510315100269189248e-01 -3.978396699592997576e-01 -5.046541833977219449e-01 -7.661904153811673890e-01 1.298788518549056359e-01 7.957361719929761934e-01 -5.915534031440274898e-01 -1.432705306107258381e-01 -9.457828482103666223e-01 2.988963007899825830e-01
1.586161712336318970e+09 9.047416381806445695e-01 -3.403324999787924465e-01 -2.561569007448077917e-01 -4.093444383212269666e-01 -5.283439089952172152e-01 -7.438345549107306942e-01 1.178121353958126311e-01 7.778344962538578100e-01 -6.173279497474987165e-01 -1.559951409488562757e-01 -9.450670884503791225e-01 3.032308363438580567e-01
1.586161712336335897e+09 9.008794410722409385e-01 -3.464152771835320443e-01 -2.615581934981581758e-01 -4.210570887980601418e-01 -5.509730326882767981e-01 -7.205134597349986958e-01 1.054853587815643839e-01 7.592266942492194026e-01 -6.422208858100080242e-01 -1.686040469962823141e-01 -9.439006583633955394e-01 3.077993314898203048e-01
1.586161712336352110e+09 8.966242559430809278e-01 -3.531027891293395116e-01 -2.671766534755501965e-01 -4.329387315412469572e-01 -5.725141177705501683e-01 -6.962698041140207295e-01 9.289240377602002441e-02 7.399635163565823071e-01 -6.662019184379307513e-01 -1.810839739132521498e-01 -9.423142477646526682e-01 3.125900458748601674e-01
1.586161712336369038e+09 8.919738450994308954e-01 -3.603862947642003656e-01 -2.729549017758498564e-01 -4.449479328706455461e-01 -5.929445988234576248e-01 -6.711468097192599958e-01 8.002497727855573117e-02 7.200961196593184122e-01 -6.892442105753402437e-01 -1.934244142331684457e-01 -9.403375407725305113e-01 3.175922834679970053e-01
1.586161712336380959e+09 8.869282793505405271e-01 -3.682499015097365769e-01 -2.788372957930044249e-01 -4.570407153389544619e-01 -6.122469516385486976e-01 -6.451879223667112973e-01 6.687310452695643948e-02 6.996754108323758325e-01 -7.113243337015384693e-01 -2.056172177704321813e-01 -9.379989066600019632e-01 3.227963733164153082e-01
1.586161712336395979e+09 8.814900072583150559e-01 -3.766713533116331503e-01 -2.847701861096330611e-01 -4.691706120119085166e-01 -6.304087797174212637e-01 -6.184365025737688093e-01 5.342568885021877628e-02 6.787513995017221413e-01 -7.324221691031737036e-01 -2.176561954004670452e-01 -9.353251872757113450e-01 3.281936375344591816e-01
1.586161712336406946e+09 8.756639380724474675e-01 -3.856228612204203876e-01 -2.907020410358789331e-01 -4.812887596603608320e-01 -6.474228238520648437e-01 -5.909355442145290960e-01 3.967111906476668282e-02 6.573725704160812144e-01 -7.525207680357853812e-01 -2.295367483090387795e-01 -9.323415677011981373e-01 3.337763515324937980e-01
1.586161712336420059e+09 8.694575357378324654e-01 -3.950719541593860629e-01 -2.965834533216176183e-01 -4.933440390355603999e-01 -6.632868888987142331e-01 -5.627274318879933457e-01 2.559791013870202359e-02 6.355852848575522795e-01 -7.716061774101732329e-01 -2.412555305127837002e-01 -9.290715173873735910e-01 3.395376997575011990e-01
1.586161712336432934e+09 8.628809221142986763e-01 -4.049823271493915300e-01 -3.023670437508645947e-01 -5.052832655356509495e-01 -6.780036870575832930e-01 -5.338537462096371033e-01 1.119536200703025695e-02 6.134332199257866991e-01 -7.896672393543229251e-01 -2.528101502962519787e-01 -9.255367911438083794e-01 3.454717279683395814e-01
1.586161712336446047e+09 8.559468841420588836e-01 -4.153147891223600841e-01 -3.080073987139705927e-01 -5.170516023100475422e-01 -6.915804680260940751e-01 -5.043551300715926056e-01 -3.545756450919968633e-03 5.909569209818763547e-01 -8.066953238387313263e-01 -2.641989136873735822e-01 -9.217574792750478085e-01 3.515732924386335556e-01
1.586161712336471081e+09 8.486706807521970930e-01 -4.260283781325023278e-01 -3.134611568539050763e-01 -5.285933265933508984e-01 -7.040283269804481492e-01 -4.742712413020614415e-01 -1.863252608633298585e-02 5.681935727460928343e-01 -8.226839570637907162e-01 -2.754206096935908343e-01 -9.177520947238866356e-01 3.578380072851219951e-01
1.586161712336493969e+09 8.410697529223056801e-01 -4.370814499449071078e-01 -3.186871146313667302e-01 -5.398527158061255937e-01 -7.153613679556710681e-01 -4.436407994193654614e-01 -3.406928638613955507e-02 5.451769617522561617e-01 -8.376284166909470086e-01 -2.864743341331099646e-01 -9.135376850576941710e-01 3.642621917429440526e-01
1.586161712336503983e+09 8.331631590972592427e-01 -4.484328784166899950e-01 -3.236465727870356246e-01 -5.507752836469164137e-01 -7.255955510506519879e-01 -4.125017377603055202e-01 -4.985717168841188873e-02 5.219377837681935528e-01 -8.515252272568579750e-01 -2.973593484877684046e-01 -9.091299601875318936e-01 3.708428180608772662e-01
1.586161712336513042e+09 8.249706263622258451e-01 -4.600433838287972255e-01 -3.283040524173641561e-01 -5.613094283817673391e-01 -7.347471772744501584e-01 -3.808914694937045597e-01 -6.599387527960498545e-02 4.985044340390767381e-01 -8.643715277688320819e-01 -3.080749708828131039e-01 -9.045434296879329983e-01 3.775774593603462015e-01
1.586161712336525917e+09 8.165112539365624311e-01 -4.718768427459402170e-01 -3.326283476702824315e-01 -5.714083042652292610e-01 -7.428311710412944802e-01 -3.488472467746686068e-01 -8.247376758684021869e-02 4.749043028686410484e-01 -8.761643573698640886e-01 -3.186204953745756518e-01 -8.997915438088525120e-01 3.844642374572709853e-01
1.586161712336538076e+09 8.078020583326235293e-01 -4.839013320083042080e-01 -3.365937248864903641e-01 -5.810315305778853689e-01 -7.498594889051550805e-01 -3.164065546244765326e-01 -9.928844524555294204e-02 4.511654331313668664e-01 -8.868999700848861911e-01 -3.289951337612161408e-01 -8.948868317713833953e-01 3.915017723202329769e-01
1.586161712336551905e+09 7.988565529684579225e-01 -4.960897436407977756e-01 -3.401810903512387796e-01 -5.901464228635634468e-01 -7.558399308319705412e-01 -2.836074734159426125e-01 -1.164276929906595537e-01 4.273183420904408392e-01 -8.965732692682817362e-01 -3.391979745102133292e-01 -8.898410330886105113e-01 3.986891344981104424e-01
1.586161712336561918e+09 7.896834007387473209e-01 -5.084200024460456824e-01 -3.433791314411038798e-01 -5.987287040988715781e-01 -7.607754012561206425e-01 -2.504889781363381362e-01 -1.338807895973421758e-01 4.033979303719348875e-01 -9.051773551613500057e-01 -3.492279543558515220e-01 -8.846652197000443030e-01 4.060258012369150626e-01
1.586161712336570978e+09 7.802850885376262369e-01 -5.208749912778787294e-01 -3.461855344550021085e-01 -6.067627783750395576e-01 -7.646635539678942051e-01 -2.170911800325021623e-01 -1.516380945699681848e-01 3.794455072415876540e-01 -9.127031256974135198e-01 -3.590838413103382698e-01 -8.793699096504602464e-01 4.135116146592224817e-01
1.586161712336582899e+09 7.706567382396092292e-01 -5.334421531555804119e-01 -3.486081772440539073e-01 -6.142414399449165341e-01 -7.674969233569409743e-01 -1.834555164832544771e-01 -1.696927977362193696e-01 3.555108186047623020e-01 -9.191389517368369066e-01 -3.687642275213615650e-01 -8.739651723842889464e-01 4.211467411587984100e-01
1.586161712336594105e+09 7.607852151570533294e-01 -5.461127351746326575e-01 -3.506661333481101983e-01 -6.211648903891331397e-01 -7.692636522238857077e-01 -1.496249068542304661e-01 -1.880426432817288995e-01 3.316539071338222566e-01 -9.244704703444862615e-01 -3.782675302016342833e-01 -8.684607254686921296e-01 4.289316317230211228e-01
1.586161712336604118e+09 7.506487682658765648e-01 -5.588806318416743579e-01 -3.523902187234632666e-01 -6.275389350039296543e-01 -7.699489435507301804e-01 -1.156438922527284752e-01 -2.066913450145134723e-01 3.079465277387958833e-01 -9.286805824922664820e-01 -3.875920000571839719e-01 -8.628660232071171388e-01 4.368669822064392694e-01
1.586161712336616993e+09 7.402170019161115055e-01 -5.717410494959275225e-01 -3.538233494194749640e-01 -6.333727560512832921e-01 -7.695369436024260823e-01 -8.155884231124538308e-02 -2.256496007483469179e-01 2.844733116135620965e-01 -9.317495334102344762e-01 -3.967357372329369247e-01 -8.571903375700700156e-01 4.449536924020977557e-01
1.586161712336630106e+09 7.294512881606718402e-01 -5.846889895645492885e-01 -3.550205682513619676e-01 -6.386762995054975356e-01 -7.680130817768778817e-01 -4.741825709217051960e-02 -2.449355078483431425e-01 2.613325314011892830e-01 -9.336551319277291983e-01 -4.056967154287499100e-01 -8.514428317184139505e-01 4.531928225162979995e-01
1.586161712336642981e+09 7.183057352928914341e-01 -5.977175682207469531e-01 -3.560485633792281890e-01 -6.434573643497436546e-01 -7.653668687444891150e-01 -1.327316572825148339e-02 -2.645741696883213701e-01 2.386362611472174489e-01 -9.343731823783670842e-01 -4.144728151005789840e-01 -8.456326259634364684e-01 4.615855456986330818e-01
1.586161712336652994e+09 7.067288284919946983e-01 -6.108162242825241339e-01 -3.569844581075914958e-01 -6.477185460412714368e-01 -7.615951104998933685e-01 2.082242091950428642e-02 -2.845962902989812027e-01 2.165096489313017292e-01 -9.338782168014024831e-01 -4.230618661062445218e-01 -8.397688553286188906e-01 4.701330959643911789e-01
1.586161712336663961e+09 6.946656878801995560e-01 -6.239689622913262568e-01 -3.579138393214371106e-01 -6.514543678155418904e-01 -7.567053279282537348e-01 5.481107347205638192e-02 -3.050357177413178245e-01 1.950891617826537860e-01 -9.321445328946822428e-01 -4.314616991857885275e-01 -8.338607173694563279e-01 4.788367118149219337e-01
1.586161712336678028e+09 6.820608956118561217e-01 -6.371527872950959459e-01 -3.589279322065082045e-01 -6.546489078708525033e-01 -7.507191469628096137e-01 8.863165485899693330e-02 -3.259259769720009858e-01 1.745195928452211165e-01 -9.291475499598811361e-01 -4.396702049856616168e-01 -8.279175088302709318e-01 4.876975765343769531e-01
1.586161712336688995e+09 6.688615317783522807e-01 -6.503365609193068053e-01 -3.601202702397656163e-01 -6.572743791291628668e-01 -7.436752240593789143e-01 1.222192787440625761e-01 -3.472961880218103370e-01 1.549500529571289364e-01 -9.248653086923345201e-01 -4.476853980477986661e-01 -8.219486498052976930e-01 4.967167572566438261e-01
1.586161712336702108e+09 6.550201766335680409e-01 -6.634804203756425878e-01 -3.615830474177221254e-01 -6.592908737112692652e-01 -7.356313907519043127e-01 1.555056308226909767e-01 -3.691667812972964091e-01 1.365290774016425235e-01 -9.192799894259175986e-01 -4.555054824697394866e-01 -8.159636946523316503e-01 5.058951454722243612e-01
1.586161712336729050e+09 6.404975125794771795e-01 -6.765358554825346982e-01 -3.634035949530690646e-01 -6.606473973847251102e-01 -7.266657019632652981e-01 1.884196761358455929e-01 -3.915455951484417829e-01 1.193993052416008338e-01 -9.123792266246203431e-01 -4.631289154202910541e-01 -8.099723297236686159e-01 5.152334020079052390e-01
1.586161712336741924e+09 6.252642769622196450e-01 -6.894464238006577927e-01 -3.656613362965702718e-01 -6.612840739236499621e-01 -7.168762485712447674e-01 2.208887010362286796e-01 -4.144248519382768836e-01 1.036922041237201275e-01 -9.041570489955640388e-01 -4.705544639906388826e-01 -8.039843589664562584e-01 5.247319099658571684e-01
1.586161712336755991e+09 6.093024774597567417e-01 -7.021489999834962248e-01 -3.684253967662599050e-01 -6.611352111931396713e-01 -7.063797675316005886e-01 2.528395874437339153e-01 -4.377793095367751297e-01 8.952321539618283974e-02 -8.946143696560534542e-01 -4.777812522244520022e-01 -7.980096795286464317e-01 5.343907378568107935e-01
1.586161712336770058e+09 5.926058459436822634e-01 -7.145754004649498281e-01 -3.717530209729658641e-01 -6.601328515607108871e-01 -6.953092046879537635e-01 2.842001558807499273e-01 -4.615657374874977958e-01 7.698770794540774065e-02 -8.837589960794739463e-01 -4.848087955927630199e-01 -7.920582502332490504e-01 5.442096146936666878e-01
1.586161712336781025e+09 5.751794914394419145e-01 -7.266541357459237460e-01 -3.756891265788864231e-01 -6.582104150553149680e-01 -6.838105343545176629e-01 3.149003065330547857e-01 -4.857237924180125010e-01 6.615829770017138400e-02 -8.716051155614815693e-01 -4.916370215765510920e-01 -7.861400562318784369e-01 5.541879175787427503e-01
1.586161712336791992e+09 5.570390624801179191e-01 -7.383121114013218023e-01 -3.802666291277612132e-01 -6.553060228939853182e-01 -6.720392232349741146e-01 3.448728740111531299e-01 -5.101779097656540252e-01 5.708334988898622342e-02 -8.581724721179677662e-01 -4.982662771740207774e-01 -7.802650729845996835e-01 5.643246705528638385e-01
1.586161712336808920e+09 5.382096469017394469e-01 -7.494761678730960108e-01 -3.855072631883354473e-01 -6.513652645317805634e-01 -6.601566329247516851e-01 3.740541573128289277e-01 -5.348398531596770811e-01 4.978648446711461673e-02 -8.434854105347673325e-01 -5.046973255851162632e-01 -7.744432320316602114e-01 5.746185523787074034e-01
1.586161712336838007e+09 5.187245377555231851e-01 -7.600743590919202264e-01 -3.914228184203397687e-01 -6.463432938521338489e-01 -6.483266151982916004e-01 4.023840789022511411e-01 -5.596116517808111812e-01 4.426701834971201455e-02 -8.275718884943124021e-01 -5.109313348323542003e-01 -7.686843901738710239e-01 5.850679106343509295e-01
1.586161712336854935e+09 4.986240369608857526e-01 -7.700369732645399035e-01 -3.980164943431519498e-01 -6.402062390816889437e-01 -6.367124374234450768e-01 4.298060538281046061e-01 -5.843886049482152067e-01 4.050101319824479795e-02 -8.104626004233993486e-01 -5.169698604104006057e-01 -7.629983031166784890e-01 5.956707801334342189e-01
1.586161712336865902e+09 4.779543697860147988e-01 -7.792973107271528033e-01 -4.052842485153818619e-01 -6.329319850854281393e-01 -6.254741067243139163e-01 4.562666375151197551e-01 -6.090621668164503122e-01 3.844273068143863603e-02 -7.921902762336009429e-01 -5.228148235823876222e-01 -7.573946042504355880e-01 6.064249041483724678e-01
1.586161712336875916e+09 4.567667359268254845e-01 -7.877922135088092359e-01 -4.132161389447914779e-01 -6.245104084503070307e-01 -6.147661520113181233e-01 4.817149868070749186e-01 -6.335226113391076996e-01 3.802639747254329267e-02 -7.727891655333957166e-01 -5.284684874680897204e-01 -7.518827885580444681e-01 6.173277565841108760e-01
1.586161712336884975e+09 4.351165318961071060e-01 -7.954623860912067856e-01 -4.217975772613976049e-01 -6.149431693608418126e-01 -6.047358534308568956e-01 5.061022095069421800e-01 -6.576613889517431977e-01 3.916810073690087796e-02 -7.522947279591900571e-01 -5.339334323191246012e-01 -7.464722014372322523e-01 6.283765639215056487e-01
