1.586161713193542957e+09 9.205558579014337939e-01 -3.134073226588322547e-01 -2.331367898253806359e-01 -3.428464057142296406e-01 -3.622936078859719800e-01 -8.667177650247753773e-01 1.871717255227789700e-01 8.777922260190684778e-01 -4.409620770964772785e-01 -7.420139484070067959e-02 -9.447700104624815465e-01 2.769228520604530841e-01
1.586161713193583012e+09 9.187981009177691449e-01 -3.158396357476565552e-01 -2.367601622393314953e-01 -3.539860408012684423e-01 -3.938973779837176004e-01 -8.482562932104555919e-01 1.746537515547955666e-01 8.631860635916066560e-01 -4.737149850078557489e-01 -8.863745438975592639e-02 -9.478911170893291605e-01 2.793608367180485108e-01
1.586161713193598032e+09 9.166077990522677466e-01 -3.188117443248650318e-01 -2.412244070985140321e-01 -3.656242662882284167e-01 -4.244323482593931329e-01 -8.283574579177841457e-01 1.617066445259004726e-01 8.474764030354817734e-01 -5.056033106558655010e-01 -1.031502486370154820e-01 -9.503452907845446607e-01 2.820886060809293938e-01
1.586161713193608999e+09 9.139749694588910067e-01 -3.223715345172249447e-01 -2.464271679801636750e-01 -3.776848965554027715e-01 -4.538519951942550090e-01 -8.070765055483571926e-01 1.483370297147243166e-01 8.307195438063731396e-01 -5.365642230763787435e-01 -1.177045597229955248e-01 -9.521558551011771732e-01 2.850850667893560231e-01
1.586161713193619013e+09 9.108901501366655218e-01 -3.265550139439704069e-01 -2.522715945870822041e-01 -3.900971832266864614e-01 -4.821134550477430003e-01 -7.844684853689203319e-01 1.345485871088086538e-01 8.129750547226054502e-01 -5.665405885176377776e-01 -1.322690470019957654e-01 -9.533502205048438594e-01 2.883306934937470700e-01
1.586161713193629026e+09 9.073445323493143366e-01 -3.313875883792573585e-01 -2.586661285674184962e-01 -4.027946726369401320e-01 -5.091773814240582174e-01 -7.605884868828217682e-01 1.203426424184799448e-01 7.943051433715699883e-01 -5.954804681612040351e-01 -1.468164025431864805e-01 -9.539588605463419357e-01 2.918076023480128400e-01
1.586161713193639040e+09 9.033301366651793618e-01 -3.368850943878449744e-01 -2.655241939198867973e-01 -4.157141200140722082e-01 -5.350080051828914884e-01 -7.354918118168785046e-01 1.057186591378799223e-01 7.747740753556812132e-01 -6.233367449456426179e-01 -1.613233408840289151e-01 -9.540143366836979499e-01 2.954995602958167544e-01
1.586161713193655014e+09 8.988400681951927984e-01 -3.430545954944337894e-01 -2.727637741773762947e-01 -4.287944005397339442e-01 -5.595733908442821480e-01 -7.092340817848874490e-01 9.067466103171811787e-02 7.544475893295576885e-01 -6.500668743558195573e-01 -1.757704516772701786e-01 -9.535504037879165562e-01 2.993919435115809935e-01
1.586161713193665028e+09 8.938687621472041211e-01 -3.498950996673442226e-01 -2.803070735364097676e-01 -4.419756198532766023e-01 -5.828457269137702346e-01 -6.818712565555795635e-01 7.520763124900010921e-02 7.333923084721363228e-01 -6.756326919338261350e-01 -1.901419468822569403e-01 -9.526012209249680174e-01 3.034716577850035124e-01
1.586161713193676949e+09 8.884121664867330459e-01 -3.573983063761734247e-01 -2.880803242637482442e-01 -4.551985078289080833e-01 -6.048015413731584466e-01 -6.534595737063302323e-01 5.931392078520696109e-02 7.116751691846288086e-01 -7.000002233583835221e-01 -2.044253342838102117e-01 -9.512006808432563743e-01 3.077270335487081176e-01
1.586161713193690062e+09 8.824678900126676773e-01 -3.655493724912589615e-01 -2.960136475873215711e-01 -4.684040046277215263e-01 -6.254218529165728180e-01 -6.240554420791361023e-01 4.298967130213678101e-02 6.893628670361189315e-01 -7.231394928004882816e-01 -2.186110463552654593e-01 -9.493818609357318472e-01 3.121477075068589402e-01
1.586161713193698883e+09 8.760286113235385974e-01 -3.743365568938032961e-01 -3.040493619555200699e-01 -4.815450860049310666e-01 -6.446835154799965828e-01 -5.937149951435691797e-01 2.623361552813360462e-02 6.665247987318554390e-01 -7.450211342146293436e-01 -2.326763266874486147e-01 -9.471238628565754603e-01 3.167470797386024439e-01
1.586161713193708897e+09 8.690950603034214295e-01 -3.837365011953630667e-01 -3.121218896467331527e-01 -4.945623913765007651e-01 -6.625763206596183563e-01 -5.624950317848071979e-01 9.045302214063046659e-03 6.432254015781798673e-01 -7.656234489663418241e-01 -2.466116100222682794e-01 -9.444568962066207662e-01 3.215199256758637936e-01
1.586161713193717957e+09 8.616714070160561567e-01 -3.937195421438424159e-01 -3.201676258698358257e-01 -5.073941768379730544e-01 -6.790962925169625741e-01 -5.304520480176351249e-01 -8.575310218855483266e-03 6.195265514150195552e-01 -7.849288607772902937e-01 -2.604092901816971173e-01 -9.414093508776717467e-01 3.264617250202945797e-01
1.586161713193726063e+09 8.537653701795445693e-01 -4.042507234296296992e-01 -3.281250454916849746e-01 -5.199766193037929085e-01 -6.942454881979287507e-01 -4.976419575756143021e-01 -2.662721101797334636e-02 5.954868218594607798e-01 -8.029236806570063667e-01 -2.740633477500212800e-01 -9.380077095565459988e-01 3.315686261665691803e-01
1.586161713193736076e+09 8.453883277302808308e-01 -4.152908134758017678e-01 -3.359346897391217723e-01 -5.322441846204286620e-01 -7.080316913592957784e-01 -4.641198685836466775e-01 -4.510768876537078059e-02 5.711608044663383232e-01 -8.195978478438574744e-01 -2.875690159664757162e-01 -9.342765298815238761e-01 3.368374130605601424e-01
1.586161713193744898e+09 8.365553101323561780e-01 -4.267974146638475186e-01 -3.435391973497741169e-01 -5.441302380647616843e-01 -7.204678597352722758e-01 -4.299399348252418429e-01 -6.401169758105004770e-02 5.465986006294072386e-01 -8.349445925912910571e-01 -3.009224891363718180e-01 -9.302384846914201200e-01 3.422654731576942888e-01
1.586161713193753958e+09 8.272847565944096981e-01 -4.387262119160812990e-01 -3.508835172452643980e-01 -5.555680228596525660e-01 -7.315712207572813153e-01 -3.951553129859056712e-01 -8.333128944322384934e-02 5.218456287282524642e-01 -8.489599733271384618e-01 -3.141206742767269078e-01 -9.259144468244039361e-01 3.478507660416977343e-01
1.586161713193763018e+09 8.175981511920964451e-01 -4.510321676362193388e-01 -3.579151395439328920e-01 -5.664917436461945899e-01 -7.413622246553653872e-01 -3.598182272762358580e-01 -1.030551690578340729e-01 4.969426887445074770e-01 -8.616423832243350622e-01 -3.271609835647907305e-01 -9.213236045611945535e-01 3.535917931327826058e-01
1.586161713193772078e+09 8.075193370165051343e-01 -4.636707705462466134e-01 -3.645846089395268219e-01 -5.768379792485011093e-01 -7.498631889683382568e-01 -3.239801598434869923e-01 -1.231684471207240422e-01 4.719264928526690772e-01 -8.729919354222697159e-01 -3.400411643853625265e-01 -9.164835972922517060e-01 3.594875681234506182e-01
1.586161713193780899e+09 7.970733834396100947e-01 -4.765993273060482593e-01 -3.708464679805756892e-01 -5.865474586122794154e-01 -7.570966184373248975e-01 -2.876921785376087004e-01 -1.436527080718528748e-01 4.468308313519968045e-01 -8.830096873486595888e-01 -3.527591641953642942e-01 -9.114106645094697257e-01 3.655375867092759412e-01
1.586161713193789959e+09 7.862850498434350577e-01 -4.897781419214264909e-01 -3.766605796719582067e-01 -5.955669688412654761e-01 -7.630834082962795195e-01 -2.510053745512874634e-01 -1.644864929111026497e-01 4.216883730468504732e-01 -8.916967590058726412e-01 -3.653130264330595733e-01 -9.061198012968622040e-01 3.717417949953619183e-01
1.586161713193799973e+09 7.751770662079447982e-01 -5.031713551724510403e-01 -3.819935909793204520e-01 -6.038509758600294486e-01 -7.678413033585258507e-01 -2.139713351246891604e-01 -1.856462100711726848e-01 3.965328743923622890e-01 -8.990534825843300437e-01 -3.777008116875716359e-01 -9.006249125396631472e-01 3.781005578552921742e-01
1.586161713193809032e+09 7.637684570021412434e-01 -5.167473122292476351e-01 -3.868203195057501320e-01 -6.113626346452192273e-01 -7.713839068360898166e-01 -1.766425704053776469e-01 -2.071073957809437538e-01 3.714015130025192235e-01 -9.050786944166492320e-01 -3.899205385724423545e-01 -8.949389605158671879e-01 3.846146284349695743e-01
1.586161713193818092e+09 7.520729593477016861e-01 -5.304785048360313171e-01 -3.911250694024008823e-01 -6.180741578672729331e-01 -7.737202822120697876e-01 -1.390728611764655287e-01 -2.288462355747826749e-01 3.463372360605030953e-01 -9.097691573777897389e-01 -4.019701396055984643e-01 -8.890741029543792751e-01 3.912851195563202822e-01
1.586161713193826914e+09 7.400974842157352906e-01 -5.443411926432912828e-01 -3.949030007980851020e-01 -6.239666371330806482e-01 -7.748550781110850050e-01 -1.013175410073232363e-01 -2.508412843761800293e-01 3.213911545102342560e-01 -9.131190372507617115e-01 -4.138474305269565501e-01 -8.830418224850054010e-01 3.981134754186834157e-01
1.586161713193835974e+09 7.278407578693413260e-01 -5.583146998514093573e-01 -3.981614337227138423e-01 -6.290292130441738072e-01 -7.747892700105959429e-01 -6.343371862777083536e-02 -2.730752289556948043e-01 2.966248190648502758e-01 -9.151194656328816013e-01 -4.255500912500544963e-01 -8.768530475433905513e-01 4.051014427767189452e-01
1.586161713193845987e+09 7.152923329520070039e-01 -5.723803903476393229e-01 -4.009208991255915344e-01 -6.332575133653158828e-01 -7.735216018547854677e-01 -2.548045674345908451e-02 -2.955364622803371422e-01 2.721121468935333576e-01 -9.157582537495831954e-01 -4.370756564765460039e-01 -8.705182644134311643e-01 4.122510413655334216e-01
1.586161713193855047e+09 7.024322389899287922e-01 -5.865203357424817465e-01 -4.032156316144445696e-01 -6.366513103029136644e-01 -7.710507973757829703e-01 1.248108173293470402e-02 -3.182201424650655808e-01 2.479406459267812224e-01 -9.150198781237459666e-01 -4.484215152303172580e-01 -8.640476210035419324e-01 4.195645326027245825e-01
1.586161713193864107e+09 6.892310469549920438e-01 -6.007158671707094610e-01 -4.050938299120110941e-01 -6.392118365293549820e-01 -7.673782227853639393e-01 5.038741589938008220e-02 -3.411287034388035266e-01 2.242121994857105560e-01 -9.128855884647384400e-01 -4.595849192124250582e-01 -8.574510229904273029e-01 4.270443853593374750e-01
1.586161713193872929e+09 6.756504695302621988e-01 -6.149460371477274423e-01 -4.066175286555603341e-01 -6.409388677251701694e-01 -7.625109771852451868e-01 8.817243308795999490e-02 -3.642716173691690207e-01 2.010432325159030587e-01 -9.093337163954040570e-01 -4.705630005740081834e-01 -8.507382228860485007e-01 4.346932372635206043e-01
1.586161713193881989e+09 6.616446200916082931e-01 -6.291860433712915812e-01 -4.078618880463382168e-01 -6.418277446392607333e-01 -7.564653407815271624e-01 1.257669863399737409e-01 -3.876642145920874971e-01 1.785640257528349206e-01 -9.043402820655019880e-01 -4.813528000304073684e-01 -8.439189021254244194e-01 4.425138499715796092e-01
1.586161713193891048e+09 6.471620451786112005e-01 -6.434057076801218411e-01 -4.089136617857025979e-01 -6.418665776604568496e-01 -7.492704376815495504e-01 1.630984615023179096e-01 -4.113253993189469604e-01 1.569168786613215072e-01 -8.978800083535481980e-01 -4.919513057288379954e-01 -8.370027453814418150e-01 4.505090575316167412e-01
1.586161713193900108e+09 6.321484454764586536e-01 -6.575681647112743278e-01 -4.098688227104572701e-01 -6.410340189440673075e-01 -7.409718088536835223e-01 2.000903932876055280e-01 -4.352743155783357909e-01 1.362530275169009375e-01 -8.899277403390462027e-01 -5.023555023207093573e-01 -8.299995055335445127e-01 4.586817080187978179e-01
1.586161713193909883e+09 6.165499992303292709e-01 -6.716289308132332714e-01 -4.108292564239640066e-01 -6.392979367365513310e-01 -7.316345497089102867e-01 2.366622787900505287e-01 -4.595261112268557158e-01 1.167281681061678178e-01 -8.804602706573264603e-01 -5.125624289926385968e-01 -8.229190574785620882e-01 4.670345993942250362e-01
1.586161713193918943e+09 6.003168550848664298e-01 -6.855355154040774224e-01 -4.118989327623883701e-01 -6.366153601357198433e-01 -7.213455520824973988e-01 2.727296796748310270e-01 -4.840873445027006339e-01 9.849696376105737672e-02 -8.694583321567788126e-01 -5.225692438613170898e-01 -8.157714388009078554e-01 4.755704118627600563e-01
1.586161713193928003e+09 5.834064965973112526e-01 -6.992276711607314787e-01 -4.131797717716882978e-01 -6.329337910032275527e-01 -7.102145190525956941e-01 3.082047267298862470e-01 -5.089515461251280515e-01 8.170679939115738089e-02 -8.569085849521905773e-01 -5.323732913446497239e-01 -8.085668758155383218e-01 4.842916397699745246e-01
1.586161713193938017e+09 5.657865578619016844e-01 -7.126382842414509255e-01 -4.147677024146107505e-01 -6.281938152865965685e-01 -6.983735176054438609e-01 3.429970273756599020e-01 -5.340955923320657162e-01 6.649139789798011457e-02 -8.428053112028321969e-01 -5.419721685086626994e-01 -8.013157942987830795e-01 4.932005266310111602e-01
1.586161713193948984e+09 5.474368172177754843e-01 -7.256948044323409119e-01 -4.167493037360606167e-01 -6.223327022098620320e-01 -6.859750522313697862e-01 3.770149014585653102e-01 -5.594773804952439811e-01 5.296488257816020506e-02 -8.271516077856175819e-01 -5.513637855679388577e-01 -7.940288151833173602e-01 5.022990075733376747e-01
1.586161713193958044e+09 5.283502871357305120e-01 -7.383210637229492557e-01 -4.191992141413397044e-01 -6.152885372777618933e-01 -6.731888218891811659e-01 4.101668275513266071e-01 -5.850350334383879192e-01 4.121671012659018640e-02 -8.099599945619262442e-01 -5.605464170493451581e-01 -7.867167369795990961e-01 5.115886621683480850e-01
1.586161713193967104e+09 5.085334021157866813e-01 -7.504392851930929975e-01 -4.221784674299912110e-01 -6.070044066858830689e-01 -6.601974680565978471e-01 4.423629210060985306e-01 -6.106876694098429814e-01 3.130786889011706597e-02 -7.912524174440189739e-01 -5.695187405051523877e-01 -7.793905075874013599e-01 5.210706801905029550e-01
1.586161713193975925e+09 4.880053092918376634e-01 -7.619719730021828896e-01 -4.257341079268273099e-01 -5.974321633033793377e-01 -6.471918362331217089e-01 4.735161431348626215e-01 -6.363376687945320187e-01 2.326885714807843536e-02 -7.710596163039752371e-01 -5.782798610810468976e-01 -7.720611889481932000e-01 5.307458414612409303e-01
1.586161713193984985e+09 4.667966297041589718e-01 -7.728435704350224977e-01 -4.298996654153126040e-01 -5.865354468577452796e-01 -6.343661683382972871e-01 5.035431803655405769e-01 -6.618739128034207830e-01 1.709913279668173747e-02 -7.494201382019046731e-01 -5.868293225088808684e-01 -7.647399182430999476e-01 5.406145088298324186e-01
1.586161713193995953e+09 4.449479599030131127e-01 -7.829818299962915118e-01 -4.346961778805034649e-01 -5.742918190289092450e-01 -6.219135299465627931e-01 5.323649766009626028e-01 -6.871755379436320643e-01 1.276774840163667768e-02 -7.263792156906082598e-01 -5.951671066530871412e-01 -7.574378688699090478e-01 5.506766319453215708e-01
1.586161713194005013e+09 4.225082748089486473e-01 -7.923188201348396742e-01 -4.401336673877775385e-01 -5.606939840812672493e-01 -6.100217545972153044e-01 5.599068811674684509e-01 -7.121158714046034177e-01 1.021500902479090950e-02 -7.019876349473376242e-01 -6.032936243433664192e-01 -7.501662135845710289e-01 5.609317589906546164e-01
1.586161713194014072e+09 3.995334190323577839e-01 -8.007916322668264808e-01 -4.462127395736920077e-01 -5.457501943047160520e-01 -5.988699781174431358e-01 5.860985200215483859e-01 -7.365662039935971794e-01 9.354743674310285126e-03 -6.763007587160621004e-01 -6.112096995796324483e-01 -7.429360914272283845e-01 5.713790542156766961e-01
1.586161713194022894e+09 3.760847651512948531e-01 -8.083428330167610198e-01 -4.529261682897615660e-01 -5.294839768242515232e-01 -5.886257892473514275e-01 6.108734721403276113e-01 -7.603992162539831012e-01 1.007694243146928584e-02 -6.493777694733874339e-01 -6.189165487340220206e-01 -7.357585795264401929e-01 5.820173195865241400e-01
1.586161713194031954e+09 3.522280688246663405e-01 -8.149206655649198217e-01 -4.602604659944056209e-01 -5.119333147972515707e-01 -5.794430355053050707e-01 6.341687868781997750e-01 -7.834919713079899761e-01 1.225061886007013795e-02 -6.212811389122769867e-01 -6.264157569859246655e-01 -7.286446702177714618e-01 5.928450183733219303e-01
1.586161713194041014e+09 3.280325510999827499e-01 -8.204790603370829549e-01 -4.681973485159093840e-01 -4.931494362648138896e-01 -5.714602197893604574e-01 6.559244248809947830e-01 -8.057284153490009704e-01 1.572669600274775523e-02 -5.920763397288357766e-01 -6.337092534619851447e-01 -7.216052535294266157e-01 6.038602992556451055e-01
