1.586161711839894056e+09 7.857711590968973203e-01 -3.422662877235855272e-01 -5.151868340563504622e-01 -1.813919311480051144e-01 6.687952182204440765e-01 -7.209784489259538631e-01 5.913211082951095321e-01 6.599748061432809676e-01 4.634356508166224686e-01 1.583348261783369959e-01 -6.151297691985332383e-01 4.325586024535114649e-01
1.586161711839972019e+09 8.038645411210063596e-01 -3.209935590457164700e-01 -5.007643505133470008e-01 -1.863257584471931794e-01 6.636228615182212520e-01 -7.244911385415653271e-01 5.648756602412382533e-01 6.756980339565655802e-01 4.736535185991000985e-01 1.566403187310961564e-01 -6.238801502041901870e-01 4.241341394420692357e-01
1.586161711840029955e+09 8.207097860743164386e-01 -3.005910896834765311e-01 -4.858811006936257781e-01 -1.921546398637616893e-01 6.556597408634590174e-01 -7.301964797290003695e-01 5.380632320490147391e-01 6.926437045035205298e-01 4.803463929699199886e-01 1.549394033652701508e-01 -6.327171527418452568e-01 4.158018904443733788e-01
1.586161711840044022e+09 8.361303670858439840e-01 -2.813633370593455751e-01 -4.708722565286609374e-01 -1.986428917355294865e-01 6.448443878659312345e-01 -7.380492649118386428e-01 5.112993360660987863e-01 7.106408293855410729e-01 4.832831477300726375e-01 1.532229589847882989e-01 -6.416426614722542388e-01 4.075677412371312980e-01
1.586161711840055943e+09 8.499991659216373785e-01 -2.636212334394805734e-01 -4.560759403831318171e-01 -2.055380935183697688e-01 6.311846892195206449e-01 -7.479037241965924565e-01 4.850314529069931768e-01 7.294585209557322703e-01 4.823222535385000009e-01 1.514805708497382053e-01 -6.506598450568761294e-01 3.994396058345298095e-01
1.586161711840066910e+09 8.622478766750949486e-01 -2.476646243037952388e-01 -4.418040665547233736e-01 -2.125878620020709986e-01 6.147649688559767567e-01 -7.595198710106492168e-01 4.597118666737967652e-01 7.488165779147103462e-01 4.774292959680985771e-01 1.496999888706636306e-01 -6.597729043974926988e-01 3.914275037710535643e-01
1.586161711840076923e+09 8.728700634399310099e-01 -2.337625783332789031e-01 -4.283140314035210339e-01 -2.195562124586674657e-01 5.957463895862925574e-01 -7.725809402992748209e-01 4.357670503562295905e-01 7.684017807545290291e-01 4.686851624538564964e-01 1.478666214030213422e-01 -6.689867107855336226e-01 3.835435556433030579e-01
1.586161711840085983e+09 8.819175942208208330e-01 -2.221338118931306949e-01 -4.157859146060207123e-01 -2.262369509066617101e-01 5.743594798173525806e-01 -7.867197915543384656e-01 4.135676477903976189e-01 7.878881633439870358e-01 4.562828542598511561e-01 1.459630986255129881e-01 -6.783063372748420194e-01 3.758018978587565617e-01
1.586161711840095997e+09 8.894914705302329194e-01 -2.129299030509839430e-01 -4.043090159857374299e-01 -2.324622892482575698e-01 5.508889496573188271e-01 -8.015501541718063061e-01 3.934033657497383873e-01 8.069586246534169449e-01 4.405128491145060554e-01 1.439689380413041175e-01 -6.877364936758920688e-01 3.682185229311095709e-01
1.586161711840106010e+09 8.957291374434376285e-01 -2.062235287632332159e-01 -3.938796373127646522e-01 -2.381060867080839749e-01 5.256526620415515882e-01 -8.166974781345174295e-01 3.754661157319426623e-01 8.253248666073053075e-01 4.217393280410847711e-01 1.418603407086561907e-01 -6.972808820947863362e-01 3.608110558924704225e-01
1.586161711840116978e+09 9.007907383888505981e-01 -2.020030107596660907e-01 -3.844097155994623538e-01 -2.430824549441237270e-01 4.989777891399999055e-01 -8.318245526992958938e-01 3.598429740666916898e-01 8.427431102962772425e-01 4.003711832571617002e-01 1.396101415689161296e-01 -7.069414950985032364e-01 3.535984793211406352e-01
1.586161711840126991e+09 9.048253856261470052e-01 -2.002425034776372792e-01 -3.757578495492313597e-01 -2.473310159975585509e-01 4.711650047581976142e-01 -8.466586722209316074e-01 3.465810010731465995e-01 8.590148301690309074e-01 3.767958751957768970e-01 1.371874160092492745e-01 -7.167192374591336845e-01 3.466028910139798414e-01
1.586161711840136051e+09 9.080041341773873453e-01 -2.007822395181328434e-01 -3.677159022686076195e-01 -2.508219073818556688e-01 4.425041557453610053e-01 -8.609752861467633300e-01 3.355843609971891905e-01 8.740003231093768088e-01 3.514350184295213508e-01 1.345608567320070170e-01 -7.266113172845753976e-01 3.398456694207940831e-01
1.586161711840146065e+09 9.104898452707470557e-01 -2.033931455623502471e-01 -3.600548155037835985e-01 -2.535539275217723043e-01 4.132377952908699026e-01 -8.746113027005270046e-01 3.266782021319323270e-01 8.876180221409101234e-01 3.246776853161484344e-01 1.316969153379672908e-01 -7.366114602230665609e-01 3.333489716852386375e-01
1.586161711840154886e+09 9.124322588861158989e-01 -2.077910253883293035e-01 -3.525482419221610542e-01 -2.555508479559753798e-01 3.835526725354165278e-01 -8.874576676833714206e-01 3.196265591332306255e-01 8.998390064348330553e-01 2.968646585815978289e-01 1.285604133848503028e-01 -7.467092967513938584e-01 3.271354257164000856e-01
1.586161711840164900e+09 9.139651709260960821e-01 -2.136524177568434602e-01 -3.449932041229902269e-01 -2.568593467460367208e-01 3.535779912683473802e-01 -8.994475418332786854e-01 3.141511460636264297e-01 9.106784552269177047e-01 2.682793486874636146e-01 1.251152998627217128e-01 -7.568898394115715078e-01 3.212278166805914159e-01
1.586161711840174913e+09 9.152049832427051612e-01 -2.206310849714185063e-01 -3.372265754094929679e-01 -2.575481832238622482e-01 3.233897014053150887e-01 -9.105427144144072615e-01 3.099496285127688600e-01 9.201853213896684647e-01 2.391447310804352688e-01 1.213255330786301711e-01 -7.671330818517989591e-01 3.156487708318920782e-01
1.586161711840183973e+09 9.162500421640483728e-01 -2.283743814436681729e-01 -3.291367531968463211e-01 -2.577078204248293147e-01 2.930195300083995313e-01 -9.207204976297792554e-01 3.067124708505206132e-01 9.284313099309214889e-01 2.096252925685881396e-01 1.171560611613205738e-01 -7.774137486182692847e-01 3.104204350251738576e-01
1.586161711840194941e+09 9.171804042087068343e-01 -2.365389822564661626e-01 -3.206702608272065103e-01 -2.574495625820218403e-01 2.624671242621459122e-01 -9.299627583070048109e-01 3.041378455740599285e-01 9.355000368120227616e-01 1.798328455372320278e-01 1.125738701933519936e-01 -7.877012221203111286e-01 3.055641488507860326e-01
1.586161711840205908e+09 9.180578849761460436e-01 -2.448055509797515683e-01 -3.118332282053757898e-01 -2.569033741075293364e-01 2.317135524423569737e-01 -9.382480942782658317e-01 3.019443267448904678e-01 9.414770693645483357e-01 1.498350817634541421e-01 1.075490638439103586e-01 -7.979596696477280204e-01 3.011001062888225555e-01
1.586161711840214968e+09 9.189264118053209751e-01 -2.528918898588766728e-01 -3.026878621625977428e-01 -2.562138195392493767e-01 2.007344649250066282e-01 -9.455475417441832064e-01 2.998811908263184778e-01 9.464414228808630813e-01 1.196658044872520310e-01 1.020559330497128048e-01 -8.081483883161942883e-01 2.970470054419006578e-01
1.586161711840225935e+09 9.198128094869283400e-01 -2.605638748187751319e-01 -2.933442735312035698e-01 -2.555340215916623858e-01 1.695114062027167079e-01 -9.518236430171593820e-01 2.977360568695399112e-01 9.504590210057941579e-01 8.933582790924436690e-02 9.607396829394036775e-02 -8.182223784898601249e-01 2.934216888863886985e-01
1.586161711840235949e+09 9.207281628777437277e-01 -2.676432582959333284e-01 -2.839484751550387376e-01 -2.550180919663707080e-01 1.380401102633758703e-01 -9.570322362169386698e-01 2.953395048083367058e-01 9.535785308756242751e-01 5.884354401629338788e-02 8.958875898723309139e-02 -8.281331445879870357e-01 2.902387851705856558e-01
1.586161711840245962e+09 9.216698102406860604e-01 -2.740115764966706835e-01 -2.746678303097528917e-01 -2.548128759577428792e-01 1.063351588022240640e-01 -9.611260233074211401e-01 2.925665042062047250e-01 9.558297391498506990e-01 2.818422773528009295e-02 8.259272320893312758e-02 -8.378297067656111929e-01 2.875103669893362413e-01
1.586161711840255022e+09 9.226239036822091455e-01 -2.796097209886109214e-01 -2.656756226175689961e-01 -2.550500858417236727e-01 7.443100079149522763e-02 -9.640588572610042650e-01 2.893347305670808667e-01 9.572243364751731320e-01 -2.642662877496183838e-03 7.508561453448540923e-02 -8.472597893895870147e-01 2.852456459290023116e-01
1.586161711840265036e+09 9.235683506040103241e-01 -2.844332526534699701e-01 -2.571365915577075723e-01 -2.558399013050444148e-01 4.237990837661022997e-02 -9.657897745867383144e-01 2.856001521506034702e-01 9.577586692049738781e-01 -3.362863324630220585e-02 6.707476099245905654e-02 -8.563711335849935047e-01 2.834507273000044236e-01
1.586161711840291977e+09 9.244758569612506749e-01 -2.885241512853106149e-01 -2.491951126952784978e-01 -2.572668677093926104e-01 1.024785789544080394e-02 -9.662860552743376408e-01 2.813505800955388714e-01 9.574177749635395251e-01 -6.475380748275536003e-02 5.857500823090190656e-02 -8.651128656234896575e-01 2.821284473219620170e-01
1.586161711840302944e+09 9.253167636817768438e-01 -2.919602412847457917e-01 -2.419671558885542473e-01 -2.593884553535251158e-01 -2.189051190189329407e-02 -9.655249531462525292e-01 2.765981133773567358e-01 9.561799115629946444e-01 -9.598677366812254086e-02 4.960836305439236121e-02 -8.734368453333680726e-01 2.812783082591828188e-01
1.586161711840312958e+09 9.260613910492985212e-01 -2.948437354808500777e-01 -2.355365615480889963e-01 -2.622362915572482023e-01 -5.395681397480987795e-02 -9.634940529375765061e-01 2.713713832428406580e-01 9.540208772082606759e-01 -1.272860500109606607e-01 4.020335863216142891e-02 -8.812989206434989065e-01 2.808965177782570266e-01
1.586161711840323925e+09 9.266817259700966813e-01 -2.972904234239839294e-01 -2.299551762057793769e-01 -2.658194079595895820e-01 -8.587293732149658965e-02 -9.601905443285094766e-01 2.657085270556246437e-01 9.509175795247348795e-01 -1.586024461365413418e-01 3.039418286154094845e-02 -8.886600233347168309e-01 2.809761304965169848e-01
1.586161711840333939e+09 9.271524061342631962e-01 -2.994205672226048498e-01 -2.252459542231553813e-01 -2.701287491170590305e-01 -1.175638186120442075e-01 -9.556198029990248255e-01 2.596514489560394767e-01 9.468506074075105916e-01 -1.898816805982134481e-01 2.021962506668155413e-02 -8.954870542161047497e-01 2.815072833168068556e-01
1.586161711840342999e+09 9.274510856454255547e-01 -3.013520796891390741e-01 -2.214077866121978433e-01 -2.751420694216824003e-01 -1.489589523507710844e-01 -9.497937000101666083e-01 2.532416348367109715e-01 9.418057946572326866e-01 -2.210667769137478478e-01 9.721903878978782609e-03 -9.017535211080676127e-01 2.824775115550914872e-01
1.586161711840353966e+09 9.275583092289459985e-01 -3.031960304156561259e-01 -2.184210390298692572e-01 -2.808286512481608099e-01 -1.799928422243137482e-01 -9.427289354932518739e-01 2.465174473827878576e-01 9.357749431111513916e-01 -2.520999886968269821e-01 -1.054557207723088100e-03 -9.074399111349320535e-01 2.838721280510912992e-01
1.586161711840377092e+09 9.274570679377256432e-01 -3.050542040366100993e-01 -2.162529072690294041e-01 -2.871533783179869292e-01 -2.106047049595654308e-01 -9.344456089037762592e-01 2.395126817082145199e-01 9.287559373233478244e-01 -2.829241674147220942e-01 -1.206434206638096369e-02 -9.125337969132022442e-01 2.856746444290342857e-01
1.586161711840387106e+09 9.271322158666265301e-01 -3.070182178157304653e-01 -2.148619752349208711e-01 -2.940798787810194326e-01 -2.407377606093960565e-01 -9.249661377277559327e-01 2.322560643883036235e-01 9.207524883537286930e-01 -3.134836137105376230e-01 -2.326218415642999221e-02 -9.170296925500364127e-01 2.878672126006818766e-01
1.586161711840396881e+09 9.265699062821447507e-01 -3.091696262825263108e-01 -2.142016599538404953e-01 -3.015726247528409676e-01 -2.703384061776146763e-01 -9.143145512213600723e-01 2.247713527554461577e-01 9.117737047053624533e-01 -3.437245273588865890e-01 -3.460399100044857235e-02 -9.209286899425828121e-01 2.904310646003653296e-01
1.586161711840408087e+09 9.257571644021644897e-01 -3.115804788372466549e-01 -2.142224963349464162e-01 -3.095980215045500139e-01 -2.993554992007168014e-01 -9.025161220769665205e-01 2.170777231476767322e-01 9.018336268777343845e-01 -3.735951978616921521e-01 -4.604771652083062411e-02 -9.242379135940237411e-01 2.933469324409633261e-01
1.586161711840419054e+09 9.246816355116187491e-01 -3.143139485847349368e-01 -2.148734856677082250e-01 -3.181247039615491823e-01 -3.277398652767283815e-01 -8.895972425023903618e-01 2.091902147005029744e-01 8.909507970109271646e-01 -4.030460664724273556e-01 -5.755405969211725703e-02 -9.269698388469713723e-01 2.965954323191624109e-01
1.586161711840429068e+09 9.233315061718520012e-01 -3.174248168462949216e-01 -2.161027892713923704e-01 -3.271232750292507596e-01 -3.554440693004166651e-01 -8.755854481222182795e-01 2.011200957022286073e-01 8.791478826168611649e-01 -4.320297535063541972e-01 -6.908698108936592308e-02 -9.291415176737004566e-01 3.001574030291911943e-01
1.586161711840439081e+09 9.216955660357782909e-01 -3.209597421766247627e-01 -2.178580446581246388e-01 -3.365657112248358063e-01 -3.824224346632842386e-01 -8.605095025181387358e-01 1.928751042249448044e-01 8.664513406004061835e-01 -4.605011062546110479e-01 -8.061403948836740052e-02 -9.307737519644406765e-01 3.040141939371320268e-01
1.586161711840449095e+09 9.197633766660694432e-01 -3.249573258521822883e-01 -2.200865000157650186e-01 -3.464245927779499579e-01 -4.086312770508780945e-01 -8.443994797277460940e-01 1.844595693263125225e-01 8.528910927256113661e-01 -4.884172924385551950e-01 -9.210655866792047397e-02 -9.318902524009786692e-01 3.081479004950017919e-01
1.586161711840457916e+09 9.175254724498215220e-01 -3.294480954739081868e-01 -2.227351790012236654e-01 -3.566723676854501868e-01 -4.340292574990675112e-01 -8.272867859421855208e-01 1.758744716854487855e-01 8.385001826375789724e-01 -5.157379317500858651e-01 -1.035396417961730320e-01 -9.325168204234763891e-01 3.125415462389197208e-01
1.586161711840468884e+09 9.149735655183722782e-01 -3.344544928787397398e-01 -2.257511168658586365e-01 -3.672807053549140832e-01 -4.585778010236224445e-01 -8.092041054718048798e-01 1.671174979876582922e-01 8.233143949071909384e-01 -5.424252476836752823e-01 -1.148920567503240453e-01 -9.326805841973324629e-01 3.171792133644513179e-01
1.586161711840478897e+09 9.121007840802435318e-01 -3.399908639777076691e-01 -2.290815842931458179e-01 -3.782198621898866242e-01 -4.822415946192311620e-01 -7.901852825092684496e-01 1.581831084038079482e-01 8.073718208425972875e-01 -5.684442342435743756e-01 -1.261460190792475788e-01 -9.324093117104899076e-01 3.220461264903115572e-01
1.586161711840490103e+09 9.089018745610673022e-01 -3.460635873812594188e-01 -2.326743992762249080e-01 -3.894582110012996257e-01 -5.049890535075538534e-01 -7.702651219880725098e-01 1.490626866931323569e-01 7.907123684288573928e-01 -5.937628029518162709e-01 -1.372869007872747071e-01 -9.317308181132090139e-01 3.271286948813864615e-01
1.586161711840500116e+09 9.053733312222025376e-01 -3.526714206534372065e-01 -2.364783295278011788e-01 -4.009619907957052698e-01 -5.267926776270941414e-01 -7.494791239025335727e-01 1.397448149740640744e-01 7.733772327350509901e-01 -6.183518762765136678e-01 -1.483028921259653965e-01 -9.306724756066352411e-01 3.324145199082868540e-01
1.586161711840509892e+09 9.015134839411591550e-01 -3.598060192254780576e-01 -2.404434797863094497e-01 -4.126951910042699345e-01 -5.476293095943765010e-01 -7.278631870243361668e-01 1.302156590429345284e-01 7.554083452429061207e-01 -6.421854205734774945e-01 -1.591846403158241330e-01 -9.292608259011465588e-01 3.378923754831170134e-01
1.586161711840521097e+09 8.973225690939784505e-01 -3.674525749430027632e-01 -2.445215989083585062e-01 -4.246195119904678239e-01 -5.674803078443261262e-01 -7.054533086434380262e-01 1.204594425515727318e-01 7.368478171489352135e-01 -6.652404207373143752e-01 -1.699248846975188187e-01 -9.275212893755457877e-01 3.435521690802191830e-01
1.586161711840531111e+09 8.928028015183819832e-01 -3.755905245250510394e-01 -2.486662736646981509e-01 -4.366943667464324164e-01 -5.863316475214779278e-01 -6.822852992676669004e-01 1.104589875192202725e-01 7.177373873934517201e-01 -6.874968037260946740e-01 -1.805181034948550589e-01 -9.254779621553835822e-01 3.493848896850841879e-01
1.586161711840558052e+09 8.879584565138726182e-01 -3.841942903851645608e-01 -2.528330020216933427e-01 -4.488769104510914598e-01 -6.041739556181329185e-01 -6.583945253772309769e-01 1.001963025417541703e-01 6.981178832037828741e-01 -7.089373191106361771e-01 -1.909601826203034536e-01 -9.231534893426612820e-01 3.553825483915442618e-01
1.586161711840568066e+09 8.827959592662111277e-01 -3.932340342704139791e-01 -2.569791601765123445e-01 -4.611221066195901330e-01 -6.210024754435674588e-01 -6.338156898576753351e-01 8.965320611367469383e-02 6.780287014907369070e-01 -7.295473822227516170e-01 -2.012481136221391798e-01 -9.205690030300546223e-01 3.615381155048824624e-01
1.586161711840578079e+09 8.773239799406077344e-01 -4.026764038578843352e-01 -2.610638775618235319e-01 -4.733828341322895983e-01 -6.368169600472022296e-01 -6.085826584575090292e-01 7.881197148584406786e-02 6.575073181594286442e-01 -7.493148871049177817e-01 -2.113797260347723417e-01 -9.177441155717011023e-01 3.678454557573272443e-01
1.586161711840588093e+09 8.715534401646343188e-01 -4.124853768030140033e-01 -2.650479485512525213e-01 -4.856101988235673184e-01 -6.516213722887185256e-01 -5.827283435745944651e-01 6.765601243175602131e-02 6.365888793885111641e-01 -7.682299544670585512e-01 -2.213534571498496639e-01 -9.146969584404270881e-01 3.742992624913817346e-01
1.586161711840598106e+09 8.654973384925960245e-01 -4.226232755714625644e-01 -2.688938901831742778e-01 -4.977541781023582801e-01 -6.654232839395118893e-01 -5.562846679559749763e-01 5.617059310159622232e-02 6.153059567379668415e-01 -7.862845823193630457e-01 -2.311681591090493371e-01 -9.114442556408955953e-01 3.808949921898824309e-01
1.586161711840607882e+09 8.591704889917893828e-01 -4.330517669055603536e-01 -2.725660253882395967e-01 -5.097643852608012560e-01 -6.782331342542247121e-01 -5.292826159524378626e-01 4.434346235812140768e-02 5.936884562128306175e-01 -8.034722612669740194e-01 -2.408229405528423128e-01 -9.080014205787032555e-01 3.876288010911859150e-01
1.586161711840617895e+09 8.525890153379777070e-01 -4.437329919750140905e-01 -2.760308006876773246e-01 -5.215911796317275195e-01 -6.900631782522462787e-01 -5.017523809419135450e-01 3.216539362672440200e-02 5.717637992334392294e-01 -8.197875003064672983e-01 -2.503170397118669732e-01 -9.043826680292987863e-01 3.944974844776315548e-01
1.586161711840627909e+09 8.457695052398936930e-01 -4.546308552573663508e-01 -2.792574611797898343e-01 -5.331871962701851819e-01 -7.009260666727549216e-01 -4.737236148032808458e-01 1.963053831976593194e-02 5.495574899561844751e-01 -8.352252435828787513e-01 -2.596497264812309691e-01 -9.006011355449468070e-01 4.014984179910515150e-01
1.586161711840637922e+09 8.387278612401137812e-01 -4.657123370016112429e-01 -2.822190534220586633e-01 -5.445091323515033332e-01 -7.108331933214393494e-01 -4.452257590125999198e-01 6.736457783951595862e-03 5.270941004194531487e-01 -8.497802243870336003e-01 -2.688202301269956296e-01 -8.966690088372314404e-01 4.086295008518858185e-01
1.586161711840648890e+09 8.314780193765297645e-01 -4.769485855029199639e-01 -2.848935770613433283e-01 -5.555194342517917327e-01 -7.197931117615032903e-01 -4.162884034648920428e-01 -6.516269137792492575e-03 5.043985758377728112e-01 -8.634463592193177828e-01 -2.778276873779495504e-01 -8.925976452149371188e-01 4.158891022502925194e-01
1.586161711840660095e+09 8.240307082151228091e-01 -4.883156207076485567e-01 -2.872651156366669567e-01 -5.661875853197514408e-01 -7.278102826259846836e-01 -3.869416120860624808e-01 -2.012487149325019667e-02 4.814977127008143731e-01 -8.762162647035313112e-01 -2.866711059816084983e-01 -8.883976911145148314e-01 4.232760118407083993e-01
1.586161711840668917e+09 8.163922818167813622e-01 -4.997946742133854148e-01 -2.893249487829999689e-01 -5.764909498787366138e-01 -7.348841971256305783e-01 -3.572161837781380189e-01 -3.408558647495255056e-02 4.584217498132369673e-01 -8.880808929442030042e-01 -2.953493396785819014e-01 -8.840791916302650488e-01 4.307893947307930849e-01
1.586161711840679884e+09 8.085635802061359456e-01 -5.113722672305454076e-01 -2.910727421832690065e-01 -5.864152489367758792e-01 -7.410088107855301587e-01 -3.271438499845604198e-01 -4.839517423412960373e-02 4.352060970437638954e-01 -8.990292322981086048e-01 -3.038610735578269884e-01 -8.796516926433024519e-01 4.384287493790992585e-01
1.586161711840692997e+09 8.005389170573639079e-01 -5.230399860556843583e-01 -2.925177181537096938e-01 -5.959545333523857957e-01 -7.461723876851281689e-01 -2.967574134930781593e-01 -6.305265075219236570e-02 4.118931185403739148e-01 -9.090480858854231849e-01 -3.122048184297485651e-01 -8.751243355596999285e-01 4.461938675178297453e-01
1.586161711840703964e+09 7.923053336942436076e-01 -5.347939051549821521e-01 -2.936796509448650339e-01 -6.051105082188427131e-01 -7.503578709848106598e-01 -2.660908467504344288e-01 -7.806107454603053442e-02 3.885338398612467325e-01 -9.181219549946175729e-01 -3.203789126304979473e-01 -8.705059444422388326e-01 4.540847957171796900e-01
1.586161711840728045e+09 7.838423211022605974e-01 -5.466335919889433459e-01 -2.945894294244898459e-01 -6.138910438005990011e-01 -7.535439265592531743e-01 -2.351793730690704687e-01 -9.342912987858081886e-02 3.651893578833615983e-01 -9.262330867004341384e-01 -3.283815307985307741e-01 -8.658051059203205613e-01 4.621017976516029191e-01
1.586161711840739965e+09 7.751218276656143269e-01 -5.585609181944859447e-01 -2.952894395545003214e-01 -6.223082364460668092e-01 -7.557063824714446154e-01 -2.040596059326683920e-01 -1.091723932597124525e-01 3.419321049757070852e-01 -9.333615721983488100e-01 -3.362106997152837784e-01 -8.610302422392928090e-01 4.702453160112953223e-01
1.586161711840759039e+09 7.661086440022347732e-01 -5.705786616219590268e-01 -2.958336300306497191e-01 -6.303760184724691573e-01 -7.568201099265621234e-01 -1.727697802731450460e-01 -1.253140903693252262e-01 3.188468478233895120e-01 -9.394855329954484580e-01 -3.438643218984477334e-01 -8.561896776805639764e-01 4.785159328328653650e-01
1.586161711840775967e+09 7.567612615847864044e-01 -5.826888993956702567e-01 -2.962870899246623502e-01 -6.381073606061093972e-01 -7.568613804545335499e-01 -1.413500885986621602e-01 -1.418851283010814368e-01 2.960312442139599876e-01 -9.445814486511289187e-01 -3.513402078789535921e-01 -8.512916981981949460e-01 4.869143270949101154e-01
1.586161711840792894e+09 7.470333023663406902e-01 -5.948912207400927077e-01 -2.967249244879199277e-01 -6.455111680289912224e-01 -7.558107080058001914e-01 -1.098430973876171612e-01 -1.589231809285656105e-01 2.735957042831670960e-01 -9.486246957997083173e-01 -3.586361175524996892e-01 -8.463446035035543380e-01 4.954412290238940364e-01
1.586161711840823889e+09 7.368754685714330455e-01 -6.071808930960213013e-01 -2.972303938817643099e-01 -6.525891679332814777e-01 -7.536560211254342834e-01 -7.829418974364207862e-02 -1.764707399191119130e-01 2.516624030941583823e-01 -9.515903074017828533e-01 -3.657498100561898391e-01 -8.413567503687612303e-01 5.040973713784423493e-01
1.586161711840837955e+09 7.262379702126364744e-01 -6.195471202794947674e-01 -2.978922230357395340e-01 -6.593330751152542968e-01 -7.503959982339697410e-01 -4.675192320743185720e-02 -1.945721126399256040e-01 2.303632171959001107e-01 -9.534539744873561373e-01 -3.726791009556019718e-01 -8.363365858505321659e-01 5.128834385440983468e-01
1.586161711840852022e+09 7.150731188228339752e-01 -6.319716371794792398e-01 -2.988014134973819846e-01 -6.657225235019703646e-01 -7.460431650416134985e-01 -1.526820313420391290e-02 -2.132696808706590064e-01 2.098367125709914571e-01 -9.541931657680595702e-01 -3.794219242755482169e-01 -8.312926692152740049e-01 5.218000151884897297e-01
1.586161711840864897e+09 7.033378826070045831e-01 -6.444277918931176075e-01 -3.000477363620926430e-01 -6.717240284217819157e-01 -7.406264650330975918e-01 1.610184348072396521e-02 -2.325997697184305768e-01 1.902242376080848230e-01 -9.537882819961153169e-01 -3.859763962055427489e-01 -8.262336818735607213e-01 5.308475366834920495e-01
1.586161711840878010e+09 6.909960922115081505e-01 -6.568802446593229316e-01 -3.017163318335495115e-01 -6.772911978063715921e-01 -7.341929663506461257e-01 4.730033789875284778e-02 -2.525886661503563557e-01 1.716654670590987419e-01 -9.522236782770686636e-01 -3.923408767949516096e-01 -8.211684253728690486e-01 5.400262437722305187e-01
1.586161711840895891e+09 6.780200895668583305e-01 -6.692852991225529680e-01 -3.038847589013697892e-01 -6.823661708582268171e-01 -7.268085148082732427e-01 7.826743959374132809e-02 -2.732492769615391670e-01 1.542937828344093654e-01 -9.494884209606715419e-01 -3.985140252607272671e-01 -8.161058083920311734e-01 5.493361442948319073e-01
1.586161711840909958e+09 6.643917509094511287e-01 -6.815917887386647722e-01 -3.066206695868047838e-01 -6.868820569580607049e-01 -7.185573033859534720e-01 1.089423793106111121e-01 -2.945787526337508289e-01 1.382318180193873314e-01 -9.455767146580670302e-01 -4.044948458379287182e-01 -8.110548246674447181e-01 5.587769837202953838e-01
1.586161711840924978e+09 6.501028680912153135e-01 -6.937423871933556807e-01 -3.099802595024391261e-01 -6.907660592595274984e-01 -7.095404311878622527e-01 1.392645982110760072e-01 -3.165572817485611812e-01 1.235875275120902617e-01 -9.404879641628357545e-01 -4.102827215061312094e-01 -8.060245244404815601e-01 5.683482258183838454e-01
1.586161711840938091e+09 6.351548554825917625e-01 -7.056751399210660081e-01 -3.140078129993442713e-01 -6.939429379554318267e-01 -6.998736313990360225e-01 1.691747598319469359e-01 -3.391482106316689449e-01 1.104513340908897800e-01 -9.342264149244682292e-01 -4.158774342737484031e-01 -8.010239824244321794e-01 5.780490437747073385e-01
1.586161711840950966e+09 6.195580510331455404e-01 -7.173250219712918874e-01 -3.187359948676256050e-01 -6.963383699920345782e-01 -6.896845230943189353e-01 1.986155419676045031e-01 -3.622991805612040261e-01 9.889424496849781587e-02 -9.268005353885677700e-01 -4.212791727890264903e-01 -7.960622651444363429e-01 5.878783206086325430e-01
1.586161711840965986e+09 6.033308063266499266e-01 -7.286253979688330773e-01 -3.241866248665316030e-01 -6.978819271777256805e-01 -6.791096623217042216e-01 2.275321574856870865e-01 -3.859439780807067955e-01 8.896682641814163128e-02 -9.182222769569841070e-01 -4.264885294426282170e-01 -7.911483998883015456e-01 5.978346568793615479e-01
1.586161711840981007e+09 5.864984729639727279e-01 -7.395092823533052639e-01 -3.303718551792612645e-01 -6.985095192611220360e-01 -6.682916197097704680e-01 2.558725521766150868e-01 -4.100048695754032191e-01 8.069902454681110449e-02 -9.085062876399893073e-01 -4.315064896248584914e-01 -7.862913467371654974e-01 6.079163834545020517e-01
1.586161711840996027e+09 5.690924300547429704e-01 -7.499103784873171197e-01 -3.372954646326504768e-01 -6.981652323242527602e-01 -6.573762480249943918e-01 2.835873363468301989e-01 -4.343951136845942695e-01 7.410055998670596333e-02 -8.976691999485947315e-01 -4.363344151600432319e-01 -7.814999746344190035e-01 6.181215776634576553e-01
1.586161711841017008e+09 5.511492124814263427e-01 -7.597638988934681814e-01 -3.449541472278000453e-01 -6.968025827306917330e-01 -6.465102262548703127e-01 3.106295035533505611e-01 -4.590214664346485840e-01 6.916173438954853481e-02 -8.857290489580657011e-01 -4.409740234840816009e-01 -7.767830421037591471e-01 6.284480815513575624e-01
1.586161711841032982e+09 5.327097592421254912e-01 -7.690071583287447776e-01 -3.533387935363236920e-01 -6.943852393604218465e-01 -6.358389460575322172e-01 3.369539649045600327e-01 -4.837865770513554153e-01 6.585457713990387763e-02 -8.727048314604443080e-01 -4.454273646470570114e-01 -7.721491826104516232e-01 6.388935207059227572e-01
1.586161711841048956e+09 5.138188099525519137e-01 -7.775799677276877819e-01 -3.624356832569203268e-01 -6.908872920819897345e-01 -6.255047576257380948e-01 3.625169627166003883e-01 -5.085911723068621271e-01 6.413417332361810719e-02 -8.586162283484821689e-01 -4.496967974972987392e-01 -7.676068943740628203e-01 6.494553226907733290e-01
