1.586161712087804079e+09 8.894914705302329194e-01 -2.129299030509839707e-01 -4.043090159857375410e-01 -2.324622892482577363e-01 5.508889496573186051e-01 -8.015501541718064171e-01 3.934033657497383873e-01 8.069586246534170559e-01 4.405128491145058334e-01 1.439689380413022024e-01 -6.877364936758920688e-01 3.682185229311104591e-01
1.586161712087877989e+09 8.959118222196456038e-01 -2.060181344553685956e-01 -3.935715122430700763e-01 -2.382653091650065447e-01 5.248944153242782740e-01 -8.171386024658361391e-01 3.749288592593235103e-01 8.258585722768891912e-01 4.211721375067655759e-01 1.417575418984126090e-01 -6.977461922285072005e-01 3.604499253872379128e-01
1.586161712087898970e+09 9.010153920996230026e-01 -2.019186159059049857e-01 -3.839272534177862184e-01 -2.433772020675442072e-01 4.973274784356590539e-01 -8.327261957789813263e-01 3.590804937082637260e-01 8.437382604251937313e-01 3.989573251034002621e-01 1.394015282627727170e-01 -7.078748093550518705e-01 3.528805290610226297e-01
1.586161712087915897e+09 9.049811069497866178e-01 -2.005174348010292651e-01 -3.752358652522156945e-01 -2.477777953536067224e-01 4.685626849672603900e-01 -8.479712110773042211e-01 3.458545365337886701e-01 8.603730405784714153e-01 3.743566092987045679e-01 1.368697869194036854e-01 -7.181223842192921980e-01 3.455311793461958714e-01
1.586161712087929964e+09 9.079935477099086993e-01 -2.016138161182072785e-01 -3.672867907159643175e-01 -2.514683372647251725e-01 4.389325920447919027e-01 -8.626133869956392752e-01 3.351289198459706520e-01 8.756083880042273559e-01 3.478484702576137844e-01 1.341281105358298475e-01 -7.284857948639590353e-01 3.384235512854850692e-01
1.586161712087945938e+09 9.102336527467047578e-01 -2.049302019675341702e-01 -3.598309462735628239e-01 -2.544676311336018237e-01 4.087088183147778442e-01 -8.764720913793716539e-01 3.266816835373708150e-01 8.893597216539969041e-01 3.198724174760229633e-01 1.311396803422900936e-01 -7.389580273794837950e-01 3.315797893470582292e-01
1.586161712087960005e+09 9.118724723557128931e-01 -2.101259799034447817e-01 -3.526126300869144026e-01 -2.568113132838586998e-01 3.780915832373016872e-01 -8.894350479290078493e-01 3.202132785740109400e-01 9.016062486455184155e-01 2.908085778473689098e-01 1.278657334864653772e-01 -7.495275122122097011e-01 3.250221442869444255e-01
1.586161712087973118e+09 9.130671445004093778e-01 -2.168136582045918637e-01 -3.453986499932645282e-01 -2.585539268018372527e-01 3.472082467578817000e-01 -9.014412353274202649e-01 3.153700315736057691e-01 9.123805518180057028e-01 2.609664196232009403e-01 1.242663954627650919e-01 -7.601775642270705013e-01 3.187726159711057883e-01
1.586161712087987900e+09 9.139582015977150142e-01 -2.245764954045215145e-01 -3.380026680537528971e-01 -2.597726033454308969e-01 3.161201860377442774e-01 -9.124616282127003819e-01 3.117669009511174760e-01 9.217556216385163204e-01 2.305818157846509509e-01 1.203016526577323497e-01 -7.708859614140978200e-01 3.128526083437226935e-01
1.586161712088001966e+09 9.146675235855813435e-01 -2.329868662808245450e-01 -3.303035597838125947e-01 -2.605707511805954169e-01 2.848363965277412313e-01 -9.224809544225103242e-01 3.090084224937346691e-01 9.298308166968523025e-01 1.998210386076707534e-01 1.159324357849262493e-01 -7.816246935803260465e-01 3.072825974522270798e-01
1.586161712088013887e+09 9.152965540027859781e-01 -2.416248717219531550e-01 -3.222571019595568687e-01 -2.610801470655245149e-01 2.533315460744374747e-01 -9.314828420329454017e-01 3.067073120806064757e-01 9.367179668655836178e-01 1.687900340332529614e-01 1.111217793411062860e-01 -7.923599091940655148e-01 3.020818113402614635e-01
1.586161712088028908e+09 9.158701211629964867e-01 -2.503856241789110260e-01 -3.138295087030740227e-01 -2.613238641895735959e-01 2.216281567223854498e-01 -9.394630373691457148e-01 3.047814945342405268e-01 9.424372656399230275e-01 1.375508678419354314e-01 1.058317259286226247e-01 -8.030524416627176088e-01 2.972734300981150213e-01
1.586161712088042021e+09 9.164397583281442827e-01 -2.589761405813535977e-01 -3.050729882051785857e-01 -2.614370092507429244e-01 1.897021407642557334e-01 -9.463951544748521183e-01 3.029667635135314674e-01 9.470715161529319470e-01 1.061446363193754155e-01 1.000353992367167821e-01 -8.136589361029279432e-01 2.928756672085549018e-01
1.586161712088057041e+09 9.170388608389430374e-01 -2.671506404831952564e-01 -2.960916465691488808e-01 -2.615649570538802204e-01 1.575361233727165244e-01 -9.522426914941861664e-01 3.010373750828200246e-01 9.506907517306220079e-01 7.458950126231067568e-02 9.371153565519285689e-02 -8.241316530142780428e-01 2.889049751088795803e-01
1.586161712088073015e+09 9.176837932432005962e-01 -2.747192223110292431e-01 -2.870292749511650365e-01 -2.618557370093456127e-01 1.251280620983051262e-01 -9.569610971720892145e-01 2.988110253286317963e-01 9.533479518347078852e-01 4.289119019180312464e-02 8.684542501837047568e-02 -8.344193291271764235e-01 2.853757130383712259e-01
1.586161712088099957e+09 9.183756865742948028e-01 -2.815526097444135400e-01 -2.780543587550824425e-01 -2.624516383425207766e-01 9.249602214914887099e-02 -9.605017562961060129e-01 2.961506982672040267e-01 9.550772817563532024e-01 1.105215409741446692e-02 7.942966859749206465e-02 -8.444682557922446042e-01 2.822998269191649978e-01
1.586161712088133097e+09 9.191028981583438950e-01 -2.875824426337673656e-01 -2.693440206374116408e-01 -2.634811330365057214e-01 5.967910277626048421e-02 -9.628167518565582395e-01 2.929634027897167758e-01 9.558947346181209115e-01 -2.092131154284092298e-02 7.146469839912734934e-02 -8.542235379355027636e-01 2.796865596415337718e-01
1.586161712088151932e+09 9.198439693340462187e-01 -2.927971145576894196e-01 -2.610688069338716888e-01 -2.650522199324073513e-01 2.673512808027049548e-02 -9.638633482322209733e-01 2.891961151742607483e-01 9.558007548224695116e-01 -5.301437890198776315e-02 6.295901077389752520e-02 -8.636304771897564958e-01 2.775422141247368968e-01
1.586161712088166952e+09 9.205708023854360933e-01 -2.972338017227807994e-01 -2.533800802672829811e-01 -2.672480466713187397e-01 -6.263840311958136092e-03 -9.636074129462185445e-01 2.848295623506149066e-01 9.547841806922890973e-01 -8.520146144498833007e-02 5.392908555902052592e-02 -8.726360069113504592e-01 2.758699908022970160e-01
1.586161712088180065e+09 9.212517262482350366e-01 -3.009679166252932636e-01 -2.464012382563764980e-01 -2.701251983384211353e-01 -3.923693720920573558e-02 -9.620253844941216714e-01 2.798707457921179032e-01 9.528267293687798789e-01 -1.174461143316714862e-01 4.439898764118005436e-02 -8.811900993736428989e-01 2.746699151372668513e-01
1.586161712088195086e+09 9.218541301846403524e-01 -3.041014536892314712e-01 -2.402233724952972937e-01 -2.737146863359464777e-01 -7.209975245068239724e-02 -9.591047370389523818e-01 2.743450990786887589e-01 9.499073280255305729e-01 -1.497024886110843722e-01 3.439967451191545261e-02 -8.892470680409935158e-01 2.739388620604638058e-01
1.586161712088206053e+09 9.223464541396872995e-01 -3.067518242668609840e-01 -2.349049531455145168e-01 -2.780249982538897102e-01 -1.047686072751961434e-01 -9.548432539980231670e-01 2.682892452651227111e-01 9.460057386252506140e-01 -1.819176288450763679e-01 2.396805469528396140e-02 -8.967666977008224016e-01 2.736706764317610729e-01
1.586161712088216066e+09 9.226994516094048082e-01 -3.090423188960902956e-01 -2.304746565209040143e-01 -2.830464632696916283e-01 -1.371634699460687612e-01 -9.492475349311506605e-01 2.617449557746789890e-01 9.411052161765700586e-01 -2.140339938729657332e-01 1.314585627150958135e-02 -9.037151493432895588e-01 2.738563826159253201e-01
1.586161712088229895e+09 9.228867830944744721e-01 -3.110948457368329922e-01 -2.269360762701830292e-01 -2.887560597834945009e-01 -1.692095130584765905e-01 -9.423311939328005149e-01 2.547546344454494349e-01 9.351941712369794546e-01 -2.459917450533547489e-01 1.978372631962446726e-03 -9.100656027719443708e-01 2.744844718905042336e-01
1.586161712088239908e+09 9.228850567909910874e-01 -3.130250378089873831e-01 -2.242732659591174793e-01 -2.951220912436908761e-01 -2.008375382947084620e-01 -9.341130739378745718e-01 2.473582896445594426e-01 9.282669924024630204e-01 -2.777305667038721948e-01 -9.486843750495042860e-03 -9.157986190431401941e-01 2.755412516464054162e-01
1.586161712088251114e+09 9.226734902745047373e-01 -3.149394846034975215e-01 -2.224561789426058311e-01 -3.021082527801903783e-01 -2.319836094969612017e-01 -9.246157087984472334e-01 2.395918074379591312e-01 9.203242505924905670e-01 -3.091909440805674092e-01 -2.120127104277384419e-02 -9.209022237790236431e-01 2.770112372309848081e-01
1.586161712088264942e+09 9.222333826069051277e-01 -3.169346077002478945e-01 -2.214453490473748676e-01 -3.096767892323051274e-01 -2.625882561127509951e-01 -9.138641553274905460e-01 2.314862295289684679e-01 9.113725157468187676e-01 -3.403149473667393399e-01 -3.311663013044718884e-02 -9.253717293925687315e-01 2.788775660013334545e-01
1.586161712088274956e+09 9.215475702166373573e-01 -3.190966051634928080e-01 -2.211954623592986835e-01 -3.177906172599495593e-01 -2.925955660935392610e-01 -9.018852248007696026e-01 2.230677019551508822e-01 9.014239799006137366e-01 -3.710466400953340016e-01 -4.518596875983536820e-02 -9.292093293434448009e-01 2.811224128460111382e-01
1.586161712088287115e+09 9.205999997684736202e-01 -3.215019171435351542e-01 -2.216577493946827182e-01 -3.264144328950215890e-01 -3.219524090227616764e-01 -8.887070747733782916e-01 2.143577819238404736e-01 8.904960212495165450e-01 -4.013322536115461747e-01 -5.736458172939896266e-02 -9.324235053439722254e-01 2.837273897095687336e-01
1.586161712088298082e+09 9.193754695118904197e-01 -3.242178095820059669e-01 -2.227814134460847084e-01 -3.355150161442361778e-01 -3.506079071838781314e-01 -8.743590622804039425e-01 2.053738548352058713e-01 8.786107827891460609e-01 -4.311202528740935014e-01 -6.961074482908100047e-02 -9.350282951618636984e-01 2.866739139367009970e-01
1.586161712088308096e+09 9.178595451441892150e-01 -3.273028414689717058e-01 -2.245143770929546867e-01 -3.450609655121205654e-01 -3.785131925563871569e-01 -8.588717561840113479e-01 1.961295126114110388e-01 8.657947870542269664e-01 -4.603613812147872020e-01 -8.188625419096652591e-02 -9.370424675566987327e-01 2.899435354970641976e-01
1.586161712088320017e+09 9.160386215645043295e-01 -3.308071298161667784e-01 -2.268036305538131958e-01 -3.550220900295623094e-01 -4.056214287837645038e-01 -8.422770165049335844e-01 1.866348296656748784e-01 8.520785759760191036e-01 -4.890087330915416364e-01 -9.415677393633498093e-02 -9.384886462252286510e-01 2.935182184359628188e-01
1.586161712088330030e+09 9.139000979606132224e-01 -3.347724158861143939e-01 -2.295953847026414307e-01 -3.653686195019230087e-01 -4.318880593087015551e-01 -8.246080745055893724e-01 1.768965321410546354e-01 8.374963486795178325e-01 -5.170178751130322103e-01 -1.063920034509972107e-01 -9.393924225031060615e-01 2.973805743024278692e-01
1.586161712088346958e+09 9.114325884254034227e-01 -3.392320476218169678e-01 -2.328352524637888055e-01 -3.760704498345442404e-01 -4.572711776446329868e-01 -8.058995516109481727e-01 1.669181049852156984e-01 8.220855723251446756e-01 -5.443470017593873278e-01 -1.185656832259079779e-01 -9.397814958090607851e-01 3.015140460124196009e-01
1.586161712088380098e+09 9.086261377518778382e-01 -3.442109650141105814e-01 -2.364685042993209252e-01 -3.870964831847034660e-01 -4.817319620221605092e-01 -7.861874012614977758e-01 1.566998875445903272e-01 8.058865482150369131e-01 -5.709571060692881783e-01 -1.306554644472695537e-01 -9.396848737490913761e-01 3.059030436058775559e-01
1.586161712088397026e+09 9.054724723707870959e-01 -3.497256905554657069e-01 -2.404403113282683191e-01 -3.984139850969927732e-01 -5.052351888956416737e-01 -7.655087855868876190e-01 1.462391825615474428e-01 7.889419151819774267e-01 -5.968121616339387980e-01 -1.426426709858822084e-01 -9.391321555553761025e-01 3.105330357958658860e-01
1.586161712088414907e+09 9.019652123864086990e-01 -3.557844599231348992e-01 -2.446960847446107978e-01 -4.099881173244739330e-01 -5.277497069153199716e-01 -7.439018691558183516e-01 1.355304377550613226e-01 7.712960943711916206e-01 -6.218792773289023579e-01 -1.545119838782146315e-01 -9.381529161889654578e-01 3.153906017923542304e-01
1.586161712088454962e+09 8.981000052756957786e-01 -3.623875729681565461e-01 -2.491819167785698230e-01 -4.217817059673699132e-01 -5.492487899243011507e-01 -7.214055445503168018e-01 1.245655381636497361e-01 7.529946971855432380e-01 -6.461287898197254354e-01 -1.662510772347984833e-01 -9.367761992096227397e-01 3.204634494354802743e-01
1.586161712088551998e+09 8.938746129240626725e-01 -3.695279237193596078e-01 -2.538450120229155949e-01 -4.337551561942957767e-01 -5.697103825475122729e-01 -6.980591270962814843e-01 1.133342009728303540e-01 7.340839147360331829e-01 -6.695342898889652394e-01 -1.778502309608287479e-01 -9.350301178865628726e-01 3.257404067541247450e-01
1.586161712088577032e+09 8.892889783178876684e-01 -3.771916579015886506e-01 -2.586340395601021136e-01 -4.458664527385527432e-01 -5.891172538277548165e-01 -6.739020462906888387e-01 1.018244549836056084e-01 7.146099038756541511e-01 -6.920725872129097622e-01 -1.893019409141792619e-01 -9.329415579384862101e-01 3.312113940673004908e-01
1.586161712088591099e+09 8.843452912469796923e-01 -3.853589083246294344e-01 -2.634993696226664017e-01 -4.580712088677572624e-01 -6.074570725813245309e-01 -6.489735533959390956e-01 9.002318438322876037e-02 6.946181807376905493e-01 -7.137236226885129708e-01 -2.006005424905081269e-01 -9.305359723350233869e-01 3.368673825769214480e-01
1.586161712088603973e+09 8.790480629876533669e-01 -3.940045697025278404e-01 -2.683931857901361018e-01 -4.703227489294221630e-01 -6.247224113773878207e-01 -6.233124585569316256e-01 7.791671881397359278e-02 6.741530301364415667e-01 -7.344703378684320771e-01 -2.117418585598378200e-01 -9.278372555619424089e-01 3.427003449223461895e-01
1.586161712088620901e+09 8.734042077060230058e-01 -4.030990917619076686e-01 -2.732694866785121413e-01 -4.825722323135203662e-01 -6.409106739902421523e-01 -5.969569071510206770e-01 6.549145622068279493e-02 6.532569406076551566e-01 -7.542985079074936428e-01 -2.227228791192852608e-01 -9.248676852558074257e-01 3.487032013570049438e-01
1.586161712088645935e+09 8.674231291844883840e-01 -4.126092691953999747e-01 -2.780839910840363638e-01 -4.947688220744062559e-01 -6.560239460196027883e-01 -5.699442037445128229e-01 5.273450424968555844e-02 6.319700732542570254e-01 -7.731965460954924874e-01 -2.335414780458723027e-01 -9.216479210980186298e-01 3.548697629388891661e-01
1.586161712088659048e+09 8.611167133900660131e-01 -4.224991271531891024e-01 -2.827940834644219192e-01 -5.068600642108970211e-01 -6.700686426658664097e-01 -5.423106949471324656e-01 3.963434761756963465e-02 6.103298304497625226e-01 -7.911552419554229720e-01 -2.441961699482093906e-01 -9.181970507607426502e-01 3.611946724319164970e-01
1.586161712088670015e+09 8.544991293979897762e-01 -4.327309693114291811e-01 -2.873589153380606831e-01 -5.187926044460562380e-01 -6.830548461314339681e-01 -5.140917342055150163e-01 2.618151477573277264e-02 5.883706192879029073e-01 -8.081673978602872399e-01 -2.546859068442109408e-01 -9.145326713293153720e-01 3.676733442828978848e-01
1.586161712088681936e+09 8.475865389293329999e-01 -4.432664042219688350e-01 -2.917395312283181941e-01 -5.305130189077567060e-01 -6.949955032721518711e-01 -4.853217362027582027e-01 1.236915858692891682e-02 5.661237899837527898e-01 -8.242274313875590508e-01 -2.650099116115342546e-01 -9.106709946036638526e-01 3.743019055259149130e-01
1.586161712088699102e+09 8.403965482753332772e-01 -4.540674854076632294e-01 -2.958992404685509836e-01 -5.419689830158175292e-01 -7.059053139052126058e-01 -4.560343294963404848e-01 -1.806484952017047355e-03 5.436178867197939413e-01 -8.393308824128142831e-01 -2.751675448018191528e-01 -9.066269675750189272e-01 3.810771382960005949e-01
1.586161712088712931e+09 8.329473026991731643e-01 -4.650979845480374131e-01 -2.998043626482511104e-01 -5.531108425379865912e-01 -7.157992599798199684e-01 -4.262626135485655388e-01 -1.634585845009819266e-02 5.208793377041944783e-01 -8.534738008783978591e-01 -2.851582020987807886e-01 -9.024144021965171403e-01 3.879964233339337487e-01
1.586161712088722944e+09 8.252562624430027638e-01 -4.763246602805605301e-01 -3.034253111963681748e-01 -5.638934094542993325e-01 -7.246909259425907690e-01 -3.960394993690270482e-01 -3.124618970665683088e-02 4.979336101632197975e-01 -8.666520615680137762e-01 -2.949812387923587131e-01 -8.980461087888003124e-01 3.950576844503601581e-01
1.586161712088736057e+09 8.173388425331492568e-01 -4.877182852901486010e-01 -3.067378210257213356e-01 -5.742776148413027970e-01 -7.325909265822379002e-01 -3.653980785548215371e-01 -4.650202017650537090e-02 4.748067067214462034e-01 -8.788607134769926832e-01 -3.046359157027431763e-01 -8.935340269683653691e-01 4.022593354513028241e-01
1.586161712088748932e+09 8.092070991516986389e-01 -4.992542724866987358e-01 -3.097241389586360416e-01 -5.842317162819382625e-01 -7.395057102226189061e-01 -3.343719585557283769e-01 -6.210614041803038526e-02 4.515268277921434259e-01 -8.900934509520840310e-01 -3.141213613556564366e-01 -8.888893500350371069e-01 4.096002306754662481e-01
1.586161712088761091e+09 8.008684981566587258e-01 -5.109129283708173652e-01 -3.123741801930056683e-01 -5.937320194184007027e-01 -7.454367823007757021e-01 -3.029955332020698444e-01 -7.805086857684642720e-02 4.281261303402587592e-01 -9.003422009190314990e-01 -3.234365461431937816e-01 -8.841226407025006839e-01 4.170796197052293319e-01
1.586161712088783979e+09 7.923247169325847716e-01 -5.226794333110884594e-01 -3.146867539295183369e-01 -6.027631932827856032e-01 -7.503802826709048412e-01 -2.713041920654099548e-01 -9.432961397262414061e-02 4.046426097621559359e-01 -9.095967692412376682e-01 -3.325802673298166590e-01 -8.792439388343681328e-01 4.246971046374390379e-01
1.586161712088799953e+09 7.835705850931056204e-01 -5.345435159377613932e-01 -3.166707563276763837e-01 -6.113180532319448801e-01 -7.543270161504981308e-01 -2.393344750097315399e-01 -1.109386149341784339e-01 3.811220047916106801e-01 -9.178445628218100394e-01 -3.415511434390010037e-01 -8.742628612316610814e-01 4.324525990447974921e-01
1.586161712088814974e+09 7.745933108954854429e-01 -5.464987832597897333e-01 -3.183461681549465960e-01 -6.193966812163423930e-01 -7.572630461254381551e-01 -2.071241914914724591e-01 -1.278786703521366530e-01 3.576195731912339415e-01 -9.250704226495080063e-01 -3.503476163378519970e-01 -8.691886932809416155e-01 4.403462882903008135e-01
1.586161712088833094e+09 7.653722056536901297e-01 -5.585416585808250511e-01 -3.197445896492777662e-01 -6.270047461130612287e-01 -7.591709830571723439e-01 -1.747125275007349599e-01 -1.451565895309115950e-01 3.342014876894727760e-01 -9.312566404935579412e-01 -3.589679605077957247e-01 -8.640304728835118686e-01 4.483785902320824301e-01
1.586161712088850975e+09 7.558787141214898808e-01 -5.706701410623851167e-01 -3.209095819779750891e-01 -6.341514013860723997e-01 -7.600316827324364866e-01 -1.421402187734856493e-01 -1.627862708605428699e-01 3.109460268304836683e-01 -9.363830406084382441e-01 -3.674102995612231748e-01 -8.587970670515411298e-01 4.565501152102812155e-01
1.586161712088881016e+09 7.460768467537166604e-01 -5.828823808114509397e-01 -3.218966744857801876e-01 -6.408467830467005077e-01 -7.598263863152467934e-01 -1.094498229683420615e-01 -1.807892135113556842e-01 2.879444270277400908e-01 -9.404271729076429942e-01 -3.756726306793816139e-01 -8.534972414101853477e-01 4.648616240043176862e-01
1.586161712088923931e+09 7.359241144570446425e-01 -5.951750812850884476e-01 -3.227728621574335599e-01 -6.470991800460786925e-01 -7.585393158285604898e-01 -7.668610014875379410e-02 -1.991942500986569609e-01 2.653012047010812613e-01 -9.433646812517620939e-01 -3.837528578960923697e-01 -8.481397224348627972e-01 4.733139825111085108e-01
1.586161712088954926e+09 7.253730655746478684e-01 -6.075417722264442322e-01 -3.236153749533353108e-01 -6.529120096698404208e-01 -7.561607024675888189e-01 -4.389647027501809157e-02 -2.180362898658954884e-01 2.431336819494651635e-01 -9.451699261638943916e-01 -3.916488345980502772e-01 -8.427332516147834074e-01 4.819081125409258592e-01
1.586161712089083910e+09 7.143733680936040775e-01 -6.199710905358367663e-01 -3.245096886470483222e-01 -6.582809139703006407e-01 -7.526900615347953405e-01 -1.113148683529430888e-02 -2.373540174390387780e-01 2.215705720970730652e-01 -9.458168703864263671e-01 -3.993584146519500999e-01 -8.372866302626307267e-01 4.906449390253027065e-01
1.586161712089133024e+09 7.028743873518488172e-01 -6.324452146254372353e-01 -3.255466883099054631e-01 -6.631912742408785366e-01 -7.481395090813079962e-01 2.155479418440290826e-02 -2.571865659625131584e-01 2.007494102106018863e-01 -9.452802467575186496e-01 -4.068795108936285043e-01 -8.318087536264959780e-01 4.995253345494716779e-01
1.586161712089171886e+09 6.908279277221383019e-01 -6.449386769632086125e-01 -3.268193345007007755e-01 -6.676166024685097344e-01 -7.425367055646961978e-01 5.410465254970370230e-02 -2.775695349389393773e-01 1.808130086440196127e-01 -9.435368617602222230e-01 -4.142101584422353544e-01 -8.263086330607471997e-01 5.085500631363566448e-01
1.586161712089193106e+09 6.781909189127267590e-01 -6.574176936920811398e-01 -3.284190215141241653e-01 -6.715180371495935718e-01 -7.359271269817517780e-01 8.645686777309369297e-02 -2.985307415130388775e-01 1.619050340153387613e-01 -9.405669336382270762e-01 -4.213485795964106440e-01 -8.207954055757151757e-01 5.177197257208854264e-01
1.586161712089215040e+09 6.649277189830533619e-01 -6.698401123060997442e-01 -3.304320696317834538e-01 -6.748450972633848188e-01 -7.283753462666213707e-01 1.185472483043972375e-01 -3.200862751999150047e-01 1.441651106918997172e-01 -9.363552731785550476e-01 -4.282932465551940182e-01 -8.152783308708811960e-01 5.270347100647588823e-01
1.586161712089236975e+09 6.510118169321910120e-01 -6.821559684819259450e-01 -3.329367042645366981e-01 -6.775376087631876931e-01 -7.199651693216090331e-01 1.503094943946014506e-01 -3.422373493240822850e-01 1.277238813599340939e-01 -9.308921565785316377e-01 -4.350429375135518306e-01 -8.097667769053714659e-01 5.364951482495988744e-01
1.586161712089257002e+09 6.364268647629870435e-01 -6.943085605647919545e-01 -3.360006974721925777e-01 -6.795285273256609360e-01 -7.107986348633118512e-01 1.816763101151694648e-01 -3.649682543828153269e-01 1.126983746182085161e-01 -9.241738202159941462e-01 -4.415967830281491424e-01 -8.042701960766466263e-01 5.461008837219493151e-01
1.586161712089277029e+09 6.211670266320923339e-01 -7.062358978318903358e-01 -3.396798224888076256e-01 -6.807473056404217404e-01 -7.009939992276855714e-01 2.125806184487999961e-01 -3.882455810943976071e-01 9.918805319268814147e-02 -9.162025426650857174e-01 -4.479542999675221182e-01 -7.987980947650329400e-01 5.558514494186195254e-01
1.586161712089297056e+09 6.052366192405722600e-01 -7.178722970069748577e-01 -3.440174415455862778e-01 -6.811234313407293905e-01 -6.906829573693852309e-01 2.429566300970260051e-01 -4.120188179707857667e-01 8.727209074048611348e-02 -9.069862601700156013e-01 -4.541154117397951384e-01 -7.933599994119636678e-01 5.657460573677931537e-01
1.586161712089315891e+09 5.886493280775172421e-01 -7.291499524786647646e-01 -3.490448617608444271e-01 -6.805897204201086792e-01 -6.800074680925255466e-01 2.727406757835433848e-01 -4.362219634172476712e-01 7.700772927763616105e-02 -8.965379013657783780e-01 -4.600804556146608215e-01 -7.879654221179618334e-01 5.757835985607625551e-01
1.586161712089335918e+09 5.714272060282573618e-01 -7.400003719705988692e-01 -3.547821836867141032e-01 -6.790851198855858417e-01 -6.691164651343229908e-01 3.018717549989075044e-01 -4.607758115590069870e-01 6.842956814245537700e-02 -8.848745933788730866e-01 -4.658501793703015981e-01 -7.826238280801872671e-01 5.859626509102170422e-01
1.586161712089356899e+09 5.535995701230705945e-01 -7.503555812106711409e-01 -3.612395574586842462e-01 -6.765568930625784905e-01 -6.581626935729834038e-01 3.302917493190810627e-01 -4.855906576201236002e-01 6.154974214628994300e-02 -8.720168248349522422e-01 -4.714257299933363177e-01 -7.773446063748424839e-01 5.962814928632935718e-01
1.586161712089378119e+09 5.352019473612588119e-01 -7.601490948436643302e-01 -3.684185518082291333e-01 -6.729621559299655553e-01 -6.472998164136226640e-01 3.579453656453394639e-01 -5.105691065734822010e-01 5.635868610672564727e-02 -8.579876958526446717e-01 -4.768086365009943650e-01 -7.721370450627133009e-01 6.067381208345832277e-01
1.586161712089400053e+09 5.162751318518584709e-01 -7.693166644605576865e-01 -3.763135104962701538e-01 -6.682688100430336231e-01 -6.366798657916589166e-01 3.847798675206066110e-01 -5.356087995139759972e-01 5.282630496430198302e-02 -8.428123134532780059e-01 -4.820007884856096769e-01 -7.670103112376035481e-01 6.173302690528490455e-01
1.586161712089437008e+09 4.968643742464859958e-01 -7.777967968215045991e-01 -3.849128948557759555e-01 -6.624559414662515300e-01 -6.264510997984421570e-01 4.107446233456710782e-01 -5.606049585792507450e-01 5.090346383060639912e-02 -8.265173428959935453e-01 -4.870044124992904955e-01 -7.619734359823423508e-01 6.280554301340628420e-01
1.586161712089457035e+09 4.770187317142388639e-01 -7.855310765649891058e-01 -3.942005295681208499e-01 -6.555137800547016225e-01 -6.167562653665834560e-01 4.357905388136064095e-01 -5.854526574506233594e-01 5.052362905900924239e-02 -8.091307367243943949e-01 -4.918220476559319043e-01 -7.570353040121117205e-01 6.389108753101044869e-01
