1.586161710838738918e+09 1.349137472546666494e-01 -8.993209320216061231e-01 -4.159568993857764019e-01 -5.133467729796666879e-01 2.956237824237475387e-01 -8.056560494799882566e-01 8.475101011309394972e-01 3.222242085978573867e-01 -4.217797860218729933e-01 2.966190045185881918e-01 -4.167074643319346738e-01 7.127959204055764886e-01
1.586161710838804960e+09 1.501340744933542803e-01 -8.907997324961546282e-01 -4.288771343612899911e-01 -4.991292832417038028e-01 3.061610302398682926e-01 -8.106388729267534066e-01 8.534223563580514149e-01 3.357696535720960940e-01 -3.986590290342301723e-01 2.889847759314949638e-01 -4.197395752595844964e-01 7.072309846931839061e-01
1.586161710838831902e+09 1.655920577465651855e-01 -8.818630173695571894e-01 -4.414712778021697703e-01 -4.850651208534568215e-01 3.169288079691576221e-01 -8.150263549958577380e-01 8.586565663798990666e-01 3.491042099248060082e-01 -3.752800975909618142e-01 2.815980565732000840e-01 -4.228567177704600222e-01 7.013860337116085697e-01
1.586161710838854074e+09 1.812826053689430561e-01 -8.725102986301367380e-01 -4.537206143570137740e-01 -4.711745143181517714e-01 3.279060771617846592e-01 -8.188236572951000936e-01 8.632098204337124159e-01 3.622200759989833707e-01 -3.516609481785853419e-01 2.744630254390831303e-01 -4.260612248421077886e-01 6.952814356538984386e-01
1.586161710838874102e+09 1.971986238750938203e-01 -8.627430871415959768e-01 -4.656039824248902059e-01 -4.574735813570588450e-01 3.390714717266425371e-01 -8.220392080395272361e-01 8.670816715575804245e-01 3.751065218889255704e-01 -3.278177422177369627e-01 2.675820498444313467e-01 -4.293558661818222544e-01 6.889378431682219306e-01
1.586161710838887930e+09 2.133306798324484110e-01 -8.525650602844756509e-01 -4.770983537445683265e-01 -4.439740028700220331e-01 3.504040166308438065e-01 -8.246842486946259765e-01 8.702741555820188157e-01 3.877497172497063049e-01 -3.037647954143849471e-01 2.609556798501191377e-01 -4.327437328699223484e-01 6.823760421713381819e-01
1.586161710838901997e+09 2.296667037910899434e-01 -8.419822316379194094e-01 -4.881794003247814651e-01 -4.306827074883164408e-01 3.618838221334841898e-01 -8.267723416399161973e-01 8.727918484426119283e-01 4.001325043100896206e-01 -2.795145225769926078e-01 2.545826586301191408e-01 -4.362281142785131571e-01 6.756168011603508328e-01
1.586161710838913918e+09 2.461917535745936358e-01 -8.310030909829824175e-01 -4.988220959219046291e-01 -4.176016473347410884e-01 3.734927566596620285e-01 -8.283187943256745678e-01 8.746419179856177450e-01 4.122341854187416277e-01 -2.550774230155892774e-01 2.484599500372521030e-01 -4.398123692821017117e-01 6.686807210094524168e-01
1.586161710838927031e+09 2.628878743086952019e-01 -8.196386751633111256e-01 -5.090013829603619033e-01 -4.047277665797856527e-01 3.852150696017052622e-01 -8.293399696712357994e-01 8.758341170559106326e-01 4.240304145506674782e-01 -2.304621596004053086e-01 2.425827846491278028e-01 -4.434997940448391351e-01 6.615880855394979942e-01
1.586161710838937998e+09 2.797340985230583610e-01 -8.079025353777188334e-01 -5.186929029754523413e-01 -3.920532520441615820e-01 3.970379071707640373e-01 -8.298524857036417846e-01 8.763806717385863587e-01 4.354932763442709298e-01 -2.056757752938306871e-01 2.369447247865334449e-01 -4.472934886339827720e-01 6.543587138771213008e-01
1.586161710838951111e+09 2.967066440688050366e-01 -7.958105611026414783e-01 -5.278737712240333391e-01 -3.795661619102135842e-01 4.089516405804222710e-01 -8.298723302995387741e-01 8.762960094688871937e-01 4.465916553695813418e-01 -1.807240914320025760e-01 2.315377491697537260e-01 -4.511962250325396440e-01 6.470118155128793402e-01
1.586161710838969946e+09 3.137793964253235979e-01 -7.833805997895745277e-01 -5.365233698504128235e-01 -3.672515621753630333e-01 4.209498996296441309e-01 -8.294139330147547451e-01 8.755962428955114119e-01 4.572920489327908511e-01 -1.556123436327474518e-01 2.263877191930602217e-01 -4.552243851519134910e-01 6.395489226700470375e-01
1.586161710838988066e+09 3.309299986027264273e-01 -7.706277945664982143e-01 -5.446266045739331929e-01 -3.551026811053673016e-01 4.330260139260867502e-01 -8.284869083651957844e-01 8.742925265674891255e-01 4.675695388360112670e-01 -1.303506978181469267e-01 2.214943575085640270e-01 -4.593790567514313694e-01 6.319833845122696525e-01
1.586161710838999987e+09 3.481361196000170022e-01 -7.575675239675075945e-01 -5.521708875003636940e-01 -3.431136242424582261e-01 4.451744836252696236e-01 -8.270989784697088121e-01 8.723957148023210317e-01 4.774003832232101008e-01 -1.049504215029241627e-01 2.168562643123460587e-01 -4.636613405355626827e-01 6.243287264932959602e-01
1.586161710839014053e+09 3.653766573864137834e-01 -7.442145981782858355e-01 -5.591462512069810264e-01 -3.312811975489097782e-01 4.573899641964374596e-01 -8.252558324546381829e-01 8.699153214568453585e-01 4.867638571774047240e-01 -7.942468710149520883e-02 2.124708639850447778e-01 -4.680722956105347610e-01 6.165985653314507431e-01
1.586161710839025974e+09 3.826330721855793482e-01 -7.305824003559914237e-01 -5.655451250813322561e-01 -3.196067107854864142e-01 4.696659750130421362e-01 -8.229613736581973260e-01 8.668583982460444926e-01 4.956442558420902644e-01 -5.378930304256035466e-02 2.083343641689162362e-01 -4.726128802698681963e-01 6.088065108838139894e-01
1.586161710839035988e+09 3.998907639652586332e-01 -7.166820265291242720e-01 -5.713617504600269070e-01 -3.080976253758081485e-01 4.819934157571451050e-01 -8.202183859204841276e-01 8.632283766497804711e-01 5.040329554321695271e-01 -2.806331530056721535e-02 2.044417302590376406e-01 -4.772838890283634394e-01 6.009660561320681049e-01
1.586161710839051008e+09 4.171403765388426721e-01 -7.025214945687107138e-01 -5.765912382904669897e-01 -2.967689091245844790e-01 4.943590001638466513e-01 -8.170296161899286425e-01 8.590239350331126955e-01 5.119303944595554601e-01 -2.269438140247659330e-03 2.007866779164276805e-01 -4.820858869912464373e-01 5.930904570926430752e-01
1.586161710839063883e+09 4.343789049292886006e-01 -6.881050941692107292e-01 -5.812283083902316516e-01 -2.856440046032447944e-01 5.067437129702273557e-01 -8.133992329703940705e-01 8.542379467746764599e-01 5.193478496055476956e-01 2.356568439575361038e-02 1.973616862408721639e-01 -4.870191430882921391e-01 5.851926049418391118e-01
1.586161710839073896e+09 4.516105182871832935e-01 -6.734329289904282811e-01 -5.852657772902076783e-01 -2.747554123443872731e-01 5.191213459746979453e-01 -8.093345981349987506e-01 8.488565269139806135e-01 5.263089572219236123e-01 4.941131797743930631e-02 1.941580348014298740e-01 -4.920835645540083125e-01 5.772848932017188295e-01
1.586161710839083910e+09 4.688469884329023452e-01 -6.585007182519536650e-01 -5.886928788786353062e-01 -2.641448881423300588e-01 5.314571584361315049e-01 -8.048482881964307278e-01 8.428582203619895408e-01 5.328509106277262708e-01 7.523248960512088357e-02 1.911658676791421485e-01 -4.972786357391081880e-01 5.693790837183847486e-01
1.586161710839092970e+09 4.861076250334220306e-01 -6.432999209504334237e-01 -5.914935238300490505e-01 -2.538632856225056522e-01 5.437066728748511935e-01 -7.999603029411909150e-01 8.362133754161904520e-01 5.390252922874849695e-01 1.009897278450376246e-01 1.883742865603822703e-01 -5.026033645793492877e-01 5.614861761471503510e-01
1.586161710839102030e+09 5.034186350052747283e-01 -6.278182386296733419e-01 -5.936446220734398205e-01 -2.439700947136645703e-01 5.558145832854204382e-01 -7.947004102742846188e-01 8.288837499577440537e-01 5.448985303716942230e-01 1.266385436410180365e-01 1.857714727626651741e-01 -5.080562396775160083e-01 5.536162863263850431e-01
1.586161710839111090e+09 5.208118177236532587e-01 -6.120405567510396327e-01 -5.951146171575845134e-01 -2.345326988225845122e-01 5.677137513673268243e-01 -7.891105815339749530e-01 8.208224313657305204e-01 5.505519535441889545e-01 1.521285071782740583e-01 1.833448365773084898e-01 -5.136352008892005605e-01 5.457785391427091293e-01
1.586161710839123011e+09 5.383225217327951562e-01 -5.959503770916859677e-01 -5.958624092715348874e-01 -2.256253515443436275e-01 5.793242662261050002e-01 -7.832474675985442447e-01 8.119741766017771756e-01 5.560814173822228312e-01 1.774017865039873576e-01 1.810811920718798651e-01 -5.193376270724682220e-01 5.379809817386113080e-01
1.586161710839133024e+09 5.559868456383542101e-01 -5.795317667680884854e-01 -5.958368559657311048e-01 -2.173278813963009648e-01 5.905525176169003077e-01 -7.771848661043215811e-01 8.022762738477164923e-01 5.615965236679038020e-01 2.023910203193601265e-01 1.789669545568504938e-01 -5.251603451075887996e-01 5.302305232549938685e-01
1.586161710839143038e+09 5.738380212903551048e-01 -5.627718710074289810e-01 -5.949770975993312616e-01 -2.097239980963865602e-01 6.012903464169795376e-01 -7.710160595770181313e-01 7.916601354620664832e-01 5.672193056149270607e-01 2.270164957413109419e-01 1.769883555699328648e-01 -5.310996636782416847e-01 5.225329071787017110e-01
1.586161710839152098e+09 5.919019441860385866e-01 -5.456640164005573945e-01 -5.932140168756603327e-01 -2.028989877129575292e-01 6.114144525465512459e-01 -7.648557826150721439e-01 7.800539015935904485e-01 5.730821481928394245e-01 2.511827265399823594e-01 1.751316678109693659e-01 -5.371514342732810476e-01 5.148927216100511739e-01
1.586161710839164019e+09 6.101920242747976841e-01 -5.282113323215683609e-01 -5.904731002017404862e-01 -1.969366754609557513e-01 6.207862055234597554e-01 -7.588415072250774829e-01 7.673862388062163697e-01 5.793248446200320867e-01 2.747746075924528686e-01 1.733834303884812800e-01 -5.433111405692905294e-01 5.073134514239350246e-01
1.586161710839173079e+09 6.287037005395916811e-01 -5.104307443499204178e-01 -5.866788834563299027e-01 -1.919155805331220210e-01 6.292520204486994340e-01 -7.531336567351909483e-01 7.535914456903307634e-01 5.860907354150020065e-01 2.976534611319365808e-01 1.717306637111023493e-01 -5.495740163715239213e-01 4.997975748091596504e-01
1.586161710839181900e+09 6.474091457103513525e-01 -4.923571268776377741e-01 -5.817609971515338430e-01 -1.879042935709793194e-01 6.366444364775408760e-01 -7.479143254125045770e-01 7.386158505280333575e-01 5.935219635961387352e-01 3.196534125556859673e-01 1.701610624158743368e-01 -5.559351907847627228e-01 4.923467047827199128e-01
1.586161710839250088e+09 6.662528137428226360e-01 -4.740473744215116247e-01 -5.756615977527066441e-01 -1.849562477243260339e-01 6.427839888650218603e-01 -7.433841068276650921e-01 7.224253419921569108e-01 6.017539618639853316e-01 3.405786175162415219e-01 1.686631543324834948e-01 -5.623898575128657429e-01 4.849617741063160792e-01
1.586161710839267015e+09 6.851484405790111420e-01 -4.555841575740568472e-01 -5.683438130947168210e-01 -1.831040748126782913e-01 6.474821302110054244e-01 -7.397565741795527616e-01 7.050138383791086927e-01 6.109091311979336636e-01 3.602020560653474979e-01 1.672264137441024923e-01 -5.689334631568934153e-01 4.776432596430157385e-01
1.586161710839282990e+09 7.039781419414234964e-01 -4.370791020667998406e-01 -5.598005308576771144e-01 -1.823539779156760909e-01 6.505453821350173360e-01 -7.372501154415573854e-01 6.864122686519078531e-01 6.210898199737080461e-01 3.782666163566774653e-01 1.658413187017725443e-01 -5.755619078966079938e-01 4.703914402610551715e-01
1.586161710839298964e+09 7.225941051089895817e-01 -4.186750729725229880e-01 -5.500626715898355723e-01 -1.826806232067661184e-01 6.517810773744499020e-01 -7.360769098938270139e-01 6.666974946085096887e-01 6.323706275619364048e-01 3.944893409972196618e-01 1.644993439892097065e-01 -5.822717500929871504e-01 4.632066804277155669e-01
1.586161710839308977e+09 7.408232605996191156e-01 -4.005471093975290220e-01 -5.392058139998017197e-01 -1.840232466189073157e-01 6.510050252026702289e-01 -7.364291561733306013e-01 6.460002642499399483e-01 6.447902530809475063e-01 4.085696858573543699e-01 1.631928838445830254e-01 -5.890604044744738310e-01 4.560897298257104993e-01
1.586161710839318991e+09 7.584751046547817399e-01 -3.829014391259113470e-01 -5.273537746879032317e-01 -1.862838676684641648e-01 6.480511600174956310e-01 -7.384632792792831246e-01 6.245108777433807656e-01 6.583435137282032112e-01 4.202023103136836024e-01 1.619151018032112810e-01 -5.959263218920135552e-01 4.490420278341147320e-01
1.586161710839328051e+09 7.753524392021472478e-01 -3.659718999171455156e-01 -5.146777279401850702e-01 -1.893284480862253427e-01 6.427829771686887073e-01 -7.422834924776884336e-01 6.024809822099540524e-01 6.729744518807736497e-01 4.290944572840147964e-01 1.606597091291795676e-01 -6.028691378580484095e-01 4.420660011722006288e-01
1.586161710839337111e+09 7.912642915034633351e-01 -3.500131399788498632e-01 -5.013896917339089043e-01 -1.929916249758421298e-01 6.351059944902036625e-01 -7.479268738648515713e-01 5.802198323380901579e-01 6.885718392105214525e-01 4.349870900251645023e-01 1.594206775976548529e-01 -6.098897765631037249e-01 4.351653428464433149e-01
1.586161710839345932e+09 8.060396782981349428e-01 -3.352903010008744245e-01 -4.877298957488028774e-01 -1.970851563955657304e-01 6.249797579723652685e-01 -7.553527278369989162e-01 5.580837556288344992e-01 7.049685924395296954e-01 4.376777415608493205e-01 1.581918968069952192e-01 -6.169904966437380622e-01 4.283452604131623431e-01
1.586161710839354992e+09 8.195403713452733552e-01 -3.220655020612813169e-01 -4.739487232397847083e-01 -2.014094355599319597e-01 6.124273516793312666e-01 -7.644389958524658857e-01 5.364585903527122612e-01 7.219463632715173995e-01 4.370419081467735722e-01 1.569667909424420360e-01 -6.241748663665442898e-01 4.216126829276592991e-01
1.586161710839365005e+09 8.316707426929613733e-01 -3.105820648136684570e-01 -4.602852994697659850e-01 -2.057665536500112857e-01 5.975403866918675977e-01 -7.749874914271754900e-01 5.157362710816880691e-01 7.392457422461854444e-01 4.330494560005863081e-01 1.557379140836453735e-01 -6.314476579916250554e-01 4.149764177178016378e-01
1.586161710839374065e+09 8.423832397059720645e-01 -3.010479820985466071e-01 -4.469458469213244411e-01 -2.099728743701577138e-01 5.804778762038647066e-01 -7.867380933093557349e-01 4.962880913883842005e-01 7.565814879111638636e-01 4.257729237245672094e-01 1.544965465234280078e-01 -6.388146542066940325e-01 4.084472504172238505e-01
1.586161710839390039e+09 8.516788670465985644e-01 -2.936206120354782900e-01 -4.340852954863702595e-01 -2.138691496125375568e-01 5.614581861850046485e-01 -7.993902002197112999e-01 4.784381824580955511e-01 7.736611929571562962e-01 4.153856812157415979e-01 1.532323167318536128e-01 -6.462823638283344829e-01 4.020379845987308576e-01
1.586161710839407921e+09 8.596029999923850973e-01 -2.883947199597877709e-01 -4.217951730956188139e-01 -2.173268163880113513e-01 5.407444494267139579e-01 -8.126281409662768906e-01 4.624410637551772951e-01 7.902049898880622036e-01 4.021496445227189520e-01 1.519328740337178574e-01 -6.538576494103962577e-01 3.957634209234304201e-01
1.586161710839421988e+09 8.662377557222390445e-01 -2.853953993085601715e-01 -4.100995205534406773e-01 -2.202500960144997688e-01 5.186252526329692136e-01 -8.261463204145184092e-01 4.484663264189897025e-01 8.059635931675844800e-01 3.863944107222749835e-01 1.505836356431038692e-01 -6.615472747061890146e-01 3.896402786854712419e-01
1.586161710839438915e+09 8.716926101549634653e-01 -2.845764963371815726e-01 -3.989589092588819996e-01 -2.225745738807202723e-01 4.953933087776268840e-01 -8.396701905377053077e-01 4.365919749930415872e-01 8.207324091771237562e-01 3.684911938957990407e-01 1.491676289680561596e-01 -6.693573843534154078e-01 3.836870640341322747e-01
1.586161710839448929e+09 8.760948693390053776e-01 -2.858242475485059386e-01 -3.882811862227648625e-01 -2.242636593665455202e-01 4.713250316734274303e-01 -8.529704132049507059e-01 4.268062688984424202e-01 8.343603622838304812e-01 3.488254502747004104e-01 1.476654463086844726e-01 -6.772929324126616413e-01 3.779238898612181652e-01
1.586161710839458942e+09 8.795811372023329966e-01 -2.889651594661294398e-01 -3.779367140619193655e-01 -2.253045053421666999e-01 4.466635109968877804e-01 -8.658692672764811693e-01 4.190165905023562343e-01 8.467531190812702668e-01 3.277716465630955422e-01 1.460553243490282094e-01 -6.853570803594621896e-01 3.723722524940227263e-01
1.586161710839468002e+09 8.822903683005096642e-01 -2.937767269167933515e-01 -3.677756665000590508e-01 -2.257046728322333329e-01 4.216065766042678686e-01 -8.782398848965923266e-01 4.130630785144620565e-01 8.578712778718818877e-01 3.056726416468795726e-01 1.443133555610528196e-01 -6.935505883739047084e-01 3.670547696827424211e-01
1.586161710839478016e+09 8.843585771389717021e-01 -2.999996132719507380e-01 -3.576452700942223673e-01 -2.254902456655973608e-01 3.963006600761367904e-01 -8.899999641181691734e-01 4.087347016298999991e-01 8.677246216212072261e-01 2.828249013022211544e-01 1.424138322264873469e-01 -7.018712269610211107e-01 3.619948846155854882e-01
1.586161710839487076e+09 8.859148904843765493e-01 -3.073503670568852875e-01 -3.474054674748354166e-01 -2.247054145828319416e-01 3.708403275383391762e-01 -9.011020632125257279e-01 4.057860072024637166e-01 8.763636251268308586e-01 2.594696764440950210e-01 1.403297172285204453e-01 -7.103132375023435419e-01 3.572165402387391664e-01
1.586161710839495897e+09 8.870785591443277607e-01 -3.155340352426947437e-01 -3.369419870738005751e-01 -2.234130202183153280e-01 3.452727806598288596e-01 -9.115225337476942080e-01 4.039532800577749216e-01 8.838693227166561917e-01 2.357896689249264210e-01 1.380332294454998110e-01 -7.188668704709653134e-01 3.527438275061499096e-01
1.586161710839504957e+09 8.879566215189155232e-01 -3.242562775888976345e-01 -3.261761868810493792e-01 -2.216952429935810098e-01 3.196062183942092183e-01 -9.212508261028731216e-01 4.029693011889996512e-01 8.903424800071537693e-01 2.119103835934486035e-01 1.354965275281238279e-01 -7.275180281800996962e-01 3.486006082310960097e-01
1.586161710839514017e+09 8.886420433944337560e-01 -3.332347537084564548e-01 -3.150712899900364738e-01 -2.196535567782958165e-01 2.938207152859857452e-01 -9.302804429100569594e-01 4.025762460358804917e-01 8.958928430810177979e-01 1.879052418764081411e-01 1.326924711989995176e-01 -7.362480376849568353e-01 3.448101129554536626e-01
1.586161710839523077e+09 8.892122925104720688e-01 -3.422096048591236617e-01 -3.036347893996820257e-01 -2.174071899081255199e-01 2.678801865165650886e-01 -9.386023224164528056e-01 4.025364738633653849e-01 9.006291090704146018e-01 1.638035261691330180e-01 1.295954346770821497e-01 -7.450335774259646549e-01 3.413945151268342748e-01
1.586161710839531898e+09 8.897284083489612749e-01 -3.509527921753438084e-01 -2.919169354191532006e-01 -2.150896092378141999e-01 2.417440553688794402e-01 -9.462009680238065989e-01 4.026410554581683621e-01 9.046501807030560283e-01 1.396002546352354823e-01 1.261821421808451693e-01 -7.538467780881284996e-01 3.383744852083305221e-01
1.586161710839540958e+09 8.902347058325760232e-01 -3.592758294873850122e-01 -2.800054410555163908e-01 -2.128429773293826766e-01 2.153773722578867789e-01 -9.530532276417239546e-01 4.027158249912270449e-01 9.080382513696590996e-01 1.152670743618021409e-01 1.224324902929392611e-01 -7.626555133609845827e-01 3.357687327456709836e-01
1.586161710839550972e+09 8.907592599248720378e-01 -3.670352426515541278e-01 -2.680169241916727230e-01 -2.108110554200181841e-01 1.887583839707113742e-01 -9.591292778301158117e-01 4.026246886820451509e-01 9.108542162249276819e-01 9.076319149149067456e-02 1.183303151568470962e-01 -7.714238884921975625e-01 3.335935525244352884e-01
1.586161710839560986e+09 8.913152200656673241e-01 -3.741351764821837511e-01 -2.560860174654058796e-01 -2.091313865034572228e-01 1.618829864970907639e-01 -9.643951275589173200e-01 4.022701105275943712e-01 9.131356791194957800e-01 6.604536150144434126e-02 1.138640599980652174e-01 -7.801129226180741894e-01 3.318623959460034745e-01
1.586161710839576006e+09 8.919028855684644208e-01 -3.805267912565249433e-01 -2.443534407247332507e-01 -2.079278088773463262e-01 1.347660004613953633e-01 -9.688158502071284595e-01 4.015909226756990136e-01 9.148975277771461689e-01 4.107608273081855138e-02 1.090272992663306323e-01 -7.886814064990894657e-01 3.305854927048918479e-01
1.586161710839586020e+09 8.925123509659868004e-01 -3.862044703608901175e-01 -2.329545247248646089e-01 -2.073043458651939452e-01 1.074396966397475894e-01 -9.723587917887199783e-01 4.005578756234451920e-01 9.161347164767535967e-01 1.582939110809202660e-02 1.038190800284218979e-01 -7.970869013170542861e-01 3.297695506009860056e-01
1.586161710839595079e+09 8.931264334349685585e-01 -3.911993285921082641e-01 -2.220095929282612790e-01 -2.073412732724661534e-01 7.995037062996587784e-02 -9.749961717008635009e-01 3.991675969601073959e-01 9.168266049901320214e-01 -9.705977545998376033e-03 9.824405213601204723e-02 -8.052868292472683542e-01 3.294175588119266918e-01
1.586161710839603901e+09 8.937235534966673223e-01 -3.955709404668552032e-01 -2.116172042316342150e-01 -2.080937141722011274e-01 5.235394095056718211e-02 -9.767067477940442055e-01 3.974358013727419259e-01 9.169420352430138754e-01 -3.552587609570628802e-02 9.231237545355289176e-02 -8.132395966301224632e-01 3.295287117247667208e-01
1.586161710839612961e+09 8.942802646576201164e-01 -3.993983780814707174e-01 -2.018507963153565454e-01 -2.095927636577979425e-01 2.471148810772151941e-02 -9.774764529006537694e-01 3.953905434273471409e-01 9.164443671113025047e-01 -6.161201375505245825e-02 8.603941101071964359e-02 -8.209056880036991188e-01 3.300984594160411567e-01
1.586161710839624882e+09 8.947732164564516921e-01 -4.027717357119511843e-01 -1.927584503131165306e-01 -2.118485177829564914e-01 -2.914551792210673398e-03 -9.772981689834840946e-01 3.930662753163556844e-01 9.152958179552789231e-01 -8.793445811094352527e-02 7.944521881664104446e-02 -8.282486730615667980e-01 3.311186809743945636e-01
1.586161710839643002e+09 8.951804622365239217e-01 -4.057849717566981429e-01 -1.843651183650944492e-01 -2.148542849075320837e-01 -3.046316352231400251e-02 -9.761709031325107588e-01 3.904991375826478150e-01 9.134607558237872738e-01 -1.144546687462122958e-01 7.255389675967609253e-02 -8.352360767675439668e-01 3.325779691698858564e-01
1.586161710839653969e+09 8.954821492851648967e-01 -4.085305269822321339e-01 -1.766763396117252416e-01 -2.185911537848134467e-01 -5.787642900073886043e-02 -9.740986739805174155e-01 3.877236489624815152e-01 9.109078589813722759e-01 -1.411284682902513299e-01 6.539280254105281354e-02 -8.418400736010009933e-01 3.344620094285829515e-01
1.586161710839663029e+09 8.956606936000471864e-01 -4.110957665060058219e-01 -1.696826238719747748e-01 -2.230323790937526196e-01 -8.510023905441251035e-02 -9.710893405789801092e-01 3.847706849307211963e-01 9.076112714906982015e-01 -1.679086059787985308e-01 5.799170536605012527e-02 -8.480379806021006717e-01 3.367540307401732935e-01
1.586161710839672089e+09 8.957005905120882794e-01 -4.135610390004444969e-01 -1.633637637927251585e-01 -2.281471506418379092e-01 -1.120842848359420579e-01 -9.671535508616415644e-01 3.816665167092780364e-01 9.035509837170732084e-01 -1.947467327779270341e-01 5.038191476915471201e-02 -8.538125384570054432e-01 3.394353030003054439e-01
1.586161710839683056e+09 8.955880281448199698e-01 -4.159989708888849891e-01 -1.576925496224153289e-01 -2.339034891416082729e-01 -1.387816098935826248e-01 -9.623039139067153247e-01 3.784326119378054742e-01 8.987127021671077465e-01 -2.215947591126367355e-01 4.259543088267922495e-02 -8.591519838264757292e-01 3.424856544740994546e-01
1.586161710839699984e+09 8.953104588953336718e-01 -4.184745452258108456e-01 -1.526376013111913899e-01 -2.402701771247680029e-01 -1.651479856736965957e-01 -9.565544338979403705e-01 3.750858892899555652e-01 8.930874525416385712e-01 -2.484056719340592689e-01 3.466415470198943444e-02 -8.640499292289836042e-01 3.458839836608776364e-01
1.586161710839714050e+09 8.948562510973576689e-01 -4.210455408529960031e-01 -1.481652541696172332e-01 -2.472177707535870017e-01 -1.911413212090796732e-01 -9.499201910410844940e-01 3.716391581405029676e-01 8.866711047030739756e-01 -2.751339461099095995e-01 2.661918811555036984e-02 -8.685050750588592106e-01 3.496087441283668995e-01
1.586161710839724064e+09 8.942144749617579880e-01 -4.237630270600743487e-01 -1.442406662807216300e-01 -2.547189012290774768e-01 -2.167212257721223834e-01 -9.424172068961476079e-01 3.681015543212471375e-01 8.794639317549028945e-01 -3.017357097349458450e-01 1.849024476998417307e-02 -8.725207856624089819e-01 3.536383843996841470e-01
1.586161710839735031e+09 8.933748351880584915e-01 -4.266717404492033072e-01 -1.408283703595027969e-01 -2.627480853114541604e-01 -2.418487762694208898e-01 -9.340624247231039678e-01 3.644788713856154105e-01 8.714702492800706635e-01 -3.281687934797603012e-01 1.030518327314181720e-02 -8.761045629483991126e-01 3.579517312372370030e-01
1.586161710839744091e+09 8.923277299982372845e-01 -4.298102860435195627e-01 -1.378924959188754795e-01 -2.712812505464792801e-01 -2.664864890422525834e-01 -9.248737397382021941e-01 3.607737595048717272e-01 8.626981333181945599e-01 -3.543927557143145002e-01 2.089666161163327915e-03 -8.792674494438184052e-01 3.625283107333436838e-01
1.586161710839754105e+09 8.910644094347511812e-01 -4.332111709291898149e-01 -1.353968233165552260e-01 -2.802951158588746217e-01 -2.905984755501769823e-01 -9.148700313328824718e-01 3.569858070484405177e-01 8.531591923270610556e-01 -3.803689343184754046e-01 -6.133058082353549587e-03 -8.820233925271865338e-01 3.673486049174392032e-01
1.586161710839762926e+09 8.895771661619711335e-01 -4.369007689229213454e-01 -1.333048525041496124e-01 -2.897666063968490358e-01 -3.141507058877485159e-01 -9.040711520698683223e-01 3.531115679650124739e-01 8.428683480636577352e-01 -4.060605478035183014e-01 -1.434225826690774253e-02 -8.843886022418595561e-01 3.723942433925031548e-01
1.586161710839771986e+09 8.878595293861287763e-01 -4.408992850576821110e-01 -1.315799249780264524e-01 -2.996723462526018067e-01 -3.371113350829555433e-01 -8.924978615366560009e-01 3.491445848649276651e-01 8.318435960310205379e-01 -4.314328344973755169e-01 -2.251972247139907152e-02 -8.863809308494962069e-01 3.776481332076362940e-01
1.586161710839781046e+09 8.859064824120139736e-01 -4.452207149769599193e-01 -1.301853275877621896e-01 -3.099881598647628023e-01 -3.594511038099337252e-01 -8.801717133099283830e-01 3.450754197786914390e-01 8.201057364692792007e-01 -4.564532131067798315e-01 -3.064967561987463895e-02 -8.880192966929362219e-01 3.830945330693170114e-01
1.586161710839792967e+09 8.837146384818502787e-01 -4.498729118398486215e-01 -1.290844726099342754e-01 -3.206887044354168048e-01 -3.811437200273685155e-01 -8.671148826589755165e-01 3.408917610510335261e-01 8.076780472082631945e-01 -4.810914459706531199e-01 -3.871863144563127135e-02 -8.893231704017590111e-01 3.887190790528299300e-01
1.586161710839807034e+09 8.812823392286495139e-01 -4.548578264573100438e-01 -1.282411650663213831e-01 -3.317472743273436331e-01 -4.021661538138127101e-01 -8.533499463294288434e-01 3.365786456577009034e-01 7.945858937233336583e-01 -5.053197728803822120e-01 -4.671519791357321705e-02 -8.903121343733905180e-01 3.945087705190779559e-01
1.586161710839823008e+09 8.786097009085789278e-01 -4.601718837052987676e-01 -1.276198693770327630e-01 -3.431357015584396430e-01 -4.224988537090837992e-01 -8.388996418690163326e-01 3.321187798946973468e-01 7.808562967217290707e-01 -5.291129935959301145e-01 -5.462985367741008541e-02 -8.910055194132994183e-01 4.004519257092636897e-01
1.586161710839833021e+09 8.756986303104280500e-01 -4.658064519754194777e-01 -1.271859202658369437e-01 -3.548243021271170194e-01 -4.421258963536986997e-01 -8.237866268584961293e-01 3.274929368193620904e-01 7.665174760834474466e-01 -5.524484910585359954e-01 -6.245471056222641482e-02 -8.914221170630595159e-01 4.065381160956268447e-01
1.586161710839842081e+09 8.725528271637997824e-01 -4.717483653098683005e-01 -1.269056491228165995e-01 -3.667818386479981263e-01 -4.610350810148999834e-01 -8.080332524772941838e-01 3.226804097265948412e-01 7.515983860895811830e-01 -5.753061961138400404e-01 -7.018327429354927205e-02 -8.915799631381401413e-01 4.127580871210096980e-01
1.586161710839852095e+09 8.691777824860673629e-01 -4.779804680936626249e-01 -1.267464188721795226e-01 -3.789754886555087854e-01 -4.792179756304949523e-01 -7.916613613334838595e-01 3.176595057708116454e-01 7.361282524306879127e-01 -5.976684987913848390e-01 -7.781021250147482360e-02 -8.914961848841280734e-01 4.191036719692478041e-01
1.586161710839864016e+09 8.655807725346239545e-01 -4.844821674818934887e-01 -1.266765793419062924e-01 -3.913708265504024508e-01 -4.966699109072227891e-01 -7.746921168581246686e-01 3.124080705104166356e-01 7.201361184292165429e-01 -6.195201114527455477e-01 -8.533113663682886929e-02 -8.911869039176875118e-01 4.255677030431195829e-01
1.586161710839876890e+09 8.617708490764793838e-01 -4.912299785055379564e-01 -1.266653545481505327e-01 -4.039318238249954840e-01 -5.133899225500043739e-01 -7.571458705711664461e-01 3.069040331449672254e-01 7.036504073175964269e-01 -6.408478905340142529e-01 -9.274240306206528450e-02 -8.906671882348625724e-01 4.321439236806500772e-01
1.586161710839891911e+09 8.577587484922817307e-01 -4.981981555254396676e-01 -1.266827824108731348e-01 -4.166210044485055830e-01 -5.293805323217082304e-01 -7.390420765075281784e-01 3.011260005634328052e-01 6.866985145669095569e-01 -6.616405987823251733e-01 -1.000409369548350552e-01 -8.899510460930138978e-01 4.388269017398231941e-01
1.586161710839920998e+09 8.535566489297238268e-01 -5.053594810595016806e-01 -1.266998110278288181e-01 -4.293998670190168898e-01 -5.446472666751320801e-01 -7.203992707553319441e-01 2.950538958407545875e-01 6.693064693300805335e-01 -6.818885896851900608e-01 -1.072240803446499191e-01 -8.890514530319690856e-01 4.456119467401769008e-01
1.586161710839940071e+09 8.491778653917045894e-01 -5.126860575397105269e-01 -1.266884346597303701e-01 -4.422294056902808523e-01 -5.591980484558209952e-01 -7.012351214417873457e-01 2.886695443779239700e-01 6.514986946188879857e-01 -7.015834555769463465e-01 -1.142894634743646248e-01 -8.879804028482739531e-01 4.524950321693715360e-01
1.586161710839956045e+09 8.446363610071450090e-01 -5.201502385816932916e-01 -1.266220640779935347e-01 -4.550709293056742766e-01 -5.730423008676197583e-01 -6.815665564819552991e-01 2.819572080052052399e-01 6.332979163113741095e-01 -7.207176160815991217e-01 -1.212348981768234524e-01 -8.867489754295584392e-01 4.594727234492891332e-01
1.586161710839973927e+09 8.399460131890063019e-01 -5.277257382101760985e-01 -1.264762440214550476e-01 -4.678872603193791613e-01 -5.861896953460894455e-01 -6.614099733889263755e-01 2.749039954969791366e-01 6.147252934337827934e-01 -7.392838473504668162e-01 -1.280582922584478089e-01 -8.853674165601898016e-01 4.665421110174669539e-01
1.586161710839993954e+09 8.351196845989174999e-01 -5.353888117249611112e-01 -1.262296827948762856e-01 -4.806442025830491849e-01 -5.986486467088694141e-01 -6.407815138675584388e-01 2.675000244879788824e-01 5.958008208807408224e-01 -7.572747974266196280e-01 -1.347575830789572160e-01 -8.838452248464699901e-01 4.737007482607524800e-01
1.586161710840012074e+09 8.301682525037397120e-01 -5.431192964525970446e-01 -1.258654142291658617e-01 -4.933119996806611951e-01 -6.104248147028964455e-01 -6.196973590095876672e-01 2.597382214638278564e-01 5.765439926898154877e-01 -7.746825678204301013e-01 -1.413306868954918860e-01 -8.821912402963550948e-01 4.809465949067495694e-01
1.586161710840029955e+09 8.250997374545858687e-01 -5.509013562972091549e-01 -1.253719227962356852e-01 -5.058665393984363989e-01 -6.215198437635421902e-01 -5.981739950237291437e-01 2.516137272756391319e-01 5.569746668665954692e-01 -7.914984224848885530e-01 -1.477754605597547399e-01 -8.804137306830108756e-01 4.882779661484331624e-01
1.586161710840049028e+09 8.199185519986000870e-01 -5.587239436689799277e-01 -1.247442303389536961e-01 -5.182902668690890780e-01 -6.319303801469690063e-01 -5.762284218203157504e-01 2.431229473790558204e-01 5.371140935719305176e-01 -8.077126240346167441e-01 -1.540896726494272451e-01 -8.785204734244569380e-01 4.956934873662756091e-01
1.586161710840063095e+09 8.146248264483730850e-01 -5.665810649525524489e-01 -1.239850358492746857e-01 -5.305728694024335335e-01 -6.416473000112616898e-01 -5.538783014704424801e-01 2.342622943921820466e-01 5.169861113443896539e-01 -8.233143617014577753e-01 -1.602709833677325446e-01 -8.765188332519691095e-01 5.031920530102207412e-01
1.586161710840075016e+09 8.092138800333297244e-01 -5.744718043514845940e-01 -1.231058183430417258e-01 -5.427116064095243164e-01 -6.506552376221335088e-01 -5.311420471217984662e-01 2.250266846765658080e-01 4.966184731358030957e-01 -8.382917650821215538e-01 -1.663169322728419719e-01 -8.744158354426690982e-01 5.107727887491833041e-01
1.586161710840085983e+09 8.036759270216421447e-01 -5.824000470963403009e-01 -1.221277593810734391e-01 -5.547111305190943753e-01 -6.589325251063684608e-01 -5.080388658681830316e-01 2.154079065209094090e-01 4.760442338701486031e-01 -8.526319964017443631e-01 -1.722249326833810712e-01 -8.722182341923286897e-01 5.184350163748060458e-01
1.586161710840116978e+09 7.979961423659676090e-01 -5.903738189479292853e-01 -1.210822481341858742e-01 -5.665826056429771329e-01 -6.664516995295826085e-01 -4.845887775984933366e-01 2.053930571861898868e-01 4.553030707111809239e-01 -8.663214218414789780e-01 -1.779922724829372804e-01 -8.699325763372054432e-01 5.261782206275187335e-01
1.586161710840131044e+09 7.921549270871368620e-01 -5.984044457229794611e-01 -1.200112118674889622e-01 -5.783424039864561994e-01 -6.731803225933782331e-01 -4.608126704222643699e-01 1.949631642952704136e-01 4.344426000270383281e-01 -8.793457749545875446e-01 -1.836161214978891676e-01 -8.675652606959251001e-01 5.340020170975965375e-01
1.586161710840141058e+09 7.861284181199671428e-01 -6.065055055648177484e-01 -1.189671470916217055e-01 -5.900103301283593504e-01 -6.790821728225702181e-01 -4.367324273440867377e-01 1.840921528912739802e-01 4.135196178930906075e-01 -8.916903077538581579e-01 -1.890935461332592105e-01 -8.651225932855139966e-01 5.419061203092042645e-01
1.586161710840152025e+09 7.798892855401085011e-01 -6.146915539607226142e-01 -1.180126939462354529e-01 -6.016073480583561395e-01 -6.841188758575579287e-01 -4.123711467295450572e-01 1.727463494632558161e-01 3.926011427582684621e-01 -9.033399368636276794e-01 -1.944215321865340462e-01 -8.626108383984822936e-01 5.498903112073182387e-01
1.586161710840164900e+09 7.734078549633067734e-01 -6.229766172115492884e-01 -1.172195565256421296e-01 -6.131528289630662210e-01 -6.882520377598628780e-01 -3.877534539516598322e-01 1.608847364028540006e-01 3.717650696870128391e-01 -9.142794073115487752e-01 -1.995970163379309215e-01 -8.600362649747870236e-01 5.579544037029890990e-01
1.586161710840174913e+09 7.666534908487024902e-01 -6.313725502845478621e-01 -1.166667384477743374e-01 -6.246615316541759277e-01 -6.914458011340161026e-01 -3.629058764515320501e-01 1.484600822899473371e-01 3.511002804834655877e-01 -9.244934813678548080e-01 -2.046169260263150380e-01 -8.574051872164043520e-01 5.660982104813973015e-01
1.586161710840186119e+09 7.595961876206861474e-01 -6.398873506885109919e-01 -1.164380106507952456e-01 -6.361405325608584516e-01 -6.936697553900460500e-01 -3.378572087254586576e-01 1.354210278305608139e-01 3.307059857365893252e-01 -9.339671815969057267e-01 -2.094782268269346492e-01 -8.547239982518277657e-01 5.743215086370342393e-01
1.586161710840208054e+09 7.522081513038398892e-01 -6.485236498656756776e-01 -1.166189213649265338e-01 -6.475865739454462755e-01 -6.949018768666407331e-01 -3.126387867336302695e-01 1.217149397231930275e-01 3.106902914638465241e-01 -9.426860645618199142e-01 -2.141779753216604132e-01 -8.519991955556701635e-01 5.826240062520799956e-01
1.586161710840219021e+09 7.444652440159352791e-01 -6.572775146253997391e-01 -1.172935179944238071e-01 -6.589841259167856791e-01 -6.951312796103340519e-01 -2.872845733666305468e-01 1.072912971163523244e-01 2.911679463720553418e-01 -9.506365260441724807e-01 -2.187133747596500810e-01 -8.492373971530104981e-01 5.910053112707258638e-01
1.586161710840229988e+09 7.363481149088684230e-01 -6.661377054580416290e-01 -1.185411792610819304e-01 -6.703044736715519925e-01 -6.943604552805757724e-01 -2.618309968584937031e-01 9.210519226255627079e-02 2.722574436640474715e-01 -9.578060962473342599e-01 -2.230818302554679056e-01 -8.464453481552253189e-01 5.994649041255727395e-01
1.586161710840243101e+09 7.278429239507200332e-01 -6.750854456243333690e-01 -1.204338793878969027e-01 -6.815059376762016008e-01 -6.926067811554684761e-01 -2.363165330801033914e-01 7.612053049811640104e-02 2.540777202468416096e-01 -9.641836842591847700e-01 -2.272809995512756753e-01 -8.436299177882808920e-01 6.080021156942816418e-01
1.586161710840253115e+09 7.189416576899323452e-01 -6.840946687535915949e-01 -1.230340488008209304e-01 -6.925351298708003478e-01 -6.899032071858703929e-01 -2.107810684263199397e-01 5.931262032582008265e-02 2.367446916425874071e-01 -9.697597455709862091e-01 -2.313088364055915502e-01 -8.407980880270811141e-01 6.166161114438494240e-01
1.586161710840280056e+09 7.096420683933273299e-01 -6.931326719608260634e-01 -1.263931721662335250e-01 -7.033290500006452728e-01 -6.862980975838028908e-01 -1.852651312997134758e-01 4.166992187739705644e-02 2.203679206185505945e-01 -9.745263450793675286e-01 -2.351636239512452375e-01 -8.379569355228062566e-01 6.253058823108172959e-01
1.586161710840291977e+09 6.999472606564057786e-01 -7.021610650986845892e-01 -1.305514117213269765e-01 -7.138177896191876259e-01 -6.818542343295402874e-01 -1.598091566447644996e-01 2.319473476793103978e-02 2.050479015052988352e-01 -9.784770628114290991e-01 -2.388439965121437469e-01 -8.351136090114724686e-01 6.340702422108960290e-01
1.586161710840301991e+09 6.898651081698456977e-01 -7.111368379046698607e-01 -1.355379299241049607e-01 -7.239274129259536394e-01 -6.766472695014106309e-01 -1.344528679057401532e-01 3.903017140275983482e-03 1.908739651638946544e-01 -9.816067929474499021e-01 -2.423489502334587320e-01 -8.322753045544061257e-01 6.429078312212375135e-01
1.586161710840311050e+09 6.794076223067800901e-01 -7.200134276505824049e-01 -1.413716622865572592e-01 -7.335827187405924432e-01 -6.707638530755664075e-01 -1.092348313031982210e-01 -1.617645559590174392e-02 1.779227853224092104e-01 -9.839114822118057990e-01 -2.456778441894596487e-01 -8.294492406608331425e-01 6.518171230109649494e-01
1.586161710840327978e+09 6.685903372457512317e-01 -7.287417029039739980e-01 -1.480624582180976312e-01 -7.427097054884318483e-01 -6.642996019191247381e-01 -8.419223515762405685e-02 -3.700343922153093851e-02 1.662575395764992192e-01 -9.853878302985632498e-01 -2.488303941653644269e-01 -8.266426348022559711e-01 6.607964350391477559e-01
1.586161710840347052e+09 6.574317826048237112e-01 -7.372708163856734886e-01 -1.556123217177978468e-01 -7.512376088790422290e-01 -6.573570889378862470e-01 -5.936086948709939914e-02 -5.852782608502792722e-02 1.559275506664077882e-01 -9.860330078641883489e-01 -2.518066608022368480e-01 -8.238626823407001476e-01 6.698439404142915166e-01
1.586161710840377092e+09 6.459530643619153523e-01 -7.455489133892908571e-01 -1.640166349150470881e-01 -7.591004839105865987e-01 -6.500439490153110400e-01 -3.477527674584693362e-02 -8.069135125721095536e-02 1.469683034555897272e-01 -9.858444216469625099e-01 -2.546070334296132720e-01 -8.211165385584464627e-01 6.789576805779472535e-01
1.586161710840399981e+09 6.341775565852934005e-01 -7.535236841314100209e-01 -1.732653581068386295e-01 -7.662383468877043136e-01 -6.424711625977689300e-01 -1.046905853104835443e-02 -1.034293124881879578e-01 1.394018034727114441e-01 -9.848195340200859293e-01 -2.572322114392225356e-01 -8.184113040589382493e-01 6.881355778870376083e-01
