1.586161710516320944e+09 3.664030695442574426e-02 -9.429454439733742088e-01 -3.309250333554741297e-01 -6.428069576927125661e-01 2.313094379586911054e-01 -7.302706068020572427e-01 7.651514249421986769e-01 2.394782530924062514e-01 -5.976566432385737038e-01 3.633032855393297234e-01 -3.941699471729331328e-01 7.396080738966146484e-01
1.586161710516400099e+09 4.714151142060884342e-02 -9.392006405161476001e-01 -3.401173839429896817e-01 -6.255256579066755807e-01 2.377088760217939134e-01 -7.431097776687222156e-01 7.787781001299668437e-01 2.477834684100775620e-01 -5.762881428097527126e-01 3.542519665803005591e-01 -3.970105850075675846e-01 7.386536570116458700e-01
1.586161710516422033e+09 5.806286013621912018e-02 -9.350945341664261834e-01 -3.496096631245755870e-01 -6.082858108649131790e-01 2.445460389810022450e-01 -7.551063549098442351e-01 7.915914834128386923e-01 2.565062320749675329e-01 -5.546056944330476357e-01 3.453213245326390846e-01 -3.998435185453113050e-01 7.368859947179153824e-01
1.586161710516438961e+09 6.947929935542415669e-02 -9.305502228547565258e-01 -3.595120440423804631e-01 -5.912347939442726963e-01 2.518584627461543657e-01 -7.661649517431080580e-01 8.035011172535153623e-01 2.657886332983677158e-01 -5.326747196788368388e-01 3.365736160303540170e-01 -4.026551772235399396e-01 7.343406693483847114e-01
1.586161710516450882e+09 8.144739872269919634e-02 -9.254994931505411415e-01 -3.698878337088584711e-01 -5.745193399698853565e-01 2.596627324384840896e-01 -7.762105342568970112e-01 8.144285415419074692e-01 2.757280429406766542e-01 -5.105685037904585943e-01 3.280592899941008889e-01 -4.054459776486099010e-01 7.310811916387643938e-01
1.586161710516467094e+09 9.399537370965685423e-02 -9.198858141881925965e-01 -3.807557730157402065e-01 -5.582754699392540321e-01 2.679584208001122292e-01 -7.851921958969992899e-01 8.243138779749846767e-01 2.863710419763146886e-01 -4.883628332531819716e-01 3.198100773344835779e-01 -4.082279089255269611e-01 7.271930225745384391e-01
1.586161710516479969e+09 1.071182561084597223e-01 -9.136666437263447627e-01 -3.920955794970838459e-01 -5.426174782222631388e-01 2.767325194408084554e-01 -7.930859884824651429e-01 8.331218107665996353e-01 2.977119025726109314e-01 -4.661283852157110386e-01 3.118346281324334002e-01 -4.110198433912918281e-01 7.227767094325086017e-01
1.586161710516489983e+09 1.207788216595707398e-01 -9.068150820283512603e-01 -4.038550276505624148e-01 -5.276274493044920133e-01 2.859634252186518122e-01 -7.998963647240544539e-01 8.408458544949114488e-01 3.096955384789875643e-01 -4.439222031418200154e-01 3.041171486882344177e-01 -4.138415490862590862e-01 7.179409056936535416e-01
1.586161710516499996e+09 1.349137472546665661e-01 -8.993209320216060121e-01 -4.159568993857765684e-01 -5.133467729796663548e-01 2.956237824237478717e-01 -8.056560494799883676e-01 8.475101011309397192e-01 3.222242085978572756e-01 -4.217797860218726602e-01 2.966190045185897461e-01 -4.167074643319335636e-01 7.127959204055764886e-01
1.586161710516514063e+09 1.494435550069913854e-01 -8.911912568917965682e-01 -4.283045267396423661e-01 -4.997707911887970811e-01 3.056817908918375570e-01 -8.104244561482768505e-01 8.531680843714661844e-01 3.351668039519644093e-01 -3.997091859890098964e-01 2.892828445498629719e-01 -4.196211903959219947e-01 7.074482604373941719e-01
1.586161710516529083e+09 1.642843838146886837e-01 -8.824505588419139235e-01 -4.407852680766436992e-01 -4.868472022098049301e-01 3.161009124873395693e-01 -8.142849715896175455e-01 8.578988535854386033e-01 3.483693793063502020e-01 -3.776881419954127850e-01 2.820385224214986275e-01 -4.225714182379290418e-01 7.019964293338815109e-01
1.586161710516541958e+09 1.793111127775510183e-01 -8.733302107651870205e-01 -4.529258967187537177e-01 -4.740550236174476129e-01 3.267104923405656502e-01 -8.176381161058932090e-01 8.620437108784838598e-01 3.613233970736889344e-01 -3.554237517209996589e-01 2.750057547808944514e-01 -4.256152558662974483e-01 6.963235339879327856e-01
1.586161710516558886e+09 1.945178603945837414e-01 -8.638316496017643953e-01 -4.647124737436950648e-01 -4.614095098256297267e-01 3.374941855602444085e-01 -8.204870133567301327e-01 8.656004079696394404e-01 3.740221329977599929e-01 -3.329314911149861556e-01 2.681910785914818351e-01 -4.287525250559760526e-01 6.904392973963420221e-01
1.586161710516575098e+09 2.098975880124356597e-01 -8.539577136175826588e-01 -4.761294215008870512e-01 -4.489230742783035244e-01 3.484353721752561084e-01 -8.228370828597574294e-01 8.685684060418097374e-01 3.864570026308389306e-01 -3.102255778768508998e-01 2.616005200649547113e-01 -4.319833398386827561e-01 6.843538324223811253e-01
1.586161710516592026e+09 2.254418115167744485e-01 -8.437128188755906866e-01 -4.871597982225305823e-01 -4.366049452321835167e-01 3.595176361535118437e-01 -8.246958173926559610e-01 8.709489717920207985e-01 3.986172960011953870e-01 -2.873188818865993199e-01 2.552395388514672181e-01 -4.353081001233216618e-01 6.780776554927093747e-01
1.586161710516618967e+09 2.411403376876683491e-01 -8.331031220874032250e-01 -4.977856221580485574e-01 -4.244608661659248217e-01 3.707252591174059475e-01 -8.260724880284736615e-01 8.727452725052132765e-01 4.104899150182404477e-01 -2.642228586128897994e-01 2.491129654116976677e-01 -4.387274806948301409e-01 6.716216935817592715e-01
1.586161710516635895e+09 2.569810599433128839e-01 -8.221366284719350270e-01 -5.079882863554906480e-01 -4.124929410200388058e-01 3.820437124403260332e-01 -8.269777358097375464e-01 8.739624182341619862e-01 4.220591972936567071e-01 -2.409475576128098095e-01 2.432249328178338887e-01 -4.422424151270737958e-01 6.649972828221454302e-01
1.586161710516653061e+09 2.729498576065906845e-01 -8.108232068989611463e-01 -5.177490729164113681e-01 -4.006997151929969636e-01 3.934601018027336639e-01 -8.274230397234424439e-01 8.746074053674298687e-01 4.333069068840825211e-01 -2.175017492997463053e-01 2.375788038540834479e-01 -4.458540738935637404e-01 6.582161576588186902e-01
1.586161710516670942e+09 2.890306572042429245e-01 -7.991744686799040487e-01 -5.270497584910303068e-01 -3.890765931701779534e-01 4.049634938429295672e-01 -8.274200707217364004e-01 8.746889069206950085e-01 4.442124912405611137e-01 -1.938932148404950984e-01 2.321770949016810082e-01 -4.495638361392564342e-01 6.512904292295756958e-01
1.586161710516688108e+09 3.052057461267220773e-01 -7.872034443187463371e-01 -5.358732965012440452e-01 -3.776167361437867132e-01 4.165450226630676434e-01 -8.269799542977364082e-01 8.742168227405482384e-01 4.547537591446677574e-01 -1.701292608773179449e-01 2.270213993977702460e-01 -4.533732550403563599e-01 6.442325512688413802e-01
1.586161710516704082e+09 3.214563726373638741e-01 -7.749240556833052462e-01 -5.442044730920012618e-01 -3.663124181944087399e-01 4.281976852767551689e-01 -8.261125557281777665e-01 8.732015877304629692e-01 4.649080020340773389e-01 -1.462174300660804838e-01 2.221123145478243743e-01 -4.572840170336003873e-01 6.370552720928582824e-01
1.586161710516730070e+09 3.377636044350478262e-01 -7.623504290478831935e-01 -5.520304076486456379e-01 -3.551566938622761072e-01 4.399157900304992430e-01 -8.248259335267091874e-01 8.716532971152751719e-01 4.746534747794367570e-01 -1.221663150517545704e-01 2.174493741606650377e-01 -4.612978949691963759e-01 6.297715724377563884e-01
1.586161710516746998e+09 3.541093896863575785e-01 -7.494961041517240741e-01 -5.593407996172997665e-01 -3.441452046456029978e-01 4.516940759446428366e-01 -8.231260778322475602e-01 8.695807140823686998e-01 4.839711269541422389e-01 -9.798637658462183708e-02 2.130309894179603092e-01 -4.654166949807919673e-01 6.223945898207430272e-01
1.586161710516767025e+09 3.704777661998165383e-01 -7.363731811743661204e-01 -5.661278679926605717e-01 -3.332779925277463695e-01 4.635265485379167494e-01 -8.210170026429111090e-01 8.669901986167457553e-01 4.928465044560757513e-01 -7.369069529710958744e-02 2.088544005043044549e-01 -4.696421975359502676e-01 6.149375298770075604e-01
1.586161710516798973e+09 3.868561432152861079e-01 -7.229914568468416292e-01 -5.723859518736047480e-01 -3.225611883576685601e-01 4.754051048103142829e-01 -8.185012316527879861e-01 8.638846012470762226e-01 5.012717224751956913e-01 -4.929559818461214799e-02 2.049156420728257821e-01 -4.739760934307492568e-01 6.074135656165094987e-01
1.586161710516818047e+09 4.032365487418520522e-01 -7.093576183920233813e-01 -5.781107637011556610e-01 -3.120084379790373230e-01 4.873180455632885599e-01 -8.155806871363531219e-01 8.602621812211429519e-01 5.092473778073375312e-01 -2.482111565663907421e-02 2.012095252124946887e-01 -4.784199157021980509e-01 5.998357261329203549e-01
1.586161710516836882e+09 4.196167260170585722e-01 -6.954745662192918232e-01 -5.832983208513373707e-01 -3.016419698747370148e-01 4.992485733247774560e-01 -8.122579542083971926e-01 8.561156027712545358e-01 5.167842778964650829e-01 -2.912663538638254890e-04 1.977296386653953630e-01 -4.829749688774075400e-01 5.922167767308076369e-01
1.586161710516855955e+09 4.360009911764993751e-01 -6.813409162232736405e-01 -5.879436126809418628e-01 -2.914932999496379074e-01 5.111733319069015069e-01 -8.085378661282447421e-01 8.514310258794263175e-01 5.239049348236727299e-01 2.426576730209406910e-02 1.944683726592435491e-01 -4.876422577872979724e-01 5.845690928938368502e-01
1.586161710516900063e+09 4.524007427318643138e-01 -6.669507495599509284e-01 -5.920390745181051129e-01 -2.816035661524575739e-01 5.230610334142966611e-01 -8.044293548754513079e-01 8.461873312449222917e-01 5.306447522496047231e-01 4.881749047216846216e-02 1.914169687711942958e-01 -4.924224188914347877e-01 5.769045313322129775e-01
1.586161710516922951e+09 4.688345216774630342e-01 -6.522936747917738032e-01 -5.955729621375412952e-01 -2.720235171061974877e-01 5.348711877319618502e-01 -7.999475100323290011e-01 8.403555185034876640e-01 5.370528600292595600e-01 7.332685783923492684e-02 1.885655982428257604e-01 -4.973156574029110044e-01 5.692343023407770986e-01
1.586161710516948938e+09 4.853275352559427436e-01 -6.373552613590075522e-01 -5.985277390894762073e-01 -2.628131991301785320e-01 5.465529181112651624e-01 -7.951157967230749746e-01 8.338983187062828373e-01 5.431925796865559875e-01 9.775180539380214084e-02 1.859034691208333590e-01 -5.023216933051040112e-01 5.615688484804391978e-01
1.586161710516972065e+09 5.019105515919781713e-01 -6.221179093182497288e-01 -6.008786110565955685e-01 -2.540413590308206460e-01 5.580438443992643549e-01 -7.899683890899760197e-01 8.267700926856870192e-01 5.491414888148470341e-01 1.220444145717539119e-01 1.834189611738918091e-01 -5.074397193878080747e-01 5.539177348961706882e-01
1.586161710516995907e+09 5.186180848910764141e-01 -6.065622148186254892e-01 -6.025923677722885285e-01 -2.457845589683844700e-01 5.692690155509646521e-01 -7.845525722588005957e-01 8.189171097584254655e-01 5.549910518124432368e-01 1.461495801515464987e-01 1.810997873626369048e-01 -5.126683751931979671e-01 5.462895567976442379e-01
1.586161710517024994e+09 5.354858433614168023e-01 -5.906688655411771460e-01 -6.036267082883163271e-01 -2.381260092678255391e-01 5.801398505542330053e-01 -7.789311636085949342e-01 8.102782949886007113e-01 5.608458301376842980e-01 1.700030573636439613e-01 1.789331797864317508e-01 -5.180057412604568423e-01 5.386918699868090687e-01
1.586161710517052889e+09 5.525473709285174673e-01 -5.744211256874093285e-01 -6.039302719380525986e-01 -2.311539871729973716e-01 5.905531531702500336e-01 -7.731848469973069404e-01 8.007866364741231813e-01 5.668221447226280407e-01 1.935288586282397638e-01 1.769060957381218269e-01 -5.234493576008208970e-01 5.311311503649351895e-01
1.586161710517076969e+09 5.698298374154929791e-01 -5.578079539049655144e-01 -6.034436536003721097e-01 -2.249596180882962038e-01 6.003903796685360339e-01 -7.674142052129261371e-01 7.903715118119045702e-01 5.730459655775493877e-01 2.166360881222405554e-01 1.750054370775973311e-01 -5.289962694520041753e-01 5.236127878190210971e-01
1.586161710517101049e+09 5.873491257691669798e-01 -5.408276980013482227e-01 -6.021016572406480138e-01 -2.196338865220896774e-01 6.095173138002668578e-01 -7.617411635197727238e-01 7.789621046074437505e-01 5.796499334552527305e-01 2.392153721154049173e-01 1.732182739985573539e-01 -5.346431021748204726e-01 5.161411187866212780e-01
1.586161710517159939e+09 6.051045271666144476e-01 -5.234922336671080645e-01 -5.998369716946987396e-01 -2.152637866429253644e-01 6.177843253138456392e-01 -7.563094800993928057e-01 7.664920178512163451e-01 5.867694681802938517e-01 2.611351715246998384e-01 1.715320631346222702e-01 -5.403861662035651658e-01 5.087195004803344300e-01
1.586161710517189980e+09 6.230735321113739511e-01 -5.058313399509064556e-01 -5.965853075838392083e-01 -2.119276260460954686e-01 6.250273680018563205e-01 -7.512838815645431767e-01 7.529050769982981173e-01 5.945380096119262658e-01 2.822383747514225494e-01 1.699348488525804779e-01 -5.462215914851580312e-01 5.013504280746533537e-01
1.586161710517220974e+09 6.412073326772623760e-01 -4.878970639196968939e-01 -5.922918298091125466e-01 -2.096896337560411050e-01 6.310698302646819968e-01 -7.468474589610055725e-01 7.381621868447747481e-01 6.030815238826332525e-01 3.023396459106701406e-01 1.684154359754851116e-01 -5.521454890646477764e-01 4.940356941918334632e-01
1.586161710517249107e+09 6.594276208777603010e-01 -4.697678232510098528e-01 -5.869185677593456996e-01 -2.085940321029970401e-01 6.357255042230652853e-01 -7.431968872263199355e-01 7.222490863048023346e-01 6.125122656875701121e-01 3.212241923324057336e-01 1.669635221724378449e-01 -5.581541354032258928e-01 4.867765878221678721e-01
1.586161710517271042e+09 6.776253111217572789e-01 -4.515519497614653988e-01 -5.804522155293558860e-01 -2.086589717316479076e-01 6.388028633535282053e-01 -7.405351682525098678e-01 7.051846363322643585e-01 6.229219361494564566e-01 3.386486234582881671e-01 1.655697794859544436e-01 -5.642441734137074727e-01 4.795741279538768276e-01
1.586161710517296076e+09 6.956616895560675529e-01 -4.333903098377591689e-01 -5.729115578707639767e-01 -2.098707961337338557e-01 6.401109970920219050e-01 -7.390616756831587253e-01 6.870291570906835732e-01 6.343742986892523250e-01 3.543447283299597794e-01 1.642258760088165237e-01 -5.704128222286873884e-01 4.724293252945279686e-01
1.586161710517319918e+09 7.133724045781620893e-01 -4.154574890250541386e-01 -5.643535127192398360e-01 -2.121793096280462920e-01 6.394675078995961659e-01 -7.389595706383359497e-01 6.678920219865288610e-01 6.468975044386995332e-01 3.680269905090896576e-01 1.629244309122373224e-01 -5.766580856882582706e-01 4.653434636828061022e-01
1.586161710517338991e+09 7.305745275492122603e-01 -3.979609031243864226e-01 -5.548765442869658671e-01 -2.154949579585631325e-01 6.367083890940690161e-01 -7.403812196991634842e-01 6.479373294342625211e-01 6.604767573012918502e-01 3.794043624101011147e-01 1.616588989632200268e-01 -5.829789476660999226e-01 4.583183912602392662e-01
1.586161710517362118e+09 7.470765436806399151e-01 -3.811371047913144072e-01 -5.446201844888425292e-01 -2.196888277477311024e-01 6.316996247534349962e-01 -7.434328504853316977e-01 6.273862103452223504e-01 6.750482142256550855e-01 3.881964084904234169e-01 1.604233845230209343e-01 -5.893755413493286799e-01 4.513568107558682541e-01
1.586161710517385006e+09 7.626906572398198803e-01 -3.652446248560057840e-01 -5.337596139575049303e-01 -2.245962344584207515e-01 6.243496808966316758e-01 -7.481604156615881962e-01 6.065142149324050935e-01 6.904953584691554402e-01 3.941531010190459372e-01 1.592123890912879314e-01 -5.958492788290280506e-01 4.444625578661607901e-01
1.586161710517425060e+09 7.772462088275977621e-01 -3.505530626253998694e-01 -5.224948624304897038e-01 -2.300242448309085808e-01 6.146213501069740515e-01 -7.545392255636541590e-01 5.856425340977678973e-01 7.066492385643715624e-01 3.970764106785848457e-01 1.580205006588571159e-01 -6.024029266915096326e-01 4.376408563586122180e-01
1.586161710517446041e+09 7.906024717886176445e-01 -3.373288153000357781e-01 -5.110352258789799818e-01 -2.357627280311752060e-01 6.025408883665732684e-01 -7.624699430464567662e-01 5.651227015142290533e-01 7.232936805330787422e-01 3.968407539046636678e-01 1.568420378320743991e-01 -6.090406144191145010e-01 4.308985394871330810e-01
1.586161710517481089e+09 8.026589498246931020e-01 -3.258185230518976794e-01 -4.995807246299425741e-01 -2.415976148908030585e-01 5.882024470829425589e-01 -7.717826597276344902e-01 5.453156909912915129e-01 7.401757705866806036e-01 3.934089803506695127e-01 1.556706659073926469e-01 -6.157677642589667322e-01 4.242442286554355402e-01
1.586161710517508984e+09 8.133616732482761291e-01 -3.162319022697417381e-01 -4.883033612384852784e-01 -2.473244237655983224e-01 5.717662974830760581e-01 -7.822492765116868529e-01 5.265675816053509983e-01 7.570209278006763132e-01 3.868409193706694449e-01 1.544990056184353533e-01 -6.225909341249866724e-01 4.176884621140474763e-01
1.586161710517534018e+09 8.227047238873606005e-01 -3.087261022150760148e-01 -4.773312594244020768e-01 -2.527600243875246511e-01 5.534501804496613220e-01 -7.936027141860109158e-01 5.091849442636524614e-01 7.735509625404666245e-01 3.772924607163365973e-01 1.533182577660550938e-01 -6.295175692329473272e-01 4.112437689182014688e-01
1.586161710517555952e+09 8.307271053145911521e-01 -3.033937956294701088e-01 -4.667383436020240417e-01 -2.577510537811402158e-01 5.335143274539114744e-01 -8.055599647497759808e-01 4.934134887411218418e-01 7.895027974922006475e-01 3.650047423058412899e-01 1.521178678748167368e-01 -6.365556635260715135e-01 4.049246864983983007e-01
1.586161710517576933e+09 8.375059719800944658e-01 -3.002565358127443629e-01 -4.565410821805470087e-01 -2.621782584746932265e-01 5.122420778231872029e-01 -8.178451042967176399e-01 4.794228903416717369e-01 8.046453047643586931e-01 3.502850635733121831e-01 1.508852541284621263e-01 -6.437133372554243449e-01 3.987477228483170544e-01
1.586161710517599106e+09 8.431477465264746174e-01 -2.992639203383795632e-01 -4.467023434348753597e-01 -2.659570705822559278e-01 4.899188444250134888e-01 -8.302086259586277661e-01 4.672993839483448042e-01 8.187921787171663635e-01 3.334826140273926542e-01 1.496056195524411714e-01 -6.509983415418113539e-01 3.927312656102907584e-01
1.586161710517621040e+09 8.477786673377811777e-01 -3.002981296890605001e-01 -4.371411266758203351e-01 -2.690355180709746441e-01 4.668123000654524901e-01 -8.424406012624466866e-01 4.570461916787924572e-01 8.318096596443427249e-01 3.149626467054861267e-01 1.482618660622928852e-01 -6.584175050839429222e-01 3.868954410164165969e-01
1.586161710517642975e+09 8.515359351446477598e-01 -3.031827166589494693e-01 -4.277461765998698540e-01 -2.713908814659858892e-01 4.431561710147527422e-01 -8.543767305353106023e-01 4.485906159518379122e-01 8.436189000212769296e-01 2.950823797387617242e-01 1.468346237042660041e-01 -6.659761422638713624e-01 3.812619258587974236e-01
1.586161710517663956e+09 8.545601423195252622e-01 -3.076941160672496678e-01 -4.183913170891626621e-01 -2.730263650721480584e-01 4.191391809618761899e-01 -8.658977717315399225e-01 4.417958433943626750e-01 8.541935834341713996e-01 2.741710320307421678e-01 1.453024034983725621e-01 -6.736774452870565311e-01 3.758537151766012663e-01
1.586161710517707109e+09 8.569891841748158434e-01 -3.135744150055945201e-01 -4.089506383177076709e-01 -2.739685911208354363e-01 3.948997126314078843e-01 -8.769238439992632639e-01 4.364753708897314288e-01 8.635538797754593876e-01 2.525152418308093116e-01 1.436418763460625969e-01 -6.815218864367443841e-01 3.706948487873019116e-01
1.586161710517729044e+09 8.589534709295642001e-01 -3.205444107400629017e-01 -3.993121781770974099e-01 -2.742661060195795142e-01 3.705259501972280045e-01 -8.874055574825111536e-01 4.324084157066555578e-01 8.717578798206755408e-01 2.303500836163736021e-01 1.418282742494443860e-01 -6.895066583859221776e-01 3.658100996482240852e-01
1.586161710517750978e+09 8.605721721520491752e-01 -3.283163024513188755e-01 -3.893891911460508615e-01 -2.739885862941751071e-01 3.460607291088194093e-01 -8.973138951786826523e-01 4.293550875502758490e-01 8.788915617794899049e-01 2.078553137472162471e-01 1.398359040060566938e-01 -6.976251809758596822e-01 3.612246267645677356e-01
1.586161710517771006e+09 8.619502760425176158e-01 -3.366056288676825270e-01 -3.791284378202163796e-01 -2.732261266147205103e-01 3.215099610733138658e-01 -9.066304808450360575e-01 4.270704923930097041e-01 8.850581876901265632e-01 1.851561474953252739e-01 1.376387593838843126e-01 -7.058667011843007266e-01 3.569635928571923689e-01
1.586161710517791986e+09 8.631763519834543263e-01 -3.451422434429074482e-01 -3.685151520452184526e-01 -2.720878948351840854e-01 2.968533077424343469e-01 -9.153394404799138906e-01 4.253172497892465653e-01 8.903678708961177968e-01 1.623277287867833374e-01 1.352112132513185738e-01 -7.142160120684452052e-01 3.530517470868741459e-01
1.586161710517815113e+09 8.643210145227445684e-01 -3.536801773916852798e-01 -3.575744902726387675e-01 -2.706995272397506036e-01 2.720557256679564384e-01 -9.234215983043745357e-01 4.238761020796593670e-01 8.949279380489293390e-01 1.394024239771151918e-01 1.325287667330192765e-01 -7.226533148281009122e-01 3.495129743314000503e-01
1.586161710517848015e+09 8.654361657788683937e-01 -3.620061898957140367e-01 -3.463694004359177958e-01 -2.691988659918234661e-01 2.470785745530139077e-01 -9.308513032042848856e-01 4.225543913136796670e-01 8.988346324667902953e-01 1.163790783829507514e-01 1.295688279790399855e-01 -7.311542455338697621e-01 3.463698151714330598e-01
1.586161710517868996e+09 8.665551416932444351e-01 -3.699466016878856789e-01 -3.349950722380312107e-01 -2.677300329007776258e-01 2.218891284874852377e-01 -9.375957787199991067e-01 4.211921366737870209e-01 9.021666844907557659e-01 9.323334931544732807e-02 1.263114881817385959e-01 -7.396900839857994958e-01 3.436429654938840672e-01
1.586161710517888069e+09 8.676938580845067195e-01 -3.773718289164467721e-01 -3.235705046846171218e-01 -2.664363111538802231e-01 1.964675814739359760e-01 -9.436165437613118767e-01 4.196654153598147197e-01 9.049812109735981824e-01 6.992815571058086377e-02 1.227402560069069115e-01 -7.482281554839681492e-01 3.413507731716486360e-01
1.586161710517915964e+09 8.688529241842762874e-01 -3.841981345263941749e-01 -3.122281052084334152e-01 -2.654526210571125366e-01 1.708110562964995360e-01 -9.488722196124891317e-01 4.178869490884616900e-01 9.073121714809102567e-01 4.642328391639156948e-02 1.188427088715235669e-01 -7.567324252628619963e-01 3.395087548080497064e-01
1.586161710517935038e+09 8.700205505505392845e-01 -3.903863355056437223e-01 -3.011025585899082535e-01 -2.648985547006199037e-01 1.449346021407746377e-01 -9.533219377268975503e-01 4.158040373127009914e-01 9.091713095978314341e-01 2.268330628615094699e-02 1.146110197103671485e-01 -7.651642717278860362e-01 3.381291600014877385e-01
1.586161710517956018e+09 8.711759489863409867e-01 -3.959375661675280100e-01 -2.903203570614021345e-01 -2.648729075727110915e-01 1.188696196492474016e-01 -9.569286057433804560e-01 4.133942535282781883e-01 9.105511832203088129e-01 -1.316780673644775412e-03 1.100423213003589862e-01 -7.734834092071675160e-01 3.372206137803109849e-01
1.586161710517973900e+09 8.722928398320665133e-01 -4.008866290640738517e-01 -2.799912718899109088e-01 -2.654503977655955360e-01 9.266049074775323247e-02 -9.596614610955371827e-01 4.106595767938425734e-01 9.114296155673853317e-01 -2.558843253580177224e-02 1.051388796619976695e-01 -7.816489158600098408e-01 3.367878655873170479e-01
1.586161710517992973e+09 8.733426785209273957e-01 -4.052938453139794395e-01 -2.702026368185140859e-01 -2.666808288624900047e-01 6.636034216860824120e-02 -9.614976030318687084e-01 4.076198001815738436e-01 9.117747550675087131e-01 -5.012877962774679730e-02 9.990806306097096967e-02 -7.896203115413044094e-01 3.368316648544622538e-01
1.586161710518011093e+09 8.742972737390595217e-01 -4.092364500211315148e-01 -2.610168677034639395e-01 -2.685906325581194354e-01 4.002680931270839043e-02 -9.624224263647548350e-01 4.043060095320393788e-01 9.115499890572433817e-01 -7.492174671927404050e-02 9.436211011815548444e-02 -7.973586263600633828e-01 3.373487717285002518e-01
1.586161710518029928e+09 8.751306213799177058e-01 -4.128006187949594952e-01 -2.524718692545275811e-01 -2.711861434684379457e-01 1.371846223820345767e-02 -9.624291555829360689e-01 4.007548767307393955e-01 9.107180974130938411e-01 -9.994036144748241757e-02 8.851771535031950633e-02 -8.048274029183448697e-01 3.383321009295688353e-01
1.586161710518049955e+09 8.758199264604867862e-01 -4.160748663929068614e-01 -2.445836504962052849e-01 -2.744578942092712470e-01 -1.250776520504516889e-02 -9.615177690751932627e-01 3.970041823845795181e-01 9.092443353712637011e-01 -1.251495816607850475e-01 8.239546164489966462e-02 -8.119935819954696710e-01 3.397709882770559853e-01
1.586161710518068075e+09 8.763459291752130342e-01 -4.191451944541488284e-01 -2.373502022396525857e-01 -2.783851426835761700e-01 -3.859809222179567262e-02 -9.596936489012686256e-01 3.930897160462459294e-01 9.070983922825689438e-01 -1.505090757479747299e-01 7.601913664024773087e-02 -8.188282310317677171e-01 3.416515631316075496e-01
1.586161710518105030e+09 8.766926972195506762e-01 -4.220919874599137200e-01 -2.307558642445019514e-01 -2.829401324127612805e-01 -6.450249196568162702e-02 -9.569662011440190907e-01 3.890434374498145109e-01 9.042553747095157801e-01 -1.759756264703574435e-01 6.941497499555138173e-02 -8.253070873565070409e-01 3.439572039302077333e-01
1.586161710518126011e+09 8.768470862732099524e-01 -4.249884230514144878e-01 -2.247755050836978963e-01 -2.880916958413043960e-01 -9.017461598195067318e-02 -9.533476352051951652e-01 3.848926632094392120e-01 9.006960524747030794e-01 -2.015049847757647561e-01 6.261086978130823988e-02 -8.314109018782567251e-01 3.466690502230142523e-01
1.586161710518143892e+09 8.767980682585970742e-01 -4.279000098723101941e-01 -2.193780507900624233e-01 -2.938079824591587341e-01 -1.155713143381556923e-01 -9.488520121056700507e-01 3.806599756379134836e-01 8.964066336726607132e-01 -2.270531437360874261e-01 5.563559401157410628e-02 -8.371255824742955820e-01 3.497665433093306020e-01
1.586161710518156052e+09 8.765360966831251543e-01 -4.308848154483610471e-01 -2.145291289002982660e-01 -3.000582503065042927e-01 -1.406520040883856015e-01 -9.434946000377896214e-01 3.763635446563600162e-01 8.913783089133443527e-01 -2.525771024418793087e-01 4.851806859168392161e-02 -8.424421492380206322e-01 3.532279678054816019e-01
1.586161710518166065e+09 8.760526294598668384e-01 -4.339939830176784974e-01 -2.101928001623324382e-01 -3.068137854119464825e-01 -1.653780871413204345e-01 -9.372915178887614163e-01 3.720175958336479627e-01 8.856067473984562399e-01 -2.780352448484336159e-01 4.128670526107616756e-02 -8.473565223816263980e-01 3.570309706696317420e-01
1.586161710518176079e+09 8.753398457953289746e-01 -4.372722605905884352e-01 -2.063325582650116785e-01 -3.140481594070362870e-01 -1.897125273860304218e-01 -9.302595931552685160e-01 3.676328440831758693e-01 8.790916488689748398e-01 -3.033874830404035272e-01 3.396884540203406327e-02 -8.518691713001271815e-01 3.611530377021345273e-01
1.586161710518192053e+09 8.743905499473821896e-01 -4.407583918317163341e-01 -2.029118190540216971e-01 -3.217370385673692934e-01 -2.136196325343291402e-01 -9.224163543331969084e-01 3.632168006709802222e-01 8.718363909971630354e-01 -3.285952876546286427e-01 2.659030688751887542e-02 -8.559846556457449962e-01 3.655719140060755823e-01
1.586161710518208981e+09 8.731982234021116174e-01 -4.444853266482336474e-01 -1.998941148733179296e-01 -3.298577383444377120e-01 -2.370650362894027585e-01 -9.137800835840892422e-01 3.587739332994664965e-01 8.638477661055586898e-01 -3.536216930629605959e-01 1.917504368538798173e-02 -8.597110885202292607e-01 3.702659612442148473e-01
1.586161710518227100e+09 8.717571858982019473e-01 -4.484802681347677678e-01 -1.972431444887066121e-01 -3.383886531985085822e-01 -2.600158583869328632e-01 -9.043698761598345515e-01 3.543056989878477503e-01 8.551357801683650006e-01 -3.784313268824646137e-01 1.174491724793039552e-02 -8.630595522361520500e-01 3.752144480498333934e-01
1.586161710518244982e+09 8.700627855827632873e-01 -4.527646574275739355e-01 -1.949228417801063262e-01 -3.473087222741743085e-01 -2.824409656216862463e-01 -8.942056544791687767e-01 3.498105211262338976e-01 8.457134656415441487e-01 -4.029904879366383863e-01 4.319573499487665801e-03 -8.660434981529645526e-01 3.803977719623312104e-01
1.586161710518263102e+09 8.681115866437527639e-01 -4.573541626976144192e-01 -1.928974938074842771e-01 -3.565969667675381038e-01 -3.043112898896929153e-01 -8.833081241952953633e-01 3.452837623489871111e-01 8.355966782810775317e-01 -4.272672638164617953e-01 -3.083585723276880027e-03 -8.686781585055898258e-01 3.857976153070586389e-01
1.586161710518280983e+09 8.659015800854021894e-01 -4.622586642575613469e-01 -1.911318420452154110e-01 -3.662320335363469237e-01 -3.256002166230062556e-01 -8.716986845684878693e-01 3.407177003513409130e-01 8.248038714147744033e-01 -4.512316726382826770e-01 -1.044935130407434118e-02 -8.709799931217272473e-01 3.913970406889711873e-01
1.586161710518299103e+09 8.634323463301678547e-01 -4.674823449616938853e-01 -1.895912460507474806e-01 -3.761918518188432925e-01 -3.462839515112824396e-01 -8.593992760541457887e-01 3.361015829353130591e-01 8.133558152022298815e-01 -4.748558137482798425e-01 -1.776459210997744995e-02 -8.729661897410422311e-01 3.971805331234785630e-01
1.586161710518317938e+09 8.607051339820641633e-01 -4.730239465997765347e-01 -1.882419145654523895e-01 -3.864534369601932418e-01 -3.663418000705233601e-01 -8.464321749049307231e-01 3.314218060339011451e-01 8.012752532771101333e-01 -4.981139979928071448e-01 -2.501809401278783443e-02 -8.746542299362006778e-01 4.031339976815658810e-01
1.586161710518337011e+09 8.577228862572219281e-01 -4.788771525023899356e-01 -1.870511248855826203e-01 -3.969927720406808414e-01 -3.857563705840741375e-01 -8.328197653951346924e-01 3.266621947130018966e-01 7.885865173947183004e-01 -5.209828357575732038e-01 -3.220036871263610295e-02 -8.760615258310101572e-01 4.092447225321324544e-01
1.586161710518356085e+09 8.544902408089427581e-01 -4.850310526291578550e-01 -1.859873825475921449e-01 -4.077847227346299563e-01 -4.045137137525146032e-01 -8.185843117370001920e-01 3.218043635249200896e-01 7.753151187904779862e-01 -5.434412739355337640e-01 -3.930344625283291315e-02 -8.772051275110183122e-01 4.155013170095145369e-01
1.586161710518373013e+09 8.510135216777132694e-01 -4.914706516795953051e-01 -1.850204977252748462e-01 -4.188029600685941878e-01 -4.226034116971701393e-01 -8.037477447503316164e-01 3.168281342891380303e-01 7.614873308301843835e-01 -5.654705813156269967e-01 -4.632066271732603047e-02 -8.781014979110945973e-01 4.218936329431417498e-01
1.586161710518390894e+09 8.473007332176275552e-01 -4.981773915734559188e-01 -1.841215743282593742e-01 -4.300198829114705301e-01 -4.400186236774462079e-01 -7.883314729537060916e-01 3.117119951298556457e-01 7.471297727967395330e-01 -5.870542860062475388e-01 -5.324645177787250966e-02 -8.787663487485287694e-01 4.284126765119321001e-01
1.586161710518409014e+09 8.433615548793532701e-01 -5.051296749023262977e-01 -1.832629242474552722e-01 -4.414065487047726388e-01 -4.567560855811427789e-01 -7.723562242752251006e-01 3.064335925297568819e-01 7.322690010350370038e-01 -6.081780689221734093e-01 -6.007614659976243110e-02 -8.792145306054687248e-01 4.350505158789241822e-01
1.586161710518426895e+09 8.392073368375723152e-01 -5.123033758150438155e-01 -1.824179186529603924e-01 -4.529326179564330812e-01 -4.728160635673432366e-01 -7.558419237878795105e-01 3.009702468821736643e-01 7.169311133033500205e-01 -6.288296186525810239e-01 -6.680579736606837016e-02 -8.794599711525221686e-01 4.418001876709800602e-01
1.586161710518445969e+09 8.348510118114544909e-01 -5.196724301035030580e-01 -1.815608812131325189e-01 -4.645664367730931721e-01 -4.882021528427737955e-01 -7.388076095406579391e-01 2.952995327139407156e-01 7.011413719166956771e-01 -6.489984303456750592e-01 -7.343200820533593576e-02 -8.795156549115191735e-01 4.486556044366946105e-01
1.586161710518465996e+09 8.303068464202438825e-01 -5.272095737336544019e-01 -1.806671145239956144e-01 -4.762753611977458834e-01 -5.029208195387823155e-01 -7.212713981033386235e-01 2.893999330060399999e-01 6.849238751155554139e-01 -6.686755297588198310e-01 -7.995179517079310794e-02 -8.793936363464739392e-01 4.556114652169255264e-01
1.586161710518482924e+09 8.255901292305216632e-01 -5.348870810931131148e-01 -1.797129631273120809e-01 -4.880261770967903590e-01 -5.169808188091427059e-01 -7.032505126789947436e-01 2.832514591423191397e-01 6.683013119323467643e-01 -6.878531583039355635e-01 -8.636246491093019229e-02 -8.791050775106415971e-01 4.626631711864271912e-01
1.586161710518501043e+09 8.207166621471629897e-01 -5.426776370977997033e-01 -1.786760834223396210e-01 -4.997858001794057148e-01 -5.303923253233890911e-01 -6.847613710692417310e-01 2.768362594286505329e-01 6.512948360776987800e-01 -7.065243958912699185e-01 -9.266151314187874577e-02 -8.786603034010647129e-01 4.698067471239270043e-01
1.586161710518521070e+09 8.157019872160994334e-01 -5.505553822946044340e-01 -1.775360222527437026e-01 -5.115223382978912881e-01 -5.431657022012298386e-01 -6.658197334910185283e-01 2.701391596861456579e-01 6.339241208932467897e-01 -7.246827191117745093e-01 -9.884654226059164106e-02 -8.780688702524004352e-01 4.770387683787749022e-01
1.586161710518537998e+09 8.105604007016361523e-01 -5.584970305229438603e-01 -1.762750800046209432e-01 -5.232064252240428148e-01 -5.553100044598054952e-01 -6.464408988319638727e-01 2.631480069110156417e-01 6.162076483764256096e-01 -7.423215344893364653e-01 -1.049151966504266315e-01 -8.773396420035797227e-01 4.843562932237717167e-01
1.586161710518557072e+09 8.053039183139697466e-01 -5.664828567236881440e-01 -1.748793078254688438e-01 -5.348125795064726518e-01 -5.668314698275626062e-01 -6.266399203261042716e-01 2.558536770753014333e-01 5.981632368568805536e-01 -7.594337614469047759e-01 -1.108651126606236270e-01 -8.764808695292934937e-01 4.917568012541944089e-01
1.586161710518574953e+09 7.999413420708603173e-01 -5.744974056553850961e-01 -1.733394942310649001e-01 -5.463203661972069192e-01 -5.777322254430690140e-01 -6.064318043228745791e-01 2.482496865008579079e-01 5.798087673170636558e-01 -7.760115247339696154e-01 -1.166938801919113616e-01 -8.755002687413531159e-01 4.992381380973192062e-01
1.586161710518593073e+09 7.944774491490987911e-01 -5.825299357479989393e-01 -1.716521391365450622e-01 -5.577153241977684806e-01 -5.880092477908831494e-01 -5.858316667771780173e-01 2.403314379619929386e-01 5.611630766094768408e-01 -7.920459591480502048e-01 -1.223990132278027637e-01 -8.744050952101196650e-01 5.067984662501661131e-01
1.586161710518608093e+09 7.889122541187051363e-01 -5.905746821002945124e-01 -1.698204942951766494e-01 -5.689897143821545100e-01 -5.976535071079726036e-01 -5.648548402026873916e-01 2.320951536625203981e-01 5.422470197112335688e-01 -8.075270950786133106e-01 -1.279779287450439618e-01 -8.732022154605770803e-01 5.144362206164152518e-01
1.586161710518619061e+09 7.832404187506607496e-01 -5.986308939129356688e-01 -1.678555909330028684e-01 -5.801429673599604042e-01 -6.066493858237813619e-01 -5.435169364738852149e-01 2.235365383637638037e-01 5.230846734675899112e-01 -8.224438220481069539e-01 -1.334279331709329330e-01 -8.718981746309867331e-01 5.221500678454027433e-01
1.586161710518635035e+09 7.774509086480679843e-01 -6.067025869622519885e-01 -1.657771266935916255e-01 -5.911816793748412291e-01 -6.149744863320710797e-01 -5.218338847408208192e-01 2.146492644758810908e-01 5.037046279517161107e-01 -8.367839273465010885e-01 -1.387462153372447660e-01 -8.704992599962508848e-01 5.299388689369634031e-01
1.586161710518646955e+09 7.715270372246734176e-01 -6.147979265254250869e-01 -1.636139984553093008e-01 -6.021189596213546436e-01 -6.225999936482269348e-01 -4.998219748123063910e-01 2.054234393213988652e-01 4.841412578341965922e-01 -8.505342162814717444e-01 -1.439298457038528378e-01 -8.690115605006659694e-01 5.378016442887705306e-01
1.586161710518661976e+09 7.654467236446133027e-01 -6.229284381289460493e-01 -1.614046912302652126e-01 -6.129733797247283178e-01 -6.294913384177114324e-01 -4.774979484117922723e-01 1.958441960794475856e-01 4.644360191858782350e-01 -8.636806325084620539e-01 -1.489757820548177902e-01 -8.674410225300419608e-01 5.457375403707954709e-01
1.586161710518675089e+09 7.591830189108188520e-01 -6.311080168057485729e-01 -1.591974090246088547e-01 -6.237674621466307023e-01 -6.356092275060571950e-01 -4.548791742956069251e-01 1.858905513807970478e-01 4.446387085313547316e-01 -8.762083780747362827e-01 -1.538808823620154143e-01 -8.657935021647393814e-01 5.537457971987324035e-01
1.586161710518687010e+09 7.527049543472463800e-01 -6.393517119868841192e-01 -1.570498016545344155e-01 -6.345256655031248361e-01 -6.409111191865398682e-01 -4.319839317062866835e-01 1.755347021178171596e-01 4.248085754502189393e-01 -8.881020451512385838e-01 -1.586419257447315156e-01 -8.640748139182278242e-01 5.618257159123862809e-01
1.586161710518697977e+09 7.459787634016187274e-01 -6.476742794777219370e-01 -1.550281018911857656e-01 -6.452718590414616706e-01 -6.453532251329573421e-01 -4.088318026661022508e-01 1.647419576557380694e-01 4.050151140497898483e-01 -8.993457871166342654e-01 -1.632556420546638354e-01 -8.622907754317409301e-01 5.699766261861141103e-01
1.586161710518709898e+09 7.389694137207891700e-01 -6.560885912879396153e-01 -1.532056333368271295e-01 -6.560264640853651352e-01 -6.488929749894862820e-01 -3.854441406488043342e-01 1.534714440366449495e-01 3.853383805021186603e-01 -9.099235398662676166e-01 -1.677187498540833599e-01 -8.604472471095275798e-01 5.781978537037195665e-01
1.586161710518721104e+09 7.316423991271064908e-01 -6.646039891222473850e-01 -1.516605998982782921e-01 -6.668034468027805861e-01 -6.514918965463238898e-01 -3.618445414787316294e-01 1.416776738302664429e-01 3.658686191458806469e-01 -9.198193248066595107e-01 -1.720280019732661203e-01 -8.585501655268973353e-01 5.864886882481160635e-01
1.586161710518733978e+09 7.239655499006490968e-01 -6.732248000107544650e-01 -1.504734239881203028e-01 -6.776076055233497542e-01 -6.531185934437427898e-01 -3.380592196147411688e-01 1.293128594728880365e-01 3.467051653039618375e-01 -9.290176062658584977e-01 -1.761802367282139514e-01 -8.566055693054728248e-01 5.948483534253790062e-01
1.586161710518743038e+09 7.159107171836872618e-01 -6.819491443528796770e-01 -1.497237778614075310e-01 -6.884324413853041280e-01 -6.537516102118274830e-01 -3.141171850205924931e-01 1.163297846705245303e-01 3.279545650895537290e-01 -9.375036983718405548e-01 -1.801724321841321474e-01 -8.546196164314785459e-01 6.032759792135038435e-01
1.586161710518754959e+09 7.074551237343587040e-01 -6.907681849977167499e-01 -1.494876671038171678e-01 -6.992589380016571710e-01 -6.533818555480565005e-01 -2.900501484173413358e-01 1.026848852512277921e-01 3.097280509383290026e-01 -9.452641688059132408e-01 -1.840017602877278280e-01 -8.525985924608967537e-01 6.117705785675714436e-01
1.586161710518764973e+09 6.985822623342419213e-01 -6.996658748022563934e-01 -1.498348641282923333e-01 -7.100553921787353673e-01 -6.520143491404685188e-01 -2.658921373120726739e-01 8.834117342833176789e-02 2.921385839901914361e-01 -9.522871861192711007e-01 -1.876656369601612806e-01 -8.505489096073334254e-01 6.203310293576832501e-01
1.586161710518776894e+09 6.892823282665724305e-01 -7.086191733620296196e-01 -1.508268517284145904e-01 -7.207782421974866516e-01 -6.496691887875295501e-01 -2.416788589148902155e-01 7.327071480114398516e-02 2.752976795917158048e-01 -9.585627731084669367e-01 -1.911617652246914711e-01 -8.484770976477939985e-01 6.289560622366539011e-01
