1.586161713026290894e+09 9.239840789099221796e-01 -3.061701476724497106e-01 -2.291577246747723007e-01 -2.967965080789115584e-01 -1.962045840556659870e-01 -9.345670625607612747e-01 2.411747394974680936e-01 9.315382988080628257e-01 -2.721601425889442760e-01 -6.705946785320333892e-03 -9.191837287018529423e-01 2.701144243545675616e-01
1.586161713026365995e+09 9.239196780047321811e-01 -3.073296995097850592e-01 -2.278615469484988887e-01 -3.046992257008061533e-01 -2.309111100080573631e-01 -9.240337881094597972e-01 2.313672637000433741e-01 9.231622367431970844e-01 -3.069864398815974615e-01 -1.969496080416091935e-02 -9.257043503027999609e-01 2.707359165276269630e-01
1.586161713026408911e+09 9.235643913623804435e-01 -3.085211893809894357e-01 -2.276916574960118900e-01 -3.133293505346510521e-01 -2.649378438504521038e-01 -9.119389548786416277e-01 2.210283542009451596e-01 9.135768248330260466e-01 -3.413559023938996240e-01 -3.298770806512836551e-02 -9.315264960045215314e-01 2.717482077156872511e-01
1.586161713026443005e+09 9.228972822394562181e-01 -3.098650474792793985e-01 -2.285700307752419891e-01 -3.226115090929194129e-01 -2.982170299491098686e-01 -8.983253406672121466e-01 2.101961486243620891e-01 9.028013378762028696e-01 -3.751897170290636185e-01 -4.653499000907580785e-02 -9.366430664950887719e-01 2.731306338842826031e-01
1.586161713026473045e+09 9.218999383411223825e-01 -3.114645723593786331e-01 -2.304133764227455083e-01 -3.324732281101800968e-01 -3.306876032339924887e-01 -8.832368097475873370e-01 1.989021280388674484e-01 8.908622393521931082e-01 -4.084145128297122507e-01 -6.028839976039128412e-02 -9.410548728817199615e-01 2.748623753154931793e-01
1.586161713026503086e+09 9.205558579014339049e-01 -3.134073226588321437e-01 -2.331367898253804138e-01 -3.428464057142294186e-01 -3.622936078859717579e-01 -8.667177650247755993e-01 1.871717255227791088e-01 8.777922260190685888e-01 -4.409620770964770564e-01 -7.420139484069897262e-02 -9.447700104624823236e-01 2.769228520604520294e-01
1.586161713026535034e+09 9.188499962876153226e-01 -3.157667307312345129e-01 -2.366559871806827586e-01 -3.536677761695699029e-01 -3.929830248896276634e-01 -8.488129633102994287e-01 1.750251087298591579e-01 8.636293847376544930e-01 -4.727689683806320375e-01 -8.823017650911472998e-02 -9.478030627496536464e-01 2.792920549830171240e-01
1.586161713026567936e+09 9.167685040148698672e-01 -3.186035964931358544e-01 -2.408884773725865625e-01 -3.648786454353712960e-01 -4.227070440685845032e-01 -8.295675556793377092e-01 1.624779505579874717e-01 8.484164681727929258e-01 -5.037761531152563643e-01 -1.023343615297223619e-01 -9.501741882831826747e-01 2.819508088967352388e-01
1.586161713026588917e+09 9.142986429695851847e-01 -3.219673029977757062e-01 -2.457540385166031016e-01 -3.764241677353606375e-01 -4.514197375677492796e-01 -8.090272349647744665e-01 1.495420933261802920e-01 8.322002623197536364e-01 -5.339287275006683320e-01 -1.164774452844281188e-01 -9.519081378971125940e-01 2.848809700541885537e-01
1.586161713026609898e+09 9.114288564362656997e-01 -3.258967146615679988e-01 -2.511747821955537252e-01 -3.882523596775130370e-01 -4.790780688240163232e-01 -7.872384070994232763e-01 1.362260809451237842e-01 8.150310028553345854e-01 -5.631757448495858798e-01 -1.306270650656690124e-01 -9.530332481249150778e-01 2.880655627732749968e-01
1.586161713026624918e+09 9.081489111734963871e-01 -3.304208560697107222e-01 -2.570751119643025495e-01 -4.003131102015088927e-01 -5.056420964132881668e-01 -7.642483134239242970e-01 1.225355834309872355e-01 7.969618111804637195e-01 -5.914701198244153302e-01 -1.447550811920436387e-01 -9.535804560589054013e-01 2.914888605363482044e-01
1.586161713026638031e+09 9.044372534007015796e-01 -3.355762633081975088e-01 -2.634043020681489100e-01 -4.125844398547023339e-01 -5.310589322606028562e-01 -7.401016760498203562e-01 1.084773475181080860e-01 7.780520434019336795e-01 -6.187630266632265785e-01 -1.588335736963999989e-01 -9.535492325018675164e-01 2.951514167009688938e-01
1.586161713026650906e+09 9.002816708110283894e-01 -3.413819343862856681e-01 -2.700949615584994912e-01 -4.250253461599551308e-01 -5.552895167836111590e-01 -7.148475418630027001e-01 9.405513595473108390e-02 7.583613437517969791e-01 -6.450129487346991652e-01 -1.728389011521164198e-01 -9.529736037494234147e-01 2.990422647013680768e-01
1.586161713026663065e+09 8.956724936662711078e-01 -3.478471219638402667e-01 -2.770797069689934777e-01 -4.375922911682236238e-01 -5.782998239804247875e-01 -6.885363467022620476e-01 7.927024081238362441e-02 7.379510102970172625e-01 -6.701824644491111149e-01 -1.867513198539990371e-01 -9.518876022995871322e-01 3.031513339973438415e-01
1.586161713026674032e+09 8.906027530817935967e-01 -3.549717512756139781e-01 -2.842917378017867924e-01 -4.502389684054371455e-01 -6.000612599835061234e-01 -6.612195974348901162e-01 6.412182010568491519e-02 7.168832124806805428e-01 -6.942383252037008790e-01 -2.005545943428336808e-01 -9.503246775515853395e-01 3.074694497186543640e-01
1.586161713026684999e+09 8.850682874883027962e-01 -3.627470466873691790e-01 -2.916654021049139844e-01 -4.629162494541991246e-01 -6.205509280629031288e-01 -6.329495178189732396e-01 4.860733234720414353e-02 6.952201997020224233e-01 -7.171514494862955003e-01 -2.142355750824119220e-01 -9.483172300950155620e-01 3.119883173286934763e-01
1.586161713026694059e+09 8.790678267566830462e-01 -3.711563121279352062e-01 -2.991366712922030047e-01 -4.755722426679376280e-01 -6.397517784590264212e-01 -6.037786882608928707e-01 3.272305383262454070e-02 6.730235168257447942e-01 -7.388968452221864602e-01 -2.277837675001570528e-01 -9.458962623270704695e-01 3.167004974019713703e-01
1.586161713026710987e+09 8.726030761093657162e-01 -3.801758108090384503e-01 -3.066434812988352299e-01 -4.881524217480983641e-01 -6.576526582551693867e-01 -5.737597011529473878e-01 1.646465900192774570e-02 6.503532380487271336e-01 -7.594534752671897593e-01 -2.411909113675191896e-01 -9.430911347243020604e-01 3.215993744382662500e-01
1.586161713026729107e+09 8.656788114321858352e-01 -3.897757004927397406e-01 -3.141259284517254335e-01 -5.005998063255925334e-01 -6.742482683219960249e-01 -5.429448471136937293e-01 -1.721551599773579744e-04 6.272672287354487120e-01 -7.788040796304788183e-01 -2.544505838543250076e-01 -9.399294135049519605e-01 3.266791232744277185e-01
1.586161713026747942e+09 8.583029834884000620e-01 -3.999209981496588129e-01 -3.215263347795916937e-01 -5.128552015592491298e-01 -6.895390209670356763e-01 -5.113858437942796487e-01 -1.719101698658787036e-02 6.038204485427625112e-01 -7.969349629602844320e-01 -2.675578353734278103e-01 -9.364367960184857287e-01 3.319346750506901311e-01
1.586161713026767015e+09 8.504868292948906117e-01 -4.105725474593239777e-01 -3.287891978937124704e-01 -5.248574984240758079e-01 -7.035307979146546709e-01 -4.791336172398407145e-01 -3.459421691197608895e-02 5.800643067230795147e-01 -8.138357577263648501e-01 -2.805088647884942943e-01 -9.326371025894097944e-01 3.373616825778577577e-01
1.586161713026784897e+09 8.422448747818234160e-01 -4.216880837439919705e-01 -3.358611783385758720e-01 -5.365442133329418883e-01 -7.162344718986008996e-01 -4.462381526033047940e-01 -5.238204220772569447e-02 5.560461685582934743e-01 -8.294991141753655928e-01 -2.933007378028075762e-01 -9.285523233986553437e-01 3.429564844075324026e-01
1.586161713026803970e+09 8.335947127968803549e-01 -4.332234536917034529e-01 -3.426912519330265194e-01 -5.478523970514903585e-01 -7.276650833339606272e-01 -4.127484439428693586e-01 -7.055215197695455243e-02 5.318091442838447369e-01 -8.439202736274510341e-01 -3.059311487861174905e-01 -9.242027072209393346e-01 3.487160678355383236e-01
1.586161713026822090e+09 8.245566693567261130e-01 -4.451337919467962534e-01 -3.492308784591006132e-01 -5.587196580384719002e-01 -7.378408707632596597e-01 -3.787125474399168357e-01 -8.909906313015834856e-02 5.073921136302416146e-01 -8.570966108363107239e-01 -3.183982232205204155e-01 -9.196068786281347274e-01 3.546380318980434931e-01
1.586161713026839972e+09 8.151531616344772635e-01 -4.573747774194541482e-01 -3.554344331107027188e-01 -5.690855302479299604e-01 -7.467819850097414669e-01 -3.441777543117592875e-01 -1.080138076964812927e-01 4.828301773097452010e-01 -8.690270637660680864e-01 -3.307003573164347121e-01 -9.147819736359834586e-01 3.607205504773745020e-01
1.586161713026860952e+09 8.054076254311970384e-01 -4.699039690442412542e-01 -3.612600406309221523e-01 -5.788932311199530556e-01 -7.545088588636506000e-01 -3.091908945870098235e-01 -1.272838724170572977e-01 4.581556962954066448e-01 -8.797114152416778410e-01 -3.428360918839923333e-01 -9.097437871216199623e-01 3.669623344304914769e-01
1.586161713026880026e+09 7.953430518483498579e-01 -4.826820655789592074e-01 -3.666707700756747790e-01 -5.880915915829565410e-01 -7.610404235776524473e-01 -2.737987473052340137e-01 -1.468935332340496891e-01 4.333999279232629287e-01 -8.891494771420911380e-01 -3.548040165782598843e-01 -9.045069254823123739e-01 3.733625924290626119e-01
1.586161713026899099e+09 7.849803435079504288e-01 -4.956738478076009313e-01 -3.716359738893068032e-01 -5.966367448041550725e-01 -7.663925315292389184e-01 -2.380484883410289298e-01 -1.668246246178353431e-01 4.085950617542138397e-01 -8.973403035989829801e-01 -3.666026986359146589e-01 -8.990849572356861552e-01 3.799209920661847373e-01
1.586161713026917934e+09 7.743367064474273587e-01 -5.088486548702351175e-01 -3.761325719315058436e-01 -6.044932474978047532e-01 -7.705768759007062263e-01 -2.019880998782065396e-01 -1.870576892407777581e-01 3.837763997919403369e-01 -9.042815359115566887e-01 -3.782306305230131449e-01 -8.934905566216612138e-01 3.866376225878164208e-01
1.586161713026935101e+09 7.634241241270171008e-01 -5.221804358986446015e-01 -3.801462866430560528e-01 -6.116345967420282470e-01 -7.736004538597179847e-01 -1.656667084600819129e-01 -2.075734258005059174e-01 3.589845824339900626e-01 -9.099688691422703757e-01 -3.896861918300285055e-01 -8.877356375652524223e-01 3.935129600748625278e-01
1.586161713026952028e+09 7.522478610390471720e-01 -5.356474840063126797e-01 -3.836729448668377285e-01 -6.180432328104900064e-01 -7.754655054429876460e-01 -1.291348623763278747e-01 -2.283543699422684037e-01 3.342678910953946203e-01 -9.143955703320274520e-01 -4.009676239341238291e-01 -8.818314788708737639e-01 4.005478334609108293e-01
1.586161713026964903e+09 7.408051267833160036e-01 -5.492318373727995695e-01 -3.867197346018948489e-01 -6.237099131312530131e-01 -7.761700278761674010e-01 -9.244475390338607879e-02 -2.493866650977783761e-01 3.096844796132338096e-01 -9.175520773721871359e-01 -4.120730156858947724e-01 -8.757888407277600873e-01 4.077433905676675630e-01
1.586161713026979923e+09 7.290840833120942888e-01 -5.629183348521280550e-01 -3.893062392656672643e-01 -6.286323570838963093e-01 -7.757089613856600341e-01 -5.565040241425527057e-02 -2.706617066118967019e-01 2.853043213527785560e-01 -9.194257366004570109e-01 -4.230002981977307730e-01 -8.696180722709097033e-01 4.151010639311727424e-01
1.586161713026990891e+09 7.170634586023916235e-01 -5.766933175199662198e-01 -3.914649589016852005e-01 -6.328130806900654770e-01 -7.740761407122936921e-01 -1.880781016634363451e-02 -2.921773461192603838e-01 2.612105399398806371e-01 -9.200007894403943176e-01 -4.337472480395146990e-01 -8.633292107531329584e-01 4.226225354410590995e-01
1.586161713027015924e+09 7.047125482997760315e-01 -5.905431848342990175e-01 -3.932416194879496674e-01 -6.362568521539651023e-01 -7.712667013722583897e-01 1.802481282083551531e-02 -3.139385970202384080e-01 2.375003630870881344e-01 -9.192584702717688794e-01 -4.443114987764603674e-01 -8.569320728877243276e-01 4.303096985890331183e-01
1.586161713027033091e+09 6.919917269807875915e-01 -6.044528208423070037e-01 -3.946951194895012560e-01 -6.389678507122401596e-01 -7.672799360798229218e-01 5.478673088683445186e-02 -3.359576400259381979e-01 2.142855275790051806e-01 -9.171772877204910079e-01 -4.546905614599929812e-01 -8.504363388074017704e-01 4.381646168148805032e-01
1.586161713027050018e+09 6.788535950952744313e-01 -6.184039297848645811e-01 -3.958969262772371600e-01 -6.409466724886534461e-01 -7.621225578180741422e-01 9.141427856906328420e-02 -3.582529271334871646e-01 1.916919058132273979e-01 -9.137335792110893307e-01 -4.648818549845622483e-01 -8.438516286289219348e-01 4.461894764352877796e-01
1.586161713027064085e+09 6.652448837562002781e-01 -6.323733599374447012e-01 -3.969296895679802484e-01 -6.421873950178648149e-01 -7.558122620732625752e-01 1.278404263744841729e-01 -3.808472064573098503e-01 1.698580536857982048e-01 -9.089024410043481383e-01 -4.748827466922438401e-01 -8.371875707978020387e-01 4.543865333486247216e-01
1.586161713027080059e+09 6.511090467998009723e-01 -6.463315715016463292e-01 -3.978850450049277176e-01 -6.426750718030751486e-01 -7.483813138217390026e-01 1.639943951514903353e-01 -4.037644878025333228e-01 1.489325654826778866e-01 -9.026590328912865724e-01 -4.846906026391915590e-01 -8.304538607134401840e-01 4.627580537594860877e-01
1.586161713027090073e+09 6.363894714657895024e-01 -6.602414180763339635e-01 -3.988605152768965878e-01 -6.423839860533251400e-01 -7.398798482559433287e-01 1.998014640655743634e-01 -4.270260594200583348e-01 1.290700594929646838e-01 -8.949802593636276837e-01 -4.943028462467943807e-01 -8.236603079632274227e-01 4.713062499214819012e-01
1.586161713027101994e+09 6.210328948467050969e-01 -6.740574366264012740e-01 -3.999558923554858425e-01 -6.412770716702074214e-01 -7.303784249400397943e-01 2.351830652235268604e-01 -4.506460487171834450e-01 1.104261235595660057e-01 -8.858466065539362111e-01 -5.037170227337286477e-01 -8.168168704356543186e-01 4.800332131759496579e-01
1.586161713027112007e+09 6.049927432591212240e-01 -6.877257640036832376e-01 -4.012693039745998114e-01 -6.393066436122608609e-01 -7.199695015479976590e-01 2.700572767205074998e-01 -4.746270076542699057e-01 9.315143915792215012e-02 -8.752439735981554225e-01 -5.129308659650008151e-01 -8.099336741261710104e-01 4.889408472748784651e-01
1.586161713027122021e+09 5.882319816356200715e-01 -7.011847206889362250e-01 -4.028934393066195829e-01 -6.364164432074653766e-01 -7.087675557805638293e-01 3.043397166387385444e-01 -4.989561573482257373e-01 7.738565495789187509e-02 -8.631652297115296468e-01 -5.219423637803616289e-01 -8.030210182736796654e-01 4.980308054680972485e-01
1.586161713027131081e+09 5.707251971621798425e-01 -7.143659925885126327e-01 -4.049123091980864064e-01 -6.325447559659437280e-01 -6.969077904188729633e-01 3.379447644056827182e-01 -5.236027897034792877e-01 6.325156544738991249e-02 -8.496112984271780855e-01 -5.307498170920222913e-01 -7.960893664576504936e-01 5.073044354493879693e-01
1.586161713027141094e+09 5.524598247266810924e-01 -7.271962750487234173e-01 -4.073987233670874342e-01 -6.276281970740914540e-01 -6.845435371458878926e-01 3.707869906362215584e-01 -5.485170814687668761e-01 5.085001031443685260e-02 -8.345916894625386995e-01 -5.393518893946547266e-01 -7.891493256214061613e-01 5.167627349295852435e-01
1.586161713027152061e+09 5.334364993521352183e-01 -7.395991916924289367e-01 -4.104126423366507015e-01 -6.216057155660200673e-01 -6.718426145914148107e-01 4.027826163458042008e-01 -5.736304000821411675e-01 4.025589529011960183e-02 -8.181244571139041355e-01 -5.477476437292129186e-01 -7.822116158282587106e-01 5.264063201418011095e-01
1.586161713027162075e+09 5.136685148129965794e-01 -7.514971961884980844e-01 -4.140007502330675937e-01 -6.144223720058036298e-01 -6.589830908132766618e-01 4.338507061613317561e-01 -5.988570831454548271e-01 3.151587502360885668e-02 -8.002355552710344044e-01 -5.559365655578493159e-01 -7.752870342083373334e-01 5.362354082194846772e-01
1.586161713027170897e+09 4.931807415135008310e-01 -7.628133123355322898e-01 -4.181968518614093688e-01 -6.060325241673490959e-01 -6.461488644080299881e-01 4.639140277155976988e-01 -6.240972169601303188e-01 2.464742948374054957e-02 -7.809578531101346588e-01 -5.639185722321867766e-01 -7.683864166257764472e-01 5.462498123552916862e-01
1.586161713027179956e+09 4.720082637683437055e-01 -7.734726314138979930e-01 -4.230227979328778920e-01 -5.964022412158122011e-01 -6.335253705814979375e-01 4.928995556277925294e-01 -6.492399910462351986e-01 1.963908124780849862e-02 -7.603300210079522170e-01 -5.716940112476662783e-01 -7.615206000210945625e-01 5.564489473300063826e-01
1.586161713027189970e+09 4.501948884765806791e-01 -7.834034786149215446e-01 -4.284898508325554745e-01 -5.855108839806396626e-01 -6.212956896775245763e-01 5.207385823655498180e-01 -6.741673141712404282e-01 1.645162326396110153e-02 -7.383954068973096474e-01 -5.792636500393385512e-01 -7.547003875182116683e-01 5.668318425786328385e-01
1.586161713027199984e+09 4.277917141904631348e-01 -7.925382878252813512e-01 -4.346001746247498132e-01 -5.733519068646308892e-01 -6.096371569173725247e-01 5.473665392003224106e-01 -6.987573545459787594e-01 1.501996868978026749e-02 -7.152010628769996936e-01 -5.866286594159344503e-01 -7.479365176960147688e-01 5.773971606370551513e-01
1.586161713027209044e+09 4.048558412885004953e-01 -8.008142179144145389e-01 -4.413483163484498983e-01 -5.599329893943109093e-01 -5.987185162686676776e-01 5.727226083373512244e-01 -7.228878166977674713e-01 1.525538865374461393e-02 -6.907969874853862047e-01 -5.937905922599582276e-01 -7.412396389518415285e-01 5.881432193000202258e-01
1.586161713027218103e+09 3.814492534449985262e-01 -8.081735108009500124e-01 -4.487226801364360140e-01 -5.452756122466273503e-01 -5.886976660245805126e-01 5.967491643412838886e-01 -7.464388615973616137e-01 1.704801084818070508e-02 -6.652355910166574127e-01 -6.007513596977708259e-01 -7.346202892028416143e-01 5.990680153778050743e-01
1.586161713027226925e+09 3.576379055235394677e-01 -8.145636444908381790e-01 -4.567069057825222100e-01 -5.294142139782509471e-01 -5.797199508781523125e-01 6.193911276627772633e-01 -7.692955991929810722e-01 2.026938188543661937e-02 -6.385714005122850034e-01 -6.075132061827962504e-01 -7.280888808603397377e-01 6.101692486849754626e-01
