1.586161713723071098e+09 8.499889981502442016e-01 -4.087616672698935472e-01 -3.323140120383646923e-01 -5.255984768457224732e-01 -7.006178924574409939e-01 -4.825772584433923318e-01 -3.556605798701859694e-02 5.848490988589957196e-01 -8.103620101057248393e-01 -2.801512707938528246e-01 -9.378999911386763921e-01 3.326981461729021650e-01
1.586161713723134995e+09 8.404068367062049738e-01 -4.211208773206543965e-01 -3.411356851824634551e-01 -5.389970932094338973e-01 -7.151490838991931831e-01 -4.450212599087080001e-01 -5.655512932840918439e-02 5.578700518763454186e-01 -8.279991080343332976e-01 -2.951304164756441972e-01 -9.341231262238693933e-01 3.381686687731850216e-01
1.586161713723157883e+09 8.303098500973534746e-01 -4.339619324789518173e-01 -3.496606843687809496e-01 -5.518028305433420044e-01 -7.280916113892469399e-01 -4.066893680561736168e-01 -7.809730702262313029e-02 5.306219434608753227e-01 -8.440030592914262719e-01 -3.099925051045432367e-01 -9.300573137877736762e-01 3.437502117781549016e-01
1.586161713723174095e+09 8.196866523610922828e-01 -4.472577600683966259e-01 -3.578746822603383615e-01 -5.639830171108068946e-01 -7.394264667122885104e-01 -3.676569830666557293e-01 -1.001845730887213487e-01 5.031987645887666671e-01 -8.583437860039531131e-01 -3.247398580218475717e-01 -9.257246682348625466e-01 3.494343912268143004e-01
1.586161713723186970e+09 8.085264424400117056e-01 -4.609782974013402757e-01 -3.657649537680374152e-01 -5.755025074317391409e-01 -7.491410052337271752e-01 -3.280009431094297878e-01 -1.228082088216823631e-01 4.756960835494003503e-01 -8.709944777570758356e-01 -3.393761765555656229e-01 -9.211478404092416916e-01 3.552134013883621044e-01
1.586161713723201036e+09 7.968189001683277928e-01 -4.750907717236655947e-01 -3.733207724797237836e-01 -5.863239329248846055e-01 -7.572290167296703567e-01 -2.877993439336418713e-01 -1.459585090345947855e-01 4.482108601439410700e-01 -8.819314819379759918e-01 -3.539063368789647779e-01 -9.163494942698935386e-01 3.610799546300898499e-01
1.586161713723216057e+09 7.845536844069380678e-01 -4.895601400534786984e-01 -3.805343424257377483e-01 -5.964083913463850140e-01 -7.636904308000777020e-01 -2.471314571368289914e-01 -1.696247251090481911e-01 4.208417701288644786e-01 -8.911339167003763384e-01 -3.683361610418681154e-01 -9.113518590861142687e-01 3.670272186073855747e-01
1.586161713723227978e+09 7.717195935099222526e-01 -5.043495072914603305e-01 -3.874021730748551939e-01 -6.057163120523946231e-01 -7.685308695377560673e-01 -2.060777822963621997e-01 -1.937953009437075602e-01 3.936900778247050536e-01 -8.985830536493913945e-01 -3.826721754069742909e-01 -9.061763546931118629e-01 3.730487614306401412e-01
1.586161713723244905e+09 7.583036381858911934e-01 -5.194203026970454218e-01 -3.939265688924555864e-01 -6.142080770981914739e-01 -7.717614199528551877e-01 -1.647202148452609760e-01 -2.184583042837885403e-01 3.668608184836054109e-01 -9.042616377500265479e-01 -3.969213646972680753e-01 -9.008432825810149813e-01 3.791385133080129588e-01
1.586161713723265886e+09 7.442902696748118219e-01 -5.347321110000393674e-01 -4.001169380996846270e-01 -6.218441336933073771e-01 -7.733988955358981343e-01 -1.231422846006709759e-01 -2.436018641849133082e-01 3.404639748523455300e-01 -9.081532987065675799e-01 -4.110909285558899673e-01 -8.953715757262119546e-01 3.852907499434896077e-01
1.586161713723284960e+09 7.296608036416237786e-01 -5.502422033517486710e-01 -4.059909229294442756e-01 -6.285846540631161439e-01 -7.734665973613580325e-01 -8.142945366509085625e-02 -2.692144956829925495e-01 3.146155443377437466e-01 -9.102420639222628118e-01 -4.251880465479438986e-01 -8.897786010174909554e-01 3.915001001267741643e-01
1.586161713723300934e+09 7.146611501005453171e-01 -5.658650793274888624e-01 -4.111643865366866879e-01 -6.341786224971437402e-01 -7.721724012123651892e-01 -3.958861016952897049e-02 -2.950879795747405332e-01 2.890441058464621737e-01 -9.107011527082636837e-01 -4.391303691759507188e-01 -8.839406771721401990e-01 3.978322732439018017e-01
1.586161713723315954e+09 6.992980913410546950e-01 -5.815685542267919894e-01 -4.156443147725541465e-01 -6.386072702799876488e-01 -7.695293697571109481e-01 2.303021573063605831e-03 -3.211898724764811752e-01 2.638229825761465031e-01 -9.095243262504920656e-01 -4.529133837260359563e-01 -8.778684815439852240e-01 4.042916138943306037e-01
1.586161713723331928e+09 6.835696350428215329e-01 -5.973197088596216009e-01 -4.194540733819493994e-01 -6.418566550866156017e-01 -7.655517229255737188e-01 4.416553326188304290e-02 -3.474947319911538268e-01 2.390391709564025358e-01 -9.067015420440815987e-01 -4.665325027605969344e-01 -8.715721346645023404e-01 4.108826490306617396e-01
1.586161713723349094e+09 6.674648153826986396e-01 -6.130835033974767478e-01 -4.226338111290260380e-01 -6.439147703163141667e-01 -7.602579496623496080e-01 8.591634899882702459e-02 -3.739846109020142362e-01 2.147940133085712855e-01 -9.022189551397764573e-01 -4.799830444405110419e-01 -8.650613169117677970e-01 4.176100788653163698e-01
1.586161713723366022e+09 6.509639966205678085e-01 -6.288214016433085751e-01 -4.252405438814026994e-01 -6.447684672472557832e-01 -7.536743197418610540e-01 1.274701686155115810e-01 -4.006488476805848964e-01 1.912032031923440178e-01 -8.960590584885854692e-01 -4.932602237659947653e-01 -8.583453794267983383e-01 4.244787631883544798e-01
1.586161713723381996e+09 6.340397909764622364e-01 -6.444900696741636681e-01 -4.273477433792585711e-01 -6.444003853763107248e-01 -7.458386955198811341e-01 1.687388042913177955e-01 -4.274829671331519809e-01 1.683959342391485592e-01 -8.882010597274720975e-01 -5.063591552750620339e-01 -8.514334503356332240e-01 4.314937016080489518e-01
1.586161713723398924e+09 6.166586892018246502e-01 -6.600402422868246743e-01 -4.290442166202289576e-01 -6.427861632902263089e-01 -7.368044722671607261e-01 2.096309099616291416e-01 -4.544865341470597508e-01 1.465129636522491952e-01 -8.786216148713117402e-01 -5.192748681747196837e-01 -8.443345369187164051e-01 4.386600060995851647e-01
1.586161713723416090e+09 5.987834737383364025e-01 -6.754158955512569174e-01 -4.304320153473406019e-01 -6.398922764007639596e-01 -7.266443719585237160e-01 2.500516582333541238e-01 -4.816598660772986595e-01 1.257033215313025365e-01 -8.672960559835609651e-01 -5.320023344942844679e-01 -8.370576231738463546e-01 4.459828647563395809e-01
1.586161713723434925e+09 5.803762704827339913e-01 -6.905538642867993238e-01 -4.316233837508690052e-01 -6.356749199874840439e-01 -7.154536860573122992e-01 2.899024313239018658e-01 -5.089997850400944657e-01 1.061196679644146740e-01 -8.542001142931926472e-01 -5.445365099585338653e-01 -8.296117609742101884e-01 4.534674965447616501e-01
1.586161713723452091e+09 5.614020779915254167e-01 -7.053840654066255711e-01 -4.327366720288994828e-01 -6.300802759814877474e-01 -7.033525105708665626e-01 3.290806773032268762e-01 -5.364946906161042195e-01 8.791226560727551098e-02 -8.393121474485936151e-01 -5.568723865716981303e-01 -8.220061524622258586e-01 4.611190976072937486e-01
1.586161713723475933e+09 5.418322860579208866e-01 -7.198303566950394750e-01 -4.338917279540696059e-01 -6.230463689830848528e-01 -6.904865427664266253e-01 3.674800087583820485e-01 -5.641196648737323294e-01 7.122213234350176225e-02 -8.226155918321972349e-01 -5.690050544818370248e-01 -8.142502205818973327e-01 4.689427809804265213e-01
1.586161713723490000e+09 5.216478407938346384e-01 -7.338120373884872150e-01 -4.352050369656998430e-01 -6.145064335902636898e-01 -6.770261441404739067e-01 4.049906711370722667e-01 -5.918322175140373620e-01 5.617378594500534172e-02 -8.041014441245988298e-01 -5.809297697498468915e-01 -8.063536648502165338e-01 4.769435124986399210e-01
1.586161713723503113e+09 5.008416371449286864e-01 -7.472458420720539118e-01 -4.367851946087955017e-01 -6.043934558037250548e-01 -6.631635979180178220e-01 4.415003889688652872e-01 -6.195693710156906509e-01 4.286833554388260609e-02 -7.837704387543344975e-01 -5.926420238393860229e-01 -7.983265000706899484e-01 4.851260464104386605e-01
1.586161713723515987e+09 4.794199030098659220e-01 -7.600482151525209673e-01 -4.387291504594907354e-01 -5.926453331059214902e-01 -6.491087419436314399e-01 4.768955344325698786e-01 -6.472465265750150243e-01 3.137757259787868347e-02 -7.616346776064536472e-01 -6.041376095816290981e-01 -7.901790763924482208e-01 4.934948651636117400e-01
1.586161713723526955e+09 4.574025500552387768e-01 -7.721376616798084624e-01 -4.411194156235144770e-01 -5.792100355910005938e-01 -6.350833223671905614e-01 5.110625292499167971e-01 -6.747582102437407192e-01 2.173948825269528262e-02 -7.377186135088487084e-01 -6.154126795298682229e-01 -7.819220812345882843e-01 5.020541268197983298e-01
1.586161713723536968e+09 4.348225725915503270e-01 -7.834369464329693500e-01 -4.440223885685036787e-01 -5.640501846998133839e-01 -6.213145690499208840e-01 5.438893232156856161e-01 -7.019805694763223691e-01 1.395555550506516300e-02 -7.120593534997532448e-01 -6.264637928582315052e-01 -7.735665247163423519e-01 5.108076233182223813e-01
1.586161713723548889e+09 4.117246217692163701e-01 -7.938747872137029704e-01 -4.474881655159408389e-01 -5.471465133323413221e-01 -6.080287658048604271e-01 5.752666454642396676e-01 -7.287753626418654873e-01 7.990147448635473784e-03 -6.847062353361549336e-01 -6.372879483427705827e-01 -7.651237116471349964e-01 5.197587515710732076e-01
1.586161713723563910e+09 3.881631596130494799e-01 -8.033870538414699114e-01 -4.515513298181790258e-01 -5.285000387735327987e-01 -5.954452256364970442e-01 6.050889957392007190e-01 -7.549947489558301861e-01 3.771638834374075808e-03 -6.557199891324569929e-01 -6.478826033556855934e-01 -7.566052043068810518e-01 5.289104972693310369e-01
1.586161713723581076e+09 3.642004829570097968e-01 -8.119175157771719720e-01 -4.562323487101008768e-01 -5.081329698252464722e-01 -5.837709485149509270e-01 6.332553711798493135e-01 -7.804863186527279950e-01 1.194786212854436966e-03 -6.251717198018968968e-01 -6.582456805698785329e-01 -7.480227803639939443e-01 5.382654297325636383e-01
1.586161713723591089e+09 3.399048059851262904e-01 -8.194181191703238110e-01 -4.615394555885892203e-01 -4.860884485995569659e-01 -5.731962411261394275e-01 6.596696823248280328e-01 -8.050979713164502227e-01 1.241025014495945877e-04 -5.931418393090721608e-01 -6.683755648776761316e-01 -7.393883896090442942e-01 5.478257054438634421e-01
1.586161713723599911e+09 3.153485615749519466e-01 -8.258489472655267116e-01 -4.674706421097035713e-01 -4.624293888884460357e-01 -5.638912646544144147e-01 6.842409680955259255e-01 -8.286822946183962646e-01 3.977582465656947369e-04 -5.597191230721090260e-01 -6.782710924720718459e-01 -7.307141121009471663e-01 5.575930784179972122e-01
1.586161713723608971e+09 2.906069811379938805e-01 -8.311779537177766963e-01 -4.740156031069227005e-01 -4.372366517577832012e-01 -5.560034661007261514e-01 7.068834815761511070e-01 -8.511002839148152921e-01 1.831720538339349884e-03 -5.249999541697448757e-01 -6.879315336390673385e-01 -7.220121195706482586e-01 5.675689159235187686e-01
1.586161713723618031e+09 2.657569778544494610e-01 -8.353804892430217732e-01 -4.811576323152191859e-01 -4.106067552310744828e-01 -5.496558893967958825e-01 7.275166639271054558e-01 -8.722243528379532984e-01 4.223944167486314190e-03 -4.890877599882532678e-01 -6.973565715892889871e-01 -7.132946414627602261e-01 5.777542174188331492e-01
1.586161713723627090e+09 2.408763371728851188e-01 -8.384387064171004988e-01 -4.888753685687407535e-01 -3.826493285301353908e-01 -5.449462264055754401e-01 7.460650790536699217e-01 -8.919406269284982924e-01 7.358407934212482515e-03 -4.520926588934117696e-01 -7.065462789047470826e-01 -7.045739362737925005e-01 5.881496352525972249e-01
