1.586161714067475080e+09 7.422379298310187723e-01 -5.374645809319286149e-01 -4.002682600096340026e-01 -6.224974417934172610e-01 -7.741521514509158708e-01 -1.148276178934819758e-01 -2.481527570758564893e-01 3.343953811745799531e-01 -9.091754168193540986e-01 -4.133085377435907204e-01 -8.943545641755886733e-01 3.863204561251121771e-01
1.586161714067537069e+09 7.266246306696882984e-01 -5.543257087665777183e-01 -4.058813310708934141e-01 -6.291600166699703456e-01 -7.742085160882469230e-01 -6.898440045981113489e-02 -2.759969563161944750e-01 3.054900694277048467e-01 -9.113185490974825553e-01 -4.284371830494739797e-01 -8.881946056338205775e-01 3.930512118034791280e-01
1.586161714067586899e+09 7.104708278583449221e-01 -5.713278439707040190e-01 -4.108718750089555560e-01 -6.345610417822049598e-01 -7.725290121112770025e-01 -2.304799698844853945e-02 -3.042424812323996641e-01 2.770982144488038923e-01 -9.114017185120543152e-01 -4.434626430236393024e-01 -8.818640326262081608e-01 3.998544072283832240e-01
1.586161714067620993e+09 6.937673176454303148e-01 -5.884221798689480698e-01 -4.152664775931829699e-01 -6.386629492695733434e-01 -7.691465100828922541e-01 2.287539560576461878e-02 -3.328611520935765289e-01 2.493451113704000799e-01 -9.094121558493198920e-01 -4.583874708542252097e-01 -8.753717074087122851e-01 4.067263281772175443e-01
1.586161714067656040e+09 6.764996047903958365e-01 -6.055569559149034387e-01 -4.191050680543287332e-01 -6.414272846127299088e-01 -7.641037015116203257e-01 6.867730598315144319e-02 -3.618277541207233217e-01 2.223652553254192310e-01 -9.053366058632019708e-01 -4.732178728846727078e-01 -8.687319189111557538e-01 4.136614889073234602e-01
1.586161714067698002e+09 6.586483637549496173e-01 -6.226763378488898715e-01 -4.224411336663748684e-01 -6.428125463993442645e-01 -7.574560730167106959e-01 1.142467859863765950e-01 -3.911193724389880333e-01 1.963020020973349211e-01 -8.991613652840061421e-01 -4.879628907310993857e-01 -8.619625304749753969e-01 4.206531910561604470e-01
1.586161714067720890e+09 6.401902806225245879e-01 -6.397193542818836454e-01 -4.253416891875663186e-01 -6.427721788520314172e-01 -7.492751193778260932e-01 1.594701289949927714e-01 -4.207140728283265130e-01 1.713065776030351095e-01 -8.908724520031051641e-01 -5.026334916176865564e-01 -8.550832483905740355e-01 4.276940019227500334e-01
1.586161714067739964e+09 6.210993608970939439e-01 -6.566189588437923996e-01 -4.278868156270120848e-01 -6.412529051740295527e-01 -7.396516797082205441e-01 2.042305187213660778e-01 -4.505888324040993043e-01 1.475362188763204851e-01 -8.804560003636053844e-01 -5.172416407517610448e-01 -8.481141109664346311e-01 4.347761747863195803e-01
1.586161714067760944e+09 6.013487765994099954e-01 -6.733013306659824115e-01 -4.301685334995103416e-01 -6.381936549352749122e-01 -7.286991819597999909e-01 2.484076518104801068e-01 -4.807166609066943486e-01 1.251511910450305576e-01 -8.678989985307142829e-01 -5.317994238455926448e-01 -8.410742508291617625e-01 4.418920296660910907e-01
1.586161714067785025e+09 5.809132965845902330e-01 -6.896855840901890966e-01 -4.322887196732150827e-01 -6.335253978502231043e-01 -7.165564426116723951e-01 2.918774319760692459e-01 -5.110629242299348229e-01 1.043104018397131294e-01 -8.531904991790953963e-01 -5.463182727027585672e-01 -8.339809441615847474e-01 4.490343051026629562e-01
1.586161714067805052e+09 5.597721259247928627e-01 -7.056840426043863301e-01 -4.343560742737200830e-01 -6.271722245652843197e-01 -7.033895370739037256e-01 3.345118239095825063e-01 -5.415811741240496024e-01 8.516567047250467315e-02 -8.363232872228735237e-01 -5.608083266548471446e-01 -8.268489320070353532e-01 4.561964841790543401e-01
1.586161714067823887e+09 5.380188424635233835e-01 -7.212782901315770712e-01 -4.362262641638944283e-01 -6.190748092780201661e-01 -6.893359393988149897e-01 3.762477157898235225e-01 -5.720857506238917756e-01 6.762833069720478041e-02 -8.174009439461739079e-01 -5.751132590837753078e-01 -8.194791847809347329e-01 4.634889326057864412e-01
1.586161714067842960e+09 5.156370346814749261e-01 -7.363753166025754915e-01 -4.380294987448462019e-01 -6.091675286896736097e-01 -6.745845928703572136e-01 4.169538937563406211e-01 -6.025225065100004995e-01 5.183647780758736390e-02 -7.964167307768580395e-01 -5.892259489929533300e-01 -8.118795317321491067e-01 4.709186921641316803e-01
1.586161714067861080e+09 4.926211510741206889e-01 -7.508789980029619837e-01 -4.398921823353821869e-01 -5.973833826450947182e-01 -6.593511853590313665e-01 4.564965596493233413e-01 -6.328171110600089300e-01 3.790441914874029261e-02 -7.733729755444972431e-01 -6.031394036674566639e-01 -8.040581514165212607e-01 4.784927174484959744e-01
1.586161714067879915e+09 4.689788395277284527e-01 -7.646927501363818269e-01 -4.419319474437113926e-01 -5.836596654131699369e-01 -6.438737495032318403e-01 4.947403259660159702e-01 -6.628727203930869782e-01 2.591510858540456777e-02 -7.482834784021118457e-01 -6.168468269495709366e-01 -7.960236383002966543e-01 4.862178204238282730e-01
1.586161714067898989e+09 4.447321518783229899e-01 -7.777223584423068603e-01 -4.442535835217553131e-01 -5.679440517563972834e-01 -6.284064586402537955e-01 5.315495059543047240e-01 -6.925697564548790597e-01 1.591402456576031937e-02 -7.211753438727911414e-01 -6.303416871572006253e-01 -7.877850484146570187e-01 4.941006152773093629e-01
1.586161714067922115e+09 4.199176048244158133e-01 -7.898787400988948049e-01 -4.469460608458447615e-01 -5.502003628381429978e-01 -6.132121068907502304e-01 5.667896198431184862e-01 -7.217678063519239462e-01 7.904945190222237295e-03 -6.920901284510276863e-01 -6.436177801160976042e-01 -7.793519231262977520e-01 5.021474670621278724e-01
1.586161714067941904e+09 3.945852131392845186e-01 -8.010803823211575247e-01 -4.500808047887873697e-01 -5.304133534195840660e-01 -5.985539294390471721e-01 6.003289669287925623e-01 -7.503093925037476186e-01 1.847935557420361807e-03 -6.610842616480304690e-01 -6.566692828271436522e-01 -7.707342913504695581e-01 5.103644476261210983e-01
1.586161714067960978e+09 3.687966844466379346e-01 -8.112550680376878764e-01 -4.537116048015991110e-01 -5.085919466654106325e-01 -5.846877272906217948e-01 6.320399463715400401e-01 -7.780252166348584630e-01 -2.340168399058182441e-03 -6.282286894404254252e-01 -6.694907945279250372e-01 -7.619426525184883614e-01 5.187573013948904022e-01
1.586161714067980051e+09 3.426232111353307852e-01 -8.203409528654354022e-01 -4.578755905816045413e-01 -4.847708262460754258e-01 -5.718547375043870895e-01 6.618001251745195823e-01 -8.047400708310842310e-01 -4.783355702372303966e-03 -5.936080678788784315e-01 -6.820773642847749452e-01 -7.529879447174067097e-01 5.273314217569090578e-01
1.586161714067998886e+09 3.161431723282728812e-01 -8.282870815618587068e-01 -4.625948608828938657e-01 -4.590104997158256928e-01 -5.602755317847225580e-01 6.894930674782002722e-01 -8.302787821734551876e-01 -5.642627440160729799e-03 -5.573197511052563335e-01 -6.944245061471364666e-01 -7.438815031903266428e-01 5.360918373049147201e-01
1.586161714068017960e+09 2.894399597405045710e-01 -8.350533518685432366e-01 -4.678786268316122432e-01 -4.313960210071398071e-01 -5.501452315366556212e-01 7.150088794855701257e-01 -8.544717567879509534e-01 -5.111163411911629970e-03 -5.194727068905339307e-01 -7.065282038970570611e-01 -7.346350139822700465e-01 5.450432063696425411e-01
1.586161714068042994e+09 2.626000840532689007e-01 -8.406101269649327579e-01 -4.737254590018620259e-01 -4.020347341432538579e-01 -5.416299413610787816e-01 7.382445933632572066e-01 -8.771597738029583979e-01 -3.409003351395590437e-03 -4.801865369436986164e-01 -7.183849070258330194e-01 -7.252604661825479138e-01 5.541898185564504420e-01
1.586161714068062067e+09 2.357116186460290752e-01 -8.449376118736191543e-01 -4.801254680642167982e-01 -3.710533501187272543e-01 -5.348643076991059786e-01 7.591044619693316786e-01 -8.981978872041660455e-01 -7.775780989821897554e-04 -4.395906631608106352e-01 -7.299915192762638227e-01 -7.157701052800151675e-01 5.635356022066769777e-01
1.586161714068079948e+09 2.088630080240649611e-01 -8.480250262975127518e-01 -4.870624178270697158e-01 -3.385946038928535073e-01 -5.299501636391994452e-01 7.775001728231001330e-01 -9.174584123911793121e-01 2.525681550440074703e-03 -3.978236830673252400e-01 -7.413453820218814938e-01 -7.061763899458060045e-01 5.730841359615943542e-01
1.586161714068098068e+09 1.821422344407922222e-01 -8.498696752965884116e-01 -4.945156637069200167e-01 -3.048137420283036914e-01 -5.269560626646510038e-01 7.933510516525419387e-01 -9.348330275902633213e-01 6.232436651879906878e-03 -3.550329105923721862e-01 -7.524442540723362827e-01 -6.964919535234181946e-01 5.828386631370787718e-01
