1.586161714243355989e+09 6.586483637549493952e-01 -6.226763378488899825e-01 -4.224411336663750904e-01 -6.428125463993441535e-01 -7.574560730167106959e-01 1.142467859863771640e-01 -3.911193724389885884e-01 1.963020020973346991e-01 -8.991613652840059201e-01 -4.879628907311020503e-01 -8.619625304749737316e-01 4.206531910561620013e-01
1.586161714243449926e+09 6.389795192592701012e-01 -6.408298517609897216e-01 -4.254906288821526661e-01 -6.427138575656801134e-01 -7.486933816280991749e-01 1.624103385440135439e-01 -4.226394109001493371e-01 1.696918433210640731e-01 -8.902699629933953362e-01 -5.034401833106664226e-01 -8.547049776057707993e-01 4.280811546837410830e-01
1.586161714243483067e+09 6.185812688589873432e-01 -6.588137769028413748e-01 -4.281607424642390747e-01 -6.409371717211922448e-01 -7.382982303012376457e-01 2.100363433012092662e-01 -4.544851549956370751e-01 1.444995874950938397e-01 -8.789556948146366455e-01 -5.187461394035995932e-01 -8.472029216165369858e-01 4.356203964854262756e-01
1.586161714243503094e+09 5.974421893668477868e-01 -6.765448650755844229e-01 -4.305227939545835936e-01 -6.374029747449980743e-01 -7.264122631128584473e-01 2.569876889154046329e-01 -4.866007383285909649e-01 1.208812219840283142e-01 -8.652210422647421684e-01 -5.339039108130250177e-01 -8.394978807299360302e-01 4.432537190793625625e-01
1.586161714243520975e+09 5.755536221355873616e-01 -6.939349939729255734e-01 -4.326571996426923916e-01 -6.320279744180135051e-01 -7.132011287272345124e-01 3.031250402165003854e-01 -5.189206760129367879e-01 9.898673858286463623e-02 -8.490718214299864952e-01 -5.489481855170302849e-01 -8.316432427031342778e-01 4.509587669783741148e-01
1.586161714243540049e+09 5.529119160132930366e-01 -7.108916319883060719e-01 -4.346510104974899424e-01 -6.247264257320837011e-01 -6.988556394848384201e-01 3.483068885722287455e-01 -5.513667622553395375e-01 7.895494304411183883e-02 -8.305183988427902175e-01 -5.639196361430205418e-01 -8.236958185564103863e-01 4.587103744642752612e-01
1.586161714243558884e+09 5.295209116167952645e-01 -7.273189984105099537e-01 -4.365944101252422493e-01 -6.154126771545521679e-01 -6.835915468184624588e-01 3.923899009853215047e-01 -5.838448778219007540e-01 6.090707662764439922e-02 -8.095773508690001785e-01 -5.788594961039840170e-01 -8.157092607088776148e-01 4.664826830719122630e-01
1.586161714243576050e+09 5.053941941162122253e-01 -7.431198666163916222e-01 -4.385767579896588386e-01 -6.040049510143905565e-01 -6.676475541593668295e-01 4.352295521449435212e-01 -6.162424264098906868e-01 4.494004440856994714e-02 -7.862732760927512166e-01 -5.938050730785324749e-01 -8.077296313123425442e-01 4.742511157671400746e-01
1.586161714243593931e+09 4.805568302666738401e-01 -7.581979247715880943e-01 -4.406824707441097111e-01 -5.904300897498570011e-01 -6.512814003919951134e-01 4.766810748417092403e-01 -6.484268982758392141e-01 3.111984432645774346e-02 -7.606405940311669056e-01 -6.087866463079748547e-01 -7.997929332127412527e-01 4.819941506859344860e-01
1.586161714243637085e+09 4.550462629473208120e-01 -7.724604011610709531e-01 -4.429873897557033424e-01 -5.746287366600224544e-01 -6.347642164470672643e-01 5.166006242910139434e-01 -6.802460687046993915e-01 1.947610056094510253e-02 -7.327250288668485378e-01 -6.238258136216603411e-01 -7.919241841370088242e-01 4.896947699722374314e-01
1.586161714243654966e+09 4.289122527056087320e-01 -7.858206203676580959e-01 -4.455560933830950421e-01 -5.565602857304748907e-01 -6.183736619850400684e-01 5.548465220273456344e-01 -7.115299910993295729e-01 9.998354924195651527e-03 -7.025845892660760317e-01 -6.389350687404837803e-01 -7.841375611004264279e-01 4.973414826245203813e-01
1.586161714243670940e+09 4.022164690429714251e-01 -7.982058672360752283e-01 -4.484298226114378227e-01 -5.362113786978712771e-01 -6.023790188354617436e-01 5.912840903633147516e-01 -7.420911465539185015e-01 2.628974356119100422e-03 -6.702938304276032655e-01 -6.538361416705460449e-01 -7.761164545070953213e-01 5.051525758576608238e-01
1.586161714243688107e+09 3.750208521182968324e-01 -8.095312932549688645e-01 -4.516840112116217165e-01 -5.135820082066323566e-01 -5.870705288039131942e-01 6.257649043781173814e-01 -7.717466434859698854e-01 -2.698106160375133775e-03 -6.359243971577672738e-01 -6.685220678750000145e-01 -7.678704790178237927e-01 5.131351044478531520e-01
1.586161714243705034e+09 3.473991615845521963e-01 -8.197236659126484470e-01 -4.553755969964740080e-01 -4.887006578864357409e-01 -5.727267582872014318e-01 6.581456737062215678e-01 -8.003033736785382102e-01 -6.096901455681069323e-03 -5.995642903647387945e-01 -6.829862753331766845e-01 -7.594098021836617196e-01 5.212958000714656981e-01
1.586161714243721962e+09 3.194345136936841967e-01 -8.287223816397623066e-01 -4.595441283461424442e-01 -4.616255633162280048e-01 -5.596065780708284754e-01 6.882894141041620006e-01 -8.275647594987339817e-01 -7.726077205531268685e-03 -5.613170912915441679e-01 -6.972226161385329801e-01 -7.507451150243192872e-01 5.296410442172553301e-01
1.586161714243740082e+09 2.912168480088698219e-01 -8.364798388090171066e-01 -4.642135575019711302e-01 -4.324442421001171155e-01 -5.479424121693491356e-01 7.160664011916130223e-01 -8.533374041493961837e-01 -7.784120320762504507e-03 -5.213009520033367039e-01 -7.112253861345576578e-01 -7.418875907357223021e-01 5.381768510839994857e-01
1.586161714243756056e+09 2.628405567294594958e-01 -8.429611965151624364e-01 -4.693945708832706898e-01 -4.012715389279510880e-01 -5.379350580952475536e-01 7.413548582247736496e-01 -8.774371739303388207e-01 -6.503441894684082458e-03 -4.796474866585312413e-01 -7.249893342375619554e-01 -7.328488368310490664e-01 5.469088590674502370e-01
1.586161714243773937e+09 2.344024345800721221e-01 -8.481437512719961491e-01 -4.750870195111814853e-01 -3.682466166756842574e-01 -5.297499454825542742e-01 7.640415074216585500e-01 -8.996943527555256725e-01 -4.144001946379810911e-03 -4.365007437300276738e-01 -7.385096628069138802e-01 -7.236408445659737732e-01 5.558423296574205308e-01
1.586161714243788958e+09 2.060000064071516590e-01 -8.520160648798053016e-01 -4.812822693740141933e-01 -3.335292580130248541e-01 -5.235147100739413473e-01 7.840220550982580638e-01 -9.199577337137931909e-01 -9.868302231028931032e-04 -3.920163195014657043e-01 -7.517820202081851866e-01 -7.142759384781574017e-01 5.649821527379391695e-01
1.586161714243801117e+09 1.777302623944510551e-01 -8.545768853294288814e-01 -4.879654712750359224e-01 -2.972957635256003872e-01 -5.193180203037147669e-01 8.012016121255490786e-01 -9.380976405626004766e-01 2.672294553577236973e-03 -3.463606155755642457e-01 -7.648024877002872479e-01 -7.047667287915323486e-01 5.743328564757699262e-01
1.586161714243814945e+09 1.496887886014355851e-01 -8.558339741559697345e-01 -4.951176380560984858e-01 -2.597347288784291330e-01 -5.172094200249516271e-01 8.154951176720312001e-01 -9.540079337152099770e-01 6.528769158688513090e-03 -2.997102567328835954e-01 -7.775675621697913931e-01 -6.951260682545796765e-01 5.838986204899867527e-01
