1.586161713891813993e+09 7.968189001683277928e-01 -4.750907717236655947e-01 -3.733207724797237836e-01 -5.863239329248846055e-01 -7.572290167296703567e-01 -2.877993439336418713e-01 -1.459585090345947855e-01 4.482108601439410700e-01 -8.819314819379759918e-01 -3.539063368789647779e-01 -9.163494942698935386e-01 3.610799546300898499e-01
1.586161713891853094e+09 7.839481726964583341e-01 -4.902716264299007420e-01 -3.808661117124667039e-01 -5.968719877090050696e-01 -7.639723942180912664e-01 -2.451326408855034611e-01 -1.707896166762863099e-01 4.194995989219410526e-01 -8.915441624977338275e-01 -3.689180299971173138e-01 -9.111503342070329525e-01 3.672670363737490784e-01
1.586161713891870975e+09 7.705619445242067878e-01 -5.057541058452436067e-01 -3.878750756094814234e-01 -6.064428340901227843e-01 -7.690345187750768918e-01 -2.020222719891253960e-01 -1.961157285549223472e-01 3.908947347533626160e-01 -8.992996873675417335e-01 -3.838197813871176423e-01 -9.057419132743464996e-01 3.735399116842463285e-01
1.586161713891884089e+09 7.566596681539983216e-01 -5.214985142749446467e-01 -3.943417888144953865e-01 -6.149970632202916843e-01 -7.724236195571557717e-01 -1.585571337000047931e-01 -2.219116021724602816e-01 3.624928300855811414e-01 -9.051818542711103088e-01 -3.986148534252343389e-01 -9.001378598431772904e-01 3.798930687469260770e-01
1.586161713891895056e+09 7.422379298310187723e-01 -5.374645809319286149e-01 -4.002682600096340026e-01 -6.224974417934172610e-01 -7.741521514509158708e-01 -1.148276178934819758e-01 -2.481527570758564893e-01 3.343953811745799531e-01 -9.091754168193540986e-01 -4.133085377435907204e-01 -8.943545641755886733e-01 3.863204561251121771e-01
1.586161713891905069e+09 7.272896320272524973e-01 -5.536110227713040288e-01 -4.056656589102462518e-01 -6.289084287336638157e-01 -7.742375087190689342e-01 -7.092579803404334970e-02 -2.748162654958119511e-01 3.067101495887196716e-01 -9.112655511441702938e-01 -4.279077919448907030e-01 -8.884101587907268227e-01 3.928156849526260319e-01
1.586161713891913891e+09 7.118032919032312167e-01 -5.698948759980937417e-01 -4.105556042172007203e-01 -6.341952956505019223e-01 -7.727032148560228908e-01 -2.694567112657763816e-02 -3.018814353054304345e-01 2.795524501108241355e-01 -9.114373412357299475e-01 -4.424208225262188376e-01 -8.823235880097809458e-01 3.993721913096334730e-01
1.586161713891923904e+09 6.957625834312054502e-01 -5.862706065045198978e-01 -4.149713287123185657e-01 -6.383228333962528422e-01 -7.695806637239439585e-01 1.701654646853349023e-02 -3.293302115467136582e-01 2.530461978967096237e-01 -9.096753452944099649e-01 -4.568566395133746294e-01 -8.761137916111975121e-01 4.059833782482232811e-01
1.586161713891932964e+09 6.791462932152444454e-01 -6.026890441929412257e-01 -4.189585046625763365e-01 -6.412536825492989312e-01 -7.649114470852188541e-01 6.086208344676884846e-02 -3.571470669174542922e-01 2.273244254908010908e-01 -9.059633428077675799e-01 -4.712246075329138417e-01 -8.697990147164931241e-01 4.126427523851142198e-01
1.586161713891942978e+09 6.619289237138167303e-01 -6.190962454858919273e-01 -4.225753648565546694e-01 -6.429464026010737188e-01 -7.587502307137864443e-01 1.044892876836479301e-01 -3.853180812205002637e-01 2.025288288409431148e-01 -9.002844273432456523e-01 -4.855340160460596688e-01 -8.633962476065889513e-01 4.193440640086484317e-01
1.586161713891952991e+09 6.440816527930239843e-01 -6.354324032799648636e-01 -4.258925751930462966e-01 -6.433537542646312613e-01 -7.511678331082402016e-01 1.477932131175090924e-01 -4.138293993834353812e-01 1.788086901059316447e-01 -8.926212415646591625e-01 -4.997936872111991002e-01 -8.569207920870529627e-01 4.260814544687647754e-01
1.586161713891963005e+09 6.257711418631100031e-01 -6.516795749302143337e-01 -4.286306216749157239e-01 -6.423633227676794899e-01 -7.422841929830577001e-01 1.907446955406064681e-01 -4.424701571427540614e-01 1.559740643683062145e-01 -8.831150840215479247e-01 -5.138845278925285864e-01 -8.502104343013915377e-01 4.329430492846386702e-01
1.586161713891972065e+09 6.069685712159347268e-01 -6.677796291916148208e-01 -4.308822583956159469e-01 -6.399462755093762167e-01 -7.321667265670426250e-01 2.332394680072408799e-01 -4.712302180546673602e-01 1.341724697213556028e-01 -8.717452783381796078e-01 -5.278004403388927290e-01 -8.432734130517073323e-01 4.399349941572707201e-01
1.586161713891980886e+09 5.876418133140681732e-01 -6.836671906065419080e-01 -4.327542858718123053e-01 -6.360643959286068627e-01 -7.209047642284684976e-01 2.751697759769309304e-01 -5.000991740335458680e-01 1.135583272331767840e-01 -8.584901413475028997e-01 -5.415352683456250427e-01 -8.361179292443469135e-01 4.470635092371023078e-01
1.586161713891989946e+09 5.677586115928265897e-01 -6.992695102177677313e-01 -4.343642610175233454e-01 -6.306692928847402735e-01 -7.086127223801581554e-01 3.164241665229826084e-01 -5.290618133717674976e-01 9.428765582295023373e-02 -8.433287828214317550e-01 -5.550828318130606176e-01 -8.287522486869924876e-01 4.543348536903682455e-01
1.586161713891999006e+09 5.472902213634273094e-01 -7.145070207713658528e-01 -4.358361286948428392e-01 -6.237031537116863866e-01 -6.954320450822584210e-01 3.568874433057651618e-01 -5.580929940835593905e-01 7.651136005497663484e-02 -8.262434399626261694e-01 -5.684369744241659639e-01 -8.211847978974765594e-01 4.617552808886939419e-01
1.586161713892008066e+09 5.262150015082215360e-01 -7.292945709640626939e-01 -4.372953248747991073e-01 -6.151012008583512936e-01 -6.815314836140866639e-01 3.964408531066365149e-01 -5.871526933314150654e-01 6.036775528274718194e-02 -8.072220569209413998e-01 -5.815916221818512311e-01 -8.134242492981692552e-01 4.693309857366964599e-01
1.586161713892016888e+09 5.045215925185908556e-01 -7.435433183886429598e-01 -4.388636423416958365e-01 -6.047957155319266809e-01 -6.671054270315166512e-01 4.349626330684560616e-01 -6.161818770081539665e-01 4.597481020970611149e-02 -7.862609055630184196e-01 -5.945408495316402142e-01 -8.054795921838201478e-01 4.770680465813463278e-01
1.586161713892025948e+09 4.822112517784027941e-01 -7.571630878896428163e-01 -4.406544759820745782e-01 -5.927212022638850275e-01 -6.523702678319541759e-01 4.723289219413110418e-01 -6.450999034582659553e-01 3.342293002935799867e-02 -7.633668991057160902e-01 -6.072789488872175623e-01 -7.973601863111081656e-01 4.849723649717194718e-01
1.586161713892036915e+09 4.592991123246238372e-01 -7.700649458723732854e-01 -4.427689067264109490e-01 -5.788200540753960510e-01 -6.375590586401325144e-01 5.084149803188194872e-01 -6.738038815667366510e-01 2.276897332606081861e-02 -7.385593431696358957e-01 -6.198004981921162448e-01 -7.890757954759280990e-01 4.930496075475994666e-01
1.586161713892046928e+09 4.358143514725149048e-01 -7.821637655657566190e-01 -4.452928194951017438e-01 -5.630480390134057211e-01 -6.229148808264635129e-01 5.430966373258382385e-01 -7.021700344001411409e-01 1.403193996684285946e-02 -7.118710190723873676e-01 -6.321004221719290772e-01 -7.806366008443171856e-01 5.013051535740645770e-01
1.586161713892056942e+09 4.117993716859336684e-01 -7.933805410622241094e-01 -4.482952093768041713e-01 -5.453789860608988516e-01 -6.086835071125954455e-01 5.762518114494902255e-01 -7.300568741111208571e-01 7.190652805923798685e-03 -6.833485607061826617e-01 -6.441740430776516924e-01 -7.720531950068137972e-01 5.097440515227246172e-01
1.586161713892066002e+09 3.873081572541746120e-01 -8.036440780990070643e-01 -4.518280505547241366e-01 -5.258081146274700135e-01 -5.951062318652972083e-01 6.077617953224061509e-01 -7.573098562077613671e-01 2.183754351085170908e-03 -6.530520754514157478e-01 -6.560171180437895933e-01 -7.633365594499501583e-01 5.183709870185623236e-01
1.586161713892075062e+09 3.624042271663027726e-01 -8.128921048841009078e-01 -4.559271895340313852e-01 -5.043538855111094898e-01 -5.824132907450758623e-01 6.375122880383249369e-01 -7.837667603905447145e-01 -1.088498554198276055e-03 -6.210543300080079154e-01 -6.676258625913070732e-01 -7.544980298095020910e-01 5.271902624966996465e-01
1.586161713892083883e+09 3.371584854471791348e-01 -8.210718727101196102e-01 -4.606138683784623544e-01 -4.810584470634017284e-01 -5.708181465293529211e-01 6.653941798424933829e-01 -8.092631998237105329e-01 -2.761101732834577924e-03 -5.874397416520250603e-01 -6.789969616531815744e-01 -7.455492537290032695e-01 5.362057873799087604e-01
1.586161713892092943e+09 3.116471705549978544e-01 -8.281402430723676655e-01 -4.658967472481579941e-01 -4.559868245721694358e-01 -5.605129231550712854e-01 6.913040425596168603e-01 -8.336378454029531593e-01 -3.000170550268159951e-03 -5.523033061936882815e-01 -6.901275704122872279e-01 -7.365021456103694186e-01 5.454210768205527415e-01
1.586161713892102957e+09 2.859500602118377199e-01 -8.340634421976779178e-01 -4.717740324154323095e-01 -4.292251697997804261e-01 -5.516649176801607934e-01 7.151444418282315585e-01 -8.567370174439560282e-01 -1.998307079797141065e-03 -5.157496389275878501e-01 -7.010153067587457931e-01 -7.273688413212440196e-01 5.548392574381318942e-01
1.586161713892112017e+09 2.601489885865178042e-01 -8.388165869299420985e-01 -4.782355459770057937e-01 -4.008783494341356390e-01 -5.444141188625282179e-01 7.368241422514748562e-01 -8.784184954068625650e-01 3.022088947735555864e-05 -4.778921911453768434e-01 -7.116582368239664502e-01 -7.181616550700594681e-01 5.644630787735275268e-01
1.586161713892121077e+09 2.343267013724334435e-01 -8.423830088616861556e-01 -4.852647355952798280e-01 -3.710670952834145275e-01 -5.388717098632067604e-01 7.562582175246460592e-01 -8.985545104216310364e-01 2.854282332459901709e-03 -4.388526463600252447e-01 -7.220548559125258281e-01 -7.088930403282253101e-01 5.742949284686426070e-01
1.586161713892129898e+09 2.085660460562824836e-01 -8.447534704602137623e-01 -4.928405206404842254e-01 -3.399249477088974181e-01 -5.351193846491938411e-01 7.733681365069892122e-01 -9.170339332496770801e-01 6.230453779885401430e-03 -3.987605134140184693e-01 -7.322040664291276091e-01 -6.995755557876749409e-01 5.843368497916979765e-01
