1.586161713546103001e+09 8.876005282800784046e-01 -3.584486828093436106e-01 -2.892746863780846778e-01 -4.570562612263363578e-01 -6.074875419768024365e-01 -6.496602657245690304e-01 5.713909834994035375e-02 7.088536015391021516e-01 -7.030374779189985102e-01 -2.061768898841922493e-01 -9.511966362378241335e-01 3.081318427817030248e-01
1.586161713546154022e+09 8.811413402958235830e-01 -3.672487029882754994e-01 -2.978562216323132894e-01 -4.711883645977609225e-01 -6.291342772289257868e-01 -6.182002804333498469e-01 3.964169247452625083e-02 6.850682094869063876e-01 -7.273995359512404058e-01 -2.211878595564406580e-01 -9.492925415832492719e-01 3.127653922840026302e-01
1.586161713546178102e+09 8.741648262334261732e-01 -3.766975460791670005e-01 -3.064878717737000158e-01 -4.851475189712921576e-01 -6.493011674472655148e-01 -5.856960638697451538e-01 2.162733707175582346e-02 6.606867283449624484e-01 -7.503501220191250987e-01 -2.360938536824220280e-01 -9.469812017881170663e-01 3.175501195962927015e-01
1.586161713546196938e+09 8.666568546357249492e-01 -3.867793233932690922e-01 -3.151311655485254382e-01 -4.988951227017651702e-01 -6.679556598527252032e-01 -5.522127248280289669e-01 3.090818469881246276e-03 6.357963445555231408e-01 -7.718506691231339367e-01 -2.508908207248261024e-01 -9.442924212006550411e-01 3.224740198145972792e-01
1.586161713546216011e+09 8.586030181790780258e-01 -3.974748929283408727e-01 -3.237507789349571286e-01 -5.123921734721932353e-01 -6.850691850600097998e-01 -5.178170262724456352e-01 -1.597241519790419326e-02 6.104866267672912628e-01 -7.918654941513302292e-01 -2.655767224620561029e-01 -9.412557420038988321e-01 3.275264882950045808e-01
1.586161713546233892e+09 8.499889981502443126e-01 -4.087616672698934916e-01 -3.323140120383644702e-01 -5.255984768457222511e-01 -7.006178924574408828e-01 -4.825772584433927204e-01 -3.556605798701827775e-02 5.848490988589959416e-01 -8.103620101057247282e-01 -2.801512707938510482e-01 -9.378999911386775024e-01 3.326981461729010547e-01
1.586161713546243906e+09 8.408009868798419495e-01 -4.206134597721888913e-01 -3.407902846810015873e-01 -5.384719395800504627e-01 -7.145833871291966677e-01 -4.465630454891851286e-01 -5.569264834823162841e-02 5.589766547946355413e-01 -8.273109624914212201e-01 -2.946156530144570795e-01 -9.342529194660103009e-01 3.379806723984566386e-01
1.586161713546253920e+09 8.310260437977325942e-01 -4.330004948921702401e-01 -3.491508072117725514e-01 -5.509681516606156348e-01 -7.269532924881937364e-01 -4.098451010835201802e-01 -7.635319727271412671e-02 5.329629276828931062e-01 -8.426866008969459143e-01 -3.089722585037800173e-01 -9.303409260940256331e-01 3.433666500033362712e-01
1.586161713546263933e+09 8.206522615169251633e-01 -4.458896496024052913e-01 -3.573685580432897080e-01 -5.630403938512505979e-01 -7.377214981064440513e-01 -3.724949752963610528e-01 -9.754681399863450453e-02 5.069017774101430840e-01 -8.564666995814401718e-01 -3.232244157385196215e-01 -9.261888566963271119e-01 3.488494323154615606e-01
1.586161713546272993e+09 8.096688681746534444e-01 -4.592447668320312482e-01 -3.654183469466303347e-01 -5.746398059543627035e-01 -7.468882765308805238e-01 -3.345848118166214191e-01 -1.192703554723036352e-01 4.808868337341893895e-01 -8.686325090654778425e-01 -3.373761447306744543e-01 -9.218198626521951766e-01 3.544230330842561560e-01
1.586161713546283960e+09 7.980660597808035828e-01 -4.730271328488686589e-01 -3.732772375242837670e-01 -5.857159410119081588e-01 -7.544600684310086569e-01 -2.961871740850929857e-01 -1.415182004155393081e-01 4.550113592795652084e-01 -8.791685061673221169e-01 -3.514319283317656750e-01 -9.172553105592083922e-01 3.600820417875748580e-01
1.586161713546293020e+09 7.860301667022240313e-01 -4.870939858932371025e-01 -3.806521064958813816e-01 -5.959828228820581719e-01 -7.606481038419047325e-01 -2.573304052306076284e-01 -1.641982102438857005e-01 4.291315781558390219e-01 -8.881920044342634935e-01 -3.653406240131744642e-01 -9.124110716188130743e-01 3.658704873029738902e-01
1.586161713546303034e+09 7.735894201902424605e-01 -5.014048678904787781e-01 -3.874952485702178873e-01 -6.053820385259391923e-01 -7.654776180946012420e-01 -2.180747672962064787e-01 -1.872751899980067969e-01 4.032829961633227489e-01 -8.957068876454589157e-01 -3.790986866041587966e-01 -9.073026164188163767e-01 3.717902818236073492e-01
1.586161713546314001e+09 7.607704104763276520e-01 -5.159224867280202131e-01 -3.937668986482926736e-01 -6.138636554376599719e-01 -7.689706064762089621e-01 -1.784814259614313503e-01 -2.107125897290742511e-01 3.775025753642183846e-01 -9.017161473999566468e-01 -3.927026984311637325e-01 -9.019442233591218328e-01 3.778436324645994548e-01
1.586161713546323061e+09 7.475963024696909986e-01 -5.306127984364462646e-01 -3.994368872652205860e-01 -6.213869258339281831e-01 -7.711450874983430959e-01 -1.386129248473380038e-01 -2.344740014055367860e-01 3.518313694159583283e-01 -9.062210715485149448e-01 -4.061492923608122085e-01 -8.963491309651808736e-01 3.840330282952623131e-01
1.586161713546338081e+09 7.340851729102825241e-01 -5.454446775922500157e-01 -4.044861713811807591e-01 -6.279202789213790270e-01 -7.720150672115706492e-01 -9.853354668595015742e-02 -2.585248201548027702e-01 3.263170850977616944e-01 -9.092205880291085451e-01 -4.194350915879039299e-01 -8.905296814767943436e-01 3.903612282370873543e-01
1.586161713546348095e+09 7.202484263713043733e-01 -5.603892734166999734e-01 -4.089083843456892131e-01 -6.334407028467854417e-01 -7.715911280626498447e-01 -5.830958391961643672e-02 -2.828340161553799526e-01 3.010166003328644257e-01 -9.107106708435087628e-01 -4.325566644201916389e-01 -8.844974567361124640e-01 3.968312482555295118e-01
1.586161713546356916e+09 7.060894388348688544e-01 -5.754190774167017297e-01 -4.127112670497508073e-01 -6.379324424122085890e-01 -7.698817158891623214e-01 -1.800952421509327550e-02 -3.073758345999611508e-01 2.759982413440227322e-01 -9.106838460397520540e-01 -4.455104921526166217e-01 -8.782634063716667772e-01 4.034463469763628907e-01
1.586161713546365976e+09 6.916026276542380780e-01 -5.905067452280481355e-01 -4.159177677149282770e-01 -6.413849811325695871e-01 -7.668951703788325913e-01 2.229583216870626924e-02 -3.321311665825094073e-01 2.513435533868441096e-01 -9.091288724455882653e-01 -4.582929479870682110e-01 -8.718379677827909902e-01 4.102100094261783569e-01
1.586161713546375036e+09 6.767732215117070460e-01 -6.056237430725931459e-01 -4.185664686886018671e-01 -6.437903364863599709e-01 -7.626425034297255046e-01 6.253331203543344152e-02 -3.570882379906630266e-01 2.271481765875241754e-01 -9.060307370726763398e-01 -4.709002861530239836e-01 -8.652311786025432827e-01 4.171259279516651430e-01
1.586161713546385050e+09 6.615774997298831117e-01 -6.207389594051638815e-01 -4.207117259677813914e-01 -6.451401160604572915e-01 -7.571405959309029932e-01 1.026272339479010198e-01 -3.822426492738774106e-01 2.035221427906396818e-01 -9.013707865405693465e-01 -4.833286410581847936e-01 -8.584527824513333849e-01 4.241979791338061911e-01
1.586161713546394110e+09 6.459836150346167649e-01 -6.358173326113787382e-01 -4.224233526887430923e-01 -6.454224991201238382e-01 -7.504157417085846049e-01 1.424991674726169832e-01 -4.075965740321433883e-01 1.805894085514919700e-01 -8.951270852315063031e-01 -4.955740370373009074e-01 -8.515123288243322541e-01 4.314301951648934486e-01
1.586161713546402931e+09 6.299531056571835430e-01 -6.508185739242058343e-01 -4.237856400908025511e-01 -6.446193810654490264e-01 -7.425074054357216902e-01 1.820675889135967840e-01 -4.331569446019727376e-01 1.584863938644044679e-01 -8.872751121617865611e-01 -5.076324096558678667e-01 -8.444192675135364645e-01 4.388267280680405724e-01
1.586161713546411991e+09 6.134431814532183003e-01 -6.656961085246856369e-01 -4.248954629819935436e-01 -6.427039911859306898e-01 -7.334719687011953537e-01 2.212474889081634255e-01 -4.589325040504625974e-01 1.373592463355939319e-01 -8.777889236774750747e-01 -5.194996390783492846e-01 -8.371830368924768617e-01 4.463918057403000184e-01
1.586161713546421051e+09 5.964096600152205552e-01 -6.803963783593638404e-01 -4.258594674244418066e-01 -6.396393898444899806e-01 -7.233860980528147300e-01 2.599500040549949653e-01 -4.849298597054328419e-01 1.173597962922993398e-01 -8.666427809305686791e-01 -5.311715950796918051e-01 -8.298131443430835086e-01 4.541296797937749985e-01
1.586161713546431065e+09 5.788104182095213934e-01 -6.948586708684331148e-01 -4.267902617564184875e-01 -6.353781829174220963e-01 -7.123493199316369706e-01 2.980822228352253411e-01 -5.111487698122835210e-01 9.864012487438893195e-02 -8.538132472870894052e-01 -5.426441925715493886e-01 -8.223192366836719058e-01 4.620445659418121465e-01
1.586161713546439886e+09 5.606088912618368836e-01 -7.090155474529182822e-01 -4.278020859547688182e-01 -6.298637149798270718e-01 -7.004853626277779410e-01 3.355472512194690449e-01 -5.375773172553658386e-01 8.134623860008674545e-02 -8.392814890112325621e-01 -5.539134551164057729e-01 -8.147111579695993644e-01 4.701405790303613830e-01
1.586161713546449900e+09 5.417772944465328866e-01 -7.227939091416470951e-01 -4.290062101752961099e-01 -6.230327258163256277e-01 -6.879419563170363627e-01 3.722446612182206960e-01 -5.641875452566706972e-01 6.561120303078957217e-02 -8.230355910729955093e-01 -5.649755830218933239e-01 -8.069989923764097073e-01 4.784216656752570129e-01
1.586161713546458960e+09 5.222991501177267626e-01 -7.361166022743315107e-01 -4.305066153747619251e-01 -6.148192278810749034e-01 -6.748889589663111810e-01 4.080713302818361754e-01 -5.909322425231853249e-01 5.154843581213865156e-02 -8.050725705615683347e-01 -5.758270218849586009e-01 -7.991930905784984107e-01 4.868915381463720382e-01
1.586161713546468019e+09 5.021708735277441438e-01 -7.489043908989697629e-01 -4.323963775422554612e-01 -6.051591357556294071e-01 -6.615149144574770101e-01 4.429226104713063217e-01 -6.177433404187480104e-01 3.924578387803179247e-02 -7.853998562355711810e-01 -5.864645264977816908e-01 -7.913040788672894843e-01 4.955536139822795949e-01
1.586161713546477079e+09 4.814023742948201900e-01 -7.610781111869560078e-01 -4.347549458424188051e-01 -5.939950885872359310e-01 -6.480223181245620134e-01 4.766937281437745311e-01 -6.445320699525456387e-01 2.876080997838351486e-02 -7.640361424506333377e-01 -5.968852162775678538e-01 -7.833428521095181507e-01 5.044109646572411121e-01
1.586161713546485901e+09 4.600167278127053061e-01 -7.725607914128339582e-01 -4.376464714162633385e-01 -5.812809174953367242e-01 -6.346220167148844959e-01 5.092812497642266178e-01 -6.711908115636769923e-01 2.011764834160644638e-02 -7.410115890163032626e-01 -6.070866186876267001e-01 -7.753205526823475635e-01 5.134662762876202047e-01
1.586161713546494961e+09 4.380490005482811644e-01 -7.832793995294116129e-01 -4.411195480031863680e-01 -5.669852422213068621e-01 -6.215274223790268060e-01 5.405843124240926612e-01 -6.975964511521991485e-01 1.330585595662601636e-02 -7.163673260945739862e-01 -6.170666985283476125e-01 -7.672485386674027241e-01 5.227218240331480414e-01
1.586161713546504021e+09 4.155446203937182004e-01 -7.931661888618347644e-01 -4.452078902572056407e-01 -5.510939729697253986e-01 -6.089489506086593895e-01 5.705055731664296914e-01 -7.236146086523316256e-01 8.280863159818095676e-03 -6.901545666073884977e-01 -6.268238733275203201e-01 -7.591383453539598536e-01 5.321794596949450673e-01
1.586161713546514034e+09 3.925575740316332163e-01 -8.021596517462471487e-01 -4.499315997124200273e-01 -5.336116815072967645e-01 -5.970889678817179469e-01 5.989518664281799909e-01 -7.491042149555758867e-01 4.965665794651597312e-03 -6.624335571646239318e-01 -6.363570167422801793e-01 -7.510016439489740625e-01 5.418406104977201432e-01
1.586161713546524048e+09 3.691486090611157400e-01 -8.102050425803746236e-01 -4.552989058240927145e-01 -5.145618941247585010e-01 -5.861375298149246182e-01 6.258345258629468555e-01 -7.739220645358684258e-01 3.253522605459689340e-03 -6.332724950398255226e-01 -6.456654526026982532e-01 -7.428502006299160243e-01 5.517062864301031100e-01
1.586161713546533108e+09 3.453836098062345039e-01 -8.172545933603727608e-01 -4.613080228520046178e-01 -4.939865106955797502e-01 -5.762689150984385833e-01 6.510694780489827416e-01 -7.979269952556364842e-01 3.011213958216250701e-03 -6.027465828949845061e-01 -6.547489416245864113e-01 -7.346958381250194847e-01 5.617770941078406022e-01
1.586161713546541929e+09 3.213322124406218228e-01 -8.232674955364971403e-01 -4.679489718763338857e-01 -4.719445528517529076e-01 -5.676389376533776954e-01 6.745771831289613107e-01 -8.209835252354544810e-01 4.082589529895224237e-03 -5.709372856220440440e-01 -6.636076623874987979e-01 -7.265504013465974298e-01 5.720532555549626696e-01
1.586161713546550989e+09 2.970666854459242390e-01 -8.282096622115583395e-01 -4.752053661909004800e-01 -4.485104144253161951e-01 -5.603830506474505313e-01 6.962824464281635040e-01 -8.429648824079767344e-01 6.292237189792061411e-03 -5.379317941308400242e-01 -6.722421888805867329e-01 -7.184257280427044368e-01 5.825346296966876780e-01
1.586161713546560049e+09 2.726610883153614551e-01 -8.320533465541926077e-01 -4.830560626321652729e-01 -4.237718043448874261e-01 -5.546151313078753198e-01 7.161141769798493595e-01 -8.637553989295609913e-01 9.449068364605994405e-03 -5.038227131500196965e-01 -6.806534661554507482e-01 -7.103336248560311317e-01 5.932207350945870594e-01
