1.586161712560920000e+09 9.187435532443435360e-01 -2.817063456723412074e-01 -2.766799926940137766e-01 -2.632667869027801588e-01 8.520180729261644936e-02 -9.609533034337445212e-01 2.942802788825811811e-01 9.557103050319426529e-01 4.114686654416222812e-03 7.787137988612945205e-02 -8.474034978661096895e-01 2.808952301661110096e-01
1.586161712560959101e+09 9.196021186118001900e-01 -2.874620055161254406e-01 -2.677639613663544416e-01 -2.647471661778527663e-01 5.008989436485284524e-02 -9.630160647235291860e-01 2.902427978410376808e-01 9.564813632082097561e-01 -3.004197840528717231e-02 6.929254178502712580e-02 -8.579590165888794084e-01 2.779475073734908874e-01
1.586161712560976982e+09 9.204771283076527144e-01 -2.922400459667842121e-01 -2.594563777850499298e-01 -2.668958095669462516e-01 1.486269015356596161e-02 -9.636107760446770421e-01 2.854618772291196982e-01 9.562294997896272353e-01 -6.431687733970622989e-02 6.013374620153698336e-02 -8.681411136879773061e-01 2.754684207293338072e-01
1.586161712560991049e+09 9.213331815764848054e-01 -2.961040351700455764e-01 -2.519277060212825048e-01 -2.697912092107256354e-01 -2.038480142717771088e-02 -9.627030506530545040e-01 2.799247617003008393e-01 9.549381448641409698e-01 -9.866745968584382520e-02 5.040843517245090916e-02 -8.778919364596379227e-01 2.734573788632517211e-01
1.586161712561001062e+09 9.221310308725191307e-01 -2.991592135533041041e-01 -2.453123050950753170e-01 -2.734806335039944858e-01 -5.555041158999092510e-02 -9.602720944118802171e-01 2.736470450378156172e-01 9.525848607897853260e-01 -1.330390095727678190e-01 4.013836579053434162e-02 -8.871568007840155978e-01 2.719106167943506347e-01
1.586161712561011076e+09 9.228306506689558653e-01 -3.015386651606634660e-01 -2.397040337356372008e-01 -2.779818689780863550e-01 -9.053118558390323145e-02 -9.563107159268069424e-01 2.666639663876792521e-01 9.491462153622302056e-01 -1.673672346329126148e-01 2.935293456182341137e-02 -8.958856317696402005e-01 2.708213547023721746e-01
1.586161712561021090e+09 9.233936274873353334e-01 -3.033901521293307368e-01 -2.351565957126310613e-01 -2.832871601921957971e-01 -1.252282744341816356e-01 -9.508239924397254850e-01 2.590223810015380157e-01 9.446016595156789819e-01 -2.015815252430862847e-01 1.808822198680385546e-02 -9.040342191214553180e-01 2.701800405806533689e-01
1.586161712561029911e+09 9.237847375898112778e-01 -3.048649468761916448e-01 -2.316875546397575980e-01 -2.893685011200656243e-01 -1.595500025685792911e-01 -9.438271386718748435e-01 2.507740605413820156e-01 9.389361858688344276e-01 -2.356081699976045607e-01 6.385819325248018666e-03 -9.115652284266604344e-01 2.699746637356669199e-01
1.586161712561039925e+09 9.239727433860220884e-01 -3.061094204067925095e-01 -2.292845229021181208e-01 -2.961833181224279299e-01 -1.934132246132763966e-01 -9.353431279858761549e-01 2.419706838464396048e-01 9.321418065785159746e-01 -2.693730516164086208e-01 -5.708491230448519207e-03 -9.184489269970380620e-01 2.701911233985818672e-01
1.586161712561049938e+09 9.239305189954376551e-01 -3.072594956767516483e-01 -2.279122607905433029e-01 -3.036799193188132739e-01 -2.267433235674281011e-01 -9.254004388818583005e-01 2.326604886408641659e-01 9.242180845579427428e-01 -3.028036154952909453e-01 -1.814612695016496607e-02 -9.246636037299027500e-01 2.708136338035226909e-01
1.586161712561058998e+09 9.236346924296301442e-01 -3.084376718144853369e-01 -2.275195766949500986e-01 -3.118022015636160993e-01 -2.594733133524547153e-01 -9.140311740967049792e-01 2.228863888722065201e-01 9.151720070842671584e-01 -3.358300990983978940e-01 -3.087709112844573556e-02 -9.301956831592025354e-01 2.718251458486954375e-01
1.586161712561069012e+09 9.230752098359555902e-01 -3.097473247136082741e-01 -2.280104209294741557e-01 -3.204602115515011174e-01 -2.915544001770513649e-01 -9.012775848829187586e-01 2.126908792203388299e-01 9.050152633270029945e-01 -3.683883323304535939e-01 -4.385595303576773213e-02 -9.350241061642005080e-01 2.732179786497603846e-01
1.586161712561078072e+09 9.222306556066814931e-01 -3.112830962036153837e-01 -2.293326233018929960e-01 -3.296129619221605522e-01 -3.229273120183424606e-01 -8.871714867758816458e-01 2.021037196540892145e-01 8.937677469304614597e-01 -4.004164100088883349e-01 -5.703073895149469996e-02 -9.391517768526952414e-01 2.749763469548747175e-01
1.586161712561088085e+09 9.210811403714370682e-01 -3.131288149383702479e-01 -2.314300722479934180e-01 -3.392214329878847634e-01 -3.535355990201694554e-01 -8.717461787066896894e-01 1.911500786311474409e-01 8.814550049558543821e-01 -4.318549780113215553e-01 -7.035183419182329534e-02 -9.425884414395390154e-01 2.770840154411823852e-01
1.586161712561096907e+09 9.196080019210962631e-01 -3.153581197606405429e-01 -2.342442727946380809e-01 -3.492488548998646247e-01 -3.833250914346566507e-01 -8.550363220883456794e-01 1.798509395641684494e-01 8.681077875801442856e-01 -4.626472836148192713e-01 -8.377280493350781898e-02 -9.453498840064861186e-01 2.795246070971605379e-01
1.586161712561105967e+09 9.177936912606844411e-01 -3.180349607313519567e-01 -2.377151746693114132e-01 -3.596603954335677034e-01 -4.122436823745309065e-01 -8.370779812905583261e-01 1.682234839384796343e-01 8.537616238585084005e-01 -4.927392306622853657e-01 -9.725100740887368533e-02 -9.474570224579478284e-01 2.822818763819623933e-01
1.586161712561115026e+09 9.156218158770871307e-01 -3.212138841646577370e-01 -2.417815773444406957e-01 -3.704224898823577639e-01 -4.402414002983502939e-01 -8.179087289638875546e-01 1.562813795391186644e-01 8.384564093386653871e-01 -5.220794770950494268e-01 -1.107479870755507245e-01 -9.489349501894365213e-01 2.853399440440761992e-01
1.586161712561126947e+09 9.130773065886532702e-01 -3.249401055063109167e-01 -2.463813309886208058e-01 -3.815019806685973069e-01 -4.672707223662975196e-01 -7.975677471085671488e-01 1.440349653794626150e-01 8.222359759401419721e-01 -5.506195864419255459e-01 -1.242296796650134150e-01 -9.498119666299343899e-01 2.886834923708614942e-01
1.586161712561136961e+09 9.101466245117191267e-01 -3.292494935905985187e-01 -2.514515720643332730e-01 -3.928652959141566980e-01 -4.932870120372008227e-01 -7.760958597263046821e-01 1.314913741324725549e-01 8.051476231120097138e-01 -5.783142086110395486e-01 -1.376664342789288842e-01 -9.501186390187826847e-01 2.922979198245148624e-01
1.586161712561146975e+09 9.068179756168150973e-01 -3.341685606601561553e-01 -2.569290415618818435e-01 -4.044777312315412376e-01 -5.182490186531076848e-01 -7.535354802963795118e-01 1.186546432008880186e-01 7.872415944349974160e-01 -6.051212671802987941e-01 -1.510328856916365037e-01 -9.498869300350949452e-01 2.961694564579891997e-01
1.586161712561156034e+09 9.030815658774836718e-01 -3.397144627058952260e-01 -2.627503937848300608e-01 -4.163027531751140597e-01 -5.421194556996623559e-01 -7.299304856719859291e-01 1.055258422873596724e-01 7.685704781330405799e-01 -6.310021530133396173e-01 -1.643077069680526636e-01 -9.491494168925773689e-01 3.002852434749611055e-01
1.586161712561165094e+09 8.989298174243071093e-01 -3.458951552051351963e-01 -2.688526086622252120e-01 -4.283014948301925306e-01 -5.648655291689879121e-01 -7.053259983479137629e-01 9.210327460782553877e-02 7.491885449203524727e-01 -6.559218789781432468e-01 -1.774732751329306246e-01 -9.479386206354851740e-01 3.046333805064609379e-01
1.586161712561173916e+09 8.943575032825463733e-01 -3.527097901781219291e-01 -2.751735097499059535e-01 -4.404325089776787161e-01 -5.864593294968363235e-01 -6.797680930614259376e-01 7.838278945114315888e-02 7.291510536484859806e-01 -6.798491594734362709e-01 -1.905152815285423851e-01 -9.462864543131610517e-01 3.092029454687926227e-01
1.586161712561183929e+09 8.893618352940619864e-01 -3.601493109016769556e-01 -2.816522678992506856e-01 -4.526516855508640469e-01 -6.068781032263923514e-01 -6.533034668933859201e-01 6.435819930151293056e-02 7.085135439495959808e-01 -7.027564162483527221e-01 -2.034223147781769325e-01 -9.442237893019583828e-01 3.139839928508126876e-01
1.586161712561192989e+09 8.839425340687533383e-01 -3.681971891226410443e-01 -2.882298156327050553e-01 -4.649122690608548658e-01 -6.261044212067240489e-01 -6.259791021149985202e-01 5.002178396075068756e-02 6.873311312219617664e-01 -7.246197192583843094e-01 -2.161854391600592507e-01 -9.417801324294858833e-01 3.189675363117480122e-01
1.586161712561203003e+09 8.781019021754380427e-01 -3.768302512315711006e-01 -2.948491332630887030e-01 -4.771649362115853998e-01 -6.441262574440681510e-01 -5.978419428108996403e-01 3.536486079202273008e-02 6.656578148777709814e-01 -7.454186746177541290e-01 -2.287977861207236563e-01 -9.389834033838280192e-01 3.241455203899375470e-01
1.586161712561213017e+09 8.718449114483433071e-01 -3.860195515482842121e-01 -3.014553970945921257e-01 -4.893579175321555175e-01 -6.609369851612947322e-01 -5.689386000765900286e-01 2.037840195048765471e-02 6.435458085864018685e-01 -7.651362710918858667e-01 -2.412541711667894884e-01 -9.358597986009267178e-01 3.295107858139069146e-01
1.586161712561222076e+09 8.651793017787914319e-01 -3.957312690066590033e-01 -3.079960044177660894e-01 -5.014371709359507490e-01 -6.765352838446202499e-01 -5.393150969328124322e-01 5.053683440161944873e-03 6.210449039523805448e-01 -7.837586924009470879e-01 -2.535507443995647092e-01 -9.324337284306927209e-01 3.350570312326767719e-01
1.586161712561232090e+09 8.581156894884097719e-01 -4.059276031151035080e-01 -3.144204902935310297e-01 -5.133466100499124440e-01 -6.909249565675080751e-01 -5.090166626006166206e-01 -1.061704979499224905e-02 5.982018770480337366e-01 -8.012751043839045906e-01 -2.656846806482029422e-01 -9.287278166253875034e-01 3.407787719757793821e-01
1.586161712561240911e+09 8.506675756051230719e-01 -4.165677700556123519e-01 -3.206804780437421676e-01 -5.250285628812102479e-01 -7.041145249219804558e-01 -4.780875907356353927e-01 -2.663990087397094531e-02 5.750600221089808839e-01 -8.176773734236632007e-01 -2.776539125328176816e-01 -9.247629511050793338e-01 3.466712958683609291e-01
1.586161712561249971e+09 8.428511449274278533e-01 -4.276091640173982911e-01 -3.267297821996521523e-01 -5.364245924262353027e-01 -7.161164921649687543e-01 -4.465711888963587173e-01 -4.301865274313637633e-02 5.516589279452337458e-01 -8.329596767491558307e-01 -2.894569063099461381e-01 -9.205583734181859157e-01 3.527306170101138783e-01
1.586161712561259031e+09 8.346849628582344582e-01 -4.390084862618354178e-01 -3.325245284212970387e-01 -5.474764369396113439e-01 -7.269464599834567498e-01 -4.145098259101319127e-01 -5.975419756499861929e-02 5.280344625044915974e-01 -8.471180806927292029e-01 -3.010924773854122272e-01 -9.161317942458407915e-01 3.589534291482248118e-01
1.586161712561268091e+09 8.261893841650870263e-01 -4.507229766877566268e-01 -3.380235199095006360e-01 -5.581273016450339908e-01 -7.366219270663749707e-01 -3.819450905379896954e-01 -7.684410847400811873e-02 5.042191340442281344e-01 -8.601500149462889544e-01 -3.125596418999254666e-01 -9.114995254823382576e-01 3.653370591835428116e-01
1.586161712561276913e+09 8.173855582479199189e-01 -4.627117586527778603e-01 -3.431889826401137711e-01 -5.683235589066326643e-01 -7.451607292380096892e-01 -3.489180712657293792e-01 -9.428245817059166534e-02 4.802429763070266144e-01 -8.720536119669805020e-01 -3.238575014319383660e-01 -9.066766225446980521e-01 3.718794200401175920e-01
1.586161712561286926e+09 8.082940679161199071e-01 -4.749371458410929225e-01 -3.479876542426381669e-01 -5.780166563185248352e-01 -7.525792925479246609e-01 -3.154697353297733486e-01 -1.120600069276929955e-01 4.561349758737889837e-01 -8.828269586887120823e-01 -3.349851569228593506e-01 -9.016770307687171915e-01 3.785789628363210868e-01
1.586161712561295986e+09 7.989333987968841866e-01 -4.873656627874509151e-01 -3.523920192853037814e-01 -5.871648345159674598e-01 -7.588910399697545994e-01 -2.816413446638838525e-01 -1.301648253590399762e-01 4.319248782798117414e-01 -8.924673765005631809e-01 -3.459416459479731087e-01 -8.965137291675178144e-01 3.854346300647882306e-01
1.586161712561306000e+09 7.893184411684760482e-01 -4.999686188950564492e-01 -3.563815073553947554e-01 -5.957343327860423754e-01 -7.641052344970182819e-01 -2.474748387550649020e-01 -1.485833218794201938e-01 4.076451533168156671e-01 -9.009708240515694744e-01 -3.567258978194245977e-01 -8.911988670632928766e-01 3.924458111861590104e-01
1.586161712561315060e+09 7.794590655731366002e-01 -5.127222711476954187e-01 -3.599436594779357734e-01 -6.037000412472390831e-01 -7.682263063318490737e-01 -2.130131519893205816e-01 -1.673016009086403799e-01 3.833330343417902797e-01 -9.083314149974665019e-01 -3.673367019646349707e-01 -8.857438912445300128e-01 3.996123014387049088e-01
1.586161712561325073e+09 7.693587201554816790e-01 -5.256076823208297721e-01 -3.630753699156846204e-01 -6.110456852453500787e-01 -7.712535979227530536e-01 -1.783004730696708118e-01 -1.863070869280623043e-01 3.590326618370865974e-01 -9.145409872991662192e-01 -3.777726882310744050e-01 -8.801596644367005728e-01 4.069342622373698370e-01
1.586161712561338902e+09 7.590131708966236790e-01 -5.386102486497607034e-01 -3.657840984628256131e-01 -6.177634180101837513e-01 -7.731816295438331821e-01 -1.433824520885916276e-01 -2.055902871071821070e-01 3.347972044015195547e-01 -9.195887483694499265e-01 -3.880323174740648029e-01 -8.744565751682794597e-01 4.144121823308996588e-01
1.586161712561348915e+09 7.484095551129434920e-01 -5.517188690210540480e-01 -3.680888854816746214e-01 -6.238527027494075172e-01 -7.740009919305331776e-01 -1.083063720444457922e-01 -2.251464933547417946e-01 3.106907696515436856e-01 -9.234610454908059873e-01 -3.981138805875728548e-01 -8.686446388299605692e-01 4.220468394627387432e-01
1.586161712561362982e+09 7.375259957184787662e-01 -5.649247241939344688e-01 -3.700208938252539936e-01 -6.293183711141933090e-01 -7.736999830439746928e-01 -7.312129975972389562e-02 -2.449771291419706454e-01 2.867898054714266287e-01 -9.261413574776786728e-01 -4.080155053549489041e-01 -8.627335904256773214e-01 4.298392615548737306e-01
1.586161712561376095e+09 7.263315687592586389e-01 -5.782198860665888063e-01 -3.716237557183635354e-01 -6.341682705287713384e-01 -7.722666891543451539e-01 -3.787830434104184907e-02 -2.650906585795616000e-01 2.631842025463630996e-01 -9.276103808277842422e-01 -4.177351711036837445e-01 -8.567329694883017988e-01 4.377906862343324268e-01
1.586161712561391115e+09 7.147867399147378453e-01 -5.915957607294093368e-01 -3.729535796348106280e-01 -6.384105536367883360e-01 -7.696915255622094332e-01 -2.630768995456979342e-03 -2.855028578454636423e-01 2.399779399337758634e-01 -9.278462732925059075e-01 -4.272707317988958531e-01 -8.506521974890552951e-01 4.459025172518037428e-01
1.586161712561403036e+09 7.028443919511705440e-01 -6.050413905176773577e-01 -3.740784365565483216e-01 -6.420507190002897602e-01 -7.659702226774359746e-01 3.256520636061542573e-02 -3.062362410418442704e-01 2.172890563783775597e-01 -9.268251350747526152e-01 -4.366199484856072011e-01 -8.445006476253970051e-01 4.541762763705674555e-01
1.586161712561413050e+09 6.904515645072625274e-01 -6.185416767475216959e-01 -3.750771006462599311e-01 -6.450885770092549265e-01 -7.611071914944446126e-01 6.765036090245836464e-02 -3.273184462839819342e-01 1.952486554915290329e-01 -9.245218210548455939e-01 -4.457805314406448893e-01 -8.382877061459983459e-01 4.626135500080331697e-01
1.586161712561424017e+09 6.775518475501500770e-01 -6.320756750586136175e-01 -3.760370129574250875e-01 -6.475154904256750221e-01 -7.551190334618028688e-01 1.025618614550739827e-01 -3.487795635338962197e-01 1.739988120410844719e-01 -9.209110868183605358e-01 -4.547501914238717413e-01 -8.320228238099702800e-01 4.712159309248243333e-01
1.586161712561434984e+09 6.640883747133544679e-01 -6.456151264027872871e-01 -3.770513749661377201e-01 -6.493122070845444016e-01 -7.480379301659525471e-01 1.372330617112899054e-01 -3.706484705254197709e-01 1.536891794528231769e-01 -9.159690757726827171e-01 -4.635266987338584332e-01 -8.257155559725527505e-01 4.799849559676587218e-01
1.586161712561444998e+09 6.500070348622201122e-01 -6.591234448013029157e-01 -3.782157312649155334e-01 -6.504477275474132014e-01 -7.399144646112502111e-01 1.715935291614242575e-01 -3.929486082959952054e-01 1.344725617334185386e-01 -9.096749538899431275e-01 -4.721079474713235635e-01 -8.193755898378659586e-01 4.889220420618082263e-01
1.586161712561455965e+09 6.352596427217369612e-01 -6.725552976443297526e-01 -3.796242328579206293e-01 -6.508793964272242549e-01 -7.308195480299271019e-01 2.055694529507843815e-01 -4.156936348342381016e-01 1.164996142199233864e-01 -9.020125510215951659e-01 -4.804920216853587611e-01 -8.130127579971552221e-01 4.980284232792970833e-01
1.586161712561474085e+09 6.198066800900460249e-01 -6.858568568545788668e-01 -3.813660334307180100e-01 -6.505543012967962557e-01 -7.208451493266728738e-01 2.390844457907365661e-01 -4.388835617659945787e-01 9.991317671717829529e-02 -8.929717670147550024e-01 -4.886772595410039943e-01 -8.066370381997935990e-01 5.073050922207983371e-01
1.586161712561491013e+09 6.036193438471758599e-01 -6.989666844332832474e-01 -3.835221793054666151e-01 -6.494118151570207331e-01 -7.101037125819309459e-01 2.720606773762823116e-01 -4.625018729460094180e-01 8.484274696092143631e-02 -8.825495601750282804e-01 -4.966623109221904864e-01 -8.002585403055688662e-01 5.167527494643489039e-01
1.586161712561507940e+09 5.866808071810282188e-01 -7.118171364474923379e-01 -3.861631714424302864e-01 -6.473869380616631419e-01 -6.987263252936561919e-01 3.044202280259761251e-01 -4.865139086657384593e-01 7.139948796384928964e-02 -8.707504407973980509e-01 -5.044461852498044463e-01 -7.938874825345154651e-01 5.263717635338069911e-01
1.586161712561526060e+09 5.689866698093652975e-01 -7.243361148336825428e-01 -3.893473546337012370e-01 -6.444140327744594110e-01 -6.868598296989608665e-01 3.360864906120022422e-01 -5.108666404818007489e-01 5.967216580254419700e-02 -8.575864438217580821e-01 -5.120282867118786108e-01 -7.875341598982646962e-01 5.361621433649090829e-01
1.586161712561542988e+09 5.505445599921419131e-01 -7.364489012222216191e-01 -3.931204695573710106e-01 -6.404305419576701297e-01 -6.746632366821525562e-01 3.669853382084705684e-01 -5.354898774086638280e-01 4.972457374182719797e-02 -8.430765435680350750e-01 -5.194084355093981920e-01 -7.812089082073538915e-01 5.461235239475322745e-01
1.586161712561559916e+09 5.313732164940853098e-01 -7.480799025008111336e-01 -3.975159927606350951e-01 -6.353802880606732595e-01 -6.623038427038022702e-01 3.970459796375375161e-01 -5.602984871963124780e-01 4.159422661063570670e-02 -8.272457469904357374e-01 -5.265868759008893729e-01 -7.749220669484573332e-01 5.562551639366923872e-01
1.586161712561578035e+09 5.115012924430905050e-01 -7.591542058930068615e-01 -4.025559833580573121e-01 -6.292161374641451754e-01 -6.499533509428300215e-01 4.262014716252247037e-01 -5.851952499831737375e-01 3.529211730321037133e-02 -8.101240560611470132e-01 -5.335642732888046247e-01 -7.686839436650328983e-01 5.665559528351442609e-01
1.586161712561594009e+09 4.909660192797199452e-01 -7.695988459419457195e-01 -4.082523539072584473e-01 -6.219019320864348499e-01 -6.377842616242095364e-01 4.543888455433736651e-01 -6.100740571438637572e-01 3.080344489227323720e-02 -7.917454091678534089e-01 -5.403417031136424908e-01 -7.625047816106146348e-01 5.770244250070013514e-01
1.586161712561611891e+09 4.698119119846475011e-01 -7.793437983568189953e-01 -4.146082627655436337e-01 -6.134136975119531821e-01 -6.259666561395480500e-01 4.815489399519070624e-01 -6.348231277159401831e-01 2.808895920982399513e-02 -7.721467524007578076e-01 -5.469206336551100112e-01 -7.563947318395121133e-01 5.876587784458879860e-01
1.586161712561631918e+09 4.480895932830425976e-01 -7.883227217027135580e-01 -4.216195003460224688e-01 -6.037402038175992969e-01 -6.146654349385670679e-01 5.076260137627744973e-01 -6.593280542395232313e-01 2.708670894676862978e-02 -7.513673052820002418e-01 -5.533029043651813694e-01 -7.503638304871923514e-01 5.984568966985962524e-01
1.586161712561654091e+09 4.258547649952824088e-01 -7.964734434460176704e-01 -4.292758707980477983e-01 -5.928829721810089382e-01 -6.040380647690219984e-01 5.325671770495498114e-01 -6.834745795203035490e-01 2.771408405911057055e-02 -7.294480303968789991e-01 -5.594907018997513637e-01 -7.444219813025270138e-01 6.094163719722957007e-01
1.586161712561672926e+09 4.031673628597827186e-01 -8.037382349462893760e-01 -4.375624840448249508e-01 -5.808558431624951668e-01 -5.942328122194635576e-01 5.563217187997907542e-01 -7.071510216428329443e-01 2.986996525730961985e-02 -7.064313258347212354e-01 -5.654865352605509266e-01 -7.385789432577670732e-01 6.205345281617600239e-01
