1.586161712773319960e+09 9.221310308725191307e-01 -2.991592135533041041e-01 -2.453123050950753170e-01 -2.734806335039944858e-01 -5.555041158999092510e-02 -9.602720944118802171e-01 2.736470450378156172e-01 9.525848607897853260e-01 -1.330390095727678190e-01 4.013836579053434162e-02 -8.871568007840155978e-01 2.719106167943506347e-01
1.586161712773365974e+09 9.228456722643115784e-01 -3.015860333504478685e-01 -2.395865811223137631e-01 -2.780728261249595379e-01 -9.125742140662669588e-02 -9.562152408557571537e-01 2.665171079154612932e-01 9.490616143382315517e-01 -1.680793970420348393e-01 2.911270685451599130e-02 -8.960800521160826593e-01 2.707970931705088180e-01
1.586161712773392916e+09 9.234162293942899113e-01 -3.034583944849302828e-01 -2.349797231481185189e-01 -2.835140322703707527e-01 -1.266655849992187888e-01 -9.505659490631583886e-01 2.586933726535717848e-01 9.443880731323287536e-01 -2.029997699566506997e-01 1.760208625603854396e-02 -9.044165805550207216e-01 2.701357224772805710e-01
1.586161712773421049e+09 9.238064681951750901e-01 -3.049352810130351310e-01 -2.315082804073407552e-01 -2.897711812858131397e-01 -1.616773714074185575e-01 -9.433414495858613025e-01 2.502284397807353900e-01 9.385493605809401840e-01 -2.377200580723743129e-01 5.647435940587914108e-03 -9.121280235688032922e-01 2.699132665281473997e-01
1.586161712773442030e+09 9.239840789099221796e-01 -3.061701476724497106e-01 -2.291577246747723007e-01 -2.967965080789115584e-01 -1.962045840556659870e-01 -9.345670625607612747e-01 2.411747394974680936e-01 9.315382988080628257e-01 -2.721601425889442760e-01 -6.705946785320333892e-03 -9.191837287018529423e-01 2.701144243545675616e-01
1.586161712773463011e+09 9.239208331851878064e-01 -3.073052450028727067e-01 -2.278898430887574267e-01 -3.045331745902360443e-01 -2.301683081907594242e-01 -9.242738208530729693e-01 2.315811733268790251e-01 9.233558558719351383e-01 -3.062419369052481466e-01 -1.940980131797881078e-02 -9.255611972429526046e-01 2.707222723523156072e-01
1.586161712773483038e+09 9.235922511515844979e-01 -3.084685845348196787e-01 -2.276499201641399572e-01 -3.129201052422196927e-01 -2.634979184047104295e-01 -9.124964959753678606e-01 2.214912224168640864e-01 9.140109297074653361e-01 -3.398906575643175221e-01 -3.241430719713946085e-02 -9.312462156312759642e-01 2.717187144885669370e-01
1.586161712773502111e+09 9.229769906012394998e-01 -3.097729619162191694e-01 -2.283729122931128230e-01 -3.218957282572956213e-01 -2.961296309305714858e-01 -8.992721402614287651e-01 2.109422082253896158e-01 9.035197585126206743e-01 -3.730354287439976435e-01 -4.566942026096213608e-02 -9.362326931231871319e-01 2.730849223992063424e-01
1.586161712773524046e+09 9.220561637576485392e-01 -3.113163393099133147e-01 -2.299881908666385755e-01 -3.314005013873189687e-01 -3.280050046872979852e-01 -8.846391496062454562e-01 1.999653440433723228e-01 8.919051822083308156e-01 -4.056094272369247800e-01 -5.912608381347256303e-02 -9.405222413295573070e-01 2.748017469058089413e-01
1.586161712773545980e+09 9.208127483633893329e-01 -3.131829181398933515e-01 -2.324227665693450184e-01 -3.413782588427632936e-01 -3.590696787747619245e-01 -8.686367771455539843e-01 1.885862325402505868e-01 8.791958973065892025e-01 -4.375497770396669650e-01 -7.273727231006803240e-02 -9.441235402050779379e-01 2.768500872792803991e-01
1.586161712773566008e+09 9.192311703189862682e-01 -3.154443968350178484e-01 -2.356032431913543945e-01 -3.517766184764700155e-01 -3.892724738707301069e-01 -8.513049701579121775e-01 1.768255255084577038e-01 8.654257760561632207e-01 -4.687973549393933403e-01 -8.645883976051489672e-02 -9.470515429438499666e-01 2.792112079518505596e-01
1.586161712773585081e+09 9.172968644867943722e-01 -3.181619464725917168e-01 -2.394565480465572771e-01 -3.625468784779664055e-01 -4.185647852960664994e-01 -8.326843830958294834e-01 1.647004055069227479e-01 8.506329975948425659e-01 -4.992967856501719925e-01 -1.002516045824301261e-01 -9.493038287038311207e-01 2.818788570270081562e-01
1.586161712773605108e+09 9.149919378688978755e-01 -3.213919616104793930e-01 -2.439199885823074565e-01 -3.736537960128499258e-01 -4.468950175452459650e-01 -8.128146679619920878e-01 1.522254729908995574e-01 8.348604976736162531e-01 -5.289946645560656968e-01 -1.140757186163683656e-01 -9.509059551525810283e-01 2.848380065980863352e-01
1.586161712773622990e+09 9.122999271505761731e-01 -3.251812245376257127e-01 -2.489297377015640966e-01 -3.850624919912584709e-01 -4.742141959208726054e-01 -7.917371875087994004e-01 1.394120527483992955e-01 8.181552834676268926e-01 -5.578406690215498287e-01 -1.278957910274514664e-01 -9.518867967372336425e-01 2.880742161869537243e-01
1.586161712773642063e+09 9.092060145342126809e-01 -3.295668893999387783e-01 -2.544210854645647113e-01 -3.967376104071134724e-01 -5.004764220679983611e-01 -7.694950421401101082e-01 1.262683329034039181e-01 8.005679338046656213e-01 -5.857877532020018263e-01 -1.416809255459724193e-01 -9.522775823938347539e-01 2.915737671640788453e-01
1.586161712773662090e+09 9.056972522685527993e-01 -3.345764727063098576e-01 -2.603287754503964546e-01 -4.086425848539139705e-01 -5.256393908898695511e-01 -7.461330102767067540e-01 1.127994917991854557e-01 7.821520408001085833e-01 -6.127923466020086529e-01 -1.554046021926359100e-01 -9.521109996499127481e-01 2.953237609843022415e-01
1.586161712773679972e+09 9.017628292901440634e-01 -3.402278567955641098e-01 -2.665873315704204161e-01 -4.207389298779061204e-01 -5.496649857598961963e-01 -7.216974135678394520e-01 9.900784247294149021e-02 7.629635700096120132e-01 -6.388145570499833559e-01 -1.690444350286697817e-01 -9.514203915964463132e-01 2.993121848441629984e-01
1.586161712773699999e+09 8.973942983941476381e-01 -3.465294521681933637e-01 -2.731314924584731796e-01 -4.329857316316604865e-01 -5.725198192317377810e-01 -6.962358890677752266e-01 8.489304854233156727e-02 7.430601561376749542e-01 -6.638183298175555080e-01 -1.825818392194034079e-01 -9.502390661926138904e-01 3.035279483848873361e-01
1.586161712773719072e+09 8.925857198465843023e-01 -3.534806057899306797e-01 -2.798967563928602686e-01 -4.453394049755573514e-01 -5.941756304440957148e-01 -6.697970849429843998e-01 7.045244766705643924e-02 7.225003680205055456e-01 -6.877715254064246109e-01 -1.960016397173443004e-01 -9.485997270427430905e-01 3.079608961526283939e-01
1.586161712773737907e+09 8.873337562232896936e-01 -3.610722125316894182e-01 -2.868199131633707433e-01 -4.577536219813873042e-01 -6.146095562873646889e-01 -6.424303194268707884e-01 5.568147728467714996e-02 7.013429624165864462e-01 -7.106459192087490884e-01 -2.092916501970030763e-01 -9.465340250999293437e-01 3.126018013551123409e-01
1.586161712773761034e+09 8.816377477551279318e-01 -3.692874744446805746e-01 -2.938394853222425773e-01 -4.701793460515853451e-01 -6.338042938417887129e-01 -6.141852327188896954e-01 4.057418595143390955e-02 6.796461421946251580e-01 -7.324171333101563430e-01 -2.224422457279412735e-01 -9.440722239279697448e-01 3.174423464004511031e-01
1.586161712773778915e+09 8.754997898786839317e-01 -3.781027536384968801e-01 -3.008960381864007050e-01 -4.825649307515170738e-01 -6.517481686606920732e-01 -5.851114532223404829e-01 2.512380982198978915e-02 6.574668300476662619e-01 -7.530645137695887170e-01 -2.354459475064140939e-01 -9.412429678752607387e-01 3.224750945969594995e-01
1.586161712773798943e+09 8.689248242207797679e-01 -3.874884759516052934e-01 -3.079323481553939978e-01 -4.948562664541298894e-01 -6.684351156163363950e-01 -5.552582932273912864e-01 9.323395080878413288e-03 6.348599668356550429e-01 -7.725709657665904562e-01 -2.482970323894139464e-01 -9.380731390924398339e-01 3.276934570778947675e-01
1.586161712773817062e+09 8.619207404143539586e-01 -3.974100606042944572e-01 -3.148934441314530375e-01 -5.069969823788522678e-01 -6.838645659546678246e-01 -5.246744854918266032e-01 -6.833549394564696414e-03 6.118778468267361825e-01 -7.909227544439941804e-01 -2.609911758797078263e-01 -9.345877899382359910e-01 3.330916573785731583e-01
1.586161712773835897e+09 8.544984868727071303e-01 -4.078288506127171198e-01 -3.217265371757039305e-01 -5.189287064015015716e-01 -6.980412399452473604e-01 -4.934079705921941006e-01 -2.335238538052224200e-02 5.885694999055138821e-01 -8.081092811061746373e-01 -2.735251347900862218e-01 -9.308101396357977286e-01 3.386646939288575631e-01
1.586161712773854017e+09 8.466720777499259221e-01 -4.187031427111482240e-01 -3.283809848717443858e-01 -5.305915601095068102e-01 -7.109747103757322328e-01 -4.615057507577180473e-01 -4.023666736578795922e-02 5.649802118353223213e-01 -8.241227888887279196e-01 -2.858964731248718194e-01 -9.267616239329951044e-01 3.444083001632770591e-01
1.586161712773873091e+09 8.384583835591929990e-01 -4.299893789113841125e-01 -3.348084127461746218e-01 -5.419250204780913238e-01 -7.226786276074328441e-01 -4.290138387220155392e-01 -5.748749015189455469e-02 5.411513055499267422e-01 -8.389579568187974790e-01 -2.981033311928458218e-01 -9.224619848849514581e-01 3.503189028678068140e-01
1.586161712773890972e+09 8.298768152073020543e-01 -4.416433010126319947e-01 -3.409628519867770047e-01 -5.528688997195640997e-01 -7.331697977366853358e-01 -3.959773072353622303e-01 -7.510294010514292906e-02 5.171201433253920232e-01 -8.526114625587759566e-01 -3.101442349447264268e-01 -9.179293877517904487e-01 3.563935801623316912e-01
1.586161712773906946e+09 8.209487101601432579e-01 -4.536211984443090928e-01 -3.468011300316820034e-01 -5.633646750451251073e-01 -7.424669424176360000e-01 -3.624404540942544051e-01 -9.307770146066783601e-02 4.929205291060795302e-01 -8.650814376742267386e-01 -3.220179419831036283e-01 -9.131805552787294333e-01 3.626300194890706430e-01
1.586161712773920059e+09 8.116963016665852404e-01 -4.658812555234549957e-01 -3.522836496285100538e-01 -5.733572206233273905e-01 -7.505891052563026244e-01 -3.284470932515279329e-01 -1.114029251621887762e-01 4.685836649920552266e-01 -8.763667825173696579e-01 -3.337233212885369338e-01 -9.082309128549047594e-01 3.690264747073152551e-01
1.586161712773931026e+09 8.021413089936950680e-01 -4.783848443256118466e-01 -3.573755186192070776e-01 -5.827967328061223196e-01 -7.575538852116632249e-01 -2.940409489628360573e-01 -1.300664789808212707e-01 4.441396762222579730e-01 -8.864663893135740214e-01 -3.452592627537198200e-01 -9.030947382270689827e-01 3.755817221375306603e-01
1.586161712773943901e+09 7.923033519399201863e-01 -4.910975163773607655e-01 -3.620478257021582102e-01 -5.916404424068516521e-01 -7.633758466149068722e-01 -2.592660875420086386e-01 -1.490536337520072530e-01 4.196195258647692494e-01 -8.953783938147458210e-01 -3.566246106261272697e-01 -8.977853087821602296e-01 3.822950172208772757e-01
1.586161712773957014e+09 7.821983982309692607e-01 -5.039895372589666689e-01 -3.662788723381464884e-01 -5.998537889644012244e-01 -7.680653928758061078e-01 -2.241673137799677917e-01 -1.683481452062336459e-01 3.950570830568681524e-01 -9.030995534624878252e-01 -3.678181152991223390e-01 -8.923150417083112185e-01 3.891660532012857776e-01
1.586161712773968935e+09 7.718372874729638733e-01 -5.170360020509672250e-01 -3.700553667121111445e-01 -6.074110172356561588e-01 -7.716281513689913218e-01 -1.887904992084084577e-01 -1.879336535445318423e-01 3.704912534333985041e-01 -9.096247431367939784e-01 -3.788383988347056586e-01 -8.866956245590258412e-01 3.961949226598548979e-01
1.586161712773981094e+09 7.612242791827817934e-01 -5.302166390815301611e-01 -3.733736902978653793e-01 -6.142952838280276717e-01 -7.740648027036989287e-01 -1.531828512519218255e-01 -2.077953353175433504e-01 3.459682024812816281e-01 -9.149465021650533547e-01 -3.896839328046987072e-01 -8.809381370490841912e-01 4.033820802793023907e-01
1.586161712773993969e+09 7.503557508244039775e-01 -5.435152803953383627e-01 -3.762411292833725551e-01 -6.204981535067123355e-01 -7.753714563102077628e-01 -1.173931287166756487e-01 -2.279216730212398623e-01 3.215435351347226689e-01 -9.190546590449284459e-01 -4.003530267570408752e-01 -8.750531641659431425e-01 4.107283060156388110e-01
1.586161712774008989e+09 7.392192225063265454e-01 -5.569189774297760298e-01 -3.786768990031216253e-01 -6.260183740675270281e-01 -7.755406748387426719e-01 -8.147181989043389416e-02 -2.483061351297045360e-01 2.972842318705986586e-01 -9.219360873021417158e-01 -4.108438254250565969e-01 -8.690509003735545912e-01 4.182346684397672543e-01
1.586161712774024010e+09 7.277929642084549622e-01 -5.704167400316143555e-01 -3.807126792257936598e-01 -6.308598304626006348e-01 -7.745632549638771236e-01 -4.547129648695159149e-02 -2.689484632714876922e-01 2.732700258350047040e-01 -9.235746950929125676e-01 -4.211543140218988457e-01 -8.629412454345454231e-01 4.259024872684453178e-01
1.586161712774043083e+09 7.160459727271918373e-01 -5.839981152057882596e-01 -3.823929478431346007e-01 -6.350291002859173028e-01 -7.724304594201848451e-01 -9.446035449965958786e-03 -2.898554934316846521e-01 2.495944451765682026e-01 -9.239515172325878378e-01 -4.312823315801624924e-01 -8.567338923628307068e-01 4.337332938904684410e-01
1.586161712774061918e+09 7.039384376099050433e-01 -5.976516143766898992e-01 -3.837749654044253500e-01 -6.385326770501098537e-01 -7.691367069797162559e-01 2.654706671856147879e-02 -3.110413103404850999e-01 2.263653552882203268e-01 -9.230449769750319611e-01 -4.412255929592675541e-01 -8.504384078864387631e-01 4.417287884044652224e-01
1.586161712774082899e+09 6.914228210229180771e-01 -6.113630205683254770e-01 -3.849282268594870771e-01 -6.413739861219295291e-01 -7.646826931432380015e-01 6.244829196233270263e-02 -3.325265295295330437e-01 2.037047769505571371e-01 -9.208314022330547077e-01 -4.509817204304162330e-01 -8.440643053490324288e-01 4.498907916989040578e-01
1.586161712774121046e+09 6.784456746479113898e-01 -6.251136448472194296e-01 -3.859331519321325121e-01 -6.435503845853199900e-01 -7.590788568491457777e-01 9.819466391012446338e-02 -3.543365199921191810e-01 1.817476832650496144e-01 -9.172858935793066770e-01 -4.605482852070637012e-01 -8.376211092124278279e-01 4.582211918146582019e-01
1.586161712774139881e+09 6.649501302336928710e-01 -6.388786864509472530e-01 -3.868789842881271701e-01 -6.450505053875371653e-01 -7.523489397088178876e-01 1.337195529982130593e-01 -3.764985659364722403e-01 1.606396500787991843e-01 -9.123835448988907304e-01 -4.699228583184851815e-01 -8.311184097117432223e-01 4.667218848659017150e-01
1.586161712774159908e+09 6.508790040327081527e-01 -6.526258632762880207e-01 -3.878608060569868621e-01 -6.458522694706485545e-01 -7.445333512083168737e-01 1.689524648943218355e-01 -3.990380539270833027e-01 1.405331696747564030e-01 -9.061010208973266922e-01 -4.791030695364473790e-01 -8.245659060815812014e-01 4.753947115296396908e-01
1.586161712774178028e+09 6.361781181665784324e-01 -6.663145239354492100e-01 -3.889760369760745795e-01 -6.459219948484367091e-01 -7.356918842829085481e-01 2.038191070705117347e-01 -4.219741448146433482e-01 1.215829216951575392e-01 -8.984182848717766623e-01 -4.880866717520586651e-01 -8.179734367757210967e-01 4.842413913504364786e-01
1.586161712774195910e+09 6.207995680555381535e-01 -6.798953703461709797e-01 -3.903206141965937515e-01 -6.452147713234610560e-01 -7.259054499986046238e-01 2.382418455353264575e-01 -4.453153888258089554e-01 1.039401909587165107e-01 -8.893203255915775873e-01 -4.968716074581750464e-01 -8.113509956687660063e-01 4.932634577763045369e-01
1.586161712774214029e+09 6.047045340806675995e-01 -6.933108536247138964e-01 -3.919853146373712405e-01 -6.436761504115827703e-01 -7.152765409488758275e-01 2.721405588942555354e-01 -4.690559030782289196e-01 8.774696840326695613e-02 -8.787986286148998794e-01 -5.054560734407776978e-01 -8.047087340584017090e-01 5.024621972911035295e-01
1.586161712774234056e+09 5.878653660384057789e-01 -7.064961927166708566e-01 -3.940525869376897417e-01 -6.412449512504868609e-01 -7.039283301479433153e-01 3.054338208951819511e-01 -4.931726110288617293e-01 7.313026691205737340e-02 -8.668522020069349132e-01 -5.138385790380360918e-01 -7.980569492884788119e-01 5.118385965709021379e-01
1.586161712774251938e+09 5.702668457247201950e-01 -7.193808906850374107e-01 -3.965940732881496067e-01 -6.378568102230429693e-01 -6.920024917900620132e-01 3.380402955923617059e-01 -5.176238157983877874e-01 6.019705737946430546e-02 -8.534880783778387991e-01 -5.220179946877676613e-01 -7.914060620553260428e-01 5.213933002715888110e-01
1.586161712774271011e+09 5.519066062650971327e-01 -7.318905699093470885e-01 -3.996689778074100641e-01 -6.334480484516153975e-01 -6.796559651313497374e-01 3.698801689871391019e-01 -5.423492124431940065e-01 4.903022516361631861e-02 -8.387212702170954159e-01 -5.299935878939885381e-01 -7.847665852610847814e-01 5.311265815823320580e-01
1.586161712774291039e+09 5.327946765335986878e-01 -7.439488479368892015e-01 -4.033236225337403780e-01 -6.279594290859602523e-01 -6.670570631532538597e-01 4.008763280054484790e-01 -5.672713534498793342e-01 3.968609817009374763e-02 -8.225741458975606157e-01 -5.377650451547981714e-01 -7.781490878488721563e-01 5.410383263433946599e-01
1.586161712774312973e+09 5.129524912564983330e-01 -7.554790934818549353e-01 -4.075918070919638536e-01 -6.213394188664199680e-01 -6.543813342397236665e-01 4.309552139110509605e-01 -5.922981248012541000e-01 3.219330589516133934e-02 -8.050754764271386144e-01 -5.453324805940366060e-01 -7.715641570252782522e-01 5.511280295643148364e-01
1.586161712774331093e+09 4.924116180532376874e-01 -7.664059686147514094e-01 -4.124956846571646296e-01 -6.135467518945558751e-01 -6.418074816365059165e-01 4.600473238600431558e-01 -6.173258313188138002e-01 2.655274030728668050e-02 -7.862593530767280070e-01 -5.526964335209861856e-01 -7.650223616481061084e-01 5.613948019245403875e-01
1.586161712774349928e+09 4.712123463713841498e-01 -7.766566629716614711e-01 -4.180470699237152643e-01 -6.045522136883256792e-01 -6.295136124568663227e-01 4.880873211750048069e-01 -6.422425911757941863e-01 2.273850964218026433e-02 -7.661640911651887986e-01 -5.598578576819954744e-01 -7.585342186889890703e-01 5.718373834583789783e-01
1.586161712774369001e+09 4.494023244842794140e-01 -7.861618451903156224e-01 -4.242488704734413418e-01 -5.943396749631005838e-01 -6.176739297810271978e-01 5.150138519198872444e-01 -6.669317070600294661e-01 2.069951352541724715e-02 -7.448312752494564704e-01 -5.668181043039597355e-01 -7.521101640382249487e-01 5.824541622997642110e-01
1.586161712774386883e+09 4.270353244174213692e-01 -7.948563577787365331e-01 -4.310965116784581941e-01 -5.829064655150506535e-01 -6.064559204549068161e-01 5.407691461628371110e-01 -6.912748256157009719e-01 2.036141609101034880e-02 -7.223050107376220996e-01 -5.735789005569190691e-01 -7.457605284800283840e-01 5.932431968471252315e-01
1.586161712774405956e+09 4.041701642246809389e-01 -8.026796535865661220e-01 -4.385793568462278413e-01 -5.702631912148853344e-01 -5.960180908712874315e-01 5.652984420067880267e-01 -7.151547884659630316e-01 2.162889943333695317e-02 -6.986313903450315221e-01 -5.801423256194292444e-01 -7.394955189770746617e-01 6.042022393023454008e-01
1.586161712774425030e+09 3.808698240137485813e-01 -8.095760223814734147e-01 -4.466820360431280612e-01 -5.564331193115559238e-01 -5.865082176843856576e-01 5.885493137857168433e-01 -7.384580971583670772e-01 2.438800502964857259e-02 -6.738581930078781923e-01 -5.865107857723277363e-01 -7.333252051349394840e-01 6.153287592671633499e-01
