1.586161711617535114e+09 6.255086724836375067e-01 -5.118559629957148971e-01 -5.888483454628024027e-01 -1.875759390933916804e-01 6.339308669557488507e-01 -7.502978897179878315e-01 7.573335909477612038e-01 5.797716182591421408e-01 3.005173920026327217e-01 1.720719612780815255e-01 -5.516581812734743240e-01 4.996702475231552532e-01
1.586161711617573023e+09 6.459400099536998230e-01 -4.915370995467006066e-01 -5.840828566830643664e-01 -1.822515779367542277e-01 6.436991081134799675e-01 -7.432602645606580793e-01 7.413136084929771163e-01 5.865515648758812262e-01 3.262075961983766370e-01 1.701841589576747471e-01 -5.592624361548849121e-01 4.910119445922782044e-01
1.586161711617588997e+09 6.664792740056433296e-01 -4.708078948081766413e-01 -5.780530284221756521e-01 -1.781479834948127283e-01 6.523283607345135016e-01 -7.367027935877985545e-01 7.239258757313574710e-01 5.939761243063405027e-01 3.508898551025762536e-01 1.683669990475611944e-01 -5.669680773618428482e-01 4.824284882373517935e-01
1.586161711617599964e+09 6.870563554896724767e-01 -4.497110409122520025e-01 -5.707131891098065068e-01 -1.753411946899955665e-01 6.596241351774402295e-01 -7.308566658801440852e-01 7.051305057093502082e-01 6.022092495608288854e-01 3.743460830274491502e-01 1.666083235079009739e-01 -5.747707883957865471e-01 4.739208763272424463e-01
1.586161711617609978e+09 7.075674127611951691e-01 -4.283155736465991681e-01 -5.620445942553410346e-01 -1.738837176211339985e-01 6.653810745032830987e-01 -7.259700260846589925e-01 6.849181041571528183e-01 6.114031365295757858e-01 3.963248610226163260e-01 1.648970439159497536e-01 -5.826666648666604109e-01 4.654899003185138939e-01
1.586161711617619991e+09 7.278746414626761085e-01 -4.067211269232948734e-01 -5.520656042464074931e-01 -1.737973786315002434e-01 6.693867477259736187e-01 -7.222990056061819875e-01 6.633196648349709568e-01 6.216906844986620495e-01 4.165425732035384354e-01 1.632230642137550702e-01 -5.906524322369675062e-01 4.571364572554382222e-01
1.586161711617630005e+09 7.478091599526002220e-01 -3.850615294041799808e-01 -5.408410848178936137e-01 -1.750666000515219423e-01 6.714271062291040648e-01 -7.200953596148204072e-01 6.404163849412796150e-01 6.331771157611200129e-01 4.346879274106421054e-01 1.615771178409569353e-01 -5.987256469103869883e-01 4.488618717723438789e-01
1.586161711617639065e+09 7.671774079095127208e-01 -3.635072840538174921e-01 -5.284896208984399824e-01 -1.776329302746000871e-01 6.712940411133994090e-01 -7.195907537225680883e-01 6.163484137583740141e-01 6.459309290917318869e-01 4.504307582588030767e-01 1.599505181857988623e-01 -6.068848658801073714e-01 4.406682145363015057e-01
1.586161711617647886e+09 7.857711590968973203e-01 -3.422662877235856382e-01 -5.151868340563507953e-01 -1.813919311480049479e-01 6.687952182204442986e-01 -7.209784489259543072e-01 5.913211082951089770e-01 6.599748061432807456e-01 4.634356508166229127e-01 1.583348261783393274e-01 -6.151297691985326832e-01 4.325586024535105212e-01
1.586161711617657900e+09 8.033807314326379956e-01 -3.215819608286302200e-01 -5.011630902198783710e-01 -1.861935038655779251e-01 6.637661201247778697e-01 -7.243938965232522564e-01 5.656070895516481789e-01 6.752774101245572203e-01 4.733804389122993062e-01 1.567214443929376422e-01 -6.234612199383312570e-01 4.245374661677488448e-01
1.586161711617666960e+09 8.198103475814703112e-01 -3.017278955126535545e-01 -4.866942276565635050e-01 -1.918465401178809648e-01 6.560836211263346707e-01 -7.298966965002217089e-01 5.395423053933428026e-01 6.917474680402400100e-01 4.799786885593678165e-01 1.551011525525534118e-01 -6.318812472470426433e-01 4.166107711417130210e-01
1.586161711617676020e+09 8.348822415592666024e-01 -2.830362714739603769e-01 -4.720827384320018250e-01 -1.981393714659481775e-01 6.456301876418022445e-01 -7.374974242043645933e-01 5.135293881232435576e-01 7.092616796474042751e-01 4.829445492372043680e-01 1.534649180178078720e-01 -6.403904232606036917e-01 4.087831687194657393e-01
1.586161711617686033e+09 8.484716533923333248e-01 -2.658263187920845705e-01 -4.576376533825576853e-01 -2.048116077382414468e-01 6.324071465484600862e-01 -7.470698807725375534e-01 4.880041587773349399e-01 7.275971203979764157e-01 4.821352214109799195e-01 1.518033998081621261e-01 -6.489912404033452153e-01 4.010617697996225473e-01
1.586161711617695093e+09 8.605089472560220054e-01 -2.504062172573566780e-01 -4.436452166061967128e-01 -2.116008913038326666e-01 6.164925511526052615e-01 -7.583943549369011050e-01 4.634106329672768032e-01 7.464808511342485575e-01 4.775111773175284013e-01 1.501057313471388099e-01 -6.576873031795044122e-01 3.934557778490120894e-01
1.586161711617703915e+09 8.709832036482682005e-01 -2.370525757246811360e-01 -4.303421144522793229e-01 -2.182602527448832264e-01 5.980418766245932938e-01 -7.711733762925537805e-01 4.401712408674860466e-01 7.656056364220826804e-01 4.691452744218272963e-01 1.483590755769660929e-01 -6.664830248701890669e-01 3.859765283463055807e-01
1.586161711617712975e+09 8.799393701019621039e-01 -2.259902127050615328e-01 -4.178936813023715335e-01 -2.245727459626948030e-01 5.772808122166094291e-01 -7.850566514874509627e-01 4.186571233901177358e-01 7.846497868354119776e-01 4.572208715427047987e-01 1.465482360759585989e-01 -6.753832276452813588e-01 3.786374582126297295e-01
1.586161711617722034e+09 8.874698573127339785e-01 -2.173750242423185541e-01 -4.063807960070601188e-01 -2.303613098022793682e-01 5.544902898198100782e-01 -7.996712986403249346e-01 3.991627732583133970e-01 8.032985856458800811e-01 4.420186229837799741e-01 1.446553525603121726e-01 -6.843926535997076899e-01 3.714540094913626467e-01
1.586161711617731094e+09 8.937025532663835925e-01 -2.112822211630956681e-01 -3.957973843671789838e-01 -2.354930142294524298e-01 5.299855804090665146e-01 -8.146522725893385886e-01 3.818884480842610341e-01 8.212643350009617427e-01 4.238939791924848932e-01 1.426597060544786966e-01 -6.935153999258004687e-01 3.644434749855871569e-01
1.586161711617739916e+09 8.987876536933405713e-01 -2.077012003382383287e-01 -3.860582405710822340e-01 -2.398782556707695357e-01 5.040924531960204735e-01 -8.296681393873993615e-01 3.669321139790877595e-01 8.383024575715312121e-01 4.032490715188128960e-01 1.405376548274445136e-01 -7.027542959874356621e-01 3.576247949289136363e-01
1.586161711617752075e+09 9.028854106378008115e-01 -2.065371473028110860e-01 -3.770150424158054681e-01 -2.434665162359731794e-01 4.771237685538242124e-01 -8.444388464420012896e-01 3.542908282364223838e-01 8.542220534627911199e-01 3.805032098757881731e-01 1.382627169273550616e-01 -7.121102442907542018e-01 3.510183141365803006e-01
1.586161711617763042e+09 9.061561351852653878e-01 -2.076184940695208203e-01 -3.684774345231633386e-01 -2.462406861462681229e-01 4.493595020080926039e-01 -8.587441777785957964e-01 3.438700094430918175e-01 8.688904414411821042e-01 3.560657491225059368e-01 1.358058089507265531e-01 -7.215815511092893431e-01 3.446455086392654632e-01
1.586161711617772102e+09 9.087529601743515872e-01 -2.107086560986387580e-01 -3.602359223978418012e-01 -2.482117077550823336e-01 4.210323193576889778e-01 -8.724234835313483538e-01 3.354981456712786692e-01 8.822321965611110706e-01 3.303140110902142434e-01 1.331356441059254048e-01 -7.311632753996517575e-01 3.385286892951896998e-01
1.586161711617780924e+09 9.108171730022210921e-01 -2.155203447634675140e-01 -3.520838799542562181e-01 -2.494146475119119188e-01 3.923196907649563192e-01 -8.853686205598094716e-01 3.289443892381063717e-01 8.942238207371656644e-01 3.035775807522848035e-01 1.302192846189914599e-01 -7.408466271955683746e-01 3.326906892179042341e-01
1.586161711617789984e+09 9.124754899698210853e-01 -2.217311872841680742e-01 -3.438368231534444930e-01 -2.499064727722078993e-01 3.633425228655663974e-01 -8.975126552710113170e-01 3.239370854205207984e-01 9.048853474340162739e-01 2.761290875820460178e-01 1.270228357685648790e-01 -7.506184473601128504e-01 3.271545402873592967e-01
1.586161711617799044e+09 9.138385967622896233e-01 -2.289996933460085315e-01 -3.353478189601481474e-01 -2.497651366546437268e-01 3.341695673194861049e-01 -9.088168557067902720e-01 3.201818168146176591e-01 9.142701138379784043e-01 2.481809087024944571e-01 1.235122616417018149e-01 -7.604607996564093364e-01 3.219431421891548739e-01
1.586161711617808104e+09 9.150004212685338700e-01 -2.369809009077205875e-01 -3.265184249774208403e-01 -2.490891634345902828e-01 3.048263499874739324e-01 -9.192581168747722131e-01 3.173780363803286875e-01 9.224537653917662672e-01 2.198868642241601778e-01 1.196542988576139166e-01 -7.703507034250037799e-01 3.170789232213378495e-01
1.586161711617818117e+09 9.160378144483523055e-01 -2.453412547103929475e-01 -3.173048871419740236e-01 -2.479967899286214528e-01 2.753070595227822270e-01 -9.288183975295712935e-01 3.152337464867198125e-01 9.295233682033126055e-01 1.913478334351620957e-01 1.154174394345912485e-01 -7.802600329003691604e-01 3.125834909684596652e-01
1.586161711617826939e+09 9.170105161662283066e-01 -2.537723597749537152e-01 -3.077195197272407645e-01 -2.466238189361474598e-01 2.455877219934912148e-01 -9.374771267432504551e-01 3.134779185391965983e-01 9.355673468741566579e-01 1.626202151382148686e-01 1.107729489894695024e-01 -7.901556059747778527e-01 3.084772711014990287e-01
1.586161711617835999e+09 9.179614324072599141e-01 -2.620032096110042064e-01 -2.978273441655559517e-01 -2.451196157671194920e-01 2.156390446423466778e-01 -9.452069492017598495e-01 3.118704583897926597e-01 9.406668490443801378e-01 1.337262001743601825e-01 1.056958813100223465e-01 -7.999994806149141047e-01 3.047791343532562647e-01
1.586161711617845058e+09 9.189173471074587596e-01 -2.698102519924537868e-01 -2.877383138741234636e-01 -2.436411408799968037e-01 1.854374880580374751e-01 -9.519726534521889549e-01 3.102094516491216147e-01 9.448890761615423850e-01 1.046648469093293954e-01 1.001660445697924312e-01 -8.097494703481162848e-01 3.015060157502488791e-01
1.586161711617854118e+09 9.198902003406770334e-01 -2.770244428729724540e-01 -2.775958889005261665e-01 -2.423454728033128946e-01 1.549734431042404659e-01 -9.577326893092550364e-01 3.083353553603508934e-01 9.482830222489174732e-01 7.542293198809120469e-02 9.416886675622997138e-02 -8.193598794097897153e-01 2.986725381167398274e-01
1.586161711617863894e+09 9.208789747364114486e-01 -2.835345852972306901e-01 -2.675631757082955198e-01 -2.413816615667815912e-01 1.242559056527551137e-01 -9.624423950538837369e-01 3.061320100601329641e-01 9.508778097886451119e-01 4.598460164562935548e-02 8.769610643506990655e-02 -8.287824435214113938e-01 2.962906567288160486e-01
1.586161711617872953e+09 9.218721196245027727e-01 -2.892865575224844443e-01 -2.578082288488519058e-01 -2.408829864386999864e-01 9.331362940936895056e-02 -9.660579453833019192e-01 3.035245989021747026e-01 9.526835017447853327e-01 1.633902337910089764e-02 8.074635792376676224e-02 -8.379674454606877987e-01 2.943693460920033256e-01
1.586161711617882013e+09 9.228503286070726119e-01 -2.942785264227093522e-01 -2.484902815859450220e-01 -2.409606931174851363e-01 6.219328832877620006e-02 -9.685401074228044971e-01 3.004749833132114301e-01 9.536939467475032961e-01 -1.351446116243349566e-02 7.332530745122162186e-02 -8.468649566097928849e-01 2.929143530361937309e-01
1.586161711617891073e+09 9.237894024280113303e-01 -2.985528245681049464e-01 -2.397485163050428747e-01 -2.417000347975172270e-01 3.095558188445945991e-02 -9.698571263626701855e-01 2.969751393216966129e-01 9.538909597948942443e-01 -4.356378962911316988e-02 6.544571259169162936e-02 -8.554261404178149508e-01 2.919280385778306730e-01
1.586161711617899895e+09 9.246629057611706060e-01 -3.021856838618348085e-01 -2.316944611867731429e-01 -2.431589707150479396e-01 -3.296158722130224095e-04 -9.699863951321988642e-01 2.930396319687764706e-01 9.532490252314905765e-01 -7.378394345135361188e-02 5.712709970403988258e-02 -8.636045457745911147e-01 2.914093238196875379e-01
1.586161711617908955e+09 9.254443528536850927e-01 -3.052762047481485386e-01 -2.244085309255331451e-01 -2.453695226384723371e-01 -3.158805069795099507e-02 -9.689148532459676000e-01 2.886980210626575727e-01 9.517397932980758979e-01 -1.041384597920316096e-01 4.839519773438481082e-02 -8.713573193803553218e-01 2.913537453746750661e-01
1.586161711617918015e+09 9.261087709605150264e-01 -3.079360083260563319e-01 -2.179402654228549396e-01 -2.483411217885524713e-01 -6.274507370698713393e-02 -9.666383725994386333e-01 2.839880839275190083e-01 9.493358050649718383e-01 -1.345819368609093014e-01 3.928114589373793430e-02 -8.786462741181152447e-01 2.917536171405111234e-01
1.586161711617928028e+09 9.266336029860235968e-01 -3.102805720916215204e-01 -2.123114047007404748e-01 -2.520651863497587741e-01 -9.372844707223387806e-02 -9.631604853124280385e-01 2.789503681331880758e-01 9.460131844039512128e-01 -1.650628588528330609e-01 2.982052589523546265e-02 -8.854387625313278054e-01 2.925982886454888132e-01
1.586161711617937088e+09 9.269990320860682642e-01 -3.124227790884082645e-01 -2.075206056865996906e-01 -2.565200565789988452e-01 -1.244699378179651150e-01 -9.584908427208275183e-01 2.736242959212128456e-01 9.417532808322343074e-01 -1.955262208599118645e-01 2.005227699718152568e-02 -8.917083187070712347e-01 2.938744854856002453e-01
1.586161711617945910e+09 9.271878495068696102e-01 -3.144687087934235903e-01 -2.035488223571645661e-01 -2.616757235928088843e-01 -1.549058791371476784e-01 -9.526436819285112323e-01 2.680457193156592366e-01 9.365434320247278954e-01 -2.259156758799845399e-01 1.001755591363285430e-02 -8.974350489915674522e-01 2.955667125899687497e-01
1.586161711617954969e+09 9.271850284330034331e-01 -3.165153918967775759e-01 -2.003644926340114873e-01 -2.674978929756430257e-01 -1.849769876954270031e-01 -9.456365008311070630e-01 2.622456873584669279e-01 9.303770853713171363e-01 -2.561750940241330765e-01 -2.413977913183068535e-04 -9.026057692225877283e-01 2.976576981757422247e-01
1.586161711617969036e+09 9.269771720190288500e-01 -3.186500466876530102e-01 -1.979279426152992516e-01 -2.739511071387671359e-01 -2.146277533844323238e-01 -9.374890499637732466e-01 2.562500998797869189e-01 9.232535272015925942e-01 -2.862495609460957713e-01 -1.068233619479473998e-02 -9.072139018946395739e-01 3.001288554103980766e-01
1.586161711617978096e+09 9.265519837807066894e-01 -3.209502425721786345e-01 -1.961947076535491552e-01 -2.810008230260107598e-01 -2.438056878721396037e-01 -9.282226696473645511e-01 2.500799053237766634e-01 9.151774301303289283e-01 -3.160859260607991050e-01 -2.126397190977478979e-02 -9.112591608351834349e-01 3.029607391024697893e-01
1.586161711617986917e+09 9.258978700269321349e-01 -3.234844766668181215e-01 -1.951177280555256577e-01 -2.886144867731124664e-01 -2.724606546390041517e-01 -9.178599403644116528e-01 2.437515385409517732e-01 9.061583665641531615e-01 -3.456330459969360613e-01 -3.194680823220764215e-02 -9.147470587171927514e-01 3.061334786155903709e-01
1.586161711617995977e+09 9.250037102248956922e-01 -3.263128005791073871e-01 -1.946486383583556634e-01 -2.967618265977193803e-01 -3.005443978493219093e-01 -9.064245603596345902e-01 2.372773789940572642e-01 8.962103666906355848e-01 -3.748418658239261458e-01 -4.269380932529815570e-02 -9.176882794736697102e-01 3.096271711480772515e-01
1.586161711618005037e+09 9.238587927975818737e-01 -3.294872950553208169e-01 -1.947384233634640305e-01 -3.054145990138217859e-01 -3.280103153756211976e-01 -8.939413605733852464e-01 2.306661091678155195e-01 8.853515435508425568e-01 -4.036654440671595401e-01 -5.347090152995739865e-02 -9.200979573496879116e-01 3.134222252571033929e-01
1.586161711618016005e+09 9.224528853429376785e-01 -3.330523289928607467e-01 -1.953377092147992045e-01 -3.145460117317309123e-01 -3.548134665597242332e-01 -8.804363752588352243e-01 2.239229355518581321e-01 8.736037719489253561e-01 -4.320589877445714100e-01 -6.424730687052486455e-02 -9.219949006527361490e-01 3.174996501288599449e-01
1.586161711618025064e+09 9.207764072016846324e-01 -3.370446176605672584e-01 -1.963968783182780953e-01 -3.241299775612028200e-01 -3.809107863497648849e-01 -8.659369093161239928e-01 2.170496851605644428e-01 8.609923918428113998e-01 -4.599799296500987622e-01 -7.499571738625106232e-02 -9.234007967358901503e-01 3.218412888900409330e-01
1.586161711618033886e+09 9.188206328464918471e-01 -3.414932016536700865e-01 -1.978662124928429467e-01 -3.341404023990188210e-01 -4.062614170995628160e-01 -8.504715473713745366e-01 2.100448437431057525e-01 8.475459010951118533e-01 -4.873880481446223323e-01 -8.569232577840660281e-02 -9.243394344085231751e-01 3.264299954363401035e-01
1.586161711618043900e+09 9.165778989018446010e-01 -3.464194302498707634e-01 -1.996961035083053004e-01 -3.445505597387165664e-01 -4.308271068723489861e-01 -8.340700906968921968e-01 2.029035910794527997e-01 8.332956153681471134e-01 -5.142456129668963039e-01 -9.631673361417784907e-02 -9.248359738681788400e-01 3.312497574893710217e-01
1.586161711618052959e+09 9.140418422877287785e-01 -3.518369442591005591e-01 -2.018372497039090385e-01 -3.553324750142740074e-01 -4.545726870161388988e-01 -8.167634326085744245e-01 1.956178493742314339e-01 8.182752820021647056e-01 -5.405175484578591538e-01 -1.068517616570331119e-01 -9.249162869505517248e-01 3.362857711399402372e-01
1.586161711618062019e+09 9.112076024985963363e-01 -3.577517930277429037e-01 -2.042409359079614961e-01 -3.664564652384679211e-01 -4.774665230272715499e-01 -7.985833575153936659e-01 1.881764185065142592e-01 8.025206378879432556e-01 -5.661715831816408473e-01 -1.172831884392571133e-01 -9.246063848111752970e-01 3.415244728393002083e-01
1.586161711618071079e+09 9.080719527477028041e-01 -3.641627623892982890e-01 -2.068593998065700601e-01 -3.778908871603601227e-01 -4.994808630296930785e-01 -7.795622780096869153e-01 1.805652410749576109e-01 7.860689220536272170e-01 -5.911783519526122577e-01 -1.275994424484629131e-01 -9.239319417477247498e-01 3.469535362314177807e-01
1.586161711618083000e+09 9.046333887917119565e-01 -3.710618679445286117e-01 -2.096461833831123334e-01 -3.896020102192550016e-01 -5.205920934124972366e-01 -7.597329440908119347e-01 1.727677798921971319e-01 7.689583621344112663e-01 -6.155114392560878667e-01 -1.377912703985422760e-01 -9.229179158951911210e-01 3.525618420496214322e-01
1.586161711618108988e+09 9.008921989450779932e-01 -3.784349611363553856e-01 -2.125564071864037841e-01 -4.015539581075981967e-01 -5.407809143057775714e-01 -7.391281498347307410e-01 1.647654844404785601e-01 7.512276506991434344e-01 -6.391473635106038609e-01 -1.478514000238760062e-01 -9.215882617927672049e-01 3.583394290402039384e-01
1.586161711618120909e+09 8.968505323075954827e-01 -3.862623994597370602e-01 -2.155469360245100829e-01 -4.137086854070712860e-01 -5.600324469888935397e-01 -7.177804555473551451e-01 1.565383230256539582e-01 7.329154230509541401e-01 -6.620655076340805634e-01 -1.577742118591997367e-01 -9.199657269210550492e-01 3.642774325275270342e-01
1.586161711618139029e+09 8.925124737469114500e-01 -3.945197445143374670e-01 -2.185764295638383259e-01 -4.260259769219946757e-01 -5.783362797515082532e-01 -6.957219379452028729e-01 1.480653620998478026e-01 7.140597446813100602e-01 -6.842480032066728945e-01 -1.675554300571709121e-01 -9.180717213274978139e-01 3.703680164831231192e-01
1.586161711618155003e+09 8.878841232553038587e-01 -4.031784696367251009e-01 -2.216052920372474644e-01 -4.384634786854018640e-01 -5.956864477565361193e-01 -6.729839777035402371e-01 1.393253810074670529e-01 6.946976161204758693e-01 -7.056795736622025750e-01 -1.771918391827599082e-01 -9.159262497380883383e-01 3.766043030679845360e-01
1.586161711618170023e+09 8.829736782226863534e-01 -4.122066585468948108e-01 -2.245955350888983459e-01 -4.509767653679306876e-01 -6.120813467253554130e-01 -6.495970924477241226e-01 1.302975092992319783e-01 6.748645018842022170e-01 -7.263473435536336176e-01 -1.866810322043687964e-01 -9.135478972441688494e-01 3.829803014022737928e-01
1.586161711618185997e+09 8.777914293396168466e-01 -4.215698012903493774e-01 -2.275106797148054583e-01 -4.635196034833594103e-01 -6.275234613350769708e-01 -6.255908272090126010e-01 1.209619114962163233e-01 6.545939263215114767e-01 -7.462405831302564296e-01 -1.960211927986729441e-01 -9.109538594509519749e-01 3.894908365220505764e-01
1.586161711618202925e+09 8.723495834347444466e-01 -4.312317641458491835e-01 -2.303158050140102497e-01 -4.760445374721237743e-01 -6.420188014135096433e-01 -6.009937249272203630e-01 1.113005071659670248e-01 6.339172063338855967e-01 -7.653503595993514930e-01 -2.052109121424729177e-01 -9.081600065911638042e-01 3.961314798738848619e-01
1.586161711618213892e+09 8.666620042846139294e-01 -4.411557503182149120e-01 -2.329776265157524062e-01 -4.885035952132383286e-01 -6.555761992056458043e-01 -5.758333829556977479e-01 1.012976212324055159e-01 6.128633218419431428e-01 -7.836691527640546884e-01 -2.142490378178843191e-01 -9.051809709650872060e-01 4.028984829447135319e-01
1.586161711618222952e+09 8.607437236534960512e-01 -4.513054023420244310e-01 -2.354648087812322155e-01 -5.008493368147448610e-01 -6.682062988973911377e-01 -5.501366051749909669e-01 9.094055355354510595e-02 5.914590232582094265e-01 -8.011903892622752599e-01 -2.231345520891421519e-01 -9.020302496663344938e-01 4.097887145068442871e-01
1.586161711618232012e+09 8.546101354732894562e-01 -4.616460807520484932e-01 -2.377486333061953894e-01 -5.130363257225323270e-01 -6.799201755320354312e-01 -5.239296554128169969e-01 8.021997953015469474e-02 5.697292789504805333e-01 -8.179078822894199075e-01 -2.318664773979394467e-01 -8.987203171323121520e-01 4.167996007966858762e-01
1.586161711618241072e+09 8.482759109622565186e-01 -4.721461890758579250e-01 -2.398039932708853905e-01 -5.250228722049606889e-01 -6.907277089319470154e-01 -4.972385908220120498e-01 6.913004286333343518e-02 5.476980997933782458e-01 -8.338152247211925161e-01 -2.404438060522472442e-01 -8.952627422236935084e-01 4.239290684103951268e-01
1.586161711618251085e+09 8.417537995378541194e-01 -4.827783018173336660e-01 -2.416105387277680816e-01 -5.367727079311465088e-01 -7.006360033915264296e-01 -4.700896203908317417e-01 5.766802641369015575e-02 5.253896671121576212e-01 -8.489052342527654282e-01 -2.488654492433178822e-01 -8.916683040507514812e-01 4.311754909575010730e-01
1.586161711618259907e+09 8.350534791710085836e-01 -4.935199231672038334e-01 -2.431538042634657781e-01 -5.482562995817440443e-01 -7.096481080117704732e-01 -4.425094272347547264e-01 4.583358139016972810e-02 5.028296416226927246e-01 -8.631695283332014856e-01 -2.571302007912961707e-01 -8.879471026356777763e-01 4.385376401971612381e-01
1.586161711618268967e+09 8.281804872837471576e-01 -5.043538983426979483e-01 -2.444263199316783763e-01 -5.594517561035081687e-01 -7.177620823733049660e-01 -4.145254227755167387e-01 3.362756857097361912e-02 4.800466004414756238e-01 -8.765982251619057752e-01 -2.652367118178912131e-01 -8.841086623033724834e-01 4.460146418916764999e-01
1.586161711618278027e+09 8.211351877800715515e-01 -5.152685784263785207e-01 -2.454287995370757480e-01 -5.703454016323098452e-01 -7.249703412871436603e-01 -3.861659326225772570e-01 2.105057059113767115e-02 4.570736227369391891e-01 -8.891797215390904174e-01 -2.731834753993698794e-01 -8.801620283364789410e-01 4.536059348290213400e-01
1.586161711618289948e+09 8.139118662757306444e-01 -5.262576934622753555e-01 -2.461713106226786629e-01 -5.809318767315231336e-01 -7.312593774411633163e-01 -3.574603165792475945e-01 8.101162372721907451e-03 4.339499547610611296e-01 -9.009005540299664938e-01 -2.809688199351509375e-01 -8.761158568627502863e-01 4.613112321246409797e-01
1.586161711618305922e+09 8.064980806044769190e-01 -5.373198762404973738e-01 -2.466742725631428101e-01 -5.912136129864500322e-01 -7.366099794006115697e-01 -3.284390392360838073e-01 -5.225906900062565058e-03 4.107226425519371338e-01 -9.117453597977026591e-01 -2.885909097431056392e-01 -8.719784977227066358e-01 4.691304843814535497e-01
1.586161711618325949e+09 7.988744496517553584e-01 -5.484577582723372258e-01 -2.469690289304552477e-01 -6.011994996077255626e-01 -7.409980991959382868e-01 -2.991337143934296172e-01 -1.894137456012137677e-02 3.874479379721173511e-01 -9.216969784106618935e-01 -2.960477524679106520e-01 -8.677580706677068267e-01 4.770638437960541545e-01
1.586161711618343115e+09 7.910147055752457801e-01 -5.596768660883305602e-01 -2.470982421945098761e-01 -6.109030889381965590e-01 -7.443960981048799441e-01 -2.695771976250639357e-01 -3.306284618346844867e-02 3.641926069418117695e-01 -9.307365865654965154e-01 -3.033372134175016943e-01 -8.634625352319652558e-01 4.851116282076389785e-01
1.586161711618360043e+09 7.828860895536450260e-01 -5.709842952686767781e-01 -2.471159758216759372e-01 -6.203403222638045333e-01 -7.467744241182754372e-01 -2.398037624472142970e-01 -4.761570821055879921e-02 3.410350338277264304e-01 -9.388438903002698233e-01 -3.104570375199017795e-01 -8.590997545152060377e-01 4.932742839470059537e-01
1.586161711618376017e+09 7.744501750859498213e-01 -5.823871526063872928e-01 -2.470872941992981187e-01 -6.295267980743179947e-01 -7.481037693747090156e-01 -2.098493773663187845e-01 -6.263335477267148454e-02 3.180659601152039939e-01 -9.459974144818424913e-01 -3.174048798319531461e-01 -8.546775527528027716e-01 5.015523464214575178e-01
1.586161711618386984e+09 7.656642025324724710e-01 -5.938907816424920938e-01 -2.470871680333623643e-01 -6.384746596764439008e-01 -7.483577377652705920e-01 -1.797520673185097340e-01 -7.815649831531318315e-02 2.953886187101721905e-01 -9.521749450746967991e-01 -3.241783450137159517e-01 -8.502037659518729695e-01 5.099463979249406753e-01
1.586161711618396044e+09 7.564828724882453059e-01 -6.054968967529453794e-01 -2.471986485012619972e-01 -6.471893824369973069e-01 -7.475158919731883511e-01 -1.495523150463719253e-01 -9.423145554131680257e-02 2.731181054515913198e-01 -9.573541317514199234e-01 -3.307750352717092612e-01 -8.456862844083200548e-01 5.184570229135069264e-01
1.586161711618405104e+09 7.468605549982360037e-01 -6.172017528748470205e-01 -2.475102175715327701e-01 -6.556667358365807496e-01 -7.455670431431603573e-01 -1.192934035206933419e-01 -1.109073632766488099e-01 2.513797539202192732e-01 -9.615132741727741017e-01 -3.371926056231787094e-01 -8.411330858363913476e-01 5.270847614990912255e-01
1.586161711618413925e+09 7.367536281464328596e-01 -6.289946022685278804e-01 -2.481126395339194601e-01 -6.638904214457972408e-01 -7.425123988030206679e-01 -8.902160616214682687e-02 -1.282326013642105522e-01 2.303065960698671699e-01 -9.646321952301277758e-01 -3.434288241075046932e-01 -8.365522578840919321e-01 5.358300627426298979e-01
1.586161711618422985e+09 7.261227615456156137e-01 -6.408565924328170071e-01 -2.490954902585188202e-01 -6.718306748123885619e-01 -7.383682939815576773e-01 -5.878611444276016229e-02 -1.462507431665404922e-01 2.100359269954995001e-01 -9.666931414956829727e-01 -3.494816338714055171e-01 -8.319520092905925424e-01 5.446932397347411525e-01
1.586161711618432045e+09 7.149348672260770199e-01 -6.527602526140376948e-01 -2.505437853910048585e-01 -6.794440918355670878e-01 -7.331681621490755418e-01 -2.863865408972547308e-02 -1.649965515630003876e-01 1.907052670141944906e-01 -9.676815795631225070e-01 -3.553492135327560031e-01 -8.273406696325620313e-01 5.536744286888740652e-01
1.586161711618442059e+09 7.031645375484284477e-01 -6.646696038801305217e-01 -2.525350490100330414e-01 -6.866747036626654754e-01 -7.269635359154692500e-01 1.367196566515703482e-03 -1.844925061373916264e-01 1.724480657291431185e-01 -9.675867817027258289e-01 -3.610300315318406006e-01 -8.227266784386519927e-01 5.627735545632674974e-01
1.586161711618451118e+09 6.907949165330546926e-01 -6.765408308183696873e-01 -2.551369978933762939e-01 -6.934561105339369647e-01 -7.198240221003561201e-01 3.117692091584322103e-02 -2.047461999531099142e-01 1.553894516598551823e-01 -9.664021482995718282e-01 -3.665228914321727594e-01 -8.181185654250872075e-01 5.719903047564860454e-01
1.586161711618459940e+09 6.778179982261983705e-01 -6.883234005297609315e-01 -2.584059939903485259e-01 -6.997143884121488355e-01 -7.118362892460701197e-01 6.073608802664277190e-02 -2.257488344883864240e-01 1.396423783718103717e-01 -9.641252357501157721e-01 -3.718269655121128614e-01 -8.135249242433459926e-01 5.813241120398494610e-01
1.586161711618468046e+09 6.642343297507596889e-01 -6.999614539638728816e-01 -2.623865818057479760e-01 -7.053714469666814146e-01 -7.031021923911896510e-01 8.999127338922872921e-02 -2.474750034469798965e-01 1.253047096427180873e-01 -9.607574369895288680e-01 -3.769418152967319857e-01 -8.089543825561689161e-01 5.907741469562927117e-01
1.586161711618477106e+09 6.500523650982030777e-01 -7.113952673007781780e-01 -2.671117677277646263e-01 -7.103483821974623247e-01 -6.937363746439837442e-01 1.188907853143065518e-01 -2.698834913238928879e-01 1.124571758238041147e-01 -9.563034481988327284e-01 -3.818673997200548453e-01 -8.044155711765245131e-01 6.003393186173008322e-01
1.586161711618485928e+09 6.352876456357392509e-01 -7.225626522202973634e-01 -2.726037803944278415e-01 -7.145685273998000353e-01 -6.838636115841675300e-01 1.473851445299773355e-01 -2.929188066764897291e-01 1.011621203857382412e-01 -9.507706339673622775e-01 -3.866040729847778357e-01 -7.999170944562644658e-01 6.100182820502690895e-01
1.586161711618495941e+09 6.199619030097749395e-01 -7.334001935269113259e-01 -2.788752321694271119e-01 -7.179600322598262974e-01 -6.736161124812876100e-01 1.754272655844830164e-01 -3.165132402433611380e-01 9.146304921025992518e-02 -9.441683534731647454e-01 -3.911525746900030853e-01 -7.954675033932114836e-01 6.198094500687298947e-01
1.586161711618505001e+09 6.041022115184686569e-01 -7.438442887986682628e-01 -2.859303975209060433e-01 -7.204578756318826827e-01 -6.631309521179645783e-01 2.029723878031168549e-01 -3.405891481486431061e-01 8.338473836541804296e-02 -9.365073506873982101e-01 -3.955140141833053402e-01 -7.910752724225658117e-01 6.297110081382306657e-01
1.586161711618515015e+09 5.877402403091462890e-01 -7.538319851580037589e-01 -2.937664859041189125e-01 -7.220053149258185421e-01 -6.525477267907096035e-01 2.299778030735346590e-01 -3.650612763645660896e-01 7.693375486440322264e-02 -9.277992574808168191e-01 -3.996898506551402330e-01 -7.867487805156658798e-01 6.397209310698673823e-01
1.586161711618524075e+09 5.709116204343682721e-01 -7.633016033826295343e-01 -3.023749065198290120e-01 -7.225548126867066268e-01 -6.420065023311304353e-01 2.564024064926244129e-01 -3.898390240591493860e-01 7.209933050696079593e-02 -9.180562195102623946e-01 -4.036818710106996333e-01 -7.824962966363754324e-01 6.498370001628896997e-01
1.586161711618532896e+09 5.536554494454759556e-01 -7.721931705025625314e-01 -3.117424432041505655e-01 -7.220685063083712718e-01 -6.316460827156706870e-01 2.822061282377266722e-01 -4.148285379072085832e-01 6.885443949134294195e-02 -9.072906649032147497e-01 -4.074921668494930205e-01 -7.783259694091266834e-01 6.600568199262955016e-01
