1.586161713387058020e+09 9.108901501366654108e-01 -3.265550139439704624e-01 -2.522715945870824261e-01 -3.900971832266866834e-01 -4.821134550477432223e-01 -7.844684853689201098e-01 1.345485871088084595e-01 8.129750547226053392e-01 -5.665405885176379996e-01 -1.322690470019973197e-01 -9.533502205048430822e-01 2.883306934937480692e-01
1.586161713387111902e+09 9.072504566130389358e-01 -3.315169612373691232e-01 -2.588302794705956700e-01 -4.031191481869152438e-01 -5.098751031238980547e-01 -7.599489009242234028e-01 1.199648349022226779e-01 7.938034290036776186e-01 -5.962252551016322677e-01 -1.471654803691454239e-01 -9.539734654581183415e-01 2.918910341264642216e-01
1.586161713387140989e+09 9.031101547778384031e-01 -3.371853391494216701e-01 -2.658911348341763126e-01 -4.163890610059407527e-01 -5.363277301938869090e-01 -7.341476119530314648e-01 1.049390227080224947e-01 7.737303232781379547e-01 -6.247633061289618039e-01 -1.620215555669072272e-01 -9.540367428292874097e-01 2.956674361839241039e-01
1.586161713387164116e+09 8.984605601986085377e-01 -3.435655798927210736e-01 -2.733702878239643863e-01 -4.298427426710526023e-01 -5.614350636642395642e-01 -7.071250853272542658e-01 8.946417506000572950e-02 7.528302344320124684e-01 -6.521064329067161047e-01 -1.768184724665790575e-01 -9.535725913435397771e-01 2.996428607609228356e-01
1.586161713387187958e+09 8.932932994311754138e-01 -3.506560467396856451e-01 -2.811892925819079458e-01 -4.434184845275094267e-01 -5.851645416554458468e-01 -6.789421972515565784e-01 7.353318335249546533e-02 7.311790453439702686e-01 -6.782109368986296571e-01 -1.915409326280368696e-01 -9.526145970198808266e-01 3.038021396235625060e-01
1.586161713387236118e+09 8.876005282800785157e-01 -3.584486828093434996e-01 -2.892746863780844557e-01 -4.570562612263360802e-01 -6.074875419768023255e-01 -6.496602657245693635e-01 5.713909834994056192e-02 7.088536015391023737e-01 -7.030374779189982881e-01 -2.061768898841906117e-01 -9.511966362378250217e-01 3.081318427817019701e-01
1.586161713387249947e+09 8.813751182959906894e-01 -3.669296310481924839e-01 -2.975576362691921273e-01 -4.706971330826967836e-01 -6.283795891419868829e-01 -6.193410218187923588e-01 4.027542741462634968e-02 6.859312925454358334e-01 -7.265508600151274754e-01 -2.207172383203434562e-01 -9.493522384069922326e-01 3.126201220728302421e-01
1.586161713387259960e+09 8.746108377596184535e-01 -3.760798162347097628e-01 -3.059736173162863615e-01 -4.842827713760413655e-01 -6.478205512038508473e-01 -5.880465383302282412e-01 2.293643665868957612e-02 6.624896267477999867e-01 -7.487198505861323294e-01 -2.351554636725624037e-01 -9.471140666289410426e-01 3.172565455543583934e-01
1.586161713387269974e+09 8.673025471757915827e-01 -3.858754827187688696e-01 -3.144620862713143339e-01 -4.977550638563585372e-01 -6.657948351169815648e-01 -5.558391263643913671e-01 5.117458329602618712e-03 6.386057858039929647e-01 -7.695170318428355971e-01 -2.494872798366937761e-01 -9.445135098425256892e-01 3.220319341960278803e-01
1.586161713387279987e+09 8.594464201728678754e-01 -3.962886910170340671e-01 -3.229661351116080437e-01 -5.110557820388176298e-01 -6.822915794013081348e-01 -5.227812054633058647e-01 -1.318479480698617201e-02 6.143561461783851874e-01 -7.889186822342212357e-01 -2.637102670628103662e-01 -9.415803749554528812e-01 3.269382098578453855e-01
1.586161713387290001e+09 8.510401875391813142e-01 -4.072877894815932764e-01 -3.314321287041343544e-01 -5.241263175442109068e-01 -6.973048266841762599e-01 -4.889351515317773567e-01 -3.197190598402556427e-02 5.898157640484539277e-01 -8.069046796537536759e-01 -2.778235242885876422e-01 -9.383426672305150706e-01 3.319682601488885276e-01
1.586161713387300014e+09 8.421345992966234872e-01 -4.187925889051196671e-01 -3.397382585911456476e-01 -5.368277890429934418e-01 -7.108970560260718941e-01 -4.543581198873651861e-01 -5.123711451948308182e-02 5.650116313052568895e-01 -8.234905068820949081e-01 -2.917974253209723590e-01 -9.347545541896298271e-01 3.371474223887089838e-01
1.586161713387314081e+09 8.327448736455339562e-01 -4.307606793450140525e-01 -3.478235368001811323e-01 -5.490894354511975939e-01 -7.230832548245265112e-01 -4.191078607365411601e-01 -7.097018826723118512e-02 5.399961518582967468e-01 -8.386700118014145389e-01 -3.056272440636140786e-01 -9.308392031850043491e-01 3.424741781386606010e-01
1.586161713387325048e+09 8.228899821743352883e-01 -4.431477411835791358e-01 -3.556292408195577681e-01 -5.608407490441726928e-01 -7.338827551755944256e-01 -3.832411203542176459e-01 -9.115773024041214090e-02 5.148166483704242902e-01 -8.524400783148916583e-01 -3.193090509996644455e-01 -9.266179388280377793e-01 3.479475018963608668e-01
1.586161713387334108e+09 8.125922590416239100e-01 -4.559087473975614868e-01 -3.630992079265641381e-01 -5.720126089516208712e-01 -7.433181127659813647e-01 -3.468137236288178493e-01 -1.117828076407031135e-01 4.895154722582749085e-01 -8.648000963662985097e-01 -3.328394965041437392e-01 -9.221103549569914515e-01 3.535668362750166716e-01
1.586161713387343884e+09 8.018766772056323822e-01 -4.689991920107484114e-01 -3.701804325620149383e-01 -5.825387251065823335e-01 -7.514136881320058192e-01 -3.098807891786138358e-01 -1.328248043364456399e-01 4.641306146776352226e-01 -8.757513027174923526e-01 -3.462156319013435790e-01 -9.173344486079209048e-01 3.593320688933963059e-01
1.586161713387352943e+09 7.907696658603191597e-01 -4.823763229029055521e-01 -3.768241219225652028e-01 -5.923574144477544712e-01 -7.581939268163159218e-01 -2.724970887010213505e-01 -1.542596170426361601e-01 4.386969942242092690e-01 -8.852959494699740306e-01 -3.594347656664392821e-01 -9.123067689080128773e-01 3.652435091662056266e-01
1.586161713387367964e+09 7.792975158467118080e-01 -4.960002262351133617e-01 -3.829871506653215740e-01 -6.014134675010017750e-01 -7.636815619051937620e-01 -2.347175186844204509e-01 -1.760602830104763261e-01 4.132484094105234318e-01 -8.934363599078464224e-01 -3.724943511562852083e-01 -9.070425738088964129e-01 3.713018640217104482e-01
1.586161713387377977e+09 7.674846013242669907e-01 -5.098345515443208908e-01 -3.886336539552558977e-01 -6.096596836052236013e-01 -7.678961216180006932e-01 -1.965976018503723388e-01 -1.981980253950822446e-01 3.878199024737700729e-01 -9.001740200173327100e-01 -3.853919002366222868e-01 -9.015559864322557626e-01 3.775082134674144219e-01
1.586161713387387037e+09 7.553516524062027226e-01 -5.238467642927461254e-01 -3.937365222482168137e-01 -6.170577581645442233e-01 -7.708530363371052241e-01 -1.581939313681741122e-01 -2.206436145775931834e-01 3.624502230767714939e-01 -9.055088246268904184e-01 -3.981249173173357914e-01 -8.958601453112625679e-01 3.838639869616563560e-01
1.586161713387396097e+09 7.429141344211865894e-01 -5.380079776797742630e-01 -3.982788031455101185e-01 -6.235784974210875076e-01 -7.725633841484074171e-01 -1.195645243796216728e-01 -2.433689519896136411e-01 3.371842726519138633e-01 -9.094384640112360696e-01 -4.106908490967858816e-01 -8.899673453383534216e-01 3.903709412228281717e-01
1.586161713387406111e+09 7.301806852231764733e-01 -5.522924652327004802e-01 -4.022551428870488333e-01 -6.292014580719803574e-01 -7.730342022595559914e-01 -8.076910151742423827e-02 -2.663488172523570952e-01 3.120755602107594395e-01 -9.119578677805518785e-01 -4.230870483709162633e-01 -8.838891703888707152e-01 3.970311378868224828e-01
1.586161713387414932e+09 7.171517529613052888e-01 -5.666768622265406785e-01 -4.056731408985446152e-01 -6.339139199311191186e-01 -7.722694506706728745e-01 -4.186929831375034439e-02 -2.895626110358754390e-01 2.871884915407871275e-01 -9.130587412407007442e-01 -4.353107500564011856e-01 -8.776366176608935143e-01 4.038469201788084662e-01
1.586161713387423992e+09 7.038186283484436645e-01 -5.811390750879585898e-01 -4.085544198763593760e-01 -6.377091310066957952e-01 -7.702716966609287619e-01 -2.928825137326417083e-03 -3.129958513962149969e-01 2.626002456648112160e-01 -9.127292634319218445e-01 -4.473590574214078019e-01 -8.712202133465788423e-01 4.108208883517534549e-01
1.586161713387433052e+09 6.901631441106794718e-01 -5.956569360587247175e-01 -4.109350912751004170e-01 -6.405838079611614333e-01 -7.670445642203498338e-01 3.598641328192832972e-02 -3.366410846330415430e-01 2.384018693672538269e-01 -9.109540763170926869e-01 -4.592289377385135318e-01 -8.646501202665446417e-01 4.179558729306451226e-01
1.586161713387443066e+09 6.761578121214977255e-01 -6.102067737427303573e-01 -4.128659668590267673e-01 -6.425353360161473182e-01 -7.625956247316938441e-01 7.480812505069382723e-02 -3.604982045087017917e-01 2.146988744950969474e-01 -9.077144034199193801e-01 -4.709172272316617947e-01 -8.579362381723967257e-01 4.252549045591602628e-01
1.586161713387453079e+09 6.617665174996072430e-01 -6.247619360676184286e-01 -4.144123547414631514e-01 -6.435587998164720158e-01 -7.569396862249243574e-01 1.134653385814408388e-01 -3.845739823154786241e-01 1.916111555930023469e-01 -9.029883817180415218e-01 -4.824206459029808380e-01 -8.510882973847487820e-01 4.327211789048509005e-01
1.586161713387461901e+09 6.469458866275685782e-01 -6.392913290512931557e-01 -4.156532407913857696e-01 -6.436440454029549452e-01 -7.501023856539624779e-01 1.518840160005616169e-01 -4.088806219106126405e-01 1.692719939116585914e-01 -8.967517100304863709e-01 -4.937358231755148430e-01 -8.441159459792513253e-01 4.403580150254815528e-01
1.586161713387470961e+09 6.316474327689319823e-01 -6.537580773011467672e-01 -4.166796098260709957e-01 -6.427730449403910029e-01 -7.421239070892986511e-01 1.899866302861283329e-01 -4.334331941113458431e-01 1.478258542150680532e-01 -8.889787305709070386e-01 -5.048593347997429870e-01 -8.370288297684853607e-01 4.481688062609981427e-01
1.586161713387480021e+09 6.158203785075974102e-01 -6.681184570092952857e-01 -4.175918929088054954e-01 -6.409179592840205109e-01 -7.330624950607018686e-01 2.276917834826081566e-01 -4.582460379173222687e-01 1.274249034558150862e-01 -8.796439410646740287e-01 -5.157877505198549262e-01 -8.298366634427891686e-01 4.561569637554442336e-01
1.586161713387489080e+09 5.994150496509889070e-01 -6.823212702510513816e-01 -4.184964547278453573e-01 -6.380402356934802288e-01 -7.229973875541633177e-01 2.649140156521906930e-01 -4.833283110627141776e-01 1.082241286956093368e-01 -8.687239389085463781e-01 -5.265176912936556652e-01 -8.225492909247629214e-01 4.643258534926401615e-01
1.586161713387497902e+09 5.823863914773681483e-01 -6.963077873422334196e-01 -4.195015572240632928e-01 -6.340910664431663735e-01 -7.120307141219730518e-01 3.015638938381499101e-01 -5.086792809492217682e-01 9.037548179499099721e-02 -8.561995455282286338e-01 -5.370458934901929382e-01 -8.151767327013899056e-01 4.726787290762997640e-01
1.586161713387506962e+09 5.646972975000869033e-01 -7.100123301114230623e-01 -4.207130298561329029e-01 -6.290132596460452641e-01 -7.002880344267110591e-01 3.375484979838247468e-01 -5.342838962338888331e-01 7.402134963387700661e-02 -8.420579305267267278e-01 -5.473692766624870254e-01 -8.077292183373262491e-01 4.812186632938113551e-01
1.586161713387516022e+09 5.463213291478921096e-01 -7.233634572129861162e-01 -4.222301674345860789e-01 -6.227443828375659463e-01 -6.879173218689625946e-01 3.727723063477207943e-01 -5.601093101820756592e-01 5.928800309870543850e-02 -8.262944352198958731e-01 -5.574850108382444214e-01 -8.002172031420984322e-01 4.899484821096007914e-01
1.586161713387526035e+09 5.272445621720411868e-01 -7.362856212524147015e-01 -4.241422589200938842e-01 -6.152208022934437803e-01 -6.750864242590378650e-01 4.071384097201632968e-01 -5.861028377993589000e-01 4.627962818293709230e-02 -8.089138766755252785e-01 -5.673905783979220629e-01 -7.926513688816045899e-01 4.988707054887752679e-01
1.586161713387536049e+09 5.074664925689503781e-01 -7.487011322711041306e-01 -4.265259355075794456e-01 -6.063821194590172103e-01 -6.619792094602616750e-01 4.405499425782088974e-01 -6.121915423392112476e-01 3.507336655756249089e-02 -7.899312468728504344e-01 -5.770838269143375721e-01 -7.850426100577577726e-01 5.079874981881887797e-01
1.586161713387545109e+09 4.870000242191999673e-01 -7.605322213356656702e-01 -4.294434967788178792e-01 -5.961754933135466894e-01 -6.487907527367559046e-01 4.729115570574790040e-01 -6.382834464205828784e-01 2.571574874540692029e-02 -7.693717844003418183e-01 -5.865630096789824499e-01 -7.774020082370877160e-01 5.173006332509382244e-01
1.586161713387553930e+09 4.658705735201206788e-01 -7.717028820624357577e-01 -4.329425721148776884e-01 -5.845593579667640594e-01 -6.357221540457008713e-01 5.041306381602737030e-01 -6.642702508264979322e-01 1.822100240808527394e-02 -7.472703856554105961e-01 -5.958268120595798800e-01 -7.697407978351338276e-01 5.268114695651030521e-01
1.586161713387562990e+09 4.441146701718004519e-01 -7.821404107570616437e-01 -4.370566757342229103e-01 -5.715062489820632585e-01 -6.229754014556662112e-01 5.341182050993106278e-01 -6.900309902488557245e-01 1.257089079702548504e-02 -7.236706471456422207e-01 -6.048743641344336286e-01 -7.620703272118801719e-01 5.365209427040140699e-01
1.586161713387573957e+09 4.217783301209002134e-01 -7.917766157219777723e-01 -4.418063277513781251e-01 -5.570046405096150677e-01 -6.107485787766779861e-01 5.627894850083183798e-01 -7.154361404637333832e-01 8.715765514454833218e-03 -6.986237647613298130e-01 -6.137052416570544233e-01 -7.544020185792292832e-01 5.464295668092824521e-01
1.586161713387584925e+09 3.989153689840848616e-01 -8.005486348710496580e-01 -4.472006393099989818e-01 -5.410597968567315563e-01 -5.992317008031180503e-01 5.900641197707758856e-01 -7.403518251501134406e-01 6.576640944004631326e-03 -6.721874166705511522e-01 -6.223194580515009067e-01 -7.467473294011414131e-01 5.565374447399423774e-01
1.586161713387593985e+09 3.755858372459878192e-01 -8.083994496326494250e-01 -4.532390196118836201e-01 -5.236937807416018886e-01 -5.886032223849096967e-01 6.158661145683965721e-01 -7.646437754019643762e-01 6.047865436183390113e-03 -6.444247980968266232e-01 -6.307174495071427023e-01 -7.391177171275566948e-01 5.668442843540195675e-01
1.586161713387603045e+09 3.518546512551620764e-01 -8.152781518250262760e-01 -4.599128610419141450e-01 -5.049447822011485787e-01 -5.790272304238277545e-01 6.401236082339504252e-01 -7.881808623054471497e-01 7.000130462593105556e-03 -6.154038729228052951e-01 -6.389000547903067595e-01 -7.315246085241251528e-01 5.773494192546746451e-01
1.586161713387612104e+09 3.277904485770489207e-01 -8.211399713491002172e-01 -4.672072018701523000e-01 -4.848659179516678353e-01 -5.706513482349420130e-01 6.627684971612903819e-01 -8.108381242981569370e-01 9.283665768566880250e-03 -5.851968472864357285e-01 -6.468684920379021985e-01 -7.239793742350413286e-01 5.880518317919688487e-01
1.586161713387620926e+09 3.034646915359677788e-01 -8.259461314232074969e-01 -4.751022723402813508e-01 -4.635236701194507258e-01 -5.636052690095619822e-01 6.837359932361026793e-01 -8.324992424097188426e-01 1.273141662478856698e-02 -5.538798811632444918e-01 -6.546243340327143612e-01 -7.164933087582123772e-01 5.989501768678284765e-01
