1.587992219188401937e+09 0.000000000000000000e+00 1.142044440810521810e-01 -9.140324748835484403e-01 -3.892325523519239439e-01 -5.179943852716519803e-01 2.795367505334742098e-01 -8.084188406563949103e-01 8.477258765539605889e-01 2.939453009650631610e-01 -4.415393507507313631e-01 4.000027637721136897e-01 -4.999992844809221793e-01 8.499995348960531771e-01
1.587992219189326048e+09 1.456953642384105907e-01 1.147949916640044199e-01 -9.138227598602236545e-01 -3.895511178912276495e-01 -5.175232025008026371e-01 2.797102148339994376e-01 -8.086605781110089985e-01 8.479338681537459399e-01 2.944319263920981422e-01 -4.408151494207790955e-01 3.963055040605278911e-01 -4.960971910512427252e-01 8.452195563001397849e-01
1.587992219192244053e+09 1.456953642384105907e-01 1.152939583033416315e-01 -9.136456259705179050e-01 -3.898191546392861806e-01 -5.170367347496561683e-01 2.798870789204888077e-01 -8.089105253195618683e-01 8.481629077589759591e-01 2.948133192348955656e-01 -4.401190619633992829e-01 3.928463356530508821e-01 -4.921961861725766552e-01 8.403935583458225222e-01
1.587992219196049929e+09 1.523178807947019875e-01 1.157045909054475463e-01 -9.134997354509339917e-01 -3.900393325992606020e-01 -5.165367000585519008e-01 2.800673993758708846e-01 -8.091675285745579815e-01 8.484116248237200120e-01 2.950940276215532898e-01 -4.394510549834478863e-01 3.896186889329392722e-01 -4.882966333875646270e-01 8.355256758597509048e-01
1.587992219198553085e+09 1.523178807947019875e-01 1.166242647256423015e-01 -9.131596338545895364e-01 -3.905614727232518124e-01 -5.149701649522514524e-01 2.806541719995007123e-01 -8.099623231659146549e-01 8.492376052002492681e-01 2.955887664269850612e-01 -4.375188808222097991e-01 3.861638036127975626e-01 -4.844667656301391290e-01 8.305326645070549851e-01
1.587992219201663017e+09 1.523178807947019875e-01 1.174678747918364852e-01 -9.128466360300845350e-01 -3.910400458782291588e-01 -5.134650051165861040e-01 2.812182013384831869e-01 -8.107219077813133667e-01 8.500323446272580741e-01 2.960191587119090917e-01 -4.356806981758314379e-01 3.829393622207656334e-01 -4.807263252466168479e-01 8.256439783862314918e-01
1.587992219204829931e+09 1.523178807947019875e-01 1.182703760607867888e-01 -9.125484701443479230e-01 -3.914938157668009788e-01 -5.120358689925058604e-01 2.817546325208780122e-01 -8.114392127067278082e-01 8.507828083662301033e-01 2.964280969986394232e-01 -4.339343225630301060e-01 3.799218128021991103e-01 -4.771556366552014428e-01 8.209866832850077900e-01
1.587992219210378885e+09 1.523178807947019875e-01 1.190336871010423264e-01 -9.122644717136434434e-01 -3.919241189109926582e-01 -5.106789065945092077e-01 2.822648047980941266e-01 -8.121167615138416007e-01 8.514916533322961500e-01 2.968166329930327363e-01 -4.322752024857680064e-01 3.770986847424760979e-01 -4.737467974290688333e-01 8.165501751414165899e-01
1.587992219215342045e+09 1.589403973509933843e-01 1.197596467436543022e-01 -9.119940021404168151e-01 -3.923322151847084549e-01 -5.093904581257093778e-01 2.827499946853017088e-01 -8.127569142590802542e-01 8.521613627607830255e-01 2.971857677705430079e-01 -4.306990030779243583e-01 3.744582293922421590e-01 -4.704923015212321147e-01 8.123243439185438008e-01
1.587992219220096111e+09 1.589403973509933843e-01 1.208618273562106216e-01 -9.115780725004765106e-01 -3.929603496848420030e-01 -5.074788384776754979e-01 2.834819557694189807e-01 -8.136972466774693435e-01 8.531457361936860551e-01 2.977639979740011045e-01 -4.283444342174558273e-01 3.715871151111863058e-01 -4.675005648236293387e-01 8.083110891776543738e-01
1.587992219225444078e+09 1.589403973509933843e-01 1.219109754148561126e-01 -9.111816480660628326e-01 -3.935552290352801186e-01 -5.056631101042079468e-01 2.841782612619719872e-01 -8.145842712119243378e-01 8.540740794293770755e-01 2.983131241727990379e-01 -4.261064970088184745e-01 3.688963512028037295e-01 -4.646444575120151077e-01 8.044845741354900159e-01
1.587992219229851007e+09 1.589403973509933843e-01 1.229095133981882720e-01 -9.108038763014141281e-01 -3.941187009398802732e-01 -5.039384865996031637e-01 2.848406111301871602e-01 -8.154212579855169007e-01 8.549498542253352040e-01 2.988346117257832391e-01 -4.239795061023330924e-01 3.663752563013690233e-01 -4.619177008134008333e-01 8.008364590913977787e-01
1.587992219234972954e+09 1.589403973509933843e-01 1.238597667180959538e-01 -9.104439359293651224e-01 -3.946525024853949626e-01 -5.023004115038993689e-01 2.854706293902252168e-01 -8.162112571868644917e-01 8.557762878179974164e-01 2.993298503073064665e-01 -4.219580381074087838e-01 3.640137546806603841e-01 -4.593143222254202906e-01 7.973587723083883638e-01
1.587992219240528107e+09 1.589403973509933843e-01 1.247639664215820648e-01 -9.101010363146632143e-01 -3.951582675102854880e-01 -5.007445491471365084e-01 2.860698666657957023e-01 -8.169571150833101481e-01 8.565563899605123099e-01 2.998001585803281577e-01 -4.200369218688099204e-01 3.618023425809413496e-01 -4.568286386536694610e-01 7.940438917967269639e-01
1.587992219245296955e+09 1.655629139072847811e-01 1.256242518578098988e-01 -9.097744168231634010e-01 -3.956375334055632909e-01 -4.992667755241222971e-01 2.866398028155765498e-01 -8.176614888201552134e-01 8.572929687119282827e-01 3.002467883856878572e-01 -4.182112287602627321e-01 3.597320565081583155e-01 -4.544552407828616469e-01 7.908845284548404742e-01
1.587992219249905109e+09 1.655629139072847811e-01 1.264742217008020253e-01 -9.094482661502862886e-01 -3.961162991362691121e-01 -4.978176436422770412e-01 2.872061173223008357e-01 -8.183460391858076166e-01 8.580104107314938666e-01 3.006933610322758965e-01 -4.164152227134428341e-01 3.574339471812808533e-01 -4.522881079645018065e-01 7.878773622084482842e-01
1.587992219255176067e+09 1.655629139072847811e-01 1.272828702501206388e-01 -9.091376528181110972e-01 -3.965700432070817238e-01 -4.964416037871095533e-01 2.877445467264534984e-01 -8.189925578773414871e-01 8.586878390720188436e-01 3.011175917437630689e-01 -4.147088026221085189e-01 3.552756861824889478e-01 -4.502199250255515817e-01 7.850090463952910103e-01
1.587992219263020992e+09 1.655629139072847811e-01 1.280521265600167435e-01 -9.088418754184169890e-01 -3.970001238909027230e-01 -4.951349570367190589e-01 2.882564506176405472e-01 -8.196033144134827753e-01 8.593276599782551095e-01 3.015205866325786355e-01 -4.130875314422377542e-01 3.532491690263900308e-01 -4.482460955046917994e-01 7.822734228202957718e-01
1.587992219275233030e+09 1.655629139072847811e-01 1.287838390944780476e-01 -9.085602602102701431e-01 -3.974078212047837955e-01 -4.938941893760353530e-01 2.887431240584540926e-01 -8.201804301551901544e-01 8.599321208611038214e-01 3.019033982511788450e-01 -4.115471851874504816e-01 3.513467424770826408e-01 -4.463622440214596310e-01 7.796645989323583992e-01
1.587992219286218882e+09 1.721854304635761501e-01 1.294797780670897680e-01 -9.082921604231622981e-01 -3.977943418219041516e-01 -4.927159632232033237e-01 2.892058003464689775e-01 -8.207258888514420425e-01 8.605033216999966594e-01 3.022670282379193440e-01 -4.100837438664068357e-01 3.495611801586685496e-01 -4.445642049903600901e-01 7.771769358743310097e-01
1.587992219290862083e+09 1.721854304635761501e-01 1.308666436494366203e-01 -9.077480380340975374e-01 -3.985817620328074851e-01 -4.904269942275763516e-01 2.901272005866595283e-01 -8.217709965754770307e-01 8.616004206781913144e-01 3.030176676779662848e-01 -4.072161688368591825e-01 3.475009355039225256e-01 -4.429661444539279014e-01 7.747781823680297553e-01
1.587992219294889927e+09 1.721854304635761501e-01 1.321875240880433511e-01 -9.072292263677038671e-01 -3.993264194862771732e-01 -4.882522260686957827e-01 2.910037885255310486e-01 -8.227554671971198941e-01 8.626333069238842910e-01 3.037300213809053240e-01 -4.044896190231816457e-01 3.455646373834414531e-01 -4.414403456911789592e-01 7.724866883565573161e-01
1.587992219300117016e+09 1.721854304635761501e-01 1.334453762219924289e-01 -9.067346436228954643e-01 -4.000307708402338625e-01 -4.861860162150977716e-01 2.918376737881548943e-01 -8.236831489078862978e-01 8.636060960888728433e-01 3.044060745319963068e-01 -4.018973159728205791e-01 3.437451894721078594e-01 -4.399834734971414529e-01 7.702979222657050373e-01
1.587992219305495977e+09 1.721854304635761501e-01 1.346430434232225304e-01 -9.062632448630753013e-01 -4.006971198648446864e-01 -4.842229894183256445e-01 2.926308748983253438e-01 -8.245576193177894808e-01 8.645226124148007729e-01 3.050477045750223937e-01 -3.994327860316397305e-01 3.420358846093218830e-01 -4.385923515218705937e-01 7.682075336152219824e-01
1.587992219310364962e+09 1.721854304635761501e-01 1.357832581206885325e-01 -9.058140216660723887e-01 -4.013276279640689559e-01 -4.823580271419253829e-01 2.933853220915225157e-01 -8.253822062735558518e-01 8.653864110707306656e-01 3.056566880249626528e-01 -3.970898495299655107e-01 3.404303842693205961e-01 -4.372639544749172824e-01 7.662113457809759387e-01
1.587992219314960003e+09 1.788079470198675469e-01 1.368686444096630928e-01 -9.053860016854491377e-01 -4.019243238838591248e-01 -4.805862570471290951e-01 2.941028602258086710e-01 -8.261600069867998108e-01 8.662007987267686948e-01 3.062347066533029349e-01 -3.948626099367645859e-01 3.389226990848249743e-01 -4.359954007263470710e-01 7.643053491130500365e-01
1.587992219319922924e+09 1.788079470198675469e-01 1.381171781344558425e-01 -9.048865342534182510e-01 -4.026214167565008162e-01 -4.785854200859046559e-01 2.949294241030308572e-01 -8.270263783456078821e-01 8.671099358128548928e-01 3.069152894938463327e-01 -3.923306823198197679e-01 3.371516851257035929e-01 -4.348886672001299747e-01 7.624570447590898192e-01
1.587992219324835062e+09 1.788079470198675469e-01 1.393059596043125792e-01 -9.044105232217500845e-01 -4.032808637965381582e-01 -4.766848150450644361e-01 2.957154709072131737e-01 -8.278429484942042560e-01 8.679662647385405494e-01 3.075613203117152361e-01 -3.899238355421993374e-01 3.354843915600188020e-01 -4.338320441529591731e-01 7.606897009831499190e-01
1.587992219329719067e+09 1.788079470198675469e-01 1.404377011599662328e-01 -9.039569463691037310e-01 -4.039048046309295370e-01 -4.748794401271245191e-01 2.964629374831147524e-01 -8.286128432769017671e-01 8.687731403752377846e-01 3.081745703492229094e-01 -3.876359951715258045e-01 3.339149947433645571e-01 -4.328232027500734658e-01 7.589999829987789104e-01
1.587992219335058928e+09 1.788079470198675469e-01 1.415150082457333480e-01 -9.035248180199906276e-01 -4.044952480105948878e-01 -4.731645371709148340e-01 2.971736735412011110e-01 -8.293389708182423714e-01 8.695336814667066205e-01 3.087567181066191435e-01 -3.854613674792659039e-01 3.324379857336605126e-01 -4.318599262422868623e-01 7.573846840673559289e-01
1.587992219340316057e+09 1.788079470198675469e-01 1.425403819075761469e-01 -9.031131885449145136e-01 -4.050540805890983087e-01 -4.715355810108136647e-01 2.978494448766092484e-01 -8.300240382226828917e-01 8.702507887766817163e-01 3.093093546321112330e-01 -3.833944284553833515e-01 3.310481539173603660e-01 -4.309401044991909568e-01 7.558407207308823761e-01
1.587992219344882965e+09 1.788079470198675469e-01 1.435162213966631739e-01 -9.027211437820945594e-01 -4.055830750472352308e-01 -4.699882690782186123e-01 2.984919365793069490e-01 -8.306705669072396159e-01 8.709271617792637699e-01 3.098339883968225239e-01 -3.814299129712216407e-01 3.297405714541247757e-01 -4.300617287863198190e-01 7.543651282602521491e-01
1.587992219349838018e+09 1.854304635761589437e-01 1.444448268670449342e-01 -9.023478043892227962e-01 -4.060838976188271832e-01 -4.685185112816528941e-01 2.991027562124666250e-01 -8.312809066810866732e-01 8.715653140056535131e-01 3.103320498112537296e-01 -3.795628041341411740e-01 3.285105785006416923e-01 -4.292228867782353352e-01 7.529550563041849109e-01
1.587992219354929924e+09 1.854304635761589437e-01 1.445740952314940320e-01 -9.022869542295978151e-01 -4.061730951393388023e-01 -4.683751190776947460e-01 2.991841476296066005e-01 -8.313324206574050912e-01 8.716209490466311216e-01 3.104305043551958687e-01 -3.793544821783822463e-01 3.269796561661670320e-01 -4.285298729000187601e-01 7.515525775912283990e-01
1.587992219359796047e+09 1.854304635761589437e-01 1.446965109664572757e-01 -9.022292876277535623e-01 -4.062575934808481670e-01 -4.682396792811776565e-01 2.992611711565241750e-01 -8.313809921959278704e-01 8.716734035524967839e-01 3.105238541315975542e-01 -3.791575049428197453e-01 3.255335309515925424e-01 -4.278689592867800928e-01 7.502123695542601833e-01
1.587992219364833117e+09 1.854304635761589437e-01 1.448124547834997444e-01 -9.021746339611383947e-01 -4.063376462705158843e-01 -4.681117177723633782e-01 2.993340695394679507e-01 -8.314268064581199491e-01 8.717228760470748794e-01 3.106123704072762393e-01 -3.789712162238565440e-01 3.241676114753271332e-01 -4.272386132506916234e-01 7.489317712970197105e-01
1.587992219370070934e+09 1.854304635761589437e-01 1.449222857920475227e-01 -9.021228319055211164e-01 -4.064134929300097232e-01 -4.679907912068518305e-01 2.994030710287604036e-01 -8.314700357824880150e-01 8.717695512154532977e-01 3.106963102666492338e-01 -3.787950004425838513e-01 3.228775496185724569e-01 -4.266373792610637095e-01 7.477082303819387876e-01
1.587992219375576973e+09 1.854304635761589437e-01 1.450263425756514457e-01 -9.020737289562578143e-01 -4.064853594978317664e-01 -4.678764848824719103e-01 2.994683903597036845e-01 -8.315108406204876346e-01 8.718136009796771946e-01 3.107759171852282343e-01 -3.786282800379923152e-01 3.216592279084388162e-01 -4.260638747526406811e-01 7.465392985890392241e-01
1.587992219380214930e+09 1.854304635761589437e-01 1.451249442579866655e-01 -9.020271809646289718e-01 -4.065534594061652740e-01 -4.677684107539469838e-01 2.995302296551004551e-01 -8.315493704065258784e-01 8.718551854837149895e-01 3.108514216209521952e-01 -3.784705130144090379e-01 3.205087475433772704e-01 -4.255167861787185757e-01 7.454226278531418393e-01
1.587992219384819031e+09 1.920529801324503405e-01 1.452183915484674959e-01 -9.019830516909180806e-01 -4.066179942137516101e-01 -4.676662055864868606e-01 2.995887792566649943e-01 -8.315857643657924569e-01 8.718944539956736683e-01 3.109230416129366015e-01 -3.783211906379899681e-01 3.194224170284004072e-01 -4.249948652952467154e-01 7.443559663671788229e-01
1.587992219389817953e+09 1.920529801324503405e-01 1.463771036353047339e-01 -9.015081297645627378e-01 -4.072552461291802928e-01 -4.659102325210422446e-01 3.003410113258714875e-01 -8.322997850221643956e-01 8.726404750889837914e-01 3.115740183072919223e-01 -3.760588150174382638e-01 3.179681079778685082e-01 -4.246331181177774861e-01 7.432302846187772705e-01
1.587992219394803047e+09 1.920529801324503405e-01 1.474799779772335839e-01 -9.010557004659617286e-01 -4.078581625438305602e-01 -4.642425385495047574e-01 3.010561574783093275e-01 -8.329730220394335749e-01 8.733433010546002295e-01 3.121919516934896777e-01 -3.739086302840085585e-01 3.165944059349792838e-01 -4.242873937740884172e-01 7.421510405499627261e-01
1.587992219399957895e+09 1.920529801324503405e-01 1.485295867965632233e-01 -9.006247676176453165e-01 -4.084286838601137171e-01 -4.626586805332260077e-01 3.017360086671004304e-01 -8.336080172364597196e-01 8.740056677009002684e-01 3.127785303170759756e-01 -3.718651419525542678e-01 3.152969669273119058e-01 -4.239569307508531670e-01 7.411164708028685766e-01
1.587992219405553102e+09 1.920529801324503405e-01 1.495283978936919889e-01 -9.002143719128905541e-01 -4.089686330573842898e-01 -4.611544370101788859e-01 3.023822730881571830e-01 -8.342071362364769094e-01 8.746301180780196027e-01 3.133353563253257756e-01 -3.699231150216358288e-01 3.140716748213405740e-01 -4.236410071504547181e-01 7.401248709783053714e-01
1.587992219413172007e+09 1.920529801324503405e-01 1.504787772071323193e-01 -8.998235903353607457e-01 -4.094797234128049190e-01 -4.597257977057337408e-01 3.029965795899243197e-01 -8.347725820129896501e-01 8.752190174659558730e-01 3.138639498776301662e-01 -3.680775630667257325e-01 3.129146297148684419e-01 -4.233389385666443405e-01 7.391745939444153146e-01
1.587992219415838003e+09 1.986754966887417095e-01 1.513829915141101656e-01 -8.994515354945861185e-01 -4.099635656697678265e-01 -4.583689534245071195e-01 3.035804809992214692e-01 -8.353064073097986597e-01 8.757745671214485217e-01 3.143657533076917865e-01 -3.663237376017648428e-01 3.118221368985927278e-01 -4.230500760449378839e-01 7.382640482102390544e-01
1.587992219419814110e+09 1.986754966887417095e-01 1.539451139194380758e-01 -8.984016739141442720e-01 -4.113092926358393742e-01 -4.544275512715528209e-01 3.052597267473304288e-01 -8.368465210966018475e-01 8.773804776410695228e-01 3.157387076910408430e-01 -3.612652293259343561e-01 3.103877532715290100e-01 -4.229018110622084770e-01 7.372961092498331315e-01
1.587992219425930023e+09 1.986754966887417095e-01 1.563887216154143667e-01 -8.973985689179695413e-01 -4.125752976796794314e-01 -4.506807818414070299e-01 3.068591103618296123e-01 -8.382865376867053575e-01 8.788796280665028826e-01 3.170383177029649779e-01 -3.564509846777804691e-01 3.090342127526970462e-01 -4.227589293745986354e-01 7.363628251882753384e-01
1.587992219429863930e+09 1.986754966887417095e-01 1.587187698296066429e-01 -8.964404454657289856e-01 -4.137666973512754143e-01 -4.471192924359356780e-01 3.083821655903460357e-01 -8.396337167345035990e-01 8.802798932358756323e-01 3.182687035808169362e-01 -3.518697797277018924e-01 3.077571542227340862e-01 -4.226211851234263905e-01 7.354632343794825777e-01
1.587992219435165882e+09 1.986754966887417095e-01 1.609400624330546425e-01 -8.955255641878616668e-01 -4.148882502434320108e-01 -4.437341391770250887e-01 3.098323009240358528e-01 -8.408947371894668343e-01 8.815885151434705858e-01 3.194337320793314561e-01 -3.475108354814291922e-01 3.065524421727406912e-01 -4.224883446469747117e-01 7.345963851591804650e-01
1.587992219440489054e+09 1.986754966887417095e-01 1.630572506835641367e-01 -8.946522242735496233e-01 -4.159443840249650304e-01 -4.405167755701420718e-01 3.112127998185468258e-01 -8.420757469909617710e-01 8.828121563734848687e-01 3.205370350388412337e-01 -3.433638095776930799e-01 3.054161555802123451e-01 -4.223601863861466965e-01 7.337613368778781453e-01
1.587992219444902897e+09 1.986754966887417095e-01 1.650748326791313114e-01 -8.938187658531976387e-01 -4.169392203003014497e-01 -4.374590402747208784e-01 3.125268216764225393e-01 -8.431824083878610709e-01 8.839569490070638969e-01 3.215820261480735187e-01 -3.394187866936991260e-01 3.043445772900312818e-01 -4.222365006830935408e-01 7.329571608147955608e-01
1.587992219449779987e+09 2.052980132450331063e-01 1.669971534648034273e-01 -8.930235719236131464e-01 -4.178765974823716589e-01 -4.345531443271049010e-01 3.137774034442515347e-01 -8.442199392594382790e-01 8.850285393647366883e-01 3.225719161312320948e-01 -3.356662679408614625e-01 3.033341838827543491e-01 -4.221170894853843447e-01 7.321829409928228838e-01
1.587992219454807997e+09 2.052980132450331063e-01 1.689480175323016531e-01 -8.922107396753188313e-01 -4.188276057997200041e-01 -4.316798527423708065e-01 3.150297871523861093e-01 -8.452270333721272344e-01 8.860638081471502447e-01 3.235988708489923038e-01 -3.319257427151847684e-01 3.019983895376643357e-01 -4.221216965939220134e-01 7.313450852272395108e-01
1.587992219459781885e+09 2.052980132450331063e-01 1.708064055181920948e-01 -8.914353272824799834e-01 -4.197239915786715736e-01 -4.289502096672286324e-01 3.162213941789179805e-01 -8.461712282333770929e-01 8.870326315645863380e-01 3.245721601374940701e-01 -3.283687308549420036e-01 3.007367109017228812e-01 -4.221247906493880708e-01 7.305367914006339891e-01
1.587992219465528011e+09 2.052980132450331063e-01 1.725764049516914367e-01 -8.906957926178781237e-01 -4.205691256699184422e-01 -4.263570901047488704e-01 3.173550511422189579e-01 -8.470569067258293394e-01 8.879397593144258138e-01 3.254946643607687928e-01 -3.249864724897171264e-01 2.995451855562784593e-01 -4.221264258121538715e-01 7.297572703080064116e-01
1.587992219470674038e+09 2.052980132450331063e-01 1.742619571893981867e-01 -8.899906379452677818e-01 -4.213661527060470480e-01 -4.238937104666328781e-01 3.184334663592143233e-01 -8.478881115626552001e-01 8.887895659284883454e-01 3.263691037341471812e-01 -3.217705947168241765e-01 2.984200556593576970e-01 -4.221266585046997699e-01 7.290057376765302077e-01
1.587992219475555897e+09 2.052980132450331063e-01 1.758668585871444590e-01 -8.893184108009393185e-01 -4.221180075064095982e-01 -4.215536143558750726e-01 3.194592332334632023e-01 -8.486685740177880577e-01 8.895860825542334371e-01 3.271980478431671391e-01 -3.187130985909316649e-01 2.973577577588356058e-01 -4.221255471939413528e-01 7.282814151986587436e-01
1.587992219479825974e+09 2.052980132450331063e-01 1.773947621762118898e-01 -8.886777045719712609e-01 -4.228274302231791459e-01 -4.193306585734426495e-01 3.204348337735147267e-01 -8.494017400999970269e-01 8.903330259699502314e-01 3.279839244555015632e-01 -3.158063459874734247e-01 2.963549130874816862e-01 -4.221231521030861522e-01 7.275835315176140128e-01
1.587992219484798908e+09 2.119205298013245031e-01 1.788491797895198632e-01 -8.880671588004236394e-01 -4.234969803301544822e-01 -4.172189994166489724e-01 3.213626421938315381e-01 -8.500907944025566376e-01 8.910338250674807448e-01 3.287290277148379181e-01 -3.130430464381392941e-01 2.954083183205062357e-01 -4.221195348779041567e-01 7.269113231634259931e-01
1.587992219489804983e+09 2.119205298013245031e-01 1.808782782123456723e-01 -8.872128584790984762e-01 -4.244247780470457587e-01 -4.142970547839692763e-01 3.226522583641168729e-01 -8.510308282135634617e-01 8.919871068957587745e-01 3.297709264351267877e-01 -3.092088892801307387e-01 2.941340115319434068e-01 -4.222362153143571772e-01 7.261538884212528355e-01
1.587992219494920969e+09 2.119205298013245031e-01 1.828108546776774923e-01 -8.863979452150161364e-01 -4.252985705720325749e-01 -4.115215094545057739e-01 3.238792611747361994e-01 -8.519109527627827250e-01 8.928775048506385481e-01 3.307580791144853483e-01 -3.055631758445275792e-01 2.929302737986947403e-01 -4.223460940001030339e-01 7.254218391110449637e-01
1.587992219501130104e+09 2.119205298013245031e-01 1.846512007727976190e-01 -8.856207940031451953e-01 -4.261217470188568557e-01 -4.088850701377407804e-01 3.250465641579858289e-01 -8.527354399504827320e-01 8.937096471850456414e-01 3.316934433453984088e-01 -3.020968820925734599e-01 2.917933441237672287e-01 -4.224494658791739798e-01 7.247146032746175637e-01
1.587992219506567001e+09 2.119205298013245031e-01 1.864034536868236502e-01 -8.848798261840701285e-01 -4.268974650499514079e-01 -4.063807962660007655e-01 3.261569586390397624e-01 -8.535082230169448447e-01 8.944877868813162491e-01 3.325798122913987132e-01 -2.988013848300953845e-01 2.907196549646308137e-01 -4.225466183437786571e-01 7.240316026262809679e-01
1.587992219511183977e+09 2.119205298013245031e-01 1.880715972388946056e-01 -8.841735105330899014e-01 -4.276286678692191590e-01 -4.040020849271676040e-01 3.272131173230974355e-01 -8.542329256275495997e-01 8.952158341352728366e-01 3.334198241306188248e-01 -2.956684480802684867e-01 2.897058226171929096e-01 -4.226378312925863079e-01 7.233722541018759999e-01
1.587992219515657902e+09 2.119205298013245031e-01 1.896594635228104897e-01 -8.835003639963296962e-01 -4.283180999147626622e-01 -4.017426560976115613e-01 3.282175979904060070e-01 -8.549128883348551255e-01 8.958973859588361677e-01 3.342159708747638458e-01 -2.926902093414862627e-01 2.887486380591529067e-01 -4.227233771143241725e-01 7.227359713580085998e-01
1.587992219519886971e+09 2.185430463576158999e-01 1.911707350936903971e-01 -8.828589521093325176e-01 -4.289683213526955807e-01 -3.995965382337163807e-01 3.291728472561049057e-01 -8.555511926594101535e-01 8.965357531495148358e-01 3.349706066354485312e-01 -2.898591658287030803e-01 2.878450582332775509e-01 -4.228035206256647305e-01 7.221221662143001430e-01
1.587992219524890900e+09 2.185430463576158999e-01 1.931147492144888178e-01 -8.820320498450980873e-01 -4.297978090705901200e-01 -3.968744069657552109e-01 3.303899416390595478e-01 -8.563487557994806654e-01 8.973279215155431920e-01 3.359493258064276677e-01 -2.862527759844460395e-01 2.866019123576945549e-01 -4.230052807603637555e-01 7.214006662702991957e-01
1.587992219530333042e+09 2.185430463576158999e-01 1.949654779111280045e-01 -8.812436018681004679e-01 -4.305788854430996349e-01 -3.942892283891468730e-01 3.315477047403229682e-01 -8.570951661616780237e-01 8.980670725503613339e-01 3.368765851880478612e-01 -2.828245030984112285e-01 2.854274400693413982e-01 -4.231961690989044511e-01 7.207028516019222675e-01
1.587992219536258936e+09 2.185430463576158999e-01 1.967271491673106554e-01 -8.804919902787284869e-01 -4.313145996085762102e-01 -3.918341157484209747e-01 3.326489214905897218e-01 -8.577941016157670795e-01 8.987571721639585620e-01 3.377551629304148539e-01 -2.795657264360086325e-01 2.843179879637460217e-01 -4.233766691595994280e-01 7.200282345761241931e-01
1.587992219539839983e+09 2.185430463576158999e-01 1.984038314691717875e-01 -8.797756463025702134e-01 -4.320077914010900244e-01 -3.895025227329457773e-01 3.336962571279258327e-01 -8.584489459271785750e-01 8.994018592614890784e-01 3.385876845836368609e-01 -2.764682177127564255e-01 2.832700903815401627e-01 -4.235472497716776252e-01 7.193763161674782136e-01
1.587992219544996023e+09 2.185430463576158999e-01 1.999994354825475606e-01 -8.790930510911376672e-01 -4.326611067913741504e-01 -3.872882280228635565e-01 3.346922611457652241e-01 -8.590628142132827882e-01 9.000044745675283009e-01 3.393766312703472843e-01 -2.735241267347688909e-01 2.822804600553276422e-01 -4.237083650964498238e-01 7.187465878557230958e-01
1.587992219549779892e+09 2.185430463576158999e-01 2.015177163725224707e-01 -8.784427361687893177e-01 -4.332770121530734042e-01 -3.851853202845013091e-01 3.356393712591402845e-01 -8.596385760877041093e-01 9.005680868348209245e-01 3.401243474570143088e-01 -2.707259670619176495e-01 2.813459792121623115e-01 -4.238604546316332988e-01 7.181385334670873366e-01
1.587992219554986000e+09 2.251655629139072967e-01 2.029622766657161459e-01 -8.778232835674518730e-01 -4.338578074410163188e-01 -3.831881836473154390e-01 3.365399173629774476e-01 -8.601788767078573095e-01 9.010955166705360009e-01 3.408330483509148801e-01 -2.680666017766523135e-01 2.804636911100957808e-01 -4.240039432207645675e-01 7.175516309447746988e-01
1.587992219561451912e+09 2.251655629139072967e-01 2.049674018000956222e-01 -8.769631635328835051e-01 -4.346538553903728230e-01 -3.804363875247428473e-01 3.377818058005719881e-01 -8.609132399476896458e-01 9.018073626038111135e-01 3.418172925357957914e-01 -2.643944388164328752e-01 2.792613264684603025e-01 -4.242614454763530274e-01 7.168506429267135216e-01
1.587992219565745115e+09 2.251655629139072967e-01 2.068758794979945748e-01 -8.761431339593026557e-01 -4.354027782386130641e-01 -3.778233173385628918e-01 3.389631541147591909e-01 -8.615993970679517444e-01 9.024698949866499786e-01 3.427494550959138131e-01 -2.609040047110035010e-01 2.781255235269839421e-01 -4.245053441842824848e-01 7.161723239318882328e-01
1.587992219571345091e+09 2.251655629139072967e-01 2.086921318000093395e-01 -8.753615003592483124e-01 -4.361075988945540827e-01 -3.753419684225371422e-01 3.400868028000775811e-01 -8.622409021276573604e-01 9.030869287424454495e-01 3.436323766032922111e-01 -2.575864687527481545e-01 2.770527378105059335e-01 -4.247362523692442826e-01 7.155162433985180481e-01
1.587992219575862885e+09 2.251655629139072967e-01 2.104204102150603606e-01 -8.746166201997547240e-01 -4.367711284360302759e-01 -3.729856851669440254e-01 3.411554704660398896e-01 -8.628410187465823666e-01 9.036619553934263083e-01 3.444687397158885389e-01 -2.544334053010264274e-01 2.760396069856037582e-01 -4.249547632930780194e-01 7.148819554082647132e-01
1.587992219579860926e+09 2.251655629139072967e-01 2.120647977720047095e-01 -8.739069037576823185e-01 -4.373959820466803983e-01 -3.707481449175542565e-01 3.421717578466685894e-01 -8.634027456363067010e-01 9.041981721868891375e-01 3.452610775873555804e-01 -2.514367787677591060e-01 2.750829417845072067e-01 -4.251614504593980159e-01 7.142690008873584517e-01
1.587992219584947109e+09 2.251655629139072967e-01 2.136292117806964097e-01 -8.732308145803466815e-01 -4.379845937259692068e-01 -3.686233423692249489e-01 3.431381518230677830e-01 -8.639288397917912476e-01 9.046985085289460660e-01 3.460117819248257343e-01 -2.485889286245614727e-01 2.741797173757728467e-01 -4.253568676461056408e-01 7.136769097404747075e-01
1.587992219589869976e+09 2.317880794701986658e-01 2.151174071779019537e-01 -8.725868696020315785e-01 -4.385392298611191508e-01 -3.666055744830245544e-01 3.440570294355990710e-01 -8.644218375619178163e-01 9.051656499707819714e-01 3.467231107008560409e-01 -2.458825545232797283e-01 2.733270651589583267e-01 -4.255415489805403628e-01 7.131052028981085256e-01
1.587992219595861912e+09 2.317880794701986658e-01 2.167126470167405339e-01 -8.718964876003204578e-01 -4.391265689220157364e-01 -3.645087466409009380e-01 3.450161730105733571e-01 -8.649261320965030420e-01 9.056318248854093866e-01 3.475059068150673225e-01 -2.430445277790895531e-01 2.721061616383804727e-01 -4.258579428039004355e-01 7.123708218307903683e-01
1.587992219601854086e+09 2.317880794701986658e-01 2.182296959086713339e-01 -8.712389650823342269e-01 -4.396799580898265170e-01 -3.625183598227841864e-01 3.459280709544889643e-01 -8.653982947274071469e-01 9.060663544216877030e-01 3.482476639519191397e-01 -2.403483429046763820e-01 2.709525056392473874e-01 -4.261577409689952245e-01 7.116615557449327278e-01
1.587992219608182907e+09 2.317880794701986658e-01 2.196722841665857962e-01 -8.706128395925603058e-01 -4.402015119301767587e-01 -3.606289450325729229e-01 3.467949899268530922e-01 -8.658406313902849982e-01 9.064716496249224376e-01 3.489505960708659260e-01 -2.377869422993177384e-01 2.698625150956784347e-01 -4.264417192012042168e-01 7.109768147408576100e-01
1.587992219611537933e+09 2.317880794701986658e-01 2.210439795941268049e-01 -8.700167022000407924e-01 -4.406932005127338070e-01 -3.588353179038994423e-01 3.476190937105802514e-01 -8.662552627907331715e-01 9.068499179632748541e-01 3.496167953356935643e-01 -2.353536120589635738e-01 2.688327928707983094e-01 -4.267106250154952263e-01 7.103160010862155094e-01
1.587992219615645885e+09 2.317880794701986658e-01 2.223481920451415017e-01 -8.694491970109528012e-01 -4.411568602110435000e-01 -3.571325640148084735e-01 3.484024473156986379e-01 -8.666441405932658881e-01 9.072031818806994830e-01 3.502482384273206129e-01 -2.330419667443896503e-01 2.678601174804850493e-01 -4.269651778470086589e-01 7.096785115093748875e-01
1.587992219619975090e+09 2.317880794701986658e-01 2.235881783112699805e-01 -8.689090204508270743e-01 -4.415942036515335123e-01 -3.555160248685005908e-01 3.491470209730909713e-01 -8.670090621252558583e-01 9.075332955771633348e-01 3.508467926671129389e-01 -2.308459345408806207e-01 2.669414342764495629e-01 -4.272060693061527914e-01 7.090637393356028495e-01
1.587992219625961065e+09 2.384105960264900625e-01 2.247670472346611215e-01 -8.683949203583595233e-01 -4.420068288762178388e-01 -3.539812845315929990e-01 3.498546940162154950e-01 -8.673516837339877439e-01 9.078419601884323287e-01 3.514142219242397114e-01 -2.287597428539518973e-01 2.660738470643008724e-01 -4.274339635434652451e-01 7.084710764599269073e-01
1.587992219630229950e+09 2.384105960264900625e-01 2.263020405855499240e-01 -8.677275693725228223e-01 -4.425338990152841712e-01 -3.520033238989910274e-01 3.507635419667411436e-01 -8.677894892144109029e-01 9.082296220619970883e-01 3.521559355992736617e-01 -2.260644833478316351e-01 2.648191459253194657e-01 -4.278021771074792534e-01 7.076787163144127035e-01
1.587992219636065006e+09 2.384105960264900625e-01 2.277612996380670718e-01 -8.670921536908902105e-01 -4.430304587665190308e-01 -3.501260835381030390e-01 3.516275627361342138e-01 -8.681991607635402008e-01 9.085904005730236488e-01 3.528586886161934610e-01 -2.235044291610624456e-01 2.636336020986824180e-01 -4.281511044936672783e-01 7.069144507095431740e-01
1.587992219639857054e+09 2.384105960264900625e-01 2.291484953301854699e-01 -8.664872322962157147e-01 -4.434984141522443912e-01 -3.483443492545915121e-01 3.524489145103777421e-01 -8.685827404472481472e-01 9.089263894454309156e-01 3.535245945165628179e-01 -2.210727926308270752e-01 2.625135218949123939e-01 -4.284816641534994197e-01 7.061775414286101116e-01
1.587992219644922018e+09 2.384105960264900625e-01 2.304671315060301817e-01 -8.659114193160395434e-01 -4.439395400203325903e-01 -3.466531830794359892e-01 3.532296565966295820e-01 -8.689421041482119357e-01 9.092395019774917042e-01 3.541556488307214812e-01 -2.187631240520518938e-01 2.614554031424605185e-01 -4.287947388889964406e-01 7.054672486000137521e-01
1.587992219649857998e+09 2.384105960264900625e-01 2.317205505857797276e-01 -8.653633831732139292e-01 -4.443554900068553692e-01 -3.450479084305139166e-01 3.539717534842005686e-01 -8.692789762918738949e-01 9.095314878133414771e-01 3.547537354254775011e-01 -2.165692957870979929e-01 2.604559255377251192e-01 -4.290911762645038818e-01 7.047828329596145247e-01
1.587992219654889107e+09 2.384105960264900625e-01 2.329119394208167271e-01 -8.648418455481736711e-01 -4.447478056877435248e-01 -3.435240960153648770e-01 3.546770787803970038e-01 -8.695949432032310522e-01 9.098039480745618857e-01 3.553206326356987965e-01 -2.144854869013441412e-01 2.595119414729400997e-01 -4.293717891660868702e-01 7.041235579100535436e-01
1.587992219660619974e+09 2.450331125827814593e-01 2.340443352412403255e-01 -8.643455801926307469e-01 -4.451179249849980257e-01 -3.420775504571313408e-01 3.553474190219648166e-01 -8.698914652229190470e-01 9.100583490165530254e-01 3.558580191535558046e-01 -2.125061683560568737e-01 2.586204673167551427e-01 -4.296373564826156954e-01 7.034886913796625230e-01
1.587992219665734053e+09 2.450331125827814593e-01 2.365284629600127586e-01 -8.632607314570398538e-01 -4.459094030563053312e-01 -3.387791865017624193e-01 3.568580854371465327e-01 -8.705635931115766057e-01 9.106497400224621286e-01 3.569778934085286459e-01 -2.080476738986311580e-01 2.574044634855248148e-01 -4.300224041874786129e-01 7.026832342001634313e-01
1.587992219669836044e+09 2.450331125827814593e-01 2.388919980505386509e-01 -8.622261789540148769e-01 -4.466504557187652158e-01 -3.356479480216515987e-01 3.582956809003234322e-01 -8.711857781420839775e-01 9.111921138027238021e-01 3.580366201585147845e-01 -2.038104765933079765e-01 2.562569717803812042e-01 -4.303871455336685248e-01 7.019044447468288928e-01
1.587992219675404072e+09 2.450331125827814593e-01 2.411405264515680824e-01 -8.612398292498970598e-01 -4.473446132639453121e-01 -3.326753279252813722e-01 3.596635753613324771e-01 -8.717621457416636632e-01 9.116898445702172893e-01 3.590376986778845980e-01 -1.997837787099378259e-01 2.551742990331271610e-01 -4.307325242157558076e-01 7.011517946104375287e-01
1.587992219679855108e+09 2.450331125827814593e-01 2.432794150361940189e-01 -8.602996481712208432e-01 -4.479951356612268953e-01 -3.298532466688449682e-01 3.609650010005965304e-01 -8.722964540307737158e-01 9.121468970958949152e-01 3.599844210644582154e-01 -1.959572777653779407e-01 2.541529431571295516e-01 -4.310594513246162607e-01 7.004247363970483864e-01
1.587992219684885025e+09 2.450331125827814593e-01 2.453138138443017313e-01 -8.594036628539528655e-01 -4.486050345352495250e-01 -3.271740327924367864e-01 3.622030558772018072e-01 -8.727921279317030212e-01 9.125668660451662362e-01 3.608798838760977068e-01 -1.923211491492224368e-01 2.531895836159546165e-01 -4.313688051906158227e-01 6.997227067196649664e-01
1.587992219690514088e+09 2.516556291390728561e-01 2.472486594951546768e-01 -8.585499631261628295e-01 -4.491770933539611654e-01 -3.246304039084667026e-01 3.633807077271807850e-01 -8.732522900685224521e-01 9.129530115159677495e-01 3.617269993624436797e-01 -1.888660284332994987e-01 2.522810723665444010e-01 -4.316614314022312882e-01 6.990451290881154467e-01
1.587992219696506023e+09 2.516556291390728561e-01 2.500230225934193529e-01 -8.573277105678113186e-01 -4.499752047233331886e-01 -3.209781421032032456e-01 3.650658636564200199e-01 -8.738992776543347274e-01 9.134886537145529006e-01 3.629271440459466147e-01 -1.839085850345936191e-01 2.510671780652626306e-01 -4.320694862923556978e-01 6.982030736371046542e-01
1.587992219701095104e+09 2.516556291390728561e-01 2.526625602409141025e-01 -8.561618648429685230e-01 -4.507199705372692544e-01 -3.175113693238573731e-01 3.666697836904165841e-01 -8.744940251817115984e-01 9.139738294954597997e-01 3.640606143446906695e-01 -1.791973997589554890e-01 2.499225145231357414e-01 -4.324558539401968660e-01 6.973885444100325071e-01
1.587992219704868078e+09 2.516556291390728561e-01 2.551735195655714938e-01 -8.550501094111206957e-01 -4.514153135512234405e-01 -3.142206162121007340e-01 3.681961810041981531e-01 -8.750411285426596963e-01 9.144134071960049459e-01 3.651313225265042095e-01 -1.747204568739430530e-01 2.488433271578508466e-01 -4.328215440780232570e-01 6.966010451149158289e-01
1.587992219710314035e+09 2.516556291390728561e-01 2.575619047279014695e-01 -8.539901889580270300e-01 -4.520648431324522099e-01 -3.110968892879746317e-01 3.696486214021193484e-01 -8.755447573772903169e-01 9.148117788421186170e-01 3.661429418395854563e-01 -1.704662882589191020e-01 2.478260556195009401e-01 -4.331675325233618201e-01 6.958400534008061245e-01
1.587992219714884043e+09 2.516556291390728561e-01 2.598334786655391304e-01 -8.529799124274510813e-01 -4.526718815652487904e-01 -3.081316497902883977e-01 3.710305265576107070e-01 -8.760086955960523225e-01 9.151729070301851676e-01 3.670989203983577309e-01 -1.664239552476754758e-01 2.468673241797663676e-01 -4.334947606920920293e-01 6.951050245288677987e-01
1.587992219719952106e+09 2.582781456953642252e-01 2.619937663536234806e-01 -8.520171552008439786e-01 -4.532394881685665178e-01 -3.053167928554864075e-01 3.723451775270516517e-01 -8.764363780519316416e-01 9.155003672267331138e-01 3.680024945782426893e-01 -1.625830298398560081e-01 2.459639325938775545e-01 -4.338041353702827285e-01 6.943953949187678942e-01
1.587992219725759029e+09 2.582781456953642252e-01 2.642644148494950884e-01 -8.510076153672345711e-01 -4.538175378180386854e-01 -3.024110478762661591e-01 3.736996483483676634e-01 -8.768672253806076844e-01 9.158121407617573206e-01 3.689642413720867209e-01 -1.585985858136443605e-01 2.447423432828954859e-01 -4.342379163317629520e-01 6.934897372279161809e-01
1.587992219731270075e+09 2.582781456953642252e-01 2.664231589528274768e-01 -8.500456529567910202e-01 -4.543578856615779760e-01 -2.996535781529514053e-01 3.749881362760864034e-01 -8.772637179048956568e-01 9.160930266483471307e-01 3.698733371594258856e-01 -1.548136976653560759e-01 2.435903187825835536e-01 -4.346484837913375254e-01 6.926159642191415111e-01
1.587992219734849930e+09 2.582781456953642252e-01 2.684753918718736365e-01 -8.491291988924660750e-01 -4.548632404882624880e-01 -2.970366949226094788e-01 3.762137347311054758e-01 -8.776288667022785761e-01 9.163460950037909392e-01 3.707328275023841213e-01 -1.512184009417864572e-01 2.425040694389682394e-01 -4.350369644469571639e-01 6.917732946518175829e-01
1.587992219739855051e+09 2.582781456953642252e-01 2.704262666087987044e-01 -8.482562542720517573e-01 -4.553360972033464460e-01 -2.945531149489356015e-01 3.773794049233788472e-01 -8.779654020595319963e-01 9.165741087342070825e-01 3.715455716705892142e-01 -1.478032184022696482e-01 2.414800035550608848e-01 -4.354044405101528681e-01 6.909609363771764823e-01
1.587992219745071888e+09 2.582781456953642252e-01 2.722807031580369297e-01 -8.474248905712975510e-01 -4.557787550204475124e-01 -2.921959394673353527e-01 3.784879800756157375e-01 -8.782758005871968976e-01 9.167795545530921242e-01 3.723142540630219877e-01 -1.445591386766304498e-01 2.405147175139579208e-01 -4.357519501188083511e-01 6.901780900028303689e-01
