1.592833324324183941e+09 0.000000000000000000e+00 1.141994035780614369e-01 -9.140309177963897858e-01 -3.892376877111265454e-01 -5.179954396159446306e-01 2.795432489271372778e-01 -8.084159180250872767e-01 8.477259113413363467e-01 2.939439628424947437e-01 -4.415401747847537139e-01 4.000006982825724533e-01 -3.999989849674794318e-01 8.999993347271170174e-01
1.592833324325391054e+09 1.324503311258278249e-01 1.141994035780614369e-01 -9.140309177963897858e-01 -3.892376877111265454e-01 -5.179954396159446306e-01 2.795432489271372778e-01 -8.084159180250872767e-01 8.477259113413363467e-01 2.939439628424947437e-01 -4.415401747847537139e-01 4.000006982825724533e-01 -3.999989849674794318e-01 8.999993347271170174e-01
1.592833324328996897e+09 1.390728476821191939e-01 1.126639890998265281e-01 -9.146117673348053145e-01 -3.883196371712584472e-01 -5.207083446081446354e-01 2.785018099200426978e-01 -8.070313263602013620e-01 8.462680694765457590e-01 2.931246440065456982e-01 -4.448688544509223908e-01 3.968786951889672343e-01 -4.004520542913944103e-01 8.924481464933037289e-01
1.592833324334371090e+09 1.390728476821191939e-01 1.122410704786583613e-01 -9.147738116073991232e-01 -3.880603248144230966e-01 -5.213683915110463030e-01 2.782408349003634984e-01 -8.066951333230745202e-01 8.459178106831591881e-01 2.928667126718557667e-01 -4.457041015940861328e-01 3.933514367382489607e-01 -4.008698190812406970e-01 8.849292461748433647e-01
1.592833324338893890e+09 1.390728476821191939e-01 1.118313266467762801e-01 -9.149304977444966402e-01 -3.878091523899738213e-01 -5.219955413019630175e-01 2.779928616786752626e-01 -8.063749895157782399e-01 8.455852465844544419e-01 2.926126332759895754e-01 -4.465013299039528594e-01 3.900753629891861030e-01 -4.012294509122301678e-01 8.777294344421855410e-01
1.592833324344054937e+09 1.456953642384105907e-01 1.114394397682790527e-01 -9.150802025356259417e-01 -3.875686702914596382e-01 -5.225946050858354397e-01 2.777562322473234868e-01 -8.060684550228663925e-01 8.452668986771643134e-01 2.923691132372381318e-01 -4.472629781521820780e-01 3.870316580913714111e-01 -4.015478054851421286e-01 8.708590760660160912e-01
1.592833324348957062e+09 1.456953642384105907e-01 1.119226803902919620e-01 -9.149039925434757636e-01 -3.878453274725118805e-01 -5.217188869324198564e-01 2.780779738876934526e-01 -8.065246700854921125e-01 8.457438835913916320e-01 2.926146354277630035e-01 -4.461994604447968582e-01 3.837108699346415408e-01 -4.019786743728310796e-01 8.643452052409869024e-01
1.592833324354042053e+09 1.456953642384105907e-01 1.123813623311069876e-01 -9.147365465174052135e-01 -3.881075622376040646e-01 -5.208917219071278470e-01 2.783823468535195356e-01 -8.069542013081995036e-01 8.461927933096757837e-01 2.928486288609492005e-01 -4.451937074185013943e-01 3.806231595952378477e-01 -4.023654152192017719e-01 8.581224551895556552e-01
1.592833324359635115e+09 1.456953642384105907e-01 1.128166650841474217e-01 -9.145774368584120850e-01 -3.883561665131485263e-01 -5.201101137469481550e-01 2.786704294818279637e-01 -8.073588181908649686e-01 8.466155382801735518e-01 2.930714993340543528e-01 -4.442423062031141123e-01 3.777538521633161395e-01 -4.027109347991542632e-01 8.521786400565212194e-01
1.592833324363779068e+09 1.523178807947019875e-01 1.132297316456471747e-01 -9.144262540041624421e-01 -3.885918859927073310e-01 -5.193712756643629191e-01 2.789432164893418387e-01 -8.077401562317875205e-01 8.470138758522360867e-01 2.932836646703915195e-01 -4.433420644956648227e-01 3.750891335089616141e-01 -4.030179921967596557e-01 8.465020588515332900e-01
1.592833324368886948e+09 1.523178807947019875e-01 1.142368321497028716e-01 -9.140519064524338377e-01 -3.891774126167546477e-01 -5.176271429288148429e-01 2.796003588338489276e-01 -8.086320425529373024e-01 8.479458043317112947e-01 2.938243551012303945e-01 -4.411974175645105301e-01 3.721471695472505781e-01 -4.034262392158871613e-01 8.411045697111153574e-01
1.592833324373960972e+09 1.523178807947019875e-01 1.151953264540069299e-01 -9.136951744669773445e-01 -3.897321707518056066e-01 -5.159736821475114921e-01 2.802243690921261132e-01 -8.094723357212763037e-01 8.488234186768726097e-01 2.943389731630517980e-01 -4.391621258522037108e-01 3.694092249504981607e-01 -4.037947607173936193e-01 8.359448045500463831e-01
1.592833324378819942e+09 1.523178807947019875e-01 1.161074005441971035e-01 -9.133552906781311487e-01 -3.902578436484471780e-01 -5.144059661964246466e-01 2.808169858951645725e-01 -8.102643533898538086e-01 8.496502653918213133e-01 2.948286509534332467e-01 -4.372304805209562550e-01 3.668625794695496434e-01 -4.041261619138744043e-01 8.310130898451518755e-01
1.592833324383771896e+09 1.589403973509933843e-01 1.169751664000293345e-01 -9.130315141420866087e-01 -3.907560167535416573e-01 -5.129193502267531679e-01 2.813798481420108355e-01 -8.110111720701165261e-01 8.504296270760154375e-01 2.952944890156056212e-01 -4.353970764122810921e-01 3.644952501367490494e-01 -4.044229107097903064e-01 8.263001122676374433e-01
1.592833324388742924e+09 1.589403973509933843e-01 1.182098970113966557e-01 -9.125662482014736954e-01 -3.914706411623241067e-01 -5.108176760837579433e-01 2.821853325460397799e-01 -8.120571038395451025e-01 8.515231776346100512e-01 2.959633097858027639e-01 -4.327978710803566664e-01 3.618952602421749987e-01 -4.048008925945607017e-01 8.218050426086688232e-01
1.592833324393796921e+09 1.589403973509933843e-01 1.193856876732745792e-01 -9.121226129652132419e-01 -3.921471617853314884e-01 -5.088233972217832690e-01 2.829509251131634429e-01 -8.130421418458505523e-01 8.525525250789318665e-01 2.965992462821115949e-01 -4.303290358393452308e-01 3.594718301626990131e-01 -4.051441911562769782e-01 8.175064087717607286e-01
1.592833324398986101e+09 1.589403973509933843e-01 1.205051531660389363e-01 -9.116996913296179228e-01 -3.927877046063292799e-01 -5.069308923648404575e-01 2.836786173786719489e-01 -8.139702159221255950e-01 8.535218675737697991e-01 2.972038271483133376e-01 -4.279840028573258515e-01 3.572140892842648463e-01 -4.054550539485513028e-01 8.133963115028898239e-01
1.592833324403999090e+09 1.589403973509933843e-01 1.215708182222510481e-01 -9.112965957088794422e-01 -3.933942689035769269e-01 -5.051348411658489468e-01 2.843702989306238216e-01 -8.148449701179116822e-01 8.544350931446608177e-01 2.977785212796837944e-01 -4.257565312092815302e-01 3.551117912719224945e-01 -4.057356083075610576e-01 8.094671369999091315e-01
1.592833324410062075e+09 1.655629139072847811e-01 1.225851174429644919e-01 -9.109124680261022622e-01 -3.939687355312470052e-01 -5.034302090832785126e-01 2.850277626481124149e-01 -8.156697855763554994e-01 8.552958047154569643e-01 2.983247393603256636e-01 -4.236406924762217696e-01 3.531552803541965768e-01 -4.059878669959050002e-01 8.057115471364132420e-01
1.592833324413774967e+09 1.655629139072847811e-01 1.235824320949144017e-01 -9.105314694221892102e-01 -3.945374832248194075e-01 -5.017648692875278371e-01 2.856771629679630276e-01 -8.164683548720340633e-01 8.561304797905374686e-01 2.988661937229514787e-01 -4.215680251432493697e-01 3.509928769164445406e-01 -4.063054626723873186e-01 8.021119478131368830e-01
1.592833324418889999e+09 1.655629139072847811e-01 1.245315191625222251e-01 -9.101684938693176408e-01 -3.950762122714198687e-01 -5.001846501301945302e-01 2.862942492207362077e-01 -8.172214624184006571e-01 8.569172751842553115e-01 2.993808872169241297e-01 -4.195996518825987898e-01 3.489722736898587807e-01 -4.065958021043409309e-01 7.986708566584136415e-01
1.592833324428967953e+09 1.655629139072847811e-01 1.254345905676512718e-01 -9.098227458978227489e-01 -3.955865702170276443e-01 -4.986850883920032063e-01 2.868806445309224906e-01 -8.179319521873334997e-01 8.576592249282845026e-01 2.998700832701857721e-01 -4.177302802705905593e-01 3.470848906907141318e-01 -4.068606230722168204e-01 7.953817670204010870e-01
1.592833324434000015e+09 1.721854304635761501e-01 1.262937738684455358e-01 -9.094934587635638001e-01 -3.960701088801775738e-01 -4.972619635202203958e-01 2.874378876313714026e-01 -8.186024678621671713e-01 8.583591452987968662e-01 3.003349949977603961e-01 -4.159548875318261896e-01 3.453226375382615343e-01 -4.071015705938871299e-01 7.922384158202908644e-01
1.592833324442682981e+09 1.721854304635761501e-01 1.278316923173161979e-01 -9.088935444573674749e-01 -3.969528728741164025e-01 -4.947393706613555375e-01 2.884480590365721686e-01 -8.197747692846127920e-01 8.595882814213423595e-01 3.011814105846468692e-01 -4.127926166507164818e-01 3.432831846822220756e-01 -4.074413280048739261e-01 7.892143910370523763e-01
1.592833324447921991e+09 1.721854304635761501e-01 1.292969639809310733e-01 -9.083212404377409843e-01 -3.977874046208069725e-01 -4.923436309926109700e-01 2.894089300822815236e-01 -8.208777133103570822e-01 8.607438899732752224e-01 3.019850912847732993e-01 -4.097864816162212764e-01 3.413753412732877246e-01 -4.077542481145525755e-01 7.863200645557855140e-01
1.592833324452986002e+09 1.721854304635761501e-01 1.306927686909957198e-01 -9.077754039885856940e-01 -3.985764871705829160e-01 -4.900683450955905518e-01 2.903228498269656566e-01 -8.219158472761176615e-01 8.618308519350829089e-01 3.027481771732228877e-01 -4.069288928930210880e-01 3.395912498836087812e-01 -4.080419895598443314e-01 7.835503454380690069e-01
1.592833324459795952e+09 1.721854304635761501e-01 1.320221763744060528e-01 -9.072549264949136827e-01 -3.993227307530516357e-01 -4.879074320707705303e-01 2.911920612345151316e-01 -8.228933838621510510e-01 8.628536855547827011e-01 3.034727035907897053e-01 -4.042126117525590145e-01 3.379234952680507109e-01 -4.083061222678460167e-01 7.809003179716488274e-01
1.592833324464812040e+09 1.788079470198675469e-01 1.332881475217045919e-01 -9.067587337957245808e-01 -4.000285844979164507e-01 -4.858551154035831154e-01 2.920187051464956940e-01 -8.238142282582493481e-01 8.638165757650192456e-01 3.041606064725320135e-01 -4.016307370008654343e-01 3.363650808279195492e-01 -4.085481319426462754e-01 7.783652365765766357e-01
1.592833324470165968e+09 1.788079470198675469e-01 1.347080735796749029e-01 -9.061949055000545483e-01 -4.008297994887605187e-01 -4.835870748445795786e-01 2.929486031872558516e-01 -8.248179538139908118e-01 8.648683575872780915e-01 3.049457478575209879e-01 -3.987616015966197192e-01 3.345633982602604917e-01 -4.088700654184057037e-01 7.759065402013001211e-01
1.592833324476440907e+09 1.788079470198675469e-01 1.360604783881067537e-01 -9.056572821811310625e-01 -4.015873920494595906e-01 -4.814332353526027397e-01 2.938329029984772522e-01 -8.257628382371133835e-01 8.658577170174813764e-01 3.056912042368477578e-01 -3.960344701329681638e-01 3.328743339666643819e-01 -4.091686091695885263e-01 7.735528484283984429e-01
1.592833324481053114e+09 1.788079470198675469e-01 1.373483681026985703e-01 -9.051447545719989440e-01 -4.023038640758018758e-01 -4.793878172428188145e-01 2.946737935629740734e-01 -8.266526937392579821e-01 8.667887553831620240e-01 3.063989697404372881e-01 -3.934424035145516751e-01 3.312912886218142838e-01 -4.094451580637772370e-01 7.713000393231373986e-01
1.592833324485954046e+09 1.788079470198675469e-01 1.385746395613907667e-01 -9.046562489423347619e-01 -4.029815634988966888e-01 -4.774453321104828452e-01 2.954733631956671935e-01 -8.274910552312647605e-01 8.676652719317173856e-01 3.070709411380798670e-01 -3.909787884172651884e-01 3.298080305617605013e-01 -4.097010340215734847e-01 7.691441334234978555e-01
1.592833324490700960e+09 1.854304635761589437e-01 1.397420813049169430e-01 -9.041907271925490042e-01 -4.036226945695440826e-01 -4.756005690972753275e-01 2.962336036458603217e-01 -8.282812026995030052e-01 8.684907883143708762e-01 3.077089224088191965e-01 -3.886373240993273304e-01 3.284186762544434313e-01 -4.099374896344221142e-01 7.670812895915931628e-01
1.592833324495349884e+09 1.854304635761589437e-01 1.401056777264262643e-01 -9.040386426205845316e-01 -4.038372589516101008e-01 -4.750982450890083864e-01 2.964592852555846814e-01 -8.284887142858931020e-01 8.687071178378608094e-01 3.079383458331860224e-01 -3.879715435226633313e-01 3.267847935701221340e-01 -4.102472546858463298e-01 7.650306395977843898e-01
1.592833324499552011e+09 1.854304635761589437e-01 1.404507569251423615e-01 -9.038942053002612109e-01 -4.040406545185319942e-01 -4.746224358642873176e-01 2.966732919451826600e-01 -8.286848020934490799e-01 8.689114616883616415e-01 3.081561673421732706e-01 -3.873404810700495360e-01 3.252460187545020975e-01 -4.105374858751073552e-01 7.630708455751052943e-01
1.592833324505038023e+09 1.854304635761589437e-01 1.407782748432548914e-01 -9.037570319694869792e-01 -4.042334777054725214e-01 -4.741716636466109525e-01 2.968762461427927879e-01 -8.288701513933104392e-01 8.691045453377643781e-01 3.083629706074768051e-01 -3.867422496073711913e-01 3.237969981687516263e-01 -4.108092718357210793e-01 7.611980567583289670e-01
1.592833324511670113e+09 1.854304635761589437e-01 1.410891391729668931e-01 -9.036267580305658020e-01 -4.044162916829640020e-01 -4.737445406351374899e-01 2.970687343887657983e-01 -8.290454012097644432e-01 8.692870440917853658e-01 3.085593123207041599e-01 -3.861750713786953337e-01 3.224326714179280295e-01 -4.110636483929537288e-01 7.594085758726134561e-01
1.592833324516412973e+09 1.920529801324503405e-01 1.413842112372197535e-01 -9.035030367824556929e-01 -4.045896283120839487e-01 -4.733397628679267277e-01 2.972513097872803156e-01 -8.292111478494974541e-01 8.694595871580024227e-01 3.087457228118752894e-01 -3.856372712075540887e-01 3.211482556574793978e-01 -4.113016005478881687e-01 7.576988534391817520e-01
1.592833324520009041e+09 1.920529801324503405e-01 1.427278588520820013e-01 -9.029564847453372955e-01 -4.053373224412519793e-01 -4.712964730799511504e-01 2.981189242196062850e-01 -8.300630948816741794e-01 8.703495807834338294e-01 3.095071787188269918e-01 -3.830103308679977392e-01 3.194942488066211395e-01 -4.116659918488227432e-01 7.559677237760490387e-01
1.592833324524282932e+09 1.920529801324503405e-01 1.440071452657855910e-01 -9.024355435465573061e-01 -4.060443717824801513e-01 -4.693562925827703403e-01 2.989438378404222774e-01 -8.308653636000217224e-01 8.711868988485512721e-01 3.102300300761830498e-01 -3.805137523317321246e-01 3.179361770425569444e-01 -4.120085031600653203e-01 7.543091500472565158e-01
1.592833324529246092e+09 1.920529801324503405e-01 1.452249826423264722e-01 -9.019391098988358557e-01 -4.067131009095127370e-01 -4.675139848100391404e-01 2.997281108391126603e-01 -8.316211478671372559e-01 8.719749872694594339e-01 3.109162292446503439e-01 -3.781411376307970973e-01 3.164686836079436683e-01 -4.123303129232512854e-01 7.527203212074263794e-01
1.592833324534456968e+09 1.920529801324503405e-01 1.463841727853523456e-01 -9.014661176100461359e-01 -4.073456919607946203e-01 -4.657645795190458737e-01 3.004737076322243072e-01 -8.323334112524807260e-01 8.727170391503735747e-01 3.115676328228191849e-01 -3.758863920838189654e-01 3.150867013397404270e-01 -4.126325422537845400e-01 7.511985227532615994e-01
1.592833324539989948e+09 1.986754966887417095e-01 1.474874085753527797e-01 -9.010155375126690513e-01 -4.079441940663980359e-01 -4.641033597389843668e-01 3.011825009585354929e-01 -8.330049055049727480e-01 8.734160153046849340e-01 3.121860058957126594e-01 -3.737437115620382833e-01 3.137854375027685494e-01 -4.129162575973244209e-01 7.497411338580051154e-01
1.592833324544810057e+09 1.986754966887417095e-01 1.502256070877822647e-01 -8.998975712116534798e-01 -4.094100979488344283e-01 -4.598739991982854214e-01 3.029776629822915623e-01 -8.346978139393707030e-01 8.751846501376052689e-01 3.136700448897790094e-01 -3.683244915863747027e-01 3.121342690728495239e-01 -4.133205755064051634e-01 7.482659668397756425e-01
1.592833324549221992e+09 1.986754966887417095e-01 1.528414482629980586e-01 -8.988282509637391948e-01 -4.107885915678946009e-01 -4.558531148849868098e-01 3.046866515581980184e-01 -8.362798467091669963e-01 8.768337523969547131e-01 3.150774819496284795e-01 -3.631649088578866591e-01 3.105741870841337571e-01 -4.137017747297572767e-01 7.468461197858874412e-01
1.592833324554227114e+09 1.986754966887417095e-01 1.553366137211766029e-01 -8.978063212696191231e-01 -4.120853624262227899e-01 -4.520313782260571567e-01 3.063143446023919303e-01 -8.377584111125703226e-01 8.783724549054855446e-01 3.164100690229696422e-01 -3.582547957588150811e-01 3.091064008920361705e-01 -4.140602024631023781e-01 7.454797836726697602e-01
1.592833324559221983e+09 1.986754966887417095e-01 1.577160931504198449e-01 -8.968300141707857831e-01 -4.133056491796314180e-01 -4.483991526775313319e-01 3.078643446483395607e-01 -8.391410758462016783e-01 8.798089757665807920e-01 3.176719549734868808e-01 -3.535826567917083052e-01 3.077257451807466904e-01 -4.143970709061982616e-01 7.441653022438858844e-01
1.592833324564318895e+09 2.052980132450331063e-01 1.599847332664280919e-01 -8.958975928823794677e-01 -4.144543258179699263e-01 -4.449472296486827738e-01 3.093401254071261874e-01 -8.404347979713036043e-01 8.811508656011365348e-01 3.188670410698816182e-01 -3.491374545500756654e-01 3.064273302479852967e-01 -4.147135308394211961e-01 7.429010494030783285e-01
1.592833324569221973e+09 2.052980132450331063e-01 1.622663817732675207e-01 -8.949540414965250212e-01 -4.156042407811166850e-01 -4.415534481277642587e-01 3.108066064765955816e-01 -8.416827227744336781e-01 8.824398981192395075e-01 3.200882955991031786e-01 -3.447365794744837730e-01 3.048330611678732871e-01 -4.151261303274451642e-01 7.415874325272187040e-01
1.592833324574300051e+09 2.052980132450331063e-01 1.644411532972719636e-01 -8.940531105924947042e-01 -4.166871038826942542e-01 -4.383293191453508930e-01 3.122024514644247128e-01 -8.428505426688509550e-01 8.836438847634471294e-01 3.212454898352468668e-01 -3.405507600647457722e-01 3.033305937901631388e-01 -4.155154376374558534e-01 7.403230381432194251e-01
1.592833324579236984e+09 2.052980132450331063e-01 1.665136154938773871e-01 -8.931931327295885570e-01 -4.177071264652551519e-01 -4.352664453837826186e-01 3.135308924308389811e-01 -8.439440153318750193e-01 8.847690870380383599e-01 3.223420654153366094e-01 -3.365698374567323015e-01 3.019148727406465449e-01 -4.158826339224039881e-01 7.391063446170657025e-01
1.592833324584314108e+09 2.052980132450331063e-01 1.684881925309037187e-01 -8.923724780841396642e-01 -4.186682330146873632e-01 -4.323568268885313315e-01 3.147950320163673266e-01 -8.449684384997435682e-01 8.858212591829965898e-01 3.233812736937403676e-01 -3.327840870649684257e-01 3.005811104687402535e-01 -4.162288450321837141e-01 7.379358588460513957e-01
1.592833324589263916e+09 2.119205298013245031e-01 1.703691634668564325e-01 -8.915895567866900517e-01 -4.195740820981646024e-01 -4.295928456707643339e-01 3.159978463296334583e-01 -8.459286897035285246e-01 8.868056918446670656e-01 3.243661871156534593e-01 -3.291842061338217662e-01 2.993247736054773789e-01 -4.165551445070523329e-01 7.368101165867778635e-01
1.592833324594310045e+09 2.119205298013245031e-01 1.727990361250553164e-01 -8.905750868592270386e-01 -4.207332976838561445e-01 -4.260507913872539909e-01 3.175460525377153953e-01 -8.471394381540794383e-01 8.880434765666298524e-01 3.256386328177218736e-01 -3.245585687423127585e-01 2.977591109100102829e-01 -4.169836271976719577e-01 7.356189662006062946e-01
1.592833324599258900e+09 2.119205298013245031e-01 1.751149005892129185e-01 -8.896063637313580408e-01 -4.218237655707663958e-01 -4.226861016996461551e-01 3.190197751999591658e-01 -8.482705007610036319e-01 8.891969585089606332e-01 3.268438474868977650e-01 -3.201591297126712976e-01 2.962829048183491798e-01 -4.173885813456890137e-01 7.344707803771608479e-01
1.592833324604526043e+09 2.119205298013245031e-01 1.773216303662157045e-01 -8.886816119677106718e-01 -4.228498929345239077e-01 -4.194899762322565340e-01 3.204224107883344996e-01 -8.493277568202115546e-01 8.902725421155748275e-01 3.279854740915564282e-01 -3.159752039955176506e-01 2.948912644302769115e-01 -4.177711627994917798e-01 7.333643504675431135e-01
1.592833324609633923e+09 2.119205298013245031e-01 1.794239486378220172e-01 -8.877990936320294679e-01 -4.238157807365827701e-01 -4.164540322755250212e-01 3.217572209994866150e-01 -8.503166055864976869e-01 8.912760995654870344e-01 3.290669537963885616e-01 -3.119965612991547066e-01 2.935795562722845475e-01 -4.181324759509418287e-01 7.322984817488144005e-01
1.592833324614445925e+09 2.185430463576158999e-01 1.814264257298740801e-01 -8.869571112309788674e-01 -4.247252463460108873e-01 -4.135702885232080406e-01 3.230273356579789201e-01 -8.512420084021571354e-01 8.922130174446641915e-01 3.300915376899331011e-01 -3.082134134780356582e-01 2.923433912320899664e-01 -4.184735764465153940e-01 7.312719942176104659e-01
1.592833324619448900e+09 2.185430463576158999e-01 1.838343574331003927e-01 -8.859424875108570241e-01 -4.258061035849930454e-01 -4.101462110435776243e-01 3.245413740465088459e-01 -8.523221117034340821e-01 8.933000697379106514e-01 3.313288477556380340e-01 -3.037040994968046581e-01 2.907897591730325138e-01 -4.189205182867948851e-01 7.301537811017645430e-01
1.592833324624779940e+09 2.185430463576158999e-01 1.861284327168409858e-01 -8.849739117587623882e-01 -4.268224244820867375e-01 -4.068942932873760299e-01 3.259823692360629410e-01 -8.533302578939820915e-01 8.943116015263019580e-01 3.325006322605078002e-01 -2.994162469236154589e-01 2.893241499800206507e-01 -4.193434647274841276e-01 7.290751037842492233e-01
1.592833324629235029e+09 2.185430463576158999e-01 1.883135954282254554e-01 -8.840495717680975085e-01 -4.277783823822068343e-01 -4.038059184884227881e-01 3.273536740595685557e-01 -8.542718257518636671e-01 8.952534668855607336e-01 3.336104415877067519e-01 -2.953393019783167039e-01 2.879417805622569437e-01 -4.197435616924221069e-01 7.280349125430712887e-01
1.592833324634269953e+09 2.185430463576158999e-01 1.903946316855843479e-01 -8.831676954564443571e-01 -4.286778579859980010e-01 -4.008728871006961292e-01 3.286585052722778011e-01 -8.551517498665044403e-01 8.961310242441464791e-01 3.346616330181053645e-01 -2.914631688100432494e-01 2.866381186106825019e-01 -4.201219078918815297e-01 7.270321642249056859e-01
1.592833324639578104e+09 2.251655629139072967e-01 1.923761673007043926e-01 -8.823265538375409944e-01 -4.295244610588085932e-01 -3.980873994878796340e-01 3.298999470428869429e-01 -8.559745599666367388e-01 8.969491806248937049e-01 3.356573808726227015e-01 -2.877781959114733001e-01 2.854088698439676275e-01 -4.204795568685054108e-01 7.260658232332628526e-01
1.592833324645962000e+09 2.251655629139072967e-01 1.948802406199437176e-01 -8.812610340429638534e-01 -4.305817944286998156e-01 -3.945886981871960519e-01 3.314643078335420268e-01 -8.569895984755970808e-01 8.979540361727023079e-01 3.369130488864408579e-01 -2.831398001185916335e-01 2.838918189103057377e-01 -4.209376689030104313e-01 7.250012926833346860e-01
1.592833324650383949e+09 2.251655629139072967e-01 1.986775063575577926e-01 -8.799388766714033583e-01 -4.315493271803483299e-01 -3.921113623437966766e-01 3.321823021452048330e-01 -8.578482369640937355e-01 8.982070629807106243e-01 3.396505431524886598e-01 -2.790368802645720181e-01 2.830733646925444047e-01 -4.219544461498052623e-01 7.232679319795684014e-01
1.592833324654449940e+09 9.230769230769231282e-02 2.022879312512561034e-01 -8.786736222358060289e-01 -4.324491397344836785e-01 -3.897594872317440839e-01 3.328662297582110630e-01 -8.586545377504283261e-01 8.984248076399797833e-01 3.422466050577588348e-01 -2.751365594454931451e-01 2.823137283677504827e-01 -4.229167922360085874e-01 7.216091282514981442e-01
1.592833324659413099e+09 9.230769230769231282e-02 2.053483791051342877e-01 -8.772315231923453194e-01 -4.339319046999560170e-01 -3.870076230443268983e-01 3.344586950803832837e-01 -8.592802109851637171e-01 8.989199869312475277e-01 3.443867535239485966e-01 -2.708147357378488662e-01 2.813001918739485574e-01 -4.234171066015306462e-01 7.197767831127559468e-01
1.592833324664269924e+09 9.230769230769231282e-02 2.082629588596437153e-01 -8.758535116820720390e-01 -4.353242079659808139e-01 -3.843974644026463272e-01 3.359723988896990976e-01 -8.598611146837128461e-01 8.993692952996796830e-01 3.464147416875947849e-01 -2.667052631908009563e-01 2.803549684128187613e-01 -4.238865691315657491e-01 7.180233453387986353e-01
1.592833324669503927e+09 1.000000000000000056e-01 2.110382346575899459e-01 -8.745372509093178870e-01 -4.366319505997935946e-01 -3.819215306613220062e-01 3.374110025635667087e-01 -8.604009296638174265e-01 8.997770879111786080e-01 3.483366362027131569e-01 -2.627979831525685817e-01 2.794738525983244126e-01 -4.243268461616582221e-01 7.163457354477508199e-01
1.592833324675561905e+09 1.000000000000000056e-01 2.143872560757477674e-01 -8.729538720073402036e-01 -4.381662261969807570e-01 -3.787478881367643546e-01 3.392002975907263407e-01 -8.610999914912922382e-01 9.003266860780327896e-01 3.505633972076301341e-01 -2.579092144030384892e-01 2.783688069651121255e-01 -4.249044025650642875e-01 7.145431594602433822e-01
1.592833324680550098e+09 1.000000000000000056e-01 2.176199173197125303e-01 -8.714325666529292302e-01 -4.395985138310291029e-01 -3.757139264681796931e-01 3.408934791959702948e-01 -8.617602226254872377e-01 9.008221894711656574e-01 3.526994720982080112e-01 -2.532241405119595168e-01 2.772682286593223244e-01 -4.254520519562455805e-01 7.128172338886180626e-01
1.592833324684487104e+09 1.000000000000000056e-01 2.206978453405968876e-01 -8.699787911604318635e-01 -4.409414518879481992e-01 -3.728361547208087767e-01 3.425038938714211056e-01 -8.623713146991354161e-01 9.012689181343261913e-01 3.547224064165501733e-01 -2.487696757867258746e-01 2.762395235482232314e-01 -4.259672669557473257e-01 7.111636335711235546e-01
1.592833324690346956e+09 1.000000000000000056e-01 2.236280253146277208e-01 -8.685900911190358453e-01 -4.422010401431745175e-01 -3.701063505333964665e-01 3.440353216018477989e-01 -8.629374176527309093e-01 9.016716672873396066e-01 3.566384038492467212e-01 -2.445347691252324762e-01 2.752783603356979136e-01 -4.264517372405257079e-01 7.095796709494560650e-01
1.592833324694472075e+09 1.076923076923076983e-01 2.264171899248302033e-01 -8.672640370583568625e-01 -4.433828437499409136e-01 -3.675167324025267468e-01 3.454913981008140289e-01 -8.634623009966990725e-01 9.020347595911769600e-01 3.584533217360190149e-01 -2.405088535287241147e-01 2.743806544394759017e-01 -4.269070798137761802e-01 7.080627379432966606e-01
1.592833324699232101e+09 1.076923076923076983e-01 2.292838035399343277e-01 -8.659069241361143643e-01 -4.445606102292401496e-01 -3.648827168577186142e-01 3.469593518387374398e-01 -8.639906313787049097e-01 9.023799312777245341e-01 3.603115414537492178e-01 -2.364023111613598460e-01 2.731655380394787946e-01 -4.275272809805769070e-01 7.063553042006315286e-01
1.592833324704560041e+09 1.076923076923076983e-01 2.320112755111233549e-01 -8.646113494358957929e-01 -4.456657743896666468e-01 -3.623848746571513013e-01 3.483551619405363398e-01 -8.644801234089209974e-01 9.026892990699636465e-01 3.620716718772987175e-01 -2.324997500397696648e-01 2.720265065332136412e-01 -4.281122489071045867e-01 7.047192075965770242e-01
1.592833324709261894e+09 1.076923076923076983e-01 2.346061076770941112e-01 -8.633749235236596320e-01 -4.467031628174560343e-01 -3.600159538957590222e-01 3.496821821730564106e-01 -8.649340347166459830e-01 9.029664928341085695e-01 3.637390725522959278e-01 -2.287911709783950476e-01 2.709590860834079629e-01 -4.286637830841598107e-01 7.031517954085302335e-01
1.592833324714485884e+09 1.076923076923076983e-01 2.370745390573869849e-01 -8.621953025915947144e-01 -4.476772532971893259e-01 -3.577691030851727905e-01 3.509436302712091171e-01 -8.653553242741941487e-01 9.032147761237956374e-01 3.653188040069295095e-01 -2.252670407107711381e-01 2.699590539387711208e-01 -4.291836070677019777e-01 7.016504911456571403e-01
1.592833324719285011e+09 1.153846153846153910e-01 2.394225492020868040e-01 -8.610701942573029122e-01 -4.485922017771428738e-01 -3.556378488237765811e-01 3.521425913109157424e-01 -8.657466811191538714e-01 9.034370832645571836e-01 3.668156429959386622e-01 -2.219182746776506010e-01 2.690224247874289931e-01 -4.296733699544673657e-01 7.002127936262940722e-01
1.592833324724704981e+09 1.153846153846153910e-01 2.421456705498247486e-01 -8.597757845199807125e-01 -4.496121379445039423e-01 -3.531023501069410764e-01 3.535336573459240128e-01 -8.662174573815575318e-01 9.037058174997716353e-01 3.685099096044318068e-01 -2.179822055590834029e-01 2.677504504123436324e-01 -4.303510545740080739e-01 6.985404896123121876e-01
1.592833324729450941e+09 1.153846153846153910e-01 2.447354682618909372e-01 -8.585407206811096481e-01 -4.505689531103910794e-01 -3.506980861100496005e-01 3.548564960469595686e-01 -8.666531714659689856e-01 9.039443583392624548e-01 3.701144392557995100e-01 -2.142426168645813200e-01 2.665565341154230161e-01 -4.309910994100549786e-01 6.969377243295360458e-01
1.592833324734431982e+09 1.153846153846153910e-01 2.471982975068816590e-01 -8.573626186625272760e-01 -4.514668778878835886e-01 -3.484180412239553104e-01 3.561142862841539247e-01 -8.670567937880365728e-01 9.041558882512245043e-01 3.716341685373691917e-01 -2.106897589257176739e-01 2.654361433672073334e-01 -4.315954106650228272e-01 6.954019294370602511e-01
1.592833324739511967e+09 1.153846153846153910e-01 2.495402405277669378e-01 -8.562391508443140120e-01 -4.523098328786939182e-01 -3.462555916444746140e-01 3.573100761008254356e-01 -8.674310201807154952e-01 9.043432609425907653e-01 3.730737542071676516e-01 -2.073143514315658742e-01 2.643849978657706323e-01 -4.321658137326160332e-01 6.939306072804257708e-01
1.592833324745953083e+09 1.230769230769230838e-01 2.517671126805123838e-01 -8.551680501938991874e-01 -4.531014532089730484e-01 -3.442044828930662659e-01 3.584467862476501399e-01 -8.677782985216029310e-01 9.045090352941945744e-01 3.744375880654833844e-01 -2.041075640804832225e-01 2.633990559398470821e-01 -4.327040546965130186e-01 6.925213307699977783e-01
1.592833324753717899e+09 1.230769230769230838e-01 2.553981798843128481e-01 -8.533917881065227196e-01 -4.544163572145394348e-01 -3.404812304767358966e-01 3.605071933941974560e-01 -8.683933988717823516e-01 9.049001610149197683e-01 3.765063339485676397e-01 -1.984910050651707281e-01 2.623209913732638121e-01 -4.334133976519743969e-01 6.909220984671410326e-01
1.592833324760488987e+09 1.230769230769230838e-01 2.589994618541412441e-01 -8.516704826038801190e-01 -4.556058250511501595e-01 -3.368362552578200164e-01 3.624459641369942031e-01 -8.690076295549387098e-01 9.052406397766031843e-01 3.785370683857509633e-01 -1.930001864112244336e-01 2.611211687677774673e-01 -4.340882584535551425e-01 6.893898856033513489e-01
1.592833324764880896e+09 1.230769230769230838e-01 2.624356014194667575e-01 -8.500244417984199607e-01 -4.567121669639286896e-01 -3.333713531343490133e-01 3.642904094790377356e-01 -8.695723307873637342e-01 9.055335973982278075e-01 3.804614907015949621e-01 -1.877710256566338942e-01 2.599842372596213869e-01 -4.347257742606820408e-01 6.879182815727520328e-01
1.592833324769782066e+09 1.230769230769230838e-01 2.657042617164842579e-01 -8.484524826137207487e-01 -4.577440661027862845e-01 -3.300850171165407021e-01 3.660462591163996526e-01 -8.700885113952847583e-01 9.057842606166607302e-01 3.822806834428121303e-01 -1.828014012135176503e-01 2.589192129709328438e-01 -4.353275009957764397e-01 6.865050437077320211e-01
1.592833324774136066e+09 1.307692307692307765e-01 2.688132726173790843e-01 -8.469517846537758521e-01 -4.587069859251315940e-01 -3.269678477630144076e-01 3.677174686671868531e-01 -8.705606755225157034e-01 9.059974895075355583e-01 3.840007001410032927e-01 -1.780786660362841112e-01 2.579218700864180924e-01 -4.358952340861361741e-01 6.851482603572858210e-01
1.592833324778423071e+09 1.307692307692307765e-01 2.726541959686150096e-01 -8.450303250346993256e-01 -4.599819987700151103e-01 -3.229913017402222808e-01 3.699557632399185780e-01 -8.710966377192176369e-01 9.062760663400886152e-01 3.860783379280937067e-01 -1.720674535227854074e-01 2.569215649790457245e-01 -4.366291207845973132e-01 6.836040344743103958e-01
1.592833324784447908e+09 1.307692307692307765e-01 2.764741777349796759e-01 -8.431686217168981035e-01 -4.611168012529939242e-01 -3.190749183195283334e-01 3.720640502791883186e-01 -8.716418639494272202e-01 9.065060537829592313e-01 3.881172733103641637e-01 -1.661678567382237626e-01 2.557893941733512810e-01 -4.373251086417491718e-01 6.821239887896461962e-01
1.592833324789248943e+09 1.307692307692307765e-01 2.801638834727557814e-01 -8.413816031419809605e-01 -4.621527845763718778e-01 -3.153099022761734482e-01 3.740642213103987923e-01 -8.721557337207818117e-01 9.066906109164547534e-01 3.900678866936821976e-01 -1.604966661531344596e-01 2.546647936986140559e-01 -4.379831285854742795e-01 6.807021973217529665e-01
1.592833324794883013e+09 1.307692307692307765e-01 2.836730033097653592e-01 -8.396749457626522251e-01 -4.631151181420285479e-01 -3.117393805192352207e-01 3.759687814285625485e-01 -8.726202117901037392e-01 9.068341556352524924e-01 3.919100162659905906e-01 -1.551075540510185313e-01 2.536119101421075439e-01 -4.386042671608973986e-01 6.793353851804334598e-01
1.592833324799536943e+09 1.384615384615384692e-01 2.870100376780239659e-01 -8.380455987758375080e-01 -4.640094962869910633e-01 -3.083530838374403671e-01 3.777819579429529395e-01 -8.730401868990506076e-01 9.069419021966067529e-01 3.936500560462766196e-01 -1.499867307956391227e-01 2.526265221149766038e-01 -4.391903658222309215e-01 6.780218840474947495e-01
1.592833324806822062e+09 1.384615384615384692e-01 2.904348830432917361e-01 -8.363754893534188772e-01 -4.648909759507692252e-01 -3.049139224948209659e-01 3.796169701275634023e-01 -8.734520340923084269e-01 9.070143761707702978e-01 3.954326703751193661e-01 -1.447685208170287341e-01 2.513792775796654944e-01 -4.399585965537291532e-01 6.764827334804036640e-01
1.592833324811425924e+09 1.384615384615384692e-01 2.936906855613791167e-01 -8.347814418270649295e-01 -4.657099157153665736e-01 -3.016531537029945587e-01 3.813637958486255086e-01 -8.738232258740696867e-01 9.070563136186885478e-01 3.971166070527074599e-01 -1.398114599287944571e-01 2.502100471870504772e-01 -4.406845265452998817e-01 6.750040626379454345e-01
1.592833324816231966e+09 1.384615384615384692e-01 2.967855888327003977e-01 -8.332604512288492860e-01 -4.664711509612592399e-01 -2.985612400030375757e-01 3.830263984657513721e-01 -8.741578599121581084e-01 9.070719377365147329e-01 3.987076604434007798e-01 -1.351025583572493249e-01 2.491142770399278339e-01 -4.413702783691449416e-01 6.735839410194032206e-01
1.592833324821250916e+09 1.384615384615384692e-01 2.997273812247032154e-01 -8.318095769065427803e-01 -4.671791141636575384e-01 -2.956291717902629901e-01 3.846085940352008126e-01 -8.744596172384803134e-01 9.070649864980924182e-01 4.002112656595566698e-01 -1.306294496214045198e-01 2.480876646507106098e-01 -4.420178864133283980e-01 6.722204612387583378e-01
1.592833324827686071e+09 1.461538461538461620e-01 3.025235040643407536e-01 -8.304259489044444331e-01 -4.678378702871175410e-01 -2.928484383738907404e-01 3.861140530153422401e-01 -8.747318047299063037e-01 9.070387652303545378e-01 4.016325204091651946e-01 -1.263803660351369984e-01 2.471261457728689548e-01 -4.426292979802207150e-01 6.709117428920905457e-01
1.592833324832509995e+09 1.461538461538461620e-01 3.049717048093195104e-01 -8.292170587389752212e-01 -4.683922808522578141e-01 -2.904908991956496322e-01 3.873896825693423085e-01 -8.749538681115291983e-01 9.069770100450176287e-01 4.028998676285552860e-01 -1.227371171027433067e-01 2.459071184048174930e-01 -4.434367856079121095e-01 6.693356245575270425e-01
1.592833324837634087e+09 1.461538461538461620e-01 3.072976946465088011e-01 -8.280651090549487892e-01 -4.689096949634941613e-01 -2.882554549437905678e-01 3.886029059887393111e-01 -8.751551714708973861e-01 9.069051326131577495e-01 4.040989441002329485e-01 -1.192775075904402293e-01 2.447626338166682958e-01 -4.442003630591719321e-01 6.678249891355074741e-01
1.592833324841026068e+09 1.461538461538461620e-01 3.095075690140658975e-01 -8.269676265446379571e-01 -4.693928092441671529e-01 -2.861355361504987482e-01 3.897566578661663117e-01 -8.753377648661472277e-01 9.068249663936638338e-01 4.052336268081958570e-01 -1.159921895172512096e-01 2.436883686768752111e-01 -4.449222830454540034e-01 6.663774129360786613e-01
1.592833324844403982e+09 1.538461538461538547e-01 3.116071226551823670e-01 -8.259222225561436703e-01 -4.698441054205934608e-01 -2.841249515219900768e-01 3.908537468545970617e-01 -8.755034897088354029e-01 9.067381171171666754e-01 4.063075569782600982e-01 -1.128723000083405592e-01 2.426802401827526101e-01 -4.456046929436763282e-01 6.649905367788745414e-01
1.592833324847326040e+09 1.538461538461538547e-01 3.150170755787811139e-01 -8.242270983980981569e-01 -4.705464189217088977e-01 -2.806711422450121618e-01 3.927099312210736159e-01 -8.757868575351080986e-01 9.066355122124174493e-01 4.079566155690963480e-01 -1.076264270926793470e-01 2.414216658596996523e-01 -4.464870358462695865e-01 6.633632040499166660e-01
1.592833324850044012e+09 1.538461538461538547e-01 3.182574549822020926e-01 -8.226097987859670724e-01 -4.711956189201704226e-01 -2.773969526768423899e-01 3.944769664040853052e-01 -8.760358746205728631e-01 9.065115128854421833e-01 4.095131767329849293e-01 -1.026442160484739158e-01 2.402419490021970305e-01 -4.473211668428345722e-01 6.618011209923995164e-01
1.592833324854238033e+09 1.538461538461538547e-01 3.213365764817439074e-01 -8.210671687425413756e-01 -4.717960460072755380e-01 -2.742927159954709482e-01 3.961588752356670073e-01 -8.762543303880664380e-01 9.063698530769986883e-01 4.109827855094640436e-01 -9.791240701801576241e-02 2.391364667575093250e-01 -4.481095383811988797e-01 6.603020927320161215e-01
1.592833324859230995e+09 1.538461538461538547e-01 3.242623719132226578e-01 -8.195961325482576942e-01 -4.723516631421443845e-01 -2.713493110629865979e-01 3.977595280155287183e-01 -8.764456111239911085e-01 9.062138078548866993e-01 4.123706310890760118e-01 -9.341839791145863103e-02 2.381008532940380729e-01 -4.488544933756280497e-01 6.588639604257556792e-01
1.592833324864243031e+09 1.615384615384615474e-01 3.270424021004888493e-01 -8.181936984114461797e-01 -4.728660900383334642e-01 -2.685581306061233797e-01 3.992826447558960323e-01 -8.766127423680771802e-01 9.060462447986231682e-01 4.136815701436746817e-01 -8.915021486108384852e-02 2.371309862503760413e-01 -4.495582679991900754e-01 6.574846051485784271e-01
1.592833324869282961e+09 1.615384615384615474e-01 3.309836766881622538e-01 -8.162047215802534783e-01 -4.735606172773307310e-01 -2.644935356368388057e-01 4.014860963484834233e-01 -8.768421089598629203e-01 9.058106730284809505e-01 4.154741471005826692e-01 -8.299552830564412009e-02 2.359486853936722528e-01 -4.504440006510387340e-01 6.559036600261427541e-01
1.592833324875691891e+09 1.615384615384615474e-01 3.347289456886080594e-01 -8.143061761585761449e-01 -4.741961454801069120e-01 -2.606409378331221993e-01 4.035844731493968829e-01 -8.770324250323897619e-01 9.055511219382721411e-01 4.171630670406016872e-01 -7.715012024368496368e-02 2.348424779212164304e-01 -4.512808898014062930e-01 6.543847621252274482e-01
1.592833324879251957e+09 1.615384615384615474e-01 3.382877713010508103e-01 -8.124945024351577505e-01 -4.747779136615490891e-01 -2.569889230047288087e-01 4.055824299748740369e-01 -8.771884552070586816e-01 9.052723773765755100e-01 4.187547922213210039e-01 -7.159851081300953879e-02 2.338078457040816405e-01 -4.520714269953977071e-01 6.529259630342914011e-01
1.592833324884246111e+09 1.692307692307692402e-01 3.416692866387799898e-01 -8.107662150693305536e-01 -4.753106805762935538e-01 -2.535267137763549949e-01 4.074844571460183862e-01 -8.773144376939072675e-01 9.049786207251027115e-01 4.202553529540901667e-01 -6.632597035795013973e-02 2.328405223305139993e-01 -4.528179934285765373e-01 6.515253308762685158e-01
