1.589264473237318039e+09 0.000000000000000000e+00 1.022302478559116157e-01 -8.723118573378918494e-01 -4.781432839338395357e-01 -5.396919545249667660e-01 3.551356443103566018e-01 -7.632897669701127485e-01 8.356324375252194292e-01 3.360813855124756833e-01 -4.344740863016742782e-01 4.022456516239836799e-01 -5.078139773844178029e-01 7.837695901165528944e-01
1.589264473239500999e+09 1.456953642384105907e-01 1.022302478559116157e-01 -8.723118573378918494e-01 -4.781432839338395357e-01 -5.396919545249667660e-01 3.551356443103566018e-01 -7.632897669701127485e-01 8.356324375252194292e-01 3.360813855124756833e-01 -4.344740863016742782e-01 4.022456516239836799e-01 -5.078139773844178029e-01 7.837695901165528944e-01
1.589264473243933916e+09 1.523178807947019875e-01 1.037394096265869814e-01 -8.743871130619904619e-01 -4.740098220516585359e-01 -5.383017751020147124e-01 3.513878112344523408e-01 -7.660011782222537757e-01 8.363428327022043307e-01 3.346248386282445475e-01 -4.342313710001547977e-01 3.992491808073755366e-01 -5.027065659809970555e-01 7.812862212075306623e-01
1.589264473248640060e+09 1.589403973509933843e-01 1.058005600281042846e-01 -8.760835452890896047e-01 -4.704081878235530367e-01 -5.359531803586969900e-01 3.482305942953489719e-01 -7.690836376234420069e-01 8.375920426801685137e-01 3.334862438998163481e-01 -4.326967704622426414e-01 3.959093228348298243e-01 -4.978199859508330438e-01 7.789056402211413932e-01
1.589264473253501892e+09 1.589403973509933843e-01 1.081593235135265563e-01 -8.775056837806735066e-01 -4.672101622072329374e-01 -5.330333623443388458e-01 3.455121288612116315e-01 -7.723320551664822897e-01 8.391525459444100221e-01 3.325735162973837977e-01 -4.303694469785333543e-01 3.923465359424248566e-01 -4.932899642821264030e-01 7.766445291579997523e-01
1.589264473258810043e+09 1.589403973509933843e-01 1.103694695100020107e-01 -8.788489138282939983e-01 -4.641585578904139364e-01 -5.302354998282511334e-01 3.429339893526346383e-01 -7.754009244697686043e-01 8.406360062012365741e-01 3.316939336338773914e-01 -4.281474506154622217e-01 3.889785478417462361e-01 -4.889808514726969868e-01 7.744837757813807233e-01
1.589264473263581038e+09 1.589403973509933843e-01 1.124402924596836773e-01 -8.801181153380198685e-01 -4.612475297336916524e-01 -5.275555356702297249e-01 3.404893359312387013e-01 -7.783008215984362765e-01 8.420465173701972006e-01 3.308460596273682386e-01 -4.260264632787100769e-01 3.857949445120469334e-01 -4.848817207016792308e-01 7.724190095067146045e-01
1.589264473268728018e+09 1.589403973509933843e-01 1.143805007494708981e-01 -8.813178221723367844e-01 -4.584713702835867544e-01 -5.249894238713975758e-01 3.381716265114164677e-01 -7.810416479585459149e-01 8.433879332024369901e-01 3.300285553464007982e-01 -4.240022957302109763e-01 3.827858615462009784e-01 -4.809822026138538265e-01 7.704460607650931436e-01
1.589264473274189949e+09 1.655629139072847811e-01 1.161982541718104556e-01 -8.824522499155758037e-01 -4.558245192465643081e-01 -5.225331483239025188e-01 3.359746077274841647e-01 -7.836326766190098159e-01 8.446638826362434793e-01 3.292401700602483605e-01 -4.220708895299045693e-01 3.799419544786937220e-01 -4.772724543803464337e-01 7.685609490948775990e-01
1.589264473278841019e+09 1.655629139072847811e-01 1.179010624253776368e-01 -8.835129937356857033e-01 -4.533256328282939673e-01 -5.201247586649011545e-01 3.339362892367364610e-01 -7.861022771590072677e-01 8.459134559177703405e-01 3.284681790234856846e-01 -4.201655393606785194e-01 3.768703729225913457e-01 -4.738534644266373941e-01 7.667527495983510466e-01
1.589264473283684015e+09 1.655629139072847811e-01 1.194977630963950654e-01 -8.845164314973359421e-01 -4.509445276596407703e-01 -5.178222674810900594e-01 3.320039153970182344e-01 -7.884373782754034998e-01 8.471011651011347565e-01 3.277256208664013348e-01 -4.183485789530442256e-01 3.739644103231777317e-01 -4.706015788996717464e-01 7.650224641100296097e-01
1.589264473291853905e+09 1.655629139072847811e-01 1.209949316151045784e-01 -8.854659552156987079e-01 -4.486761289364596950e-01 -5.156215808444049031e-01 3.301722322383527364e-01 -7.906457376260623837e-01 8.482302823472955833e-01 3.270112218452047026e-01 -4.166161889513337324e-01 3.712153368284495381e-01 -4.675085316096291854e-01 7.633668429881870221e-01
1.589264473295567989e+09 1.721854304635761501e-01 1.223987308691025927e-01 -8.863647288405951397e-01 -4.465155295720082962e-01 -5.135186981299664222e-01 3.284362254206249498e-01 -7.927346293069053029e-01 8.493038898724868391e-01 3.263237859837839761e-01 -4.149646844596202033e-01 3.686148742995921657e-01 -4.645664733205872032e-01 7.617827745164593711e-01
1.589264473299720049e+09 1.721854304635761501e-01 1.244776001545876282e-01 -8.869004511008068414e-01 -4.448740461039956684e-01 -5.103732803782626837e-01 3.272677456244623695e-01 -7.952452058012131619e-01 8.508962579161374329e-01 3.260420410178228590e-01 -4.119127890139446801e-01 3.657789199586632400e-01 -4.618814823738382480e-01 7.602436987235305921e-01
1.589264473303730965e+09 1.721854304635761501e-01 1.264354928516883692e-01 -8.874078381627242829e-01 -4.433073368609082854e-01 -5.073709000772499422e-01 3.261630572869903544e-01 -7.976167186161563505e-01 8.524018042579167842e-01 3.257683054389478583e-01 -4.090063266861339031e-01 3.630956732117038288e-01 -4.593275810262689718e-01 7.587669153700034030e-01
1.589264473308767080e+09 1.721854304635761501e-01 1.282794873024756810e-01 -8.878885552469150122e-01 -4.418125016327174026e-01 -5.045056479026183149e-01 3.251187994742646969e-01 -7.998573732002302039e-01 8.538257576178955865e-01 3.255021961369211625e-01 -4.062387179212096355e-01 3.605571356436124142e-01 -4.568982782077410931e-01 7.573500828253285633e-01
1.589264473313479900e+09 1.721854304635761501e-01 1.300162379089931375e-01 -8.883441541908232431e-01 -4.403866955244937764e-01 -5.017717879658647462e-01 3.241317823572139045e-01 -8.019748502711759874e-01 8.551729945932174948e-01 3.252433725395905140e-01 -4.036036396485316313e-01 3.581557168998030227e-01 -4.545874094905083540e-01 7.559909434590015298e-01
1.589264473318762064e+09 1.788079470198675469e-01 1.316520018784116675e-01 -8.887760822814081418e-01 -4.390271357967733268e-01 -4.991637621658402968e-01 3.231989787881334730e-01 -8.039763420964277651e-01 8.564480655251963670e-01 3.249915316970879986e-01 -4.010950203920880530e-01 3.558842142073248560e-01 -4.523891201996090294e-01 7.546873201537196429e-01
1.589264473324173927e+09 1.788079470198675469e-01 1.333990616363250614e-01 -8.890897122363021765e-01 -4.378631909056952543e-01 -4.963595622739490065e-01 3.224702219202583708e-01 -8.060025688010632461e-01 8.578064322991297841e-01 3.248575681283549232e-01 -3.982909553780621947e-01 3.533739918596755514e-01 -4.504053934762511369e-01 7.534014815222610517e-01
1.589264473328584909e+09 1.788079470198675469e-01 1.350473020705477700e-01 -8.893870163388890582e-01 -4.367527462664380078e-01 -4.936862943723877573e-01 3.217822979588078613e-01 -8.079170721486267359e-01 8.590902565809522828e-01 3.247258657516495228e-01 -3.956223491658622526e-01 3.509980058104672507e-01 -4.485186947305757066e-01 7.521659258432698003e-01
1.589264473333450079e+09 1.788079470198675469e-01 1.366023270204050899e-01 -8.896689406106769171e-01 -4.356936772151807635e-01 -4.911382161593962903e-01 3.211329955474124809e-01 -8.097264055213414524e-01 8.603040490898414827e-01 3.245963266634750988e-01 -3.930829019891377563e-01 3.487492695197669246e-01 -4.467241997938792841e-01 7.509788759891562471e-01
1.589264473339845896e+09 1.788079470198675469e-01 1.380694172117083174e-01 -8.899363671624771488e-01 -4.346839063416905180e-01 -4.887097926759971789e-01 3.205202204409516864e-01 -8.114367053757596260e-01 8.614520152471654146e-01 3.244688747632599735e-01 -3.906665774499539778e-01 3.466211501048787613e-01 -4.450173276410305800e-01 7.498386108135984829e-01
1.589264473343713999e+09 1.854304635761589437e-01 1.394535498505597160e-01 -8.901901191180928707e-01 -4.337214074248501028e-01 -4.863956946646850188e-01 3.199419892577419766e-01 -8.130537200711014378e-01 8.625380777946766164e-01 3.243434527384732036e-01 -3.883675952238417328e-01 3.446073508951496001e-01 -4.433937280715103402e-01 7.487434632944449664e-01
1.589264473348728895e+09 1.854304635761589437e-01 1.399501663227934734e-01 -8.907434742696488383e-01 -4.324234198008458652e-01 -4.854077634236160232e-01 3.189231472682729773e-01 -8.140438129146260193e-01 8.630140521186809854e-01 3.238272520689627898e-01 -3.877404501250278912e-01 3.423137595458532467e-01 -4.419656469813472710e-01 7.476108927905698032e-01
1.589264473353740931e+09 1.854304635761589437e-01 1.404152340335111659e-01 -8.912683154984034628e-01 -4.311894616522448098e-01 -4.844667525494383842e-01 3.179570428630036916e-01 -8.149817694697318871e-01 8.634671549778343280e-01 3.233328141133410272e-01 -3.871438538735079704e-01 3.401404027398559626e-01 -4.406079684037114141e-01 7.465246617060374845e-01
1.589264473358738899e+09 1.854304635761589437e-01 1.408507199420455380e-01 -8.917661819302098447e-01 -4.300164548682103849e-01 -4.835704866341895558e-01 3.170410232660924588e-01 -8.158704394833546925e-01 8.638985236404682633e-01 3.228592051219930648e-01 -3.865763501817128800e-01 3.380810831902084090e-01 -4.393171598305175563e-01 7.454829827783048257e-01
1.589264473363713980e+09 1.854304635761589437e-01 1.412584696654970995e-01 -8.922385223558692013e-01 -4.289014618440660787e-01 -4.827168842025162387e-01 3.161725626807544987e-01 -8.167125077490234863e-01 8.643092354323052007e-01 3.224055362925695167e-01 -3.860365471225805645e-01 3.361299173765605608e-01 -4.380898696335231435e-01 7.444841338025123267e-01
1.589264473368700027e+09 1.920529801324503405e-01 1.416402148608147393e-01 -8.926867012251923361e-01 -4.278416798184423442e-01 -4.819039546052684142e-01 3.153492568037318255e-01 -8.175105043784681724e-01 8.647003111309636836e-01 3.219709609406076201e-01 -3.855231150540732177e-01 3.342813199332793639e-01 -4.369229176689471972e-01 7.435264551472366978e-01
1.589264473377280951e+09 1.920529801324503405e-01 1.430916488143219589e-01 -8.926629184803996919e-01 -4.274081117733420365e-01 -4.794938915782859246e-01 3.152581010648204396e-01 -8.189614994931777581e-01 8.658004319580290264e-01 3.221261300842551689e-01 -3.829156151663598018e-01 3.321046221471323778e-01 -4.359458882332938878e-01 7.425110795877016834e-01
1.589264473386557102e+09 1.920529801324503405e-01 1.444660150416937627e-01 -8.926400444629514208e-01 -4.269933506732312423e-01 -4.772004568888746912e-01 3.151742398122746036e-01 -8.203322025276125196e-01 8.668386784419708224e-01 3.222715463393172608e-01 -3.804362705855513505e-01 3.300429211864264190e-01 -4.350168917659677503e-01 7.415335494530506111e-01
1.589264473397280931e+09 1.920529801324503405e-01 1.457673652175768553e-01 -8.926180952096318677e-01 -4.265967784006979291e-01 -4.750181649867726841e-01 3.150971720736533421e-01 -8.216273577990119703e-01 8.678188855804674917e-01 3.224076740022097098e-01 -3.780789250597818563e-01 3.280902790754819387e-01 -4.341334955097982951e-01 7.405926454439520912e-01
1.589264473409945965e+09 1.920529801324503405e-01 1.469995418971280221e-01 -8.925970779642488084e-01 -4.262177742559770666e-01 -4.729417674589211917e-01 3.150264298844854260e-01 -8.228514040013948927e-01 8.687446225875969930e-01 3.225349669166430178e-01 -3.758376988025730614e-01 3.262410569134512883e-01 -4.332933924443980733e-01 7.396871783815587298e-01
1.589264473416234016e+09 1.986754966887417095e-01 1.481661891687331978e-01 -8.925769924064751448e-01 -4.258557185407126355e-01 -4.709662456869899150e-01 3.149615759628170975e-01 -8.240084957635572804e-01 8.696192131103800405e-01 3.226538676254013804e-01 -3.737069786552735251e-01 3.244899002511706376e-01 -4.324943949733923709e-01 7.388159886654221964e-01
1.589264473421612978e+09 1.986754966887417095e-01 1.509548186368763756e-01 -8.918514466956869446e-01 -4.263961066392591981e-01 -4.664744057794288912e-01 3.160295315040634323e-01 -8.261519012687988939e-01 8.715585301533320672e-01 3.236144808937524431e-01 -3.683196930288015758e-01 3.225243640129637490e-01 -4.318434430334194829e-01 7.379005428649157983e-01
1.589264473427407980e+09 1.986754966887417095e-01 1.536574347353341086e-01 -8.911505391943547183e-01 -4.268958997743680372e-01 -4.621896975042897870e-01 3.170336716789059484e-01 -8.281728892825970245e-01 8.733670913604711927e-01 3.245618084670505166e-01 -3.631660174261187590e-01 3.205714127648844891e-01 -4.312387185496105446e-01 7.370150241354238574e-01
1.589264473434452057e+09 1.986754966887417095e-01 1.562270011322350605e-01 -8.904816335912904002e-01 -4.273588472862298593e-01 -4.581118932767043184e-01 3.179937619844518393e-01 -8.300683469313893115e-01 8.750580651337728222e-01 3.254572592147273458e-01 -3.582610152790500213e-01 3.187236340079143693e-01 -4.306633522085918653e-01 7.361571838781887367e-01
1.589264473440779924e+09 1.986754966887417095e-01 1.586697403382687499e-01 -8.898434554673281260e-01 -4.277879594646766814e-01 -4.542314599248579166e-01 3.189114824627862776e-01 -8.318468892578252394e-01 8.766400026895410091e-01 3.263036792856516821e-01 -3.535932897682421694e-01 3.169755719169673469e-01 -4.301158369825834882e-01 7.353265114194936780e-01
1.589264473446528912e+09 1.986754966887417095e-01 1.609916133845153419e-01 -8.892347633556828557e-01 -4.281859830256164456e-01 -4.505392392954655212e-01 3.197884808164241366e-01 -8.335164793764948676e-01 8.781207743100684082e-01 3.271037498667453414e-01 -3.491518903689333486e-01 3.153220425154392159e-01 -4.295947427689456588e-01 7.345224821996950704e-01
1.589264473450103045e+09 2.052980132450331063e-01 1.631983290179712109e-01 -8.886543494583506453e-01 -4.285554253471745012e-01 -4.470264431197054078e-01 3.206263681570226676e-01 -8.350844814712954367e-01 8.795076262076905182e-01 3.278599994375541171e-01 -3.449263054788951344e-01 3.137581208265554089e-01 -4.290987131821602518e-01 7.337445598428482540e-01
1.589264473453166962e+09 2.052980132450331063e-01 1.654086214489018658e-01 -8.880466528564767703e-01 -4.289675166032764775e-01 -4.435705922811096769e-01 3.214929231918295938e-01 -8.365927503875216775e-01 8.808434126527593389e-01 3.286570289648172438e-01 -3.407336785500662546e-01 3.118972046557823008e-01 -4.287456591234085623e-01 7.328930239718157713e-01
1.589264473457710028e+09 2.052980132450331063e-01 1.675097123693382595e-01 -8.874671853286620893e-01 -4.293512445850876103e-01 -4.402841795436565064e-01 3.223200521667739515e-01 -8.380093228686523732e-01 8.820942905979557436e-01 3.294112610947448894e-01 -3.367460223350217108e-01 3.101361831329843000e-01 -4.284097777176880117e-01 7.320685805526816470e-01
1.589264473462179899e+09 2.052980132450331063e-01 1.695067361202461931e-01 -8.869147788850728631e-01 -4.297087867441193865e-01 -4.371591052849890247e-01 3.231094101202228730e-01 -8.393403515607894549e-01 8.832663149222260701e-01 3.301249522332467268e-01 -3.329536496822154135e-01 3.084698669228281842e-01 -4.280901377516395101e-01 7.312706954315570940e-01
1.589264473467667103e+09 2.052980132450331063e-01 1.714046141255566313e-01 -8.863882990447695676e-01 -4.300421392991494729e-01 -4.341876259627540091e-01 3.238625986603803630e-01 -8.405915313930856225e-01 8.843650624698470297e-01 3.308002426018842868e-01 -3.293472874903297098e-01 3.068933272294764314e-01 -4.277858604193930381e-01 7.304988238457459371e-01
1.589264473472635984e+09 2.119205298013245031e-01 1.732080611498784672e-01 -8.858866453138796171e-01 -4.303531331444217511e-01 -4.313623432190671902e-01 3.245811655222736736e-01 -8.417681366271581034e-01 8.853956722309272998e-01 3.314391628077810181e-01 -3.259180647831929623e-01 3.054018832547001350e-01 -4.274961170300520252e-01 7.297524119988483271e-01
1.589264473477576971e+09 2.119205298013245031e-01 1.755602507112725974e-01 -8.851369651013817341e-01 -4.309421670958997752e-01 -4.277655105078226327e-01 3.256713885904712336e-01 -8.431813652314287255e-01 8.866765286112950895e-01 3.323713279822277378e-01 -3.214561151155059249e-01 3.036203696694692589e-01 -4.273399374516906879e-01 7.289183381971057196e-01
1.589264473481969118e+09 2.119205298013245031e-01 1.778027746378084140e-01 -8.844199905723884036e-01 -4.314944421508039030e-01 -4.243449232584825537e-01 3.267114159029080867e-01 -8.445063864906349194e-01 8.878724905276934587e-01 3.332580546583288061e-01 -3.172089367743238797e-01 3.019251177054647073e-01 -4.271913291719895422e-01 7.281135820457899088e-01
1.589264473486962080e+09 2.119205298013245031e-01 1.799356097854459269e-01 -8.837362642474060337e-01 -4.320108697535040010e-01 -4.210933216653792166e-01 3.277029982214844095e-01 -8.457488749064153710e-01 8.889902084837364438e-01 3.340972316716931401e-01 -3.131700001745917339e-01 3.003214580961634517e-01 -4.270497528609805138e-01 7.273338690728027300e-01
1.589264473491971016e+09 2.119205298013245031e-01 1.819638236117132879e-01 -8.830844124208934165e-01 -4.324940316765659709e-01 -4.180025086638969878e-01 3.286482504419967476e-01 -8.469145353765651363e-01 8.900354316808369859e-01 3.348913973524248466e-01 -3.093294074801911653e-01 2.988046107575312860e-01 -4.269147686654450879e-01 7.265787637796159437e-01
1.589264473497050047e+09 2.185430463576158999e-01 1.838922850352514571e-01 -8.824630999837420609e-01 -4.329463069153006716e-01 -4.150646600124978658e-01 3.295492107912950108e-01 -8.480086353779329178e-01 8.910134429475368156e-01 3.356429573727393034e-01 -3.056776891643518401e-01 2.973700366213377633e-01 -4.267859670609177591e-01 7.258478147940914393e-01
1.589264473503231049e+09 2.185430463576158999e-01 1.862154284443526264e-01 -8.816608115111820299e-01 -4.335873933300300465e-01 -4.115938294853331292e-01 3.307136809412323242e-01 -8.492461249649003729e-01 8.921403105671688039e-01 3.366046266523156083e-01 -3.013021599281533458e-01 2.956487081624772362e-01 -4.267882312591824712e-01 7.250010212622489680e-01
1.589264473508064032e+09 2.185430463576158999e-01 1.884384947349854178e-01 -8.808907766860630817e-01 -4.341916319454319773e-01 -4.082913826300272331e-01 3.318247724689434297e-01 -8.504060602124110524e-01 8.931903943572576665e-01 3.375259396333243900e-01 -2.971315525193645168e-01 2.939961630381857649e-01 -4.267898367497824919e-01 7.241898274503966171e-01
1.589264473512238026e+09 2.185430463576158999e-01 1.905530982432594445e-01 -8.801565003486691019e-01 -4.347574630111348259e-01 -4.051532523899910587e-01 3.328834236778690503e-01 -8.514924945754440699e-01 8.941702068553318838e-01 3.383979331120151590e-01 -2.931663009928139885e-01 2.924332022600202308e-01 -4.267910426543877755e-01 7.234038979761912014e-01
1.589264473517010927e+09 2.185430463576158999e-01 1.925642299035023597e-01 -8.794565003060922370e-01 -4.352875847425832223e-01 -4.021713557386559779e-01 3.338919765206535550e-01 -8.525106149711351167e-01 8.950850339409113232e-01 3.392232481486076034e-01 -2.893965617116169287e-01 2.909551346822096818e-01 -4.267917628533967611e-01 7.226428026321642939e-01
1.589264473522593021e+09 2.251655629139072967e-01 1.944766902325339997e-01 -8.787893356808995637e-01 -4.357844885373072241e-01 -3.993379888489351215e-01 3.348526824483637476e-01 -8.534652024067668208e-01 8.959397232059123084e-01 3.400043890167576688e-01 -2.858129245346586189e-01 2.895575067759746379e-01 -4.267919270814298227e-01 7.219060935019012692e-01
1.589264473528008938e+09 2.251655629139072967e-01 1.968788431546612538e-01 -8.778956942705349320e-01 -4.365064387833675896e-01 -3.958104033580915337e-01 3.361557978366455091e-01 -8.545954622944784695e-01 8.969798468815153303e-01 3.410255555850086884e-01 -2.812982842577413378e-01 2.879407387235218829e-01 -4.269084458315589581e-01 7.210502526579600779e-01
1.589264473532232046e+09 2.251655629139072967e-01 1.992080007214034332e-01 -8.770331101245412153e-01 -4.371831380484109131e-01 -3.924401932005901483e-01 3.373917950448843683e-01 -8.556620076859053903e-01 8.979459155256872549e-01 3.420229530041299926e-01 -2.769718982298924881e-01 2.863384484451522161e-01 -4.270222227543435389e-01 7.202310865600356493e-01
1.589264473537209034e+09 2.251655629139072967e-01 2.014238866944917383e-01 -8.762104809828960006e-01 -4.378168691183639272e-01 -3.892385037907584167e-01 3.385690626245864698e-01 -8.566588451654721936e-01 8.988447057393261774e-01 3.429667372344304410e-01 -2.728589601152082156e-01 2.848234934774821481e-01 -4.271299916647033346e-01 7.194373479876784439e-01
1.589264473541982889e+09 2.251655629139072967e-01 2.035316849506732528e-01 -8.754261609375255659e-01 -4.384106408007512057e-01 -3.861969729196745305e-01 3.396902458050292672e-01 -8.575910651427047782e-01 8.996814721493490152e-01 3.438598168601620930e-01 -2.689492052787581522e-01 2.833912820813374034e-01 -4.272319336941347023e-01 7.186686239095760875e-01
1.589264473546957970e+09 2.317880794701986658e-01 2.055363868943184680e-01 -8.746785481560989117e-01 -4.389672323283002608e-01 -3.833076369200242861e-01 3.407578858532236965e-01 -8.584633473291845007e-01 9.004610203341484320e-01 3.447049472003269055e-01 -2.652328226943336253e-01 2.820374559123147717e-01 -4.273282352520292315e-01 7.179244806859573780e-01
1.589264473551997900e+09 2.317880794701986658e-01 2.076207988648117730e-01 -8.738900645967764280e-01 -4.395563204843940808e-01 -3.803790707764090895e-01 3.418601012547539675e-01 -8.593273146394013740e-01 9.012243707279629090e-01 3.456122482915372496e-01 -2.614322234095404762e-01 2.803456752978277788e-01 -4.275586569320867225e-01 7.170165079977008915e-01
1.589264473556958914e+09 2.317880794701986658e-01 2.096028142404603722e-01 -8.731385605350683310e-01 -4.401087528886784561e-01 -3.775982435339323429e-01 3.429093938397712038e-01 -8.601352882521039467e-01 9.019347131264924267e-01 3.464710690998450970e-01 -2.578208128414814504e-01 2.787458958859986291e-01 -4.277772244125658818e-01 7.161384811896310820e-01
1.589264473562052011e+09 2.317880794701986658e-01 2.114872368958089222e-01 -8.724224639978814810e-01 -4.406270451777114516e-01 -3.749576786065521583e-01 3.439082020547464813e-01 -8.608913333362447906e-01 9.025961931473904798e-01 3.472840233459302262e-01 -2.543893064664901060e-01 2.772332698165331233e-01 -4.279844042533899051e-01 7.152897735841413640e-01
1.589264473566983938e+09 2.317880794701986658e-01 2.132786810333159311e-01 -8.717402501235383960e-01 -4.411135234055285070e-01 -3.724502721417990991e-01 3.448588619977804859e-01 -8.615991876058701759e-01 9.032125990032406904e-01 3.480535901497735507e-01 -2.511288501659348915e-01 2.758031972835024437e-01 -4.281806575232967038e-01 7.144697448809245177e-01
1.589264473572191954e+09 2.317880794701986658e-01 2.149815728697060391e-01 -8.710904424208703034e-01 -4.415703391867255023e-01 -3.700692762335147101e-01 3.457636107517703672e-01 -8.622622897169403000e-01 9.037873943104482999e-01 3.487821190986011288e-01 -2.480310046800991430e-01 2.744513141273416945e-01 -4.283664384369777478e-01 7.136777432591702164e-01
1.589264473579900026e+09 2.384105960264900625e-01 2.166001533625220576e-01 -8.704716135625588658e-01 -4.419994836480322653e-01 -3.678082825313721549e-01 3.466245897045812652e-01 -8.628838051055619518e-01 9.043237478163748122e-01 3.494718354802374138e-01 -2.450877298875235311e-01 2.731734800517516826e-01 -4.285421930997809215e-01 7.129131075381972549e-01
1.589264473583919048e+09 2.384105960264900625e-01 2.185511067491900106e-01 -8.697060486636423171e-01 -4.425458198385544550e-01 -3.651381073006544908e-01 3.476787716128512118e-01 -8.635934427534025515e-01 9.049362277727638348e-01 3.503296457447657164e-01 -2.415772401877857856e-01 2.715321216072769661e-01 -4.288592371564482475e-01 7.119526034497031253e-01
1.589264473587116957e+09 8.661417322834645549e-02 2.238986088082501325e-01 -8.674387357952906275e-01 -4.443190887364598107e-01 -3.649756139615494832e-01 3.480935189527007423e-01 -8.634950511013457231e-01 9.036936506289728888e-01 3.555009728608257702e-01 -2.386563305422385595e-01 2.707575301150951796e-01 -4.298624342065431869e-01 7.102815940155062790e-01
1.589264473592204094e+09 8.661417322834645549e-02 2.281313755388329478e-01 -8.639974958229112989e-01 -4.488478614257823684e-01 -3.642045232555032874e-01 3.518082704167149188e-01 -8.623143313819103817e-01 9.029458127346242646e-01 3.601933759498335830e-01 -2.344132914040292504e-01 2.697909123068801263e-01 -4.303743362511706083e-01 7.083847930673037308e-01
1.589264473597419977e+09 8.661417322834645549e-02 2.322822315695217410e-01 -8.606436298049474631e-01 -4.531418181687134616e-01 -3.634252731581669726e-01 3.553445745393942201e-01 -8.611923735004441971e-01 9.022012168729296455e-01 3.647228753746893370e-01 -2.302394155035666079e-01 2.686935171096072050e-01 -4.308358595100006405e-01 7.066663679301874446e-01
1.589264473602634907e+09 8.661417322834645549e-02 2.362798713175348064e-01 -8.574046140904514335e-01 -4.571970583310591141e-01 -3.626805226402794458e-01 3.586968789014364778e-01 -8.601159151903551292e-01 9.014625122031102444e-01 3.690445458244476784e-01 -2.262111011636792068e-01 2.675926156253374266e-01 -4.312611996763180411e-01 7.050580831505066648e-01
1.589264473607068062e+09 8.661417322834645549e-02 2.400855094735855899e-01 -8.542961345531092654e-01 -4.610174211767102403e-01 -3.619950735230562100e-01 3.618648281657077526e-01 -8.590770703968532152e-01 9.007322104187491796e-01 3.731379913975766960e-01 -2.223724904072801323e-01 2.665600648292695829e-01 -4.316595559128724724e-01 7.035171054569473448e-01
1.589264473612199068e+09 9.448818897637795144e-02 2.437082784528937229e-01 -8.513149239988506700e-01 -4.646172351413129786e-01 -3.613638030100648768e-01 3.648585734572518113e-01 -8.580760008582237752e-01 9.000124870731682769e-01 3.770160759855878951e-01 -2.187153436794034567e-01 2.655918522041104124e-01 -4.320322887372137766e-01 7.020410100549727694e-01
1.589264473617172956e+09 9.448818897637795144e-02 2.477072623287164821e-01 -8.481246122220812422e-01 -4.683222761440640203e-01 -3.603724864363355151e-01 3.680439597341590985e-01 -8.571320287580518338e-01 8.993179544573240980e-01 3.810882914054762316e-01 -2.144736136319553566e-01 2.642748323267656296e-01 -4.325979201637667471e-01 7.003045902537239353e-01
1.589264473622714043e+09 9.448818897637795144e-02 2.515122421619657711e-01 -8.450654284019674112e-01 -4.718114175838269420e-01 -3.594520381729225389e-01 3.710568648262463909e-01 -8.562190346626550319e-01 8.986299707309969298e-01 3.849431448735206596e-01 -2.104351465865224313e-01 2.630376419975057334e-01 -4.331297339213858733e-01 6.986399107119177776e-01
1.589264473627259016e+09 9.448818897637795144e-02 2.551325735001298001e-01 -8.421337613874266825e-01 -4.750979876516691625e-01 -3.585967841014355839e-01 3.739066215444700747e-01 -8.553374683698293790e-01 8.979508429592955032e-01 3.885930600212325614e-01 -2.065907000133971327e-01 2.618756702644607359e-01 -4.336294119397523517e-01 6.970444427094975026e-01
1.589264473632201910e+09 9.448818897637795144e-02 2.585771955860335924e-01 -8.393258732403333644e-01 -4.781944295286322255e-01 -3.578015457575282054e-01 3.766020645025212055e-01 -8.544875299651610856e-01 8.972825016550726174e-01 3.920496952196123042e-01 -2.029313891487059540e-01 2.607845618540685084e-01 -4.340985876559415035e-01 6.955157059685972420e-01
1.589264473637653112e+09 1.023622047244094474e-01 2.618546397767419487e-01 -8.366379386903801674e-01 -4.811123643924609672e-01 -3.570615953365998130e-01 3.791515548832373184e-01 -8.536692073428121530e-01 8.966265469876935068e-01 3.953239911433845677e-01 -1.994486832831697809e-01 2.597602034254632986e-01 -4.345388411273487517e-01 6.940512721054101775e-01
1.589264473642004013e+09 1.023622047244094474e-01 2.666890024092783973e-01 -8.329241454492548602e-01 -4.848859081490944911e-01 -3.549673549775899106e-01 3.828540087115304691e-01 -8.528897847399304899e-01 8.960330088195176401e-01 3.995749941389468707e-01 -1.935579271554201397e-01 2.586482085697788258e-01 -4.351978261990348540e-01 6.922227787582736491e-01
1.589264473647488117e+09 1.023622047244094474e-01 2.714411137872514423e-01 -8.292953179582517320e-01 -4.884557271221810493e-01 -3.528873691667728796e-01 3.864108431266375931e-01 -8.521485580558797457e-01 8.954273987479332009e-01 4.036780102094778555e-01 -1.877600533788444936e-01 2.574029156882302605e-01 -4.357855570945294299e-01 6.906171548544143279e-01
1.589264473652235985e+09 1.023622047244094474e-01 2.759707958896047142e-01 -8.258121598230758753e-01 -4.918072757741638323e-01 -3.509298648668789933e-01 3.897839776948209267e-01 -8.514203900993428942e-01 8.948119074758517089e-01 4.075570235203287428e-01 -1.822331551026818985e-01 2.562258388206544724e-01 -4.363362322582164943e-01 6.890816968487624150e-01
1.589264473657077074e+09 1.102362204724409434e-01 2.802813654525402320e-01 -8.224738569975587055e-01 -4.949536450372085117e-01 -3.490919954539063452e-01 3.929804859285562224e-01 -8.507062456508508452e-01 8.941907709712000329e-01 4.112214637332480827e-01 -1.769739327556900665e-01 2.551222679872565124e-01 -4.368532279567127197e-01 6.876069364827459562e-01
1.589264473662518024e+09 1.102362204724409434e-01 2.854570075331923640e-01 -8.185288456697485948e-01 -4.985226430732546676e-01 -3.465500823520182294e-01 3.968123753479338434e-01 -8.499664576867371757e-01 8.935420176309586404e-01 4.153919445262259091e-01 -1.703883656553947523e-01 2.539493949557577457e-01 -4.375849141077491899e-01 6.857548471207854934e-01
1.589264473667192936e+09 1.102362204724409434e-01 2.905444163436118887e-01 -8.146712325792084819e-01 -5.018911484967859549e-01 -3.440230470845866972e-01 4.005074686401225437e-01 -8.492596249899776462e-01 8.928785388876729900e-01 4.194097642775548307e-01 -1.639004710867534576e-01 2.526523228380251895e-01 -4.382353996825137377e-01 6.841522544254120541e-01
1.589264473673461914e+09 1.102362204724409434e-01 2.953847009612682317e-01 -8.109729092173507681e-01 -5.050453632631122236e-01 -3.416478020541457439e-01 4.040120786518938134e-01 -8.485582005112835002e-01 8.922021395343060490e-01 4.231987486027370959e-01 -1.577281249222340920e-01 2.514365208755556802e-01 -4.388468107184471667e-01 6.826106734386798713e-01
1.589264473678419113e+09 1.102362204724409434e-01 2.999894519051604092e-01 -8.074294438213049929e-01 -5.080000216496644017e-01 -3.394142809367247660e-01 4.073357483924883171e-01 -8.478652805592039599e-01 8.915179609193788490e-01 4.267731028684320083e-01 -1.518566561801069359e-01 2.502972391653892070e-01 -4.394210816635025774e-01 6.811284151586783908e-01
1.589264473682583094e+09 1.181102362204724393e-01 3.043698069945471318e-01 -8.040362503093901880e-01 -5.107687625320460612e-01 -3.373131498076060164e-01 4.104875854724812645e-01 -8.471834400764947093e-01 8.908304325498617171e-01 4.301460802580767684e-01 -1.462719729874403241e-01 2.492299884993589010e-01 -4.399600906838839198e-01 6.797037752944397049e-01
1.589264473688684940e+09 1.181102362204724393e-01 3.088112224312433152e-01 -8.006057195385629655e-01 -5.134842848059333331e-01 -3.351754008689328823e-01 4.136353475843005389e-01 -8.465005905970560685e-01 8.901084650495528772e-01 4.335161831707724511e-01 -1.406081056560183062e-01 2.478952288879886501e-01 -4.406866115894371161e-01 6.780321881983228938e-01
1.589264473694040060e+09 1.181102362204724393e-01 3.130342001524428208e-01 -7.973226229678752608e-01 -5.160292864155554549e-01 -3.331643321871246566e-01 4.166209023817138424e-01 -8.458300960931535162e-01 8.893880577640040919e-01 4.366963001930211363e-01 -1.352228682749300470e-01 2.466431840273577980e-01 -4.413701883993038644e-01 6.764262478690632463e-01
1.589264473698735952e+09 1.181102362204724393e-01 3.170493602317243642e-01 -7.941821096441652461e-01 -5.184153546123003720e-01 -3.312716046122359814e-01 4.194524476944964664e-01 -8.451738094029712656e-01 8.886725083821870319e-01 4.396981019338595531e-01 -1.301028516269824298e-01 2.454690307581854913e-01 -4.420130300823683633e-01 6.748839147325815802e-01
1.589264473703577995e+09 1.181102362204724393e-01 3.208668427528887368e-01 -7.911793059292365760e-01 -5.206532196108306643e-01 -3.294894958990435829e-01 4.221377915987447049e-01 -8.445332184090383887e-01 8.879646058903399863e-01 4.425324742586306814e-01 -1.252352502794132627e-01 2.443682123652647920e-01 -4.426172595162859991e-01 6.734031591773524950e-01
1.589264473708247900e+09 1.259842519685039353e-01 3.244963208485980855e-01 -7.883093453493930092e-01 -5.227528228432013480e-01 -3.278108508308983371e-01 4.246843669906666396e-01 -8.439094942653859732e-01 8.872666926202325000e-01 4.452095736488025368e-01 -1.206078426065458897e-01 2.433364247524619217e-01 -4.431849125024685532e-01 6.719819689452549705e-01
1.589264473712527990e+09 1.259842519685039353e-01 3.277056533420971696e-01 -7.857462779763176863e-01 -5.246063204098786459e-01 -3.264581751364968865e-01 4.268919106144358766e-01 -8.433198423721006698e-01 8.865856217276348872e-01 4.476227019469850577e-01 -1.166184035540835107e-01 2.420412380839424282e-01 -4.439518873303560098e-01 6.702699450510898327e-01
1.589264473723507881e+09 1.259842519685039353e-01 3.307555643007577539e-01 -7.832992914450639388e-01 -5.263487215770055183e-01 -3.251841583288624937e-01 4.289851280767368324e-01 -8.427496799530302951e-01 8.859210009115013884e-01 4.499044119706387956e-01 -1.128273026945035284e-01 2.408246833054841773e-01 -4.446744797000866112e-01 6.686291965424386863e-01
1.589264473727987051e+09 1.259842519685039353e-01 3.336540539686724816e-01 -7.809638345478022714e-01 -5.279871791991382901e-01 -3.239836973373450002e-01 4.309699051781525903e-01 -8.421992072487113346e-01 8.852737069008056459e-01 4.520624182113868739e-01 -1.092246946023625459e-01 2.396822023236265808e-01 -4.453550433683585719e-01 6.670570933185770990e-01
1.589264473734411955e+09 1.338582677165354451e-01 3.364087165349091135e-01 -7.787354549391410918e-01 -5.295283435851797504e-01 -3.228520704977633216e-01 4.328518297873474863e-01 -8.416684822571489644e-01 8.846444008835653294e-01 4.541039359777387929e-01 -1.058012254885709325e-01 2.386094913502782022e-01 -4.459958213385282200e-01 6.655510717635301221e-01
1.589264473750756025e+09 1.338582677165354451e-01 3.406136990584746060e-01 -7.754690749195268795e-01 -5.316295908404233828e-01 -3.206206731869563620e-01 4.357459420094141889e-01 -8.410278580091572476e-01 8.838465318927520853e-01 4.569170470290871977e-01 -1.002103796788188644e-01 2.372821689160025671e-01 -4.468457544734177334e-01 6.637835680524424298e-01
1.589264473759072065e+09 1.338582677165354451e-01 3.446094867711886889e-01 -7.723472096231590589e-01 -5.335954360886324688e-01 -3.185173336066548511e-01 4.384931603456405647e-01 -8.403989865071229692e-01 8.830577613154221295e-01 4.595688589508781230e-01 -9.489707088832105564e-02 2.360375259161247852e-01 -4.476461005555488204e-01 6.620871345825248833e-01
1.589264473763957024e+09 1.338582677165354451e-01 3.484064590179416498e-01 -7.693646011052512890e-01 -5.354353834784704169e-01 -3.165339542487212721e-01 4.411007898758108614e-01 -8.397835131619363347e-01 8.822806781984108282e-01 4.620694793395179745e-01 -8.984765517618692465e-02 2.348707071588665984e-01 -4.483994713133679366e-01 6.604593858069175427e-01
1.589264473769161940e+09 1.338582677165354451e-01 3.520144971955682656e-01 -7.665160476298276127e-01 -5.371582099252500964e-01 -3.146630164878537195e-01 4.435757940168120750e-01 -8.391827578168651325e-01 8.815174302411245000e-01 4.644283192143892625e-01 -8.504914163459587062e-02 2.337771287943495313e-01 -4.491083605383668909e-01 6.588979710540550094e-01
1.589264473773627043e+09 1.417322834645669272e-01 3.554430042717104388e-01 -7.637964230251697018e-01 -5.387720249681275941e-01 -3.128975338613888546e-01 4.459248072364250803e-01 -8.385977579236770785e-01 8.807697792373222478e-01 4.666541443779460563e-01 -8.048916397332747663e-02 2.327524639706077259e-01 -4.497751468458605073e-01 6.574005801678085570e-01
1.589264473779556036e+09 1.417322834645669272e-01 3.601596505512553725e-01 -7.601258058424870123e-01 -5.408269458959191756e-01 -3.101792610562039143e-01 4.491755381711786121e-01 -8.378724019319763183e-01 8.798146691919979112e-01 4.695211339236413095e-01 -7.400035590207039438e-02 2.315120702653716833e-01 -4.506345795208713811e-01 6.556840368698844124e-01
1.589264473788825035e+09 1.417322834645669272e-01 3.646409402604207650e-01 -7.566168714147044616e-01 -5.427410935028053052e-01 -3.076161174445323776e-01 4.522628332810550988e-01 -8.371562900205338220e-01 8.788681977261141309e-01 4.722173646989457629e-01 -6.783399960517451366e-02 2.303511105748008991e-01 -4.514431944437639621e-01 6.540351020170016572e-01
1.589264473795703888e+09 1.417322834645669272e-01 3.688985234332532448e-01 -7.532638445242931802e-01 -5.445249855986837861e-01 -3.051984196188903820e-01 4.551946804934536295e-01 -8.364518680190714539e-01 8.779338267038678811e-01 4.747540240829393188e-01 -6.197428939615731713e-02 2.292648511491012508e-01 -4.522036825540721727e-01 6.524516475988909603e-01
1.589264473801163912e+09 1.417322834645669272e-01 3.729435042945851708e-01 -7.500609925476579010e-01 -5.461882917665819015e-01 -3.029171588776959356e-01 4.579787110186255839e-01 -8.357611471653744184e-01 8.770144454123542932e-01 4.771414965313123258e-01 -5.640615946791785462e-02 2.282488240820083614e-01 -4.529186130858257053e-01 6.509315611988866213e-01
1.589264473806402922e+09 1.496062992125984370e-01 3.767864598779024909e-01 -7.470026501902281568e-01 -5.477399056682410450e-01 -3.007639492106304879e-01 4.606222100992600765e-01 -8.350857599184040581e-01 8.761124417036337819e-01 4.793894243431419677e-01 -5.111525525758452149e-02 2.272988133571610947e-01 -4.535904364413552714e-01 6.494727530748407585e-01
1.589264473811557055e+09 1.496062992125984370e-01 3.811223858256209129e-01 -7.435687282379559448e-01 -5.494099320263288178e-01 -2.982537921784578772e-01 4.636036844303261240e-01 -8.343358431913348028e-01 8.750945105951445369e-01 4.818476628242738813e-01 -4.508245065464940027e-02 2.261296330410154654e-01 -4.544695461482221033e-01 6.477574135059669391e-01
1.589264473816148996e+09 1.496062992125984370e-01 3.852408629430806863e-01 -7.402891136628997337e-01 -5.509641600967062347e-01 -2.958853155195365625e-01 4.664352766008768580e-01 -8.336006314789882188e-01 8.740945930382906237e-01 4.841592309710327502e-01 -3.935074950700880730e-02 2.250360049440820465e-01 -4.552967191105209421e-01 6.461108709216386581e-01
1.589264473819772005e+09 1.496062992125984370e-01 3.891527849638374281e-01 -7.371579289060985474e-01 -5.524113483680078707e-01 -2.936498007204294547e-01 4.691243513593675307e-01 -8.328818268509071698e-01 8.731150579916377996e-01 4.863337648287684445e-01 -3.390523109690871117e-02 2.240133904175709567e-01 -4.560747390450884398e-01 6.445308320549849590e-01
1.589264473824081898e+09 1.574803149606299191e-01 3.928685152486495746e-01 -7.341693947536619413e-01 -5.537595412571805209e-01 -2.915391296919281339e-01 4.716779364531518137e-01 -8.321807857201279912e-01 8.721578214892040659e-01 4.883802044210411863e-01 -2.873169582303558220e-02 2.230575083851887019e-01 -4.568062569317736799e-01 6.430150378922844245e-01
1.589264473826859951e+09 1.574803149606299191e-01 3.974200513112693955e-01 -7.305319321640482144e-01 -5.553200868908043653e-01 -2.888292477249777557e-01 4.748211823517986541e-01 -8.313377836046327296e-01 8.709965375788649711e-01 4.907829875603903491e-01 -2.229552975208709542e-02 2.219001792222735636e-01 -4.577433411576276034e-01 6.412594887471453342e-01
1.589264473829682112e+09 1.574803149606299191e-01 4.017424176996687302e-01 -7.270581593516480812e-01 -5.567669734646786273e-01 -2.862724291455531755e-01 4.778068620813171741e-01 -8.305111070052639821e-01 8.698569572820169515e-01 4.930385740164744957e-01 -1.618142144165046412e-02 2.208188006804872594e-01 -4.586250018806204976e-01 6.395740320225025144e-01
1.589264473833751917e+09 1.574803149606299191e-01 4.058471462138092956e-01 -7.237418258029346685e-01 -5.581091859963791535e-01 -2.838592608107485815e-01 4.806426844329404480e-01 -8.297026756333090169e-01 8.687416267004142156e-01 4.951569241003613286e-01 -1.037335786458920897e-02 2.198087691732115712e-01 -4.594542167501913243e-01 6.379563629089467502e-01
