1.586177201996150970e+09 0.000000000000000000e+00 1.142044440810521810e-01 -9.140324748835484403e-01 -3.892325523519239439e-01 -5.179943852716519803e-01 2.795367505334742098e-01 -8.084188406563949103e-01 8.477258765539605889e-01 2.939453009650631610e-01 -4.415393507507313631e-01 4.000027637721136897e-01 -4.999992844809221793e-01 8.499995348960531771e-01
1.586177201997108936e+09 1.456953642384105907e-01 1.142044440810521810e-01 -9.140324748835484403e-01 -3.892325523519239439e-01 -5.179943852716519803e-01 2.795367505334742098e-01 -8.084188406563949103e-01 8.477258765539605889e-01 2.939453009650631610e-01 -4.415393507507313631e-01 4.000027637721136897e-01 -4.999992844809221793e-01 8.499995348960531771e-01
1.586177201999911070e+09 1.523178807947019875e-01 1.147949916670245596e-01 -9.138227598601011969e-01 -3.895511178906250760e-01 -5.175232024980496170e-01 2.797102148330327109e-01 -8.086605781131049886e-01 8.479338681550173673e-01 2.944319263933967146e-01 -4.408151494174661345e-01 3.963055040608000623e-01 -4.960971910514351269e-01 8.452195562998915390e-01
1.586177202004965067e+09 1.523178807947019875e-01 1.158885824318409141e-01 -9.134214467372140378e-01 -3.901680370076891502e-01 -5.159815442235333727e-01 2.802901373081636560e-01 -8.094445533503011880e-01 8.487242676409318953e-01 2.951248880868331814e-01 -4.388261819320926072e-01 3.923897056985320986e-01 -4.922695955349440378e-01 8.403164489929886294e-01
1.586177202009921074e+09 1.589403973509933843e-01 1.168645641716286876e-01 -9.130620626661186678e-01 -3.907177284957368268e-01 -5.144785697911148370e-01 2.808541689842531941e-01 -8.102053671692467374e-01 8.495024866747973302e-01 2.957001952722680960e-01 -4.369289640768603267e-01 3.887305220160573449e-01 -4.884353143014204535e-01 8.353620662733824975e-01
1.586177202015201092e+09 1.589403973509933843e-01 1.181147587778020314e-01 -9.125933137817227037e-01 -3.914362622442586481e-01 -5.123132677833724946e-01 2.816774149341753630e-01 -8.112909154977164805e-01 8.506374194755271789e-01 2.963634214219003082e-01 -4.342634028226658449e-01 3.849316255870262604e-01 -4.846520898542920341e-01 8.302852131754118181e-01
1.586177202019895077e+09 1.589403973509933843e-01 1.192960517135039505e-01 -9.121495710424741832e-01 -3.921117341939660550e-01 -5.102516818093915107e-01 2.824622969027461572e-01 -8.123166082502020213e-01 8.517110268490460934e-01 2.969818359352225379e-01 -4.317292159077121827e-01 3.813724464736745756e-01 -4.810166921179449551e-01 8.254061397776781828e-01
1.586177202024904013e+09 1.589403973509933843e-01 1.204207570653055004e-01 -9.117265144175152880e-01 -3.927513261287691182e-01 -5.082937430383916988e-01 2.832089247582065261e-01 -8.132835764512411636e-01 8.527228811611894388e-01 2.975692656263218550e-01 -4.293206495135907796e-01 3.780358182187915084e-01 -4.775467341727868686e-01 8.207542925248629828e-01
1.586177202029956102e+09 1.655629139072847811e-01 1.214914284131241029e-01 -9.113232520068952347e-01 -3.933570428678198061e-01 -5.064342802750063655e-01 2.839191200498764611e-01 -8.141954636525803313e-01 8.536768431815840996e-01 2.981272607825069532e-01 -4.270315957793335282e-01 3.749085846653797960e-01 -4.742344731140851755e-01 8.163194217520199913e-01
1.586177202034889936e+09 1.655629139072847811e-01 1.225416579954779067e-01 -9.109239616824416075e-01 -3.939556803607291435e-01 -5.046220610610412383e-01 2.846192480410947856e-01 -8.150757382814365348e-01 8.545993900923556374e-01 2.986794597512313354e-01 -4.247946124617007491e-01 3.716418507724290055e-01 -4.711615971035993944e-01 8.120888455840399311e-01
1.586177202040123940e+09 1.655629139072847811e-01 1.235413478474412519e-01 -9.105434418939915009e-01 -3.945227189857144490e-01 -5.029013887346721612e-01 2.852849686416364938e-01 -8.159060484368766408e-01 8.554693031200918396e-01 2.992041562060659965e-01 -4.226690718851338624e-01 3.685732485487411836e-01 -4.682296945027695223e-01 8.080543409763850660e-01
1.586177202045030117e+09 1.655629139072847811e-01 1.244927946079898429e-01 -9.101808707067254867e-01 -3.950599026606467223e-01 -5.012676492306356035e-01 2.859179484101236346e-01 -8.166894578796389803e-01 8.562898387377286813e-01 2.997027016503064911e-01 -4.206495010076940488e-01 3.656913125294407596e-01 -4.654321472357890732e-01 8.042070838662555010e-01
1.586177202050165892e+09 1.655629139072847811e-01 1.253982050980348983e-01 -9.098354563178910892e-01 -3.955688721133223673e-01 -4.997164522328793046e-01 2.865197773018196559e-01 -8.174288253925843240e-01 8.570640335039008129e-01 3.001763808858560756e-01 -4.187306805481225136e-01 3.629852184106551749e-01 -4.627626647187026432e-01 8.005386507348982716e-01
1.586177202055097103e+09 1.721854304635761501e-01 1.262596986750543493e-01 -9.095064364323327544e-01 -3.960511716667977633e-01 -4.982436222940297976e-01 2.870919713855707434e-01 -8.181268195147197719e-01 8.577947198099372672e-01 3.006264160949690400e-01 -4.169076355886107144e-01 3.604447474921267380e-01 -4.602152655011508275e-01 7.970409975503641720e-01
1.586177202060159922e+09 1.721854304635761501e-01 1.277995399586299707e-01 -9.089066106526051403e-01 -3.969333076202552490e-01 -4.956753747731024173e-01 2.881161498199436566e-01 -8.193259467736121460e-01 8.590536656285840955e-01 3.014595450884338668e-01 -4.137015134673397987e-01 3.576688899121484577e-01 -4.579053101461853514e-01 7.936811112472833551e-01
1.586177202065203905e+09 1.721854304635761501e-01 1.292666537214876288e-01 -9.083343936872207980e-01 -3.977672202187083617e-01 -4.932354115666801597e-01 2.890906453671857057e-01 -8.204544030827258805e-01 8.602377351710958076e-01 3.022502737898734582e-01 -4.106529081616859256e-01 3.550608620540411930e-01 -4.557002483069608756e-01 7.904733735676489070e-01
1.586177202070182085e+09 1.721854304635761501e-01 1.306642367048145015e-01 -9.077886341029429706e-01 -3.985557088285922589e-01 -4.909174108407056147e-01 2.900177804724820563e-01 -8.215167574330259903e-01 8.613518171919103406e-01 3.030007967041151717e-01 -4.077542939281760814e-01 3.526110128139891553e-01 -4.535952155548595432e-01 7.874112008520300909e-01
1.586177202075119019e+09 1.788079470198675469e-01 1.319953688354854326e-01 -9.072682171702287635e-01 -3.993013958387059414e-01 -4.887153433819135806e-01 2.908997803432017415e-01 -8.225172526697389630e-01 8.624004497616420961e-01 3.037131869198829159e-01 -4.049984744932822456e-01 3.503102236323719088e-01 -4.515855815340221735e-01 7.844882875317160664e-01
1.586177202080157042e+09 1.788079470198675469e-01 1.334766210176071000e-01 -9.066814462288526055e-01 -4.001409085635688756e-01 -4.863053530968898808e-01 2.918824373816428230e-01 -8.235968348029638619e-01 8.635340729762962519e-01 3.045215884178126831e-01 -4.019645593786358995e-01 3.478073668831386800e-01 -4.497662962128969322e-01 7.816667833872646964e-01
1.586177202085324049e+09 1.788079470198675469e-01 1.348877076157789512e-01 -9.061218254912380976e-01 -4.009345878102638094e-01 -4.840161435782183164e-01 2.928171575179975838e-01 -8.246129304217522105e-01 8.646003001906890084e-01 3.052889608739665084e-01 -3.990801564581532568e-01 3.454524607384032997e-01 -4.480299107624695076e-01 7.789716497092606939e-01
1.586177202090168953e+09 1.788079470198675469e-01 1.362317282346099112e-01 -9.055882122488356778e-01 -4.016850831910107056e-01 -4.818417138507229414e-01 2.937062072668913948e-01 -8.255696376480277099e-01 8.656035345443140461e-01 3.060174074278382284e-01 -3.963380720237900112e-01 3.432371336216702429e-01 -4.463725644829220074e-01 7.763974807069692341e-01
1.586177202095160007e+09 1.788079470198675469e-01 1.375116690967627675e-01 -9.050795008081068405e-01 -4.023948782963948645e-01 -4.797763474497845348e-01 2.945517548930468021e-01 -8.264707618041730042e-01 8.665478620883938499e-01 3.067089188569098734e-01 -3.937314335986643599e-01 3.411534698632874840e-01 -4.447905817387854954e-01 7.739390948386483116e-01
1.586177202100177050e+09 1.854304635761589437e-01 1.387304050747890372e-01 -9.045946223150654886e-01 -4.030663022214199809e-01 -4.778146015761196019e-01 2.953558733395963976e-01 -8.273198381547842706e-01 8.674370762357573872e-01 3.073653808783097241e-01 -3.912536790997531155e-01 3.391939856777645979e-01 -4.432804628946756531e-01 7.715915249832956402e-01
1.586177202105432987e+09 1.854304635761589437e-01 1.391443882603343729e-01 -9.044231846602239777e-01 -4.033082472064214996e-01 -4.772002509098090539e-01 2.956243298558169919e-01 -8.275785014902903303e-01 8.677089141799065874e-01 3.076117010881703195e-01 -3.904565041158484240e-01 3.370227651348465248e-01 -4.419277984492840927e-01 7.692829880716745006e-01
1.586177202110656023e+09 1.854304635761589437e-01 1.395375249989975197e-01 -9.042602667093200264e-01 -4.035376675949142178e-01 -4.766179661517491173e-01 2.958790484469071003e-01 -8.278229901564241322e-01 8.679657789674224411e-01 3.078456735784054765e-01 -3.897004590714944761e-01 3.349733621998627342e-01 -4.406384043257259298e-01 7.670800627159978236e-01
1.586177202115858078e+09 1.854304635761589437e-01 1.399108497917723737e-01 -9.041054541157401703e-01 -4.037552252896741134e-01 -4.760660225054998418e-01 2.961207454602173827e-01 -8.280541324840291484e-01 8.682085557781245022e-01 3.080679015188964587e-01 -3.889833823280970382e-01 3.330391091627680211e-01 -4.394092545014041673e-01 7.649780350756008040e-01
1.586177202120471001e+09 1.854304635761589437e-01 1.402653504015591301e-01 -9.039583511523937576e-01 -4.039615462622318520e-01 -4.755427909836403844e-01 2.963500983425253477e-01 -8.282727045821715040e-01 8.684380723000447722e-01 3.082789622958740372e-01 -3.883032268544281407e-01 3.312136950036127514e-01 -4.382374728946232256e-01 7.629723984645928603e-01
1.586177202125840902e+09 1.920529801324503405e-01 1.406019691056998311e-01 -9.038185801138786113e-01 -4.041572225316927280e-01 -4.750467330711162783e-01 2.965677479055415788e-01 -8.284794338429255500e-01 8.686551028354461135e-01 3.084794079726674854e-01 -3.876580544433111952e-01 3.294911466971696123e-01 -4.371203256463160880e-01 7.610588439243137771e-01
1.586177202130918026e+09 1.920529801324503405e-01 1.419829445467717666e-01 -9.032576917235050074e-01 -4.049276303244245812e-01 -4.729174111177814610e-01 2.974681418385054510e-01 -8.293743586902129206e-01 8.695918385768599546e-01 3.092543402015119347e-01 -3.849308864550153308e-01 3.274224575663408077e-01 -4.361970750734046054e-01 7.591314785150872213e-01
1.586177202138277054e+09 1.920529801324503405e-01 1.432979764427692315e-01 -9.027230014853379059e-01 -4.056561013182345410e-01 -4.708953360605057648e-01 2.983243166427541615e-01 -8.302169503064226186e-01 8.704730164823437644e-01 3.099899751426420380e-01 -3.823387802554081838e-01 3.254702768529844081e-01 -4.353160586308262303e-01 7.572880726729964707e-01
1.586177202144424915e+09 1.920529801324503405e-01 1.445500216631004087e-01 -9.022133878254721129e-01 -4.063450431169076671e-01 -4.689751123079828332e-01 2.991383928946569348e-01 -8.310105690856864902e-01 8.713022640122725093e-01 3.106883079951452964e-01 -3.798751637080287624e-01 3.236282380623304866e-01 -4.344752759775751816e-01 7.555251399275214608e-01
1.586177202148205042e+09 1.920529801324503405e-01 1.457419270590044891e-01 -9.017277665765015549e-01 -4.069967145838921385e-01 -4.671516096545917929e-01 2.999123950051427179e-01 -8.317583356476826451e-01 8.720829457650524086e-01 3.113512330266791639e-01 -3.775337672295219216e-01 3.218903126529906733e-01 -4.336728248851450807e-01 7.538393327544532507e-01
1.586177202151118994e+09 1.986754966887417095e-01 1.468764310576783083e-01 -9.012650908275537942e-01 -4.076132358687093449e-01 -4.654199516581402074e-01 3.006482548459871174e-01 -8.324631496087960825e-01 8.728181841588161793e-01 3.119805489348069782e-01 -3.753086123286316078e-01 3.202507926452985432e-01 -4.329068965829484528e-01 7.522274367994369326e-01
1.586177202155554056e+09 1.986754966887417095e-01 1.496063037069219337e-01 -9.001423703776952889e-01 -4.090986029577421412e-01 -4.611311327641351432e-01 3.024805353921506956e-01 -8.341843945462795729e-01 8.746290826898094339e-01 3.134473460721942661e-01 -3.698306760579498365e-01 3.183455746907744022e-01 -4.323042261647441764e-01 7.505997044753845993e-01
1.586177202159969091e+09 1.986754966887417095e-01 1.522501983606036335e-01 -8.990627458018480844e-01 -4.104948918201034580e-01 -4.570465764190128066e-01 3.042129308478205285e-01 -8.358007655468130404e-01 8.763151853544570713e-01 3.148661172883179260e-01 -3.645970708891705936e-01 3.164782308424527457e-01 -4.317381999702948336e-01 7.490376564144770599e-01
1.586177202165178061e+09 1.986754966887417095e-01 1.547723628583531075e-01 -8.980308674916306355e-01 -4.118083009453202825e-01 -4.531641555827940482e-01 3.058630067676107456e-01 -8.373112140572402939e-01 8.778882410592908636e-01 3.162093960073065202e-01 -3.596162594857453820e-01 3.147184361737069835e-01 -4.311965328412469267e-01 7.475376555062966943e-01
1.586177202169924021e+09 1.986754966887417095e-01 1.571778107872427166e-01 -8.970449590981739441e-01 -4.130441588410195819e-01 -4.494741408645825942e-01 3.074343967945101785e-01 -8.387234874269595686e-01 8.793566582963792122e-01 3.174813900438123726e-01 -3.548766468586985745e-01 3.130602732831336832e-01 -4.306781091004662776e-01 7.460975257303672503e-01
1.586177202175215006e+09 2.052980132450331063e-01 1.594714111684988889e-01 -8.961032762372650451e-01 -4.142074206683979964e-01 -4.459672250793151882e-01 3.089306076199402895e-01 -8.400447094236294099e-01 8.807281664480718364e-01 3.186860492591638838e-01 -3.503670915377224970e-01 3.114981365188879692e-01 -4.301818641543173616e-01 7.447151545016718055e-01
1.586177202179910898e+09 2.052980132450331063e-01 1.617768503259033319e-01 -8.951508341825755721e-01 -4.153712011693510564e-01 -4.425211349715666431e-01 3.104166601728696184e-01 -8.413183358221771879e-01 8.820449511233012796e-01 3.199163658667065202e-01 -3.459049335417647697e-01 3.096545519348654074e-01 -4.298216012075816717e-01 7.432918931012334474e-01
1.586177202185050964e+09 2.052980132450331063e-01 1.639745080028472413e-01 -8.942413281881194109e-01 -4.164670547421155944e-01 -4.392472328203302911e-01 3.118311814033796758e-01 -8.425100490583212753e-01 8.832747189775708163e-01 3.210821721381001970e-01 -3.416606643296424828e-01 3.079150375304435805e-01 -4.294765884883379181e-01 7.419243974116469520e-01
1.586177202189903975e+09 2.052980132450331063e-01 1.660689646006675568e-01 -8.933730851793668659e-01 -4.174992570934251690e-01 -4.361370308281229402e-01 3.131774370200983704e-01 -8.436257364980939144e-01 8.844238742463317315e-01 3.221869389323876454e-01 -3.376240320896704006e-01 3.062739399221710013e-01 -4.291460968947178878e-01 7.406107476937617839e-01
1.586177202194967031e+09 2.052980132450331063e-01 1.680646581615806157e-01 -8.925444697537078254e-01 -4.184717913899377306e-01 -4.331824358030892941e-01 3.144585636207880563e-01 -8.446708169915977393e-01 8.854983049044944377e-01 3.232339420259313090e-01 -3.337852164695786494e-01 3.047259018347375781e-01 -4.288294344299836136e-01 7.393490787023159205e-01
1.586177202200186014e+09 2.119205298013245031e-01 1.699658830959806799e-01 -8.917538863562948226e-01 -4.193883698337945720e-01 -4.303757350688400818e-01 3.156775711603844181e-01 -8.456502809851338398e-01 8.865034265288312954e-01 3.242262747445444626e-01 -3.301348171852163671e-01 3.032658472223619395e-01 -4.285259450746810583e-01 7.381375781728320984e-01
1.586177202207922935e+09 2.119205298013245031e-01 1.723996555165137334e-01 -8.907377049712253969e-01 -4.205528500918539470e-01 -4.267967089303676409e-01 3.172399722765836816e-01 -8.468786036003975726e-01 8.877628782642322802e-01 3.254921518755042875e-01 -3.254718590653565280e-01 3.015370009272754781e-01 -4.283554083422910774e-01 7.368549040220213620e-01
1.586177202211060047e+09 2.119205298013245031e-01 1.747342978934870728e-01 -8.897618972071782428e-01 -4.216535205805270747e-01 -4.233931140254055814e-01 3.187284534981423278e-01 -8.480273839485094056e-01 8.889354285523441979e-01 3.267046666470581617e-01 -3.210262678590252716e-01 2.998763082676020320e-01 -4.281913554222617213e-01 7.356314037530279348e-01
1.586177202214982033e+09 2.119205298013245031e-01 1.769590834919262945e-01 -8.888303097607705983e-01 -4.226892040498196890e-01 -4.201600368321714019e-01 3.201451570431412263e-01 -8.491010669355036899e-01 8.900286659534544231e-01 3.278532581390569689e-01 -3.167983821119026433e-01 2.983092006380811956e-01 -4.280333684820620266e-01 7.344541743372033915e-01
1.586177202220273972e+09 2.119205298013245031e-01 1.790787418130012632e-01 -8.879412020176629117e-01 -4.236640484984536270e-01 -4.170890168224696271e-01 3.214933733420101136e-01 -8.501051481688840505e-01 8.910485712219834431e-01 3.289413817940859963e-01 -3.127778941464043339e-01 2.968306073676215684e-01 -4.278811368081950617e-01 7.333217453640441530e-01
1.586177202226604939e+09 2.185430463576158999e-01 1.810978519006090637e-01 -8.870928733832579294e-01 -4.245819143929943085e-01 -4.141719940885905671e-01 3.227762605376975902e-01 -8.510446785839040906e-01 8.920006319222342217e-01 3.299723013010870676e-01 -3.089549368830331599e-01 2.954357227480437498e-01 -4.277343697758024810e-01 7.322326794513720483e-01
1.586177202233823061e+09 2.185430463576158999e-01 1.835035715607506168e-01 -8.860779062626571445e-01 -4.256669863374822338e-01 -4.107222059481455134e-01 3.243022521078405274e-01 -8.521357396676140228e-01 8.931034143734629671e-01 3.312008353113990999e-01 -3.044212507751289931e-01 2.937651124581371342e-01 -4.277170051465900014e-01 7.310463605858517067e-01
1.586177202237472057e+09 2.185430463576158999e-01 1.858135083907939966e-01 -8.851033381666321143e-01 -4.266912477023506178e-01 -4.074398033998832824e-01 3.257548783629599654e-01 -8.531568237013623657e-01 8.941287081315353324e-01 3.323790606957928162e-01 -3.000966732671551118e-01 2.921551115730138815e-01 -4.276992007088725178e-01 7.299133288091080862e-01
1.586177202240426064e+09 2.185430463576158999e-01 1.880139018872833412e-01 -8.841732203234505816e-01 -4.276546377159705092e-01 -4.043225165814737232e-01 3.271372601090957177e-01 -8.541103650193795360e-01 8.950832784061730774e-01 3.334950217187250265e-01 -2.959847888092971835e-01 2.906353558793453029e-01 -4.276806242591363327e-01 7.288220361420904014e-01
1.586177202244913101e+09 2.185430463576158999e-01 1.901095430046747525e-01 -8.832857790019692512e-01 -4.285610741439753735e-01 -4.013620791166134794e-01 3.284526386646792750e-01 -8.550013716956241794e-01 8.959725682774795086e-01 3.345520837883003695e-01 -2.920754356791462891e-01 2.892009764806313110e-01 -4.276612711260979194e-01 7.277712408094535457e-01
1.586177202249932051e+09 2.251655629139072967e-01 1.921050653802380270e-01 -8.824392828849504378e-01 -4.294142008326562454e-01 -3.985506244954766797e-01 3.297041220786479654e-01 -8.558344416992188508e-01 8.968015630949355277e-01 3.355534292863691648e-01 -2.883588953450850201e-01 2.878473582276740994e-01 -4.276411455755377289e-01 7.267597220496093691e-01
1.586177202255515099e+09 2.251655629139072967e-01 1.945815624168531488e-01 -8.813758222564889167e-01 -4.304819107803656841e-01 -3.950453435603106800e-01 3.312875467331318213e-01 -8.568475581518915085e-01 8.978180172500058731e-01 3.367866109589890966e-01 -2.837209660564869451e-01 2.862800913071858466e-01 -4.277347125669468397e-01 7.256520625009448278e-01
1.586177202260209084e+09 2.251655629139072967e-01 1.969884076940771611e-01 -8.803523625202975822e-01 -4.314803414283006067e-01 -3.916951932837774986e-01 3.327834925898192076e-01 -8.578053524070049507e-01 8.987605035784207441e-01 3.379864862160212313e-01 -2.792752984830759178e-01 2.847216499166248527e-01 -4.278283411533974068e-01 7.245853699828010974e-01
1.586177202265119076e+09 2.251655629139072967e-01 1.992805897496768841e-01 -8.793756514156056969e-01 -4.324184434623482565e-01 -3.885139696586881741e-01 3.342071356701452611e-01 -8.586981342981975240e-01 8.996355606183367160e-01 3.391224766430800397e-01 -2.750487300577749705e-01 2.832504918900592417e-01 -4.279159061723793456e-01 7.235568936611077584e-01
1.586177202270118952e+09 2.251655629139072967e-01 2.014631675725314652e-01 -8.784438209108165196e-01 -4.333001795698306902e-01 -3.854931767544493848e-01 3.355618068666639808e-01 -8.595308513649423388e-01 9.004485564358493122e-01 3.401980706529433296e-01 -2.710307545955070729e-01 2.818619158323433238e-01 -4.279976417391032073e-01 7.225655853446524279e-01
1.586177202275087118e+09 2.251655629139072967e-01 2.035410317564739779e-01 -8.775550469854520585e-01 -4.341292294949408714e-01 -3.826247330915437672e-01 3.368507006407427951e-01 -8.603080373357355759e-01 9.012043952501200827e-01 3.412165661104421543e-01 -2.672113264696377444e-01 2.805514649011298656e-01 -4.280737823646081908e-01 7.216104067036873682e-01
1.586177202280124903e+09 2.317880794701986658e-01 2.055189023838129569e-01 -8.767075524855942881e-01 -4.349090113778648625e-01 -3.799009542145554419e-01 3.380768787166636979e-01 -8.610338489653402982e-01 9.019075594260328455e-01 3.421810799736263453e-01 -2.635808467211904760e-01 2.793149144451736454e-01 -4.281445622986685962e-01 7.206903297655435914e-01
1.586177202285123110e+09 2.317880794701986658e-01 2.075810087360702993e-01 -8.758239482200085302e-01 -4.357092339352374166e-01 -3.771312063175212281e-01 3.393275089183571125e-01 -8.617591861493286709e-01 9.025974617921361798e-01 3.432043901461317992e-01 -2.598625955208155314e-01 2.777382296334305889e-01 -4.283487959778132237e-01 7.196187457223757189e-01
1.586177202290143013e+09 2.317880794701986658e-01 2.095431659502802746e-01 -8.749815061005874472e-01 -4.364619405921671413e-01 -3.745021747979171423e-01 3.405171456871180502e-01 -8.624361973877997523e-01 9.032384971175462240e-01 3.441735571990464093e-01 -2.563294361749954842e-01 2.762490637150794570e-01 -4.285416337603662473e-01 7.185863382416215472e-01
1.586177202295120001e+09 2.317880794701986658e-01 2.114099781821100199e-01 -8.741784948870967575e-01 -4.371701959214164823e-01 -3.720066504725351164e-01 3.416486584611340693e-01 -8.630685060734821779e-01 9.038345385795149012e-01 3.450915143098091664e-01 -2.529722783668554298e-01 2.748427199933047849e-01 -4.287235690414203937e-01 7.175919823750324111e-01
1.586177202300129890e+09 2.317880794701986658e-01 2.131858741147114045e-01 -8.734132341283890044e-01 -4.378368480693860532e-01 -3.696377922255030257e-01 3.427247919501390516e-01 -8.636594349287166628e-01 9.043891229092718698e-01 3.459610374480368566e-01 -2.497824552110810004e-01 2.735147462139441155e-01 -4.288950856071128137e-01 7.166345647346427095e-01
1.586177202307770967e+09 2.384105960264900625e-01 2.148751077252896713e-01 -8.726840956184813702e-01 -4.384645451283355477e-01 -3.673891094733841567e-01 3.437481705550548550e-01 -8.642120327098012922e-01 9.049054814290821147e-01 3.467847523963617506e-01 -2.467517075624709177e-01 2.722609221451909312e-01 -4.290566565500009699e-01 7.157129845320839845e-01
1.586177202312135935e+09 2.384105960264900625e-01 2.168942685119046310e-01 -8.718144738965942775e-01 -4.391997260826675520e-01 -3.647304752114649551e-01 3.449552587512947910e-01 -8.648569534390331270e-01 9.054990650126064633e-01 3.477720410904699966e-01 -2.431584888443412695e-01 2.706446890062637611e-01 -4.293590766037908013e-01 7.146041163780609828e-01
1.586177202317926884e+09 2.384105960264900625e-01 2.188147709271818786e-01 -8.709856078574740312e-01 -4.398910853032044765e-01 -3.622074747280689677e-01 3.461033939602305987e-01 -8.654583675372977680e-01 9.060495799210991352e-01 3.487069136027499128e-01 -2.397449626800198241e-01 2.691179515931833577e-01 -4.296452396428634413e-01 7.135362075338765875e-01
1.586177202320961952e+09 2.384105960264900625e-01 2.206412500989561043e-01 -8.701957556931569915e-01 -4.405414685683799458e-01 -3.598130926490759052e-01 3.471953602238410652e-01 -8.660195841881086487e-01 9.065605203807834966e-01 3.495922319111968157e-01 -2.365022077577089710e-01 2.676759093665485034e-01 -4.299158777354978311e-01 7.125080582500569193e-01
1.586177202331079006e+09 2.384105960264900625e-01 2.223781539031449705e-01 -8.694432299753066529e-01 -4.411535180826911540e-01 -3.575406792246508814e-01 3.482338192276722699e-01 -8.665436341268016873e-01 9.070350706374062932e-01 3.504307021312700887e-01 -2.334217291461541111e-01 2.663140118647136512e-01 -4.301717031298128990e-01 7.115184810404445725e-01
1.586177202334008932e+09 2.450331125827814593e-01 2.240297454869028537e-01 -8.687263985335494931e-01 -4.417296884158934955e-01 -3.553839325780152048e-01 3.492213147603245860e-01 -8.670332945063039531e-01 9.074761339024064455e-01 3.512248821026197065e-01 -2.304954415808317392e-01 2.650279459791592962e-01 -4.304134071751343216e-01 7.105663021722374850e-01
1.586177202337089062e+09 2.450331125827814593e-01 2.268534639854348223e-01 -8.674639087088387157e-01 -4.427684191147697179e-01 -3.515056506036332018e-01 3.510541376993907559e-01 -8.678737062486994169e-01 9.082848030609812495e-01 3.525157577920744467e-01 -2.252806184223444530e-01 2.636394044026344474e-01 -4.307704219980915128e-01 7.094643627108423445e-01
1.586177202341126919e+09 2.450331125827814593e-01 2.296607371116596019e-01 -8.662398086316933643e-01 -4.437167337063775974e-01 -3.477440168120975450e-01 3.527767179604321957e-01 -8.686902129277462858e-01 9.090269768278146367e-01 3.538038739284704581e-01 -2.202107494935029164e-01 2.621579734676386941e-01 -4.311131802066746066e-01 7.084040594165912363e-01
1.586177202349050999e+09 2.450331125827814593e-01 2.323582869958057684e-01 -8.650675855145679716e-01 -4.445983568979651190e-01 -3.441555548656613506e-01 3.544118015863173543e-01 -8.694534081544850190e-01 9.097068651601366573e-01 3.550356987520218444e-01 -2.153672957813700106e-01 2.607239767764122362e-01 -4.314384040286749489e-01 7.073809774101090797e-01
1.586177202351910114e+09 2.450331125827814593e-01 2.349253398851534336e-01 -8.639492238368045030e-01 -4.454231957494227401e-01 -3.407492860298054205e-01 3.559680850859002210e-01 -8.701589776991646152e-01 9.103296154415843056e-01 3.562000295228239244e-01 -2.107641578113232661e-01 2.593712031157388020e-01 -4.317459634142706837e-01 7.063934556433195677e-01
1.586177202354937077e+09 2.516556291390728561e-01 2.373678604247285995e-01 -8.628825410034042243e-01 -4.461952703345198334e-01 -3.375159201934823106e-01 3.574491717728147666e-01 -8.708117438429937573e-01 9.109003800928689998e-01 3.573007277216732058e-01 -2.063896497313498779e-01 2.580952513210860166e-01 -4.320366545303467865e-01 7.054406485120833237e-01
1.586177202360210896e+09 2.516556291390728561e-01 2.403943295796199531e-01 -8.614964489443994733e-01 -4.472520930774441239e-01 -3.333811836139574103e-01 3.594580194527529637e-01 -8.715772591476105280e-01 9.116290653100755925e-01 3.586276630536108234e-01 -2.007950362299425473e-01 2.568378226483548077e-01 -4.324375479253399490e-01 7.043343537925308429e-01
1.586177202365489960e+09 2.516556291390728561e-01 2.434085744292288356e-01 -8.601529696869683050e-01 -4.482065758475882178e-01 -3.293558403552349079e-01 3.613476006204807134e-01 -8.723259952275401741e-01 9.122921660949563361e-01 3.599510803769185308e-01 -1.953412998248488242e-01 2.554727981995532082e-01 -4.328194286368813870e-01 7.032702195645746945e-01
1.586177202370049953e+09 2.516556291390728561e-01 2.463714273513656072e-01 -8.588567883848134965e-01 -4.490725295875651057e-01 -3.254605561217795984e-01 3.631307896366095522e-01 -8.730472243967071222e-01 9.128945975268735191e-01 3.612492860383480497e-01 -1.900589570186870803e-01 2.540618905589811516e-01 -4.331820385027895237e-01 7.022445011966547135e-01
1.586177202375016928e+09 2.516556291390728561e-01 2.491905784242201272e-01 -8.576199999383622430e-01 -4.498799743601907819e-01 -3.217635165640064243e-01 3.648282914896752716e-01 -8.737096526518915995e-01 9.134398146747089164e-01 3.624751763010092276e-01 -1.850390540739582923e-01 2.527316833282555741e-01 -4.335249487199220875e-01 7.012535365191964187e-01
1.586177202380045891e+09 2.582781456953642252e-01 2.518726248809528556e-01 -8.564402193187601320e-01 -4.506332561727029451e-01 -3.182545778304624595e-01 3.664439919425046543e-01 -8.743184914315810241e-01 9.139333698500853309e-01 3.636329901184374713e-01 -1.802688103139072628e-01 2.514777864242063732e-01 -4.338490508676130508e-01 7.002965958981558492e-01
1.586177202384923935e+09 2.582781456953642252e-01 2.546408228645809513e-01 -8.552243871919654739e-01 -4.513859755054162592e-01 -3.146873475197674019e-01 3.680842166668498727e-01 -8.749205008180598320e-01 9.144014023621257481e-01 3.648359316088241044e-01 -1.753990261241467341e-01 2.499298968111545172e-01 -4.342942995250969052e-01 6.991489200882083921e-01
1.586177202390156984e+09 2.582781456953642252e-01 2.572733951262848873e-01 -8.540648394953120892e-01 -4.520880999296941205e-01 -3.113027589466504930e-01 3.696452483529287791e-01 -8.754730050905653593e-01 9.148229295510678094e-01 3.659721851561238415e-01 -1.707728528181622074e-01 2.484699666850989364e-01 -4.347156323589230209e-01 6.980417421358817709e-01
1.586177202395210981e+09 2.582781456953642252e-01 2.597767400869661625e-01 -8.529592478663342581e-01 -4.527433785149000967e-01 -3.080913199571040373e-01 3.711307241540477420e-01 -8.759804359436238475e-01 9.152025917122820209e-01 3.670456471178885627e-01 -1.663782108779040259e-01 2.470932139293774421e-01 -4.351141609897868356e-01 6.969740763474024936e-01
1.586177202399930954e+09 2.582781456953642252e-01 2.621569967293386205e-01 -8.519053468591357703e-01 -4.533552570100728429e-01 -3.050440334417553467e-01 3.725441341621376634e-01 -8.764468071497371060e-01 9.155445629391497642e-01 3.680599789357691387e-01 -1.622035917554305873e-01 2.457951056383927968e-01 -4.354909628513507491e-01 6.959449226320498783e-01
1.586177202404928923e+09 2.649006622516556497e-01 2.644200471488643567e-01 -8.509009370182543108e-01 -4.539269038592550487e-01 -3.021523736434988394e-01 3.738888250971201810e-01 -8.768757549214681868e-01 9.158525982751762884e-01 3.690186199217488361e-01 -1.582380370949287851e-01 2.445713456650584761e-01 -4.358470796790283042e-01 6.949532706989158815e-01
1.586177202410243034e+09 2.649006622516556497e-01 2.664002726982807046e-01 -8.500250739200847505e-01 -4.544098022858175101e-01 -2.996907343757226339e-01 3.750307047145415851e-01 -8.772328278459796680e-01 9.160875277153496254e-01 3.698774719126164401e-01 -1.548363566347058518e-01 2.430481917355363231e-01 -4.363306580446016936e-01 6.937299534019985003e-01
1.586177202421700001e+09 2.649006622516556497e-01 2.682818317975595446e-01 -8.491909391947185526e-01 -4.548621851912268976e-01 -2.973556918693942563e-01 3.761166440937888655e-01 -8.775624550700082960e-01 9.162993240422144803e-01 3.706899227457072787e-01 -1.516064970064338047e-01 2.416107302612292007e-01 -4.367882808373117487e-01 6.925540007382035013e-01
1.586177202426397085e+09 2.649006622516556497e-01 2.700696145770723477e-01 -8.483966650699925616e-01 -4.552861759161005439e-01 -2.951405470774179363e-01 3.771493052725714001e-01 -8.778669939138039613e-01 9.164902949584537994e-01 3.714586117328976811e-01 -1.485396883544405355e-01 2.402542974887090232e-01 -4.372212261083319729e-01 6.914238838663144815e-01
1.586177202431175947e+09 2.715231788079470188e-01 2.717682754042836102e-01 -8.476404540922898301e-01 -4.556837336025922336e-01 -2.930389726695032393e-01 3.781312310686704148e-01 -8.781485822953277731e-01 9.166625142224282818e-01 3.721860189162250476e-01 -1.456276153162845977e-01 2.389744755335260762e-01 -4.376307195996699262e-01 6.903380964344105752e-01
1.586177202435842037e+09 2.715231788079470188e-01 2.745793563266048509e-01 -8.463891382324503221e-01 -4.563240118176968840e-01 -2.894552964231111303e-01 3.797970564160489393e-01 -8.786181350907307230e-01 9.169633626551696448e-01 3.733358040957694413e-01 -1.407073876109175004e-01 2.374091603645293869e-01 -4.381647953584940081e-01 6.890460233510813381e-01
1.586177202446542978e+09 2.715231788079470188e-01 2.772516272779915192e-01 -8.451960527249215982e-01 -4.569192134611081979e-01 -2.860558878777717529e-01 3.813824286599518665e-01 -8.790446360224813960e-01 9.172260158664085061e-01 3.744209870822531316e-01 -1.360344083318112685e-01 2.359334949422950134e-01 -4.386700216743545933e-01 6.878020517303182757e-01
1.586177202451730013e+09 2.715231788079470188e-01 2.797917786690727326e-01 -8.440587472621947640e-01 -4.574728317172185310e-01 -2.828310650500459045e-01 3.828910519041730520e-01 -8.794322208188485313e-01 9.174547123601539678e-01 3.754454335078398208e-01 -1.315962660042331867e-01 2.345425596896275056e-01 -4.391478006735429762e-01 6.866048117130033601e-01
1.586177202456459999e+09 2.715231788079470188e-01 2.822062082462635235e-01 -8.429748441012268056e-01 -4.579880656084597268e-01 -2.797716659271846096e-01 3.843264791937957559e-01 -8.797846170142035183e-01 9.176532411382820609e-01 3.764127649310168300e-01 -1.273811580469913773e-01 2.332316940420464391e-01 -4.395994818368429979e-01 6.854529341633739392e-01
1.586177202461546898e+09 2.781456953642383878e-01 2.845010279937810749e-01 -8.419420401471192639e-01 -4.584678463135540838e-01 -2.768690213975192327e-01 3.856921164513673062e-01 -8.801051847919345583e-01 9.178249887973533028e-01 3.773263737670239926e-01 -1.233778651094526169e-01 2.319964834572166290e-01 -4.400263616077180195e-01 6.843450552899027484e-01
1.586177202466255903e+09 2.781456953642383878e-01 2.877834953254485573e-01 -8.404645344447010391e-01 -4.591296398174701809e-01 -2.726549185755755556e-01 3.876689502337569149e-01 -8.805521451914153364e-01 9.180631542518269406e-01 3.785923287195729348e-01 -1.175920636772609662e-01 2.305180796842704327e-01 -4.405646215688069911e-01 6.830601443317860788e-01
1.586177202471925974e+09 2.781456953642383878e-01 2.909043116569374754e-01 -8.390551355345901019e-01 -4.597403190850610777e-01 -2.686576273430900663e-01 3.895508616281149750e-01 -8.809501719593307856e-01 9.182580033573268796e-01 3.797849466972374466e-01 -1.120965366654642220e-01 2.291259856736908018e-01 -4.410733874028516244e-01 6.818221477160052446e-01
1.586177202476383924e+09 2.781456953642383878e-01 2.938711900434019531e-01 -8.377110543711214774e-01 -4.603041527586936299e-01 -2.648657890729906872e-01 3.913421526942033601e-01 -8.813043931034323375e-01 9.184148504032459970e-01 3.809087934257896491e-01 -1.068768153047818109e-01 2.278154177430390670e-01 -4.415541039607603913e-01 6.806298307787465030e-01
1.586177202481292009e+09 2.781456953642383878e-01 2.966915192367521881e-01 -8.364295741869193224e-01 -4.608250316969306759e-01 -2.612686451108935382e-01 3.930469594813242318e-01 -8.816194092262287230e-01 9.185384246153809329e-01 3.819681335765793273e-01 -1.019191220385977509e-01 2.265818443795635240e-01 -4.420081619890803837e-01 6.794819469355317665e-01
1.586177202487575054e+09 2.847682119205298124e-01 2.993723689519502962e-01 -8.352080545721032312e-01 -4.613065036241953409e-01 -2.578560075971180199e-01 3.946692548766123632e-01 -8.818993472053454630e-01 9.186329321628811106e-01 3.829669500531633353e-01 -9.721034468000594453e-02 2.254209737344150810e-01 -4.424368975705977314e-01 6.783772432994453760e-01
1.586177202492351055e+09 2.847682119205298124e-01 3.024407533993252462e-01 -8.338102397780076114e-01 -4.618333841599047140e-01 -2.539388334933496139e-01 3.965278468308283677e-01 -8.822022078479195839e-01 9.187190318738833739e-01 3.840913312339252483e-01 -9.181061890470934572e-02 2.240058365899825765e-01 -4.429863740734199529e-01 6.770594993845090448e-01
1.586177202496979952e+09 2.847682119205298124e-01 3.053571454554872000e-01 -8.324775183606691886e-01 -4.623182833755745680e-01 -2.502234852510361596e-01 3.982967339222709402e-01 -8.824669507554807613e-01 9.187737595012716030e-01 3.851504812030139835e-01 -8.668267232259166399e-02 2.226739031747657083e-01 -4.435055002662277590e-01 6.757914888623128835e-01
1.586177202501705885e+09 2.847682119205298124e-01 3.081289239155536319e-01 -8.312071450447728882e-01 -4.627647872009720831e-01 -2.466993243149033510e-01 3.999800365399289737e-01 -8.826978043204183333e-01 9.188013983605016755e-01 3.861484849070822012e-01 -8.181282280151319641e-02 2.214205263415880420e-01 -4.439958047635548244e-01 6.745717612273024466e-01
1.586177202506293058e+09 2.913907284768211814e-01 3.107631364465296420e-01 -8.299964570298727917e-01 -4.631761590839649223e-01 -2.433562872883625328e-01 4.015817091501679426e-01 -8.828985492757670528e-01 9.188057414182497773e-01 3.870891527721859737e-01 -7.718806477022055468e-02 2.202413062719202619e-01 -4.444587520488570420e-01 6.733988686809440072e-01
1.586177202510844946e+09 2.913907284768211814e-01 3.140408259007749781e-01 -8.284893325089602856e-01 -4.636634399932960671e-01 -2.391602692803086738e-01 4.035887521044109749e-01 -8.831299365170306448e-01 9.187930807670077193e-01 3.882287278057383606e-01 -7.139838682357375899e-02 2.188266058801172087e-01 -4.450392160393437102e-01 6.720237250056930733e-01
1.586177202515712023e+09 2.913907284768211814e-01 3.171559499649094782e-01 -8.270522562137585521e-01 -4.641084667333567615e-01 -2.351809626936996744e-01 4.054990280353508725e-01 -8.833235268285626329e-01 9.187502479936102695e-01 3.893007882783146578e-01 -6.590051636794892753e-02 2.174959874487134015e-01 -4.455874103829866040e-01 6.707006216124700160e-01
1.586177202521039963e+09 2.913907284768211814e-01 3.201164124775140452e-01 -8.256822906953154018e-01 -4.645150560473395029e-01 -2.314069042387698616e-01 4.073169679231326001e-01 -8.834838608104477187e-01 9.186818421701576920e-01 3.903096750966373873e-01 -6.067973626180710178e-02 2.162447220003778370e-01 -4.461049754131611866e-01 6.694280414143445324e-01
1.586177202528827906e+09 2.913907284768211814e-01 3.229297622644110022e-01 -8.243765844165940049e-01 -4.648866697481022214e-01 -2.278272530199152712e-01 4.090468264955615108e-01 -8.836149820568399704e-01 9.185919177878989483e-01 3.912594290231737881e-01 -5.572205824634943877e-02 2.150683332191164476e-01 -4.465934810244939768e-01 6.682044689451590580e-01
1.586177202532368898e+09 2.980132450331126059e-01 3.256032034434939715e-01 -8.231323742834739665e-01 -4.652264484246195764e-01 -2.244317573426832801e-01 4.106926859636185201e-01 -8.837204897432577866e-01 9.184840446101442124e-01 3.921538117912905519e-01 -5.101419110552832259e-02 2.139625848063668734e-01 -4.470544278091606594e-01 6.670283960107477039e-01
1.586177202536179066e+09 2.980132450331126059e-01 3.292602524203736003e-01 -8.214290327767541644e-01 -4.656630007714999131e-01 -2.197283406048013144e-01 4.129688263537344417e-01 -8.838417306255003103e-01 9.183175608204016127e-01 3.933333097659861277e-01 -4.451701828966709434e-02 2.126371491112537815e-01 -4.476298443584183495e-01 6.656718629592249803e-01
1.586177202540977001e+09 2.980132450331126059e-01 3.327358426847950579e-01 -8.198045222283985023e-01 -4.660551515933566979e-01 -2.152685080278838037e-01 4.151354200752079282e-01 -8.839242345644956478e-01 9.181210859381719880e-01 3.944402721995410865e-01 -3.834766254758871507e-02 2.113923125400946623e-01 -4.481727340662866599e-01 6.643658895613665516e-01
1.586177202549277067e+09 2.980132450331126059e-01 3.360387739486687675e-01 -8.182555817363731387e-01 -4.664072741288941004e-01 -2.110393524053711112e-01 4.171974493801867134e-01 -8.839732348702581399e-01 9.178999586770865138e-01 3.954795711385563073e-01 -3.248960868749463382e-02 2.102234880377282233e-01 -4.486847692155381262e-01 6.631090933722869618e-01
1.586177202552753925e+09 2.980132450331126059e-01 3.391774571848253927e-01 -8.167790391569432762e-01 -4.667233160358461030e-01 -2.070286634090312272e-01 4.191597042570380793e-01 -8.839933681053395720e-01 9.176588609416386211e-01 3.964557270629505137e-01 -2.692715013292916459e-02 2.091263342489501353e-01 -4.491675494304680494e-01 6.619000816696732903e-01
1.586177202555883884e+09 3.046357615894039750e-01 3.421599245564270197e-01 -8.153718150652632390e-01 -4.670068406615882628e-01 -2.032248917137921551e-01 4.210267854134392973e-01 -8.839887382497264579e-01 9.174018908937660033e-01 3.973729346113089034e-01 -2.164535568981889799e-02 2.080967433543505218e-01 -4.496226029008917879e-01 6.607374581395579760e-01
