1.584560041613641977e+09 0.000000000000000000e+00 -9.077826886777012882e-02 -9.950041652780258206e-01 -4.154536052015941894e-02 -9.047547271620514087e-01 9.983341664682815475e-02 -4.140678357449932845e-01 4.161468365604775177e-01 -4.887813923174724797e-13 -9.092974268195788135e-01 5.267560500534096413e-01 1.639410000000000034e-01 6.736575542110927461e-01
1.584560041616707087e+09 0.000000000000000000e+00 -9.159242091725260104e-02 -9.941985124844133770e-01 -5.639278503759455330e-02 -8.971279403498261251e-01 1.069620941906096884e-01 -4.286263746551739473e-01 4.321715944786228558e-01 1.133261576771499302e-02 -9.017201809573002214e-01 5.260720864872657776e-01 1.597439851527794052e-01 6.795825831637295478e-01
1.584560041619468927e+09 0.000000000000000000e+00 -9.210325927400744850e-02 -9.932419295171295293e-01 -7.062194474945213130e-02 -8.896420847346371286e-01 1.139390863103832280e-01 -4.422158360798080778e-01 4.472739101491542968e-01 2.209873434938641398e-02 -8.941239820293612750e-01 5.254428614324490043e-01 1.555563171723326477e-01 6.851369983377432193e-01
1.584560041624249935e+09 0.000000000000000000e+00 -9.239326274236986380e-02 -9.921598519615816292e-01 -8.415648017468355113e-02 -8.823129093923188782e-01 1.207501130774927545e-01 -4.549102550079900942e-01 4.615055957618295346e-01 3.222170615199033278e-02 -8.865519424902150725e-01 5.248686597145429955e-01 1.513653596434623716e-01 6.903403644787660109e-01
1.584560041629352093e+09 0.000000000000000000e+00 -9.249199176989483795e-02 -9.909747536609342378e-01 -9.702715632794700618e-02 -8.751569253956448247e-01 1.273839868617201443e-01 -4.667694032638115553e-01 4.749164004227262592e-01 4.174155600673350869e-02 -8.790404172230406044e-01 5.243492892799631599e-01 1.471694646555368746e-01 6.952112265876198016e-01
1.584560041634407043e+09 0.000000000000000000e+00 -9.242567744602964153e-02 -9.897064349686689466e-01 -1.092642060798051373e-01 -8.681871238473364283e-01 1.338322295173578480e-01 -4.778494033982911837e-01 4.875537017953325281e-01 5.069622198962051018e-02 -8.716199177059040792e-01 5.238841004929956080e-01 1.429670318305118204e-01 6.997671580278815862e-01
1.584560041639242887e+09 0.000000000000000000e+00 -9.221755710159454389e-02 -9.883722969925504698e-01 -1.208971658058343446e-01 -8.614134478891704028e-01 1.400886952708669808e-01 -4.882028566620616461e-01 4.994625050570918878e-01 5.912156962543721472e-02 -8.643158254059212231e-01 5.234720301574501411e-01 1.387565158749359262e-01 7.040248044349771694e-01
1.584560041644444942e+09 0.000000000000000000e+00 -9.188818065337431285e-02 -9.869875915691916912e-01 -1.319547511257517236e-01 -8.548432094817863813e-01 1.461492388682863186e-01 -4.978789884912792618e-01 5.106854701859957490e-01 6.705142852070203330e-02 -8.571490281591885863e-01 5.231116426512479878e-01 1.345364340542721249e-01 7.079999259818754442e-01
1.584560041649251938e+09 0.000000000000000000e+00 -9.145568942876164398e-02 -9.855656484354352598e-01 -1.424647658024591479e-01 -8.484814567607081859e-01 1.520114241468486505e-01 -5.069238053811178091e-01 5.212629608981788065e-01 7.451764591616212574e-02 -8.501364867142081616e-01 5.228011683644672170e-01 1.303053734289054133e-01 7.117074380684623724e-01
1.584560041654437065e+09 0.000000000000000000e+00 -9.093606929300165898e-02 -9.841180811370960901e-01 -1.524540379280860392e-01 -8.423312972828561618e-01 1.576742686032962804e-01 -5.153802582930356868e-01 5.312331097732133633e-01 8.155015266359387505e-02 -8.432917381791580347e-01 5.225385396129852422e-01 1.260619977248411405e-01 7.151614504957424234e-01
1.584560041659887075e+09 0.000000000000000000e+00 -9.034337992742058621e-02 -9.826549732360780887e-01 -1.619483784348959288e-01 -8.363941819987620319e-01 1.631380199322269853e-01 -5.232884087873664880e-01 5.406318951208034518e-01 8.817703798038832586e-02 -8.366253426421491612e-01 5.223214241838896044e-01 1.218050537415236723e-01 7.183753051807842960e-01
1.584560041664751053e+09 0.000000000000000000e+00 -8.968996208743304499e-02 -9.811850463581729409e-01 -1.709725577508411365e-01 -8.306701543276230337e-01 1.684039608926157783e-01 -5.306855949288630248e-01 5.494932259910741967e-01 9.442463004316307973e-02 -8.301452787501316655e-01 5.221472566549774097e-01 1.175333772246933417e-01 7.213616124638244642e-01
1.584560041669384003e+09 0.000000000000000000e+00 -8.898662461706366433e-02 -9.797158115773136888e-01 -1.795502970887756233e-01 -8.251580682808467015e-01 1.734742392239829178e-01 -5.376065947109294196e-01 5.578490324364495656e-01 1.003175800698268838e-01 -8.238572935518935214e-01 5.220132676187039245e-01 1.132458981540465648e-01 7.241322860550064577e-01
1.584560041674424887e+09 0.000000000000000000e+00 -8.824281292227847961e-02 -9.782537055665559977e-01 -1.877042714294630266e-01 -8.198557791780350934e-01 1.783517196723390097e-01 -5.440837853109542488e-01 5.657293587184079042e-01 1.058789480266080774e-01 -8.177652114444816656e-01 5.219165109306166395e-01 1.089416454139941620e-01 7.266985766648859091e-01
1.584560041679447889e+09 6.622516556291390723e-03 -8.746676051637294891e-02 -9.768042128683295244e-01 -1.954561217446375843e-01 -8.147603101288074523e-01 1.830398554985565862e-01 -5.501472969468058638e-01 5.731624576362106538e-01 1.111302884984586709e-01 -8.118712066175695075e-01 5.218538890933933638e-01 1.046197508313590346e-01 7.290711043599250596e-01
1.584560041684261084e+09 6.622516556291390723e-03 -8.661836575698202145e-02 -9.759341505568898123e-01 -2.001244425111323999e-01 -8.114822157114556234e-01 1.856468770137288116e-01 -5.541045484735491744e-01 5.779220296005472823e-01 1.144017955796643587e-01 -8.080336359771990162e-01 5.218770089675756063e-01 1.000807317459933704e-01 7.304653341635158892e-01
1.584560041689217091e+09 6.622516556291390723e-03 -8.578304142132264776e-02 -9.750855012660285537e-01 -2.045715889982909763e-01 -8.083488003481138495e-01 1.881461593115607567e-01 -5.578290416535109930e-01 5.824203694757537075e-01 1.175129267658959753e-01 -8.043489449627195809e-01 5.219373794764344821e-01 9.552750788925128134e-02 7.317382227147416485e-01
1.584560041694416046e+09 6.622516556291390723e-03 -8.496163991170203877e-02 -9.742588409210013456e-01 -2.088090769836915550e-01 -8.053551128140575832e-01 1.905409368153569427e-01 -5.613352774071683760e-01 5.866725338787992516e-01 1.204734920419969907e-01 -8.008130092021708002e-01 5.220295127680670833e-01 9.095912451700896573e-02 7.328961605125022816e-01
1.584560041699229956e+09 6.622516556291390723e-03 -8.415479088409080766e-02 -9.734545604246267470e-01 -2.128478093844325680e-01 -8.024961879554273203e-01 1.928344836911119742e-01 -5.646368126650881392e-01 5.906926776998872031e-01 1.232926627503804495e-01 -7.974215195388563160e-01 5.221480487530176795e-01 8.637481674891137051e-02 7.339451357385973207e-01
1.584560041704775095e+09 6.622516556291390723e-03 -8.336293314074957883e-02 -9.726728903746121313e-01 -2.166981073024594751e-01 -7.997670746751207593e-01 1.950300919241134967e-01 -5.677463249635980036e-01 5.944941106888868010e-01 1.259790124360768149e-01 -7.941700326642023855e-01 5.222877596150892199e-01 8.177400209021397359e-02 7.348907581083597984e-01
1.584560041709374905e+09 6.622516556291390723e-03 -8.258634274703989531e-02 -9.719139230014725017e-01 -2.203697399089910025e-01 -7.971628595773438963e-01 1.971310526320762813e-01 -5.706756726886487163e-01 5.980893506008450045e-01 1.285405553281044611e-01 -7.910540148016454998e-01 5.224435536808453850e-01 7.715627304281007237e-02 7.357382815126438658e-01
1.584560041714299917e+09 1.324503311258278145e-02 -8.182515778374399584e-02 -9.711776316202670456e-01 -2.238719531207832292e-01 -7.946786868160803374e-01 1.991406402138755638e-01 -5.734359512059544750e-01 6.014901730485175957e-01 1.309847825346765471e-01 -7.880688792678011145e-01 5.226104786941432323e-01 7.252138981513273075e-02 7.364926255037612668e-01
1.584560041719371080e+09 1.324503311258278145e-02 -8.126188917335866457e-02 -9.710630134878105446e-01 -2.245732156868865403e-01 -7.939894844996051582e-01 1.992698662855494074e-01 -5.743450347087458718e-01 6.024758948472777043e-01 1.316364091978787509e-01 -7.872068672855062621e-01 5.228319335893732989e-01 6.765265939636738723e-02 7.364738002960841134e-01
1.584560041724453926e+09 1.324503311258278145e-02 -8.071452205767042087e-02 -9.709504784714575454e-01 -2.252561526019867810e-01 -7.933357046035816040e-01 1.993943995534342428e-01 -5.752046011880156406e-01 6.034099980362775950e-01 1.322763840705254712e-01 -7.863837056342699583e-01 5.230554982669526343e-01 6.277216090398721193e-02 7.364183958177622502e-01
1.584560041729516029e+09 1.324503311258278145e-02 -8.018201263198854178e-02 -9.708399449292061112e-01 -2.259217700447204991e-01 -7.927155012027308212e-01 1.995142704522937793e-01 -5.760175258087142369e-01 6.042954401641529305e-01 1.329054446429674963e-01 -7.855973292858549062e-01 5.232757661456773901e-01 5.788000948265728529e-02 7.363281569200299526e-01
1.584560041734839916e+09 1.324503311258278145e-02 -7.966338841656793457e-02 -9.707313343078259882e-01 -2.265710068365740515e-01 -7.921271030737738750e-01 1.996295245815160602e-01 -5.767865337291682160e-01 6.051350238764420242e-01 1.335242656160509633e-01 -7.848457640643491384e-01 5.234875797496241212e-01 5.297648630742957804e-02 7.362046909048430843e-01
1.584560041739281893e+09 1.324503311258278145e-02 -7.915774440119424660e-02 -9.706245712244597756e-01 -2.272047385875762271e-01 -7.915688116196192281e-01 1.997402209898375969e-01 -5.775142081282802486e-01 6.059314053359662333e-01 1.341334628430374820e-01 -7.841271237326995491e-01 5.236860240665687227e-01 4.806202807569232016e-02 7.360494779842373658e-01
1.584560041748975992e+09 1.324503311258278145e-02 -7.866423935965777270e-02 -9.705195835209911026e-01 -2.278237815685810186e-01 -7.910389987556238900e-01 1.998464306113623412e-01 -5.782029977608191817e-01 6.066871021322822743e-01 1.347335970504016378e-01 -7.834396070739553242e-01 5.238664200085220157e-01 4.313721699935237769e-02 7.358638810882626169e-01
1.584560041757224083e+09 1.324503311258278145e-02 -7.818209233012131387e-02 -9.704163022951055595e-01 -2.284288963305182718e-01 -7.905361047735500746e-01 1.999482348394637510e-01 -5.788552240707908192e-01 6.074045007145955077e-01 1.353251773487733900e-01 -7.827814949825883106e-01 5.240243179813723895e-01 3.820277127579067844e-02 7.356491550569659310e-01
1.584560041761254072e+09 1.324503311258278145e-02 -7.771057925698182656e-02 -9.703146619114644267e-01 -2.290207910893345411e-01 -7.900586361966774884e-01 2.000457242263983249e-01 -5.794730878908714855e-01 6.080858633799920421e-01 1.359086645448923381e-01 -7.821511475789276746e-01 5.241554915697349548e-01 3.325953601673018595e-02 7.354064552502294072e-01
1.584560041764714003e+09 1.324503311258278145e-02 -7.724902978950384802e-02 -9.702145999959583822e-01 -2.296001248938310257e-01 -7.896051636376106853e-01 2.001389972975838039e-01 -5.800586757540476812e-01 6.087333348465500116e-01 1.364844742650248022e-01 -7.815470013576902852e-01 5.242559313422691103e-01 2.830847461475602053e-02 7.351368456076528002e-01
1.584560041767589092e+09 1.324503311258278145e-02 -7.679682423227346399e-02 -9.701160574156140193e-01 -2.301675105922254827e-01 -7.891743196686458184e-01 2.002281594705056234e-01 -5.806139658418355554e-01 6.093489484387150101e-01 1.370529798998865179e-01 -7.809675663798042455e-01 5.243218387819417181e-01 2.335066052783042051e-02 7.348413061891160281e-01
1.584560041769762039e+09 1.324503311258278145e-02 -7.635339064234873685e-02 -9.700189782463876087e-01 -2.307235176119914744e-01 -7.887647967130502202e-01 2.003133220691373229e-01 -5.811408335918640811e-01 6.099346319103690073e-01 1.376145153806826449e-01 -7.804114235151240475e-01 5.243496203449613535e-01 1.838726946274080176e-02 7.345207402251578976e-01
1.584560041774373055e+09 1.324503311258278145e-02 -7.591820206787754099e-02 -9.699233097307701223e-01 -2.312686745663778132e-01 -7.883753449643238209e-01 2.003946014255907904e-01 -5.816410569860608337e-01 6.104922129291775468e-01 1.381693777954683955e-01 -7.798772217422744735e-01 5.243358816514167575e-01 1.341957193902088528e-02 7.341759807048772180e-01
1.584560041779162884e+09 1.324503311258278145e-02 -7.549077392289509081e-02 -9.698290022268754029e-01 -2.318034716999419487e-01 -7.880047703393195935e-01 2.004721180614602583e-01 -5.821163215392849422e-01 6.110234242441108243e-01 1.387178298546201949e-01 -7.793636755106220226e-01 5.242774218099918171e-01 8.448926215480956695e-03 7.338077965276712522e-01
1.584560041784183979e+09 1.324503311258278145e-02 -7.507066149299351787e-02 -9.697360091504440005e-01 -2.323283631844684505e-01 -7.876519324701135583e-01 2.005459959420109461e-01 -5.825682250069280643e-01 6.115299085564827042e-01 1.392601022137957556e-01 -7.788695621683409120e-01 5.241712278785155554e-01 3.476771562075662084e-03 7.334168982438105111e-01
1.584560041789191008e+09 1.324503311258278145e-02 -7.465745756658337395e-02 -9.696442869110071250e-01 -2.328437692757486244e-01 -7.873157427386037188e-01 2.006163617969746460e-01 -5.829982818287769986e-01 6.120132231134017831e-01 1.397963956623691217e-01 -7.783937194596033393e-01 5.240144694615365140e-01 -1.495378139570169990e-03 7.330039434075749094e-01
1.584560041794450998e+09 1.324503311258278145e-02 -7.425079018650554419e-02 -9.695537948432678688e-01 -2.333500783408873902e-01 -7.869951623570403676e-01 2.006833445022752349e-01 -5.834079273252950060e-01 6.124748440412023376e-01 1.403268831849402154e-01 -7.779350430931267768e-01 5.238044934455697854e-01 -6.465940483068564198e-03 7.325695415654562836e-01
1.584560041799498081e+09 1.986754966887417304e-02 -7.385032051683622367e-02 -9.694644951346153006e-01 -2.338476487650577029e-01 -7.866892004970045260e-01 2.007470745175150839e-01 -5.837985216614055561e-01 6.129161704351943074e-01 1.408517119031376663e-01 -7.774924843836183985e-01 5.235388188721794567e-01 -1.143327032712179725e-02 7.321142589007729740e-01
1.584560041804287910e+09 1.986754966887417304e-02 -7.366552058147497750e-02 -9.698130668639505236e-01 -2.324564613371696287e-01 -7.876187164199204283e-01 1.995555330268499183e-01 -5.829531257171597369e-01 6.117435317373590697e-01 1.401435142213458551e-01 -7.785432851159878043e-01 5.229343489718492055e-01 -1.644892976832845743e-02 7.316189378975268554e-01
1.584560041809266090e+09 1.986754966887417304e-02 -7.347478850921373983e-02 -9.701398946219843555e-01 -2.311493896084758637e-01 -7.884980956866547430e-01 1.984233505990843083e-01 -5.821502615610097964e-01 6.106326297800055425e-01 1.394874861766371432e-01 -7.795325731796439728e-01 5.222844874523062675e-01 -2.145253704734408073e-02 7.311161624629319844e-01
1.584560041814274073e+09 1.986754966887417304e-02 -7.327870550979037612e-02 -9.704462750324879261e-01 -2.299222881635842042e-01 -7.893297675760713172e-01 1.973475673954793730e-01 -5.813883862457112084e-01 6.095807980383856073e-01 1.388811179342085422e-01 -7.804635069907044365e-01 5.215864933783761481e-01 -2.644258569293949507e-02 7.306060588021692226e-01
1.584560041819262028e+09 1.986754966887417304e-02 -7.307781084698872220e-02 -9.707334208419267085e-01 -2.287711940396826016e-01 -7.901160274559165808e-01 1.963253771126554637e-01 -5.806660050828315045e-01 6.085854884230258444e-01 1.383219865462609888e-01 -7.813390629674179522e-01 5.208378233583442762e-01 -3.141751327583266334e-02 7.300887366853489047e-01
1.584560041824312925e+09 1.986754966887417304e-02 -7.287260588323807298e-02 -9.710024671113673955e-01 -2.276923190962393262e-01 -7.908590448652065286e-01 1.953541188157106867e-01 -5.799816716212939927e-01 6.076442663818028000e-01 1.378077542280354284e-01 -7.821620474095798414e-01 5.200361245335284321e-01 -3.637570689983549155e-02 7.295642918807283550e-01
1.584560041829296112e+09 1.986754966887417304e-02 -7.266355772082672138e-02 -9.712544769123546695e-01 -2.266820426435677271e-01 -7.915608710809739490e-01 1.944312692140182930e-01 -5.793339873728756695e-01 6.067548061226062384e-01 1.373361665022513334e-01 -7.829351075393058412e-01 5.191792278340127131e-01 -4.131550842019058450e-02 7.290328083960205818e-01
1.584560041834225893e+09 1.986754966887417304e-02 -7.245110247868427611e-02 -9.714904465680105350e-01 -2.257369043304851552e-01 -7.922234462043947767e-01 1.935544353556416797e-01 -5.787216013232884260e-01 6.059148859647333074e-01 1.369050502401068514e-01 -7.836607417659111618e-01 5.182651414901057185e-01 -4.623521940300806543e-02 7.284943605396871913e-01
1.584560041839472055e+09 1.986754966887417304e-02 -7.223564823999154005e-02 -9.717113104771438747e-01 -2.248535972897475199e-01 -7.928486057988372027e-01 1.927213477174607170e-01 -5.781432092629001929e-01 6.051223838251136300e-01 1.365123116233748490e-01 -7.843413092328199721e-01 5.172920447893872842e-01 -5.113310583911640644e-02 7.279490148134890593e-01
1.584560041844687939e+09 2.649006622516556289e-02 -7.201757770251435153e-02 -9.719179455559835423e-01 -2.240289615386785727e-01 -7.934380871100951138e-01 1.919298536692570778e-01 -5.775975529670906994e-01 6.043752728437321586e-01 1.361559340489205683e-01 -7.849790386999708769e-01 5.162582820695347241e-01 -5.600740262505995992e-02 7.273968316469773265e-01
1.584560041849620104e+09 2.649006622516556289e-02 -7.165110105017866160e-02 -9.721232849353881322e-01 -2.232542017627603681e-01 -7.939257303446698444e-01 1.910768421506106596e-01 -5.772101654427382877e-01 6.037781499979770761e-01 1.358895112956877427e-01 -7.854845551026699013e-01 5.149418249471996445e-01 -6.071979432389832537e-02 7.270686188719051035e-01
1.584560041854459047e+09 2.649006622516556289e-02 -7.129080723267819386e-02 -9.723153587558935884e-01 -2.225319391267480962e-01 -7.943843323784777199e-01 1.902665856059234939e-01 -5.768467377678959673e-01 6.032173350258702715e-01 1.356520163110794541e-01 -7.859563456038927143e-01 5.135775631049671608e-01 -6.540815585519058062e-02 7.267258288413170897e-01
1.584560041859425068e+09 2.649006622516556289e-02 -7.093656814122331622e-02 -9.724949284096471303e-01 -2.218594544252312228e-01 -7.948152076208560013e-01 1.894969956286295665e-01 -5.765064391508032404e-01 6.026912883350491468e-01 1.354418800269649725e-01 -7.863960249771103639e-01 5.121635713534410383e-01 -7.007076375196777396e-02 7.263690113939582638e-01
1.584560041868699074e+09 2.649006622516556289e-02 -7.059956450591262089e-02 -9.726656845378232052e-01 -2.212174667926180838e-01 -7.952252125499479352e-01 1.887636934915554454e-01 -5.761815072911625757e-01 6.021898063040135307e-01 1.352395435588043537e-01 -7.868149102816626161e-01 5.108217207211589450e-01 -7.450429364378412245e-02 7.259986598240796285e-01
1.584560041877536058e+09 2.649006622516556289e-02 -7.027921337916492872e-02 -9.728281201224495689e-01 -2.206043536873802113e-01 -7.956154075873211884e-01 1.880650058673213887e-01 -5.758712328097188582e-01 6.017116879174498889e-01 1.350444455249654452e-01 -7.872141019801333073e-01 5.095509568428883140e-01 -7.871553860901359112e-02 7.256169972432241488e-01
1.584560041887188911e+09 3.311258278145695622e-02 -6.997471144937991716e-02 -9.729826379047679108e-01 -2.200189221259278294e-01 -7.959866854819760418e-01 1.873993833665345832e-01 -5.755750755976672961e-01 6.012559657026232962e-01 1.348564327339324687e-01 -7.875944427541907711e-01 5.083476290096109462e-01 -8.271540735330586147e-02 7.252260998864380470e-01
1.584560041892992973e+09 3.311258278145695622e-02 -6.937785012784725147e-02 -9.730106258967643473e-01 -2.200841561849123384e-01 -7.958322847667649302e-01 1.870102017905179992e-01 -5.759150622697591926e-01 6.015294576615086708e-01 1.351943279810831899e-01 -7.873276352619629215e-01 5.068778666622881790e-01 -8.658499327300350767e-02 7.250788574857476299e-01
1.584560041898077965e+09 3.311258278145695622e-02 -6.881117526324057043e-02 -9.730374154619965132e-01 -2.201436128301926809e-01 -7.956862777486839455e-01 1.866392887772781728e-01 -5.762370374135594719e-01 6.017876449058552346e-01 1.355137040883685196e-01 -7.870753880302153727e-01 5.054842256998750560e-01 -9.026169566417248380e-02 7.249116572443322637e-01
1.584560041900959969e+09 3.311258278145695622e-02 -6.827316466121646776e-02 -9.730630638995441117e-01 -2.201977489929770326e-01 -7.955481583315447969e-01 1.862858185672972566e-01 -5.765420379954956376e-01 6.020314798766173148e-01 1.358155641859346563e-01 -7.868368507908271026e-01 5.041628777634873382e-01 -9.375492206144990515e-02 7.247268683023367908e-01
1.584560041904882908e+09 3.311258278145695622e-02 -6.776237399848322740e-02 -9.730876244982318291e-01 -2.202469879895700700e-01 -7.954174520018898464e-01 1.859490027656021394e-01 -5.768310371515211754e-01 6.022618514574130666e-01 1.361008575243603247e-01 -7.866112247230029331e-01 5.029101834908936697e-01 -9.707363710280336733e-02 7.245266757144728231e-01
1.584560041909605980e+09 3.311258278145695622e-02 -6.727743252908677252e-02 -9.731111470185567214e-01 -2.202917216341160889e-01 -7.952937142855065478e-01 1.856280881163389629e-01 -5.771049479256228354e-01 6.024795889407850158e-01 1.363704823284767054e-01 -7.863977596987681284e-01 5.017226831973767842e-01 -1.002263819322516541e-01 7.243130924018432726e-01
1.584560041914532900e+09 3.973509933774834607e-02 -6.681703908233049827e-02 -9.731336780970718525e-01 -2.203323122956196978e-01 -7.951765291618557718e-01 1.853223545385355442e-01 -5.773646268852964392e-01 6.026854658595762748e-01 1.366252885140868678e-01 -7.861957515657712614e-01 5.005970880321098937e-01 -1.032212928939569146e-01 7.240879704529690208e-01
1.584560041919671059e+09 3.973509933774834607e-02 -6.627144724647648921e-02 -9.731762452083987380e-01 -2.203090807069465751e-01 -7.950345048208402599e-01 1.849185598527820495e-01 -5.776895899756671060e-01 6.029330239953181181e-01 1.368689957004707858e-01 -7.859635147968419000e-01 4.992192937301614952e-01 -1.061279451632249349e-01 7.240508046397532427e-01
1.584560041924957991e+09 3.973509933774834607e-02 -6.575362468979301100e-02 -9.732167771819104640e-01 -2.202851911768239079e-01 -7.948997638942323363e-01 1.845343191825428442e-01 -5.779977944635511511e-01 6.031673285258808415e-01 1.370991964071686109e-01 -7.857435867657216466e-01 4.979118754629670573e-01 -1.088901617512123693e-01 7.239967204197887973e-01
1.584560041929651022e+09 3.973509933774834607e-02 -6.526216458922401431e-02 -9.732553780900947693e-01 -2.202607974466530283e-01 -7.947719020736213613e-01 1.841687091815181476e-01 -5.782901609336712490e-01 6.033891559743238542e-01 1.373166252757468675e-01 -7.855352766588354907e-01 4.966713059970062072e-01 -1.115149969064529872e-01 7.239275022245234004e-01
1.584560041934468985e+09 3.973509933774834607e-02 -6.479573155272888574e-02 -9.732921457705412394e-01 -2.202360373642839042e-01 -7.946505387516425989e-01 1.838208492727270993e-01 -5.785675558086348369e-01 6.035992332949662309e-01 1.375219777127602572e-01 -7.853379344025731568e-01 4.954942327405455482e-01 -1.140091696188196002e-01 7.238447999533792476e-01
1.584560041939578056e+09 3.973509933774834607e-02 -6.435305787944611833e-02 -9.733271723182396196e-01 -2.202110341661933923e-01 -7.945353157750081330e-01 1.834898995175838765e-01 -5.788307945862375403e-01 6.037982410771606245e-01 1.377159119419637257e-01 -7.851509483342171691e-01 4.943774691106452845e-01 -1.163790787386835557e-01 7.237501377015563842e-01
1.584560041944534063e+09 4.635761589403973593e-02 -6.393294003957750160e-02 -9.733605445246106269e-01 -2.201858976879516316e-01 -7.944258962121044654e-01 1.831750586423685490e-01 -5.790806449182698268e-01 6.039868165825230673e-01 1.378990509543781828e-01 -7.849737429623945273e-01 4.933179863338980620e-01 -1.186308174924395470e-01 7.236449219907661323e-01
1.584560041949527979e+09 4.635761589403973593e-02 -6.304713321122745739e-02 -9.731739673325965345e-01 -2.212633912331186392e-01 -7.934266290378041431e-01 1.833612433597692770e-01 -5.803902469608411829e-01 6.053918097625310413e-01 1.389643254209287915e-01 -7.837025411039278966e-01 4.919847109167631571e-01 -1.208531355953775116e-01 7.237533516405194600e-01
1.584560041954466105e+09 4.635761589403973593e-02 -6.220442100589496093e-02 -9.729954420834080464e-01 -2.222846816409872195e-01 -7.924755415605669873e-01 1.835397552684531752e-01 -5.816319061608313801e-01 6.067232697330862123e-01 1.399750975027699573e-01 -7.824920741090497511e-01 4.907185336205029946e-01 -1.229658068800075776e-01 7.238388768049692779e-01
1.584560041959439993e+09 4.635761589403973593e-02 -6.140279876186277574e-02 -9.728247055436687329e-01 -2.232527459810610404e-01 -7.915703874548423169e-01 1.837108055021764719e-01 -5.828092841113053924e-01 6.079852119984505698e-01 1.409341414477539856e-01 -7.813395867134746986e-01 4.895161636035146868e-01 -1.249741304714638984e-01 7.239035102763502483e-01
1.584560041964524984e+09 4.635761589403973593e-02 -6.064034657610539725e-02 -9.726614930339653187e-01 -2.241704002228377679e-01 -7.907090151057544203e-01 1.838746140656619121e-01 -5.839258341028349397e-01 6.091814194454864273e-01 1.418440914213254800e-01 -7.802424315116684994e-01 4.883744677469063489e-01 -1.268831570724594515e-01 7.239491226429770609e-01
1.584560041969512939e+09 4.635761589403973593e-02 -5.991522653243919194e-02 -9.725055400042110776e-01 -2.250403081465279509e-01 -7.898893649837021025e-01 1.840314071386155992e-01 -5.849848137107704904e-01 6.103154567231690031e-01 1.427074484660799947e-01 -7.791980668848524916e-01 4.872904632258433510e-01 -1.286976999964798418e-01 7.239774512483423408e-01
1.584560041974438906e+09 4.635761589403973593e-02 -5.922567993582089629e-02 -9.723565833771012912e-01 -2.258649897601440748e-01 -7.891094668874830687e-01 1.841814147771681232e-01 -5.859892965910153961e-01 6.113906836914445586e-01 1.435265871324577780e-01 -7.782040546549580107e-01 4.862613104301545808e-01 -1.304223457649317519e-01 7.239901086379231243e-01
1.584560041979444981e+09 5.298013245033112578e-02 -5.857002456433668680e-02 -9.722143626866508459e-01 -2.266468292483320990e-01 -7.883674370948829946e-01 1.843248689630023751e-01 -5.869421835327717218e-01 6.124102679993036480e-01 1.443037617928293048e-01 -7.772580575210910059e-01 4.852843062169531207e-01 -1.320614642807295958e-01 7.239885905189016313e-01
1.584560041984450102e+09 5.298013245033112578e-02 -5.759812668128150293e-02 -9.719606151616723144e-01 -2.279803026082529160e-01 -7.871079670405801698e-01 1.846847396899519433e-01 -5.885172853424950334e-01 6.141201055364104988e-01 1.455476193559972209e-01 -7.756754388761768482e-01 4.840402982799626996e-01 -1.336960140360068383e-01 7.241694954246542526e-01
1.584560041989548922e+09 5.298013245033112578e-02 -5.667275247244268899e-02 -9.717176397937028476e-01 -2.292444713421747104e-01 -7.859085397307655763e-01 1.850292236426171744e-01 -5.900101300625828493e-01 6.157401775955935186e-01 1.467276896566094280e-01 -7.741673067125611762e-01 4.828582467610763596e-01 -1.352505213199584888e-01 7.243270888712344258e-01
1.584560041994497061e+09 5.298013245033112578e-02 -5.579181405325006615e-02 -9.714850974739215328e-01 -2.304430056884619604e-01 -7.847664323347055548e-01 1.853588294020270533e-01 -5.914251863451269742e-01 6.172754005833258617e-01 1.478472514076442923e-01 -7.727303993540691751e-01 4.817351423117876563e-01 -1.367288203922374934e-01 7.244632394490455596e-01
1.584560041999548912e+09 5.298013245033112578e-02 -5.495330338723464214e-02 -9.712626457594255580e-01 -2.315793760230631937e-01 -7.836790290651332036e-01 1.856740674831208748e-01 -5.927666657866345057e-01 6.187304048213251306e-01 1.489094141304511398e-01 -7.713615705575206372e-01 4.806681182137191310e-01 -1.381345675487658797e-01 7.245796887948444676e-01
1.584560042004776001e+09 5.298013245033112578e-02 -5.415529071227059843e-02 -9.710499410758300920e-01 -2.326568641250374436e-01 -7.826438190369932046e-01 1.859754472978673023e-01 -5.940385387544721008e-01 6.201095524268751547e-01 1.499171269034492715e-01 -7.700577887729954663e-01 4.796544437681560802e-01 -1.394712489494206731e-01 7.246780594416086796e-01
1.584560042009442091e+09 5.298013245033112578e-02 -5.339592281079663660e-02 -9.708466406074721666e-01 -2.336785737896586723e-01 -7.816583938680882193e-01 1.862634745884742260e-01 -5.952445491810820499e-01 6.214169540033036565e-01 1.508731866681895517e-01 -7.688161359010629026e-01 4.786915179880574800e-01 -1.407421881374706085e-01 7.247598622194239004e-01
1.584560042014625072e+09 5.960264900662251564e-02 -5.267342115480166953e-02 -9.706524039106602109e-01 -2.346474408262429756e-01 -7.807204450762671444e-01 1.865386492731978263e-01 -5.963882283942619766e-01 6.226564842220502216e-01 1.517802461118942792e-01 -7.676338056302942636e-01 4.777768635783442019e-01 -1.419505532598363262e-01 7.248265032305243327e-01
1.584560042019579887e+09 5.960264900662251564e-02 -5.177590051870906152e-02 -9.704251541567820993e-01 -2.357843852023751852e-01 -7.795497819188695887e-01 1.868448897525588071e-01 -5.978219841086448438e-01 6.241965985454578369e-01 1.528528944872797612e-01 -7.661687797157625823e-01 4.765839109354421677e-01 -1.431792989840549868e-01 7.250594823810814216e-01
1.584560042024544954e+09 5.960264900662251564e-02 -5.092173851106140958e-02 -9.702078197520318525e-01 -2.368623292949302850e-01 -7.784351546007000078e-01 1.871379702292906289e-01 -5.991811830992738175e-01 6.256562048192244596e-01 1.538706163972512753e-01 -7.647732649489876744e-01 4.754499411665561448e-01 -1.443483480119601148e-01 7.252696798664585165e-01
1.584560042029499054e+09 5.960264900662251564e-02 -5.010894916587410597e-02 -9.700000553215506471e-01 -2.378843960617852693e-01 -7.773739985145351472e-01 1.874183399466086697e-01 -6.004698429439906393e-01 6.270396794836952115e-01 1.548362313150444258e-01 -7.634441576337713808e-01 4.743720956182509441e-01 -1.454605385395248696e-01 7.254587793472235813e-01
1.584560042034465075e+09 5.960264900662251564e-02 -4.933562671773944475e-02 -9.698015174946321704e-01 -2.388535379714441520e-01 -7.763638528788717741e-01 1.876864470831919318e-01 -6.016917529137003617e-01 6.283511469548226369e-01 1.557524132923677196e-01 -7.621784711431843773e-01 4.733476514291588555e-01 -1.465185779748552353e-01 7.256283544436046284e-01
1.584560042039465904e+09 5.960264900662251564e-02 -4.859994349603474761e-02 -9.696118663336379395e-01 -2.397725467128828947e-01 -7.754023581929144759e-01 1.879427365508442860e-01 -6.028504878381099052e-01 6.295944952118380789e-01 1.566216985056008149e-01 -7.609733340637970800e-01 4.723740152018169325e-01 -1.475250486562158792e-01 7.257798753987730889e-01
1.584560042044564962e+09 5.960264900662251564e-02 -4.790014773783601854e-02 -9.694307665396090234e-01 -2.406440623267472045e-01 -7.744872535233556787e-01 1.881876481425653891e-01 -6.039494210746618741e-01 6.307733903523060626e-01 1.574464924124888698e-01 -7.598259880067681493e-01 4.714487169655814935e-01 -1.484824133449711148e-01 7.259147153639509131e-01
1.584560042049506903e+09 6.622516556291391243e-02 -4.723456134201103884e-02 -9.692578884606821710e-01 -2.414705817932434884e-01 -7.736163736646265443e-01 1.884216149881104418e-01 -6.049917366404808927e-01 6.318912901859153886e-01 1.582290765378221720e-01 -7.587337851481025242e-01 4.705694044170640744e-01 -1.493930205002596268e-01 7.260341563251000441e-01
1.584560042054630995e+09 6.622516556291391243e-02 -4.574640672402430219e-02 -9.687439485081910107e-01 -2.438081797245524041e-01 -7.713262450827552685e-01 1.893466796834217536e-01 -6.076213117883549897e-01 6.347937380900804394e-01 1.602591561241451801e-01 -7.558795624701064586e-01 4.693877427711536376e-01 -1.503508845496328294e-01 7.263292620546819567e-01
1.584560042059433937e+09 6.622516556291391243e-02 -4.432527908415873075e-02 -9.682500027303460044e-01 -2.460227669277716689e-01 -7.691416808810206396e-01 1.902329216058008532e-01 -6.101086053063337067e-01 6.375392884878782196e-01 1.621831302879756520e-01 -7.531535619542429894e-01 4.682637222606536032e-01 -1.512632588672810086e-01 7.265968957292472385e-01
1.584560042064539909e+09 6.622516556291391243e-02 -4.296859933019037125e-02 -9.677756233788440410e-01 -2.481210234246408741e-01 -7.670583065816585222e-01 1.910815415406477702e-01 -6.124617529172967645e-01 6.401369023698602057e-01 1.640066683892437982e-01 -7.505508370178402000e-01 4.671946209376102721e-01 -1.521322235505882248e-01 7.268390457290369033e-01
1.584560042069432974e+09 6.622516556291391243e-02 -4.167383858143181019e-02 -9.673203470728055642e-01 -2.501092507622134642e-01 -7.650718717074982411e-01 1.918937558596064130e-01 -6.146883906371419792e-01 6.425949908767375485e-01 1.657351278427141861e-01 -7.480665378822158873e-01 4.661778408208907543e-01 -1.529597688050192417e-01 7.270575724138188534e-01
1.584560042074444056e+09 6.622516556291391243e-02 -4.043852365770256307e-02 -9.668836822443778178e-01 -2.519933943855243164e-01 -7.631782537867664029e-01 1.926707879053920491e-01 -6.167956877564056972e-01 6.449214516135800546e-01 1.673735716816379671e-01 -7.456959224450435686e-01 4.652109024771675649e-01 -1.537477984476840198e-01 7.272542157763256521e-01
1.584560042079608917e+09 6.622516556291391243e-02 -3.926024147379297835e-02 -9.664651156517221064e-01 -2.537790646757979163e-01 -7.613734610359457200e-01 1.934138606244314995e-01 -6.187903775500217529e-01 6.471237024476577115e-01 1.689267851664037201e-01 -7.434343649467511916e-01 4.642914398290574618e-01 -1.544981333050984007e-01 7.274306026649421941e-01
1.584560042084439039e+09 7.284768211920529535e-02 -3.813664247970199872e-02 -9.660641180609376155e-01 -2.554715567250450126e-01 -7.596536339116457537e-01 1.941241903000556768e-01 -6.206787858668760816e-01 6.492087129615611296e-01 1.703992914759046573e-01 -7.412773627187754233e-01 4.634171951810323042e-01 -1.552125145056922617e-01 7.275882535983321242e-01
1.584560042089540005e+09 7.284768211920529535e-02 -3.629838983599853464e-02 -9.654013363532187864e-01 -2.582299104726893946e-01 -7.567795228203251234e-01 1.953135467662626967e-01 -6.238087625942939640e-01 6.526616127329346595e-01 1.727798547776973337e-01 -7.376855299162662361e-01 4.622141944659391988e-01 -1.559890918670283066e-01 7.279238023419560832e-01
1.584560042094544888e+09 7.284768211920529535e-02 -3.454127379383836738e-02 -9.647635989945378965e-01 -2.608411364409484734e-01 -7.540360544705294599e-01 1.964540184061144557e-01 -6.267658631503529865e-01 6.559241792792942505e-01 1.750343300818340830e-01 -7.342523097202949822e-01 4.610692454174937782e-01 -1.567297970656189310e-01 7.282288282541927726e-01
1.584560042099878073e+09 7.284768211920529535e-02 -3.286236094482331005e-02 -9.641504653509700429e-01 -2.633133976778243568e-01 -7.514180382519367596e-01 1.975469890920985017e-01 -6.295602583472508229e-01 6.590075849508435502e-01 1.771696002821992744e-01 -7.309719117128252730e-01 4.599796621427993948e-01 -1.574361912391210871e-01 7.285055138014546738e-01
1.584560042104841948e+09 7.284768211920529535e-02 -3.125874912976139841e-02 -9.635614356508435119e-01 -2.656543813478860483e-01 -7.489204008591248130e-01 1.985938822205852439e-01 -6.322014735205575553e-01 6.619222943668315873e-01 1.791921585087968560e-01 -7.278386129830621831e-01 4.589428769693020826e-01 -1.581097738953632648e-01 7.287559024466516711e-01
1.584560042109805107e+09 7.284768211920529535e-02 -2.972757777602486051e-02 -9.629959620541319598e-01 -2.678713276687284539e-01 -7.465381958901340376e-01 1.995961474330742724e-01 -6.346984323337961920e-01 6.646781124699943089e-01 1.811081306769834476e-01 -7.248467781579872593e-01 4.579564355584310742e-01 -1.587519848760955143e-01 7.289819068684718628e-01
1.584560042114852905e+09 7.284768211920529535e-02 -2.826603647442904599e-02 -9.624534583589622327e-01 -2.699710571059413811e-01 -7.442666112506309828e-01 2.005552491845744856e-01 -6.370594975369375801e-01 6.672842292153533528e-01 1.829232968142289473e-01 -7.219908759278647059e-01 4.570179922054839472e-01 -1.593642062978795904e-01 7.291853167223723009e-01
1.584560042119482040e+09 7.284768211920529535e-02 -2.687137201599953951e-02 -9.619333084934893474e-01 -2.719599959125362787e-01 -7.421009746660841566e-01 2.014726569431478653e-01 -6.392925088751756357e-01 6.697492611161475207e-01 1.846431112038508515e-01 -7.192654925125606669e-01 4.561253053192722562e-01 -1.599477644663601650e-01 7.293678059674262304e-01
1.584560042124475002e+09 7.947019867549669214e-02 -2.554089408366250202e-02 -9.614348739262527088e-01 -2.738442000989210756e-01 -7.400367575674186016e-01 2.023498368281598236e-01 -6.414048183360634425e-01 6.720812898589786366e-01 1.862727213899768308e-01 -7.166653424628983693e-01 4.552762330752582187e-01 -1.605039317606029026e-01 7.295309397819795816e-01
1.584560042129664898e+09 7.947019867549669214e-02 -2.440544908764835652e-02 -9.610855329804558478e-01 -2.751708057743468272e-01 -7.383733538181715961e-01 2.028914082830132470e-01 -6.431484018609087139e-01 6.739504168899485004e-01 1.874824651550344168e-01 -7.145916042280764380e-01 4.541257225248562790e-01 -1.611212450557606979e-01 7.298372344604489026e-01
1.584560042134445906e+09 7.947019867549669214e-02 -2.332429155303167301e-02 -9.607515655346305916e-01 -2.764279413270399610e-01 -7.367890591076866613e-01 2.034092127797036964e-01 -6.447996390628263352e-01 6.757202526214223237e-01 1.886295880266335434e-01 -7.126156177899438671e-01 4.530310946127384941e-01 -1.617099794244336308e-01 7.301181124171732817e-01
1.584560042139568090e+09 7.947019867549669214e-02 -2.229499000436485634e-02 -9.604324151186669489e-01 -2.776193606541698111e-01 -7.352803200016964080e-01 2.039041225596983642e-01 -6.463636436413814357e-01 6.773963274471661578e-01 1.897173813662948461e-01 -7.107330939027728389e-01 4.519897063939311566e-01 -1.622713974777034163e-01 7.303753276488881285e-01
1.584560042144682884e+09 7.947019867549669214e-02 -2.131520493641270164e-02 -9.601275318127133751e-01 -2.787486048283392970e-01 -7.338437190535537225e-01 2.043769979070897413e-01 -6.478452274518463616e-01 6.789838422555927178e-01 1.907489590580047079e-01 -7.089398963058293202e-01 4.509990362261950270e-01 -1.628067100179850235e-01 7.306105242212428408e-01
1.584560042149677038e+09 7.947019867549669214e-02 -2.038268722919978071e-02 -9.598363740405979616e-01 -2.798190149541558425e-01 -7.324759724639493541e-01 2.048286844982910582e-01 -6.492489197293218606e-01 6.804876896934348718e-01 1.917272674277109568e-01 -7.072320404933549742e-01 4.500566783891035705e-01 -1.633170778771707576e-01 7.308252427255748085e-01
1.584560042154555082e+09 7.947019867549669214e-02 -1.949527633532788240e-02 -9.595584100625256241e-01 -2.808337441955421898e-01 -7.311739273714342735e-01 2.052600112206233174e-01 -6.505789850017769105e-01 6.819124739531032819e-01 1.926550945913125812e-01 -7.056056918670445821e-01 4.491603379336924218e-01 -1.638036137125168934e-01 7.310209263767288856e-01
1.584560042159461975e+09 7.947019867549669214e-02 -1.865089828288835072e-02 -9.592931192030844656e-01 -2.817957690293770856e-01 -7.299345588456673806e-01 2.056717884016736886e-01 -6.518394397843985111e-01 6.832625291906636589e-01 1.935350792628400818e-01 -7.040571633743271107e-01 4.483078257529153343e-01 -1.642673837591897557e-01 7.311989267706866524e-01
1.584560042164525032e+09 8.609271523178807506e-02 -1.784756353166339071e-02 -9.590399928467021606e-01 -2.827078997774564728e-01 -7.287549666458343900e-01 2.060648063977032485e-01 -6.530340681413994153e-01 6.845419366737233169e-01 1.943697190533399399e-01 -7.025829127228425675e-01 4.474970538636020567e-01 -1.647094095386223422e-01 7.313605093198900509e-01
1.584560042169588089e+09 8.609271523178807506e-02 -1.633728784957289015e-02 -9.585381902014856736e-01 -2.844953970646635355e-01 -7.264541640287951463e-01 2.068856556954771775e-01 -6.553340163860539302e-01 6.870206988082270261e-01 1.959664853813346819e-01 -6.997140101615392238e-01 4.463371994024188383e-01 -1.652356934917619535e-01 7.316663365021919274e-01
1.584560042174535036e+09 8.609271523178807506e-02 -1.489752656312809398e-02 -9.580576680535575207e-01 -2.861879948322083589e-01 -7.242611542176354833e-01 2.076711776754024130e-01 -6.575092869718647259e-01 6.893648121231887860e-01 1.974795853922391986e-01 -6.969777393573411972e-01 4.452334195419084262e-01 -1.657381980799912946e-01 7.319458577830784130e-01
