1.586177204289274931e+09 8.828818061888007440e-01 -4.687135942530983312e-01 -2.876252839095059036e-02 -3.335429207975795091e-02 -1.496447182203775646e-03 -9.994424706951789972e-01 4.684092310070518406e-01 8.833489273996355529e-01 -1.695479611241309387e-02 7.937905156706409615e-02 -7.710443654022572924e-01 2.804315684606261683e-01
1.586177204289319992e+09 8.816835985331260561e-01 -4.715063482498359493e-01 -1.777064472887894542e-02 -4.019139320757275646e-02 -3.752299625291832114e-02 -9.984871942332773642e-01 4.701262428143133665e-01 8.810640093886135116e-01 -5.203390739974798201e-02 7.189375995396446450e-02 -7.816053968163096943e-01 2.761062057427541849e-01
1.586177204289401054e+09 8.808828208182621911e-01 -4.732788603379278203e-01 -7.250966903324581117e-03 -4.764993867090112911e-02 -7.342579546682574676e-02 -9.961617018779745925e-01 4.709298668869147386e-01 8.778472379878999865e-01 -8.723123049091756342e-02 6.386484040944520602e-02 -7.919587758280889345e-01 2.722828914974707026e-01
1.586177204289428949e+09 8.805066338633107392e-01 -4.740268303549953210e-01 2.575267820017565577e-03 -5.583476762894900441e-02 -1.091050810706494095e-01 -9.924608608870412185e-01 4.707340508642890442e-01 8.737245822985841848e-01 -1.225349255806945370e-01 5.528902918751580492e-02 -8.020455155803901670e-01 2.689682450390835089e-01
1.586177204289458036e+09 8.805547508828430736e-01 -4.738047902076207296e-01 1.150441898260382879e-02 -6.482653466793980579e-02 -1.444531900870932306e-01 -9.873858398125989755e-01 4.694899906302275605e-01 8.687015005024146808e-01 -1.579140654547433187e-01 4.617151864692484869e-02 -8.118069722372096564e-01 2.661649070642436166e-01
1.586177204289489031e+09 8.810030099319999808e-01 -4.727142521667921371e-01 1.936317326692143723e-02 -7.467891236217807927e-02 -1.793611040830828118e-01 -9.809447766206141894e-01 4.671795765533217071e-01 8.627692799746194963e-01 -1.933194587563383249e-01 3.652581390543437057e-02 -8.211864539613871194e-01 2.638715599328969597e-01
1.586177204289520025e+09 8.818081460836859620e-01 -4.708901789463247889e-01 2.601601570837538957e-02 -8.541882778983951596e-02 -2.137240728816479363e-01 -9.731524263561611710e-01 4.638081689447998146e-01 8.559114792862860810e-01 -2.286865155694718932e-01 2.637325571304069416e-02 -8.301307593393900675e-01 2.620830684288905643e-01
1.586177204289550066e+09 8.829129896742596850e-01 -4.684876972298536169e-01 3.136766524838644626e-02 -9.704904102074379812e-02 -2.474455633320916392e-01 -9.640291371229254835e-01 4.593975800271274390e-01 8.481096456635862646e-01 -2.639391838350651498e-01 1.574224612355587874e-02 -8.385915654306272948e-01 2.607907319284273329e-01
1.586177204289576054e+09 8.842514298112189586e-01 -4.656704674095729080e-01 3.536134735931819456e-02 -1.095522566550528598e-01 -2.804393095737159336e-01 -9.535995475613928685e-01 4.539798587873345448e-01 8.393478478971102552e-01 -2.989941110141797198e-01 4.667231134186731155e-03 -8.465265989309268546e-01 2.599826327216199773e-01
1.586177204289606094e+09 8.857526469163011784e-01 -4.626015569964041507e-01 3.797430951582127928e-02 -1.228958415625414358e-01 -3.126297082629375113e-01 -9.418913302718254776e-01 4.475922931231710589e-01 8.296158540683917781e-01 -3.337643992386072900e-01 -6.812494325907227956e-03 -8.539005402514857623e-01 2.596440613977376577e-01
1.586177204289628029e+09 8.873443864240941892e-01 -4.594370161962091359e-01 3.921183836937977563e-02 -1.370365298235606266e-01 -3.439509808863155382e-01 -9.289341810076866546e-01 4.402736985474312581e-01 8.189110765151990101e-01 -3.681626264466258958e-01 -1.865408660599954249e-02 -8.606856304380254841e-01 2.597579962815649846e-01
1.586177204289648056e+09 8.889544811435707850e-01 -4.563078573462179821e-01 3.928192990170994298e-02 -1.517725233818152941e-01 -3.744229145543125914e-01 -9.147527439730005483e-01 4.321169192006809046e-01 8.072116331679435319e-01 -4.020999226595896037e-01 -3.082210373629546904e-02 -8.668412306684812885e-01 2.603251670170226295e-01
1.586177204289674044e+09 8.905247612038569294e-01 -4.533261075188070310e-01 3.822420911667047394e-02 -1.670547929168134105e-01 -4.040012920382722861e-01 -8.993751456417342638e-01 4.231528637575486251e-01 7.945302993668584834e-01 -4.355034531043238677e-01 -4.326476098907972023e-02 -8.723586894465196195e-01 2.613309835233028622e-01
1.586177204289693117e+09 8.920001454175853217e-01 -4.505924169629387244e-01 3.608621050260325813e-02 -1.828347384344962412e-01 -4.326451402767408916e-01 -8.828304715060939500e-01 4.134092394445245122e-01 7.808870960050023902e-01 -4.683034747028558265e-01 -5.593120190522616469e-02 -8.772366616710007836e-01 2.627594089555048140e-01
1.586177204289721966e+09 8.933286514874758666e-01 -4.481965573748870058e-01 3.292061097248673990e-02 -1.990652321565128946e-01 -4.603156811250142533e-01 -8.651488354381872137e-01 4.029106030390996462e-01 7.663088933338316755e-01 -5.004335383846106877e-01 -6.877253137493383184e-02 -8.814805558933235252e-01 2.645933547014650000e-01
1.586177204289741039e+09 8.944612737155296367e-01 -4.462180377306356194e-01 2.878355198629231268e-02 -2.157008687218400778e-01 -4.869757495371881406e-01 -8.463614801008497723e-01 3.916786505811649111e-01 7.508289302494497441e-01 -5.318305675338520500e-01 -8.174265832679528110e-02 -8.851018216370470926e-01 2.668150610239993226e-01
1.586177204289757013e+09 8.953518730814024051e-01 -4.447265822293277604e-01 2.373374530451077824e-02 -2.326976484502243370e-01 -5.125896345167290091e-01 -8.265008598875778212e-01 3.797325743766843953e-01 7.344863061868158738e-01 -5.624349192264802566e-01 -9.479893578976444912e-02 -8.881171250102372072e-01 2.694064510166585547e-01
1.586177204289787054e+09 8.959571527928287260e-01 -4.437823777545770176e-01 1.783204396012740695e-02 -2.500123217316750357e-01 -5.371232534434887684e-01 -8.056006765114975821e-01 3.670893891294265687e-01 7.173254576093698320e-01 -5.921904834072285739e-01 -1.079025985596460679e-01 -8.905474568390191470e-01 2.723494506650819269e-01
1.586177204289803982e+09 8.962367439930711832e-01 -4.434360964123848503e-01 1.114124558468646171e-02 -2.676015603499373730e-01 -5.605445767669196000e-01 -7.836958483739957515e-01 3.537641924887366396e-01 6.993956006323714947e-01 -6.210448376026248551e-01 -1.210190079084486336e-01 -8.924172159161669615e-01 2.756262699311559650e-01
1.586177204289814949e+09 8.961533638198851959e-01 -4.437288211213184508e-01 3.725863460102745231e-03 -2.854211848508994565e-01 -5.828241551760632300e-01 -7.608224180351023103e-01 3.397703577823761867e-01 6.807501287376149790e-01 -6.489494329916246640e-01 -1.341177209071535703e-01 -8.937533096295507962e-01 2.792196400874624729e-01
1.586177204289828062e+09 8.956730111007344952e-01 -4.446919727570969316e-01 -4.348193771973597223e-03 -3.034255149350493785e-01 -6.039356825163650910e-01 -7.370174005225761382e-01 3.251196923442443154e-01 6.614459472051588129e-01 -6.758597820257162825e-01 -1.471724091481066699e-01 -8.945843072770934823e-01 2.831130056693473285e-01
1.586177204289963007e+09 8.947652060198270085e-01 -4.463472457847512120e-01 -1.301393540006463498e-02 -3.215667650729070459e-01 -6.238566220447524513e-01 -7.123185601503161379e-01 3.098225975906843122e-01 6.415427122453247755e-01 -7.017356388064295292e-01 -1.601606559645685213e-01 -8.949396729832831410e-01 2.872906721904845417e-01
1.586177204289985895e+09 8.934032055893169622e-01 -4.487067048205057307e-01 -2.220372783542697362e-02 -3.397946530243294849e-01 -6.425687535533917139e-01 -6.867641452027610782e-01 2.938882547893513775e-01 6.211019967190231084e-01 -7.265411232356405735e-01 -1.730636631910272005e-01 -8.948490985320511903e-01 2.917379116145006890e-01
1.586177204290004969e+09 8.915641428078523445e-01 -4.517731347874766046e-01 -3.184986941149787337e-02 -3.580562812996586075e-01 -6.600585560067324664e-01 -6.603926123658031555e-01 2.773248617939000349e-01 6.001864190795860310e-01 -7.502447492434798360e-01 -1.858658979369129660e-01 -8.943419466847994936e-01 2.964410297531849814e-01
1.586177204290024042e+09 8.892290993257521148e-01 -4.555406039207688385e-01 -4.188516837433307188e-02 -3.762961931112023262e-01 -6.763174560241316247e-01 -6.332423502342738875e-01 2.601399320632868939e-01 5.788587540808936005e-01 -7.728193572588732962e-01 -1.985547066791447379e-01 -8.934468062736391492e-01 3.013874015607196366e-01
1.586177204290038109e+09 8.863831293703797742e-01 -4.599951862300480920e-01 -5.224343835056490665e-02 -3.944565325432224379e-01 -6.913419663873691112e-01 -6.053514102145848286e-01 2.423406532074535713e-01 5.571810428172351282e-01 -7.942419616918240388e-01 -2.111199193142369035e-01 -8.921911536458176917e-01 3.065654808980687318e-01
1.586177204290055037e+09 8.830152541009221867e-01 -4.651157907142065562e-01 -6.285986391423090125e-02 -4.124772633276381217e-01 -7.051337313392828099e-01 -5.767572527228812529e-01 2.239342951902831003e-01 5.352137166332809892e-01 -8.144935293476646132e-01 -2.235534610175589632e-01 -8.906011115767474839e-01 3.119647905429051571e-01
1.586177204290080070e+09 8.791184409961685375e-01 -4.708750557374419832e-01 -7.367122112915178156e-02 -4.302964246011675153e-01 -7.176994847233039154e-01 -5.474965178030988255e-01 2.049286558285647875e-01 5.130147481575841883e-01 -8.335587049375118296e-01 -2.358489845552699249e-01 -8.887012932449678271e-01 3.175758981831248717e-01
1.586177204290118933e+09 8.746895729787454998e-01 -4.772402848724561220e-01 -8.461596572190270560e-02 -4.478504261658152186e-01 -7.290509124593113066e-01 -5.176048330807068165e-01 1.853325309100770368e-01 4.906388466586468211e-01 -8.514254961650677966e-01 -2.480015317909488870e-01 -8.865147190924435039e-01 3.233903824139285343e-01
1.586177204290210009e+09 8.697294123379583075e-01 -4.841743993197488161e-01 -9.563420201770700402e-02 -4.650743816598231217e-01 -7.392044170936437064e-01 -4.871166694706132172e-01 1.651561962225704117e-01 4.681367119809906052e-01 -8.680849325549386819e-01 -2.600072307782791969e-01 -8.840627962573126553e-01 3.294007903822974703e-01
1.586177204290242910e+09 8.642424737422430558e-01 -4.916370102567503841e-01 -1.066676940953809882e-01 -4.819026410030751162e-01 -7.481806451138748315e-01 -4.560653103168563205e-01 1.444118814069742240e-01 4.455544554067827345e-01 -8.835306650929874994e-01 -2.718630322729110316e-01 -8.813653499881667353e-01 3.356005881414934056e-01
1.586177204290265083e+09 8.582367184826711348e-01 -4.995856751304108556e-01 -1.176600547786771783e-01 -4.982696365825521889e-01 -7.560036713448380352e-01 -4.244830015161741854e-01 1.231141934550505079e-01 4.229333309469415769e-01 -8.977584827379971877e-01 -2.835664861590678765e-01 -8.784406948483747257e-01 3.419841057578086874e-01
1.586177204290429115e+09 8.517231637365538788e-01 -5.079771280707894299e-01 -1.285569521631624856e-01 -5.141108076304344854e-01 -7.627000447225456004e-01 -3.924012228076923514e-01 1.012804529961569555e-01 4.003097293891108577e-01 -9.107658265335297765e-01 -2.951155553759278738e-01 -8.753057333612608293e-01 3.485464799020018267e-01
1.586177204290461063e+09 8.447152598719903649e-01 -5.167686154298961609e-01 -1.393065974173406107e-01 -5.293638134595476386e-01 -7.682975273634666813e-01 -3.598511676372765922e-01 7.893087526931502618e-02 3.777156441800272879e-01 -9.225512503134339903e-01 -3.065084643072733539e-01 -8.719760727257739319e-01 3.552835952969185529e-01
1.586177204290483952e+09 8.372279468140907399e-01 -5.259193343664819720e-01 -1.498606654559886953e-01 -5.439700779184885038e-01 -7.728235071722833194e-01 -3.268644696115625692e-01 5.608849917377266986e-02 3.551797865925664377e-01 -9.331138193385017932e-01 -3.177435790778051494e-01 -8.684661531888854258e-01 3.621920248324502767e-01
1.586177204290504932e+09 8.292764277189351718e-01 -5.353918021996616483e-01 -1.601756061485435367e-01 -5.578764721051976405e-01 -7.763032842356787366e-01 -2.934741098623870337e-01 3.277878342592666083e-02 3.327293634813962009e-01 -9.424525040649924801e-01 -3.288193162607158104e-01 -8.647893818754484041e-01 3.692689688249970459e-01
1.586177204290524960e+09 8.208748288388738601e-01 -5.451528868476644973e-01 -1.702141168597372523e-01 -5.710367723685432217e-01 -7.787585937548320292e-01 -2.597153396684064863e-01 9.028860854192452545e-03 3.103923048546330943e-01 -9.505656721882489446e-01 -3.397340745698035902e-01 -8.609582653668685914e-01 3.765121956654161051e-01
1.586177204290544033e+09 8.120349136762081699e-01 -5.551743270400545383e-01 -1.799465637472103530e-01 -5.834126129139790562e-01 -7.802066537911876987e-01 -2.256264631553754896e-01 -1.513348655645182367e-02 2.881996604295596343e-01 -9.574507474000558682e-01 -3.504861843528358500e-01 -8.569845364901171880e-01 3.839199856015302892e-01
1.586177204290564060e+09 8.027648842184085254e-01 -5.654327773872326324e-01 -1.893523571543242745e-01 -5.949739104291752456e-01 -7.806597825573572402e-01 -1.912494449907717331e-01 -3.968106514354501069e-02 2.661880509105286619e-01 -9.631040104814854175e-01 -3.610738705363061851e-01 -8.528792728617904384e-01 3.914910786225025419e-01
1.586177204290581942e+09 7.930682249507827741e-01 -5.759094879763343444e-01 -1.984214012403514860e-01 -6.056988479127076719e-01 -7.801255203397233773e-01 -1.566303883512303596e-01 -6.458867216471274320e-02 2.444021981592826853e-01 -9.675204748980270608e-01 -3.714952276790021712e-01 -8.486530077358643842e-01 3.992246247754465127e-01
1.586177204290601969e+09 7.829426840238126184e-01 -5.865895974507346899e-01 -2.071554921649600423e-01 -6.155733191531107540e-01 -7.786073540540584537e-01 -1.218198561931642387e-01 -8.983452925564086589e-02 2.228973590348919120e-01 -9.706938369396819200e-01 -3.817482055308170086e-01 -8.443158330725484273e-01 4.071201360837829464e-01
1.586177204290621042e+09 7.723795247043265810e-01 -5.974610242866126297e-01 -2.155694656342672932e-01 -6.245897480042873484e-01 -7.761061313701386188e-01 -8.687301042775381898e-02 -1.154015462477347015e-01 2.017414126917029815e-01 -9.726165153403379948e-01 -3.918306033085018347e-01 -8.398774945111349144e-01 4.151774398249125086e-01
1.586177204290640116e+09 7.613632399632890291e-01 -6.085129483332445410e-01 -2.236917718230121144e-01 -6.327452149207293264e-01 -7.726222364874888449e-01 -5.184952346120107192e-02 -1.412781306610938203e-01 1.810162193841697575e-01 -9.732798253846439707e-01 -4.017400720640542655e-01 -8.353474786105588024e-01 4.233966321595220017e-01
1.586177204290658951e+09 7.498715713552679407e-01 -6.197341172047395874e-01 -2.315647872271960894e-01 -6.400392750387319252e-01 -7.681582090175460564e-01 -1.681346870854524833e-02 -1.674585120596286114e-01 1.608185007179057102e-01 -9.726741782064610709e-01 -4.114741251196085692e-01 -8.307350927099989013e-01 4.317780309166533437e-01
1.586177204290677071e+09 7.378759269890762251e-01 -6.311109992090148113e-01 -2.392446933274455512e-01 -6.464715465224764035e-01 -7.627217758286712890e-01 1.816679984912581217e-02 -1.939424045728231072e-01 1.412600425927009185e-01 -9.707893409278934849e-01 -4.210301571904257467e-01 -8.260495376311446369e-01 4.403221260925415104e-01
1.586177204290695906e+09 7.253422967145914946e-01 -6.426258309389191181e-01 -2.468007176748042708e-01 -6.520392044961949019e-01 -7.563292162993447976e-01 5.301879643249790552e-02 -2.207338415055715430e-01 1.224669680304278224e-01 -9.676148062837925945e-01 -4.304054731098390651e-01 -8.212999730277257271e-01 4.490295266919893669e-01
1.586177204290714979e+09 7.122327564325806604e-01 -6.542546506626333302e-01 -2.543134935246201267e-01 -6.567345767926846545e-01 -7.490089073753090076e-01 8.766614352497605067e-02 -2.478390540304599987e-01 1.045777654788554722e-01 -9.631403296761745780e-01 -4.395973265614739334e-01 -8.164955745153876787e-01 4.579009032913930466e-01
1.586177204290733099e+09 6.985075103175831801e-01 -6.659654940349550856e-01 -2.618725243752059728e-01 -6.605431735748144018e-01 -7.408047356034100916e-01 1.220289308092000341e-01 -2.752634633785644991e-01 8.773998366424368145e-02 -9.573566322846621679e-01 -4.486029682902260562e-01 -8.116455812090753730e-01 4.669369267360410913e-01
1.586177204290746927e+09 6.841274106918919795e-01 -6.777169425325437757e-01 -2.695726840432491889e-01 -6.634424384966963739e-01 -7.317790301383791940e-01 1.560243002049760130e-01 -3.030079489768376932e-01 7.210545833977111130e-02 -9.502562739169131412e-01 -4.574197025901740044e-01 -8.067593322217476715e-01 4.761382040836763530e-01
1.586177204290759087e+09 6.690566474499444194e-01 -6.894572468956068345e-01 -2.775101934057640496e-01 -6.654015602742787694e-01 -7.220145647093488828e-01 1.895672237895750789e-01 -3.310648977060461906e-01 5.782450446189038584e-02 -9.418345717665155270e-01 -4.660449495763636096e-01 -8.018462907656476180e-01 4.855052140542063244e-01
1.586177204290772915e+09 6.532653807680178781e-01 -7.011241621684338732e-01 -2.857783262452944228e-01 -6.663824375908135034e-01 -7.116153197231669392e-01 2.225715256024057842e-01 -3.594145094036186872e-01 4.503938522819730950e-02 -9.320904809043035755e-01 -4.744763099969209752e-01 -7.969160550800049592e-01 4.950382448027560445e-01
1.586177204290783882e+09 6.367320023309629429e-01 -7.126455501231594436e-01 -2.944633718057236837e-01 -6.663417547792680473e-01 -7.007058007202886518e-01 2.549510680067587631e-01 -3.880219368260029444e-01 3.387773585598076453e-02 -9.210272938078782889e-01 -4.827116287689285912e-01 -7.919783562265240162e-01 5.047373371554374488e-01
1.586177204290796041e+09 6.194448102248352184e-01 -7.239406836213030383e-01 -3.036412585953568999e-01 -6.652339055553100344e-01 -6.894289319275735961e-01 2.866210025870332689e-01 -4.168356731392842685e-01 2.444656778810560052e-02 -9.086530621232150606e-01 -4.907490526541570808e-01 -7.870430437791535727e-01 5.146022368531555369e-01
1.586177204290806055e+09 6.014030139286944410e-01 -7.349221109692758436e-01 -3.133750243460384222e-01 -6.630143687416242271e-01 -6.779427213201996150e-01 3.174989981941202521e-01 -4.457873507617310382e-01 1.682728951348913884e-02 -8.949807152181886716e-01 -4.985870787830016804e-01 -7.821200615261382216e-01 5.246323579815387328e-01
1.586177204290822983e+09 5.826170522774364313e-01 -7.454978785332558866e-01 -3.237132739569076878e-01 -6.596431164407059455e-01 -6.664160272077946923e-01 3.475063136349258452e-01 -4.747929335514973204e-01 1.107212877035466600e-02 -8.800278851252668622e-01 -5.062245911094376272e-01 -7.772194160293671716e-01 5.348267592336202192e-01
1.586177204290839911e+09 5.631082393150422805e-01 -7.555737930880906950e-01 -3.346899374823245066e-01 -6.550876577182102034e-01 -6.550239446835612878e-01 3.765684439774770742e-01 -5.037551706394329809e-01 7.202453740482216496e-03 -8.638164464156409261e-01 -5.136608832459481633e-01 -7.723511413389709812e-01 5.451841333462589256e-01
1.586177204290858030e+09 5.429079846249257324e-01 -7.650555510051963992e-01 -3.463248826529374269e-01 -6.493254243180327512e-01 -6.439432229504257199e-01 4.046153968320873595e-01 -5.325668164580745767e-01 5.208621742134430382e-03 -8.463719375376602683e-01 -5.208956682891570100e-01 -7.675252630054592018e-01 5.557028082342113651e-01
1.586177204290874958e+09 5.220567738119039625e-01 -7.738506300475526123e-01 -3.586250514535293532e-01 -6.423453780448252770e-01 -6.333480005857146100e-01 4.315816560764492715e-01 -5.611141957313351414e-01 5.051017249120044565e-03 -8.277229892648387821e-01 -5.279290777245697619e-01 -7.627517638558495294e-01 5.663807572550739744e-01
1.586177204290894032e+09 5.006030386772638563e-01 -7.818698338821049587e-01 -3.715860072314261520e-01 -6.341488248511775172e-01 -6.234061114124661573e-01 4.574058248389724080e-01 -5.892808040640575840e-01 6.662083998720516077e-03 -8.079008299181318353e-01 -5.347616520596287781e-01 -7.580405531537484087e-01 5.772156157860276471e-01
1.586177204290911913e+09 4.786020461363491574e-01 -7.890285159711828422e-01 -3.851935651803476968e-01 -6.247495262019879814e-01 -6.142760132346918311e-01 4.820300918802130630e-01 -6.169506555449357776e-01 9.948909074203414818e-03 -7.869389482132026492e-01 -5.413943252049568944e-01 -7.534014401996392829e-01 5.882047019926048836e-01
1.586177204290930986e+09 4.561148682653093367e-01 -7.952475082423270392e-01 -3.994253720278966302e-01 -6.141732346868309378e-01 -6.061043444489656595e-01 5.053996060916223776e-01 -6.440112306284182520e-01 1.479609800522643445e-02 -7.648729376127022528e-01 -5.478284041747908395e-01 -7.488441130441562121e-01 5.993450401704605301e-01
1.586177204290949106e+09 4.332074747345620036e-01 -8.004537488679588364e-01 -4.142524351108497482e-01 -6.024567779277302249e-01 -5.990241245260503611e-01 5.274617800067595841e-01 -6.703559614097875929e-01 2.106880157410397428e-02 -7.417405145915821896e-01 -5.540655462482672045e-01 -7.443781223087405641e-01 6.106333847441972607e-01
1.586177204290967941e+09 4.099499766735957285e-01 -8.045806625234362963e-01 -4.296405175918593389e-01 -5.896468266393993796e-01 -5.931535212388430178e-01 5.481655958551303609e-01 -6.958862241015777439e-01 2.861569456321983243e-02 -7.175817065075641432e-01 -5.601077349977722220e-01 -7.400128699026994328e-01 6.220662437154105273e-01
