1.592830853148367882e+09 4.312491796146322720e-01 -7.804215066996877948e-01 -4.527321762339725497e-01 -8.561535497027576991e-01 -1.956622658169570594e-01 -4.782440611328405144e-01 2.846493467375357245e-01 5.938506164862858983e-01 -7.525398321768240750e-01 -5.559125781449466563e-01 -2.011705719711947005e-01 3.450022417621577131e-01
1.592830853148438931e+09 4.109472087785119854e-01 -8.394404890729367796e-01 -3.556150493753290065e-01 -8.714751292313369646e-01 -2.471806873704276430e-01 -4.235951036857306673e-01 2.676817081089013506e-01 4.839848947283098002e-01 -8.331297192739703927e-01 -5.633341728494944967e-01 -2.141448305868039192e-01 3.431187298525062435e-01
1.592830853148464918e+09 3.854399801524714952e-01 -8.877867266327560403e-01 -2.515367889037901095e-01 -8.879626853480792059e-01 -2.827414808542675906e-01 -3.627389273048275409e-01 2.509149202157106018e-01 3.631693660071300678e-01 -8.973013533629489169e-01 -5.700457267176736176e-01 -2.276061775089740502e-01 3.422783398063510285e-01
1.592830853148489952e+09 3.555870268845268134e-01 -9.237922907570356168e-01 -1.420059024810390869e-01 -9.052376065003850947e-01 -3.025897086259455859e-01 -2.983024454620511468e-01 2.325999743546451892e-01 2.346215619392107987e-01 -9.438484936567338446e-01 -5.760095415310478861e-01 -2.414395009751684751e-01 3.424548235092538251e-01
1.592830853148503065e+09 3.224587439173651204e-01 -9.461480048984749480e-01 -2.871093583034210750e-02 -9.227089430080521737e-01 -3.074119417155738998e-01 -2.326072001437685388e-01 2.112547534772833691e-01 1.014980622729955428e-01 -9.721468906033148283e-01 -5.811983204120338975e-01 -2.555355479906607497e-01 3.436111556558419933e-01
1.592830853148514986e+09 2.872667386432715686e-01 -9.539322568007966296e-01 8.655100751199773512e-02 -9.396665884723187645e-01 -2.981836119134070318e-01 -1.676700363690398765e-01 1.857539480040716617e-01 -3.316306553867978679e-02 -9.820364995075868686e-01 -5.855945420334809359e-01 -2.697925709299228703e-01 3.457015154684475178e-01
1.592830853148525953e+09 2.512733590337835055e-01 -9.466199118340010710e-01 2.019218864294864135e-01 -9.553660948460511726e-01 -2.760436249085945204e-01 -1.052404247218989009e-01 1.553619309534570447e-01 -1.664652087093952404e-01 -9.737309737560032596e-01 -5.891895846448127472e-01 -2.841174923187881896e-01 3.486732771679270648e-01
1.592830853148535967e+09 2.156932132741974373e-01 -9.240821384956017237e-01 3.155133052425428408e-01 -9.690951363265105645e-01 -2.421970672604221442e-01 -4.685298723358555933e-02 1.197124058867456847e-01 -2.956565373717387479e-01 -9.477637661503423017e-01 -5.919826834712467178e-01 -2.984266085005853331e-01 3.524689147680807877e-01
1.592830853148547888e+09 1.816006104297249457e-01 -8.865836016497590233e-01 4.254300675487051597e-01 -9.802147934553294695e-01 -1.978421027541163446e-01 6.120958856072299982e-03 7.874123756110325278e-02 -4.181244144101013416e-01 -9.049706052322562533e-01 -5.939798008128857054e-01 -3.126458782216887666e-01 3.570277482421534421e-01
1.592830853148560047e+09 1.498570955210312972e-01 -8.347807118128759418e-01 5.297962070522780342e-01 -9.881706805638863500e-01 -1.441160466979362065e-01 5.243354108095863580e-02 3.258162646075112023e-02 -5.313866150074435524e-01 -8.465026331329359444e-01 -5.951924784299158500e-01 -3.267108592730517680e-01 3.622874813839503383e-01
1.592830853148571968e+09 1.210740001661093912e-01 -7.697233477319378459e-01 6.267910826901630372e-01 -9.924698733433643394e-01 -8.205852297446628030e-02 9.093928955781400980e-02 -1.856454347560742776e-02 -6.330816479997768420e-01 -7.738623841383684976e-01 -5.956367308019050455e-01 -3.405663657635000230e-01 3.681855023591056875e-01
1.592830853148582935e+09 1.008166810074344333e-01 -6.907148118787684865e-01 7.160649777650867076e-01 -9.923360994159595716e-01 -1.812343126357671141e-02 1.222317966299182879e-01 -7.144975736570498281e-02 -7.229001286824022765e-01 -6.872483837858324174e-01 -5.956591294569799633e-01 -3.542852279287073136e-01 3.744105638762738053e-01
1.592830853148592949e+09 8.917284650128221024e-02 -5.993159617348774448e-01 7.955303817934605837e-01 -9.881925291333875094e-01 4.667802097002522743e-02 1.459338644575181310e-01 -1.245942773436689993e-01 -7.991505154728167915e-01 -5.880771416792449635e-01 -5.952763613284500765e-01 -3.678613059451513179e-01 3.809299707474111396e-01
1.592830853148603916e+09 8.598818541036673535e-02 -4.973160051896683420e-01 8.632976484688310581e-01 -9.805230341444496345e-01 1.113341929855893864e-01 1.618001299648251512e-01 -1.765803402647200815e-01 -8.603961263844692731e-01 -4.780563711817744643e-01 -5.945046344409131711e-01 -3.812907956256347264e-01 3.877132086345168038e-01
1.592830853148614883e+09 9.088340331470827482e-02 -3.866966346027129187e-01 9.177177816129875598e-01 -9.698567991600419713e-01 1.748487485199343716e-01 1.697224479445044731e-01 -2.260929038659335033e-01 -9.054797808845335139e-01 -3.591495094297877944e-01 -5.933594655776220916e-01 -3.945717731460661737e-01 3.947319903006299424e-01
1.592830853148626089e+09 1.032787748164718522e-01 -2.695938068519951325e-01 9.574198038892075546e-01 -9.567517738007309536e-01 2.362560217994907064e-01 1.697325559957719443e-01 -2.719550386344560255e-01 -9.335428629447565241e-01 -2.335341193468941090e-01 -5.918555162441773154e-01 -4.077037857312088009e-01 4.019602303053830816e-01
1.592830853148636103e+09 1.224249910473215464e-01 -1.482579301065399813e-01 9.813417929688811325e-01 -9.417776478851643818e-01 2.946358062652220666e-01 1.620018786389656462e-01 -3.131564921045198457e-01 -9.440388409105110457e-01 -1.035552181110189485e-01 -5.900064724282259032e-01 -4.206874933296926855e-01 4.093739638900216193e-01
1.592830853148648024e+09 1.474387490632859676e-01 -2.501313066592827927e-02 9.887548561037430295e-01 -9.254990737776489507e-01 3.491274120170568818e-01 1.468384135272863822e-01 -3.488743108370819246e-01 -9.367413723405909609e-01 2.832527980987517569e-02 -5.878249657022941443e-01 -4.335243637774256475e-01 4.169512231051387685e-01
1.592830853148658991e+09 1.773414744955851829e-01 9.778412443694922684e-02 9.792794664096771129e-01 -9.084601445609420400e-01 3.989421542036252211e-01 1.246809063806783302e-01 -3.784840449055573153e-01 -9.117474582824018903e-01 1.595819694088209395e-01 -5.853225327387088228e-01 -4.462164212261552909e-01 4.246718823180015701e-01
1.592830853148669958e+09 2.110986700335394650e-01 2.177868998020554003e-01 9.528936061725209461e-01 -8.911713697026357739e-01 4.433736478232931377e-01 9.609059949037029869e-02 -4.015606385793212274e-01 -8.694760949570501385e-01 2.876810364533899378e-01 -5.825096075748272817e-01 -4.587660443941089516e-01 4.325174850395921977e-01
1.592830853148680925e+09 2.476567600394930513e-01 3.326995194771604769e-01 9.099325062037286749e-01 -8.740996942754054588e-01 4.818068343733488690e-01 6.174061783784932228e-02 -4.178706245428237542e-01 -8.106622040518166594e-01 4.101352666608069075e-01 -5.793955391365661622e-01 -4.711758088039641468e-01 4.404710626468076873e-01
1.592830853148693085e+09 2.859750209906848917e-01 4.403194226392427302e-01 8.510799611762766004e-01 -8.576625794650444279e-01 5.137246241315233108e-01 2.240346889469896352e-02 -4.273560487539543873e-01 -7.363462647502706515e-01 5.245579004024456538e-01 -5.759886285748564427e-01 -4.834483671481943357e-01 4.485169525175601857e-01
1.592830853148703098e+09 3.250497676188573992e-01 5.385792589232155647e-01 7.773512959585504589e-01 -8.422268719239935919e-01 5.387116623392109727e-01 -2.106290913129182235e-02 -4.301122529222580759e-01 -6.478596543810175579e-01 6.287140232286360098e-01 -5.722961836220999965e-01 -4.955863627983842501e-01 4.566406206279123303e-01
1.592830853148714066e+09 3.639288601733031703e-01 6.255887722645389060e-01 6.900684601177613509e-01 -8.281121529760927524e-01 5.564556440404599957e-01 -6.773022501838663056e-02 -4.263637557906534425e-01 -5.468050926716709892e-01 7.205679310580669350e-01 -5.683245862303861751e-01 -5.075923710203128492e-01 4.648284929054611880e-01
1.592830853148724079e+09 4.017169630596986174e-01 6.996752045819112364e-01 5.908283139653554006e-01 -8.155968854064710172e-01 5.667472811170497504e-01 -1.166158005328596647e-01 -4.164435227383229132e-01 -4.350311858723692193e-01 7.983249116623292174e-01 -5.640793671177219970e-01 -5.194688613300871838e-01 4.730677989628708224e-01
1.592830853148735046e+09 4.375744340709285529e-01 7.594205298665397397e-01 4.814655547020179061e-01 -8.049250550928215286e-01 5.694796335059646442e-01 -1.666991535010143577e-01 -4.007795852608035947e-01 -3.146003992246209080e-01 8.604663373652552405e-01 -5.595652821143632938e-01 -5.312181752783653454e-01 4.813464298900005933e-01
1.592830853148746014e+09 4.707135687459633178e-01 8.036941116245691630e-01 3.640117004139082901e-01 -7.963115519747644422e-01 5.646463182686261018e-01 -2.169388220892047303e-01 -3.798903185503966773e-01 -1.877506742147771746e-01 9.057775858876530028e-01 -5.547863869401489234e-01 -5.428425151718155872e-01 4.896528102482443079e-01
1.592830853148756981e+09 5.003956517774595936e-01 8.316796782369340058e-01 2.406514313061789423e-01 -7.899451592400154043e-01 5.523375932995970850e-01 -2.662890037036821367e-01 -3.543879836016873286e-01 -5.685157337079210782e-02 9.333686627356232446e-01 -5.497461117291286836e-01 -5.543439419317411909e-01 4.979757832737725654e-01
1.592830853148766994e+09 5.259328528180424733e-01 8.428950105093007128e-01 1.136778011970335234e-01 -7.859876114319334084e-01 5.327344472242290241e-01 -3.137156172211442162e-01 -3.249894074453607562e-01 7.564400592911213472e-02 9.426875804359574618e-01 -5.444473354914159957e-01 -5.657243801984402909e-01 5.063045086829185415e-01
1.592830853148777962e+09 5.466988611173153600e-01 8.372028402654759782e-01 -1.455219585634510981e-02 -7.845674641030643270e-01 5.061012151030339634e-01 -3.582114730356125709e-01 -2.925307771325892370e-01 2.072509831158112492e-01 9.335270640536474929e-01 -5.388924599774606028e-01 -5.769856288071325556e-01 5.146283725392151176e-01
1.592830853148787975e+09 5.621514445028396034e-01 8.148116790674621024e-01 -1.416604673097802414e-01 -7.857679940900508253e-01 4.727778880951297724e-01 -3.988103973873183827e-01 -2.579814315768638733e-01 3.355041011322890676e-01 9.060257082323086575e-01 -5.330834838195958048e-01 -5.881293757318255544e-01 5.229369086422994695e-01
1.592830853148798943e+09 5.718656075035087882e-01 7.762676785387331302e-01 -2.652889464537119268e-01 -7.896108924553489894e-01 4.331709545527620553e-01 -4.346004690746897436e-01 -2.224508297873180607e-01 4.580081015225399010e-01 8.606649825335885851e-01 -5.270220782339131160e-01 -5.991572170455279345e-01 5.312197312279994810e-01
1.592830853148808956e+09 5.755759937080012767e-01 7.224380253873790014e-01 -3.831391155197066967e-01 -7.960368034617888444e-01 3.877438429721641877e-01 -4.647366187893300360e-01 -1.871835710145783871e-01 5.724840760505447435e-01 7.982633013634500285e-01 -5.207096660122081389e-01 -6.100706798673257714e-01 5.394664792465252434e-01
1.592830853148819923e+09 5.732253291786691962e-01 6.544869392975950495e-01 -4.930107252146385122e-01 -8.048844566853212701e-01 3.370083424561873819e-01 -4.884530617915424089e-01 -1.535374210572560405e-01 6.768103345430697138e-01 7.199680800449939078e-01 -5.141475054433864988e-01 -6.208712494011976446e-01 5.476667730286760571e-01
1.592830853148829937e+09 5.650136493729688292e-01 5.738457974390042127e-01 -5.928411116678939941e-01 -8.158709060564529603e-01 2.815186315908134729e-01 -5.050761623657192834e-01 -1.229400137322734510e-01 7.690567380045487678e-01 6.272459578556095483e-01 -5.073367796587572309e-01 -6.315603997954380988e-01 5.558101844659363300e-01
1.592830853148840904e+09 5.514404097740444044e-01 4.821797078410983151e-01 -6.807468036754181773e-01 -8.285764207994518182e-01 2.218686378117674662e-01 -5.140383521907139208e-01 -9.682249562433600798e-02 8.475122667153787148e-01 5.218700671632032773e-01 -5.002786903625822124e-01 -6.421396279884173941e-01 5.638862217385548492e-01
1.592830853148852110e+09 5.333307628008709944e-01 3.813525084814468613e-01 -7.550685853781365919e-01 -8.424376851652550791e-01 1.586935129295018176e-01 -5.148933099582131412e-01 -7.653136828156008320e-02 9.107066698166457197e-01 4.059018552720811135e-01 -4.929745539407356936e-01 -6.526104893949188357e-01 5.718843292795643407e-01
1.592830853148863077e+09 5.118368019869324881e-01 2.733925247577195239e-01 -8.144198072481910744e-01 -8.567529582976867175e-01 9.267374757488987258e-02 -5.073321890347701757e-01 -6.322549170844088406e-02 9.574278610071200735e-01 2.816636878592038151e-01 -4.854258963457005471e-01 -6.629746336890892655e-01 5.797939027992439209e-01
1.592830853148873091e+09 4.884078185882823053e-01 1.604598294358829946e-01 -8.577356543708756220e-01 -8.707012298756947599e-01 2.454078886919561220e-02 -4.911996773684342843e-01 -5.776830616651091460e-02 9.867372486366683404e-01 1.516984833427164614e-01 -4.776345425049981497e-01 -6.732338387524224865e-01 5.876043181850065800e-01
1.592830853148883104e+09 4.647274733110552947e-01 4.481508149590592016e-02 -8.843189418531240964e-01 -8.833756470534935845e-01 -4.491837824641643079e-02 -4.665081034245356362e-01 -6.062877070394605966e-02 9.979849461437121372e-01 1.871374698853137120e-02 -4.696026957222071418e-01 -6.833900408115411995e-01 5.953049719684755381e-01
1.592830853148894072e+09 4.426212225508629472e-01 -7.121118827534093920e-02 -8.938766284626670222e-01 -8.938291745917578135e-01 -1.148599893526311838e-01 -4.334473377086936474e-01 -7.180435932878601046e-02 9.908259960438174918e-01 -1.144901062889283477e-01 -4.613330021583081919e-01 -6.934453586762452382e-01 6.028853296579071985e-01
1.592830853148905993e+09 4.239419373055351992e-01 -1.852507726130683818e-01 -8.865412522492578384e-01 -9.011286563111107206e-01 -1.843871230607263545e-01 -3.923882499470957019e-01 -9.077656372047158972e-02 9.652375588493283809e-01 -2.451042132615894320e-01 -4.528285976632811516e-01 -7.034021109537286209e-01 6.103349779697785360e-01
1.592830853148916960e+09 4.104447849436190232e-01 -2.949332238698749165e-01 -8.628728057310068866e-01 -9.044122672336013524e-01 -2.525593817475569880e-01 -3.438781973910129963e-01 -1.165055160899996362e-01 9.215357600694947804e-01 -3.704029056671014342e-01 -4.440931351229815416e-01 -7.132628254942686707e-01 6.176436765309314403e-01
1.592830853148927927e+09 4.036646103929577567e-01 -3.979251400777193415e-01 -8.238388629521068429e-01 -9.029444376485681323e-01 -3.184100340847753619e-01 -2.886284770875304773e-01 -1.474660322735976137e-01 8.603898175075527233e-01 -4.878351526363107205e-01 -4.351307924348968292e-01 -7.230302411309669219e-01 6.248014050129382380e-01
1.592830853148940086e+09 4.048070398087296740e-01 -4.919741925147609329e-01 -7.707740663258810798e-01 -8.961635911920479147e-01 -3.809689160863827251e-01 -2.274939732607491882e-01 -1.817197956956728422e-01 7.828308143658599949e-01 -5.951082563907994505e-01 -4.259462637896382353e-01 -7.327073028236760210e-01 6.317984031021730562e-01
1.592830853148952007e+09 4.146615501992625963e-01 -5.749575639922839265e-01 -7.053223414114956347e-01 -8.837193571403385572e-01 -4.392894353759667081e-01 -1.614462599590188174e-01 -2.170159035481561138e-01 6.902525600774759296e-01 -6.902575648310984580e-01 -4.165447383585952901e-01 -7.422971518779541977e-01 6.386252022340103141e-01
1.592830853148962975e+09 4.335421412045256662e-01 -6.449332028395475813e-01 -6.293666519404323978e-01 -8.654969609973021116e-01 -4.924784380570635944e-01 -9.154235973325870745e-02 -2.509107971079039268e-01 5.844023931473717459e-01 -7.716978810850727566e-01 -4.069318706833059962e-01 -7.518031129640221355e-01 6.452726491565808908e-01
1.592830853148973942e+09 4.612573788233106931e-01 -7.001921844545369034e-01 -5.449518714617134219e-01 -8.416282479679363382e-01 -5.397268040829412694e-01 -1.889111561184091126e-02 -2.808977190024071202e-01 4.673605535781047982e-01 -8.382544895861292478e-01 -3.971137459562073535e-01 -7.612286791935996000e-01 6.517319215456232051e-01
1.592830853148983955e+09 4.971093987480874055e-01 -7.393098689232915355e-01 -4.542060879036429188e-01 -8.124896424412672014e-01 -5.803391810392959371e-01 5.538069111635186836e-02 -3.045370790282383444e-01 3.415074786419730613e-01 -8.891736694377768702e-01 -3.870968425975188643e-01 -7.705774961877006612e-01 6.579945359848465847e-01
1.592830853148994923e+09 5.399199560234160256e-01 -7.611932106306851242e-01 -3.592650053612420069e-01 -7.786879368554795455e-01 -6.137616681409362451e-01 1.301603502946875879e-01 -3.195802623382852370e-01 2.094791544235563574e-01 -9.241141405035824263e-01 -3.768879948288048620e-01 -7.798533461774829201e-01 6.640523496088491795e-01
1.592830853149004936e+09 5.880798590902606149e-01 -7.651219242026319201e-01 -2.622032176321114627e-01 -7.410355854592248770e-01 -6.396060874574621691e-01 2.043778829587115653e-01 -3.240807716090456370e-01 7.411139798443382165e-02 -9.431220276586528284e-01 -3.664943569016606562e-01 -7.890601327634934048e-01 6.698975564571958419e-01
