1.589264477777349949e+09 9.288911343571563117e-01 -3.013952048817868379e-01 -2.152259073006874135e-01 -2.658358700879536185e-01 -1.379822695553933887e-01 -9.540923351177541534e-01 2.578614956609838194e-01 9.434626776362867728e-01 -2.082921634252537790e-01 1.925930586787388474e-02 -9.081487225473713343e-01 2.741365449008463240e-01
1.589264477777398109e+09 9.294285988437969159e-01 -3.020831517056942195e-01 -2.119156655211541784e-01 -2.721795480102917608e-01 -1.734507082905571984e-01 -9.464846252876770727e-01 2.491601363649066925e-01 9.373689890205583186e-01 -2.434309044692829216e-01 7.179618622938286482e-03 -9.159782640015503574e-01 2.739070456810717147e-01
1.589264477777442932e+09 9.297489825390348184e-01 -3.025657118881614482e-01 -2.098113906439650067e-01 -2.793354221251586056e-01 -2.083992525226315284e-01 -9.373054325895904260e-01 2.398719484876357666e-01 9.300665255049014313e-01 -2.782763138421330273e-01 -5.308761814754454390e-03 -9.231391004594911021e-01 2.740968049481527502e-01
1.589264477777461052e+09 9.298221813539612191e-01 -3.029910200068605119e-01 -2.088711398102497119e-01 -2.872459545554063576e-01 -2.427477851100521278e-01 -9.265868954852415351e-01 2.300445020266122520e-01 9.215584381610517628e-01 -3.127452198247570037e-01 -1.815688274954060932e-02 -9.296081844457446675e-01 2.746883912353522139e-01
1.589264477777472019e+09 9.296215640276982439e-01 -3.034924014796281377e-01 -2.090361455133120938e-01 -2.958493635775565900e-01 -2.764243246472650184e-01 -9.143646686563519088e-01 2.197200537687102606e-01 9.118563238328381004e-01 -3.467580468281599715e-01 -3.131415174484278308e-02 -9.353709134412310222e-01 2.756633070222719861e-01
1.589264477777487993e+09 9.291234300476415298e-01 -3.041874811118482347e-01 -2.102370763457271641e-01 -3.050833962257158416e-01 -3.093635497514491406e-01 -9.006765878559962468e-01 2.089348543275947045e-01 9.009795617811657831e-01 -3.802394722837128538e-01 -4.472969994940261679e-02 -9.404209673083355758e-01 2.770024321351873264e-01
1.589264477777499914e+09 9.283063838406366841e-01 -3.051786239643329290e-01 -2.123988356939387201e-01 -3.148878691814431252e-01 -3.415052967723201105e-01 -8.855618344342864878e-01 1.977192146467636191e-01 8.889545208168688761e-01 -4.131185937024738353e-01 -5.835361964970942061e-02 -9.447598822193146173e-01 2.786864342472379907e-01
1.589264477777508974e+09 9.271507870053423694e-01 -3.065540361348217391e-01 -2.154438240072694688e-01 -3.252060186821313370e-01 -3.727933089085871399e-01 -8.690605242114414208e-01 1.860979953006155485e-01 8.758137770632532515e-01 -4.453288273139409115e-01 -7.213803238472198121e-02 -9.483964065025529688e-01 2.806961332972402468e-01
1.589264477777523994e+09 9.256383655124665877e-01 -3.083890257479836583e-01 -2.192939244851192793e-01 -3.359849033603495849e-01 -4.031743566032917614e-01 -8.512135944611549654e-01 1.740912441794277565e-01 8.615954081293115685e-01 -4.768077094363633028e-01 -8.603795890848815742e-02 -9.513456918767397852e-01 2.830128101883465086e-01
1.589264477777537107e+09 9.237519976556108903e-01 -3.107471224882805139e-01 -2.238715545210112901e-01 -3.471751246286748360e-01 -4.325977533184862112e-01 -8.320628685202171582e-01 1.617148105947967540e-01 8.463423716349528503e-01 -5.074967097421871909e-01 -1.000119780976535394e-01 -9.536283725746426132e-01 2.856184559398747824e-01
1.589264477777549028e+09 9.214756666919373673e-01 -3.136809300457135130e-01 -2.291001310594078244e-01 -3.587301231832190074e-01 -4.610152239351980041e-01 -8.116511951128770885e-01 1.489808535239337262e-01 8.301019441983923386e-01 -5.373411094554954026e-01 -1.140226749578427956e-01 -9.552695797548220735e-01 2.884959627954711836e-01
1.589264477777558088e+09 9.188030421876794973e-01 -3.172222441053586528e-01 -2.348851160515658121e-01 -3.705844388487348207e-01 -4.883923009735885445e-01 -7.900254011993044223e-01 1.358975483696349407e-01 8.129225107792676930e-01 -5.662939591810842721e-01 -1.280361235275647158e-01 -9.562760267779335521e-01 2.916397752570830670e-01
1.589264477777570963e+09 9.157180698382729744e-01 -3.214079383569524162e-01 -2.411583586856013983e-01 -3.827018040478221139e-01 -5.146830375288934389e-01 -7.672292359952166407e-01 1.224734504101559068e-01 7.948574138670188027e-01 -5.943079554867148895e-01 -1.420207209772688661e-01 -9.566794195782035715e-01 2.950370597077494605e-01
1.589264477777582884e+09 9.122066149389369549e-01 -3.262649568040810188e-01 -2.478513059364604865e-01 -3.950447231513680157e-01 -5.398450143269848400e-01 -7.433081647094873512e-01 1.087141144441194501e-01 7.759629751523319241e-01 -6.213394425778115959e-01 -1.559492927831687692e-01 -9.565129487353684068e-01 2.986757968687247522e-01
1.589264477777595997e+09 9.082567222964252895e-01 -3.318103204210248180e-01 -2.548953469496509916e-01 -4.075737475566038048e-01 -5.638399563582557894e-01 -7.183092261859205241e-01 9.462223320118426373e-02 7.562978349939653011e-01 -6.473486063605874419e-01 -1.697988532011776852e-01 -9.558104741121847825e-01 3.025448327760220102e-01
1.589264477777611017e+09 9.038588402226185314e-01 -3.380512992977417475e-01 -2.622222649312287435e-01 -4.202469537082392792e-01 -5.866342938653479333e-01 -6.922807982800616156e-01 8.019785011463510804e-02 7.359222273080351373e-01 -6.722996211366657482e-01 -1.835502729814325329e-01 -9.546058232107751396e-01 3.066339039973591252e-01
1.589264477777627945e+09 8.990059649055025526e-01 -3.449858397023214951e-01 -2.697647969997982731e-01 -4.330196925016169818e-01 -6.081995788076121068e-01 -6.652722891803610761e-01 6.543868340391456595e-02 7.148972255410005472e-01 -6.961607113430597904e-01 -1.971878870083124125e-01 -9.529322125908090690e-01 3.109336417064260671e-01
1.589264477777647972e+09 8.936937387243710784e-01 -3.526032001615987399e-01 -2.774571765728666706e-01 -4.458445134875781424e-01 -6.285127742451978028e-01 -6.373337923810875605e-01 5.034055498728225858e-02 6.932839794707352787e-01 -7.189041331932417567e-01 -2.106990709014394947e-01 -9.508217918532769763e-01 3.154355598905839164e-01
1.589264477777667999e+09 8.879205310408786467e-01 -3.608847387481932123e-01 -2.852355800489555504e-01 -4.586711970399408034e-01 -6.475564339698191008e-01 -6.085157338454518783e-01 3.489790658173934357e-02 6.711429583245026587e-01 -7.405060877515997619e-01 -2.240738104472352610e-01 -9.483053027603076668e-01 3.201320328168567042e-01
1.589264477777686119e+09 8.816875227543513605e-01 -3.698047954950992033e-01 -2.930384372044980701e-01 -4.714468529342911163e-01 -6.653187865131737766e-01 -5.788685322922818566e-01 1.910438176883942976e-02 6.485332110912190862e-01 -7.609465796614605093e-01 -2.373042825109610565e-01 -9.454118427377572464e-01 3.250162657442424718e-01
1.589264477777708054e+09 8.749988056878432729e-01 -3.793316260320417355e-01 -3.008065952865175419e-01 -4.841160681912828889e-01 -6.817937297222831372e-01 -5.484422878823451697e-01 2.953454332279305955e-03 6.255116529299902250e-01 -7.802092344658778655e-01 -2.503844604539045560e-01 -9.421687185176483847e-01 3.300822625359832729e-01
1.589264477777725935e+09 8.678614942064819537e-01 -3.894283613128727284e-01 -3.084833520791595007e-01 -4.966211119577512711e-01 -6.969807290253048349e-01 -5.172865115508338274e-01 -1.356091308912738339e-02 6.021323900285513453e-01 -7.982810826420893013e-01 -2.633097529148539784e-01 -9.386013763083648209e-01 3.353247922288702942e-01
1.589264477777745008e+09 8.602858470930926371e-01 -4.000539678015386236e-01 -3.160143736742000442e-01 -5.089021998932868884e-01 -7.108846184043134953e-01 -4.854499055177129985e-01 -3.044359655359040948e-02 5.784460930046004812e-01 -8.151523203096019410e-01 -2.760766823279179882e-01 -9.347333972586781003e-01 3.407393545060078410e-01
1.589264477777762890e+09 8.522852875977298126e-01 -4.111643110869771522e-01 -3.233476427375928108e-01 -5.208979990193525200e-01 -7.235151684872206390e-01 -4.529802160070271477e-01 -4.769762574763893731e-02 5.544995136228366706e-01 -8.308160002549349610e-01 -2.886826068212122731e-01 -9.305865468673278906e-01 3.463221434793665732e-01
1.589264477777780056e+09 8.438762085924849110e-01 -4.227133873657493712e-01 -3.304335590470169337e-01 -5.325465072252367760e-01 -7.348863120958855077e-01 -4.199241913054534980e-01 -6.532352223791906831e-02 5.303352720564851186e-01 -8.452676126794036460e-01 -3.011254855955061149e-01 -9.261808652928479324e-01 3.520700101177294816e-01
1.589264477777798891e+09 8.350776697592809938e-01 -4.346545163349751495e-01 -3.372250541258011713e-01 -5.437860544703109200e-01 -7.450152199779787043e-01 -3.863276452339455824e-01 -8.331874207397804710e-02 5.059918712614223102e-01 -8.585046382088488137e-01 -3.134036848346520299e-01 -9.215347853550626134e-01 3.579804244750641185e-01
1.589264477777818918e+09 8.259107949598172294e-01 -4.469416309147495880e-01 -3.436779561671620686e-01 -5.545566620707526040e-01 -7.539210549825359209e-01 -3.522356482728493665e-01 -1.016772721583452110e-01 4.815041243452841124e-01 -8.705259967137404242e-01 -3.255158206167007018e-01 -9.166652683515790212e-01 3.640514379135098566e-01
1.589264477777837038e+09 8.163977479545861948e-01 -4.595306697181540945e-01 -3.497517418887232110e-01 -5.648018136805650347e-01 -7.616233704725571263e-01 -3.176928600400007463e-01 -1.203894877205354264e-01 4.569041535058107617e-01 -8.813313600145281645e-01 -3.374606358637817216e-01 -9.115879511116848910e-01 3.702816442967933330e-01
1.589264477777854919e+09 8.065603204003038984e-01 -4.723809121732411853e-01 -3.554106408104112380e-01 -5.744704251090595459e-01 -7.681403356648178749e-01 -2.827439758986676765e-01 -1.394423916553566289e-01 4.322229735815016349e-01 -8.909203785453170266e-01 -3.492369074129659801e-01 -9.063172978692238813e-01 3.766701398957022495e-01
1.589264477777873039e+09 7.964183322082312166e-01 -4.854559999431556916e-01 -3.606248916436327057e-01 -5.835185985150190824e-01 -7.734871405862095983e-01 -2.474342115433237066e-01 -1.588202936450086866e-01 4.074924733285035794e-01 -8.992919430844825701e-01 -3.608433772996145206e-01 -9.008667498126736728e-01 3.832164835983472018e-01
1.589264477777887106e+09 7.859880522690745330e-01 -4.987244829625928078e-01 -3.653719639149842768e-01 -5.919108288273323693e-01 -7.776748703427965870e-01 -2.118097430749681931e-01 -1.785058900285513561e-01 3.827475492843401828e-01 -9.064435785703810478e-01 -3.722787026715289049e-01 -8.952488675008599683e-01 3.899206588040372568e-01
1.589264477777896881e+09 7.752806845038729966e-01 -5.121599297716281640e-01 -3.696377507813002339e-01 -5.996206211005190578e-01 -7.807098977704400866e-01 -1.759180683770881493e-01 -1.984816650418029238e-01 3.580282980594095554e-01 -9.123709589966400024e-01 -3.835414196867469316e-01 -8.894754635925619102e-01 3.967830378351177023e-01
1.589264477777913094e+09 7.643008681323527620e-01 -5.257407139313959865e-01 -3.734178422600740732e-01 -6.066306079505905391e-01 -7.825937290302144023e-01 -1.398083019255625392e-01 -2.187315451528197008e-01 3.333822990931094576e-01 -9.170674752688511289e-01 -3.946299199420065795e-01 -8.835577267557760406e-01 4.038043472599336381e-01
1.589264477777930021e+09 7.530453203505506066e-01 -5.394494542731081976e-01 -3.767187704557791172e-01 -6.129320439338722393e-01 -7.833234059180448350e-01 -1.035314047389917225e-01 -2.392426705171739887e-01 3.088668457049456584e-01 -9.205238816117811140e-01 -4.055424377088841514e-01 -8.775063368492239668e-01 4.109856333150715413e-01
1.589264477777949095e+09 7.415018023207077258e-01 -5.532720869444257561e-01 -3.795590536325453845e-01 -6.185235635262016363e-01 -7.828925684910107430e-01 -6.714036097330643160e-02 -2.600070747126047577e-01 2.845509169885757084e-01 -9.227280732317006962e-01 -4.162770460719329435e-01 -8.713315711439229005e-01 4.183282272025032889e-01
1.589264477777966976e+09 7.296486713482153164e-01 -5.671965469673988514e-01 -3.819697550057792323e-01 -6.234091017138762014e-01 -7.812932851595955075e-01 -3.069030746105153723e-02 -2.810229682538745721e-01 2.605165638129732786e-01 -9.236650971441948688e-01 -4.268316612891602801e-01 -8.650434021347827018e-01 4.258337092888047626e-01
1.589264477777987003e+09 7.174548102813076422e-01 -5.812112848649798602e-01 -3.839948408259462598e-01 -6.275954086317933056e-01 -7.785183435346390013e-01 5.761280378789385842e-03 -3.022955485250764518e-01 2.368599406239810801e-01 -9.233172641400460012e-01 -4.372040553179701305e-01 -8.586515874868426712e-01 4.335038710104628934e-01
1.589264477778006077e+09 7.048800591131755278e-01 -5.953036278908879764e-01 -3.856911887970543851e-01 -6.310892272900111566e-01 -7.745640068070528406e-01 4.215432438943067517e-02 -3.238371347699766645e-01 2.136918115511619864e-01 -9.216644292851313702e-01 -4.473918771177102238e-01 -8.521657525376098441e-01 4.413406729861930056e-01
1.589264477778023958e+09 6.918762803214121293e-01 -6.094580189417151406e-01 -3.871280616377202888e-01 -6.338942631668168515e-01 -7.694332044083609379e-01 7.842580943355759171e-02 -3.456664233752059778e-01 1.911372999827551378e-01 -9.186845251204721619e-01 -4.573926836334468726e-01 -8.455954653219062145e-01 4.493461978382287669e-01
1.589264477778042078e+09 6.783891881098083054e-01 -6.236542056079471541e-01 -3.883858152847077805e-01 -6.360081419792442681e-01 -7.631390653063787610e-01 1.145094356227673582e-01 -3.678066791008975378e-01 1.693345776026356775e-01 -9.143544433240528013e-01 -4.672039808298580899e-01 -8.389503032911810321e-01 4.575225969311994545e-01
1.589264477778060913e+09 6.643608820387957303e-01 -6.378655404326393219e-01 -3.895538101165766931e-01 -6.374197237999953414e-01 -7.557085314545056720e-01 1.503353308601831639e-01 -3.902828647659428718e-01 1.484323689566816873e-01 -9.086512629747061087e-01 -4.768232741775386696e-01 -8.322399102520939840e-01 4.658720312815302633e-01
1.589264477778079033e+09 6.497330272001479168e-01 -6.520575658870022551e-01 -3.907274297588804179e-01 -6.381071031443371622e-01 -7.471857534693966407e-01 1.858299632361285203e-01 -4.131178024337346932e-01 1.285860836866825618e-01 -9.015538257830064683e-01 -4.862481273072963850e-01 -8.254740418935628821e-01 4.743966076378992036e-01
1.589264477778096914e+09 6.344502771343802916e-01 -6.661871044725545810e-01 -3.920045763887366475e-01 -6.380367306304111086e-01 -7.376348041912967890e-01 2.209163337540979988e-01 -4.363278315889997372e-01 1.099528890626872424e-01 -8.930444479179869832e-01 -4.954762262333158307e-01 -8.186625982395369094e-01 4.830983119983936480e-01
1.589264477778117895e+09 6.184636599180628469e-01 -6.802019881399562484e-01 -3.934818381098886264e-01 -6.371638249530469089e-01 -7.271413716842668462e-01 2.555145519604593574e-01 -4.599184296627603086e-01 9.268592798007008193e-02 -8.831106143629721128e-01 -5.045054457996396291e-01 -8.118156419175908134e-01 4.919789435280799705e-01
1.589264477778136015e+09 6.017335112778353645e-01 -6.940414926381083260e-01 -3.952507914388594390e-01 -6.354341215845704660e-01 -7.158131407240494459e-01 2.895427864755845127e-01 -4.838804180224762774e-01 7.692824182337253125e-02 -8.717464006543934607e-01 -5.133339144459189152e-01 -8.049434019597230261e-01 5.010400523200806422e-01
1.589264477778153896e+09 5.842316692901031727e-01 -7.076374239481623141e-01 -3.973948075373398559e-01 -6.327867509358590103e-01 -7.037787747406842875e-01 3.229185107295163282e-01 -5.081872537318816718e-01 6.280694846557399735e-02 -8.589534345693151662e-01 -5.219600726350911435e-01 -7.980562638476161874e-01 5.102828850426385232e-01
1.589264477778172016e+09 5.659428254828814397e-01 -7.209157255346622106e-01 -3.999865437641815791e-01 -6.291578630362445468e-01 -6.911855934612618491e-01 3.555599236113343165e-01 -5.327936768428265246e-01 5.042809125648278767e-02 -8.447413248551662868e-01 -5.303827216415192281e-01 -7.911647478095004127e-01 5.197083411922184260e-01
1.589264477778191090e+09 5.468650033415527467e-01 -7.337984190857580469e-01 -4.030862792239608972e-01 -6.244845627300956714e-01 -6.781961803470384353e-01 3.873873673491654013e-01 -5.576358125641087682e-01 3.987256482135993763e-02 -8.291275411600224077e-01 -5.386010598028452279e-01 -7.842794781996600406e-01 5.293169422080961084e-01
1.589264477778208971e+09 5.270091266468273083e-01 -7.462055892511195720e-01 -4.067414402694530806e-01 -6.187087197894800550e-01 -6.649843409588712673e-01 4.183244516439209026e-01 -5.826327324409691366e-01 3.119367181775353076e-02 -8.121367214431498560e-01 -5.466147047487071031e-01 -7.774111474081975004e-01 5.391088143496629570e-01
1.589264477778228998e+09 5.063980239298830899e-01 -7.580572426708565015e-01 -4.109869321831278732e-01 -6.117802627205081167e-01 -6.517308289927545850e-01 4.482988257772617668e-01 -6.076890256798960221e-01 2.441605378250073094e-02 -7.937996628718362313e-01 -5.544237023239788620e-01 -7.705704777769809555e-01 5.490836842275947927e-01
1.589264477778247118e+09 4.850651267184280524e-01 -7.692749414708224265e-01 -4.158459901187328001e-01 -6.036597527802515240e-01 -6.386191502670084397e-01 4.772425843245324262e-01 -6.326979738729757718e-01 1.953575289042994850e-02 -7.741521998971311325e-01 -5.620285244133659264e-01 -7.637681844003222364e-01 5.592408845811356333e-01
1.589264477778265953e+09 4.630530120049951570e-01 -7.797831129084992208e-01 -4.213314670505441395e-01 -5.943201579824143321e-01 -6.258317220071245579e-01 5.050922747900467025e-01 -6.575450237956835808e-01 1.652128482065150228e-02 -7.532340866018618630e-01 -5.694300584211817728e-01 -7.570149408225053111e-01 5.695793674836095999e-01
1.589264477778284073e+09 4.404119826427884687e-01 -7.895100599392032015e-01 -4.274472494128079836e-01 -5.837478595845535523e-01 -6.135464986077302507e-01 5.317886149438286747e-01 -6.821112243659432917e-01 1.531533861833380902e-02 -7.310880373706930557e-01 -5.766295904997319477e-01 -7.503213489752067478e-01 5.800977228325321366e-01
1.589264477778302908e+09 4.171987706013238761e-01 -7.983886997444149536e-01 -4.341896707204096484e-01 -5.719429853262061325e-01 -6.019341142282187418e-01 5.572760035849972926e-01 -7.062764386391674476e-01 1.583687283101168145e-02 -7.077589886901055616e-01 -5.836287841495230166e-01 -7.436979142397321940e-01 5.907942004663929714e-01
1.589264477778321028e+09 3.934753960078097856e-01 -8.063570294483302092e-01 -4.415489259718490267e-01 -5.589191764503002036e-01 -5.911555933950924935e-01 5.815018650881899065e-01 -7.299222337792578008e-01 1.798348536429860561e-02 -6.832935879096064813e-01 -5.904296563771290751e-01 -7.371550258342887130e-01 6.016667338175155644e-01
1.589264477778338909e+09 3.693082217240793996e-01 -8.133583699736983696e-01 -4.495103998706346249e-01 -5.447029172327638724e-01 -5.813605923646023577e-01 6.044159115301519503e-01 -7.529343728096573596e-01 2.163386060904229011e-02 -6.577399233028272674e-01 -5.970345528392986267e-01 -7.307029424339605006e-01 6.127129637504982185e-01
