1.592830854344257116e+09 2.533683371031991705e-01 -9.671507680897698522e-01 2.058844330018545429e-02 -9.436760177716911890e-01 -2.517881557126465664e-01 -2.146585732656121626e-01 2.127911297926748380e-01 3.495886522096484927e-02 -9.764721282092250210e-01 -5.865884010769683021e-01 -2.722045736880974731e-01 3.457533368154676046e-01
1.592830854344300985e+09 2.367908070650910912e-01 -9.710820480191219017e-01 3.049223122449347054e-02 -9.477680891602806579e-01 -2.377813471066591855e-01 -2.125927681946266079e-01 2.136955041564879976e-01 2.144044913076042710e-02 -9.766650106304666235e-01 -5.905992923372297421e-01 -2.878188607516443676e-01 3.488467558116287726e-01
1.592830854344319105e+09 2.215787704179159046e-01 -9.742342640048572422e-01 4.207676080208519465e-02 -9.516179735826665320e-01 -2.254526089915135922e-01 -2.087926205697424598e-01 2.128992401375681687e-01 6.223010033431147781e-03 -9.770543444662652677e-01 -5.937833920926963716e-01 -3.034387863768766014e-01 3.527636273310618686e-01
1.592830854344332933e+09 2.083622048111295477e-01 -9.764982740523222571e-01 5.510280246664381321e-02 -9.552776867746928247e-01 -2.152743520609869954e-01 -2.027350474046243634e-01 2.098326435925524647e-01 -1.039615640585145849e-02 -9.776820474777980774e-01 -5.961410676977799694e-01 -3.189960501395780468e-01 3.574407375766328610e-01
1.592830854344346046e+09 1.979498755522930142e-01 -9.777782686465454898e-01 6.903267771130687513e-02 -9.587640502462622116e-01 -2.077897025139944509e-01 -1.938941475021090655e-01 2.039297630436462394e-01 -2.780472745507734864e-02 -9.785905953060987095e-01 -5.976782913938565311e-01 -3.344305520044304481e-01 3.628143346756326770e-01
1.592830854344357014e+09 1.912586446992524947e-01 -9.780326874444694729e-01 8.289873086212722064e-02 -9.620196517894820110e-01 -2.035451806899545857e-01 -1.818998459036703375e-01 1.947776319514131493e-01 -4.496029028159469892e-02 -9.798164372649746934e-01 -5.984056451985109160e-01 -3.496900381467109575e-01 3.688211216209713594e-01
1.592830854344367981e+09 1.891210330831226416e-01 -9.773237274501774818e-01 9.524480599518880819e-02 -9.648779553749927684e-01 -2.029660825478950548e-01 -1.667792118867813533e-01 1.823287458866731103e-01 -6.035815684782289831e-02 -9.813832715462190714e-01 -5.983374094539375410e-01 -3.647296142116583373e-01 3.753990351169140816e-01
1.592830854344378948e+09 1.919615032286029477e-01 -9.758500048410936323e-01 1.042475697100442023e-01 -9.670695478387676403e-01 -2.061756106877125627e-01 -1.492250386212432278e-01 1.671145607723356907e-01 -7.216918735445282396e-02 -9.832925995449679490e-01 -5.974907530156913227e-01 -3.795111772114463933e-01 3.824878303917930156e-01
1.592830854344389915e+09 1.994377449785400269e-01 -9.739292092267626266e-01 1.081040598377579071e-01 -9.683092523251343176e-01 -2.127991050452629207e-01 -1.307430216283681779e-01 1.503388946773390744e-01 -7.860306790897396423e-02 -9.855048344924172143e-01 -5.958850314283411498e-01 -3.940028077723408129e-01 3.900294981225230218e-01
1.592830854344400883e+09 2.102671136366252580e-01 -9.719214282089163603e-01 1.056242622310840651e-01 -9.684548949095301840e-01 -2.218497297173395721e-01 -1.134804780618934861e-01 1.337268222270699691e-01 -7.843112115935542417e-02 -9.879097633874105444e-01 -5.935411930703662353e-01 -4.081781553788382810e-01 3.979685403995806281e-01
1.592830854344412088e+09 2.224453539139029934e-01 -9.701336391511589108e-01 9.674085574381489916e-02 -9.676409638374781075e-01 -2.318126740606758496e-01 -9.966872227312222055e-02 1.191177366521695424e-01 -7.143957067196160526e-02 -9.903066984033297437e-01 -5.904812904516024696e-01 -4.220158419908230929e-01 4.062521311356336318e-01
1.592830854344423056e+09 2.344767549442174082e-01 -9.681794849170682893e-01 8.745937821153278169e-02 -9.664875635162982759e-01 -2.418446197183339863e-01 -8.609863200228692892e-02 1.045105092463035068e-01 -6.434027351644788784e-02 -9.924403694964953893e-01 -5.870752140169011035e-01 -4.356815937307441655e-01 4.146847062461235800e-01
1.592830854344434023e+09 2.463527452975016463e-01 -9.660517670672591484e-01 7.780947687273333246e-02 -9.650016671254674216e-01 -2.519458975340515550e-01 -7.276710872276910547e-02 8.990057250610500317e-02 -5.715989791992983488e-02 -9.943091257140764805e-01 -5.833345886267192748e-01 -4.491785525324751838e-01 4.232463810288359940e-01
1.592830854344444990e+09 2.580659829652583448e-01 -9.637439126676883294e-01 6.782054034544661436e-02 -9.631897149957339144e-01 -2.621166388853902740e-01 -5.966946871645952000e-02 7.528297943781003809e-02 -4.992538687140331277e-02 -9.959116090789082998e-01 -5.792698202071883129e-01 -4.625100199717952498e-01 4.319188710922581276e-01
1.592830854344455004e+09 2.696100605619312085e-01 -9.612501021162860315e-01 5.752097778914944809e-02 -9.610575820780791201e-01 -2.723565586584894560e-01 -4.679993415575271765e-02 6.065265720966445812e-02 -4.266323881508886362e-02 -9.972467636310718975e-01 -5.748901449808527797e-01 -4.756793297236884821e-01 4.406852943001991485e-01
1.592830854344465971e+09 2.809792611997288247e-01 -9.585653592604361783e-01 4.693733335165085896e-02 -9.586105634232894301e-01 -2.826648264095870111e-01 -3.415243117500429970e-02 4.600487085947762428e-02 -3.539849877608862438e-02 -9.983138296583070614e-01 -5.702036957561672503e-01 -4.886897567861635538e-01 4.495299781049862942e-01
1.592830854344476938e+09 2.921684036619278668e-01 -9.556855662367441662e-01 3.609333524340607724e-02 -9.558533844985708239e-01 -2.930400683723485278e-01 -2.172166250539358731e-02 3.133587302965941401e-02 -2.815355329871382928e-02 -9.991123284413814254e-01 -5.652175813479028976e-01 -5.015444573665170935e-01 4.584382768419701382e-01
1.592830854344487906e+09 3.031728055826060086e-01 -9.526073706623889858e-01 2.500907386249583142e-02 -9.527902419403009304e-01 -3.034805234210022906e-01 -9.504300000469936838e-03 1.664363338496172018e-02 -2.094695636878219497e-02 -9.996420453502666836e-01 -5.599379723917117246e-01 -5.142464319941214557e-01 4.673964027687241285e-01
1.592830854344499111e+09 3.139883770856787271e-01 -9.493279744798277520e-01 1.370045202639860217e-02 -9.494248709163872757e-01 -3.139843469673915255e-01 2.499859176745417022e-03 1.928541613702886015e-03 -1.379247677244262518e-02 -9.999030216261771686e-01 -5.543701881971131451e-01 -5.267985054162963587e-01 4.763912725430385353e-01
1.592830854344510078e+09 3.246118509085923476e-01 -9.458448102698102655e-01 2.178897878015851816e-03 -9.457606251609964598e-01 -3.245500458263981813e-01 1.428679810893248442e-02 -1.280593200652898472e-02 -6.698379967671547024e-03 -9.998955666251782004e-01 -5.485187811555287674e-01 -5.392033182465890695e-01 4.854103692034171802e-01
1.592830854344520092e+09 3.350411534865809782e-01 -9.421551112643976600e-01 -9.548730248059550396e-03 -9.418005557397745031e-01 -3.351770292953138441e-01 2.584718924877006663e-02 -2.755257601248920288e-02 3.331271627768665408e-04 -9.996203023782592734e-01 -5.423876202310249361e-01 -5.514633284666172752e-01 4.944416185861314483e-01
1.592830854344531059e+09 3.452758912736087482e-01 -9.382553891430972515e-01 -2.147999324368343732e-02 -9.375474868896728209e-01 -3.458662309254345590e-01 3.716537479071472388e-02 -4.229981694828220673e-02 7.306205567308801142e-03 -9.990782497841612653e-01 -5.359799738313816286e-01 -5.635808207338497411e-01 5.034732795109457815e-01
1.592830854344542027e+09 3.553179020067042115e-01 -9.341408523762149141e-01 -3.361640813637208763e-02 -9.330040925675654462e-01 -3.566207262328052185e-01 4.821852159079383776e-02 -5.703119814617435557e-02 1.423134220790369178e-02 -9.982709630568277204e-01 -5.292985915660970431e-01 -5.755579214359388684e-01 5.124938471254173455e-01
1.592830854344552040e+09 3.651717855674866953e-01 -9.298048258130173771e-01 -4.596258675136058458e-02 -9.281729841194366060e-01 -3.674462322467563213e-01 5.897612151985132112e-02 -7.172506107359455374e-02 2.112481545064947078e-02 -9.972007130621188820e-01 -5.223457858920788066e-01 -5.873966185475590907e-01 5.214919688321254521e-01
1.592830854344563007e+09 3.748454066727214262e-01 -9.252382036406212595e-01 -5.852515767460089724e-02 -9.230568045116805953e-01 -3.783514626297322936e-01 6.939964929067535260e-02 -8.635428514728719918e-02 2.800790499481125781e-02 -9.958707240600740418e-01 -5.151235150668025398e-01 -5.990987858527452303e-01 5.304563725924349438e-01
1.592830854344573021e+09 3.843503086222281317e-01 -9.204289896017565642e-01 -7.131144244289426559e-02 -9.176583429843238049e-01 -3.893482572101559236e-01 7.944246414683242552e-02 -1.008861320852539323e-01 3.490580420535264322e-02 -9.942854607863316208e-01 -5.076334692879613808e-01 -6.106662115708419991e-01 5.393758079320293275e-01
1.592830854344583988e+09 3.937019673857749535e-01 -9.153619923671342251e-01 -8.432787360558395562e-02 -9.119806827835461593e-01 -4.004513999094274079e-01 8.905007294369844673e-02 -1.152822664197191843e-01 4.184620252508622351e-02 -9.924509553266578354e-01 -4.998771617839228298e-01 -6.221006315632283679e-01 5.482390005639488084e-01
1.592830854344594955e+09 4.029198047876793587e-01 -9.100187567596249583e-01 -9.757817233440954641e-02 -9.060273893678022494e-01 -4.116780420749461267e-01 9.816091044680187727e-02 -1.294990597645948316e-01 4.885752153508740592e-02 -9.903751513719271093e-01 -4.918560253822802930e-01 -6.334037668389603803e-01 5.570346218640456204e-01
1.592830854344608068e+09 4.120269229869513716e-01 -9.043777881551038345e-01 -1.110614131288878981e-01 -8.998027290648330512e-01 -4.230467171566378304e-01 1.067076792996243390e-01 -1.434882203022812275e-01 5.596692551702883017e-02 -9.880682356133549948e-01 -4.835715134401257220e-01 -6.445773644011656422e-01 5.657512742999362132e-01
1.592830854344619036e+09 4.210495226059656204e-01 -8.984151177090954343e-01 -1.247701175988841227e-01 -8.933118969555940980e-01 -4.345759627971449990e-01 1.146193363598545789e-01 -1.571978375932375771e-01 6.319821321047577878e-02 -9.855429113176383815e-01 -4.750252029851308455e-01 -6.556232400988212250e-01 5.743774935162956341e-01
1.592830854344630003e+09 4.300160832922704235e-01 -8.921051701090979558e-01 -1.386886442185925605e-01 -8.865612069248239857e-01 -4.462827135375835308e-01 1.218235236913283726e-01 -1.705737387985948317e-01 7.056989690464614273e-02 -9.828145774400018908e-01 -4.662188962225651268e-01 -6.665433214364442360e-01 5.829017668033947830e-01
1.592830854344640017e+09 4.389563680887460517e-01 -8.854218775687157095e-01 -1.527920550867293836e-01 -8.795581997806071195e-01 -4.581806268852757769e-01 1.282493325392159711e-01 -1.835611233439410905e-01 7.809364328080892204e-02 -9.799013732112398234e-01 -4.571547158823192070e-01 -6.773396880693320909e-01 5.913125665618949034e-01
1.592830854344650984e+09 4.479003837467688265e-01 -8.783399171317204379e-01 -1.670456305119599472e-01 -8.723116248094039404e-01 -4.702785746820760671e-01 1.338301026242365854e-01 -1.961063011752529062e-01 8.577329061484836870e-02 -9.768240709574549374e-01 -4.478351896014602374e-01 -6.880146076600964777e-01 5.995983961474505852e-01
1.592830854344660997e+09 4.568774123395952236e-01 -8.708359389138368156e-01 -1.814050827582575076e-01 -8.648312729859938264e-01 -4.825794905787813005e-01 1.385059908061396783e-01 -2.081583658341700782e-01 9.360452952123229919e-02 -9.736058191751884028e-01 -4.382633181549493440e-01 -6.985705646408464364e-01 6.077478439521644127e-01
1.592830854344671965e+09 4.659151801405962412e-01 -8.628896761966150519e-01 -1.958174100749345836e-01 -8.571276687428006635e-01 -4.950796804698982534e-01 1.422261382882775982e-01 -2.196706860429117891e-01 1.015752028799279116e-01 -9.702717517266856717e-01 -4.284426246877592326e-01 -7.090102805689715293e-01 6.157496413410775693e-01
1.592830854344687939e+09 4.750392166379341363e-01 -8.544848439373206039e-01 -2.102222647533540101e-01 -8.492116500356787778e-01 -5.077686444686040357e-01 1.449502745400544634e-01 -2.306020859092252628e-01 1.096661309587879940e-01 -9.668485000455228073e-01 -4.183771830694046900e-01 -7.193367252177491622e-01 6.235927195781507670e-01
1.592830854344698906e+09 4.842725006793603959e-01 -8.456097303227694262e-01 -2.245536361981489981e-01 -8.410938842061266296e-01 -5.206294342203735548e-01 1.466494975288546720e-01 -2.409174733657440393e-01 1.178523706709032198e-01 -9.633636873474872298e-01 -4.080716255718290775e-01 -7.295531185004850983e-01 6.312662613449098181e-01
1.592830854344710112e+09 4.936353030671304376e-01 -8.362575175943666173e-01 -2.387416140795911301e-01 -8.327843845286773128e-01 -5.336393823292056027e-01 1.473064270951444099e-01 -2.505880332298829338e-01 1.261046348175772491e-01 -9.598454370496001253e-01 -3.975311327898681246e-01 -7.396629245648305151e-01 6.387597440828800543e-01
1.592830854344719887e+09 5.031451550941878903e-01 -8.264263774761291259e-01 -2.527140715859061415e-01 -8.242920771521334844e-01 -5.467710583870704077e-01 1.469148944305678217e-01 -2.595910830675953740e-01 1.343906890847480773e-01 -9.563219210206114207e-01 -3.867614102197378112e-01 -7.496698400538446272e-01 6.460629740838859103e-01
1.592830854344731092e+09 5.128169265264930221e-01 -8.161193747512897056e-01 -2.663981465477637256e-01 -8.156244520811952725e-01 -5.599933488929047520e-01 1.454792332740323380e-01 -2.679096097690187306e-01 1.426766284459372314e-01 -9.528209826794040715e-01 -3.757686560986662205e-01 -7.595777785901524082e-01 6.531661114951837765e-01
1.592830854344741106e+09 5.226629373904613240e-01 -8.053442487485971135e-01 -2.797214710145264349e-01 -8.067873170532208205e-01 -5.732725379009105948e-01 1.430133814779425971e-01 -2.755316404799074692e-01 1.509279404643109057e-01 -9.493698311127679590e-01 -3.645595239212562344e-01 -7.693908529839831312e-01 6.600596865516976663e-01
1.592830854344752073e+09 5.326930750151933625e-01 -7.941131180553719915e-01 -2.926131405522154338e-01 -7.977846567576976078e-01 -5.865733221327898983e-01 1.395399016595096908e-01 -2.824495269472703241e-01 1.591103339662690852e-01 -9.459948047943174121e-01 -3.531410822053805409e-01 -7.791133562790062417e-01 6.667346074312762161e-01
1.592830854344763041e+09 5.429149231449610369e-01 -7.824421375413775914e-01 -3.050044165037276156e-01 -7.886185912577992063e-01 -5.998597302355263006e-01 1.350889577847377010e-01 -2.886591584634564112e-01 1.671903414866114934e-01 -9.427212123921857589e-01 -3.415207743784409722e-01 -7.887497428745854355e-01 6.731821612059142312e-01
1.592830854344773054e+09 5.533338838757392297e-01 -7.703511439996517662e-01 -3.168291879767650143e-01 -7.792894219261669031e-01 -6.130959175877975786e-01 1.296973309756134785e-01 -2.941591675637159065e-01 1.751357061998744524e-01 -9.395732397729972263e-01 -3.297063805426359573e-01 -7.983046104675720622e-01 6.793940090680277155e-01
