1.586177207697772980e+09 6.635785515914942589e-01 -6.815590603116690183e-01 -3.084489479002706647e-01 -6.520409165940628249e-01 -7.290472190977999034e-01 2.081653090957992780e-01 -3.667508001616477387e-01 6.298730042665763584e-02 -9.281844918929259558e-01 -5.056791234468162033e-01 -8.307585486136408459e-01 4.247798917749062153e-01
1.586177207698117971e+09 6.409035329824982474e-01 -6.982904796731270736e-01 -3.187994160822764655e-01 -6.503510052224371618e-01 -7.145727048562340311e-01 2.577390540423037391e-01 -4.077820887295688368e-01 4.214565041228710007e-02 -9.121060863120316053e-01 -5.221255336017267545e-01 -8.245909539597071625e-01 4.331832305642870362e-01
1.586177207698288918e+09 6.171753550307322866e-01 -7.148071436111869126e-01 -3.288545710053000226e-01 -6.462606578665075485e-01 -6.989280942226355764e-01 3.063440577166045564e-01 -4.488226194338951758e-01 2.345776884471407683e-02 -8.933129293758715894e-01 -5.383590229694035223e-01 -8.180731896479453980e-01 4.417349733652496391e-01
1.586177207698348999e+09 5.924084758547516483e-01 -7.309918531536229169e-01 -3.386784738427534025e-01 -6.396967032030060896e-01 -6.823498011806273800e-01 3.538175762140345904e-01 -4.897349549824617787e-01 7.046972139362403867e-03 -8.718428840546728065e-01 -5.543861551086756156e-01 -8.112322419446670319e-01 4.504224473087733438e-01
1.586177207698528051e+09 5.666265258368031743e-01 -7.467242295824837450e-01 -3.483350477034072301e-01 -6.305924603957718810e-01 -6.650970078193825241e-01 3.999988994731382697e-01 -5.303654679562415097e-01 -6.992531937486175242e-03 -8.477402758636849445e-01 -5.702441460515438321e-01 -8.041394828910065629e-01 4.592177088666130613e-01
1.586177207698585033e+09 5.398636369425289239e-01 -7.618829783952811852e-01 -3.578848711872231747e-01 -6.188917437050349690e-01 -6.474475354026190121e-01 4.447299168853233731e-01 -5.705438314236983555e-01 -1.860151837221462462e-02 -8.210564660018160321e-01 -5.859904890732923199e-01 -7.968880294134779163e-01 4.680838713686726882e-01
1.586177207698610067e+09 5.121653506251818699e-01 -7.763486667295191879e-01 -3.673818198717203054e-01 -6.045532578442701643e-01 -6.296920493907862681e-01 4.878558002749600608e-01 -6.100836111116082483e-01 -2.776096088292498779e-02 -7.918505647713169893e-01 -6.016902417093106248e-01 -7.895728315828647315e-01 4.769802403737843921e-01
1.586177207698622942e+09 4.835888749008573351e-01 -7.900067145932572199e-01 -3.768702578549619764e-01 -5.875549088581163426e-01 -6.121269804561724204e-01 5.292256507127653942e-01 -6.487842705008775024e-01 -3.449566694554095231e-02 -7.601901207838757113e-01 -6.174043254606710329e-01 -7.822766951715212080e-01 4.858669551171850287e-01
1.586177207698633909e+09 4.542026406322187682e-01 -8.027502359245511920e-01 -3.863832556565717224e-01 -5.678974771597113946e-01 -5.950468321572309760e-01 5.686929958011526232e-01 -6.864345687537795060e-01 -3.887578424951335099e-02 -7.261516760591930630e-01 -6.331812322945727933e-01 -7.750625982385082047e-01 4.947092257420712125e-01
1.586177207698651075e+09 4.240852724204055568e-01 -8.144824410318647345e-01 -3.959419594496900729e-01 -5.456072176147269692e-01 -5.787365819203406092e-01 6.061161054879562471e-01 -7.228170213165406865e-01 -4.101612283191235359e-02 -6.898211592780392198e-01 -6.490529190967195827e-01 -7.679710757402509191e-01 5.034807478630883848e-01
1.586177207698666096e+09 3.933241686445375085e-01 -8.251183457378240549e-01 -4.055561788124237288e-01 -5.207371134505226484e-01 -5.634648928320928896e-01 6.413580698166554406e-01 -7.577129783345255554e-01 -4.107347566593062826e-02 -6.512941059804855382e-01 -6.650342991418226601e-01 -7.610209639460527864e-01 5.121658599239855558e-01
1.586177207698683023e+09 3.620202664920507685e-01 -8.344415790363473029e-01 -4.155100216725540752e-01 -4.932863207839426889e-01 -5.497080497457618176e-01 6.741584875013905132e-01 -7.909550763955375263e-01 -3.909362541127723439e-02 -6.106240709316242965e-01 -6.808073321602647887e-01 -7.538124753703310255e-01 5.210196080264021257e-01
1.586177207698700905e+09 3.302808499422244526e-01 -8.423701062310668952e-01 -4.258252747027556073e-01 -4.633675828655499651e-01 -5.377405017674020682e-01 7.043618646734720601e-01 -8.223168755457314072e-01 -3.532360701673043640e-02 -5.679323898183752384e-01 -6.963639937816015202e-01 -7.463556277881026046e-01 5.300487517810933413e-01
1.586177207698714972e+09 2.982201080522616787e-01 -8.488387807307421484e-01 -4.365060042735024459e-01 -4.311256749053234971e-01 -5.277967824091147619e-01 7.318204762194242541e-01 -8.515840651887465196e-01 -3.005463574808209248e-02 -5.233558055581652990e-01 -7.116966701368163672e-01 -7.386610108697450050e-01 5.392597039508861823e-01
1.586177207698729992e+09 2.659567100008156659e-01 -8.537995432161220588e-01 -4.475414714810883599e-01 -3.967338227573541376e-01 -5.200660942996345737e-01 7.563950898427819203e-01 -8.785609271836598566e-01 -2.361351068046205551e-02 -4.770462239283621564e-01 -7.267981741463016565e-01 -7.307397381638732758e-01 5.486585203114169307e-01
1.586177207698748112e+09 2.336116574346038532e-01 -8.572210886742519520e-01 -4.589091401669417869e-01 -3.603890924622255021e-01 -5.146888016385989806e-01 7.779557442426187075e-01 -9.030754653002857069e-01 -1.635368222502985719e-02 -4.291704340645247084e-01 -7.416617526031467067e-01 -7.226033948052642542e-01 5.582508967540050770e-01
1.586177207698767900e+09 2.013064777484084855e-01 -8.590881511648168489e-01 -4.705775715338764154e-01 -3.223071961787735140e-01 -5.117546168520501482e-01 7.963826240696110226e-01 -9.249831208103908020e-01 -8.646443276065144887e-03 -3.799098125336078380e-01 -7.562810849050229933e-01 -7.142639840685575114e-01 5.680421727290824174e-01
1.586177207698785067e+09 1.691618173418364124e-01 -8.594004615245824930e-01 -4.825091984314041627e-01 -2.827170558087749308e-01 -5.113023427299653312e-01 8.115669911792110502e-01 -9.441691301763137645e-01 -8.725670929781707179e-04 -3.294600016292548728e-01 -7.706502753508160941e-01 -7.057338759667493022e-01 5.780373393266099447e-01
1.586177207698805094e+09 1.372964266352194318e-01 -8.581715156669806888e-01 -4.946628561121316769e-01 -2.418554405582826194e-01 -5.133208384591027018e-01 8.234122073263265840e-01 -9.605496538794068284e-01 6.585349325964160935e-03 -2.780305667209706511e-01 -7.847638404242051058e-01 -6.970257597704370145e-01 5.882410507513368136e-01
