1.584057355520646095e+09 6.228108791408117906e-01 -6.578135306905452673e-01 -4.235421677075023039e-01 -2.579509859167241070e-01 3.384349995263334354e-01 -9.049436668120477423e-01 7.386256818696549376e-01 6.728618803995100039e-01 4.109735077145098420e-02 1.096794563755929264e-01 -3.472353529254699200e-01 4.965472589080323074e-01
1.584057355520733118e+09 6.397945819253030297e-01 -6.439067841995669284e-01 -4.195794875391479217e-01 -2.605627861249589228e-01 3.318716966008417035e-01 -9.066246255342891303e-01 7.230283034939406495e-01 6.893803234928859158e-01 4.455156765934317753e-02 1.052855528373008720e-01 -3.542263028460566066e-01 4.874766434304898532e-01
1.584057355520765066e+09 6.560089551541840036e-01 -6.302906012082654108e-01 -4.151939413705696968e-01 -2.641704176651897273e-01 3.235640297152136413e-01 -9.085814818983682928e-01 7.070121932580213375e-01 7.057195454783398159e-01 4.575676966338661222e-02 1.009412347890471795e-01 -3.613194556055104867e-01 4.784616604094245051e-01
1.584057355520787954e+09 6.714437830097218507e-01 -6.169629980651653023e-01 -4.105117604207886295e-01 -2.684712716765857987e-01 3.138057226086218843e-01 -9.107409867174952600e-01 6.907144292474163283e-01 7.217219877837122155e-01 4.506606082736988594e-02 9.663837770895346291e-02 -3.685134922140481661e-01 4.695069358189916664e-01
1.584057355520807981e+09 6.861478993085895484e-01 -6.038707596245721509e-01 -4.056367415759751793e-01 -2.732055175726950114e-01 3.028779023896476241e-01 -9.130299675029929229e-01 6.742105054605704861e-01 7.372957900984181689e-01 4.283821301939496479e-02 9.236945462631017401e-02 -3.758084485961775689e-01 4.606178559224148317e-01
1.584057355520828962e+09 7.002089486665986628e-01 -5.909178515784677677e-01 -4.006538669092070126e-01 -2.781511645956450396e-01 2.910503371627956581e-01 -9.153805935351594369e-01 6.575251767623242483e-01 7.524000226712539430e-01 3.943156197621074804e-02 8.812720991809344651e-02 -3.832058399858731534e-01 4.518009519971182830e-01
1.584057355520845890e+09 7.137384469617098492e-01 -5.779715363565108843e-01 -3.956340893709480722e-01 -2.831161589889304997e-01 2.785875142684708927e-01 -9.177332060928743429e-01 6.406423886135433898e-01 7.670318769513384538e-01 3.520553837944904313e-02 8.390426011320131772e-02 -3.907087000190933579e-01 4.430642695214610516e-01
1.584057355520863056e+09 7.268602935547155974e-01 -5.648670230688299654e-01 -3.906396806420781020e-01 -2.879299270366629804e-01 2.657585936590545206e-01 -9.200373509640413783e-01 6.235146117115309972e-01 7.812154737095516888e-01 3.052724864636085361e-02 7.969263855578198608e-02 -3.983215180765937169e-01 4.344177049136518365e-01
1.584057355520880938e+09 7.397004308287066232e-01 -5.514122875253287814e-01 -3.857301673398839670e-01 -2.924362332925802832e-01 2.528506714028594948e-01 -9.222513689815240445e-01 6.060728688417468257e-01 7.949912121338127413e-01 2.578081820081069842e-02 7.548330685845328070e-02 -4.060500623336176784e-01 4.258732935969278821e-01
1.584057355520900011e+09 7.523753475540395641e-01 -5.373952963584340825e-01 -3.809693321684995415e-01 -2.964891182657368729e-01 2.401849876233444758e-01 -9.243405079482320819e-01 5.882393555433047538e-01 8.084042722684116056e-01 2.137740594863928034e-02 7.126566118341649825e-02 -4.139010808266960217e-01 4.174454345600265293e-01
1.584057355520917892e+09 7.649429392947008077e-01 -5.226378670196952791e-01 -3.764464899403771603e-01 -2.999448951749683068e-01 2.281686077709541294e-01 -9.262678589101305260e-01 5.699959295871261933e-01 8.214552614948089637e-01 1.777340523136626202e-02 6.702706518991967399e-02 -4.218818789316619577e-01 4.091510388671642517e-01
1.584057355520935059e+09 7.764186273141012729e-01 -5.090637391260870448e-01 -3.715214998823045955e-01 -3.039219027482585878e-01 2.139866635994532029e-01 -9.283540192163053373e-01 5.520920144785785855e-01 8.337048743793590289e-01 1.142761138635521069e-02 6.275569048228935021e-02 -4.299917839926006846e-01 4.009999265315762340e-01
1.584057355520948887e+09 7.867596412008287521e-01 -4.968571787727477651e-01 -3.662542983879809588e-01 -3.082220023634780759e-01 1.978579812155297768e-01 -9.305113737574510768e-01 5.347975920807391814e-01 8.449764277359030906e-01 2.524359766535580127e-03 5.843733458953040416e-02 -4.382378486013534524e-01 3.930118069062080166e-01
1.584057355520963907e+09 7.959744866187536960e-01 -4.861408306759662512e-01 -3.606822834709741410e-01 -3.126546421576647528e-01 1.800395872815635512e-01 -9.326482841416492420e-01 5.183355010468521096e-01 8.551332293985814959e-01 -8.687269408563420142e-03 5.405542741098942616e-02 -4.466267006313119903e-01 3.852091224069398301e-01
1.584057355520978928e+09 8.041171011867642715e-01 -4.769683285651321047e-01 -3.548195334714854821e-01 -3.170461013887867496e-01 1.608069214382648326e-01 -9.346779679522432271e-01 5.028692249750442711e-01 8.640846878784593788e-01 -2.191335355208957891e-02 4.959094377697090966e-02 -4.551638640906768285e-01 3.776169514232132762e-01
1.584057355520994902e+09 8.112778930360960983e-01 -4.693231527883319210e-01 -3.486602339468553025e-01 -3.212461581674087574e-01 1.404344109027054199e-01 -9.365250035427276076e-01 4.884967618984080717e-01 8.717877922727719220e-01 -3.683692679705261042e-02 4.502245590687616039e-02 -4.638530382940065921e-01 3.702628366198665866e-01
1.584057355521009922e+09 8.175732710077325827e-01 -4.631231892357872693e-01 -3.421854151391215959e-01 -3.251322659644132473e-01 1.191788715702327556e-01 -9.381286726050470648e-01 4.752504144261132102e-01 8.782444468538070925e-01 -5.313883208326449642e-02 4.032633662608038627e-02 -4.726953636135040604e-01 3.631765413296795808e-01
1.584057355521028042e+09 8.231350660379265216e-01 -4.582297324891104751e-01 -3.353716975682947687e-01 -3.286117188762342489e-01 9.726738599811406150e-02 -9.394431297326710784e-01 4.631015023985071144e-01 8.834956525935002691e-01 -7.051546384691730063e-02 3.547711697928210284e-02 -4.816887047503474184e-01 3.563897366096727137e-01
1.584057355521042109e+09 8.281008025119637184e-01 -4.544594387210349473e-01 -3.282006697807712814e-01 -3.316224196440419880e-01 7.489031175402165175e-02 -9.404350121929915263e-01 4.519686182852047374e-01 8.876136885105815333e-01 -8.869221144451541750e-02 3.044799344456772597e-02 -4.908269849167283261e-01 3.499356226994462249e-01
1.584057355521055937e+09 8.326052745757325235e-01 -4.515979663854821080e-01 -3.206676374586454603e-01 -3.341327388576142976e-01 5.219918902842533848e-02 -9.410794640474839934e-01 4.417281628070084398e-01 8.906932814895770489e-01 -1.074323452661702372e-01 2.521147162370500003e-02 -5.000996047013984702e-01 3.438484890685785667e-01
1.584057355521070957e+09 8.367735903429137645e-01 -4.494142463568274182e-01 -3.127887368245503286e-01 -3.361406963618258636e-01 2.930877721817192610e-02 -9.413556331116195164e-01 4.322260878259653327e-01 8.928425566803198654e-01 -1.265416069920339837e-01 1.974012554511059975e-02 -5.094909780674513611e-01 3.381632175115237282e-01
1.584057355521089077e+09 8.407157021115940765e-01 -4.476745333714280961e-01 -3.046056805147058233e-01 -3.376724559051175745e-01 6.302125291881018054e-03 -9.412425807959536872e-01 4.232899963241423813e-01 8.941743653548633874e-01 -1.458690634474998915e-01 1.400744682384289126e-02 -5.189802144653473670e-01 3.329147299625762613e-01
1.584057355521106005e+09 8.445223990600640995e-01 -4.461555633344280181e-01 -2.961876617952144408e-01 -3.387799635740128545e-01 -1.676255438414865628e-02 -9.407162979426499927e-01 4.147409480718474151e-01 8.947984300090808807e-01 -1.653049181442129423e-01 7.988752589894192527e-03 -5.285409734622755762e-01 3.281373832715189232e-01
1.584057355521121979e+09 8.482627555092970839e-01 -4.446562414502434057e-01 -2.876301875034341093e-01 -3.395375071113237997e-01 -3.984441229059848544e-02 -9.397482132132309873e-01 4.064044526333341345e-01 8.948146456216690137e-01 -1.847760027105330993e-01 1.662116249543918456e-03 -5.381415148991960384e-01 3.238643151679094778e-01
1.584057355521136999e+09 8.519830564925464644e-01 -4.430073237418662990e-01 -2.790508605412838072e-01 -3.400370278283064707e-01 -6.291293941780959353e-02 -9.383052711794377387e-01 3.981201971691747388e-01 8.943078180555292800e-01 -2.042396520944247673e-01 -4.990719356913863279e-03 -5.477449630107171785e-01 3.201267495105446503e-01
1.584057355521152020e+09 8.557072387497002275e-01 -4.410785023061978838e-01 -2.705824764518727221e-01 -3.403822180317201407e-01 -8.594219786809137451e-02 -9.363513680435481268e-01 3.897500063332942077e-01 8.933441071049074145e-01 -2.236766397750305502e-01 -1.198349125398527268e-02 -5.573097964284210448e-01 3.169532755206769248e-01
1.584057355521168947e+09 8.594388237004624287e-01 -4.387823201541267704e-01 -2.623642202067006934e-01 -3.406817489628070628e-01 -1.089067899134744943e-01 -9.338496973271454005e-01 3.811834918730717114e-01 8.919693867508733387e-01 -2.430838516636570079e-01 -1.932467805139469544e-02 -5.667905658479394093e-01 3.143691273257379071e-01
1.584057355521184921e+09 8.631641608149048794e-01 -4.360746174840789968e-01 -2.545320405743812242e-01 -3.410422096721987817e-01 -1.317797032020854020e-01 -9.307654490845103101e-01 3.723410304304705098e-01 8.902095472862027181e-01 -2.624673680581747215e-01 -2.701692345475260187e-02 -5.761388266653695300e-01 3.123954975189489613e-01
1.584057355521199942e+09 8.668566312075860480e-01 -4.329515793109343647e-01 -2.472094478610107615e-01 -3.415614949019565305e-01 -1.545318323764919011e-01 -9.270683136351498543e-01 3.631739615749434713e-01 8.880725437842698078e-01 -2.818365322796416161e-01 -3.505666597215793823e-02 -5.853042570812506673e-01 3.110489241595479903e-01
1.584057355521215916e+09 8.704813199282895875e-01 -4.294438864544495305e-01 -2.404999381516417511e-01 -3.423233942990108747e-01 -1.771327217162151080e-01 -9.227343565602322828e-01 3.536622196454854428e-01 8.855517757605482210e-01 -3.011994142751345249e-01 -4.343400981588272508e-02 -5.942359140737213385e-01 3.103407944002921082e-01
1.584057355521230936e+09 8.739996000618437400e-01 -4.256088711080000531e-01 -2.344819569477659682e-01 -3.433939761769134735e-01 -1.995519498880957421e-01 -9.177470221062470346e-01 3.438099423358376705e-01 8.826302217790427118e-01 -3.205598469400397499e-01 -5.213285574659397986e-02 -6.028835637270597569e-01 3.102770040696476994e-01
1.584057355521245003e+09 8.773731193995910616e-01 -4.215218266779930945e-01 -2.292068044304571839e-01 -3.448200348932614623e-01 -2.217606058563434124e-01 -9.120972411919977541e-01 3.336398554156672636e-01 8.792846999642384143e-01 -3.399159655031337435e-01 -6.113128936922429535e-02 -6.111990133422535720e-01 3.108578003266574963e-01
1.584057355521260023e+09 8.805668058529394493e-01 -4.172676106230837623e-01 -2.246994476250381845e-01 -3.466296160060727272e-01 -2.437324265927749423e-01 -9.057827629726104002e-01 3.231872676431843394e-01 8.754897175970477452e-01 -3.592599960085874344e-01 -7.040220311865849623e-02 -6.191373726960076596e-01 3.120778180616654573e-01
1.584057355521275043e+09 8.835507458412660275e-01 -4.129335004530125253e-01 -2.209615440186537827e-01 -3.488341414945533847e-01 -2.654443984669631607e-01 -8.988069944175367532e-01 3.124945143182378815e-01 8.712205207587890854e-01 -3.785788993680297421e-01 -7.991411148997971947e-02 -6.266581789725857998e-01 3.139263056421529585e-01
1.584057355521290064e+09 8.863009872119489430e-01 -4.086038369098543566e-01 -2.179758352153122192e-01 -3.514315705569646120e-01 -2.868768010665104229e-01 -8.911776211223704225e-01 3.016063850609220776e-01 8.664551954581275472e-01 -3.978554801319402756e-01 -8.963210811287153357e-02 -6.337263316247425671e-01 3.163875236272147284e-01
1.584057355521305084e+09 8.887994900661773112e-01 -4.043565735388807703e-01 -2.157109828037086507e-01 -3.544099356066944262e-01 -3.080128197183394922e-01 -8.829052613933346949e-01 2.905667982177428943e-01 8.611758615914847370e-01 -4.170696242866042680e-01 -9.951890760081689991e-02 -6.403127975555837903e-01 3.194412912463081566e-01
1.584057355521322012e+09 8.910334841221796420e-01 -4.002615385112636148e-01 -2.141262038374297794e-01 -3.577508087205819587e-01 -3.288378821515017814e-01 -8.740022919223385811e-01 2.794166946634015769e-01 8.553691298569092716e-01 -4.361994529434088941e-01 -1.095359134095835740e-01 -6.463950641327832480e-01 3.230636471307453128e-01
1.584057355521338940e+09 8.929945115192073901e-01 -3.963800264755532043e-01 -2.131752265530747481e-01 -3.614323326068853981e-01 -3.493388878908461614e-01 -8.644819318627477989e-01 2.681929744890611533e-01 8.490260398117558394e-01 -4.552222671104657614e-01 -1.196442560720570175e-01 -6.519573350260966516e-01 3.272275858152693395e-01
1.584057355521359921e+09 8.946774002537779547e-01 -3.927652534650620808e-01 -2.128093168867606078e-01 -3.654315907129264684e-01 -3.695034719162115233e-01 -8.543576165251303145e-01 2.569282043784749114e-01 8.421416983921593546e-01 -4.741152369845726411e-01 -1.298057532869451025e-01 -6.569904800042961623e-01 3.319038300582825562e-01
1.584057355521373987e+09 8.960793512741634936e-01 -3.894632200238338227e-01 -2.129793339197121882e-01 -3.697262269604038032e-01 -3.893194022581984992e-01 -8.436426496370125205e-01 2.456507959223935000e-01 8.347148037088728545e-01 -4.928558442880311419e-01 -1.399837532675299312e-01 -6.614917644766309390e-01 3.370615998024498183e-01
1.584057355521384001e+09 8.971992481909675243e-01 -3.865136110481193765e-01 -2.136369296920568317e-01 -3.742953404389738892e-01 -4.087741676522109180e-01 -8.323500935000432976e-01 2.343853822009266119e-01 8.267471854138636056e-01 -5.114221195232913075e-01 -1.501438346200549556e-01 -6.654643930488538528e-01 3.426693447482013766e-01
1.584057355521393061e+09 8.980372020745661654e-01 -3.839505224334136546e-01 -2.147351396985054117e-01 -3.791198150659416677e-01 -4.278547551320841524e-01 -8.204928241604838579e-01 2.231531978962805751e-01 8.182434265467880552e-01 -5.297927382463354373e-01 -1.602543476807538059e-01 -6.689169086664694674e-01 3.486954127696522687e-01
1.584057355521404982e+09 8.985942996811816519e-01 -3.818029288283289469e-01 -2.162286020089383420e-01 -3.841822559407773174e-01 -4.465475964337073944e-01 -8.080836828591145826e-01 2.119723543679476185e-01 8.092105831663585214e-01 -5.479470352070415773e-01 -1.702867931575041127e-01 -6.718624892923252823e-01 3.551086355766940872e-01
1.584057355521416903e+09 8.988724984915845706e-01 -3.800949035442618418e-01 -2.180736021698124749e-01 -3.894666940149698608e-01 -4.648386502891755367e-01 -7.951356636536960343e-01 2.008579745063099053e-01 7.996579854825204281e-01 -5.658649844690651909e-01 -1.802160423398883049e-01 -6.743181809759829504e-01 3.618788219308434750e-01
1.584057355521431923e+09 8.988746183575632154e-01 -3.788456400301777882e-01 -2.202280674909831149e-01 -3.949581686101186206e-01 -4.827135936285823492e-01 -7.816620956256847830e-01 1.898221950500536270e-01 7.895970920685189132e-01 -5.835271774135577516e-01 -1.900204099786108047e-01 -6.763041049156937046e-01 3.689771538160460662e-01
1.584057355521444082e+09 8.986043526426128469e-01 -3.780694058282048076e-01 -2.226516157511591043e-01 -4.006423266006049477e-01 -5.001580691522768962e-01 -7.676767758383320484e-01 1.788741003037175037e-01 7.790413535128031253e-01 -6.009148243090619568e-01 -1.996815975560087553e-01 -6.778426758535155416e-01 3.763764840767443998e-01
1.584057355521456003e+09 8.980662730978593578e-01 -3.777754984669654537e-01 -2.253056636889089748e-01 -4.065050691159924345e-01 -5.171579667751061704e-01 -7.531940429581587271e-01 1.680196361070061539e-01 7.680060614352066661e-01 -6.180097829307933388e-01 -2.091845293154197816e-01 -6.789578632231104693e-01 3.840515397346084270e-01
1.584057355521470070e+09 8.972658541672369203e-01 -3.779681823895044146e-01 -2.281535453479873743e-01 -4.125321868146807347e-01 -5.336997541103829512e-01 -7.382288042795609462e-01 1.572615083121586543e-01 7.565081796011411397e-01 -6.347946065593719212e-01 -2.185171057298870567e-01 -6.796745192319616491e-01 3.919790397112223879e-01
1.584057355521482944e+09 8.962094620511560361e-01 -3.786467294768833813e-01 -2.311606683555409436e-01 -4.187090770975201992e-01 -5.497707999096642650e-01 -7.227964972842957359e-01 1.465991442474831041e-01 7.445661300787421721e-01 -6.512526154745074125e-01 -2.276699001750708273e-01 -6.800177922407344422e-01 4.001377376302105437e-01
1.584057355521497011e+09 8.949042887919577138e-01 -3.798056259541643387e-01 -2.342946875272013119e-01 -4.250205740830967360e-01 -5.653596515799585998e-01 -7.069129904981790169e-01 1.360287679670298122e-01 7.321995295640004731e-01 -6.673679820822570052e-01 -2.366358229968951454e-01 -6.800126352949757980e-01 4.085084028133491030e-01
1.584057355521508932e+09 8.933582658952073929e-01 -3.814348956636011700e-01 -2.375256393212082373e-01 -4.314508313669816464e-01 -5.804562739715056763e-01 -6.905944499367717704e-01 1.255435744077852966e-01 7.194288947557481162e-01 -6.831258131796477118e-01 -2.454097735861513196e-01 -6.796834115374802421e-01 4.170737537708743004e-01
1.584057355521524906e+09 8.915799830596617959e-01 -3.835204921241605058e-01 -2.408260080147448801e-01 -4.379832190762865674e-01 -5.950522556028017274e-01 -6.738571904144134983e-01 1.151339820357437926e-01 7.062753326094400874e-01 -6.985122196818988050e-01 -2.539882967573962036e-01 -6.790535922823581760e-01 4.258183579448006628e-01
1.584057355521542072e+09 8.895786288017941690e-01 -3.860447202253946553e-01 -2.441707135865387734e-01 -4.446002139158444777e-01 -6.091409870396521375e-01 -6.567175251643276868e-01 1.047879438127004292e-01 6.927602270061501422e-01 -7.135143691803335075e-01 -2.623692559096982846e-01 -6.781455403628428025e-01 4.347285094391815652e-01
1.584057355521559000e+09 8.873639606525811629e-01 -3.889866620338081060e-01 -2.475370241052907427e-01 -4.512832763254920332e-01 -6.227178127953522102e-01 -6.391916225201312862e-01 9.449130143136721949e-02 6.789049289935725762e-01 -7.281205200095339780e-01 -2.705515310224606007e-01 -6.769803682084241103e-01 4.437920949374856705e-01
1.584057355521574974e+09 8.849463029177405682e-01 -3.923225986510658347e-01 -2.509044036043218684e-01 -4.580127241411435235e-01 -6.357801519154281378e-01 -6.212953750985272805e-01 8.422817627293460729e-02 6.647304545754770810e-01 -7.423200370450271368e-01 -2.785347469066823400e-01 -6.755778601492813396e-01 4.529984552143195287e-01
1.584057355521591902e+09 8.823365702634075047e-01 -3.960264191520859733e-01 -2.542543063893440980e-01 -4.647676097370140313e-01 -6.483275850438596777e-01 -6.030442865778228301e-01 7.398138897951817006e-02 6.502571937505142730e-01 -7.561033900051519208e-01 -2.863190360720042071e-01 -6.739564498877950172e-01 4.623382467116152195e-01
1.584057355521608114e+09 8.795462502715155617e-01 -4.000701304143451376e-01 -2.575699605771383238e-01 -4.715257181384830409e-01 -6.603618334923002653e-01 -5.844533738154747970e-01 6.373296608876692637e-02 6.355046339988046356e-01 -7.694621300080263238e-01 -2.939048386407031033e-01 -6.721332437724603093e-01 4.718033063051669251e-01
1.584057355521624088e+09 8.765872839405655093e-01 -4.044245578734773083e-01 -2.608361762307676579e-01 -4.782637895661921990e-01 -6.718865569111123204e-01 -5.655370919714564071e-01 5.346476804079833972e-02 6.204911214880716175e-01 -7.823888336688696876e-01 -3.012927385778135791e-01 -6.701240791687460563e-01 4.813865221733157340e-01
1.584057355521637917e+09 8.734719137476611994e-01 -4.090600715925030162e-01 -2.640391522688974590e-01 -4.849578395646220730e-01 -6.829070510560005802e-01 -5.463093021598912635e-01 4.315912343880948937e-02 6.052336884698854558e-01 -7.948770173568027175e-01 -3.084833328500698468e-01 -6.679436071434705635e-01 4.910817132504021187e-01
1.584057355521656036e+09 8.702123882962931045e-01 -4.139475059546649516e-01 -2.671663559988753378e-01 -4.915837571363551595e-01 -6.934297287375860153e-01 -5.267832772461925606e-01 3.279953005165930913e-02 5.897479748389024001e-01 -8.069210105820265877e-01 -3.154771301882010603e-01 -6.656053912139426876e-01 5.008835181517329316e-01
1.584057355521672964e+09 8.668204585153190811e-01 -4.190593328876616175e-01 -2.702065292090172210e-01 -4.981182723962304104e-01 -7.034613217105497585e-01 -5.069717504219118931e-01 2.237140137775102400e-02 5.740482946446531232e-01 -8.185157763494094185e-01 -3.222744771699622146e-01 -6.631220164098742265e-01 5.107872930813744938e-01
1.584057355521688938e+09 8.633066879879495170e-01 -4.243709807632116693e-01 -2.731498368469044702e-01 -5.045402244676727710e-01 -7.130078554109514632e-01 -4.868870096644621892e-01 1.186273846152879029e-02 5.581478917039213172e-01 -8.296566800427610522e-01 -3.288755083405908719e-01 -6.605052031496571052e-01 5.207890184381154253e-01
1.584057355521704912e+09 8.596796864080546996e-01 -4.298620588652670160e-01 -2.759881289722549980e-01 -5.108319076442184858e-01 -7.220735620598175419e-01 -4.665410306397835827e-01 1.264556628302234906e-03 5.420593892973003536e-01 -8.403392289356048650e-01 -3.352801148576347590e-01 -6.577659201417437318e-01 5.308852146640062886e-01
1.584057355521724939e+09 8.559453696197718564e-01 -4.355172988593407624e-01 -2.787152791450075440e-01 -5.169802874813512750e-01 -7.306598913082468227e-01 -4.459456309380509520e-01 -9.429038916027712713e-03 5.257954030120215450e-01 -8.505588090858040573e-01 -3.414879265985077406e-01 -6.549144924151226732e-01 5.410728673660847310e-01
1.584057355521739960e+09 8.521062521583628868e-01 -4.413272186887070569e-01 -2.813276049115375765e-01 -5.229780509350263618e-01 -7.387646504864381347e-01 -4.251126316583263565e-01 -2.022111432954136132e-02 5.093692937692620992e-01 -8.603104261934700903e-01 -3.474983037035411226e-01 -6.519607023723927863e-01 5.513493612092342788e-01
1.584057355521754980e+09 8.481607244263519307e-01 -4.472886031752953961e-01 -2.838244020837576431e-01 -5.288245469754934147e-01 -7.463812309596822292e-01 -4.040540270197659489e-01 -3.111244522457074640e-02 4.927960670881089689e-01 -8.695884384762457842e-01 -3.533103370387318809e-01 -6.489138841985975237e-01 5.617124206897673444e-01
1.584057355521771908e+09 8.441023697267611148e-01 -4.534047339736388960e-01 -2.862085547989497991e-01 -5.345265046752136762e-01 -7.534979909652739227e-01 -3.827821751004230610e-01 -4.210232074058511964e-02 4.760933994676182501e-01 -8.783862873978276475e-01 -3.589228565333936194e-01 -6.457830114732371340e-01 5.721600565549421757e-01
1.584057355521785975e+09 8.399194062532057137e-01 -4.596852775054927620e-01 -2.884871519705927145e-01 -5.400983803064751676e-01 -7.600978897131692724e-01 -3.613100300400265419e-01 -5.318957397133947801e-02 4.592827493947051476e-01 -8.866962420390103183e-01 -3.643344459830998305e-01 -6.425767776782684848e-01 5.826905170744306472e-01
1.584057355521802902e+09 8.355943893030933767e-01 -4.661456977744934949e-01 -2.906719890523755678e-01 -5.455621278393913975e-01 -7.661585130633054019e-01 -3.396514355800609453e-01 -6.437376345638115560e-02 4.423904627120259225e-01 -8.945091935787002901e-01 -3.695434641619278482e-01 -6.393036698323998346e-01 5.933022430846341955e-01
1.584057355521819115e+09 8.311040436689002275e-01 -4.728064368923508010e-01 -2.927800232913880252e-01 -5.509466298584928534e-01 -7.716523170028117828e-01 -3.178215110331221727e-01 -7.565632711889963558e-02 4.254489100789796141e-01 -9.018144739337475846e-01 -3.745480726484273215e-01 -6.359720354545268517e-01 6.039938257805538280e-01
1.584057355521836996e+09 8.264192964801539976e-01 -4.796918093811765038e-01 -2.948337067331408545e-01 -5.562867095633674541e-01 -7.765471517993920436e-01 -2.958371476995909077e-01 -8.704161852901483309e-02 4.084976000338931268e-01 -9.085997291036985724e-01 -3.793462713870011660e-01 -6.325901429196391090e-01 6.147639662635389080e-01
1.584057355521852970e+09 8.215055945512760305e-01 -4.868285579396077756e-01 -2.968611013648300156e-01 -5.616216488665193296e-01 -7.808071418026516497e-01 -2.737176117790774410e-01 -9.853771781694663223e-02 3.915841706091591212e-01 -9.148508926664936647e-01 -3.839359432092802615e-01 -6.291662349054683023e-01 6.256114360491998871e-01
1.584057355521868944e+09 8.163236046971783511e-01 -4.942440279192965025e-01 -2.988956565232389062e-01 -5.669931486840072976e-01 -7.843940063872207880e-01 -2.514852127915586655e-01 -1.101568969525816843e-01 3.747651048269369234e-01 -9.205523203896391893e-01 -3.883149078351389449e-01 -6.257085740970552701e-01 6.365350382397283457e-01
1.584057355521888018e+09 8.108303001306554902e-01 -5.019640534549516531e-01 -3.009756030598640941e-01 -5.724428398146439445e-01 -7.872687960067823454e-01 -2.291659620069986247e-01 -1.219156254180978616e-01 3.581060346574004294e-01 -9.256871223787129788e-01 -3.924809847236253590e-01 -6.222254799605116959e-01 6.475335696359453275e-01
1.584057355521904945e+09 8.049804546081803514e-01 -5.100106385346169224e-01 -3.031428978031039390e-01 -5.780094430464063349e-01 -7.893940331484152750e-01 -2.067900973027428368e-01 -1.338340451216283589e-01 3.416814440310958489e-01 -9.302377327802408002e-01 -3.964320633416136830e-01 -6.187253553968438124e-01 6.586057844131495420e-01
1.584057355521920919e+09 7.987283618600148349e-01 -5.183997290973728633e-01 -3.054418521426478517e-01 -5.837259641695485834e-01 -7.907360225238184714e-01 -1.843923577623486909e-01 -1.459349269363775237e-01 3.255737454681236764e-01 -9.341866696109761836e-01 -4.001661779540395258e-01 -6.152167022716489297e-01 6.697503604745547179e-01
1.584057355521938086e+09 7.920296701856132104e-01 -5.271392596896303795e-01 -3.079175257234973428e-01 -5.896171698984072895e-01 -7.912671739860748232e-01 -1.620118899855783057e-01 -1.582422026244020841e-01 3.098716838441898380e-01 -9.375174372656007726e-01 -4.036815832456993602e-01 -6.117081253890709336e-01 6.809658697441048902e-01
1.584057355521955013e+09 7.848431165983434932e-01 -5.362277193788148599e-01 -3.106140941846287640e-01 -5.956976839315387684e-01 -7.909680701954148185e-01 -1.396917372415335534e-01 -1.707792489478131559e-01 2.946681948956498820e-01 -9.402154558199283807e-01 -4.069768265274788521e-01 -6.082083252389488548e-01 6.922507536559964203e-01
1.584057355521970034e+09 7.771319961834571854e-01 -5.456533700397503406e-01 -3.135733733599230244e-01 -6.019709021760917267e-01 -7.898290751747074623e-01 -1.174779345476610198e-01 -1.835671365611346029e-01 2.800579082162089617e-01 -9.422688972566285459e-01 -4.100508115387306307e-01 -6.047260807642368396e-01 7.036033050807426470e-01
1.584057355521986008e+09 7.688652891067753181e-01 -5.553941257421727284e-01 -3.168336038143453881e-01 -6.084287545160984578e-01 -7.878513825117490210e-01 -9.541828921087885940e-02 -1.966230354472270903e-01 2.661344854516915492e-01 -9.436693371630749949e-01 -4.129028504402554867e-01 -6.012702242440195466e-01 7.150216571553287270e-01
1.584057355522001028e+09 7.600183890280512999e-01 -5.654180478540430377e-01 -3.204285875328106714e-01 -6.150522700988727554e-01 -7.850474420901079053e-01 -7.356098747038540553e-02 -2.099589330533853659e-01 2.529880333331270270e-01 -9.444121461196038902e-01 -4.155327011124193559e-01 -5.978496109876942910e-01 7.265037791141332191e-01
1.584057355522017002e+09 7.505733291358134274e-01 -5.756843925276420304e-01 -3.243873579506527660e-01 -6.218129175293376498e-01 -7.814406913940779020e-01 -5.195326352420093913e-02 -2.235807982965583585e-01 2.407029833937260610e-01 -9.444965329398243847e-01 -4.179405884728005227e-01 -5.944730868191792084e-01 7.380474785767822121e-01
1.584057355522032976e+09 7.405186769406999492e-01 -5.861449487414548409e-01 -3.287342214844933275e-01 -6.286743650771282610e-01 -7.770648096806146432e-01 -3.064024175029282648e-02 -2.374881722950060448e-01 2.293564492269209443e-01 -9.439253082394346572e-01 -4.201272109421428924e-01 -5.911494560218567562e-01 7.496504090163377265e-01
1.584057355522048950e+09 7.298492240041026813e-01 -5.967454813506846145e-01 -3.334890416734744290e-01 -6.355944017157297843e-01 -7.719626696398071974e-01 -9.664023686956145498e-03 -2.516741284107793519e-01 2.190170480838145028e-01 -9.427044425769096625e-01 -4.220937347650550731e-01 -5.878874517095238339e-01 7.613100808044462875e-01
1.584057355522067070e+09 7.185655237511912041e-01 -6.074271607660191030e-01 -3.386677319262235142e-01 -6.425268734763900369e-01 -7.661850958195285388e-01 1.093690853448040998e-02 -2.661255439072608420e-01 2.097442335064619578e-01 -9.408424691242240900e-01 -4.238417794136807304e-01 -5.846957098086849047e-01 7.730238742904035343e-01
1.584057355522082090e+09 7.066733965320750599e-01 -6.181278657637656604e-01 -3.442828087609023369e-01 -6.494234572808098571e-01 -7.597895896720713305e-01 3.112800544529230329e-02 -2.808235815426829984e-01 2.015879985863274215e-01 -9.383498255940659893e-01 -4.253733965190621413e-01 -5.815827473988345320e-01 7.847890537775507047e-01
1.584057355522097111e+09 6.941834525190925254e-01 -6.287833145476432462e-01 -3.503439421529872533e-01 -6.562352015669591365e-01 -7.528391041989284105e-01 5.087871437982692535e-02 -2.957443062113457866e-01 1.945888658622512701e-01 -9.352381936934182072e-01 -4.266910442160540828e-01 -5.785569458612738192e-01 7.966027815503545773e-01
1.584057355522113085e+09 6.811106421205248562e-01 -6.393280058673127542e-01 -3.568585074115999678e-01 -6.629138222652481982e-01 -7.454009086533688322e-01 7.016231033843842169e-02 -3.108593856127125910e-01 1.887781408823130669e-01 -9.315198635662148563e-01 -4.277975593390447862e-01 -5.756265386531569384e-01 8.084621311179226444e-01
1.584057355522129059e+09 6.674738672441912213e-01 -6.496959610876487101e-01 -3.638320971280895044e-01 -6.694127364499170563e-01 -7.375455910590041908e-01 8.895554817814388393e-02 -3.261368194619722605e-01 1.841783359648457297e-01 -9.272071590908713690e-01 -4.286961290440283179e-01 -5.727996034058179253e-01 8.203640991855042364e-01
