1.589264478204067945e+09 9.210547786656636537e-01 -3.140538019202598896e-01 -2.302787536848655836e-01 -3.605247064285266312e-01 -4.640641294611230760e-01 -8.091145903311575127e-01 1.472414039235668548e-01 8.282600398306176892e-01 -5.406526387375928389e-01 -1.156413055425644931e-01 -9.558585758329497528e-01 2.885820075180577926e-01
1.589264478204145908e+09 9.181279626543217276e-01 -3.178770909197963790e-01 -2.366330481202318370e-01 -3.732328914487910154e-01 -4.929458288673484456e-01 -7.859399589203431846e-01 1.331850337409179186e-01 8.099126898652504458e-01 -5.712295352712400964e-01 -1.305083133022194031e-01 -9.569965431038197634e-01 2.918448094465818099e-01
1.589264478204174995e+09 9.147004654163954918e-01 -3.224551321254619518e-01 -2.436098243818754783e-01 -3.863008786119914162e-01 -5.205497248995286652e-01 -7.614457404015781972e-01 1.187210597689473679e-01 7.906014621845073309e-01 -6.007117764308497199e-01 -1.453560453293051835e-01 -9.575480329713128569e-01 2.953390158219452166e-01
1.589264478204195976e+09 9.107649079444242179e-01 -3.277959606109467905e-01 -2.511117099393342933e-01 -3.996557099446721995e-01 -5.468386817019358359e-01 -7.356920348833586587e-01 1.038392808719936222e-01 7.704007169905967567e-01 -6.290470088892476941e-01 -1.601623552472381251e-01 -9.575437699439339756e-01 2.990460272787814899e-01
1.589264478204215050e+09 9.063136636742885610e-01 -3.339001632458313829e-01 -2.590486908511804853e-01 -4.132288414776727481e-01 -5.717788638491884123e-01 -7.087389194342195164e-01 8.852947476677547334e-02 7.493861569199802286e-01 -6.561881744588564658e-01 -1.749087452405090615e-01 -9.570163155125005483e-01 3.029491720827482415e-01
1.589264478204233885e+09 9.013391491778277587e-01 -3.407616261280545511e-01 -2.673373384641336559e-01 -4.269549960469815053e-01 -5.953399171564891512e-01 -6.806466152831301963e-01 7.278165851070828030e-02 7.276344532464822379e-01 -6.820930530513422685e-01 -1.895802006724635613e-01 -9.559992097726727200e-01 3.070336128964437639e-01
1.589264478204252005e+09 8.958340533676404371e-01 -3.483682278356609041e-01 -2.759002118378737212e-01 -4.407712950231723048e-01 -6.174951451547202597e-01 -6.514755649402234061e-01 5.658634667724515843e-02 7.052228895246123175e-01 -7.067238936468681620e-01 -2.041649345922583458e-01 -9.545262255563188303e-01 3.112862143873392773e-01
1.589264478204269886e+09 8.897915366500320777e-01 -3.567024759699845005e-01 -2.846653564891215016e-01 -4.546165775526266883e-01 -6.382216853763386100e-01 -6.212864462264262588e-01 3.993481006213890627e-02 6.822290116443240349e-01 -7.300471128707836099e-01 -2.186540716238443149e-01 -9.526307417726853632e-01 3.156953883369079672e-01
1.589264478204288006e+09 8.832054259162762655e-01 -3.657420813172754803e-01 -2.935658458283671446e-01 -4.684308421690325241e-01 -6.575006935804699193e-01 -5.901401397908716540e-01 2.281933574269792014e-02 6.587302697479963109e-01 -7.520330511567814291e-01 -2.330412970050282917e-01 -9.503452339919409297e-01 3.202509306423895197e-01
1.589264478204308987e+09 8.760704250749881128e-01 -3.754604680029982600e-01 -3.025393322048113287e-01 -4.821547689730190656e-01 -6.753175416241601337e-01 -5.580976592701636374e-01 5.233490262132670968e-03 6.348036352565751272e-01 -7.726557808267742189e-01 -2.473224922188465846e-01 -9.477008756781948318e-01 3.249438612870702570e-01
1.589264478204327106e+09 8.683823519866580298e-01 -3.858272279765203594e-01 -3.115275929433992674e-01 -4.957293046931098290e-01 -6.916620252776132238e-01 -5.252200489403623385e-01 -1.282761031130921076e-02 6.105251782980875008e-01 -7.918929596088782885e-01 -2.614953735171245963e-01 -9.447272384735948547e-01 3.297662759423370393e-01
1.589264478204344988e+09 8.601800586088634848e-01 -3.967667716285863122e-01 -3.204159733192392667e-01 -5.090251063107529284e-01 -7.065823231944825533e-01 -4.915636909353405248e-01 -3.136412411766848624e-02 5.859330592117225622e-01 -8.097522721434268211e-01 -2.755319704929389268e-01 -9.413817191373334836e-01 3.347412343670266299e-01
1.589264478204363108e+09 8.514736712984249944e-01 -4.082381705732708310e-01 -3.291415856855600119e-01 -5.219726443951213657e-01 -7.200874044069539570e-01 -4.571856177409573396e-01 -5.037008991982429990e-02 5.610844201183328162e-01 -8.262246231759629023e-01 -2.894267749844936510e-01 -9.376893484642688792e-01 3.398666194807425933e-01
1.589264478204379082e+09 8.422772736795015591e-01 -4.201972775272456162e-01 -3.376436619525841620e-01 -5.345014433692302225e-01 -7.321915357568263838e-01 -4.221418749115397606e-01 -6.983696481225401542e-02 5.360315320239917858e-01 -8.413043417349889141e-01 -3.031753105146815508e-01 -9.336732351162911892e-01 3.451408369538012666e-01
1.589264478204396009e+09 8.326086684735167776e-01 -4.325980161487243958e-01 -3.458637909090506724e-01 -5.465411123893256784e-01 -7.429133344768562575e-01 -3.864875036482781079e-01 -8.975309482774461445e-02 5.108216266768766944e-01 -8.549886830177054753e-01 -3.167738767766400398e-01 -9.293546469865840987e-01 3.505627884271376171e-01
1.589264478204413891e+09 8.224890130803154120e-01 -4.453936092497663424e-01 -3.537461751830956458e-01 -5.580224759718815930e-01 -7.522746803138855576e-01 -3.502766367036384554e-01 -1.101033153804345521e-01 4.854970016373906239e-01 -8.672773038328970285e-01 -3.302193349307823711e-01 -9.247531247737732496e-01 3.561318470492953470e-01
1.589264478204431057e+09 8.119421275098075430e-01 -4.585378463137446126e-01 -3.612381836514994005e-01 -5.688790275827092513e-01 -7.602993251543908038e-01 -3.135627348679840276e-01 -1.308687661055316365e-01 4.600956205713042091e-01 -8.781716155680741043e-01 -3.435089307121542146e-01 -9.198866170890299676e-01 3.618478344969562333e-01
1.589264478204447985e+09 8.009933482461614185e-01 -4.719863722528405137e-01 -3.682913530454399176e-01 -5.790487336131047158e-01 -7.670111925801330610e-01 -2.763989781265883128e-01 -1.520270389180815584e-01 4.346523844012183946e-01 -8.876739742565706859e-01 -3.566401526807562172e-01 -9.147716300646261400e-01 3.677109977152497877e-01
1.589264478204464912e+09 7.896679694661373761e-01 -4.856978389786043016e-01 -3.748627848503712223e-01 -5.884759472698685157e-01 -7.724325853497105987e-01 -2.388387764295270277e-01 -1.735527524554562051e-01 4.092010639069130762e-01 -8.957867669333505756e-01 -3.696106219404791671e-01 -9.094233844446626414e-01 3.737219844509928057e-01
1.589264478204489946e+09 7.779894916744921618e-01 -4.996346952740712832e-01 -3.809166869244317022e-01 -5.971130058048674805e-01 -7.765826796685569855e-01 -2.009363095337429184e-01 -1.954185496530664590e-01 3.837766450916346161e-01 -9.025115387262485633e-01 -3.824180076381175630e-01 -9.038559720268074527e-01 3.798818185494899913e-01
1.589264478204507113e+09 7.659779065644677365e-01 -5.137634903698131694e-01 -3.864258310118213746e-01 -6.049211872416110358e-01 -7.794766007151708864e-01 -1.627470021698784186e-01 -2.175964252737329074e-01 3.584177803909671667e-01 -9.078482752134435785e-01 -3.950599627232396771e-01 -8.980825058229066071e-01 3.861918760112919569e-01
1.589264478204525948e+09 7.536480731110072329e-01 -5.280547421864997260e-01 -3.913729313652766217e-01 -6.118709987492241265e-01 -7.811251209991799671e-01 -1.243279002686200896e-01 -2.400592910115207090e-01 3.331692287669254515e-01 -9.117948246191229789e-01 -4.075340752601213090e-01 -8.921152608130412665e-01 3.926538624671803701e-01
1.589264478204544067e+09 7.410081376783199669e-01 -5.424824760084466790e-01 -3.957520731130630964e-01 -6.179418938132595907e-01 -7.815349112119835961e-01 -8.573796696282931507e-02 -2.627827166781448454e-01 3.080843166700472091e-01 -9.143463774946138933e-01 -4.198378336589658755e-01 -8.859658062683306579e-01 3.992697904901887362e-01
1.589264478204574108e+09 7.280581393295060266e-01 -5.570234366834075912e-01 -3.995700651906968215e-01 -6.231213198296396971e-01 -7.807094335127147122e-01 -4.703830087900735812e-02 -2.857466831896548487e-01 2.832272441087447801e-01 -9.154950363825004045e-01 -4.319686039812455358e-01 -8.796451296978717860e-01 4.060419559203577999e-01
1.589264478204591990e+09 7.147889944203603685e-01 -5.716559872500152073e-01 -4.028475219630558435e-01 -6.274030259461607084e-01 -7.786505516111337233e-01 -8.292289239902453368e-03 -3.089371083526626371e-01 2.586749912741855284e-01 -9.152295408105630692e-01 -4.439236173166780097e-01 -8.731637520560854293e-01 4.129729129640561380e-01
1.589264478204611063e+09 7.011821351484374132e-01 -5.863587227069123609e-01 -4.056193559351315425e-01 -6.307846002485695269e-01 -7.753609108769133895e-01 3.043429849586390054e-02 -3.323468096281514961e-01 2.345184568028413630e-01 -9.135352713218697351e-01 -4.556999664528990635e-01 -8.665318348431826356e-01 4.200654471108883348e-01
1.589264478204631090e+09 6.872095804767007765e-01 -6.011089840247643146e-01 -4.079350218855777310e-01 -6.332646847655265532e-01 -7.708467674387359247e-01 6.907315476818401412e-02 -3.559758867755423717e-01 2.108631092508504445e-01 -9.103943747584062329e-01 -4.672946117133160437e-01 -8.597592797970428080e-01 4.273225446675244510e-01
1.589264478204648972e+09 6.728345630293709467e-01 -6.158813060102290571e-01 -4.098583510863775814e-01 -6.348399919846130501e-01 -7.651212297174287968e-01 1.075531913251566718e-01 -3.798313254713445719e-01 1.878289677576689409e-01 -9.057860914487974036e-01 -4.787043965479461094e-01 -8.528558218285392512e-01 4.347473573663340196e-01
1.589264478204665899e+09 6.580128351298109024e-01 -6.306458598487270084e-01 -4.114667769275210385e-01 -6.355023149078126155e-01 -7.582078243946070994e-01 1.458002171643369982e-01 -4.039256329991715577e-01 1.655496749177165494e-01 -8.996873837845987820e-01 -4.899260738059708076e-01 -8.458311153957085438e-01 4.423431604542545914e-01
1.589264478204684019e+09 6.426947659064897733e-01 -6.453669944793510860e-01 -4.128497069977472012e-01 -6.352357946541765665e-01 -7.501442189078486589e-01 1.837365956492346408e-01 -4.282743554219410331e-01 1.441703633041714061e-01 -8.920739785651093934e-01 -5.009563431251650156e-01 -8.386948135594024523e-01 4.501133033320658949e-01
1.589264478204701900e+09 6.268281380673853542e-01 -6.600020345204752337e-01 -4.141060250839664336e-01 -6.340148425316949332e-01 -7.409857755157928105e-01 2.212809537315153507e-01 -4.528925537309266280e-01 1.238442380080033295e-01 -8.829218198049111344e-01 -5.117918989201402091e-01 -8.314566380961109227e-01 4.580611528565690094e-01
1.589264478204720020e+09 6.103615475489614361e-01 -6.745005099517625835e-01 -4.153406356275335387e-01 -6.318030577868475328e-01 -7.308085672519806231e-01 2.583480883495303804e-01 -4.777904121012315208e-01 1.047277445456477607e-01 -8.722089325539128524e-01 -5.224294877518109725e-01 -8.241264387470493835e-01 4.661900301979935435e-01
1.589264478204739094e+09 5.932479611325460755e-01 -6.888039644895692648e-01 -4.166604797320759279e-01 -6.285534887920187774e-01 -7.197113955976540689e-01 2.948491467273031685e-01 -5.029685564653659791e-01 8.697474298794979908e-02 -8.599174528346573698e-01 -5.328659724982593993e-01 -8.167142394125931348e-01 4.745031434918782209e-01
1.589264478204756975e+09 5.754481215578177711e-01 -7.028464281648474365e-01 -4.181702500974086023e-01 -6.242103077741260053e-01 -7.078164793796273280e-01 3.306921888081433836e-01 -5.284136178407966566e-01 7.072998160363054565e-02 -8.460356485296999240e-01 -5.430983999312233301e-01 -8.092302695506276011e-01 4.830035193306677632e-01
1.589264478204777002e+09 5.569333711109599738e-01 -7.165555316659686369e-01 -4.199683207539791074e-01 -6.187117859681617871e-01 -6.952686049026656212e-01 3.657831235750889642e-01 -5.540947089662286995e-01 5.612252163069399169e-02 -8.305596405206324695e-01 -5.531240676606058448e-01 -8.016849798124284776e-01 4.916939367432980323e-01
1.589264478204793930e+09 5.376876174477641657e-01 -7.298541408359179306e-01 -4.221432925003608672e-01 -6.119942122184313105e-01 -6.822327537135610687e-01 4.000269422465360103e-01 -5.799613010480042519e-01 4.325971820367555121e-02 -8.134946136686859175e-01 -5.629405855515043910e-01 -7.940890418753956403e-01 5.005768680616287103e-01
1.589264478204812050e+09 5.177083613174124910e-01 -7.426623454943432900e-01 -4.247713425619890071e-01 -6.039962661577106262e-01 -6.688904032171648639e-01 4.333291353037351801e-01 -6.059427064909396199e-01 3.222218828972946147e-02 -7.948554380719653478e-01 -5.725459280296858466e-01 -7.864533340398122130e-01 5.096544298031328024e-01
1.589264478204838037e+09 4.970067952588804738e-01 -7.548995918954575224e-01 -4.279145380535741006e-01 -5.946633382451872452e-01 -6.554348447896443108e-01 4.655971208397076122e-01 -6.319491752304092769e-01 2.306015473518999853e-02 -7.746666828962727180e-01 -5.819384740491960750e-01 -7.787889151043985159e-01 5.189283462946038261e-01
1.589264478204860926e+09 4.756069942207711287e-01 -7.664866317747121016e-01 -4.316204705687337051e-01 -5.839513070083781621e-01 -6.420660924795600355e-01 4.967413859170548007e-01 -6.578745006099222525e-01 1.579166042387193658e-02 -7.529619945977502615e-01 -5.911170329137446222e-01 -7.711069899372802183e-01 5.283999273836443855e-01
1.589264478204878092e+09 4.535445743635896365e-01 -7.773471890238267124e-01 -4.359227764606252165e-01 -5.718294666777959945e-01 -6.289858026699114424e-01 5.266762968182969740e-01 -6.835995761889240852e-01 1.040231187456188561e-02 -7.297831265124644640e-01 -6.000808564318264038e-01 -7.634188705731463909e-01 5.380700594407314963e-01
1.589264478204895973e+09 4.308650966389609427e-01 -7.874093002502116079e-01 -4.408422196577882479e-01 -5.582824900209559793e-01 -6.163925074271620064e-01 5.553205728903056748e-01 -7.089964247408607756e-01 6.846239760238456012e-03 -7.051788419302881250e-01 -6.088296394780112752e-01 -7.557359362922372314e-01 5.479392074009438174e-01
1.589264478204915047e+09 4.076223844643033778e-01 -7.966062597926520938e-01 -4.463882377458348594e-01 -5.433114178115667769e-01 -6.044774470464433502e-01 5.825973908621282504e-01 -7.339323507105652844e-01 5.048088666211949377e-03 -6.792038146106085250e-01 -6.173635116668599876e-01 -7.480695953111654584e-01 5.580074250601664287e-01
1.589264478204938889e+09 3.838769430815281436e-01 -8.048772482745780721e-01 -4.525606125541187241e-01 -5.269338031495575114e-01 -5.934210566841030543e-01 6.084342340251950310e-01 -7.582738688151836604e-01 4.905610873462111152e-03 -6.519176905517534149e-01 -6.256830222106173345e-01 -7.404312498887967164e-01 5.682743714864759710e-01
1.589264478204969883e+09 3.596945596892018870e-01 -8.121676979923915241e-01 -4.593511231321474875e-01 -5.091831670128140752e-01 -5.833901214199955776e-01 6.327625693828005105e-01 -7.818902267061190736e-01 6.292605833748889099e-03 -6.233843733152079070e-01 -6.337891195782607845e-01 -7.328322660803588962e-01 5.787393318752197535e-01
1.589264478204993010e+09 3.351451163167611380e-01 -8.184294025483216384e-01 -4.667451813446568121e-01 -4.901079110223823809e-01 -5.745356320708296938e-01 6.555173861811817160e-01 -8.046564403633604812e-01 9.062055137324708312e-03 -5.936715359007651571e-01 -6.416831282101602696e-01 -7.252839487420854603e-01 5.894012406379932623e-01
1.589264478205017090e+09 3.103016439482361166e-01 -8.236204372748632263e-01 -4.747233566206951472e-01 -4.697698530603322542e-01 -5.669912633729115026e-01 6.766366772249515771e-01 -8.264557915414947331e-01 1.304924815293571731e-02 -5.628503727905703746e-01 -6.493667237784428448e-01 -7.177975219435476228e-01 6.002587052735212092e-01
