1.583561773365345955e+09 -3.638173273878146374e-01 6.835641780304664294e-01 6.327534805236141313e-01 9.463223787793252628e-02 -6.486666868692313459e-01 7.551663849761162117e-01 9.266507929586798031e-01 3.346214937736560757e-01 1.713089724889544363e-01 -3.552406581741935354e-01 1.494457858966247832e+00 1.494333864065124917e+00
1.583561773365387917e+09 -3.522065490401458665e-01 7.001471607815182852e-01 6.210833280423363467e-01 8.978571813098526477e-02 -6.352686211630660384e-01 7.670543030862854161e-01 9.316056418232946390e-01 3.259259616166461093e-01 1.608825531527601216e-01 -3.650774996607831779e-01 1.494258022690742038e+00 1.500527948620094421e+00
1.583561773365405083e+09 -3.401041628279540263e-01 7.162730363298552838e-01 6.093292182102898469e-01 8.557247893690636542e-02 -6.216942422664518686e-01 7.785715253463924013e-01 9.364862569839538242e-01 3.169372284947341578e-01 1.501475404943915237e-01 -3.746152554132794466e-01 1.494596038298921847e+00 1.507167755030306200e+00
1.583561773365417957e+09 -3.275352185302229380e-01 7.319349510776659296e-01 5.974879984792106358e-01 8.192926789777488228e-02 -6.079867088316448509e-01 7.897086532679516990e-01 9.412801261732094416e-01 3.076091505921909608e-01 1.391701648576895156e-01 -3.838242509027378069e-01 1.495470395662616525e+00 1.514210479639077178e+00
1.583561773365427017e+09 -3.145470885561800212e-01 7.471337450597416163e-01 5.855350513767715315e-01 7.878121049633148021e-02 -5.941696580935019734e-01 8.004723220552339980e-01 9.459670449856770746e-01 2.979153984853026849e-01 1.280342352302943632e-01 -3.926789511849397285e-01 1.496873131918406985e+00 1.521612957782140896e+00
1.583561773365437984e+09 -3.012048362720911587e-01 7.618766271746705288e-01 5.734279831790509707e-01 7.605220553398701899e-02 -5.802456880388294769e-01 8.108828544563616569e-01 9.505218087378649594e-01 2.878523002275644727e-01 1.168304096278849624e-01 -4.011583124027958691e-01 1.498790520579601049e+00 1.529332680760140617e+00
1.583561773365447044e+09 -2.875876194598397939e-01 7.761755573933897256e-01 5.611103862571210632e-01 7.367205209971322555e-02 -5.661969259611262517e-01 8.209710530100886583e-01 9.549166404043153422e-01 2.774392643723664897e-01 1.056487799843543324e-01 -4.092459466570356752e-01 1.501203882546823909e+00 1.537328675067115791e+00
1.583561773365457058e+09 -2.737865005878051816e-01 7.900456482182860452e-01 5.485151102394135725e-01 7.158094559942322632e-02 -5.519866754298199396e-01 8.307748663072411777e-01 9.591230998017413745e-01 2.667181736732527897e-01 9.457428567347299364e-02 -4.169301139058257388e-01 1.504090467559323852e+00 1.545562220436112577e+00
1.583561773365466118e+09 -2.599037459326270505e-01 8.035037074837478865e-01 5.355668354662891373e-01 6.973208037723212238e-02 -5.375614628407745510e-01 8.403363081242538613e-01 9.631134305310894428e-01 2.557527439296676253e-01 8.368425274794699664e-02 -4.242035610458753658e-01 1.507424359633823263e+00 1.553997396717914592e+00
1.583561773365475893e+09 -2.460535512575551254e-01 8.165668938552196332e-01 5.221840270662208017e-01 6.809305090255912685e-02 -5.228531424678306561e-01 8.496987277572431996e-01 9.668614102281337663e-01 2.446284929889847304e-01 7.304734141920599111e-02 -4.310632313722371767e-01 1.511177367502729574e+00 1.562601461072614883e+00
1.583561773365485907e+09 -2.325326077228516697e-01 8.290983020608588827e-01 5.084531366953326526e-01 6.666285961496183632e-02 -5.079671594648030863e-01 8.587930065942531721e-01 9.703013190495879403e-01 2.335923173809069942e-01 6.284886450890507514e-02 -4.375098711911351579e-01 1.515319866453768372e+00 1.571345064788151724e+00
1.583561773365495920e+09 -2.185147235948576017e-01 8.411116164005560947e-01 4.947550552326052675e-01 6.555089470856893807e-02 -4.932103142134069973e-01 8.674368370540879170e-01 9.736294962822343857e-01 2.219793572094229395e-01 5.263809647874232583e-02 -4.435671672826803635e-01 1.519802919889555071e+00 1.580198395483400242e+00
1.583561773365504980e+09 -2.040208025635176226e-01 8.525976659009343317e-01 4.810953466533722800e-01 6.474355229833955727e-02 -4.786048423218632331e-01 8.756401529531627759e-01 9.768233129960687267e-01 2.097966284927826330e-01 4.244514246951031078e-02 -4.492406410880003809e-01 1.524596103050012808e+00 1.589143067563401512e+00
1.583561773365514040e+09 -1.890730084781989950e-01 8.635480773269051946e-01 4.674784657713332847e-01 6.422901633495187168e-02 -4.641700742140866254e-01 8.834142718944015815e-01 9.798602100202998821e-01 1.970554761292951929e-01 3.229718881329866204e-02 -4.545379352428769448e-01 1.529669997277987470e+00 1.598163285989141702e+00
1.583561773365523100e+09 -1.736949165286986174e-01 8.739554204124351244e-01 4.539074789576873492e-01 6.399723161872236665e-02 -4.499222316042602032e-01 8.907717664898028298e-01 9.827178794407580575e-01 1.837713496878017050e-01 2.221847699989000849e-02 -4.594683193079272532e-01 1.534996526742829825e+00 1.607245657115627946e+00
1.583561773365531921e+09 -1.579115162159914210e-01 8.838133287917945280e-01 4.403838703293356804e-01 6.403985989462540607e-02 -4.358743278323390369e-01 8.977262761016662207e-01 9.853744717853879509e-01 1.699634387603800589e-01 1.223029424116552251e-02 -4.640422272835647566e-01 1.540549193299888708e+00 1.616378965847103277e+00
1.583561773365541935e+09 -1.417491288987274278e-01 8.931165957796189936e-01 4.269074034839260290e-01 6.435019742796820041e-02 -4.220361483882759668e-01 9.042922877402815862e-01 9.878088057932794541e-01 1.556542197547840234e-01 2.351027136362484130e-03 -4.682708396585708033e-01 1.546303220070860629e+00 1.625553936242084330e+00
1.583561773365550995e+09 -1.252352848658647710e-01 9.018612460863874025e-01 4.134760169368778548e-01 6.492304737030085704e-02 -4.084142863182667615e-01 9.104849085917218199e-01 9.900005664645356029e-01 1.408689599294065675e-01 -7.403700906795570094e-03 -4.721657170412239535e-01 1.552235617005150115e+00 1.634762989680739853e+00
1.583561773365561008e+09 -1.083985891940650176e-01 9.100445853125423978e-01 4.000857395033845521e-01 6.575454891040596883e-02 -3.950122099797948039e-01 9.163196458586103654e-01 9.919304841640002035e-01 1.256352141918897769e-01 -1.702080491461524514e-02 -4.757384887063884626e-01 1.558325182117091368e+00 1.644000011269104444e+00
1.583561773365571022e+09 -9.126859073666772348e-02 9.176652282001359628e-01 3.867306215536157055e-01 6.684196945159646963e-02 -3.818303482312190300e-01 9.218122023554685684e-01 9.935804928240333789e-01 1.099823370299520264e-01 -2.648943336109986502e-02 -4.790005950473816276e-01 1.564552452310149944e+00 1.653260132035627494e+00
1.583561773365580082e+09 -7.387565408323487626e-02 9.247231039641325978e-01 3.734026902402084458e-01 6.818346753484333389e-02 -3.688661905599573410e-01 9.269782890330774405e-01 9.949338685282548278e-01 9.394101763768737678e-02 -3.580059663481090920e-02 -4.819630816982438115e-01 1.570899615983095687e+00 1.662539531509743096e+00
1.583561773365588903e+09 -5.625083600256033933e-02 9.312194386445860061e-01 3.600919339410229569e-01 6.977783403760477732e-02 -3.561143979747517507e-01 9.318334559104872739e-01 9.959753498868386679e-01 7.754284612373428531e-02 -4.494674283673447124e-02 -4.846364437389406032e-01 1.577350397488124667e+00 1.671835262886115947e+00
1.583561773365597963e+09 -3.842567583639940054e-02 9.371566795980376119e-01 3.467864265959783587e-01 7.162422379338652390e-02 -3.435670319523363436e-01 9.363929011069224151e-01 9.966912452003472422e-01 6.081983871108620487e-02 -5.392132434343722969e-02 -4.870305171464958671e-01 1.583889922634420078e+00 1.681145101328762603e+00
1.583561773365607023e+09 -2.043183360363948209e-02 9.425383306507744141e-01 3.334726912050748338e-01 7.372189631955047839e-02 -3.312140032253113042e-01 9.406712317236528564e-01 9.970695173534961375e-01 4.380387726120909403e-02 -6.271840367996167620e-02 -4.891544116506251205e-01 1.590504573985570769e+00 1.690467414780157496e+00
1.583561773365617037e+09 -2.300701607559157112e-03 9.473687436549488305e-01 3.201361751937249478e-01 7.606997940691599680e-02 -3.190436105598643546e-01 9.446822391237903460e-01 9.970998271298967541e-01 2.652618421493040113e-02 -7.133229666383129886e-02 -4.910164771322119703e-01 1.597181843440382609e+00 1.699801055721299470e+00
1.583561773365633011e+09 1.593714025586467214e-02 9.516528171465309383e-01 3.067619981800983608e-01 7.866729182659513986e-02 -3.070433429177221174e-01 9.484386342239337075e-01 9.967735274448979998e-01 9.016736110673516380e-03 -7.975734269505858898e-02 -4.926242972768623551e-01 1.603910187320410241e+00 1.709145271657515064e+00
1.583561773365650892e+09 3.425266943341418596e-02 9.553955839352861190e-01 2.933360413988526649e-01 8.151227335362506987e-02 -2.952010351633442276e-01 9.519517310521553588e-01 9.960835829325533908e-01 -8.696400351183563096e-03 -8.798788946207510009e-02 -4.939847064694335987e-01 1.610678887449756180e+00 1.718499631808581896e+00
1.583561773365665913e+09 5.261928517588316395e-02 9.586017255259335901e-01 2.798462845852917602e-01 8.460306547419525758e-02 -2.835063050943351093e-01 9.552311219836318035e-01 9.950243878412585730e-01 -2.658772525900554226e-02 -9.601854365429472737e-02 -4.951038251568429804e-01 1.617477921067652868e+00 1.727863967539125412e+00
1.583561773365675926e+09 7.101361466249350718e-02 9.612751006020680000e-01 2.662841486926342816e-01 8.793775692605550198e-02 -2.719520454820504862e-01 9.582844233247892474e-01 9.935914742483085149e-01 -4.463481001209181759e-02 -1.038446738887871257e-01 -4.959871067521005594e-01 1.624297841726350722e+00 1.737238324278693957e+00
1.583561773365684986e+09 8.941611815216880810e-02 9.634183642073486098e-01 2.526456286432517406e-01 9.151477967720200724e-02 -2.605357653375213189e-01 9.611171417692051522e-01 9.917811266481336707e-01 -6.281855484091854180e-02 -1.114631161015533778e-01 -4.966393904424178385e-01 1.631129671931985436e+00 1.746622922857050009e+00
1.583561773365694046e+09 1.078114855386194670e-01 9.650326916331606331e-01 2.389321828785798407e-01 9.533344411681012043e-02 -2.492607622684786806e-01 9.637326428777563958e-01 9.895899243018276836e-01 -8.112321996072147101e-02 -1.188730632326709669e-01 -4.970649559831694653e-01 1.637964807247263233e+00 1.756018128423748825e+00
1.583561773365706921e+09 1.261888721119190648e-01 9.661175884199705299e-01 2.251514473651289316e-01 9.939461518686010244e-02 -2.381372148410338396e-01 9.661321739294227440e-01 9.870142244611425086e-01 -9.953628784180795774e-02 -1.260771524617100015e-01 -4.972675807847314888e-01 1.644794931046691389e+00 1.765424425278644627e+00
1.583561773365722895e+09 1.445418971853089929e-01 9.666708187578003653e-01 2.113176955915095079e-01 1.037014868526555389e-01 -2.271831197387646495e-01 9.683149445569306790e-01 9.840496135078988793e-01 -1.180481198983325958e-01 -1.330826803240562350e-01 -4.972505987768235380e-01 1.651611939360138948e+00 1.774842396276365752e+00
1.583561773365737915e+09 1.628683128871221963e-01 9.666884920283800309e-01 1.974519495652288237e-01 1.082603760749532157e-01 -2.164249632722762828e-01 9.702782726448555550e-01 9.806903710614475189e-01 -1.366513629483994408e-01 -1.399028283149286733e-01 -4.970169600447825742e-01 1.658407875262211117e+00 1.784272705741377640e+00
1.583561773365752935e+09 1.811692312190219534e-01 9.661653600960714572e-01 1.835816084466195819e-01 1.130814025469859402e-01 -2.058979475272043891e-01 9.720178145096273203e-01 9.769290180568761528e-01 -1.553400543873538209e-01 -1.465577068603798050e-01 -4.965692915398966512e-01 1.665174872378483828e+00 1.793716084976910929e+00
1.583561773365767002e+09 1.994480778663443032e-01 9.650952509819867853e-01 1.697398630768489625e-01 1.181790524551522975e-01 -1.956460329012107702e-01 9.735277815721552486e-01 9.727559694297094328e-01 -1.741085485662500487e-01 -1.530752674792084100e-01 -4.959099595855640530e-01 1.671905107374863864e+00 1.803173319599961300e+00
1.583561773365782976e+09 2.177092430440977500e-01 9.634716636161837489e-01 1.559648654400730972e-01 1.235725272527221502e-01 -1.857217163260922732e-01 9.748011462422717655e-01 9.681593444610894217e-01 -1.929502470444106610e-01 -1.594919626720606165e-01 -4.950411353266631065e-01 1.678590761705642143e+00 1.812645238044727547e+00
1.583561773365797043e+09 2.359564277506168706e-01 9.612885460697628837e-01 1.422986147092103748e-01 1.292857599813128366e-01 -1.761854354906419451e-01 9.758298441372902365e-01 9.631249953852812906e-01 -2.118561395287170412e-01 -1.658530062039945130e-01 -4.939648642223838371e-01 1.685223993316880886e+00 1.822132700684939932e+00
1.583561773365811110e+09 2.541907266261372866e-01 9.585412705463187688e-01 1.287855096920316189e-01 1.353469670336073793e-01 -1.671044532383909875e-01 9.766049868522497235e-01 9.576368170030107319e-01 -2.308132030586617367e-01 -1.722120561196419930e-01 -4.926831397494637610e-01 1.691796919175885705e+00 1.831636589177290775e+00
1.583561773365825891e+09 2.724086140032725423e-01 9.552277630296786004e-01 1.154706374107438149e-01 1.417876823154062271e-01 -1.585512091861221440e-01 9.771170694094053477e-01 9.516773615196104652e-01 -2.498027924995440407e-01 -1.786302457293111323e-01 -4.911979802440401555e-01 1.698301609331609008e+00 1.841157795806115383e+00
1.583561773365835905e+09 2.906000201474137623e-01 9.513497333584570725e-01 1.023978196985972644e-01 1.486412357542233886e-01 -1.506010701578842370e-01 9.773561790988678499e-01 9.452287615139378651e-01 -2.687991868336069845e-01 -1.851744740055462635e-01 -4.895115070619168729e-01 1.704730092887024595e+00 1.850697212760561428e+00
1.583561773365849972e+09 3.087468116583832467e-01 9.469138678862558667e-01 8.960766398798736265e-02 1.559408449367621075e-01 -1.433297180977365914e-01 9.773121532613890938e-01 9.382738723003435366e-01 -2.877685164322444922e-01 -1.919151421011781322e-01 -4.876260209925216693e-01 1.711074375500993394e+00 1.860255721474945778e+00
1.583561773365865946e+09 3.268218831503198474e-01 9.419328724054525370e-01 7.713573054041061861e-02 1.637174799823343518e-01 -1.368102916827595994e-01 9.769746828653713688e-01 9.307975309988100188e-01 -3.066682381745691743e-01 -1.989234733263939292e-01 -4.855440734155423432e-01 1.717326467223628361e+00 1.869834182302494430e+00
1.583561773365881920e+09 3.447890317992695630e-01 9.364262329349600789e-01 6.501103115682134448e-02 1.719977876573721698e-01 -1.311105809536469713e-01 9.763333327941576822e-01 9.227877788873826148e-01 -3.254472709442633449e-01 -2.062687306157531542e-01 -4.832685285555495813e-01 1.723478418591866124e+00 1.879433424897565708e+00
1.583561773365899086e+09 3.626036340434848904e-01 9.304206094345465194e-01 5.325499476872276594e-02 1.808023318765758503e-01 -1.262905225878057369e-01 9.753774760647654363e-01 9.142369067365828661e-01 -3.440467900942345003e-01 -2.140156182277128116e-01 -4.808026129775112567e-01 1.729522361818582876e+00 1.889054239784040190e+00
1.583561773365915060e+09 3.802140080722382631e-01 9.239498341103149492e-01 4.188093197478436058e-02 1.901443135266199236e-01 -1.224001377540286095e-01 9.740961689860329065e-01 9.051422254942654844e-01 -3.624015875432085587e-01 -2.222220538836370829e-01 -4.781499503133889162e-01 1.735450553850338640e+00 1.898697371457418237e+00
1.583561773365930080e+09 3.975632682868326384e-01 9.170545283123048286e-01 3.089401496890701454e-02 2.000288807506667987e-01 -1.194780482899915341e-01 9.724779909923055854e-01 8.955065018462959880e-01 -3.804418331434117340e-01 -2.309374742312343409e-01 -4.753145799840750030e-01 1.741255417771935265e+00 1.908363513314019988e+00
1.583561773365947008e+09 4.145914115254200061e-01 9.097814035994529203e-01 2.029185806869776565e-02 2.104531587291113837e-01 -1.175508092377068881e-01 9.705108321654531967e-01 8.853380313446191918e-01 -3.980949701230165338e-01 -2.402019260464003103e-01 -4.723009602711648602e-01 1.746929579462261461e+00 1.918053304528589464e+00
1.583561773365962982e+09 4.312373545013649667e-01 9.021823711067734619e-01 1.006547051733331331e-02 2.214068075877916320e-01 -1.166328380350847432e-01 9.681817013183244836e-01 8.746504272632709132e-01 -4.152875517992039578e-01 -2.500457551481585772e-01 -4.691139581211781207e-01 1.752465897679422735e+00 1.927767328737823860e+00
1.583561773365976095e+09 4.474407420281179548e-01 8.943135594167830327e-01 2.004158734191571062e-04 2.328729325343518453e-01 -1.167267716028563829e-01 9.654765964051157390e-01 8.634622052770779543e-01 -4.319468932126444560e-01 -2.604897344633779754e-01 -4.657588291379241574e-01 1.757857487015853204e+00 1.937506114204994301e+00
1.583561773365986109e+09 4.631434060321947266e-01 8.862343302212881690e-01 -9.321895517192481731e-03 2.448292409955011295e-01 -1.178241861779379951e-01 9.623804362241858978e-01 8.517962364782558637e-01 -4.480024256726798382e-01 -2.715455732868533589e-01 -4.622411912990498362e-01 1.763097734049135612e+00 1.947270135072774577e+00
1.583561773365995884e+09 4.782904423962771601e-01 8.780063519458330967e-01 -1.852293186983090117e-02 2.572492648431378148e-01 -1.199064786686635520e-01 9.588770787921294669e-01 8.396791462971092690e-01 -4.633867527608284687e-01 -2.832166112683793258e-01 -4.585669950032428832e-01 1.768180307062039658e+00 1.957059813391762937e+00
1.583561773366004944e+09 4.928309216455946662e-01 8.696927651375540025e-01 -2.742585071169331701e-02 2.701035502198522731e-01 -1.229458098286899809e-01 9.549494228105385174e-01 8.271407105836301454e-01 -4.780364237476776856e-01 -2.954986002074287410e-01 -4.547424913983592054e-01 1.773099159725805452e+00 1.966875521674325222e+00
1.583561773366014004e+09 5.067182553887962237e-01 8.613574691806237249e-01 -3.605440739211447643e-02 2.833607804825798437e-01 -1.269060770360736778e-01 9.505795683779441063e-01 8.142132877914085576e-01 -4.918924254478235780e-01 -3.083805506671485896e-01 -4.507742011190070675e-01 1.777848529914341169e+00 1.976717585660604959e+00
1.583561773366025925e+09 5.199102720086410390e-01 8.530645385519836088e-01 -4.443199832219090623e-02 2.969887787954182401e-01 -1.317438393405216401e-01 9.457490291760315415e-01 8.009313170336471721e-01 -5.049004398633495372e-01 -3.218455708555815198e-01 -4.466688847195725565e-01 1.782422934559334315e+00 1.986586287086948843e+00
