1.584057357161267996e+09 8.620998531731757231e-01 -4.346719834452194564e-01 -2.604690195737961456e-01 -3.668525003770082282e-01 -1.807639755997568765e-01 -9.125478772603042854e-01 3.495755803042081000e-01 8.822611020648709612e-01 -3.152971007882017229e-01 -4.767974709691637919e-02 -6.016857393941493770e-01 3.007191343063778666e-01
1.584057357161344051e+09 8.666230720219053607e-01 -4.287465067770263039e-01 -2.552271226908409685e-01 -3.676757113503444363e-01 -2.029331771727820311e-01 -9.075421186291516840e-01 3.373114622127550422e-01 8.803377526910175499e-01 -3.335062502780279381e-01 -5.801039923096336370e-02 -6.120291607266483691e-01 2.996906717191688552e-01
1.584057357161374092e+09 8.706408228706875585e-01 -4.222154197520730512e-01 -2.524256268013657656e-01 -3.701906797092394674e-01 -2.244281068092747189e-01 -9.014382317897733365e-01 3.239497158885205064e-01 8.782745382185820349e-01 -3.516964848018102052e-01 -6.874198516950889848e-02 -6.220038312758747745e-01 2.993658879621894364e-01
1.584057357161395073e+09 8.740794551507529153e-01 -4.154730108820977597e-01 -2.517285909538681254e-01 -3.741277572698637477e-01 -2.452110334692442495e-01 -8.943712710667400811e-01 3.098604969012551669e-01 8.759302064555506417e-01 -3.697739122907789944e-01 -7.985302322971585265e-02 -6.315521209704064720e-01 2.997420145665283253e-01
1.584057357161415100e+09 8.769424403449852523e-01 -4.087855180635006080e-01 -2.527179390849835783e-01 -3.791523504761823982e-01 -2.653383996454415916e-01 -8.864756223437915139e-01 2.953226230186355439e-01 8.732066961411961703e-01 -3.876784937076236948e-01 -9.131549544832327781e-02 -6.406205938331493988e-01 3.008101928814959081e-01
1.584057357161433935e+09 8.792965336063376380e-01 -4.022928481274365420e-01 -2.549471916414129957e-01 -3.848966462422139800e-01 -2.849315671652140058e-01 -8.778773114487711249e-01 2.805212610777004234e-01 8.700427958855891930e-01 -4.053805073653354851e-01 -1.030957488928181814e-01 -6.491613666971707275e-01 3.025558452317230751e-01
1.584057357161452055e+09 8.812599261557946262e-01 -3.960185830610037372e-01 -2.579733021365552270e-01 -3.909736972084940643e-01 -3.041502695783044330e-01 -8.686956784882862159e-01 2.655569823253943751e-01 8.664074651593643983e-01 -4.228682936816521298e-01 -1.151555863939272700e-01 -6.571332287334300526e-01 3.049592198468610849e-01
1.584057357161472082e+09 8.829935740752986595e-01 -3.898804784731876305e-01 -2.613724561635243915e-01 -3.969791131122302752e-01 -3.231701523962913769e-01 -8.590510092985514934e-01 2.504594420566877977e-01 8.622959268187817550e-01 -4.401315744529450957e-01 -1.274534797136103459e-01 -6.645024751977438582e-01 3.079960768869525189e-01
1.584057357161488056e+09 8.846952173736455372e-01 -3.836982376296235731e-01 -2.647452265683122308e-01 -4.024844593639628765e-01 -3.421623175150095286e-01 -8.490766800912391554e-01 2.352033854998611395e-01 8.577299174101761237e-01 -4.571419435922016716e-01 -1.399458347762266019e-01 -6.712434299069653942e-01 3.116384756260325850e-01
1.584057357161505938e+09 8.865947914741869607e-01 -3.771981050986183415e-01 -2.677148958062172124e-01 -4.070251966397920862e-01 -3.612709855517400315e-01 -8.389360908547834894e-01 2.197274795255214908e-01 8.527630766059119960e-01 -4.738301069906069030e-01 -1.525882410674277989e-01 -6.773386523043414265e-01 3.158556193087545538e-01
1.584057357161521912e+09 8.889346909696882459e-01 -3.700610045611844590e-01 -2.699073327819588863e-01 -4.100678379341300417e-01 -3.804631643119694706e-01 -8.289102177761134005e-01 2.040575499916280622e-01 8.475273646426324525e-01 -4.899570214264486467e-01 -1.653366447493033187e-01 -6.827788445325260192e-01 3.206147143660137422e-01
1.584057357161536932e+09 8.908860618978209356e-01 -3.633050031949384140e-01 -2.726380376348775392e-01 -4.133062811489585653e-01 -3.993911952342779070e-01 -8.183303681106093297e-01 1.884142852957557679e-01 8.417221323781486353e-01 -5.059682888610914642e-01 -1.781486781202084868e-01 -6.875436491599026256e-01 3.258981707578681997e-01
1.584057357161552906e+09 8.924554916092691803e-01 -3.569689897838564385e-01 -2.758556434529298440e-01 -4.167188903744313277e-01 -4.180508442214526110e-01 -8.072043472942437292e-01 1.728252357866825739e-01 8.353482102032676604e-01 -5.218474930065526429e-01 -1.909797897162071323e-01 -6.916401222317474229e-01 3.316729397801590484e-01
1.584057357161567926e+09 8.936508811856951340e-01 -3.510866185193877720e-01 -2.795108030977190294e-01 -4.202858182199183945e-01 -4.364360292385664475e-01 -7.955397058761929374e-01 1.573147602139192414e-01 8.284091857224648026e-01 -5.375781688287100124e-01 -2.037888374950327652e-01 -6.950816471847867106e-01 3.379059707182180960e-01
1.584057357161583900e+09 8.944811304288365905e-01 -3.456867716433472126e-01 -2.835562790932875110e-01 -4.239890133788831172e-01 -4.545388909233185615e-01 -7.833439304750458021e-01 1.419042778126236026e-01 8.209111114231605333e-01 -5.531438542117396162e-01 -2.165385911262716623e-01 -6.978870406719915875e-01 3.445648012012271777e-01
1.584057357161597967e+09 8.949559765944493650e-01 -3.407937518269971156e-01 -2.879469028644586204e-01 -4.278119994408463578e-01 -4.723499522533600725e-01 -7.706246920392353372e-01 1.266123742452453793e-01 8.128623140665028890e-01 -5.685280691664933439e-01 -2.291960335715873542e-01 -7.000795929597586342e-01 3.516180514367669430e-01
1.584057357161613941e+09 8.950859236986851153e-01 -3.364272616650576531e-01 -2.926395171549836527e-01 -4.317395322417557635e-01 -4.898583475166076728e-01 -7.573901081396963164e-01 1.114547698167303591e-01 8.042732727642741830e-01 -5.837142600398692593e-01 -2.417324755017433713e-01 -7.016860879269635198e-01 3.590358187105406884e-01
1.584057357161629915e+09 8.948821802929665115e-01 -3.326023104409515097e-01 -2.975929882895883005e-01 -4.357572681228299993e-01 -5.070520908077952305e-01 -7.436489633728159410e-01 9.644421646800760417e-02 7.951565132734893515e-01 -5.986857546997156332e-01 -2.541235043271028449e-01 -7.027358470167218707e-01 3.667899714158865399e-01
1.584057357161653996e+09 8.943565821976608987e-01 -3.293291195703889618e-01 -3.027682861172724671e-01 -4.398514696229420262e-01 -5.239183755371036311e-01 -7.294108723380757775e-01 8.159037178108528854e-02 7.855264903746196348e-01 -6.134257449146600649e-01 -2.663487956708687765e-01 -7.032598338756337331e-01 3.748543475855956597e-01
1.584057357161669970e+09 8.935215280660941950e-01 -3.266130017682578046e-01 -3.081285870444995800e-01 -4.440086889677277715e-01 -5.404439189000588284e-01 -7.146864031762452107e-01 6.689965037297176953e-02 7.753994569902153966e-01 -6.279172869502813725e-01 -2.783918182229041527e-01 -7.032898473675278650e-01 3.832048673703736252e-01
1.584057357161685944e+09 8.923898795993386868e-01 -3.244543438468597274e-01 -3.136394135679715922e-01 -4.482155153785490342e-01 -5.566153172211832922e-01 -6.994871268641014161e-01 5.237513511634422914e-02 7.647932842883380378e-01 -6.421433468476885897e-01 -2.902394642918725842e-01 -7.028578235311569999e-01 3.918195705981965538e-01
1.584057357161701918e+09 8.909748158940363760e-01 -3.228487602539408252e-01 -3.192687827532797451e-01 -4.524584131072145743e-01 -5.724193849390701860e-01 -6.838255862384573502e-01 3.801660251009403302e-02 7.537272225714578555e-01 -6.560868938334725176e-01 -3.018816365873043250e-01 -7.019952567282656819e-01 4.006785929160358029e-01
1.584057357161717892e+09 8.892896812385481242e-01 -3.217873655375014241e-01 -3.249873142428106321e-01 -4.567235923653615859e-01 -5.878434764004574209e-01 -6.677152144965665670e-01 2.382064722899962170e-02 7.422216238621212048e-01 -6.697310192971624998e-01 -3.133108174563064008e-01 -7.007327404975107754e-01 4.097640951643675700e-01
1.584057357161732912e+09 8.873478537224862572e-01 -3.212571174818241171e-01 -3.307682741089993939e-01 -4.609968774113994416e-01 -6.028757884066027195e-01 -6.511702258318852188e-01 9.780885725180595708e-03 7.302976437815102972e-01 -6.830590648936255560e-01 -3.245216414657600690e-01 -6.990996216555673826e-01 4.190601600065835819e-01
1.584057357161747932e+09 8.851626513613994884e-01 -3.212411917729750543e-01 -3.365875481042278072e-01 -4.652635533841086302e-01 -6.175056411972505988e-01 -6.342054944746672307e-01 -4.111780818903638252e-03 7.179769356239772415e-01 -6.960547489545987343e-01 -3.355104873669398358e-01 -6.971237576430758809e-01 4.285526676224692966e-01
1.584057357161763906e+09 8.827472825862657801e-01 -3.217193633100050576e-01 -3.424235484800192686e-01 -4.695081886363943191e-01 -6.317237344716211123e-01 -6.168364324101591745e-01 -1.786885849682072827e-02 7.052813444749748140e-01 -7.087022854509088532e-01 -3.462750999650039962e-01 -6.948313635513742037e-01 4.382291607173451342e-01
1.584057357161780119e+09 8.801148385874195679e-01 -3.226683875968955340e-01 -3.482570641631548836e-01 -4.737144441430286568e-01 -6.455223717762539337e-01 -5.990788705892682309e-01 -3.150391281105181102e-02 6.922326050305444012e-01 -7.209864938970554915e-01 -3.568142489586423327e-01 -6.922469355967365567e-01 4.480787061033169039e-01
1.584057357161794901e+09 8.772783248905446918e-01 -3.240623742709568544e-01 -3.540710641309030016e-01 -4.778648793706727349e-01 -6.588956491005086846e-01 -5.809489486180035023e-01 -4.503218798952118157e-02 6.788520468122967166e-01 -7.328928986935134837e-01 -3.671274302439065385e-01 -6.893932397955008229e-01 4.580917568734034218e-01
1.584057357161809921e+09 8.742506740530151532e-01 -3.258732780498856951e-01 -3.598504769575140982e-01 -4.819408715503009644e-01 -6.718395506801329020e-01 -5.624629896367807635e-01 -5.847012451676915357e-02 6.651603002851455004e-01 -7.444078316590425626e-01 -3.772146127177046226e-01 -6.862913543756875567e-01 4.682600177992262691e-01
1.584057357161824942e+09 8.710446877356871065e-01 -3.280716088774229267e-01 -3.655819629189857034e-01 -4.859227552046643805e-01 -6.843518905540280084e-01 -5.436373479713541013e-01 -7.183472806115652476e-02 6.511770186529176607e-01 -7.555185388820225834e-01 -3.870760298007628886e-01 -6.829607529297715418e-01 4.785763165926563700e-01
1.584057357161839962e+09 8.676729659298677566e-01 -3.306271849739001456e-01 -3.712536719634986215e-01 -4.897900661267221012e-01 -6.964321521627736544e-01 -5.244882732696701799e-01 -8.514291240045342157e-02 6.369206561775602182e-01 -7.662132618103549841e-01 -3.967120116897322468e-01 -6.794194152978093593e-01 4.890344834724085765e-01
1.584057357161854982e+09 8.641477246438392656e-01 -3.335101156696931857e-01 -3.768550290689289262e-01 -4.935220735646626555e-01 -7.080811323128086698e-01 -5.050317546520597389e-01 -9.841073676922673652e-02 6.224083170086843753e-01 -7.764813031739423721e-01 -4.061228542940656383e-01 -6.756839563265809590e-01 4.996292397897349469e-01
1.584057357161871910e+09 8.604804411678844689e-01 -3.366920852042659118e-01 -3.823765818195541955e-01 -4.970987024261880327e-01 -7.193003309402390411e-01 -4.852833339352945474e-01 -1.116525442078990099e-01 6.076557199109912100e-01 -7.863130647541772822e-01 -4.153087219504101313e-01 -6.717697657277534873e-01 5.103560949220152798e-01
1.584057357161889076e+09 8.566813371072162786e-01 -3.401478239614668109e-01 -3.878099337332027163e-01 -5.005017901008574910e-01 -7.300911160019595281e-01 -4.652579077036115840e-01 -1.248801224081724504e-01 5.926773324982790303e-01 -7.957000282404124158e-01 -4.242695798477233993e-01 -6.676911525579790618e-01 5.212112510253710251e-01
1.584057357161906958e+09 8.527587805980584301e-01 -3.438565031347244894e-01 -3.931477680981433909e-01 -5.037164661653732445e-01 -7.404537893588124531e-01 -4.449695582598157673e-01 -1.381020783397625962e-01 5.774867023071943439e-01 -8.046346531118012679e-01 -4.330051495363867464e-01 -6.634614874600412993e-01 5.321915164614379190e-01
1.584057357161926031e+09 8.487186854440772477e-01 -3.478028396475914552e-01 -3.983839578934236791e-01 -5.067324483556335801e-01 -7.503866855180447715e-01 -4.244314411311206348e-01 -1.513235572438967058e-01 5.620969731223965926e-01 -8.131101857690886670e-01 -4.415148814156639179e-01 -6.590933380973691413e-01 5.432942282095141184e-01
1.584057357161942959e+09 8.445639042862974621e-01 -3.519779108497170794e-01 -4.035137693390825064e-01 -5.095452163248314070e-01 -7.598853388085922145e-01 -4.036557253701766879e-01 -1.645462983873123564e-01 5.465215662700178001e-01 -8.211203892612514155e-01 -4.497979393032738304e-01 -6.545985953765389720e-01 5.545171829709257816e-01
1.584057357161959887e+09 8.402935686245218694e-01 -3.563797793457841867e-01 -4.085341743323269714e-01 -5.121571196883248911e-01 -7.689416909256193700e-01 -3.826535782517913598e-01 -1.777689610058888758e-01 5.307750268127854332e-01 -8.286591988185026958e-01 -4.578531962595356886e-01 -6.499885910251202992e-01 5.658585748132494153e-01
1.584057357161976099e+09 8.359024206347621666e-01 -3.610138484591471908e-01 -4.134442460517997464e-01 -5.145783060997582981e-01 -7.775434023811065298e-01 -3.614352286994279018e-01 -1.909877228653160952e-01 5.148740223493292190e-01 -8.357203067990467416e-01 -4.656792402752986115e-01 -6.452742064651486587e-01 5.773169380016220931e-01
1.584057357161995888e+09 8.313802125945493060e-01 -3.658928400023270244e-01 -4.182455880663341063e-01 -5.168273147590566330e-01 -7.856733550390079257e-01 -3.400101559374125171e-01 -2.041971327972345041e-01 4.988384598948881199e-01 -8.422966949114985002e-01 -4.732743880473743170e-01 -6.404659727059586194e-01 5.888910942175160645e-01
1.584057357162014961e+09 8.267113013860647452e-01 -3.710362354706490118e-01 -4.229427104514371649e-01 -5.189311136249139533e-01 -7.933094770018235264e-01 -3.183874577476182854e-01 -2.173911766623571329e-01 4.826926412512446696e-01 -8.483801569832961631e-01 -4.806367065346074385e-01 -6.355741616259446003e-01 6.005801029232440413e-01
1.584057357162033081e+09 8.218743303107330922e-01 -3.764694501936676763e-01 -4.275433760951530271e-01 -5.209248165068022240e-01 -8.004247527025672992e-01 -2.965763831600213840e-01 -2.305643531477199470e-01 4.664664710147076732e-01 -8.539608368352775702e-01 -4.877640426595687417e-01 -6.306088689669115954e-01 6.123832136252814751e-01
1.584057357162050009e+09 8.168420717420405985e-01 -3.822226740641935239e-01 -4.320588587901747490e-01 -5.228509873175337663e-01 -8.069874797529141830e-01 -2.745870587318555156e-01 -2.437126896835883072e-01 4.501966628042388674e-01 -8.590268273219798800e-01 -4.946540622552549893e-01 -6.255800891861219570e-01 6.242998187441878288e-01
1.584057357162066936e+09 8.115815218467413716e-01 -3.883293111727372238e-01 -4.365040431390234676e-01 -5.247584331176983197e-01 -8.129618492660178886e-01 -2.524314139518414879e-01 -2.568346169992978822e-01 4.339278488029612579e-01 -8.635638956764041252e-01 -5.013042996117478278e-01 -6.204977818562132930e-01 6.363294059764755817e-01
1.584057357162082911e+09 8.060543583433318338e-01 -3.948239572229749750e-01 -4.408972832692322763e-01 -5.267003847346609646e-01 -8.183089422143482450e-01 -2.301242708892000943e-01 -2.699316141865738539e-01 4.177134402164096594e-01 -8.675554194960409804e-01 -5.077122181860150851e-01 -6.153719286381189590e-01 6.484715096658969502e-01
1.584057357162098885e+09 8.002177872258143809e-01 -4.017400082228632652e-01 -4.452599903384478197e-01 -5.287321356857224153e-01 -8.229881397641288787e-01 -2.076844980750485181e-01 -2.830085191701751102e-01 4.016160950973652333e-01 -8.709826006342478166e-01 -5.138752817304768072e-01 -6.102125793965001987e-01 6.607256614856874544e-01
1.584057357162113905e+09 7.940258243143578643e-01 -4.091069810022974207e-01 -4.496159123215834330e-01 -5.309081893699313381e-01 -8.269589628165193718e-01 -1.851360810789156597e-01 -2.960734452887474610e-01 3.857075992915337537e-01 -8.738250186481053561e-01 -5.197910341830516145e-01 -6.050298860089898811e-01 6.730913412423139564e-01
1.584057357162130117e+09 7.874308574124602167e-01 -4.169478807642611473e-01 -4.539902088333498398e-01 -5.332792830881245560e-01 -8.301831464545150752e-01 -1.625089222528662003e-01 -3.091372692641899400e-01 3.700681130627256898e-01 -8.760614937422042114e-01 -5.254571849831585206e-01 -5.998341226211673094e-01 6.855679293817346087e-01
1.584057357162147045e+09 7.803853969632711385e-01 -4.252768254002691761e-01 -4.584083923529607696e-01 -5.358895195097509445e-01 -8.326268191386250184e-01 -1.398392046980916070e-01 -3.222127485245103728e-01 3.547847263672353479e-01 -8.776712043792683771e-01 -5.308716955654313452e-01 -5.946356917808474085e-01 6.981546630972534917e-01
1.584057357162163973e+09 7.728438086805655693e-01 -4.340972205128530992e-01 -4.628952913163106309e-01 -5.387739693578118549e-01 -8.342625401433279020e-01 -1.171692122356419591e-01 -3.353133721662068245e-01 3.399494337247428999e-01 -8.786349215279930513e-01 -5.360328621381614811e-01 -5.894451168003891350e-01 7.108505980629532539e-01
1.584057357162175894e+09 7.647638596258550248e-01 -4.434006581596528496e-01 -4.674741656492168440e-01 -5.419569888466400087e-01 -8.350709933349726999e-01 -9.454659470713945579e-02 -3.484520935204192815e-01 3.256567098427465279e-01 -8.789362014545670787e-01 -5.409393889921892962e-01 -5.842730218025742328e-01 7.236545779612809648e-01
1.584057357162185907e+09 7.561079877547043360e-01 -4.531665700232144767e-01 -4.721660416237131730e-01 -5.454513293571705557e-01 -8.350422222108436765e-01 -7.202315369075826257e-02 -3.616400951026082500e-01 3.120008768712621561e-01 -8.785624023468617816e-01 -5.455904483966850238e-01 -5.791301019585665122e-01 7.365652129404929305e-01
1.584057357162198067e+09 7.468442199796254677e-01 -4.633626053316363125e-01 -4.769893156654374522e-01 -5.492580589858099271e-01 -8.341763211517754240e-01 -4.965329907188105463e-02 -3.748857105219418062e-01 2.990735050757566960e-01 -8.775054090886900138e-01 -5.499857237271075228e-01 -5.740270871656282248e-01 7.495808676864252895e-01
1.584057357162206888e+09 7.369466030046490923e-01 -4.739456920138856999e-01 -4.819597343524315569e-01 -5.533673624041882677e-01 -8.324834706239081505e-01 -2.749242811567443462e-02 -3.881935944587375231e-01 2.869612384736316413e-01 -8.757619432280860927e-01 -5.541254343038068964e-01 -5.689747027804626933e-01 7.626996588669482380e-01
1.584057357162220001e+09 7.263953015803222835e-01 -4.848634810637767467e-01 -4.870906186413657135e-01 -5.577598783931096982e-01 -8.299834997211409382e-01 -5.595398595387594820e-03 -4.015641718726540299e-01 2.757440754519360770e-01 -8.733335108039398387e-01 -5.580103431962796234e-01 -5.639836306829947299e-01 7.759194605253514343e-01
1.584057357162230015e+09 7.151764799507218662e-01 -4.960559571439768223e-01 -4.923932271091335799e-01 -5.624083201037999302e-01 -8.267051277856791724e-01 1.598478685427905804e-02 -4.149933544528519591e-01 2.654941040757756165e-01 -8.702260607639370482e-01 -5.616417510683198167e-01 -5.590644731088365571e-01 7.892379153644057954e-01
1.584057357162241936e+09 7.032820065435780865e-01 -5.074570790827828137e-01 -4.978772261878302019e-01 -5.672792455444647386e-01 -8.226849748958168229e-01 3.719798240581539961e-02 -4.284724927988187715e-01 2.562747455219760995e-01 -8.664494088486420775e-01 -5.650214797481677431e-01 -5.542277207461906441e-01 8.026524498067740820e-01
1.584057357162254095e+09 6.907091027483470702e-01 -5.189963051696145913e-01 -5.035511600587777581e-01 -5.723347707201275059e-01 -8.179664968851833029e-01 5.799758993278776587e-02 -4.419885132512832437e-01 2.481403744161848057e-01 -8.620165364482660353e-01 -5.681518483137864006e-01 -5.494837260472409390e-01 8.161602912558044709e-01
1.584057357162264109e+09 6.774599867434196732e-01 -5.305999419614969570e-01 -5.094228775268546672e-01 -5.775341346238535012e-01 -8.125989279498532225e-01 7.834095913963025348e-02 -4.555241924956539012e-01 2.411362355719841866e-01 -8.569428372517643444e-01 -5.710356438461388073e-01 -5.448426823348687664e-01 8.297584863661799925e-01
1.584057357162275076e+09 6.635415178056980334e-01 -5.421922916645737223e-01 -5.154999255124168567e-01 -5.828350965784643289e-01 -8.066362695687973039e-01 9.818950581604020400e-02 -4.690585300254909717e-01 2.352986351325232484e-01 -8.512453512864820437e-01 -5.736760896452228753e-01 -5.403146085207772842e-01 8.434439190297323696e-01
1.584057357162286043e+09 6.489648775052645480e-01 -5.536965789789072279e-01 -5.217898872029915758e-01 -5.881951247070462685e-01 -8.001363787967619157e-01 1.175085989907050932e-01 -4.825671800723404514e-01 2.306553142064035333e-01 -8.449420353593042332e-01 -5.760768127171644881e-01 -5.359093390943572288e-01 8.572133272844421059e-01
