1.589264477559463978e+09 9.281765377502667613e-01 -3.003501256239953787e-01 -2.197228185556534263e-01 -2.603698337855545608e-01 -1.022753292843167905e-01 -9.600767194041218699e-01 2.658869396601606372e-01 9.483298789922628425e-01 -1.731316733304066602e-01 3.081869744259488342e-02 -8.997263130234419704e-01 2.747987663016210891e-01
1.589264477559535027e+09 9.288911343571563117e-01 -3.013952048817868379e-01 -2.152259073006872470e-01 -2.658358700879533965e-01 -1.379822695553931666e-01 -9.540923351177542644e-01 2.578614956609839304e-01 9.434626776362867728e-01 -2.082921634252535015e-01 1.925930586787535578e-02 -9.081487225473718894e-01 2.741365449008454358e-01
1.589264477559565067e+09 9.294256823324653638e-01 -3.020798396090195737e-01 -2.119331774625109188e-01 -2.721469311472711761e-01 -1.732642152852612305e-01 -9.465281612485125784e-01 2.492066394487825187e-01 9.374045458241765383e-01 -2.432463128279362952e-01 7.246187129808683187e-03 -9.159351171083189858e-01 2.739083104045864636e-01
1.589264477559587002e+09 9.297463622497809110e-01 -3.025617912921203523e-01 -2.098286551494115137e-01 -2.792572355177015964e-01 -2.080332507415632859e-01 -9.374100295314772291e-01 2.399731204805234386e-01 9.301497349155495309e-01 -2.779107275100283769e-01 -5.174533583997684670e-03 -9.230544254480791411e-01 2.740985707031639573e-01
1.589264477559643030e+09 9.298230674867080658e-01 -3.029874029652967482e-01 -2.088724419511758523e-01 -2.871118270014651475e-01 -2.422103171678866851e-01 -9.267690982798597599e-01 2.302083018228969213e-01 9.217010340826047310e-01 -3.122040069012106400e-01 -1.795371178897087194e-02 -9.294838515396708356e-01 2.746902952908837348e-01
1.589264477559663057e+09 9.296291405798212670e-01 -3.034886530545908290e-01 -2.090078913630827873e-01 -2.956513978938301035e-01 -2.757242045168212807e-01 -9.146400463826114269e-01 2.199543411202045662e-01 9.120695153541360511e-01 -3.460480997885745369e-01 -3.104061014675322736e-02 -9.352090055751290931e-01 2.756653625575578026e-01
1.589264477559686899e+09 9.291408328602102085e-01 -3.041822267547698577e-01 -2.101677564433558354e-01 -3.048160163539384571e-01 -3.085101306447329272e-01 -9.010597626974193863e-01 2.092474830537492947e-01 9.012739164898766475e-01 -3.793689743183135121e-01 -4.438425681301465947e-02 -9.402237371575424829e-01 2.770049947061718476e-01
1.589264477559705019e+09 9.283366836697225510e-01 -3.051699026472381449e-01 -2.122789026078027719e-01 -3.145476389645679993e-01 -3.405082925665983695e-01 -8.860665245980543503e-01 1.981181083676002153e-01 8.893398864002750592e-01 -4.120968114181001729e-01 -5.793467702562626193e-02 -9.445297069336943130e-01 2.786901622638177090e-01
1.589264477559722900e+09 9.271969798917557570e-01 -3.065395897273039960e-01 -2.152655119611288914e-01 -3.247914465047676003e-01 -3.716626626513903076e-01 -8.696995929480325627e-01 1.865912030451177539e-01 8.762992328272235509e-01 -4.441659350755304270e-01 -7.164395470964739221e-02 -9.481357419934428599e-01 2.807019449774642572e-01
1.589264477559741974e+09 9.257033713935960417e-01 -3.083665218652191231e-01 -2.190510365628696166e-01 -3.354962437582993395e-01 -4.019201474821610387e-01 -8.519990997537300048e-01 1.746869740900351964e-01 8.621892388421842357e-01 -4.755146453050413946e-01 -8.546709579960337644e-02 -9.510570283174205608e-01 2.830218392885709422e-01
1.589264477559761047e+09 9.238386668627807108e-01 -3.107143133380380617e-01 -2.235592389771935140e-01 -3.466141852369116205e-01 -4.312301333035567508e-01 -8.330061099612207087e-01 1.624214410273510933e-01 8.470520574042749162e-01 -5.060850599784196824e-01 -9.936268072645106086e-02 -9.533141925376723558e-01 2.856320082839525765e-01
1.589264477559779882e+09 9.215985148832361862e-01 -3.136215860470641936e-01 -2.286868565666332620e-01 -3.580702589432576133e-01 -4.595596651652277820e-01 -8.127672510151408014e-01 1.498060991103883355e-01 8.309310532493452417e-01 -5.358280673936736127e-01 -1.132935307772021810e-01 -9.549127810719041376e-01 2.885252736576274235e-01
1.589264477559797049e+09 9.189656133084622702e-01 -3.171346581751649518e-01 -2.343668286612115570e-01 -3.698291978328052121e-01 -4.868602010624194509e-01 -7.913238967458150475e-01 1.368523521689747890e-01 8.138751461630124862e-01 -5.646934394479280472e-01 -1.272238557723681107e-01 -9.558819868152281796e-01 2.916878262211247130e-01
1.589264477559815884e+09 9.159243319191606725e-01 -3.212899982859062642e-01 -2.405314021824847548e-01 -3.818552798951744820e-01 -5.130861261646605387e-01 -7.687191768537435799e-01 1.235684576416109792e-01 7.959367842209542632e-01 -5.926343494868117068e-01 -1.411223889058962622e-01 -9.562533710409037990e-01 2.951065838103356653e-01
1.589264477559834957e+09 9.124609247777806242e-01 -3.261142183333562983e-01 -2.471124796332472284e-01 -3.941115812132394702e-01 -5.381952876849084300e-01 -7.449979156860345730e-01 1.099596408635921396e-01 7.771713770159374146e-01 -6.196075600893508062e-01 -1.549622704559893982e-01 -9.560599601754558030e-01 2.987692773379320710e-01
1.589264477559854984e+09 9.085637859977784281e-01 -3.316240794706595829e-01 -2.540419589843605497e-01 -4.065592534798226909e-01 -5.621496078186430934e-01 -7.202064928535787391e-01 9.602822760697646287e-02 7.576366468723674252e-01 -6.455736140907830656e-01 -1.687208062821000110e-01 -9.553354362319793625e-01 3.026645064630889559e-01
1.589264477559871912e+09 9.042236697015014757e-01 -3.378266625944442159e-01 -2.612521797571079052e-01 -4.191570023241240617e-01 -5.849156423836120444e-01 -6.943926117167417145e-01 8.177385199969355867e-02 7.373919159279623825e-01 -6.704969797432335232e-01 -1.823791345920490470e-01 -9.541134405067787094e-01 3.067817685613384304e-01
1.589264477559886932e+09 8.994338309632565753e-01 -3.447197928161848113e-01 -2.686764753295629027e-01 -4.318608344402982135e-01 -6.064649969196268531e-01 -6.676049937627662745e-01 6.719377735158234277e-02 7.164973637732050538e-01 -6.943461128161159124e-01 -1.959218335055736282e-01 -9.524269997376394459e-01 3.111114656212016216e-01
1.589264477559904099e+09 8.941901213729293030e-01 -3.522926715302119871e-01 -2.762497070788720865e-01 -4.446239774387235610e-01 -6.267746174330752762e-01 -6.398930364813858462e-01 5.228332284885335579e-02 6.950132753199131930e-01 -7.170934399871092824e-01 -2.093364982713903644e-01 -9.503080741559489786e-01 3.156448944074883856e-01
1.589264477559917927e+09 8.884910677040790405e-01 -3.605266581686163985e-01 -2.839087029237141735e-01 -4.573969060150601118e-01 -6.458269729006612669e-01 -6.113064632007383370e-01 3.703637811076584962e-02 6.729992943296347896e-01 -7.387152745949056021e-01 -2.226133118312047521e-01 -9.477872199887495963e-01 3.203742251134025221e-01
1.589264477559931040e+09 8.823379548747433132e-01 -3.693961456748896532e-01 -2.915925602342793188e-01 -4.701274332333453265e-01 -6.636101435163367368e-01 -5.818949857601716236e-01 2.144598418943169382e-02 6.505136934211586119e-01 -7.591916785801109402e-01 -2.357446272239394069e-01 -9.448933556735441552e-01 3.252924726002528466e-01
1.589264477559941053e+09 8.757349241767241610e-01 -3.788694860290605648e-01 -2.992428033708635637e-01 -4.827608500187881013e-01 -6.801178208062623742e-01 -5.517079952475358873e-01 5.504961286446976437e-03 6.276126693468343509e-01 -7.785062832554101586e-01 -2.487245747168205234e-01 -9.416536175975875889e-01 3.303934639981465082e-01
1.589264477559951067e+09 8.686890841525231055e-01 -3.889099410215929864e-01 -3.068034111362228922e-01 -4.952401207722998411e-01 -6.953492127520918276e-01 -5.207942929906788088e-01 -1.079343262035719828e-02 6.043496756411479431e-01 -7.966460768473575538e-01 -2.615487024147604700e-01 -9.380932918054927239e-01 3.356718048360567974e-01
1.589264477559963942e+09 8.612106321174168855e-01 -3.994766329686252893e-01 -3.142207298635146251e-01 -5.075061377474610058e-01 -7.093088528942537163e-01 -4.892018723018849991e-01 -2.745482865239153372e-02 5.807748025412425852e-01 -8.136011685761184165e-01 -2.742136566417478494e-01 -9.342358104786878670e-01 3.411228437463640351e-01
1.589264477559974909e+09 8.533128749986141903e-01 -4.105255992785155628e-01 -3.214434163808699840e-01 -5.194982147860114363e-01 -7.220061783198631344e-01 -4.569777716818071989e-01 -4.448305901484303493e-02 5.569342969819544020e-01 -8.293644836243442287e-01 -2.867169056766927793e-01 -9.301028018832078192e-01 3.467426352442570803e-01
1.589264477559988022e+09 8.450120372689087223e-01 -4.220110164311362544e-01 -3.284225313790117284e-01 -5.311549548855644121e-01 -7.334547667039882368e-01 -4.241680322807093173e-01 -6.187948867456282559e-02 5.328703477963023794e-01 -8.439313489333118978e-01 -2.990565068909456503e-01 -9.257141808147969497e-01 3.525279010074695019e-01
1.589264477559998035e+09 8.363269621762867700e-01 -4.338863868531903645e-01 -3.351116468827333161e-01 -5.424152403043461801e-01 -7.436714234066549301e-01 -3.908177600916763472e-01 -7.964244957290958493e-02 5.086210943944858842e-01 -8.572990510636059325e-01 -3.112309143011326995e-01 -9.210882664253758900e-01 3.584759908884607715e-01
1.589264477560019016e+09 8.272785157188367045e-01 -4.461058258660748344e-01 -3.414672016378383357e-01 -5.532195819010137239e-01 -7.526749465690495411e-01 -3.569713146987064101e-01 -9.776682457101967816e-02 4.842210417643779130e-01 -8.694662909610109125e-01 -3.232388229870342689e-01 -9.162419176238447704e-01 3.645848439104852901e-01
1.589264477560035944e+09 8.178885723647446593e-01 -4.586254561869894664e-01 -3.474492399882693205e-01 -5.635118828838487914e-01 -7.604845343366559707e-01 -3.226726381220385020e-01 -1.162438875952217510e-01 4.597020386338986353e-01 -8.804325043205550871e-01 -3.350790474067125713e-01 -9.111906795142609150e-01 3.708529482659995713e-01
1.589264477560053110e+09 8.081786160895909621e-01 -4.714047504026722679e-01 -3.530225007408141491e-01 -5.732414064506726747e-01 -7.671180142713138750e-01 -2.879656969502932817e-01 -1.350615222383803049e-01 4.350948331462776708e-01 -8.901970971485143602e-01 -3.467504296887828352e-01 -9.059489345017467388e-01 3.772793000933707397e-01
1.589264477560069084e+09 7.981681551403250197e-01 -4.844075639858146376e-01 -3.581576584539403196e-01 -5.823645347615048484e-01 -7.725902452620198035e-01 -2.528949625579067773e-01 -1.542048804002260076e-01 4.104310237198675604e-01 -8.987587162417901565e-01 -3.582517719935583433e-01 -9.005300509977769430e-01 3.838633626476224969e-01
1.589264477560085058e+09 7.878731567092674970e-01 -4.976026954269040514e-01 -3.628325325502722576e-01 -5.908459875246003801e-01 -7.769119806835230735e-01 -2.175058477504957510e-01 -1.736574453754086700e-01 3.857451647482433854e-01 -9.061146505440770271e-01 -3.695817873694436373e-01 -8.949465249710287784e-01 3.906050272529150713e-01
1.589264477560101986e+09 7.773045457949169235e-01 -5.109640123595448058e-01 -3.670332701486110905e-01 -5.986594582712689849e-01 -7.800892420803695604e-01 -1.818450657070530829e-01 -1.934024210914280506e-01 3.610769347605035096e-01 -9.122603526907822058e-01 -3.807390644706971083e-01 -8.892101118298719742e-01 3.975045768700380400e-01
1.589264477560117006e+09 7.664667171432253401e-01 -5.244702555075677619e-01 -3.707556106595071288e-01 -6.057877567948184439e-01 -7.821231381413864536e-01 -1.459609228887945587e-01 -2.134243791325034501e-01 3.364733989833756378e-01 -9.171890135408604650e-01 -3.917220446998593286e-01 -8.833319494917573067e-01 4.045626506704338987e-01
1.589264477560132980e+09 7.553561872174291425e-01 -5.381044966827118747e-01 -3.740061247067803518e-01 -6.122223333133542944e-01 -7.830102332153165978e-01 -1.099035476298398650e-01 -2.337110297083058452e-01 3.119912269296857277e-01 -9.208912146954003619e-01 -4.025290100642077706e-01 -8.773226727324826557e-01 4.117802088034411834e-01
1.589264477560143948e+09 7.439605655385598260e-01 -5.518532266174028811e-01 -3.768032556009804912e-01 -6.179620684330404679e-01 -7.827435704812162331e-01 -7.372506600507144903e-02 -2.542549100563260556e-01 2.876986609156521046e-01 -9.233547106129731397e-01 -4.131580798508797669e-01 -8.711925185901753244e-01 4.191584971293755846e-01
1.589264477560157061e+09 7.322581063159151471e-01 -5.657050470849988022e-01 -3.791778813079416111e-01 -6.230112235055511594e-01 -7.813144601311755588e-01 -3.747973165889493391e-02 -2.750546882177068997e-01 2.636769129861376015e-01 -9.245644403929550448e-01 -4.236072154498491948e-01 -8.649514233666824037e-01 4.266990109450601865e-01
1.589264477560168982e+09 7.202176327244989018e-01 -5.796491945759117970e-01 -3.811736782310732319e-01 -6.273769804703824837e-01 -7.787147272495116290e-01 -1.224111825293777711e-03 -2.961160013944635905e-01 2.400212181046491033e-01 -9.245026387032606596e-01 -4.338742332739534691e-01 -8.586091117597852707e-01 4.344034565084538557e-01
1.589264477560182095e+09 7.077989580943533365e-01 -5.936739033906659468e-01 -3.828471386721186698e-01 -6.310666362971819598e-01 -7.749394269056775197e-01 3.498264839655775699e-02 -3.174516276060997400e-01 2.168413738353457687e-01 -9.231491120696673214e-01 -4.439568263899420497e-01 -8.521751785324976902e-01 4.422737088705344100e-01
1.589264477560194016e+09 6.949539351107670848e-01 -6.077646392084244953e-01 -3.842670577058402426e-01 -6.340845761774182021e-01 -7.699899991888525808e-01 7.107849120677467436e-02 -3.390807849583017397e-01 1.942615371661579327e-01 -9.204817634486196498e-01 -4.538525957646216136e-01 -8.456591626720563193e-01 4.503117645277245895e-01
1.589264477560205936e+09 6.816282632321416513e-01 -6.219022731473716759e-01 -3.855132600226044426e-01 -6.364292167425442681e-01 -7.638777781389727295e-01 1.069980964836044490e-01 -3.610273718748123750e-01 1.724189753560937122e-01 -9.164774596714847510e-01 -4.635590914921780548e-01 -8.390706132081784396e-01 4.585196881147990400e-01
1.589264477560216904e+09 6.677639964624804136e-01 -6.360613568679392982e-01 -3.866745344133259432e-01 -6.380902846529278305e-01 -7.566275972834841657e-01 1.426725908145784483e-01 -3.833171455419388529e-01 1.514616442186569323e-01 -9.111132403031680926e-01 -4.730738634018077371e-01 -8.324191452276384906e-01 4.668995533983036905e-01
1.589264477560226917e+09 6.533026957272612956e-01 -6.502086713463541834e-01 -3.878456802614823618e-01 -6.390467587313167774e-01 -7.482811999448605311e-01 1.780294539486503291e-01 -4.059739256652269423e-01 1.315444025937341499e-01 -9.043678688552572176e-01 -4.823945197589851186e-01 -8.257144844753444568e-01 4.754533795729449230e-01
1.589264477560240030e+09 6.381888260881913855e-01 -6.643022735315187166e-01 -3.891240314771389763e-01 -6.392659161451417216e-01 -7.388999912715086271e-01 2.129927037793877265e-01 -4.290152807580288052e-01 1.128241668074197457e-01 -8.962235193588140580e-01 -4.915187914622619059e-01 -8.189664989142623197e-01 4.841830651176782241e-01
1.589264477560251951e+09 6.223731223430817305e-01 -6.782911776477522636e-01 -3.906056517078811408e-01 -6.387036577730776932e-01 -7.285667943151218351e-01 2.474834626350919109e-01 -4.524481567514636593e-01 9.545420304861879091e-02 -8.866674466586292880e-01 -5.004445983951858468e-01 -8.121852161740696907e-01 4.930903221562522587e-01
1.589264477560266018e+09 6.058155099262265697e-01 -6.921157421574357649e-01 -3.923816606655792238e-01 -6.373061698456210511e-01 -7.173863146655031775e-01 2.814208981517342667e-01 -4.762650671926344503e-01 7.957810828599863606e-02 -8.756933886042502779e-01 -5.091701140392373981e-01 -8.053808266456339293e-01 5.021766147361765853e-01
1.589264477560282946e+09 5.884872970840926421e-01 -7.057087141971117861e-01 -3.945350581544152524e-01 -6.350127251830159913e-01 -7.054842187673696641e-01 3.147234602552063665e-01 -5.004413456615637301e-01 6.532402393414024622e-02 -8.633025146732008492e-01 -5.176938237065533688e-01 -7.985636729758607277e-01 5.114431050268428702e-01
1.589264477560301065e+09 5.703725328722393240e-01 -7.189968030326522319e-01 -3.971382268300565621e-01 -6.317592491552619371e-01 -6.930049140019755027e-01 3.473102946718846229e-01 -5.249337341756579178e-01 5.279949546049945985e-02 -8.495038483697960885e-01 -5.260145731086334209e-01 -7.917442279906821145e-01 5.208906101175349024e-01
1.589264477560316086e+09 5.514685005843401600e-01 -7.319025975534745321e-01 -4.002512720700910909e-01 -6.274822201640802843e-01 -6.801082562073955673e-01 3.791026559200940671e-01 -5.496804132108352725e-01 4.208738352834621999e-02 -8.343141469924144626e-01 -5.341316043843027384e-01 -7.849330638884731703e-01 5.305195716295073582e-01
1.589264477560329914e+09 5.317853065848072713e-01 -7.443465419499444291e-01 -4.039215436488278743e-01 -6.221224733644242777e-01 -6.669655937657033018e-01 4.100250301833672228e-01 -5.746024854316067465e-01 3.324338333228578357e-02 -8.177572143319921105e-01 -5.420445781188314438e-01 -7.781408161444279825e-01 5.403300390096240635e-01
1.589264477560347080e+09 5.113449076249401148e-01 -7.562487961630979250e-01 -4.081839585087786437e-01 -6.156285116958055692e-01 -6.537555634398403148e-01 4.400059083328786147e-01 -5.996064721666382047e-01 2.629490226115791668e-02 -7.998628989036380421e-01 -5.497535820846988219e-01 -7.713781455720194469e-01 5.503216653806993763e-01
1.589264477560369968e+09 4.901798319699901541e-01 -7.675308782338601254e-01 -4.130618398296085347e-01 -6.079591153350502042e-01 -6.406599477836818490e-01 4.689781934120288986e-01 -6.245874212979883877e-01 2.124105861545396573e-02 -7.806659791337142718e-01 -5.572591289171054951e-01 -7.646557013787688151e-01 5.604937135407650484e-01
1.589264477560384989e+09 4.683317429136191201e-01 -7.781169888575552029e-01 -4.185681909399381895e-01 -5.990851646363388738e-01 -6.278598699899383684e-01 4.968792103500060953e-01 -6.494323248242089841e-01 1.805368691905854736e-02 -7.602050514523227553e-01 -5.645621454792214555e-01 -7.579840871869524266e-01 5.708450693033780832e-01
1.589264477560405970e+09 4.458500374723053938e-01 -7.879350394504619493e-01 -4.247070966302923245e-01 -5.889907026960851111e-01 -6.155324409543613262e-01 5.236504242140122001e-01 -6.740235134320967658e-01 1.667896996556013367e-02 -7.385215742909051473e-01 -5.716639560107643625e-01 -7.513738313317666062e-01 5.813742600442589614e-01
1.589264477560422897e+09 4.227905648417756845e-01 -7.969174090372498354e-01 -4.314751229099061391e-01 -5.776733274921188599e-01 -6.038479112706778285e-01 5.492369500201167432e-01 -6.982418387793094539e-01 1.703946959007185402e-02 -7.156591307639097455e-01 -5.785662606826411647e-01 -7.448353622991072953e-01 5.920794768043236012e-01
1.589264477560439110e+09 3.992144972658480673e-01 -8.050014286400867247e-01 -4.388627180522234328e-01 -5.651440177139790411e-01 -5.929673804577820784e-01 5.735868944321471652e-01 -7.219695456545757173e-01 1.903643594536256686e-02 -6.916629161993583796e-01 -5.852711117385737127e-01 -7.383789894790173669e-01 6.029585978754302689e-01
1.589264477560550928e+09 3.751873932823880375e-01 -8.121296429042277332e-01 -4.468555284140589556e-01 -5.514265182801052489e-01 -5.830410291566273662e-01 5.966506128100758088e-01 -7.450927561705305013e-01 2.255220002605892379e-02 -6.665794651560787987e-01 -5.917808886481745745e-01 -7.320148891280222614e-01 6.140092125308833637e-01
