1.589264476931922913e+09 9.253819466269549432e-01 -2.935688459897152214e-01 -2.397615184045083503e-01 -2.492452340742652983e-01 5.260354553528551191e-03 -9.684261161434695175e-01 2.855609679326584494e-01 9.559234601549893018e-01 -6.830279862614295483e-02 6.202789671793445397e-02 -8.713678712701161677e-01 2.794661767744144321e-01
1.589264476931967974e+09 9.263797834154532396e-01 -2.965754126149071079e-01 -2.320851604430949622e-01 -2.520970035304329060e-01 -3.054954117062728611e-02 -9.672196373175752093e-01 2.797634678584253742e-01 9.545206915011413829e-01 -1.030662501962180955e-01 5.223144164589422350e-02 -8.812832018156970815e-01 2.774581100391896316e-01
1.589264476931992054e+09 9.273204614556702641e-01 -2.987821018192979849e-01 -2.254019023540488886e-01 -2.557751624684102554e-01 -6.624753225889365438e-02 -9.644637531818276432e-01 2.732321875032495684e-01 9.520191807083582258e-01 -1.378537328371802761e-01 4.187737525277628048e-02 -8.907023320607151406e-01 2.759121674470614294e-01
1.589264476932012081e+09 9.281631944963953940e-01 -3.003285283324250154e-01 -2.198086887280509272e-01 -2.603014991208862372e-01 -1.017294128301383799e-01 -9.601532464089437280e-01 2.660004026251317488e-01 9.483954354421438859e-01 -1.725974629528019000e-01 3.099543187864309615e-02 -8.995741453799347420e-01 2.748208924968265077e-01
1.589264476932032108e+09 9.288681703095191811e-01 -3.013690574253622412e-01 -2.153615880448816466e-01 -2.656720416395592643e-01 -1.368949706859974580e-01 -9.542945738943887646e-01 2.581129379547958957e-01 9.436294074258516629e-01 -2.072227137272696640e-01 1.962219110115437370e-02 -9.078535005437692318e-01 2.741741184340931170e-01
1.589264476932050943e+09 9.293981341292257836e-01 -3.020616683065159846e-01 -2.120798364240540357e-01 -2.718623440098344446e-01 -1.716508688942743610e-01 -9.469038206679688541e-01 2.496196595946529317e-01 9.377071654193863681e-01 -2.416511904582433201e-01 7.799885576793813557e-03 -9.155022643726119513e-01 2.739592964601507141e-01
1.589264476932071924e+09 9.297192375222534944e-01 -3.025595689746909400e-01 -2.099520107416348313e-01 -2.788331452334082972e-01 -2.059119037477317726e-01 -9.380044592115072133e-01 2.405706066405717547e-01 9.306223699484184042e-01 -2.758038943884364991e-01 -4.424942095064610982e-03 -9.224900533341778841e-01 2.741618755383981032e-01
1.589264476932090044e+09 9.298012478939644554e-01 -3.030056528841336694e-01 -2.089430878471165709e-01 -2.865357899557798849e-01 -2.396009747916626187e-01 -9.276252553961052971e-01 2.310127286087323428e-01 9.223767926025342456e-01 -3.096032494664481272e-01 -1.700285601649717190e-02 -9.287946630607472054e-01 2.747657148207739430e-01
1.589264476932109118e+09 9.296172895116198154e-01 -3.035294914778249864e-01 -2.090012992298824757e-01 -2.949169090466051135e-01 -2.726482091032298438e-01 -9.157985429853396919e-01 2.209880361002820315e-01 9.129801762415141742e-01 -3.429744685626339717e-01 -2.988294121686859914e-02 -9.344021859085952508e-01 2.757535087340025060e-01
1.589264476932127953e+09 9.291433173532094303e-01 -3.042462861447070566e-01 -2.100640222129987189e-01 -3.039220516723659116e-01 -3.049896787758252792e-01 -9.025589636438544616e-01 2.105328540437799989e-01 9.024497180136065166e-01 -3.758462773861309669e-01 -4.301414676938778575e-02 -9.393068357253751000e-01 2.771072054468365908e-01
1.589264476932147980e+09 9.283575179483111173e-01 -3.052570981898487523e-01 -2.120623095150128978e-01 -3.134981436231199514e-01 -3.365660793121351690e-01 -8.879426719713976457e-01 1.996778233085636511e-01 8.908093952106150848e-01 -4.081511836108309699e-01 -5.634650029182203257e-02 -9.435105159781181916e-01 2.788084008259402169e-01
1.589264476932164907e+09 9.272618819368557697e-01 -3.066283902095214842e-01 -2.148591000346848079e-01 -3.235296947632557707e-01 -3.673493624341399588e-01 -8.719994168759606090e-01 1.884514240377655192e-01 8.780851192055714183e-01 -4.398324506076667917e-01 -6.983443915820662651e-02 -9.470086659058725154e-01 2.808468060976219149e-01
1.589264476932183981e+09 9.258365390219258639e-01 -3.084344345669541299e-01 -2.183916271942263621e-01 -3.339790479864931938e-01 -3.972859010291968085e-01 -8.547642416806197074e-01 1.768748111734951278e-01 8.643101947505725802e-01 -4.708324424062531599e-01 -8.343070672619044836e-02 -9.498173641965829139e-01 2.832067565130351183e-01
1.589264476932200909e+09 9.240628217685811219e-01 -3.107395113309237011e-01 -2.225957271965995632e-01 -3.448105678826403064e-01 -4.263239322404892007e-01 -8.362736260231143914e-01 1.649653721621822389e-01 8.495227255521529131e-01 -5.010963631453575484e-01 -9.709185878173662299e-02 -9.519578987868769770e-01 2.858727797714368246e-01
1.589264476932219982e+09 9.219232954539141600e-01 -3.135982071444530783e-01 -2.274062488553395267e-01 -3.559899510522665511e-01 -4.544136568953306976e-01 -8.165656028043352110e-01 1.527370039047253047e-01 8.337651907074997704e-01 -5.305723464357752217e-01 -1.107786747668395300e-01 -9.534557945027227754e-01 2.888298087610516318e-01
1.589264476932239056e+09 9.194019102422802403e-01 -3.170554907713641901e-01 -2.327572629540322069e-01 -3.674833444429217444e-01 -4.815075795276145265e-01 -7.956798620807823408e-01 1.402002828605822815e-01 8.170840023902681271e-01 -5.592116004907112803e-01 -1.244563681168104341e-01 -9.543398292937348426e-01 2.920633564943016514e-01
1.589264476932256937e+09 9.164841948177688824e-01 -3.211466982792776648e-01 -2.385823109051077306e-01 -3.792565040648111507e-01 -5.075609707791842728e-01 -7.736577832430949764e-01 1.273625733484820277e-01 7.995290235252906497e-01 -5.869685816552855373e-01 -1.380946159037459153e-01 -9.546410820337920544e-01 2.955596528088706987e-01
1.589264476932274103e+09 9.131574597481110223e-01 -3.258975260471244639e-01 -2.448147390702158366e-01 -3.912740588045996448e-01 -5.325323904250083284e-01 -7.505423802565653890e-01 1.142281267079522794e-01 7.811530298209333756e-01 -6.138011725877019487e-01 -1.516674351205002935e-01 -9.543920470119331423e-01 2.993057446253470921e-01
1.589264476932291031e+09 9.094110430882959006e-01 -3.313240343437278135e-01 -2.513880252090998635e-01 -4.034987959225008192e-01 -5.563842888411238974e-01 -7.263781696377159536e-01 1.007981979931381195e-01 7.620110942312170454e-01 -6.396708653280600565e-01 -1.651529370031666055e-01 -9.536258411064133522e-01 3.032895633101042043e-01
1.589264476932308912e+09 9.052365204281884736e-01 -3.374328132526309143e-01 -2.582362075053730721e-01 -4.158911413502194288e-01 -5.790835578902158165e-01 -7.012109468868911177e-01 8.707124067356229735e-02 7.421599085486236813e-01 -6.645429027461919880e-01 -1.785329924702860338e-01 -9.523755226814349939e-01 3.074999627404249591e-01
1.589264476932331085e+09 9.006278375468730335e-01 -3.442213993126339577e-01 -2.652944151959712449e-01 -4.284089014116935767e-01 -6.006019447523236465e-01 -6.750874888911377880e-01 7.304321838778977949e-02 7.216570740671138795e-01 -6.883863421772075109e-01 -1.917928407079519670e-01 -9.506735310389206051e-01 3.119267327810507640e-01
1.589264476932348013e+09 8.955813993943627649e-01 -3.516788955086256885e-01 -2.724993793679996723e-01 -4.410071713321185305e-01 -6.209163451327847083e-01 -6.480552196279091293e-01 5.870802518270035186e-02 7.005603807936980898e-01 -7.111740441277407676e-01 -2.049206692224685988e-01 -9.485512457013047793e-01 3.165605937272519821e-01
1.589264476932359934e+09 8.900961436777868885e-01 -3.597867365607837487e-01 -2.797898487224841357e-01 -4.536383453753758954e-01 -6.400089923786420609e-01 -6.201618674071761594e-01 4.405799526036981856e-02 6.789270904945424734e-01 -7.328825958132190177e-01 -2.179071885404310904e-01 -9.460386580849735605e-01 3.213931772292562550e-01
1.589264476932373047e+09 8.841736199173180211e-01 -3.685195439437780607e-01 -2.871068717691246386e-01 -4.662521883938576250e-01 -6.578675561082993895e-01 -5.914551343461493804e-01 2.908448030664784190e-02 6.568132342534478418e-01 -7.534921822517386403e-01 -2.307452196021247959e-01 -9.431641449123773224e-01 3.264169981166705758e-01
1.589264476932385921e+09 8.778180846776839630e-01 -3.778460276794202710e-01 -2.943939364575328677e-01 -4.787959525597295651e-01 -6.744851563402707306e-01 -5.619823931365209857e-01 1.377847462381926250e-02 6.342729330370059371e-01 -7.729864167327549218e-01 -2.434293063509497534e-01 -9.399543293627219409e-01 3.316254212287660375e-01
1.589264476932396889e+09 8.710366102984842263e-01 -3.877299110107687574e-01 -3.015969825289778194e-01 -4.912145475443100429e-01 -6.898602863543259467e-01 -5.317904230976291391e-01 -1.868727296627060303e-03 6.113577526779669924e-01 -7.913521381145730560e-01 -2.559553619766720689e-01 -9.364340165907408808e-01 3.370126257243978296e-01
1.589264476932406902e+09 8.638392050589110971e-01 -3.981308535592118503e-01 -3.086643022616619159e-01 -5.034507672433524705e-01 -7.039966431722787243e-01 -5.009251958832101614e-01 -1.786485684078671296e-02 5.881161026429906347e-01 -8.085791841877624231e-01 -2.683203548965774621e-01 -9.326261925463595892e-01 3.425735671884511668e-01
1.589264476932420015e+09 8.562388356674230927e-01 -4.090054791673159440e-01 -3.155464697145042852e-01 -5.154457523427511401e-01 -7.169027320529175462e-01 -4.694317305777991889e-01 -3.421597631252133731e-02 5.645927657423375212e-01 -8.246600973953263081e-01 -2.805220378965675443e-01 -9.285520749375553162e-01 3.483039372904763176e-01
1.589264476932434082e+09 8.482512423503481003e-01 -4.203085768880882034e-01 -3.221964156980607341e-01 -5.271398236990065822e-01 -7.285911348286521205e-01 -4.373540499710348861e-01 -5.092579379549337648e-02 5.408286778514469484e-01 -8.395897242936127824e-01 -2.925587203524930846e-01 -9.242312035888244903e-01 3.542001216559474419e-01
1.589264476932446957e+09 8.398946507018784091e-01 -4.319942689228474797e-01 -3.285695171245514579e-01 -5.384734401884375687e-01 -7.390776282391451346e-01 -4.047352395757234378e-01 -6.799507548211793095e-02 5.168609207494861968e-01 -8.533647864259716886e-01 -3.044290804591333610e-01 -9.196815573481854633e-01 3.602591573756238064e-01
1.589264476932463884e+09 8.311891936468962516e-01 -4.440172871634203711e-01 -3.346239281759986195e-01 -5.493885181717267363e-01 -7.483799795050203318e-01 -3.716176299417572881e-01 -8.542119658115017444e-02 4.927231020770839742e-01 -8.659833510257860523e-01 -3.161320138805258084e-01 -9.149196879363191703e-01 3.664786905467933842e-01
1.589264476932482004e+09 8.221559251214098918e-01 -4.563343700991808194e-01 -3.403212859890184516e-01 -5.598301719318095060e-01 -7.565163787537161344e-01 -3.380431152657217275e-01 -1.031979347956394621e-01 4.684462740682114879e-01 -8.774441719934066297e-01 -3.276665158512628295e-01 -9.099608643186418711e-01 3.728569329727457471e-01
1.589264476932492971e+09 8.128154582381040827e-01 -4.689056223450578931e-01 -3.456277599175904269e-01 -5.697486713573676198e-01 -7.635036810039965705e-01 -3.040535825907186851e-01 -1.213156325586146195e-01 4.440604089217665695e-01 -8.877459495400733536e-01 -3.390315928157925374e-01 -9.048192213685842811e-01 3.793926178789147619e-01
1.589264476932504892e+09 8.031864216942334878e-01 -4.816955770972191075e-01 -3.505152539537571554e-01 -5.791012103051805804e-01 -7.693558011545527098e-01 -2.696913790971091629e-01 -1.397617995031427141e-01 4.195962613993596824e-01 -8.968866245066839937e-01 -3.502261977124833114e-01 -8.995079059560149304e-01 3.860849563060544387e-01
1.589264476932523012e+09 7.932839354457966730e-01 -4.946737937731854329e-01 -3.549625836069912332e-01 -5.878531557745397818e-01 -7.740825477817034894e-01 -2.349997382383451905e-01 -1.585221290061887556e-01 3.950873920027183628e-01 -9.048628004816563486e-01 -3.612491833623577842e-01 -8.940392158634057340e-01 3.929335955768679667e-01
1.589264476932539940e+09 7.831181480491881119e-01 -5.078150274816205512e-01 -3.589566329003100464e-01 -5.959787343907549939e-01 -7.776889454103598220e-01 -2.000231307796814795e-01 -1.775818536025535188e-01 3.705722633928476006e-01 -9.116692839372474433e-01 -3.720992693732144696e-01 -8.884247291159169668e-01 3.999385806551706279e-01
1.589264476932559013e+09 7.726927846930372601e-01 -5.210990820507659382e-01 -3.624935963743992628e-01 -6.034612427273632340e-01 -7.801749804634855456e-01 -1.648075510743832461e-01 -1.969273708551884106e-01 3.460964416030785085e-01 -9.172986777039527917e-01 -3.827750211702832250e-01 -8.826754245495418427e-01 4.071003167853475824e-01
1.589264476932576895e+09 7.620038292482087527e-01 -5.345103187817406010e-01 -3.655802012830917658e-01 -6.102926536827809612e-01 -7.815358761814158450e-01 -1.294007403710086823e-01 -2.165480119009824400e-01 3.217147707250083699e-01 -9.217410510760370990e-01 -3.932748394800383851e-01 -8.768017937092648095e-01 4.144195325932051310e-01
1.589264476932599068e+09 7.510385149871677823e-01 -5.480367908286268852e-01 -3.682347419071249073e-01 -6.164724960925551667e-01 -7.817630054919278981e-01 -9.385235911809572396e-02 -2.364377528173103871e-01 2.974933267950470306e-01 -9.249837349676945930e-01 -4.035969584032796931e-01 -8.708139438690114531e-01 4.218972434095329960e-01
1.589264476932615042e+09 7.397748788022748823e-01 -5.616689687804649056e-01 -3.704876495180992602e-01 -6.220058901857039579e-01 -7.808455607539318555e-01 -5.821411625677396645e-02 -2.565965737514229184e-01 2.735108409268964258e-01 -9.270113368423079647e-01 -4.137394514325775097e-01 -8.647216926950039850e-01 4.295347138422676014e-01
1.589264476932634115e+09 7.281816750453909970e-01 -5.753982887895793263e-01 -3.723818707045090659e-01 -6.269011607065140268e-01 -7.787726790728718429e-01 -2.253995432286493017e-02 -2.770313758945786575e-01 2.498598085558136894e-01 -9.278058488919324054e-01 -4.237002453810604918e-01 -8.585346550551881117e-01 4.373334184133271796e-01
1.589264476932651997e+09 7.162187707473266496e-01 -5.892155264600198450e-01 -3.739729081777279363e-01 -6.311670818251080561e-01 -7.755360381986642349e-01 1.311368681518779167e-02 -2.977562554341611767e-01 2.266471203799296785e-01 -9.273469122032934608e-01 -4.334771428451042463e-01 -8.522623223406514681e-01 4.452949987917991792e-01
1.589264476932670116e+09 7.038381514390076310e-01 -6.031090218698748062e-01 -3.753283423368937721e-01 -6.348098649587966547e-01 -7.711329067809714610e-01 4.868753369101291167e-02 -3.187919263939344439e-01 2.039939905009896248e-01 -9.256123162021976380e-01 -4.430678541044779095e-01 -8.459141342162781463e-01 4.534212161716053013e-01
1.589264476932687998e+09 6.909856670828874448e-01 -6.170628187729246816e-01 -3.765266070509581953e-01 -6.378300665430237659e-01 -7.655695786568655903e-01 8.411912360016937651e-02 -3.401640993802442225e-01 1.820348819969034859e-01 -9.225788246154750238e-01 -4.524700388199744960e-01 -8.394995419660654656e-01 4.617138980457634045e-01
1.589264476932706118e+09 6.776034643624185838e-01 -6.310548765565193730e-01 -3.776549855378075748e-01 -6.402197726604069716e-01 -7.588649487962693119e-01 1.193425016055965071e-01 -3.619007988240648399e-01 1.609152963565885497e-01 -9.182233277414845185e-01 -4.616813569212376844e-01 -8.330280620049048679e-01 4.701748796540783926e-01
1.589264476932723999e+09 6.636330549090103670e-01 -6.450555245535150029e-01 -3.788067302971281358e-01 -6.419603841788869003e-01 -7.510539566779275145e-01 1.542881065076471547e-01 -3.840286890209421156e-01 1.407882265617854678e-01 -9.125243238786100441e-01 -4.706995273942183866e-01 -8.265093180044127408e-01 4.788059411069188753e-01
1.589264476932743073e+09 6.490186314819585967e-01 -6.590263925814450197e-01 -3.800776632658776633e-01 -6.430214556896551859e-01 -7.421904386387898622e-01 1.888829288800520922e-01 -4.065688427922631853e-01 1.218095522080137744e-01 -9.054635329272591182e-01 -4.795223923752227058e-01 -8.199530700984135612e-01 4.876087424081089750e-01
1.589264476932761908e+09 6.337103648502939723e-01 -6.729199610125730091e-01 -3.815624454731122439e-01 -6.433607807977653747e-01 -7.323490545144055730e-01 2.230510448070919804e-01 -4.295323964885934265e-01 1.041325537724865774e-01 -8.970274979125536507e-01 -4.881479832268298402e-01 -8.133692302016423126e-01 4.965847592586005166e-01
1.589264476932780027e+09 6.176672780884113756e-01 -6.866798158929581231e-01 -3.833509674793366684e-01 -6.429258102478475623e-01 -7.216259812021009745e-01 2.567145229192208111e-01 -4.529166993165755772e-01 8.790207067624972170e-02 -8.872089324678131828e-01 -4.965745847294969484e-01 -8.067678633025578971e-01 5.057352229629504814e-01
1.589264476932797909e+09 6.008594195131681248e-01 -7.002415737880220981e-01 -3.855252216969077272e-01 -6.416562357781839809e-01 -7.101382595776278839e-01 2.897946305186113736e-01 -4.767024580345667895e-01 7.324882900033517774e-02 -8.760076346434158001e-01 -5.048007927913926718e-01 -8.001591755898687097e-01 5.150610683114428268e-01
1.589264476932817936e+09 5.832692290711743999e-01 -7.135343560029971943e-01 -3.881568361698442549e-01 -6.394873877338151935e-01 -6.980218628728097618e-01 3.222132219312898727e-01 -5.008521615986495368e-01 6.028434356342837752e-02 -8.634308950592151088e-01 -5.128255624391576672e-01 -7.935534914871978929e-01 5.245628920027767261e-01
1.589264476932836056e+09 5.648920648295273628e-01 -7.264826342521760738e-01 -3.913054273402420957e-01 -6.363540329541578222e-01 -6.854286883692194410e-01 3.538941344665366695e-01 -5.253099087857052707e-01 4.909679837959798898e-02 -8.494933810925767714e-01 -5.206482432649671699e-01 -7.869612224587940741e-01 5.342409237024317026e-01
1.589264476932857037e+09 5.457358438306146864e-01 -7.390081728349414680e-01 -3.950181128567722411e-01 -6.321941541464484171e-01 -6.725228472670605750e-01 3.847643069117140380e-01 -5.500026733181631045e-01 3.974846794809518136e-02 -8.342164701312986264e-01 -5.282686009097057322e-01 -7.803928309993041212e-01 5.440950105107427159e-01
1.589264476932874918e+09 5.258201309371964838e-01 -7.510318844470189603e-01 -3.993298119204558017e-01 -6.269523025061278787e-01 -6.594766627789793167e-01 4.147545565012571989e-01 -5.748425877765258596e-01 3.227444976452936709e-02 -8.176272742334703691e-01 -5.356868253443041183e-01 -7.738587931685899646e-01 5.541246136778150699e-01
1.589264476932893991e+09 5.051749239208611630e-01 -7.624754888731332114e-01 -4.042640539950420053e-01 -6.205823001619393819e-01 -6.464666843824192766e-01 4.437999946098554194e-01 -5.997298603603172795e-01 2.668248791706768000e-02 -7.997575506554599478e-01 -5.429035281765119958e-01 -7.673695623961439560e-01 5.643288151672712916e-01
1.589264476932912111e+09 4.838392779161312940e-01 -7.732628715080634985e-01 -4.098342164046070435e-01 -6.130491946287505156e-01 -6.336699893828894314e-01 4.718400470783701839e-01 -6.245560331574180335e-01 2.295378855786946171e-02 -7.806426105697671369e-01 -5.499197317391686379e-01 -7.609355364150073298e-01 5.747063312990313699e-01
1.589264476932929993e+09 4.618599586822587089e-01 -7.833211535788313640e-01 -4.160448884017550752e-01 -6.043304739112863588e-01 -6.212608963678549756e-01 4.988181807560335135e-01 -6.492072529730301689e-01 2.104446015286883659e-02 -7.603203757520620165e-01 -5.567368520526536635e-01 -7.545670285566329349e-01 5.852555313688201366e-01
1.589264476932948112e+09 4.392902077996354571e-01 -7.925814946172536901e-01 -4.228932347116832191e-01 -5.944166201935893179e-01 -6.094081497172439965e-01 5.246814168638193054e-01 -6.735673651649405347e-01 2.088735856822156872e-02 -7.388306458427889023e-01 -5.633566772820390867e-01 -7.482742442086737222e-01 5.959744596223917057e-01
1.589264476932966948e+09 4.161886514471126453e-01 -8.009796243808348093e-01 -4.303703614059035121e-01 -5.833110980082781838e-01 -5.982726304750305424e-01 5.493796711485184892e-01 -6.975207307275130830e-01 2.239422352500017310e-02 -7.162145833182531618e-01 -5.697813438562179256e-01 -7.420672625499266095e-01 6.068608585642337738e-01
1.589264476932980061e+09 3.926183929410227980e-01 -8.084561504719911529e-01 -4.384625987831748395e-01 -5.710298951762011743e-01 -5.880055676830028277e-01 5.728650030288429118e-01 -7.209546842820212520e-01 2.545791489106581651e-02 -6.925144317491734869e-01 -5.760133116623150640e-01 -7.359560234192715766e-01 6.179121923015538087e-01
