1.592830854535531998e+09 2.367908070650918961e-01 -9.710820480191216797e-01 3.049223122449313053e-02 -9.477680891602805469e-01 -2.377813471066599071e-01 -2.125927681946261083e-01 2.136955041564874147e-01 2.144044913076080527e-02 -9.766650106304667345e-01 -5.905992923372288539e-01 -2.878188607516458108e-01 3.488467558116297718e-01
1.592830854535593033e+09 2.223766345590957316e-01 -9.740785392013513455e-01 4.146852216267510327e-02 -9.514211796975438062e-01 -2.261011377066842187e-01 -2.089880841144493018e-01 2.129468873312179711e-01 7.020036274076298446e-03 -9.770385594295808440e-01 -5.938062161583974596e-01 -3.035507521556771171e-01 3.527917040057229059e-01
1.592830854535613060e+09 2.108032983779077330e-01 -9.760207902582199724e-01 5.427147352821349441e-02 -9.548660497373964162e-01 -2.174839650371976352e-01 -2.023154886874889147e-01 2.092672980188566567e-01 -9.173215416631640834e-03 -9.778154500951065087e-01 -5.962059809727974224e-01 -3.192225829632035494e-01 3.574793720689325438e-01
1.592830854535625935e+09 2.028014701243694706e-01 -9.768678277013009836e-01 6.782932540388826592e-02 -9.580503790811154552e-01 -2.122659889467500005e-01 -1.925684969969597982e-01 2.025118278220526535e-01 -2.593073676982242393e-02 -9.789364437132679342e-01 -5.978045750110776435e-01 -3.347777985644894150e-01 3.628477190001345165e-01
1.592830854535640001e+09 1.988538873173274768e-01 -9.766803550234453013e-01 8.094826797933939166e-02 -9.608639867130291945e-01 -2.105539424365666101e-01 -1.800206691696815409e-01 1.928666277096727499e-01 -4.198246571061573645e-02 -9.803264460574621086e-01 -5.986122495058450177e-01 -3.501672717701162507e-01 3.688353028688393098e-01
1.592830854535654068e+09 1.991130699908363610e-01 -9.756069413010005631e-01 9.243964486195990760e-02 -9.631524317218724818e-01 -2.122259276776029546e-01 -1.652197139211466215e-01 1.808075888532532927e-01 -5.613606430306859740e-02 -9.819151503341195797e-01 -5.986426651024464585e-01 -3.653488142369460401e-01 3.753819987906897304e-01
1.592830854535664082e+09 2.033731803371293667e-01 -9.738516123292595417e-01 1.012541021665733093e-01 -9.647509131290930018e-01 -2.169588511083884175e-01 -1.489447465775101953e-01 1.670180550665442687e-01 -6.739362070061630239e-02 -9.836478402048283165e-01 -5.979121360918664418e-01 -3.802866180742726643e-01 3.824295322674424180e-01
1.592830854535675049e+09 2.111033748815205335e-01 -9.716340115927343257e-01 1.065960560941199009e-01 -9.655275747630194250e-01 -2.242723985579641865e-01 -1.321302335435890207e-01 1.522887819019247135e-01 -7.502829324798399036e-02 -9.854840873911353549e-01 -5.964389777080157939e-01 -3.949506662411976787e-01 3.899218536587057415e-01
1.592830854535686016e+09 2.215321131877317773e-01 -9.691544205819480062e-01 1.079964742574825859e-01 -9.654212540689385280e-01 -2.335793576889296230e-01 -1.157691273860825681e-01 1.374239085813714345e-01 -7.861551212029899149e-02 -9.873876011969484612e-01 -5.942429559638562342e-01 -4.093161417039490324e-01 3.978053799742853336e-01
1.592830854535696983e+09 2.337589345157019272e-01 -9.665720626697792417e-01 1.053338253409495662e-01 -9.644615360483319577e-01 -2.442348095581390877e-01 -1.008132346692522524e-01 1.231694429259487938e-01 -7.802442860575151129e-02 -9.893136415049640364e-01 -5.913448371720405605e-01 -4.233628584925652194e-01 4.060291284353501062e-01
1.592830854535717964e+09 2.468669221228348698e-01 -9.639989338849948020e-01 9.880680538696362536e-02 -9.627664490642902084e-01 -2.555800898478102212e-01 -8.808851928945624077e-02 1.101702909061439972e-01 -7.338173548717483174e-02 -9.912000970017612600e-01 -5.877660304586751483e-01 -4.370747311072614716e-01 4.145447655647341856e-01
1.592830854535732031e+09 2.598790771115839227e-01 -9.612566097152493994e-01 9.191627776929306437e-02 -9.607388042851661147e-01 -2.669650348863503164e-01 -7.556867796862185016e-02 9.717932356125617843e-02 -6.866881647408626388e-02 -9.928951491038617849e-01 -5.838507446990097716e-01 -4.506137872706262315e-01 4.231879061651041551e-01
1.592830854535742998e+09 2.727853885786698518e-01 -9.583401759735353798e-01 8.468911059624543991e-02 -9.583840024606841146e-01 -2.783873316703648904e-01 -6.325031536664388332e-02 8.419169400423455463e-02 -6.391092689981764385e-02 -9.943978864022481323e-01 -5.796095443379057910e-01 -4.639834853400387482e-01 4.319402073963153343e-01
1.592830854535753012e+09 2.855768808512943457e-01 -9.552452662175913156e-01 7.715136455510475388e-02 -9.557070935759385266e-01 -2.898444250763557162e-01 -5.112891101788945292e-02 7.120254329462877285e-02 -5.913287144339896689e-02 -9.957075402652074692e-01 -5.750518072538002290e-01 -4.771873031108940788e-01 4.407847318469698128e-01
1.592830854535763025e+09 2.982454700090682032e-01 -9.519681495764120704e-01 6.932739986266504839e-02 -9.527127310408415317e-01 -3.013334601585449524e-01 -3.919952681686353357e-02 5.820736651664166345e-02 -5.435801516031381342e-02 -9.968235114947796571e-01 -5.701857933152714164e-01 -4.902286474843240427e-01 4.497057535987420418e-01
1.592830854535773039e+09 3.107838952227234830e-01 -9.485057571510223662e-01 6.123892293421567823e-02 -9.494051328032787618e-01 -3.128513528447345315e-01 -2.745778270535606524e-02 4.520254513485767733e-02 -4.960711111039434879e-02 -9.977453927923529697e-01 -5.650187258819714398e-01 -5.031107950788825667e-01 4.586885744977513557e-01
1.592830854535783052e+09 3.231857325050445096e-01 -9.448556175448147298e-01 5.290416675244371397e-02 -9.457880587368968639e-01 -3.243949943189026741e-01 -1.590096263179051339e-02 3.218596106290615155e-02 -4.489716494046909478e-02 -9.984729905653532134e-01 -5.595568794964222992e-01 -5.158368562366631993e-01 4.677193543799698094e-01
1.592830854535794020e+09 3.354454909974627919e-01 -9.410156899224410010e-01 4.433734825008293912e-02 -9.418648069397469458e-01 -3.359615716723199363e-01 -4.529106855026361969e-03 1.915760618574942342e-02 -4.024051951265142368e-02 -9.990063518878837812e-01 -5.538056684092300674e-01 -5.284097558904836678e-01 4.767849569047674652e-01
1.592830854535804033e+09 3.475587999146083629e-01 -9.369840973506656789e-01 3.554839622910394015e-02 -9.376382191018479695e-01 -3.475489896462899964e-01 6.653936913167180812e-03 6.120176541560782071e-03 -3.564416930713670134e-02 -9.993458065310820704e-01 -5.477697324654317024e-01 -5.408322262002925873e-01 4.858728110242248599e-01
1.592830854535815001e+09 3.595226965913712602e-01 -9.327587644206974948e-01 2.654288214622600381e-02 -9.331106825307775576e-01 -3.591563848806536008e-01 1.763945428557642248e-02 -6.920309518610721564e-03 -3.110923110443990572e-02 -9.994920357131474864e-01 -5.414530219105215814e-01 -5.531068090607925702e-01 4.949707870177452729e-01
1.592830854535825014e+09 3.713359882737840012e-01 -9.283369709444545537e-01 1.732220398773770889e-02 -9.282841329647415485e-01 -3.707846851232891594e-01 2.841286266830969978e-02 -1.995390239549091338e-02 -2.663064561642357331e-02 -9.994461740839264419e-01 -5.348588814346176834e-01 -5.652358664223133822e-01 5.040670864146269414e-01
1.592830854535834074e+09 3.829996380511817566e-01 -9.237148505062043879e-01 7.884083177513073748e-03 -9.231600698073006983e-01 -3.824371381598719033e-01 3.895286729566692363e-02 -3.296617521625150316e-02 -2.219720493009945048e-02 -9.992099478000892043e-01 -5.279901329763245776e-01 -5.772215963492465240e-01 5.131501451807226610e-01
1.592830854535845041e+09 3.945170946234825560e-01 -9.188868877493860943e-01 -1.776550781453157396e-03 -9.177396052898492140e-01 -3.941196982356432454e-01 4.923093891207393907e-02 -4.593783728045117837e-02 -1.779203606061560000e-02 -9.987858443913625317e-01 -5.208491583043907136e-01 -5.890660538742954477e-01 5.222085495923999288e-01
1.592830854535855055e+09 4.058945731229308129e-01 -9.138454440319646599e-01 -1.166646870140347972e-02 -9.120235412693749044e-01 -4.058412611872894149e-01 5.921094400080174902e-02 -5.884438512019523476e-02 -1.339330683863287907e-02 -9.981773199534773600e-01 -5.134379828114277178e-01 -6.007711762192887717e-01 5.312309645969881533e-01
1.592830854535865068e+09 4.171412323263525845e-01 -9.085803606393181298e-01 -2.179282254238763122e-02 -9.060124938457485566e-01 -4.176136727705824780e-01 6.884901097008758186e-02 -7.165583916834686318e-02 -8.975191889308594198e-03 -9.973890369566854597e-01 -5.057583624099057928e-01 -6.123388124334185889e-01 5.402060749985542198e-01
1.592830854535875082e+09 4.282691889933965546e-01 -9.030787009707792468e-01 -3.216159468144847572e-02 -8.997070850513702034e-01 -4.294514327076358051e-01 7.809374529891829897e-02 -8.433664021539985511e-02 -4.509130481588676138e-03 -9.964271188888992326e-01 -4.978118753006155472e-01 -6.237707576371022133e-01 5.491225404023205581e-01
1.592830854535886049e+09 4.392933074484974276e-01 -8.973247038095719663e-01 -4.277584043136414826e-02 -8.931082151461852137e-01 -4.413710232452389137e-01 8.688694308659364318e-02 -9.684581612829352981e-02 3.460176780030119192e-05 -9.952993977185542462e-01 -4.896000191393656276e-01 -6.350687915874514422e-01 5.579689651637100845e-01
1.592830854535896063e+09 4.502307516166153545e-01 -8.912999982917773067e-01 -5.363385035964764180e-02 -8.862174049831836875e-01 -4.533898633258819921e-01 9.516484613184011954e-02 -1.091374704307195437e-01 4.685111344449270805e-03 -9.940156269784838905e-01 -4.811243124779845948e-01 -6.462347205887976065e-01 5.667338844413137844e-01
1.592830854535906076e+09 4.611002921706381374e-01 -8.849841211358241422e-01 -6.472737024003505368e-02 -8.790371844717843608e-01 -4.655249178426490997e-01 1.028600222856278501e-01 -1.211616892434158599e-01 9.468978815539817392e-03 -9.925876222770598778e-01 -4.723863983188624771e-01 -6.572704213856577216e-01 5.754057670446701689e-01
1.592830854535916090e+09 4.719214686092324529e-01 -8.783553000168976554e-01 -7.604012729155837369e-02 -8.715714648571721845e-01 -4.777911336891681460e-01 1.099036815390157518e-01 -1.328657788607479351e-01 1.440849817279618236e-02 -9.910293055131548234e-01 -4.633881459271488867e-01 -6.681778849492666650e-01 5.839730347725172743e-01
1.592830854535926104e+09 4.827136832998484839e-01 -8.713914501933365253e-01 -8.754682773026503662e-02 -8.638258362271411528e-01 -4.901998645281841482e-01 1.162283204908207690e-01 -1.441958068630972978e-01 1.952021081237353267e-02 -9.893566268291204002e-01 -4.541317463670262455e-01 -6.789592578409641144e-01 5.924240968105846106e-01
1.592830854535936117e+09 4.934953558845675547e-01 -8.640712732680931873e-01 -9.921277636376005238e-02 -8.558077256597159677e-01 -5.027575050824711900e-01 1.217704101392454302e-01 -1.550982802365282465e-01 2.481392842331888587e-02 -9.875873616149755119e-01 -4.446197969555987228e-01 -6.896168787853758086e-01 6.007473965179199737e-01
1.592830854535945892e+09 5.042832349269251724e-01 -8.563753399016026391e-01 -1.109941563355278243e-01 -8.475263776444478259e-01 -5.154645063853231512e-01 1.264728700350500334e-01 -1.655217940181022140e-01 3.029232702925148749e-02 -9.857407950500661764e-01 -4.348553694522933610e-01 -7.001533079561250705e-01 6.089314663906468805e-01
1.592830854535955906e+09 5.150919074830924149e-01 -8.482870601951338907e-01 -1.228389063428694666e-01 -8.389926530203100086e-01 -5.283148575707216077e-01 1.302871614897509744e-01 -1.754185314204858848e-01 3.595107718352864162e-02 -9.838373154548362143e-01 -4.248420591521193668e-01 -7.105713476461648082e-01 6.169649867689844802e-01
1.592830854535965919e+09 5.259335252295573859e-01 -8.397934609765144165e-01 -1.346880711172434020e-01 -8.302186699384886959e-01 -5.412960619388561545e-01 1.331748415284939868e-01 -1.847454824448762911e-01 4.177943715811929803e-02 -9.818979528162361525e-01 -4.145840130253943823e-01 -7.208740534598373495e-01 6.248368433733498817e-01
1.592830854535975933e+09 5.368177885948919315e-01 -8.308856904451838998e-01 -1.464774311015371033e-01 -8.212173329883319939e-01 -5.543896078458948606e-01 1.351083258466802550e-01 -1.934651390379274194e-01 4.776125237200926771e-02 -9.799439306137099903e-01 -4.040859371316172233e-01 -7.310647361415542056e-01 6.325361792428046970e-01
1.592830854535986900e+09 5.477520819302659216e-01 -8.215592848780390867e-01 -1.581391941687127489e-01 -8.120018257118546412e-01 -5.675717669602721172e-01 1.360710453818008703e-01 -2.015457714126001609e-01 5.387611573061713843e-02 -9.779962528441691338e-01 -3.933530862542503059e-01 -7.411469554171165042e-01 6.400524383087335956e-01
1.592830854535996914e+09 5.587416804196244646e-01 -8.118142393016000158e-01 -1.696036025254304691e-01 -8.025851257752576462e-01 -5.808145767195043163e-01 1.360571510636015558e-01 -2.089613759925486036e-01 6.010052717925232213e-02 -9.760753425703528885e-01 -3.823912401952843099e-01 -7.511245078936956698e-01 6.473753995526557725e-01
1.592830854536006927e+09 5.697899986472363398e-01 -8.016549138131181529e-01 -1.808003406010342262e-01 -7.929795856683016231e-01 -5.940869066994768355e-01 1.350708295771610168e-01 -2.156913080864133470e-01 6.640897109460802694e-02 -9.742007557849061694e-01 -3.712066713496823267e-01 -7.610014111220798627e-01 6.544952019501490970e-01
1.592830854536016941e+09 5.808988169246105393e-01 -7.910898367692872357e-01 -1.916597015976902185e-01 -7.831966065171166447e-01 -6.073554974799696415e-01 1.331254304106402053e-01 -2.217197471676569109e-01 7.277482257269682342e-02 -9.723909621716861906e-01 -3.598061069869533113e-01 -7.707818853562615757e-01 6.614023605404020234e-01
1.592830854536026955e+09 5.920684647044054394e-01 -7.801314442792542936e-01 -2.021135060057057675e-01 -7.732464134921863685e-01 -6.205859148633668942e-01 1.302425095571932145e-01 -2.270350708426773778e-01 7.917106065315225594e-02 -9.706631878052603968e-01 -3.481966888206113886e-01 -7.804703341494764191e-01 6.680877740389291608e-01
1.592830854536036968e+09 6.032979687469521846e-01 -7.687957816546501233e-01 -2.120957651071858630e-01 -7.631379323169782403e-01 -6.337433942604688841e-01 1.264508263763977070e-01 -2.316291507002563033e-01 8.557079661185947039e-02 -9.690333222912639322e-01 -3.363859327391569010e-01 -7.900713250501063545e-01 6.745427254978741960e-01
1.592830854536046982e+09 6.145851579421484079e-01 -7.571021979172267713e-01 -2.215431156834135884e-01 -7.528787591678500757e-01 -6.467935540492110169e-01 1.217853744722891401e-01 -2.354966325493910162e-01 9.194762209234179362e-02 -9.675158785504328618e-01 -3.243816904574179927e-01 -7.995895711547614804e-01 6.807588772141986988e-01
