1.584057356651850939e+09 7.561459249620444689e-01 -5.372860824512234457e-01 -3.735866779622792344e-01 -3.089344546874038810e-01 2.101816514407064129e-01 -9.275684213419492785e-01 5.768906682431812483e-01 8.167908785177178110e-01 -7.058183667762844143e-03 6.643862839411797394e-02 -4.229992946725408265e-01 4.079250594038423272e-01
1.584057356651887894e+09 7.659796581460729392e-01 -5.268756865064114780e-01 -3.683438264156730924e-01 -3.145734016696183355e-01 1.924976350804405989e-01 -9.295096748378079976e-01 5.606413635311860988e-01 8.278566733970340596e-01 -1.829180426110692606e-02 6.187967933951071808e-02 -4.316841753707389984e-01 3.992235241290552628e-01
1.584057356651904106e+09 7.746577238219494177e-01 -5.179231343700805290e-01 -3.628512615270342301e-01 -3.202849434562481390e-01 1.734174329638454859e-01 -9.313130242339834330e-01 5.452732949181070543e-01 8.376646232617639409e-01 -3.154382792717520811e-02 5.727020170279904787e-02 -4.405164339921157080e-01 3.906987479434964050e-01
1.584057356651915073e+09 7.824003178636783629e-01 -5.102006088091795011e-01 -3.571345426629262132e-01 -3.258570818243787803e-01 1.533158739251628822e-01 -9.329048210825439114e-01 5.307230021998876612e-01 8.462798484041508251e-01 -4.629809304919678403e-02 5.259082018046037227e-02 -4.495028386859457048e-01 3.823755391317474883e-01
1.584057356651932955e+09 7.894157752220313240e-01 -5.034574555019780684e-01 -3.512169194625042179e-01 -3.311584720541894122e-01 1.324748173942887908e-01 -9.342293558433141243e-01 5.168721316244569985e-01 8.538038495489556068e-01 -6.214649104613000075e-02 4.781925066522558360e-02 -4.586485640503422667e-01 3.742813611057141943e-01
1.584057356651946068e+09 7.958862039378671316e-01 -4.974467985217275179e-01 -3.451258222877820470e-01 -3.361153505864123980e-01 1.111024131253798147e-01 -9.352447407392966428e-01 5.035788138068165720e-01 8.603504731767350755e-01 -7.877462725904763041e-02 4.293036781643660982e-02 -4.679563759354934405e-01 3.664460979563679000e-01
1.584057356651954889e+09 8.019608019014853317e-01 -4.919445253380225203e-01 -3.388944620275123887e-01 -3.406930038702444818e-01 8.935033382543026981e-02 -9.359192246928179637e-01 4.907006720622225093e-01 8.660295041753651724e-01 -9.594659271437787351e-02 3.789644665543823870e-02 -4.774258103611949133e-01 3.589017400870361252e-01
1.584057356651963949e+09 8.077534713041468750e-01 -4.867636151919614296e-01 -3.325590364318750658e-01 -3.448809873691547900e-01 6.732732484972954456e-02 -9.362286772363014320e-01 4.781123658558269485e-01 8.709352527782758813e-01 -1.134916358634971423e-01 3.268758208774753121e-02 -4.870523829751435274e-01 3.516819952337927879e-01
1.584057356651973009e+09 8.133431406039454137e-01 -4.817654815452284134e-01 -3.261517386388025352e-01 -3.486805732445011907e-01 4.510863357521795181e-02 -9.361554727872017923e-01 4.657196514147543542e-01 8.751384074871380037e-01 -1.312934665730632333e-01 2.727228057128865471e-02 -4.968268678139600714e-01 3.448218318608141653e-01
1.584057356651983023e+09 8.187763263461140806e-01 -4.768687559563821732e-01 -3.196897202024793216e-01 -3.520928076858025335e-01 2.274173830317690811e-02 -9.356887668117339629e-01 4.534710381423466274e-01 8.786802622320291078e-01 -1.492816622354955769e-01 2.161820859589017041e-02 -5.067346840354693960e-01 3.383569626850567169e-01
1.584057356651993036e+09 8.240207412097450002e-01 -4.721024227446949939e-01 -3.132237549900983575e-01 -3.550781492263364592e-01 4.686276855783745587e-04 -9.348365036480319468e-01 4.414853635616795002e-01 8.815435798258269839e-01 -1.672470955757228706e-01 1.569307377525074737e-02 -5.167554272002407023e-01 3.323232764746286705e-01
1.584057356652002096e+09 8.290443282649518908e-01 -4.677520180208938338e-01 -3.064205469684784244e-01 -3.575057532846098729e-01 -2.201625341385817988e-02 -9.336513916750757147e-01 4.299710901671171537e-01 8.835854992750432624e-01 -1.854764875697475779e-01 9.471258249061541984e-03 -5.268623669071863524e-01 3.267495284702433556e-01
1.584057356652010918e+09 8.339301660319846654e-01 -4.636072454162616929e-01 -2.993806947262598883e-01 -3.594315697703003853e-01 -4.462157697837144249e-02 -9.321039972788477401e-01 4.187713279011697765e-01 8.849165142385786442e-01 -2.038463590687158433e-01 2.926007507985126620e-03 -5.370258032013925931e-01 3.216709321166860702e-01
1.584057356652019978e+09 8.387378356820396341e-01 -4.594803618295684178e-01 -2.922270355113337770e-01 -3.609352615397147246e-01 -6.727562965436763298e-02 -9.301611295117913070e-01 4.077310145290656274e-01 8.856363740580059929e-01 -2.222692805727417842e-01 -3.966291040798293824e-03 -5.472103761129051280e-01 3.171213628173022436e-01
1.584057356652029037e+09 8.435026427523550918e-01 -4.552160877126323335e-01 -2.850992903406868728e-01 -3.621145524951289163e-01 -8.992077563646774796e-02 -9.277862389596938097e-01 3.967068726096873443e-01 8.858287463747481771e-01 -2.406887817706114263e-01 -1.122511704180440342e-02 -5.573753910815110180e-01 3.131326535959607082e-01
1.584057356652036905e+09 8.482366266862512161e-01 -4.506985908448298828e-01 -2.781463743315367165e-01 -3.630785855053620392e-01 -1.125088786540455743e-01 -9.249409133529666871e-01 3.855756295833014380e-01 8.855577523470762324e-01 -2.590731585465250730e-01 -1.886489855682493486e-02 -5.674753845806492780e-01 3.097338662845594559e-01
1.584057356652045965e+09 8.529312417269366842e-01 -4.458549995632580809e-01 -2.715172488921441252e-01 -3.639406437457407550e-01 -1.349980568240062295e-01 -9.215870727752553115e-01 3.742399029336413996e-01 8.848665686564392008e-01 -2.774088157868012661e-01 -2.689422013202547729e-02 -5.774609297683744868e-01 3.069505646832993984e-01
1.584057356652055025e+09 8.575614144150929263e-01 -4.406552317733076207e-01 -2.653514413236965908e-01 -3.648108005934908027e-01 -1.573508307180187804e-01 -9.176893788561962806e-01 3.626313562102922994e-01 8.837780734386005976e-01 -2.956937888290475103e-01 -3.531521106152252926e-02 -5.872796663615827972e-01 3.048041236930069120e-01
1.584057356652065039e+09 8.620905072300601990e-01 -4.351083355205573322e-01 -2.597704638709199543e-01 -3.657892062519144671e-01 -1.795334430813412263e-01 -9.132173890305302910e-01 3.507110123194039364e-01 8.822972738729016884e-01 -3.139320096839162133e-01 -4.412316174578329031e-02 -5.968775209711587593e-01 3.033111142921184333e-01
1.584057356652074099e+09 8.664755890052051601e-01 -4.292559839908899888e-01 -2.548712499703741918e-01 -3.669607251383429913e-01 -2.015159432412662321e-01 -9.081470976930499095e-01 3.384669556857988759e-01 8.804150300484261393e-01 -3.321287327580286775e-01 -5.330640559716456894e-02 -6.062000649746652758e-01 3.024828081349649200e-01
1.584057356652084112e+09 8.706723807742468013e-01 -4.231641491524021914e-01 -2.507223732027000218e-01 -3.683914745454680006e-01 -2.232725736552976237e-01 -9.024616776120419903e-01 3.259099984118603022e-01 8.781124421353279086e-01 -3.502873281352742452e-01 -6.284648599450079476e-02 -6.151939405571944519e-01 3.023248415993726179e-01
1.584057356652091980e+09 8.746393430560318594e-01 -4.169141779014176041e-01 -2.473632714019272094e-01 -3.701274896076985899e-01 -2.447820707278522689e-01 -8.961514266627451653e-01 3.130681415274348955e-01 8.753652417260573415e-01 -3.684074275693648981e-01 -7.271860443018693387e-02 -6.238082767797324957e-01 3.028370665808033935e-01
1.584057356652101040e+09 8.783405376771431516e-01 -4.105944349048257225e-01 -2.448062705356610913e-01 -3.721954888524294791e-01 -2.660276152442569986e-01 -8.892130375945577203e-01 2.999806963351298594e-01 8.721476470526277058e-01 -3.864842350170232255e-01 -8.289232271883988090e-02 -6.319960184843665951e-01 3.040135984941134684e-01
1.584057356652110100e+09 8.817471881339942197e-01 -4.042934225355936384e-01 -2.430405828408412072e-01 -3.746052268086255688e-01 -2.869963854217783550e-01 -8.816484554658267081e-01 2.866929027493087534e-01 8.684353191548715989e-01 -4.045086850827674385e-01 -9.333247401802101384e-02 -6.397150993427531684e-01 3.058430565890481456e-01
1.584057356652118921e+09 8.848380692235884304e-01 -3.980948375352021951e-01 -2.420373768157685346e-01 -3.773528459474088659e-01 -3.076787794493703321e-01 -8.734635645261468184e-01 2.732515711355903432e-01 8.642073069062343738e-01 -4.224681170356442417e-01 -1.040002256483785747e-01 -6.469294034978867458e-01 3.083089795537392042e-01
1.584057356652127028e+09 8.875990290443399600e-01 -3.920745926442684159e-01 -2.417549950626483035e-01 -3.804245561690487443e-01 -3.280674655403555962e-01 -8.646669274005426287e-01 2.597019848245585294e-01 8.594470618728216049e-01 -4.403471667516402621e-01 -1.148542307593266171e-01 -6.536094757322321591e-01 3.113903904874535944e-01
1.584057356652137041e+09 8.900219554330711658e-01 -3.862995424006480105e-01 -2.421437229901023391e-01 -3.838001961786354777e-01 -3.481563948694453847e-01 -8.552686913172591332e-01 2.460860184524071015e-01 8.541427214211994023e-01 -4.581286754998716848e-01 -1.258518042925967917e-01 -6.597329586406879276e-01 3.150624769226850197e-01
1.584057356652146101e+09 8.921035007319746413e-01 -3.808274787970484243e-01 -2.431496978616354276e-01 -3.874563173056767562e-01 -3.679399004336131318e-01 -8.452797359878035932e-01 2.324412751167477253e-01 8.482868980276062620e-01 -4.757944856833042357e-01 -1.369500623824235763e-01 -6.652847539964685808e-01 3.192973465816991707e-01
1.584057356652154922e+09 8.938438230891292413e-01 -3.757079005167986430e-01 -2.447177835998726181e-01 -3.913685762287076875e-01 -3.874119650720758701e-01 -8.347110919848209631e-01 2.188009544796418460e-01 8.418762041479129765e-01 -4.933260580570797971e-01 -1.481069723453674880e-01 -6.702569225817340826e-01 3.240648181297750008e-01
1.584057356652163982e+09 8.952455220156828597e-01 -3.709830928565717167e-01 -2.467934365432053467e-01 -3.955133613185739527e-01 -4.065657002541149811e-01 -8.235736230709126415e-01 2.051941435405764957e-01 8.349106997113581174e-01 -5.107048925886432666e-01 -1.592822714690409480e-01 -6.746483521041550802e-01 3.293332070262316447e-01
1.584057356652173042e+09 8.963128595528145892e-01 -3.666891552218733974e-01 -2.493237281894579160e-01 -3.998686914850635432e-01 -4.253930430137189411e-01 -8.118779395625531636e-01 1.916462563768628891e-01 8.273933905331491978e-01 -5.279127674802261971e-01 -1.704382259336916783e-01 -6.784642313952103931e-01 3.350700729418241153e-01
1.584057356652182102e+09 8.970512555607582650e-01 -3.628567891278404178e-01 -2.522577960659821983e-01 -4.044145560131179873e-01 -4.438846387405566141e-01 -7.996344756184938785e-01 1.781794376285306125e-01 8.193298349091834298e-01 -5.449318397597159302e-01 -1.815402140429161482e-01 -6.817153764257278814e-01 3.412429006022872358e-01
1.584057356652198076e+09 8.974670047077408785e-01 -3.595117838669182886e-01 -2.555469681234893153e-01 -4.091328709619512782e-01 -4.620298723429301924e-01 -7.868536656736069279e-01 1.648128319352170079e-01 8.107278671788477054e-01 -5.617446538766245334e-01 -1.925571299197055553e-01 -6.844174535352212096e-01 3.478196953512360801e-01
1.584057356652205944e+09 8.975671435631589201e-01 -3.566752304576080723e-01 -2.591447529263316563e-01 -4.140072132197433752e-01 -4.798170108504283826e-01 -7.735461613396883429e-01 1.515626946456087587e-01 8.015974153973260963e-01 -5.783341020292048773e-01 -2.034616130248789734e-01 -6.865901415093158544e-01 3.547694838723453037e-01
1.584057356652215958e+09 8.973594091701060371e-01 -3.543635258175045211e-01 -2.630068108232765378e-01 -4.190224390280732902e-01 -4.972334330210329001e-01 -7.597230474981444548e-01 1.384423583100148902e-01 7.919503803582896850e-01 -5.946833685464557595e-01 -2.142301162925115410e-01 -6.882562724758933825e-01 3.620627156861797591e-01
1.584057356652225018e+09 8.968522093157763608e-01 -3.525883103633893900e-01 -2.670909924274251779e-01 -4.241643184390168075e-01 -5.142659038159442808e-01 -7.453960097547608354e-01 1.254621290170339076e-01 7.818005268986001344e-01 -6.107758923479398305e-01 -2.248428328455751857e-01 -6.894409910471662739e-01 3.696715641264077257e-01
1.584057356652234077e+09 8.960545810487554608e-01 -3.513564103824714513e-01 -2.713574411363165462e-01 -4.294192118735525310e-01 -5.309008784514930301e-01 -7.305774414503333203e-01 1.126291634690025217e-01 7.711633617023609943e-01 -6.265953570319716670e-01 -2.352835062371050889e-01 -6.901709645350205813e-01 3.775701312848404601e-01
1.584057356652244091e+09 8.949761652528639422e-01 -3.506697592295486277e-01 -2.757687142997456986e-01 -4.347737295737355567e-01 -5.471248515475642948e-01 -7.152805051966570904e-01 9.994732567485073438e-02 7.600559960084585231e-01 -6.421257006006482193e-01 -2.455391515740508457e-01 -6.904736691560391382e-01 3.857345659839648833e-01
1.584057356652252913e+09 8.936271473826001843e-01 -3.505254258800477030e-01 -2.802899346530544067e-01 -4.402144597301119733e-01 -5.629247058185580244e-01 -6.995191242892508932e-01 8.741710995334334156e-02 7.484969617012757759e-01 -6.573511600059755988e-01 -2.555997159355561377e-01 -6.903767708466037600e-01 3.941431057365227808e-01
1.584057356652261019e+09 8.920181508704486673e-01 -3.509158144426843817e-01 -2.848889430761724628e-01 -4.457277921419317557e-01 -5.782880273395386572e-01 -6.833079049526712412e-01 7.503568508873524612e-02 7.365059734265015923e-01 -6.722563479954528631e-01 -2.654577046508473370e-01 -6.899076102031044266e-01 4.027760561075389156e-01
1.584057356652270079e+09 8.901601206956644141e-01 -3.518289796298199046e-01 -2.895364032571470791e-01 -4.512997799398720256e-01 -5.932033913698133709e-01 -6.666620173043908970e-01 6.279704097892717385e-02 7.241036568343527380e-01 -6.868263435201409361e-01 -2.751077959837738285e-01 -6.890927924517584735e-01 4.116157220871480282e-01
1.584057356652278900e+09 8.880642235186180233e-01 -3.532490079926149384e-01 -2.942058351798495508e-01 -4.569160037176303035e-01 -6.076606213753070751e-01 -6.495970558733090705e-01 5.069221497487069045e-02 7.113112594782893261e-01 -7.010467829112327909e-01 -2.845464619713719556e-01 -6.879578771346486210e-01 4.206463055087555358e-01
1.584057356652291059e+09 8.857417807185380410e-01 -3.551564248214086894e-01 -2.988735719212957109e-01 -4.625614194723631778e-01 -6.216510229010252520e-01 -6.321288944231280293e-01 3.870957647740012192e-02 6.981503562345369174e-01 -7.149039439871395230e-01 -2.937716089237310535e-01 -6.865271589719791345e-01 4.298537804388217198e-01
1.584057356652299881e+09 8.832042410892720907e-01 -3.575286014731709483e-01 -3.035186449724746605e-01 -4.682201866702896398e-01 -6.351675916161124702e-01 -6.142735445856439824e-01 2.683515459104215267e-02 6.846425563482466670e-01 -7.283848192163606683e-01 -3.027822462235801870e-01 -6.848235281521311002e-01 4.392257569019807906e-01
1.584057356652308941e+09 8.804631904869942849e-01 -3.603401563568153221e-01 -3.081226088906398597e-01 -4.738754873269395151e-01 -6.482051899940546313e-01 -5.960470236468025096e-01 1.505300347099162474e-02 6.708092155396608858e-01 -7.414771768459260670e-01 -3.115781891590944652e-01 -6.828683984909289517e-01 4.487513404134089168e-01
1.584057356652318001e+09 8.775303957634404961e-01 -3.635633416783594640e-01 -3.126693162021010886e-01 -4.795093447364822681e-01 -6.607606896654485418e-01 -5.774652366385486513e-01 3.345598136362820316e-03 6.566711565536320627e-01 -7.541696092216012559e-01 -3.201598003342109866e-01 -6.806816935455058948e-01 4.584209917243516341e-01
1.584057356652327061e+09 8.744178210313112709e-01 -3.671685377782663573e-01 -3.171446662392244931e-01 -4.851025565272399365e-01 -6.728330128258461773e-01 -5.585438628480448031e-01 -8.305667868173336257e-03 6.422483958594167319e-01 -7.664515733215681026e-01 -3.285277720861313200e-01 -6.782818805311988664e-01 4.682263898098001365e-01
1.584057356652335882e+09 8.711375598565945788e-01 -3.711249522344438057e-01 -3.215363460504048199e-01 -4.906348460522233501e-01 -6.844230041168724021e-01 -5.392982472600217347e-01 -1.991983562944032657e-02 6.275598947739511324e-01 -7.783134194973391207e-01 -3.366829489163292721e-01 -6.756860405523611446e-01 4.781603009748622846e-01
1.584057356652344942e+09 8.677017445575540000e-01 -3.754013506904081421e-01 -3.258335596389054234e-01 -4.960851162694721039e-01 -6.955332006152813440e-01 -5.197433255757614168e-01 -3.151571215703539292e-02 6.126233696189719025e-01 -7.897463942518312408e-01 -3.446261860873920391e-01 -6.729099636606006296e-01 4.882164565873348683e-01
1.584057356652354002e+09 8.641223276781317963e-01 -3.799670004133624546e-01 -3.300267892162160877e-01 -5.014319856672277975e-01 -7.061673921359195027e-01 -4.998935669285614614e-01 -4.311109791063685859e-02 5.974551808629730010e-01 -8.007426181032012424e-01 -3.523582406239861853e-01 -6.699682600000570476e-01 4.983894402985031280e-01
1.584057356652363062e+09 8.604106708895045141e-01 -3.847928938944293331e-01 -3.341076270054139097e-01 -5.066547041819056130e-01 -7.163299089672691133e-01 -4.797629336162542724e-01 -5.472191841482296898e-02 5.820703484837980168e-01 -8.112950273549005553e-01 -3.598796920962953338e-01 -6.668744809716478095e-01 5.086745841695458070e-01
1.584057356652371883e+09 8.565769542904058120e-01 -3.898531418516388847e-01 -3.380687050916477143e-01 -5.117343921552338637e-01 -7.260246763737975284e-01 -4.593648674034842005e-01 -6.636138537863880971e-02 5.664827423135498918e-01 -8.213972665777415916e-01 -3.671908895097354408e-01 -6.636412446423105571e-01 5.190678733793779864e-01
1.584057356652379990e+09 8.526294977541271081e-01 -3.951262823352010845e-01 -3.419037302558625147e-01 -5.166553924346374282e-01 -7.352541823138554200e-01 -4.387123124337626856e-01 -7.803938257820840219e-02 5.507054645179406682e-01 -8.310435286233379681e-01 -3.742919182627548746e-01 -6.602803593568260521e-01 5.295658601449092506e-01
1.584057356652389050e+09 8.485740832440532566e-01 -4.005963043044326044e-01 -3.456076191572035050e-01 -5.214065318297831375e-01 -7.440185055312719120e-01 -4.178177739338463370e-01 -8.976220818010199887e-02 5.347514045369787805e-01 -8.402283509131299732e-01 -3.811825816543867318e-01 -6.568029415325046250e-01 5.401655869661403653e-01
1.584057356652398109e+09 8.444132800188622889e-01 -4.062533893143684960e-01 -3.491767409117339516e-01 -5.259822533114548726e-01 -7.523144381626162280e-01 -3.966934024612160381e-01 -1.015326643747221785e-01 5.186339461026189257e-01 -8.489463754353588909e-01 -3.878623925621019763e-01 -6.532195255128707689e-01 5.508645187472807070e-01
1.584057356652406931e+09 8.401457260603371058e-01 -4.120944703169830414e-01 -3.526092833606054855e-01 -5.303836724131356650e-01 -7.601346663614347854e-01 -3.753511013117324380e-01 -1.133504266697128726e-01 5.023678301551618430e-01 -8.571920696954831165e-01 -3.943305746850470639e-01 -6.495401658982855597e-01 5.616604818004174993e-01
1.584057356652415991e+09 8.357654167929010613e-01 -4.181235325786889501e-01 -3.559057175605246370e-01 -5.346194433384746647e-01 -7.674670780674377468e-01 -3.538026782118440239e-01 -1.252126954579760865e-01 4.859701594021728632e-01 -8.649594125833953706e-01 -4.005860721907260613e-01 -6.457745322510385355e-01 5.725516084450059662e-01
1.584057356652425051e+09 8.312610838258253088e-01 -4.243515540228649519e-01 -3.590693098977681963e-01 -5.387062811309460963e-01 -7.742942927924310048e-01 -3.320600714357567762e-01 -1.371151100117291022e-01 4.694615074615791639e-01 -8.722415605600379873e-01 -4.066275662239048905e-01 -6.419319959065310499e-01 5.835362863960900093e-01
1.584057356652434111e+09 8.266157993057356990e-01 -4.307959343592908108e-01 -3.621065913139543957e-01 -5.426689224569153369e-01 -7.805935556226659688e-01 -3.101356827948034134e-01 -1.490528803637319322e-01 4.528670490313854158e-01 -8.790305313848416624e-01 -4.124534980814621443e-01 -6.380217091680778774e-01 5.946131117995390181e-01
1.584057356652442932e+09 8.218066896548097411e-01 -4.374796717040334015e-01 -3.650278097346836281e-01 -5.465397543005056091e-01 -7.863368387367889456e-01 -2.880428322964498355e-01 -1.610219302309835177e-01 4.362177359159321588e-01 -8.853169066537156517e-01 -4.180620994564790971e-01 -6.340526771163121911e-01 6.057808448101360543e-01
1.584057356652457952e+09 8.168048341565611326e-01 -4.444302234977969279e-01 -3.678473046462853446e-01 -5.503580205495778310e-01 -7.914912168490287891e-01 -2.657963564279595681e-01 -1.730199766595327537e-01 4.195514632640327535e-01 -8.910895901645249362e-01 -4.234514308112061753e-01 -6.300338220968255687e-01 6.170383666196854744e-01
1.584057356652467012e+09 8.115754406354382944e-01 -4.516779885868273947e-01 -3.705837273531019105e-01 -5.541685148016751716e-01 -7.960195971805983373e-01 -2.434133487089983894e-01 -1.850474576114632952e-01 4.029141295153341740e-01 -8.963356754131074355e-01 -4.286194291512349097e-01 -6.259740405490256121e-01 6.283846370358248112e-01
1.584057356652476072e+09 8.060784087332676373e-01 -4.592543554566532182e-01 -3.732600114712307793e-01 -5.580196709256902698e-01 -7.998818981088317015e-01 -2.209140017304964121e-01 -1.971082089695118111e-01 3.863604357365433284e-01 -9.010404918782156658e-01 -4.335639657217041365e-01 -6.218822512792183677e-01 6.398186522576392310e-01
1.584057356652483940e+09 8.002692997916919238e-01 -4.671894104947666992e-01 -3.759030496389111908e-01 -5.619611353295118628e-01 -8.030366636250763079e-01 -1.983224633667522441e-01 -2.092097760618519819e-01 3.699542834246889456e-01 -9.051878800148132065e-01 -4.382829129276785141e-01 -6.177674339188974351e-01 6.513394031350622226e-01
1.584057356652493954e+09 7.941007515291346186e-01 -4.755093890740790252e-01 -3.785430193764322548e-01 -5.660408911024006340e-01 -8.054431168277829123e-01 -1.756675706484593924e-01 -2.213632901619348725e-01 3.537685778644351076e-01 -9.087607426788941734e-01 -4.427742189355021174e-01 -6.136386563227399504e-01 6.629458345991278145e-01
1.584057356652502060e+09 7.875241674894712940e-01 -4.842341932854509201e-01 -3.812124497817061530e-01 -5.703023114410389338e-01 -8.070634293851052243e-01 -1.529833152240673844e-01 -2.335828747922666926e-01 3.378843992074314628e-01 -9.117418350201170751e-01 -4.470359868702409312e-01 -6.095050898875077339e-01 6.746368075280032572e-01
1.584057356652512074e+09 7.804915776693870377e-01 -4.933751786889787883e-01 -3.839450877874795443e-01 -5.747813844906523029e-01 -8.078650570452485802e-01 -1.303089017338066591e-01 -2.458846425504494226e-01 3.223894894110893583e-01 -9.141147411703477443e-01 -4.510665546980581753e-01 -6.053760124034913703e-01 6.864110645129392063e-01
1.584057356652520895e+09 7.729574515127431988e-01 -5.029334880546049158e-01 -3.867747211743806091e-01 -5.795044696364861636e-01 -8.078228729479938197e-01 -1.076883272976652539e-01 -2.582854003522740416e-01 3.073761746746639933e-01 -9.158649133780990548e-01 -4.548645713092996923e-01 -6.012607988785020341e-01 6.982672010210354552e-01
1.584057356652530909e+09 7.648802880260151538e-01 -5.128990906933104110e-01 -3.897340990349463796e-01 -5.844868172665292905e-01 -8.069208870819440937e-01 -8.516949368944254362e-02 -2.708012290309972370e-01 2.929389099757871429e-01 -9.169806375967466394e-01 -4.584290635525916646e-01 -5.971689017766842467e-01 7.102036434807013077e-01
1.584057356652539968e+09 7.562238918734992543e-01 -5.232505480435941658e-01 -3.928540308144267690e-01 -5.897319145834540866e-01 -8.051534392866820378e-01 -6.280293264924440011e-02 -2.834461050998257625e-01 2.791716378798431708e-01 -9.174538148904615165e-01 -4.617594906593295856e-01 -5.931098229952154188e-01 7.222186349568902042e-01
1.584057356652549028e+09 7.469582628220384768e-01 -5.339554670057038432e-01 -3.961627355670511164e-01 -5.952316547285182446e-01 -8.025257902472131555e-01 -4.064029306021935128e-02 -2.962307057463002269e-01 2.661652033252434046e-01 -9.172804663033643502e-01 -4.648557830583612827e-01 -5.890930805377938562e-01 7.343102286836841186e-01
1.584057356652558088e+09 7.370599693269400676e-01 -5.449715891101684084e-01 -3.996855875233357169e-01 -6.009673566706104086e-01 -7.990540139358037752e-01 -1.873283887199374276e-02 -3.091615080329277454e-01 2.540052166649610088e-01 -9.164608623436295565e-01 -4.677183642760519566e-01 -5.851281731172720546e-01 7.464762889895185660e-01
1.584057356652566910e+09 7.265121714576223688e-01 -5.562482249402407319e-01 -4.034451352664050194e-01 -6.069112879387086323e-01 -7.947644005855208915e-01 2.869905451402657293e-03 -3.222402108906300411e-01 2.427703854033229358e-01 -9.149993370522850888e-01 -4.703481571619510526e-01 -5.812245455406729322e-01 7.587144982772291435e-01
1.584057356652581930e+09 7.153044170416593683e-01 -5.677278254840040228e-01 -4.074612954959799804e-01 -6.130284307641883368e-01 -7.896925399160856784e-01 2.412127066434796574e-02 -3.354634618779557820e-01 2.325313071119339547e-01 -9.129038598382142045e-01 -4.727465773337818367e-01 -5.773915569397688463e-01 7.710223683007906281e-01
1.584057356652596951e+09 7.034322586156765977e-01 -5.793475601220672289e-01 -4.117516998323405009e-01 -6.192783500881204883e-01 -7.838821874618241425e-01 4.497823379130568011e-02 -3.488228531390136777e-01 2.233497727217007012e-01 -9.101854187488173098e-01 -4.749155172721273854e-01 -5.736384530609180965e-01 7.833972540082793090e-01
1.584057356652611971e+09 6.908968166503038910e-01 -5.910407670952806392e-01 -4.163320796783075983e-01 -6.256169651806642307e-01 -7.773840773601413678e-01 6.540190645418308968e-02 -3.623051225737150549e-01 2.152784432116685576e-01 -9.068573153451665592e-01 -4.768573236593064979e-01 -5.699743433711635943e-01 7.958363686710641094e-01
1.584057356652631044e+09 6.777043430277568392e-01 -6.027382220316794825e-01 -4.212166418112803790e-01 -6.319981398438185849e-01 -7.702547669785182460e-01 8.535774952285220263e-02 -3.758925044469155763e-01 2.083608165213781671e-01 -9.029344359304319889e-01 -4.785747699611996864e-01 -5.664081834298064777e-01 8.083367993409734664e-01
1.584057356652647972e+09 6.638657934954721451e-01 -6.143692040863028003e-01 -4.264184441277794613e-01 -6.383750726882641002e-01 -7.625555533594221558e-01 1.048155276366214417e-01 -3.895631848912625705e-01 2.026314618286890190e-01 -8.984325328060988047e-01 -4.800710268216962229e-01 -5.629487622816116144e-01 8.208955216561573121e-01
1.584057356652657032e+09 6.493964466339188224e-01 -6.258623457286066616e-01 -4.319497418608929107e-01 -6.447014545818408049e-01 -7.543515130771787369e-01 1.237490581823315616e-01 -4.032918171581882927e-01 1.981164282141926469e-01 -8.933675567395171768e-01 -4.813496319273145585e-01 -5.596046945178210219e-01 8.335094134124978460e-01
