1.583561769669563055e+09 -9.951758385790393513e-02 1.104359596946587196e-01 9.888883402613455331e-01 2.434200308701075233e-01 -9.609229449355461972e-01 1.318096448666298270e-01 9.648020207536216475e-01 2.538326077090249377e-01 6.874640503007214964e-02 -1.301921735676998468e-02 1.598011577447138620e+00 1.620309257541715287e+00
1.583561769669624090e+09 -1.208908744491153375e-01 1.044806574385487574e-01 9.871520596606340181e-01 2.491873293826907532e-01 -9.594089860891716892e-01 1.320608658868787921e-01 9.608803627540501990e-01 2.619507390081922127e-01 8.994853527773309654e-02 -1.872955146914184049e-02 1.597269947307213389e+00 1.615340327170658563e+00
1.583561769669642925e+09 -1.422035388972624492e-01 9.892418258089967498e-02 9.848817999251556765e-01 2.552502624448109159e-01 -9.576773822422217641e-01 1.330463643850428312e-01 9.563605268019771399e-01 2.703110017699478229e-01 1.109346893050117827e-01 -2.444164608868078584e-02 1.596530700468835384e+00 1.610373065435809048e+00
1.583561769669655085e+09 -1.634365673350767489e-01 9.370953822987256043e-02 9.820931784223058125e-01 2.615197877783775882e-01 -9.557503248928829187e-01 1.347171744082472367e-01 9.512601585472086896e-01 2.788545121544225291e-01 1.316976537734351749e-01 -3.015059935512969663e-02 1.595786662623521757e+00 1.605402908470451750e+00
1.583561769669665098e+09 -1.845749917887933023e-01 8.878260942750720863e-02 9.788001434791961941e-01 2.679201936951354779e-01 -9.536473754384469093e-01 1.370235495952329408e-01 9.455954961834414085e-01 2.875314445787297557e-01 1.522328025708741539e-01 -3.585172309562946469e-02 1.595029162181626825e+00 1.600425802770414574e+00
1.583561769669675112e+09 -2.056066334432088138e-01 8.409458556385938921e-02 9.750148784372418831e-01 2.743882359067119636e-01 -9.513852922070594742e-01 1.399182682263211686e-01 9.393811837972197987e-01 2.963007365705680463e-01 1.725365620509135278e-01 -4.154068146433022996e-02 1.594248031001001209e+00 1.595438440067547425e+00
1.583561769669683933e+09 -2.265211367209218618e-01 7.960382976380875331e-02 9.707478586756063121e-01 2.808716701116721337e-01 -9.489779975551876356e-01 1.433592170113913988e-01 9.326303017526271777e-01 3.051294651246989065e-01 1.926051141120857235e-01 -4.721363235066645958e-02 1.593431651579886310e+00 1.590438504782563767e+00
1.583561769669693947e+09 -2.473092940786457972e-01 7.527698479937887377e-02 9.660080169684667206e-01 2.873273644604515398e-01 -9.464367110616659362e-01 1.473110233712871531e-01 9.253545800954305900e-01 3.139919227652459011e-01 2.124334572526258291e-01 -5.286736623548357605e-02 1.592567054242838731e+00 1.585424926761016984e+00
1.583561769669703007e+09 -2.679626207759863710e-01 7.108924614594873403e-02 9.608029731343176172e-01 2.937192420993938735e-01 -9.437702358022366234e-01 1.517456716247615189e-01 9.175647339055090779e-01 3.228684889354214160e-01 2.320148662944596374e-01 -5.849943687514025381e-02 1.591640066104201612e+00 1.580398131233348380e+00
1.583561769669713974e+09 -2.884731091757096189e-01 6.702380984893127613e-02 9.551392958309271597e-01 3.000162992686968844e-01 -9.409853673670167673e-01 1.566421354546220224e-01 9.092708538643715643e-01 3.317444006608525897e-01 2.513407392185486589e-01 -6.410827790900260059e-02 1.590635510957658205e+00 1.575360277405372766e+00
1.583561769669723988e+09 -3.089344689288080481e-01 6.305035373090971118e-02 9.489911206363569329e-01 3.062214351221985709e-01 -9.380727411494096390e-01 1.620122372218890661e-01 9.004376307166169768e-01 3.406525873425241269e-01 2.704956342980185946e-01 -6.969329973313229121e-02 1.589537456809789528e+00 1.570315477281614358e+00
1.583561769669733047e+09 -3.292511013381189122e-01 6.031568684430332894e-02 9.423140296274389316e-01 3.122486124128542317e-01 -9.348582662665690934e-01 1.689403032577478647e-01 8.911198104321487179e-01 3.498600291131561679e-01 2.889696242381044611e-01 -7.525627985499691586e-02 1.588338288411041743e+00 1.565269345367811926e+00
1.583561769669743061e+09 -3.493473333374580991e-01 5.900663956443324976e-02 9.351334971125171425e-01 3.179724787041290357e-01 -9.313258663998075226e-01 1.775545926944949726e-01 8.813909142412941211e-01 3.593749394724718993e-01 3.065937204511062775e-01 -8.080139410109535292e-02 1.587043703157681840e+00 1.560227127899694199e+00
1.583561769669751883e+09 -3.691210552574321069e-01 5.930615759927480163e-02 9.274871570437058788e-01 3.232500746055168572e-01 -9.274608588997564906e-01 1.879514418725268254e-01 8.713547131123821066e-01 3.691871272677736404e-01 3.231746110767451108e-01 -8.633247021972180468e-02 1.585658893436088457e+00 1.555193471278388584e+00
1.583561769669761896e+09 -3.884419185012347731e-01 6.138576642672724515e-02 9.194262688632783842e-01 3.279260772706637517e-01 -9.232501055964010828e-01 2.001842411070786365e-01 8.611488628725380012e-01 3.792638003537694424e-01 3.384990486878055593e-01 -9.185299717999043101e-02 1.584188325687209575e+00 1.550172573693976430e+00
1.583561769669770956e+09 -4.071512573342264685e-01 6.539653250132648754e-02 9.110165461903134698e-01 3.318403347030371986e-01 -9.186826005223105440e-01 2.142528221220176277e-01 8.509464414079463968e-01 3.895453415185610724e-01 3.523415686579408068e-01 -9.736616858822680354e-02 1.582635538125941155e+00 1.545168376276887079e+00
1.583561769669780970e+09 -4.250643135859693555e-01 7.145883213407586143e-02 9.023380546504113919e-01 3.348374931308003011e-01 -9.137507164944319582e-01 2.300945052044950923e-01 8.409543285690301850e-01 3.999415750865903396e-01 3.644757248792669935e-01 -1.028749599416148297e-01 1.581002969133904035e+00 1.540184789587836889e+00
1.583561769669790983e+09 -4.419753253376758617e-01 7.965152596355927483e-02 8.934838814712318111e-01 3.367781017331873405e-01 -9.084522531420036184e-01 2.475782986849131007e-01 8.314074345440315428e-01 4.103293046350650064e-01 3.746885904195834116e-01 -1.083822368687065302e-01 1.579291827845949570e+00 1.535225949368878906e+00
1.583561769669800997e+09 -4.576658488419564907e-01 9.000165241052601739e-02 8.845573320094703984e-01 3.375500514424272791e-01 -9.027932284659322404e-01 2.665039388691694544e-01 8.225581643899581019e-01 4.205521243219320637e-01 3.827975668309964719e-01 -1.138908888197404240e-01 1.577502017614510255e+00 1.530296493720031625e+00
1.583561769669810057e+09 -4.719162174627194450e-01 1.024762734176291462e-01 8.756675723850236848e-01 3.370786874924702747e-01 -8.967910694890280920e-01 2.866072855818340703e-01 8.146613053066307231e-01 4.304235020842870352e-01 3.886676816222217057e-01 -1.194039799438267185e-01 1.575632122090522946e+00 1.525401852061748054e+00
1.583561769669819117e+09 -4.845193548072125878e-01 1.169783017489621491e-01 8.669239136058580764e-01 3.353336891066243108e-01 -8.904775626274858968e-01 3.075728002159197616e-01 8.079556373945415704e-01 4.397337688369823416e-01 3.922268486409384303e-01 -1.249249063026469236e-01 1.573679460988065992e+00 1.520548534975928456e+00
1.583561769669828892e+09 -4.952955574005296069e-01 1.333476897229167180e-01 8.584292077448351099e-01 3.323311378705662289e-01 -8.839007205101000464e-01 3.290524747040943776e-01 8.026445825218968544e-01 4.482609842596060323e-01 3.934765105909848182e-01 -1.304575464947370644e-01 1.571640219508868341e+00 1.515744413134174406e+00
1.583561769669837952e+09 -5.041064607105849582e-01 1.513685815717200067e-01 8.502730320475764270e-01 3.281300491458521429e-01 -8.771246956223763824e-01 3.506892345117003096e-01 7.988788064211029827e-01 4.557848406079598180e-01 3.924956457989932090e-01 -1.360063914292013731e-01 1.569509651712978737e+00 1.510998973140204926e+00
1.583561769669847012e+09 -5.108662278704552140e-01 1.707821210390557121e-01 8.425254682200291612e-01 3.228237740346968088e-01 -8.702271224711692899e-01 3.721418630832219465e-01 7.967436905125310220e-01 4.621019611929133020e-01 3.894371185931480572e-01 -1.415766386742530192e-01 1.567282353830709685e+00 1.506323538427950748e+00
1.583561769669856071e+09 -5.155482210628398176e-01 1.913035780088291893e-01 8.352322868786424825e-01 3.165278205773295883e-01 -8.632938017998957880e-01 3.931080647862061350e-01 7.962538356531738692e-01 4.670404189232479353e-01 3.845166791539786355e-01 -1.471742377883742403e-01 1.564952598771723880e+00 1.501731444624622602e+00
1.583561769669864893e+09 -5.181862418972839057e-01 2.126415067530048053e-01 8.284121006834384016e-01 3.093664928275422499e-01 -8.564112561339721763e-01 4.133426345153935477e-01 7.973552483414441117e-01 4.704714125955367088e-01 3.779963731581463815e-01 -1.528058752268984521e-01 1.562514719163302201e+00 1.497238160441353827e+00
1.583561769669876099e+09 -5.188704087743225557e-01 2.345163565153079999e-01 8.220557022913462797e-01 3.014608890110256900e-01 -8.496581783989415326e-01 4.326688252023509484e-01 7.999342670054646609e-01 4.723166930217529424e-01 3.701649770189279764e-01 -1.584788904383356012e-01 1.559963523771432214e+00 1.492861346479238849e+00
1.583561769669884920e+09 -5.177385717217720673e-01 2.566762872748914459e-01 8.161274748143473312e-01 2.929202559349187163e-01 -8.430970265376094286e-01 4.509824026854830636e-01 8.038311360291308105e-01 4.725512538319826539e-01 3.613181665788979258e-01 -1.642011185341668844e-01 1.557294730311804543e+00 1.488620845675716842e+00
1.583561769669893980e+09 -5.149646661571518624e-01 2.789086716347673467e-01 8.105685324148407256e-01 2.838377397409884706e-01 -8.367669564528739112e-01 4.682490770015774184e-01 8.088556919157975367e-01 4.712016697581773994e-01 3.517406094276292472e-01 -1.699806592659635907e-01 1.554505396443835563e+00 1.484538600524098806e+00
1.583561769669903040e+09 -5.107456118794249100e-01 3.010466100338510254e-01 8.053010982096101555e-01 2.742905782665122638e-01 -8.306789640135974206e-01 4.844967878583170684e-01 8.148027975265988987e-01 4.683411122708240892e-01 3.416913869967367345e-01 -1.758255766473483528e-01 1.551594330408821332e+00 1.480638493433284797e+00
1.583561769669913054e+09 -5.052881901905129647e-01 3.229705738490670774e-01 8.002336243411458661e-01 2.643439626261770425e-01 -8.248137020222430227e-01 4.998045882191971545e-01 8.214658328347832494e-01 4.640822831112682012e-01 3.313933014339409122e-01 -1.817435385544632909e-01 1.548562462499690762e+00 1.476946108861956652e+00
1.583561769669922113e+09 -4.987969022996101010e-01 3.446058166292095271e-01 7.952662960582415064e-01 2.540572631998878617e-01 -8.191221287362825398e-01 5.142896511261256798e-01 8.286474265393906080e-01 4.585692635542588103e-01 3.210259697609338936e-01 -1.877414102478257574e-01 1.545413159570957484e+00 1.473488417986837273e+00
1.583561769669930935e+09 -4.914635306878973320e-01 3.659164510788704416e-01 7.902966209457031876e-01 2.434911568715901198e-01 -8.135288415631162229e-01 5.280936285317378021e-01 8.361672409085135760e-01 4.519689977140136095e-01 3.107223367973918071e-01 -1.938248196978474558e-01 1.542152466722149784e+00 1.470293388787638378e+00
1.583561769669939995e+09 -4.834588801583006301e-01 3.868972148727913285e-01 7.852248445918689201e-01 2.327142687258902665e-01 -8.079377099835455267e-01 5.413693064290093782e-01 8.438670396262899498e-01 4.444628241292101767e-01 3.005681580730837910e-01 -1.999977150266622483e-01 1.538789263588733247e+00 1.467389524479992158e+00
1.583561769669950962e+09 -4.749269660043215491e-01 4.075639826227515083e-01 7.799589587120447920e-01 2.218081706063957659e-01 -8.022392511700142670e-01 5.542682738168650536e-01 8.516134760882241306e-01 4.362382194127819579e-01 2.906040321752180744e-01 -2.062619366600288717e-01 1.535335324863926543e+00 1.464805335131782682e+00
1.583561769669960976e+09 -4.659817452439141694e-01 4.279440528909222441e-01 7.744190732021604129e-01 2.108699035526195587e-01 -7.963190728447733235e-01 5.669301703251098390e-01 8.592990731501515267e-01 4.274807854716056177e-01 2.808296301743598566e-01 -2.126168283692332628e-01 1.531805276952516115e+00 1.462568749993413464e+00
1.583561769669970036e+09 -4.567063372117661779e-01 4.480671618129604683e-01 7.685409164774876789e-01 2.000115692146736956e-01 -7.900666294797970002e-01 5.794739797335385356e-01 8.668417929317226989e-01 4.183665135007467728e-01 2.712098203534376584e-01 -2.190589121882540735e-01 1.528216445165540227e+00 1.460706481901298925e+00
1.583561769669980049e+09 -4.471545596335839701e-01 4.679580636598321131e-01 7.622781977068491255e-01 1.893570021421852323e-01 -7.833834474183842822e-01 5.919918074400358776e-01 8.741834623129045578e-01 4.090545502755669194e-01 2.616823443900530011e-01 -2.255816520451726093e-01 1.524588588893951879e+00 1.459243360715368532e+00
1.583561769669989109e+09 -4.373544492927375904e-01 4.876313299488385100e-01 7.556035812386936446e-01 1.790360539310315302e-01 -7.761899411341325328e-01 6.045455042430678549e-01 8.812872274803046357e-01 3.996809495988096761e-01 2.521665351625181906e-01 -2.321753295084843238e-01 1.520943526358113695e+00 1.458201661818211869e+00
1.583561769669998884e+09 -4.273132272361786499e-01 5.070886915737105038e-01 7.485081595758527051e-01 1.691773984409687959e-01 -7.684301176822050383e-01 6.171662354027208641e-01 8.881342319320174594e-01 3.903539589372095886e-01 2.425724078714864007e-01 -2.388270502467499945e-01 1.517304657087151565e+00 1.457600461667425185e+00
1.583561769670007944e+09 -4.170230360785778800e-01 5.263188609985104405e-01 7.409994900009052587e-01 1.599010117876633330e-01 -7.600737469385627776e-01 6.298567818715329336e-01 8.947197628605344510e-01 3.811513556533623337e-01 2.328093431939345925e-01 -2.455208923620749162e-01 1.513696397795802229e+00 1.457455056738107935e+00
1.583561769670017004e+09 -4.064667399280925686e-01 5.452993958484371184e-01 7.330984643716857985e-01 1.513115122533747470e-01 -7.511159435418787167e-01 6.425960361240169449e-01 9.010491750377948028e-01 3.721201531662098327e-01 2.227935726614755363e-01 -2.522381979231272942e-01 1.510143555256977299e+00 1.457776484592231636e+00
1.583561769670027971e+09 -3.956231507910226708e-01 5.639998891563471339e-01 7.248354625943586038e-01 1.434933316300412431e-01 -7.415744976170959291e-01 6.553448926230918126e-01 9.071339408161553930e-01 3.632786666832084066e-01 2.124538161582900375e-01 -2.589579972185152568e-01 1.506670666931878344e+00 1.458571182070782513e+00
1.583561769670037031e+09 -3.844712212654944894e-01 5.823856666584306119e-01 7.162463371871442552e-01 1.365082512906052314e-01 -7.314856185097210473e-01 6.680526081593729515e-01 9.129881585175093628e-01 3.546205371090685454e-01 2.017347201531785317e-01 -2.656575436584945882e-01 1.503301344326932520e+00 1.459840805106726647e+00
1.583561769670046091e+09 -3.729929615554393729e-01 6.004212532832630123e-01 7.073687648464723754e-01 1.303954501532158528e-01 -7.208988812922222378e-01 6.806627869631712846e-01 9.186257548396031813e-01 3.461200972442946000e-01 1.905980091107133401e-01 -2.723129283611653850e-01 1.500057654041390132e+00 1.461582220554495937e+00
1.583561769670056105e+09 -3.611750890337969144e-01 6.180730935782132729e-01 6.982393617525810559e-01 1.251735749251352836e-01 -7.098722186830124237e-01 6.931183227328705510e-01 9.240585108353447374e-01 3.377381889859803477e-01 1.790217430962883494e-01 -2.788997384494259490e-01 1.496959567848630490e+00 1.463787667170041384e+00
1.583561769670064926e+09 -3.490095954049975413e-01 6.353113038034101656e-01 6.888917547912855044e-01 1.208441720170325417e-01 -6.984675649045956058e-01 7.053649742447318793e-01 9.292948878855540329e-01 3.294276979892089563e-01 1.669982137488434937e-01 -2.853937217040577456e-01 1.494024507237897259e+00 1.466445072045165832e+00
1.583561769670073986e+09 -3.364935320912947336e-01 6.521104911061679221e-01 6.793555847231720346e-01 1.173956822689600360e-01 -6.867475058387231268e-01 7.173535509317613412e-01 9.343395297700338720e-01 3.211382424812703196e-01 1.545311378756759890e-01 -2.917714217364954510e-01 1.491267000773578433e+00 1.469538500622947774e+00
1.583561769670084000e+09 -3.236283034001168346e-01 6.684498215555713108e-01 6.696562980703254508e-01 1.148074278712411522e-01 -6.747730112648753220e-01 7.290409026931417014e-01 9.391932580622439630e-01 3.128197875854251686e-01 1.416326401414419178e-01 -2.980107521235636492e-01 1.488698464405374011e+00 1.473048711046345050e+00
1.583561769670094013e+09 -3.104187383134581757e-01 6.843125884912977241e-01 6.598154957113285812e-01 1.130531283091493477e-01 -6.626021546506063453e-01 7.403900153685203378e-01 9.438533770290032932e-01 3.044251403260367916e-01 1.283204459796549179e-01 -3.040914843893388619e-01 1.486327106525988428e+00 1.476953779149483115e+00
1.583561769670104027e+09 -2.968721608531619260e-01 6.996855338626216669e-01 6.498515784841322196e-01 1.121036657196245456e-01 -6.502896049652522326e-01 7.513695481132222076e-01 9.483141296470628534e-01 2.959114454679509509e-01 1.146155670090230061e-01 -3.099956324545896647e-01 1.484157951908480655e+00 1.481229759018390268e+00
1.583561769670113087e+09 -2.829976159069850228e-01 7.145581319147258359e-01 6.397804512096831875e-01 1.119289979810705049e-01 -6.378866206445228393e-01 7.619531210246290875e-01 9.525671887313628128e-01 2.872409015133118859e-01 1.005406171566827767e-01 -3.157077247460348679e-01 1.482192971826330918e+00 1.485851344774515193e+00
1.583561769670121908e+09 -2.688053408422698687e-01 7.289219798468014044e-01 6.296161023000098611e-01 1.124992648686646002e-01 -6.254412794725858760e-01 7.721185928089115968e-01 9.566021139346789770e-01 2.783809501676768883e-01 8.611876942596964624e-02 -3.212149625028895006e-01 1.480431303515878039e+00 1.490792504256255535e+00
1.583561769670131922e+09 -2.543064854936492036e-01 7.427703546409446522e-01 6.193709808725300636e-01 1.137852815702749959e-01 -6.129987425701522996e-01 7.818474603980590798e-01 9.604067478830983218e-01 2.693041812999236728e-01 7.137322189019719432e-02 -3.265072699473248741e-01 1.478869538813259776e+00 1.496027059910554735e+00
1.583561769670140982e+09 -2.395130427942169238e-01 7.560979434804495636e-01 6.090561570501170641e-01 1.157586254819611277e-01 -6.006014284493161881e-01 7.911244306660470960e-01 9.639675529826883249e-01 2.599881231981574503e-01 5.632701696758233428e-02 -3.315772464959972909e-01 1.477502061457534710e+00 1.501529199807757564e+00
1.583561769670150042e+09 -2.244379272119121360e-01 7.689007214291663228e-01 5.986812989054313139e-01 1.183915036488603634e-01 -5.882890450362879831e-01 7.999371546437654690e-01 9.672699049065367483e-01 2.504150160710761908e-01 4.100306130303760233e-02 -3.364200336050111040e-01 1.476321413819853712e+00 1.507273909038301829e+00
1.583561769670159101e+09 -2.090951422397872850e-01 7.811759431375936424e-01 5.882545092044603185e-01 1.216565271816953397e-01 -5.760984715310982773e-01 8.082760917651413690e-01 9.702983619129549320e-01 2.405716050647334070e-01 2.542423948936985839e-02 -3.410331114520769313e-01 1.475318674578484313e+00 1.513237316349732353e+00
1.583561769670169115e+09 -1.934999481729780535e-01 7.929221862747650729e-01 5.777821188085245918e-01 1.255265291319795085e-01 -5.640635483598619437e-01 8.161344276044660839e-01 9.730369267330388761e-01 2.304489534116258287e-01 9.613497459691488362e-03 -3.454160437174549902e-01 1.474483829427610360e+00 1.519396954188329429e+00
1.583561769670177937e+09 -1.776689932009122563e-01 8.041394161296886445e-01 5.672684801098542007e-01 1.299744517570308455e-01 -5.522148212935461542e-01 8.235080042475030337e-01 9.754693080718260800e-01 2.200422477084233164e-01 -6.406128417073990444e-03 -3.495701889945274643e-01 1.473806119823306116e+00 1.525731935378587867e+00
1.583561769670187950e+09 -1.616204233856576855e-01 8.148290798675148494e-01 5.567157349953979484e-01 1.349732495033668656e-01 -5.405792362493838654e-01 8.303952741195266274e-01 9.775791839577694375e-01 2.093505675823189027e-01 -2.261148366252781552e-02 -3.534983962581410011e-01 1.473274358296710274e+00 1.532223053721743833e+00
1.583561769670197010e+09 -1.453739059965156177e-01 8.249941737728810898e-01 5.461236498639147063e-01 1.404958773750938084e-01 -5.291798729299719284e-01 8.367972099331655311e-01 9.793504664521097691e-01 1.983766002777128112e-01 -3.897933516992845016e-02 -3.572047007988530254e-01 1.472877201919552403e+00 1.538852817928389349e+00
1.583561769670207024e+09 -1.289505430249617834e-01 8.346392517920225851e-01 5.354895676539241922e-01 1.465153715254875477e-01 -5.180357834147367724e-01 8.427171370241246517e-01 9.807675583969714950e-01 1.871262853884999300e-01 -5.548648448715128023e-02 -3.606940338641486110e-01 1.472603379552460012e+00 1.545605430463035113e+00
1.583561769670216084e+09 -1.123727119936396568e-01 8.437703908086330307e-01 5.248084426135002367e-01 1.530049570369765022e-01 -5.071619277203955889e-01 8.481605167764850739e-01 9.818155921375886219e-01 1.756083906909217673e-01 -7.210989115550631157e-02 -3.639719552763534538e-01 1.472441872273649865e+00 1.552466723824117656e+00
1.583561769670224905e+09 -9.566386367737439445e-02 8.523951254836071856e-01 5.140729281752430824e-01 1.599381421892897281e-01 -4.965691899324901626e-01 8.531347081840815472e-01 9.824806441360578457e-01 1.638340315045566931e-01 -8.882676548743083378e-02 -3.670444146997937085e-01 1.472382049159212336e+00 1.559424066295134415e+00
1.583561769670233965e+09 -7.884829818388827682e-02 8.605223617169011074e-01 5.032734953315520787e-01 1.672887772216912483e-01 -4.862644565246161954e-01 8.576487295868862049e-01 9.827499229871391462e-01 1.518161504099865833e-01 -1.056146087975647213e-01 -3.699175447764866398e-01 1.472413762175609708e+00 1.566466247620540209e+00
1.583561769670243979e+09 -6.195093204448319513e-02 8.681622725978704880e-01 4.923985689470339877e-01 1.750310706434551888e-01 -4.762507428376721585e-01 8.617130347635922893e-01 9.826119308097224225e-01 1.395689743651191972e-01 -1.224511946575299326e-01 -3.725974864789814434e-01 1.472527405330843475e+00 1.573583353610868540e+00
1.583561769670253992e+09 -4.499706021758802243e-02 8.753261742763603914e-01 4.814346824264448821e-01 1.831395688094475671e-01 -4.665273637957137454e-01 8.653393075502927578e-01 9.820565987501476135e-01 1.271074650806554296e-01 -1.393144982407069632e-01 -3.750902460719299225e-01 1.472713943356388056e+00 1.580766636505897660e+00
1.583561769670263052e+09 -2.801211770923296013e-02 8.820263810319760589e-01 4.703666491893805923e-01 1.915891034084769851e-01 -4.570901427417602414e-01 8.685402793704859459e-01 9.810753982015886221e-01 1.144467771332037809e-01 -1.561825806401455075e-01 -3.774015833190899061e-01 1.472964914809232750e+00 1.588008385841046533e+00
1.583561769670272112e+09 -1.102139672696443758e-02 8.882759870860241769e-01 4.591778520629045679e-01 2.003547852624023295e-01 -4.479317534815355772e-01 8.713295038450850072e-01 9.796614155286359482e-01 1.016017480900740094e-01 -1.730335110823004729e-01 -3.795369296745366716e-01 1.473272414621346282e+00 1.595301803406314223e+00
1.583561769670281887e+09 5.950301168248209489e-03 8.940885377687555202e-01 4.478507349453633157e-01 2.094121082870931405e-01 -4.390422819887599415e-01 8.737210330273418313e-01 9.778093694870737540e-01 8.858646332041132665e-02 -1.898453994904031328e-01 -3.815013331918893358e-01 1.473629061418882502e+00 1.602640885219217104e+00
1.583561769670290947e+09 2.287899427549512643e-02 8.994776691258610235e-01 4.363673619892033950e-01 2.187370771077740139e-01 -4.304098785444893660e-01 8.757290834357245313e-01 9.755155780181946623e-01 7.541392062121349271e-02 -2.065964614129758292e-01 -3.832994254749623186e-01 1.474027954641319749e+00 1.610020312589443003e+00
1.583561769670300007e+09 3.974187980236713186e-02 9.044566541102397883e-01 4.247101883285243074e-01 2.283064843817849132e-01 -4.220216417813524856e-01 8.773675872078419147e-01 9.727778432996597724e-01 6.209585278653224905e-02 -2.232652523344696438e-01 -3.849354068638130566e-01 1.474462625397625848e+00 1.617435353128972242e+00
1.583561769670309067e+09 5.651771173369847523e-02 9.090378512942036693e-01 4.128630928278404499e-01 2.380984065124991111e-01 -4.138647907417532523e-01 8.786495796539152137e-01 9.695952234366114197e-01 4.864278085389662359e-02 -2.398311547895847773e-01 -3.864130474160601958e-01 1.474926984036287747e+00 1.624881771692757493e+00
1.583561769670319080e+09 7.318712361690153656e-02 9.132321325008977420e-01 4.008125713461511697e-01 2.480928886733451133e-01 -4.059280282304954524e-01 8.795864678996179187e-01 9.659676825647808274e-01 3.506434508566973196e-02 -2.562751025599999122e-01 -3.877357007101990827e-01 1.475415267062017755e+00 1.632355751082910311e+00
1.583561769670329094e+09 8.973279492848400263e-02 9.170484205821056722e-01 3.885488644517628987e-01 2.582726972252289976e-01 -3.982028654753615449e-01 8.801873049645312364e-01 9.618956490254488845e-01 2.136989629260888091e-02 -2.725804251342203721e-01 -3.889063260560569613e-01 1.475921985671333925e+00 1.639853822336563072e+00
1.583561769670337915e+09 1.061394014314505363e-01 9.204934350064422066e-01 3.760668342441015333e-01 2.686240273296153780e-01 -3.906847095516012836e-01 8.804581703234443113e-01 9.573795274786545129e-01 7.569284378233447942e-03 -2.887336948586851082e-01 -3.899275154530325582e-01 1.476441877289097260e+00 1.647372803976095978e+00
1.583561769670347929e+09 1.223933572154628779e-01 9.235716509871700897e-01 3.633665805311870334e-01 2.791371624720944689e-01 -3.833736884012538537e-01 8.804016467466165841e-01 9.524191886271634599e-01 -6.326197014477098757e-03 -3.047255627841360948e-01 -3.908015226950355969e-01 1.476969860753225117e+00 1.654909749297443167e+00
1.583561769670356989e+09 1.384823694327028121e-01 9.262854386606104162e-01 3.504538767458441617e-01 2.898071371988792944e-01 -3.762752799054325803e-01 8.800163276815872182e-01 9.470134406711866459e-01 -2.030271145449441192e-02 -3.205516235237547695e-01 -3.915302947412000467e-01 1.477500995262944539e+00 1.662461900475210363e+00
1.583561769670366049e+09 1.543947849732970612e-01 9.286354078086233033e-01 3.373403770403529123e-01 3.006343282127836858e-01 -3.694006767370626165e-01 8.792963895932683904e-01 9.411595248937899560e-01 -3.434267936596410720e-02 -3.362132200310702368e-01 -3.921155049575095752e-01 1.478030443261677318e+00 1.670026648573725625e+00
1.583561769670375109e+09 1.701187218780396415e-01 9.306209785178073401e-01 3.240435388241943993e-01 3.116248598870566822e-01 -3.627668028553905910e-01 8.782312870035767771e-01 9.348526982312698186e-01 -4.842356167229176084e-02 -3.517180568760759352e-01 -3.925585875216667797e-01 1.478553437364751311e+00 1.677601498736217334e+00
1.583561769670384884e+09 1.856410070636879961e-01 9.322411926920310954e-01 3.105861802931440541e-01 3.227906504859435199e-01 -3.563958642293713619e-01 8.768056705704915244e-01 9.280859942249938266e-01 -6.251677251226774035e-02 -3.670804281435505745e-01 -3.928607731445196705e-01 1.479065251397250425e+00 1.685184039881524098e+00
1.583561769670393944e+09 2.009459989759405096e-01 9.334956456742663500e-01 2.969959347319622855e-01 3.341492375042914853e-01 -3.503146631141970113e-01 8.749993850900672498e-01 9.208501467612048019e-01 -7.658666040472131287e-02 -3.823211881467175610e-01 -3.930231265556808906e-01 1.479561175701177067e+00 1.692771918401211328e+00
1.583561769670403004e+09 2.160143398354708588e-01 9.343855240197797007e-01 2.833046023845952055e-01 3.457232865414872625e-01 -3.445536387057146488e-01 8.727876025833050111e-01 9.131337330016191522e-01 -9.058963955675497504e-02 -3.974673610593748574e-01 -3.930465865056326225e-01 1.480036497041276933e+00 1.700362815530624960e+00
1.583561769670412064e+09 2.308217206756178752e-01 9.349147210913063555e-01 2.695473943403616790e-01 3.575396834465474072e-01 -3.391455933540689638e-01 8.701411617059429116e-01 9.049235924872586212e-01 -1.044735901260715888e-01 -4.125512828414452660e-01 -3.929320090342335314e-01 1.480486483636990647e+00 1.707954428273760872e+00
1.583561769670422077e+09 2.453377927704656347e-01 9.350909809776356552e-01 2.557620475703255014e-01 3.696281125932829870e-01 -3.341240629543499874e-01 8.670272019729908797e-01 8.962055713013353797e-01 -1.181776970841641600e-01 -4.276091745137484690e-01 -3.926802141616473896e-01 1.480906375932949937e+00 1.715544453950728077e+00
1.583561769670430899e+09 2.595253887871449283e-01 9.349269713508159274e-01 2.419878737875890418e-01 3.820191637456423761e-01 -3.295214024292501542e-01 8.634101018042635856e-01 8.869655750454381593e-01 -1.316328371690043686e-01 -4.426791898329444086e-01 -3.922920353441899377e-01 1.481291383621327729e+00 1.723130578538468738e+00
1.583561769670439959e+09 2.733402389812757405e-01 9.344411815612375660e-01 2.282647414750330894e-01 3.947420161743749323e-01 -3.253666367053049124e-01 8.592527523442541337e-01 8.771908883630962217e-01 -1.447626683960042127e-01 -4.577989902343920781e-01 -3.917683705328674493e-01 1.481636689230543258e+00 1.730710468984698602e+00
1.583561769670449972e+09 2.867312924970225052e-01 9.336585077891641493e-01 2.146321433999681116e-01 4.078220096268642680e-01 -3.216833181162266908e-01 8.545180228264052102e-01 8.668716021251302584e-01 -1.574853450912662711e-01 -4.730031625248322658e-01 -3.911102328180628973e-01 1.481937458157381426e+00 1.738281769584746339e+00
1.583561769670459032e+09 2.996417014181984029e-01 9.326104388296145853e-01 2.011283679688361525e-01 4.212783254024100588e-01 -3.184875336298372273e-01 8.491703383267887872e-01 8.560019997163486050e-01 -1.697158229172914257e-01 -4.883207103749718780e-01 -3.903187983049050680e-01 1.482188854540200884e+00 1.745842102331750745e+00
1.583561769670468092e+09 3.120103897014612215e-01 9.313347864255684394e-01 1.877898627630086303e-01 4.351221040786220073e-01 -3.157862791385694923e-01 8.431771939963265128e-01 8.445817139024163200e-01 -1.813685246719942967e-01 -5.037729518820552865e-01 -3.893954487238054374e-01 1.482386061854434223e+00 1.753389070915340575e+00
1.583561769670478106e+09 3.237740339246269472e-01 9.298749735342660694e-01 1.746508196241545463e-01 4.493552211329607804e-01 -3.135763407713723083e-01 8.365104684189509365e-01 8.326165146038841947e-01 -1.923601111026929933e-01 -5.193720511477661894e-01 -3.883418060757861112e-01 1.482524306479619414e+00 1.760920267737183131e+00
1.583561769670488119e+09 3.348692478503529357e-01 9.282789483725385482e-01 1.617429475961141283e-01 4.639697905076847761e-01 -3.118437303265017002e-01 8.291474666051965592e-01 8.201186624697671679e-01 -2.026121469825092891e-01 -5.351202646246323580e-01 -3.871597578087078717e-01 1.482598882418994624e+00 1.768433283130423472e+00
1.583561769670496941e+09 3.452347287735679227e-01 9.265978299747729130e-01 1.490954183710864189e-01 4.789483949567379106e-01 -3.105636868851808230e-01 8.210716359625123140e-01 8.071068189552346173e-01 -2.120534322165184837e-01 -5.510099136396323649e-01 -3.858514715048163568e-01 1.482605175172981182e+00 1.775925715801048410e+00
1.583561769670506001e+09 3.548130336984257616e-01 9.248844424912868734e-01 1.367350701168789096e-01 4.942650509019877458e-01 -3.097012503976592779e-01 8.122728574712381189e-01 7.936055511131800966e-01 -2.206216303543284130e-01 -5.670240962341390745e-01 -3.844193991187622172e-01 1.482538682993884693e+00 1.783395183482671786e+00
1.583561769670516014e+09 3.635519117241650111e-01 9.231918697259070550e-01 1.246867250281893658e-01 5.098865939429712002e-01 -3.092122084078695599e-01 8.027474518889937682e-01 7.796445786240624454e-01 -2.282642812268133592e-01 -5.831378474992965355e-01 -3.828662722004126384e-01 1.482395034457098193e+00 1.790839332987417931e+00
1.583561769670525074e+09 3.714051797349217088e-01 9.215721202650909438e-01 1.129735361079826639e-01 5.257742449817446317e-01 -3.090442662992460288e-01 7.924980030302571921e-01 7.652578885281765553e-01 -2.349392876002512620e-01 -5.993195269931403946e-01 -3.811950903110446487e-01 1.482170001999741915e+00 1.798255849114378080e+00
1.583561769670533895e+09 3.783331138849527764e-01 9.200749788906569249e-01 1.016173626996833279e-01 5.418852217223005807e-01 -3.091383380341669040e-01 7.815330411837714264e-01 7.504828189820816897e-01 -2.406148819529448368e-01 -6.155323039804463381e-01 -3.794091049479896283e-01 1.481859511588054623e+00 1.805642462138147275e+00
1.583561769670542955e+09 3.843024728041882221e-01 9.187470619122448667e-01 9.063909680027945615e-02 5.581742195731899114e-01 -3.094298374952836883e-01 7.698666873537334254e-01 7.353591980563317643e-01 -2.452692645555098749e-01 -6.317355759701571705e-01 -3.775118006921444613e-01 1.481459648714271493e+00 1.812996953705799497e+00
1.583561769670552015e+09 3.892862392974378860e-01 9.176310769166371450e-01 8.005892089603264261e-02 5.745946900570033655e-01 -3.098499069880294443e-01 7.575183016424844595e-01 7.199285841059702706e-01 -2.488900200020090214e-01 -6.478862492587496025e-01 -3.755068748680170931e-01 1.480966660942372615e+00 1.820317161043865761e+00
1.583561769670562029e+09 3.932631214056300784e-01 9.167652884434854821e-01 6.989651988475628630e-02 5.910999071171383346e-01 -3.103265429212873072e-01 7.445121467042301600e-01 7.042336382937368633e-01 -2.514733443207724517e-01 -6.639398617643699207e-01 -3.733982171693147611e-01 1.480376957664633952e+00 1.827600979598012376e+00
1.583561769670571089e+09 3.962169005456420146e-01 9.161831643119449087e-01 6.017123397374578297e-02 6.076438011240509196e-01 -3.107855846589465121e-01 7.308770972942166821e-01 6.883176438451868995e-01 -2.530231808347136457e-01 -6.798515215690059676e-01 -3.711898901403654638e-01 1.479687107589328532e+00 1.834846364238087668e+00
