1.586175950035130024e+09 3.415039736776064316e-01 -8.092122565630520681e-01 -4.780696182926095772e-01 -2.609286933787058338e-01 4.070278699668995470e-01 -8.753539457234449372e-01 9.029348000436699939e-01 4.236789316389398818e-01 -7.214506178248851487e-02 2.069494804861038151e-01 -4.589549059874206693e-01 6.311106908458191667e-01
1.586175950035235882e+09 3.608344496022903858e-01 -7.988830671150455309e-01 -4.812321115646570058e-01 -2.431900010145395530e-01 4.175467028492845789e-01 -8.755074954550404742e-01 9.003649946447846997e-01 4.329441028988696982e-01 -4.361513920205229572e-02 2.022142128568560904e-01 -4.629634409283530649e-01 6.223851133708542260e-01
1.586175950035263062e+09 3.801578512657860509e-01 -7.883229982688109150e-01 -4.837632258299068844e-01 -2.255738492119563066e-01 4.282164807899684900e-01 -8.750697597239784908e-01 8.969930026854966432e-01 4.417889724752342429e-01 -1.503519593683800247e-02 1.977836361314610214e-01 -4.671402745882806129e-01 6.135788164974841363e-01
1.586175950035281897e+09 3.994619506051009794e-01 -7.775386505144389337e-01 -4.856581072306700997e-01 -2.081016528248033071e-01 4.390233904070282578e-01 -8.740435715794865335e-01 8.928179278575185673e-01 4.502134047919994497e-01 1.356606157429477051e-02 1.936455165269027612e-01 -4.714863102123283412e-01 6.047123203092504840e-01
1.586175950035300016e+09 4.187428800103278892e-01 -7.665332165610952986e-01 -4.869098771776548817e-01 -1.908025493705461095e-01 4.499474724112064727e-01 -8.724343296077029519e-01 8.878337613471097844e-01 4.582293096309040248e-01 4.215580853907999193e-02 1.897857270924307449e-01 -4.760017425127557877e-01 5.958050361651342497e-01
1.586175950035317898e+09 4.380058376731956749e-01 -7.553060550885073443e-01 -4.875075891255279958e-01 -1.737137913750835816e-01 4.609611443357292115e-01 -8.702518844303686052e-01 8.820285738253660357e-01 4.658621972090400964e-01 7.069659366396963129e-02 1.861884115374553283e-01 -4.806859318592558994e-01 5.868750582745592137e-01
1.586175950035334110e+09 4.572652332089609528e-01 -7.438524897808074243e-01 -4.874340776859901747e-01 -1.568807641438186296e-01 4.720278501410486993e-01 -8.675126136211709360e-01 8.753838772421391745e-01 4.731523881070777149e-01 9.914577794824516732e-02 1.828361904196671162e-01 -4.855372918089287948e-01 5.779389666020832150e-01
1.586175950035351038e+09 4.765441849923726658e-01 -7.321638743133758176e-01 -4.866638480973790593e-01 -1.403566869460069755e-01 4.831008472106458340e-01 -8.642416167464052057e-01 8.678742076917485004e-01 4.801558422144323046e-01 1.274548037794527022e-01 1.797104094823684939e-01 -4.905531960265960278e-01 5.690116482715270596e-01
1.586175950035371065e+09 4.958733065017794650e-01 -7.202279525737430577e-01 -4.851611694841119204e-01 -1.242020780975708755e-01 4.941221050326584097e-01 -8.604749789390537806e-01 8.594669905782190700e-01 4.869445983802657141e-01 1.555681535980102392e-01 1.767914264471640851e-01 -4.957299098023124073e-01 5.601061451027327109e-01
1.586175950035389900e+09 5.152887136649395572e-01 -7.080295433740027011e-01 -4.828785638480891929e-01 -1.084840403084905702e-01 5.050212873855260964e-01 -8.562620583407130059e-01 8.501227880527073566e-01 4.936067921358662236e-01 1.834218639976340215e-01 1.740589320014347130e-01 -5.010625523133312997e-01 5.512335348825712078e-01
1.586175950035407066e+09 5.348292051730152430e-01 -6.955515702285753887e-01 -4.797559114710563954e-01 -9.327540115836510659e-02 5.157147867238131012e-01 -8.516677512746512191e-01 8.397960591890512028e-01 5.002462115345152061e-01 2.109414777075381275e-01 1.714922989845321100e-01 -5.065450959757844540e-01 5.424028540415127830e-01
1.586175950035423994e+09 5.545230410337175231e-01 -6.827795476104412398e-01 -4.757271134510405730e-01 -7.864491767962113189e-02 5.261150616470049446e-01 -8.467691061318881607e-01 8.284438267502522990e-01 5.069664994086729992e-01 2.380457825676587091e-01 1.690742565392546193e-01 -5.121722936845034546e-01 5.336213660781538026e-01
1.586175950035439968e+09 5.744041053464276070e-01 -6.696966588218645766e-01 -4.707083057147614102e-01 -6.467418226439738960e-02 5.361094330245493866e-01 -8.416673489203384539e-01 8.160129742242157036e-01 5.138998552601691250e-01 2.646313754316778621e-01 1.667900595142235154e-01 -5.179393392376936411e-01 5.248949439184680266e-01
1.586175950035456896e+09 5.944958441118913806e-01 -6.562892086170543093e-01 -4.646064637210187143e-01 -5.144694394850736485e-02 5.455694602952460004e-01 -8.364850125492843125e-01 8.024511844857343812e-01 5.211894462661074146e-01 2.905747026494301943e-01 1.646250952063674500e-01 -5.238408721697317416e-01 5.162282460023895903e-01
1.586175950035474062e+09 6.148053928829640968e-01 -6.425490514759982785e-01 -4.573237862545300181e-01 -3.904713237627543271e-02 5.543505651205505869e-01 -8.313668099411829493e-01 7.877116544291566935e-01 5.289859805822773042e-01 3.157280190692960953e-01 1.625651158207410407e-01 -5.298710959548293964e-01 5.076247757604928079e-01
1.586175950035490990e+09 6.353175421978766169e-01 -6.284762781926876984e-01 -4.487640677121740862e-01 -2.755631183082089472e-02 5.622921163965489688e-01 -8.264794164313080671e-01 7.717592049596664339e-01 5.374431540577009336e-01 3.399155570403749604e-01 1.605964554992658222e-01 -5.360239285657657504e-01 4.990869867275405936e-01
1.586175950035507917e+09 6.559891628568568223e-01 -6.140820653188543421e-01 -4.388410138227176738e-01 -1.705055234890345134e-02 5.692180883494184496e-01 -8.220097607866309053e-01 7.545776945170687977e-01 5.467119764618575406e-01 3.629304588099613871e-01 1.587062195239202222e-01 -5.422931830065457204e-01 4.906164335646707175e-01
1.586175950035526991e+09 6.767448271217854083e-01 -5.993916085218826684e-01 -4.274881738040424151e-01 -7.596824262853574261e-03 5.749383683863324990e-01 -8.181614517235850093e-01 7.361784616561541927e-01 5.569340826785117438e-01 3.845330939544182591e-01 1.568824331189346000e-01 -5.486727733749839908e-01 4.822139670190285776e-01
1.586175950035547018e+09 6.974742832793040526e-01 -5.844471080733099067e-01 -4.146699918894856118e-01 7.509699648966701446e-04 5.792509940191420403e-01 -8.151488957485073517e-01 7.166094196891192869e-01 5.682339870610629839e-01 4.044515740642457002e-01 1.551141378299590312e-01 -5.551569397162662289e-01 4.738799684109014088e-01
1.586175950035564899e+09 7.180324449684332144e-01 -5.693107775704135953e-01 -4.003931151502048147e-01 7.956002388337230641e-03 5.819455554319670210e-01 -8.131888297357752204e-01 6.959641586858819062e-01 5.807104349967822099e-01 4.223852278572667318e-01 1.533914252738253770e-01 -5.617404833493403471e-01 4.656146173081942563e-01
1.586175950035582066e+09 7.382423616442803649e-01 -5.540678098955666986e-01 -3.847168798691653624e-01 1.400220978130728607e-02 5.828082405635417462e-01 -8.124890726160768351e-01 6.743902088327644595e-01 5.944269652595556286e-01 4.380119055509218429e-01 1.517054002690951808e-01 -5.684190024072154346e-01 4.574181841176123142e-01
1.586175950035599947e+09 7.579014816581558511e-01 -5.388290895391206758e-01 -3.677615484409357260e-01 1.889719136849283415e-02 5.816290256494213162e-01 -8.132346358515177842e-01 6.520952694437288644e-01 6.094020750268492881e-01 4.509998566780430429e-01 1.500480682897093743e-01 -5.751891154275556861e-01 4.492913375845130064e-01
1.586175950035617113e+09 7.767912453360575897e-01 -5.237332466272972553e-01 -3.497125214963682227e-01 2.267371025923230893e-02 5.782112731538865402e-01 -8.155719629369964085e-01 6.293498742371509413e-01 6.255998803010174303e-01 4.610244307697469179e-01 1.484121458897114942e-01 -5.820486592192924968e-01 4.412354558176903585e-01
1.586175950035634995e+09 7.946895789313256353e-01 -5.089473954003417289e-01 -3.308187147034178377e-01 2.538930176950977835e-02 5.723837567886881361e-01 -8.195927150653476989e-01 6.064848362997732334e-01 6.429225333864979630e-01 4.677892256175413821e-01 1.467907972463578237e-01 -5.889968467221537995e-01 4.332529290765925190e-01
1.586175950035653114e+09 8.113853065833983580e-01 -4.946656973074343711e-01 -3.113835774615852925e-01 2.712368369484259578e-02 5.640145131167777492e-01 -8.253192927858464811e-01 5.838820002444591317e-01 6.612060776761072844e-01 4.710502444922850529e-01 1.451773046348515672e-01 -5.960343703723571807e-01 4.253474425870730768e-01
1.586175950035670042e+09 8.266928830128227323e-01 -4.811048951078586433e-01 -2.917481057763091079e-01 2.797401090595531131e-02 5.530250627205597347e-01 -8.326948630709919419e-01 5.619575891952872659e-01 6.802215522600139064e-01 4.706403170026262073e-01 1.435646854369158343e-01 -6.031634364055387110e-01 4.175242277116218981e-01
1.586175950035687923e+09 8.404653913137964949e-01 -4.684962763242215833e-01 -2.722667170605804765e-01 2.804851615421541725e-02 5.394027845827379375e-01 -8.415806063556827699e-01 5.411388055833846744e-01 6.996826961596521732e-01 4.664899977363738959e-01 1.419452732093784142e-01 -6.103877175043446179e-01 4.097902713623018389e-01
1.586175950035706043e+09 8.526038173649275187e-01 -4.570740270009622241e-01 -2.532786303673045802e-01 2.745963357393039345e-02 5.232090455008427954e-01 -8.517618584429254014e-01 5.218358930740562007e-01 7.192604735386820547e-01 4.586411147139422551e-01 1.403102845712810021e-01 -6.177122139096261622e-01 4.021544754815366551e-01
1.586175950035722971e+09 8.630612828012851345e-01 -4.470606225462679384e-01 -2.350787571066429438e-01 2.631792216759742259e-02 5.045809764431716804e-01 -8.629631541685306440e-01 5.044131136903630130e-01 7.386033023383765661e-01 4.472500114181912068e-01 1.386493969370372059e-01 -6.251430168938435505e-01 3.946277608299438300e-01
1.586175950035741091e+09 8.718419202492809772e-01 -4.386507331795778120e-01 -2.178926353090570589e-01 2.472782457099435144e-02 4.837255371690970529e-01 -8.748703559102445348e-01 4.891627550701850846e-01 7.573606401268258015e-01 4.325790795223058427e-01 1.369503639689459429e-01 -6.326869734721090044e-01 3.872231122705011019e-01
1.586175950035798073e+09 8.789951175452456189e-01 -4.319957851683474681e-01 -2.018594190848262138e-01 2.278566315307648665e-02 4.609058367256052557e-01 -8.871564819664045087e-01 4.762860454028967627e-01 7.752067153395840737e-01 4.149772905213216512e-01 1.351986954821124964e-01 -6.403512573166598720e-01 3.799555662725329630e-01
1.586175950035927057e+09 8.846067630144323068e-01 -4.271913012292024581e-01 -1.870253114636878655e-01 2.057958753159867468e-02 4.364213872855818299e-01 -8.995070058453243922e-01 4.658834141338515367e-01 7.918610768998267657e-01 3.948527314424549184e-01 1.333774264345750638e-01 -6.481428565904853167e-01 3.728421441718346996e-01
1.586175950035948992e+09 8.887894697035798597e-01 -4.242686183659970522e-01 -1.733476799922572531e-01 1.819058033373588054e-02 4.105851871738822600e-01 -9.116407774603838554e-01 4.579545626913402168e-01 8.071034281768582064e-01 3.726414831133016969e-01 1.314669962724477892e-01 -6.560679940143920863e-01 3.659017358569146561e-01
1.586175950035963058e+09 8.916734916568122005e-01 -4.231917567817905512e-01 -1.607081871385259431e-01 1.569336233093279395e-02 3.837009708622615700e-01 -9.233240404138577384e-01 4.524070101290867951e-01 8.207815191507529251e-01 3.487772859693951122e-01 1.294452554418958901e-01 -6.641314987777039436e-01 3.591549389045838314e-01
1.586175950035979033e+09 8.933993869656694509e-01 -4.238593656635871731e-01 -1.489321108877746935e-01 1.315619359993482583e-02 3.560436403381251336e-01 -9.343767125805308993e-01 4.490706515661936904e-01 8.328122024433952664e-01 3.236655458414289810e-01 1.272876104669077579e-01 -6.723361537728776982e-01 3.526238579265388307e-01
1.586175950035990953e+09 8.941127973500345716e-01 -4.261109230495020994e-01 -1.378106926826007661e-01 1.063904391251862050e-02 3.278450420723919567e-01 -9.446716039985759705e-01 4.477154414564210039e-01 8.431767963289198420e-01 2.976638604458323178e-01 1.249673130731851073e-01 -6.806820446313981421e-01 3.463318677841533133e-01
1.586175950036003113e+09 8.939611233904568577e-01 -4.297360423871994239e-01 -1.271237345452079781e-01 8.190160998802429801e-03 2.992861215427728427e-01 -9.541282612850126021e-01 4.480696723597902831e-01 8.519124083747104947e-01 2.710697647656877263e-01 1.224558916698569033e-01 -6.891659399320588797e-01 3.403033441480000088e-01
1.586175950036014080e+09 8.930914479616673951e-01 -4.344859127510417030e-01 -1.166604360676214147e-01 5.841562626273246600e-03 2.704954519321391970e-01 -9.627035301161900316e-01 4.498372393250026913e-01 8.591008103354045300e-01 2.441152514675115071e-01 1.197237163454607373e-01 -6.977807330516180295e-01 3.345633640371409312e-01
1.586175950036026955e+09 8.916490124023075392e-01 -4.400860288081816507e-01 -1.062371219240004494e-01 3.604338540069149457e-03 2.415533902515079323e-01 -9.703808369242223897e-01 4.527129858816222874e-01 8.648562002531948734e-01 2.169670608624417185e-01 1.167406817582331419e-01 -7.065149756936975889e-01 3.291373780171138463e-01
1.586175950036040068e+09 8.897756748808628435e-01 -4.462495372700278073e-01 -9.571101828656931876e-02 1.464778705113885596e-03 2.125005856018202521e-01 -9.771598414846425218e-01 4.563957744921758874e-01 8.693128618698001686e-01 1.897315087563455349e-01 1.134769882292330084e-01 -7.153525306159738140e-01 3.240508525121075789e-01
1.586175950036051035e+09 8.876079778960351829e-01 -4.526906770215232689e-01 -8.498957970226349301e-02 -6.177364356073269253e-04 1.833492549093501400e-01 -9.830476435015474967e-01 4.605992793504808946e-01 8.726134320910086117e-01 1.624626178470080506e-01 1.099039964707943656e-01 -7.242723693226629234e-01 3.193288803066577364e-01
1.586175950036061049e+09 8.852746679141513253e-01 -4.591378532496352416e-01 -7.403508767919812772e-02 -2.710390842508520002e-03 1.540955360141883224e-01 -9.880522353752579923e-01 4.650606587238634848e-01 8.748982784839035576e-01 1.351724314154431339e-01 1.059951266365809913e-01 -7.332485379709583473e-01 3.149957582007776313e-01
1.586175950036077023e+09 8.828937124859753682e-01 -4.653458476484991224e-01 -6.286441500477700506e-02 -4.903788818360828826e-03 1.247313008823329183e-01 -9.921784394470025692e-01 4.695472771406574153e-01 8.762963795733984540e-01 1.078425235140735849e-01 1.017267675386298170e-01 -7.422503111348003335e-01 3.110745333047459371e-01
1.586175950036087990e+09 8.805690869533171483e-01 -4.711064531478330597e-01 -5.154408840527879149e-02 -7.306126655385018417e-03 9.525402554084487494e-02 -9.954261858116969508e-01 4.738614816360448012e-01 8.769181151136097307e-01 8.043578686642272046e-02 9.707915652337574530e-02 -7.512425477373047000e-01 3.075865242877421357e-01
1.586175950036099911e+09 8.783877882358951394e-01 -4.762566166217642727e-01 -4.018119892316773106e-02 -1.003531756664950876e-02 6.567368255323161041e-02 -9.977906895182463431e-01 4.778432651432730216e-01 8.768503878851704458e-01 5.290757435732879738e-02 9.203718346835437769e-02 -7.601862549817107739e-01 3.045508328334498582e-01
1.586175950036113024e+09 8.764175457618504916e-01 -4.806832931775808504e-01 -2.891119654375387885e-02 -1.321007797867120373e-02 3.601616914186477059e-02 -9.992638939080135119e-01 4.813707297754856174e-01 8.761543285333380782e-01 2.521533876921490044e-02 8.659107046718679535e-02 -7.690393533950277138e-01 3.019838665638728270e-01
1.586175950036124945e+09 8.747056357679608984e-01 -4.843244903165037640e-01 -1.788404261589011252e-02 -1.694118083985221221e-02 6.323389005181381806e-03 -9.998364923382744296e-01 4.843583872631779252e-01 8.748655913999556777e-01 -2.673924784558093237e-03 8.073688065253740997e-02 -7.777576209755235892e-01 2.998988998554841801e-01
1.586175950036138058e+09 8.732790467258646494e-01 -4.871664373461651598e-01 -7.250449494401133704e-03 -2.132404738256701848e-02 -2.334935069770562380e-02 -9.994999215073933074e-01 4.867535225534240784e-01 8.729969474901226878e-01 -3.077885891802013482e-02 7.447681546888132442e-02 -7.862957778071423265e-01 2.983057030751418703e-01
1.586175950036148071e+09 8.721460123646035401e-01 -4.892373760507374159e-01 2.850111641820368344e-03 -2.643357394864738474e-02 -5.293760304149985191e-02 -9.982479033890256925e-01 4.885310629335317123e-01 8.705425895602040276e-01 -5.910161175790062948e-02 6.781927276687030326e-02 -7.946086572356648725e-01 2.972102693969641551e-01
1.586175950036160946e+09 8.712986743483031038e-01 -4.905989913687728299e-01 1.229836947294733057e-02 -3.232161295290839065e-02 -8.237258194478956630e-02 -9.960773420512760712e-01 4.896875877352777628e-01 8.674833644446349190e-01 -8.762807216500412277e-02 6.077865728646519861e-02 -8.026524000319663621e-01 2.966146607592569651e-01
1.586175950036183119e+09 8.707164920781328421e-01 -4.913367201690964636e-01 2.100042812626445876e-02 -3.901715004256086500e-02 -1.115855159021006959e-01 -9.929885875031403408e-01 4.902350993080851760e-01 8.637921626343473269e-01 -1.163299075019098849e-01 5.337495576078213344e-02 -8.103856061617439321e-01 2.965169835457226455e-01
1.586175950036196947e+09 8.703698582552688023e-01 -4.915503199888954788e-01 2.888932163236797648e-02 -4.652858415441325779e-02 -1.405109233190627860e-01 -9.889852231214951717e-01 4.901952680985336430e-01 8.594387491374243515e-01 -1.451676128357832773e-01 4.563310605131312009e-02 -8.177703836465196607e-01 2.969114943076306412e-01
1.586175950036206961e+09 8.702234752179909272e-01 -4.913457023694956516e-01 3.592358678376278425e-02 -5.484739205538183976e-02 -1.690885673131857780e-01 -9.840735847774600975e-01 4.895945944700009211e-01 8.543936196725254728e-01 -1.740938710298816083e-01 3.758220194595673913e-02 -8.247732433254947315e-01 2.977888275212698388e-01
1.586175950036216021e+09 8.702391635074002707e-01 -4.908286301459369727e-01 4.208389563555189200e-02 -6.395233830009101894e-02 -1.972641932359307793e-01 -9.782622024595407639e-01 4.884607424298078593e-01 8.486307171346046951e-01 -2.030566651012990498e-01 2.925458269119626808e-02 -8.313658001869902447e-01 2.991363310427703759e-01
1.586175950036227942e+09 8.703779698670827125e-01 -4.901003965839741405e-01 4.736867090332654018e-02 -7.381366139977885155e-02 -2.249893139284418475e-01 -9.715612962015475196e-01 4.868200212946161565e-01 8.421290934607343903e-01 -2.320018470082613471e-01 2.068486056007447574e-02 -8.375252567487222466e-01 3.009384885342981097e-01
1.586175950036237955e+09 8.706015634467610953e-01 -4.892553124554951394e-01 5.178954627134396693e-02 -8.439676571677266759e-02 -2.522203926374721461e-01 -9.639823959712182644e-01 4.846958879900555295e-01 8.348737107713956052e-01 -2.608750341252780158e-01 1.190893938761325953e-02 -8.432346594924623462e-01 3.031774039077209104e-01
1.586175950036247015e+09 8.708730168243498104e-01 -4.883796156389083043e-01 5.536731653700194961e-02 -9.566512000415608452e-02 -2.789177675940625045e-01 -9.555381018059918574e-01 4.821082591671743134e-01 8.268556283371237825e-01 -2.896228522260459459e-01 2.963072586389114971e-03 -8.484829340492351379e-01 3.058333209840657374e-01
1.586175950036256075e+09 8.711571343096666808e-01 -4.875513250434448387e-01 5.812876168138501887e-02 -1.075822291756664134e-01 -3.050446022547439462e-01 -9.462419642295000211e-01 4.790733884113348440e-01 8.180718160690588769e-01 -3.181936398972917690e-01 -6.116998145463571970e-03 -8.532647184549104757e-01 3.088851511836788188e-01
1.586175950036266088e+09 8.714205118200583078e-01 -4.868405730364523398e-01 6.010447711832309081e-02 -1.201126892650030420e-01 -3.305660593258560320e-01 -9.361084459438266947e-01 4.756040723495258415e-01 8.085247906089223502e-01 -3.465377750503955689e-01 -1.529679252751604823e-02 -8.575800221779372734e-01 3.123109858332973054e-01
1.586175950036277056e+09 8.716314886046433452e-01 -4.863100635186591303e-01 6.132756589162584315e-02 -1.332225139579993889e-01 -3.554487721754758800e-01 -9.251529237924508431e-01 4.717099850840874020e-01 7.982222075590319488e-01 -3.746077916075549186e-01 -2.454370902729892390e-02 -8.614337459699312749e-01 3.160885726749895763e-01
1.586175950036286116e+09 8.717601002719301828e-01 -4.860154439359268275e-01 6.183296834617200283e-02 -1.468789454085959179e-01 -3.796606182763580528e-01 -9.133916961488839359e-01 4.673980136371095329e-01 7.871764753509661316e-01 -4.023584144809795315e-01 -3.382749971933354111e-02 -8.648350988049705590e-01 3.201957424357559923e-01
1.586175950036295891e+09 8.717780906250197637e-01 -4.860055066422550030e-01 6.165718420800932187e-02 -1.610499596338374473e-01 -4.031707518951747060e-01 -9.008419703734288353e-01 4.626725314869487571e-01 7.754044057710580695e-01 -4.297465954720577352e-01 -4.312060139183496177e-02 -8.677969461540308016e-01 3.246107776282941004e-01
1.586175950036304951e+09 8.716590027336713620e-01 -4.863222142176391039e-01 6.083820392364493873e-02 -1.757036170322941182e-01 -4.259498465719163685e-01 -8.875218123715002960e-01 4.575355965404772629e-01 7.629268853059649746e-01 -4.567315905181317248e-01 -5.239832834703270215e-02 -8.703351233167976320e-01 3.293127190785239411e-01
1.586175950036314964e+09 8.713783236421988043e-01 -4.870006406343352912e-01 5.941542941963139091e-02 -1.908074561392298640e-01 -4.479704401249502421e-01 -8.734500556551569872e-01 4.519870926884594353e-01 7.497685382531579235e-01 -4.832750844915248978e-01 -6.163893849503806338e-02 -8.724677478800866304e-01 3.342816073577141167e-01
1.586175950036324024e+09 8.709136559536944100e-01 -4.880689019598634104e-01 5.742953036482376095e-02 -2.063279852370931422e-01 -4.692073295890299423e-01 -8.586461696391569642e-01 4.460248497253203048e-01 7.359573553932101664e-01 -5.093413439646061747e-01 -7.082358970187201119e-02 -8.742145605886023629e-01 3.394986603320339635e-01
1.586175950036334038e+09 8.702449175712614338e-01 -4.895480801958161376e-01 5.492231570901141141e-02 -2.222302028515883154e-01 -4.896380367287774815e-01 -8.431300790488930330e-01 4.396447663460800181e-01 7.215242686994165489e-01 -5.348973820311765381e-01 -7.993620665662135027e-02 -8.755963177868471004e-01 3.449463913687179084e-01
1.586175950036344051e+09 8.693545185936278896e-01 -4.914522573092454660e-01 5.193649902862022827e-02 -2.384772844487646204e-01 -5.092432320851074667e-01 -8.269219525720179487e-01 4.328409707951623719e-01 7.065026606587815339e-01 -5.599131045838251497e-01 -8.896328026240493680e-02 -8.766342536157906151e-01 3.506086740795984480e-01
1.586175950036354065e+09 8.682274752347617364e-01 -4.937887336006992478e-01 4.851533738262620021e-02 -2.550304805130272912e-01 -5.280070453016879606e-01 -8.100419831028130568e-01 4.256060449001157764e-01 6.909278159381884166e-01 -5.843614017959253282e-01 -9.789362133652498854e-02 -8.773496225861413533e-01 3.564707615664541862e-01
1.586175950036362886e+09 8.668514656221126824e-01 -4.965584010171589791e-01 4.470224908143572567e-02 -2.718491401013223840e-01 -5.459172815147789182e-01 -7.925101684128397217e-01 4.179313122708675499e-01 6.748363329568535240e-01 -6.082181698588349228e-01 -1.067180882489315308e-01 -8.777633257494434904e-01 3.625192694462658349e-01
1.586175950036372900e+09 8.652168392680292808e-01 -4.997562312498053383e-01 4.054048000324561585e-02 -2.888908001591535823e-01 -5.629655618223118330e-01 -7.743460996567071986e-01 4.098071825075050301e-01 6.582655130602479421e-01 -6.314622614870364359e-01 -1.154293048870840832e-01 -8.778956181338742892e-01 3.687421319367948924e-01
1.586175950036381960e+09 8.633165939157374513e-01 -5.033718384256465894e-01 3.607285814259318657e-02 -3.061113031301765930e-01 -5.791474017692148646e-01 -7.555687641690697065e-01 4.012235399037007433e-01 6.412527422622561479e-01 -6.540753716276230811e-01 -1.240213820460067118e-01 -8.777658920341709914e-01 3.751285390176355428e-01
1.586175950036391973e+09 8.611463307724408489e-01 -5.073900847649387424e-01 3.134164999248364308e-02 -3.234649262643523593e-01 -5.944622338905547476e-01 -7.361963693354586225e-01 3.921701654691438499e-01 6.238348776034327026e-01 -6.760418677884880712e-01 -1.324896516091342846e-01 -8.773925276158266451e-01 3.816688619290478091e-01
1.586175950036401033e+09 8.587041924702107920e-01 -5.117917121048897178e-01 2.638850885688369050e-02 -3.409045265305625794e-01 -6.089133681149604405e-01 -7.162461966320869955e-01 3.826371830314014844e-01 6.060476496988699280e-01 -6.973485732815423166e-01 -1.408304202089411539e-01 -8.767928021235948943e-01 3.883545722628001240e-01
1.586175950036411047e+09 8.559907886731613624e-01 -5.165539815386430700e-01 2.125450559611460552e-02 -3.583817018558678180e-01 -6.225078882630010746e-01 -6.957344932467366405e-01 3.726155199368431092e-01 5.879250916232802160e-01 -7.179845131640979483e-01 -1.490407475781119762e-01 -8.759828501766296904e-01 3.951781575742926433e-01
1.586175950036423922e+09 8.530090510025626349e-01 -5.216514119323253373e-01 1.598009641960575211e-02 -3.758471064619340885e-01 -6.352563620346535211e-01 -6.746764463998660144e-01 3.620973787411526090e-01 5.694990422083691106e-01 -7.379406002071370319e-01 -1.571182529766876335e-01 -8.749776672073448225e-01 4.021330355676841495e-01
1.586175950036433935e+09 8.497639607123641525e-01 -5.270566831239993366e-01 1.060490422516038693e-02 -3.932510231905335107e-01 -6.471722594576946319e-01 -6.530862880325104536e-01 3.510766925565956820e-01 5.507988013012296014e-01 -7.572092423037262154e-01 -1.650609504641292469e-01 -8.737911466468608612e-01 4.092134691526706503e-01
1.586175950036442995e+09 8.462622215264982151e-01 -5.327415413447499359e-01 5.167464321818370648e-03 -4.105440049773168010e-01 -6.582712404926273075e-01 -6.309774910292322847e-01 3.395495142388101906e-01 5.318509417283994178e-01 -7.757839282714845686e-01 -1.728671114559501565e-01 -8.724361411513691378e-01 4.164144846953539147e-01
1.586175950036453009e+09 8.425117834538072836e-01 -5.386778329244567010e-01 -2.953001140498208790e-04 -4.276777764783633029e-01 -6.685701441899479791e-01 -6.083631169559984286e-01 3.275142965990211485e-01 5.126793878872298871e-01 -7.936587622904173189e-01 -1.805351525906109256e-01 -8.709245403905255811e-01 4.237317944787444279e-01
1.586175950036463022e+09 8.385211695687256883e-01 -5.448386892320734587e-01 -5.749003899257255391e-03 -4.446064546156620612e-01 -6.780856252620257596e-01 -5.852563417812416402e-01 3.149719811841649730e-01 4.933058763880140418e-01 -8.108279494390341346e-01 -1.880635473938970792e-01 -8.692673602009842737e-01 4.311617231240614800e-01
1.586175950036472082e+09 8.342986475034566141e-01 -5.511997393243297516e-01 -1.116307697524599081e-02 -4.612879516439257199e-01 -6.868325748409537246e-01 -5.616711137966413636e-01 3.019258065768405386e-01 4.737508434350801156e-01 -8.272852868684466010e-01 -1.954507593805324683e-01 -8.674748380325830732e-01 4.387011380555845830e-01
1.586175950036480904e+09 8.298513716123953055e-01 -5.577401271278730199e-01 -1.651217033801322814e-02 -4.776852715418716255e-01 -6.948226228699359019e-01 -5.376228272387378881e-01 2.883807944768877474e-01 4.540346611086648054e-01 -8.430237506086957211e-01 -2.026951924772714408e-01 -8.655565291441122966e-01 4.463473851274996629e-01
1.586175950036490917e+09 8.251846116799257391e-01 -5.644431750344131027e-01 -2.177748719623896767e-02 -4.937674646829046665e-01 -7.020629764000460016e-01 -5.131289002355915452e-01 2.743429381421427227e-01 4.341790868675082793e-01 -8.580352399639344929e-01 -2.097951547913728121e-01 -8.635213996973732931e-01 4.540982300777578473e-01
1.586175950036503077e+09 8.203010871056288789e-01 -5.712967090119527303e-01 -2.694804093615826845e-02 -5.095102174644219328e-01 -7.085556359432448881e-01 -4.882092270128493006e-01 2.598181383908867437e-01 4.142088617980805298e-01 -8.723104687968418203e-01 -2.167488323929200322e-01 -8.613779145543625226e-01 4.619518059146055511e-01
1.586175950036520004e+09 8.152003736377181342e-01 -5.782931312538536206e-01 -3.202195044651574146e-02 -5.248961463818367923e-01 -7.142969243918616540e-01 -4.628865299248696163e-01 2.448109200620492143e-01 3.941534704844775194e-01 -8.858389556375065865e-01 -2.235542723549142075e-01 -8.591341200442396131e-01 4.699065646972346300e-01
1.586175950036535025e+09 8.098784360521436021e-01 -5.854292030775740674e-01 -3.700766334898027837e-02 -5.399146889174514241e-01 -7.192774248423341454e-01 -4.371865906811586711e-01 2.293230205605990002e-01 3.740489733193455013e-01 -8.986091018909390105e-01 -2.302093739850006315e-01 -8.567977214872757319e-01 4.779612328000248933e-01
1.586175950036550999e+09 8.043273565375980150e-01 -5.927054947590271183e-01 -4.192493473528167286e-02 -5.545614725755922958e-01 -7.234824355466795698e-01 -4.111383451568321190e-01 2.133520023647099140e-01 3.539397718286139138e-01 -9.106083467695709199e-01 -2.367118869510649037e-01 -8.543761550890088818e-01 4.861147691784869496e-01
1.586175950036576033e+09 7.985353548949055691e-01 -6.001254474823831675e-01 -4.680528187926778771e-02 -5.688370294479320188e-01 -7.268930752960559571e-01 -3.847738183446970384e-01 1.968901246064160004e-01 3.338800750478204682e-01 -9.218233966004906188e-01 -2.430594159839083168e-01 -8.518766544044998890e-01 4.943663257392446608e-01
1.586175950036598921e+09 7.924869808765743207e-01 -6.076942500923826485e-01 -5.169220144905579267e-02 -5.827451501135733070e-01 -7.294877602484756141e-01 -3.581280468419566487e-01 1.799235265850423759e-01 3.139351942591772637e-01 -9.322404296039664695e-01 -2.492494323299732639e-01 -8.493063116000607593e-01 5.027152088785171724e-01
1.586175950036616087e+09 7.861635149024345237e-01 -6.154175206988422575e-01 -5.664100279833068907e-02 -5.962908759075465914e-01 -7.312440839703119311e-01 -3.312390092303343914e-01 1.624318915942954689e-01 2.941825368992896372e-01 -9.418452716758367593e-01 -2.552792926724015143e-01 -8.466721336756157790e-01 5.111608411866018775e-01
1.586175950036633968e+09 7.795436114055994681e-01 -6.232997967916392712e-01 -6.171807985572898975e-02 -6.094781704036537073e-01 -7.321411179207902853e-01 -3.041475686556995850e-01 1.443887737394707604e-01 2.747121164224736178e-01 -9.506235507866563905e-01 -2.611462664743159356e-01 -8.439810935102616263e-01 5.197027224434654924e-01
1.586175950036654949e+09 7.726042125473144839e-01 -6.313428625450926424e-01 -6.699940904495736704e-02 -6.223073654729800452e-01 -7.321621216812618238e-01 -2.768974010736383051e-01 1.257627683323968570e-01 2.556263242069666264e-01 -9.585608528806818240e-01 -2.668475722182587773e-01 -8.412401750605376094e-01 5.283403895495984992e-01
1.586175950036674023e+09 7.653216820164018275e-01 -6.395440330397744733e-01 -7.256826430104595937e-02 -6.347726407539399096e-01 -7.312974969404555381e-01 -2.495348989359151004e-01 1.065195655958783294e-01 2.370388173057187964e-01 -9.656428850445204493e-01 -2.723804221508566159e-01 -8.384564116176683735e-01 5.370733756876777676e-01
1.586175950036711931e+09 7.576731108817426064e-01 -6.478945197591344796e-01 -7.851209115622985457e-02 -6.468597917007226084e-01 -7.295478135890345328e-01 -2.221089773881742557e-01 8.662486478462537443e-02 2.190723147506261625e-01 -9.718556754541187725e-01 -2.777420745082960774e-01 -8.356369159504890565e-01 5.459011694296707073e-01
1.586175950036730051e+09 7.496376289192432374e-01 -6.563780926672130311e-01 -8.491893145669865417e-02 -6.585446922605322495e-01 -7.269265257391861468e-01 -1.946707855336817228e-01 6.604781508420330682e-02 2.018554576392190270e-01 -9.771857860946391305e-01 -2.829298910038574033e-01 -8.327889011787410478e-01 5.548231751480501295e-01
1.586175950036750078e+09 7.411976150168982924e-01 -6.649701743233409346e-01 -9.187362460743740689e-02 -6.697926713494054551e-01 -7.234621165755829031e-01 -1.672732601304476874e-01 4.476464202559291006e-02 1.855188218875295503e-01 -9.816205446868545570e-01 -2.879413966512296419e-01 -8.299196916426040405e-01 5.638386763517913014e-01
1.586175950036770105e+09 7.323396702982374329e-01 -6.736374834299559966e-01 -9.945425265158702732e-02 -6.805589618673367758e-01 -7.191993800134129922e-01 -1.399705378943679190e-01 2.276196404994517211e-02 1.701904604828710643e-01 -9.851482631333979834e-01 -2.927743384524889581e-01 -8.270367236426592328e-01 5.729468036690584798e-01
1.586175950036789894e+09 7.230552798072945597e-01 -6.823382480097153202e-01 -1.077291872738690842e-01 -6.907901715223376815e-01 -7.141996951790863246e-01 -1.128172619872643417e-01 3.938017418020356430e-05 1.559913806616606280e-01 -9.877584157120627983e-01 -2.974267387614069613e-01 -8.241475366526553881e-01 5.821465093204930552e-01
1.586175950036802053e+09 7.133411548243070444e-01 -6.910229298548044019e-01 -1.167549030819146766e-01 -7.004265525730176689e-01 -7.085403034881135875e-01 -8.586782314530400084e-02 -2.338891973349938036e-02 1.430312863612477892e-01 -9.894417667336871114e-01 -3.018969402939100100e-01 -8.212597565008994405e-01 5.914365490526278801e-01
1.586175950036818981e+09 7.031992766385715132e-01 -6.996353534696625465e-01 -1.265746801506191788e-01 -7.094047723689123064e-01 -7.023126903844860713e-01 -5.917562110515107998e-02 -4.749364756027069090e-02 1.314049360918044806e-01 -9.901904344183813933e-01 -3.061836400927233082e-01 -8.183810725902525007e-01 6.008154721223726291e-01
1.586175950036834955e+09 6.926366806776046436e-01 -7.081140610951626169e-01 -1.372184579569665774e-01 -7.176608530996122504e-01 -6.956202623129530416e-01 -3.279254268974539366e-02 -7.223107913586966633e-02 1.211896334952170390e-01 -9.899978505742808021e-01 -3.102859109992877062e-01 -8.155192116297138583e-01 6.102816191433361181e-01
1.586175950036849022e+09 6.816651049649963268e-01 -7.163937259853447870e-01 -1.487034437622638816e-01 -7.251329153485533974e-01 -6.885756608622801700e-01 -6.768649366409223989e-03 -9.754455411439436063e-02 1.124437137566738493e-01 -9.888586710955031833e-01 -3.142032111673572214e-01 -8.126819103171892822e-01 6.198331266068741741e-01
1.586175950036864996e+09 6.703005853170560524e-01 -7.244065134819771545e-01 -1.610351784342775316e-01 -7.317635071373271849e-01 -6.812979709403119699e-01 1.884793576910612570e-02 -1.233665077442913371e-01 1.052058845444413387e-01 -9.867686794916692428e-01 -3.179353835152531893e-01 -8.098768889517473646e-01 6.294679363546524797e-01
1.586175950036880016e+09 6.585630539550023643e-01 -7.320832919241101466e-01 -1.742089486676279275e-01 -7.375014018544976402e-01 -6.739100253778774752e-01 4.401091030531943671e-02 -1.496208091020638231e-01 9.949538433953353245e-02 -9.837246983685555834e-01 -3.214826475385446081e-01 -8.071118273244810570e-01 6.391838082309888591e-01
1.586175950036892891e+09 6.464759830190447421e-01 -7.393546693150255811e-01 -1.882112549410646096e-01 -7.423028392791608532e-01 -6.665359461859990953e-01 6.867552335508381178e-02 -1.762251357400395069e-01 9.531267243676351530e-02 -9.797245511917622718e-01 -3.248455853354361711e-01 -8.043943437781853056e-01 6.489783345963003880e-01
1.586175950036904097e+09 6.340660875813197705e-01 -7.461518502650009710e-01 -2.030212133504653571e-01 -7.461322511425930726e-01 -6.592989895644992826e-01 9.279820274218690546e-02 -2.030932314815372675e-01 9.264048157992260668e-02 -9.747670904890871624e-01 -3.280251232894381141e-01 -8.017319780133168594e-01 6.588489557066499192e-01
1.586175950036914110e+09 6.213631022387521297e-01 -7.524072959468485200e-01 -2.186118851459062096e-01 -7.489625299073779940e-01 -6.523197406457705849e-01 1.163360865193506927e-01 -2.301369684788240333e-01 9.144515892523295830e-02 -9.688522894900176707e-01 -3.310225113837504396e-01 -7.991321777186840558e-01 6.687929748745260472e-01
1.586175950036982059e+09 6.083996355878494855e-01 -7.580552058409989469e-01 -2.349514597928556714e-01 -7.507749241359935599e-01 -6.457146611938380243e-01 1.392465075898975391e-01 -2.572681422073573865e-01 9.167813990756777665e-02 -9.619814041184978626e-01 -3.338393014476564447e-01 -7.966022889185617739e-01 6.788075727479260246e-01
