1.592830852558923006e+09 4.820033261261487678e-01 -6.238548082326013100e-01 -6.152056390213330728e-01 -8.221811647892468544e-01 -7.938609077141739467e-02 -5.636630073012772746e-01 3.028051059548212409e-01 7.774979302931583902e-01 -5.511860307641283097e-01 -5.398975260071787741e-01 -1.780582389657835718e-01 3.515143964479809924e-01
1.592830852558969021e+09 4.535978134495103897e-01 -7.087577302336846019e-01 -5.402883581043291805e-01 -8.399555574862281881e-01 -1.373687571692559783e-01 -5.249804672022223562e-01 2.978652234290172229e-01 6.919481984392147345e-01 -6.576351599939566084e-01 -5.480726045448394146e-01 -1.891364450772554662e-01 3.478312507384216934e-01
1.592830852558988094e+09 4.313837788929358874e-01 -7.800100730818548822e-01 -4.533126157897473529e-01 -8.560542861753186461e-01 -1.953172674989660240e-01 -4.785626699604692558e-01 2.847439211191762909e-01 5.945043784463199810e-01 -7.519876645968345263e-01 -5.557056127287830494e-01 -2.008528861972565527e-01 3.450769240315087472e-01
1.592830852559003115e+09 4.149552364027264129e-01 -8.369843166356600861e-01 -3.567483874149227630e-01 -8.701382714701253462e-01 -2.505039222710656599e-01 -4.243903608611825362e-01 2.658412053147359289e-01 4.865234257912728344e-01 -8.322399978522435626e-01 -5.627518341985557893e-01 -2.131073658647132940e-01 3.432596147177645052e-01
1.592830852559015036e+09 4.034835372146479693e-01 -8.793266130146777382e-01 -2.529540457793556518e-01 -8.820924283854064685e-01 -3.003571094137686970e-01 -3.629029616189873853e-01 2.431336856228060728e-01 3.695542176444833182e-01 -8.968364931516862315e-01 -5.691742234064012251e-01 -2.257996570687819671e-01 3.423748645173754213e-01
1.592830852559027910e+09 3.958747022717654107e-01 -9.069187926145769740e-01 -1.441580040754329717e-01 -8.920231392537518733e-01 -3.424892112044941039e-01 -2.949506131312411017e-01 2.181236924605104432e-01 2.453557604584971352e-01 -9.445753595712708117e-01 -5.749436934365135254e-01 -2.388317837940091837e-01 3.424066552750511527e-01
1.592830852559040070e+09 3.909011996146220524e-01 -9.198596787134735164e-01 -3.247198873257476498e-02 -9.002244038889284372e-01 -3.747289464684236404e-01 -2.217526646143828661e-01 1.918131404156548092e-01 1.159154587348028703e-01 -9.745621221359647146e-01 -5.800390849444433394e-01 -2.521099906786657963e-01 3.433287883306311850e-01
1.592830852559051991e+09 3.873152046596288756e-01 -9.184625617007915466e-01 8.008408973537267661e-02 -9.071179519422647441e-01 -3.951619490718686345e-01 -1.448587595276279449e-01 1.646935321639139693e-01 -1.653971547673115453e-02 -9.862061055313404712e-01 -5.844468584689561652e-01 -2.655463438778049023e-01 3.451064461513623227e-01
1.592830852559062958e+09 3.839515969545890806e-01 -9.032640959458806407e-01 1.915597833741349565e-01 -9.131703099707033644e-01 -4.021816836793721817e-01 -6.610509241295217664e-02 1.367521926518686370e-01 -1.495455505921884642e-01 -9.792522506560585871e-01 -5.881605615784276653e-01 -2.790599370990793360e-01 3.476978414372353110e-01
1.592830852559076071e+09 3.798272659928411121e-01 -8.750386735676697336e-01 3.000642834537132764e-01 -9.187897207627001572e-01 -3.945511520968484342e-01 1.244356628700651543e-02 1.075021070187049815e-01 -2.804223841278120632e-01 -9.538378204802867577e-01 -5.911801250506849570e-01 -2.925777031223845692e-01 3.510558706567630249e-01
1.592830852559087992e+09 3.742393354596923460e-01 -8.348111107760135541e-01 4.037763434809675811e-01 -9.242086301686299743e-01 -3.714737376120108570e-01 8.857581570879105581e-02 7.604823250063204310e-02 -4.063221344220095954e-01 -9.105597145296091544e-01 -5.935110439084931855e-01 -3.060348519208659357e-01 3.551297000047921593e-01
1.592830852559098959e+09 3.749690086637063602e-01 -7.797563965681570952e-01 5.013763167402844889e-01 -9.259389514909318608e-01 -3.413428626752463280e-01 1.616233682195489241e-01 4.511437226784073551e-02 -5.248476134667547921e-01 -8.499998119794507367e-01 -5.953822995583776256e-01 -3.194194074187061139e-01 3.596547633724179738e-01
1.592830852559109926e+09 3.817326698141628172e-01 -7.109454670477366456e-01 5.906240073990227657e-01 -9.241351684333146688e-01 -3.046094700259893151e-01 2.306236461798864545e-01 1.594883037563569333e-02 -6.338529946254425340e-01 -7.732890923360933311e-01 -5.968080982083231456e-01 -3.327120646498462064e-01 3.645940430778253916e-01
1.592830852559122086e+09 3.940523425354314213e-01 -6.297114563524698339e-01 6.694671310199212799e-01 -9.190305660588180547e-01 -2.618241192667016826e-01 2.946709252062627016e-01 -1.027501506135850701e-02 -7.313765222654022846e-01 -6.818964811878893695e-01 -5.978035495819158385e-01 -3.458976068133962078e-01 3.699114368453656487e-01
1.592830852559134960e+09 4.112694364564759564e-01 -5.376209771234747858e-01 7.360850100557861930e-01 -9.109343742578437375e-01 -2.136273176749741987e-01 3.529333363123366984e-01 -3.249649832962736573e-02 -8.156758295877216680e-01 -5.775958127745264292e-01 -5.983842627574931239e-01 -3.589644487090172253e-01 3.755722262908027242e-01
1.592830852559146881e+09 4.325661473951357139e-01 -4.364412773296100223e-01 7.889268318455661122e-01 -9.002256542996383004e-01 -1.607391504070138089e-01 4.046686321044788981e-01 -4.980266542318630141e-02 -8.852581215128235703e-01 -4.624259477195288293e-01 -5.985659881784273217e-01 -3.719041532946024686e-01 3.815434190671405101e-01
1.592830852559159040e+09 4.569935581046165596e-01 -3.281043719751758347e-01 8.267432584405584040e-01 -8.873441967725064217e-01 -1.039480767902119795e-01 4.492383317659595088e-01 -6.145868836868197127e-02 -9.389048530219255007e-01 -3.386451105624426194e-01 -5.983643107079400503e-01 -3.847109479990338254e-01 3.877939756551144201e-01
1.592830852559170961e+09 4.835052105335467809e-01 -2.146691843111966369e-01 8.486105462044000181e-01 -8.727787806052529351e-01 -4.409886408049541046e-02 4.861198363100487363e-01 -6.693218695231079041e-02 -9.756907481309484709e-01 -2.086807386258312524e-01 -5.977943943291527118e-01 -3.973812611497209435e-01 3.942949357417272482e-01
1.592830852559182882e+09 5.109947226036744006e-01 -9.828261866339628450e-02 8.539466767750275578e-01 -8.570532283119857153e-01 1.792027893797789456e-02 5.149161411189973059e-01 -6.591026873555029530e-02 -9.949971833524671183e-01 -7.507626727425981139e-02 -5.968707770442446270e-01 -4.099132930845205136e-01 4.010194601679748505e-01
1.592830852559195042e+09 5.383358912585358702e-01 1.885965740143978608e-02 8.425193101293478870e-01 -8.407107729385784323e-01 8.119122067048592517e-02 5.353628553543338109e-01 -5.830841056212663492e-02 -9.965200968168534956e-01 5.956366518120746745e-02 -5.956072116008622741e-01 -4.223066307024265775e-01 4.079428052497905410e-01
1.592830852559206009e+09 5.644236261226266427e-01 1.345521072024234988e-01 8.144456440777536610e-01 -8.242973317979968018e-01 1.447798473748737047e-01 5.473323574638196964e-01 -4.427059342608734988e-02 -9.802726817410927218e-01 1.926281088050238177e-01 -5.940165479053859388e-01 -4.345619101600558531e-01 4.150422444168176406e-01
1.592830852559217930e+09 5.882139544880440329e-01 2.466173950425097350e-01 7.701845302544306771e-01 -8.083443693170855315e-01 2.077502395315254935e-01 5.508350238592749637e-01 -2.416052144820796804e-02 -9.465831726638346266e-01 3.215533715341691856e-01 -5.921106548832335559e-01 -4.466805300229327869e-01 4.222969495431621034e-01
1.592830852559231043e+09 6.087612413894590846e-01 3.529436242906804910e-01 7.105213265552117186e-01 -7.933521511156168549e-01 2.691782079139029560e-01 5.460178217298169434e-01 1.456651986467010287e-03 -8.960881066199856138e-01 4.438738420443036348e-01 -5.899003790635574118e-01 -4.586644146154908452e-01 4.296878434631298260e-01
1.592830852559242010e+09 6.252501753608389334e-01 4.515208651183463817e-01 6.365462536291249807e-01 -7.797745293585772730e-01 3.281635445004160712e-01 5.331607415842091191e-01 3.184192477607021565e-02 -8.297213995383750929e-01 5.572687819056499903e-01 -5.873955345502458458e-01 -4.705158242956006265e-01 4.371974349714172203e-01
1.592830852559253931e+09 6.370203822309169484e-01 5.404763912138010884e-01 5.496274279893030856e-01 -7.680062703484071829e-01 3.838419264778220041e-01 5.126711900676832467e-01 6.611662407981290512e-02 -7.486993058112545452e-01 6.596043858329064813e-01 -5.846049172806032646e-01 -4.822372071430401363e-01 4.448096463098606956e-01
1.592830852559264898e+09 6.435818395998855745e-01 6.181091246832102204e-01 4.513795876596955470e-01 -7.583740026773346798e-01 4.353953831325179658e-01 4.850770426974843619e-01 1.033019578233232705e-01 -6.545013177359457757e-01 7.489704499536351534e-01 -5.815363383957420362e-01 -4.938310865260705507e-01 4.525096402411651897e-01
1.592830852559278011e+09 6.446194094163137933e-01 6.829234943692512605e-01 3.436296324205875274e-01 -7.511319145678920783e-01 4.820609055255778985e-01 4.510189965217917818e-01 1.423610572865741108e-01 -5.488467808717998331e-01 8.237114451110189028e-01 -5.781966740537942684e-01 -5.052999798286079702e-01 4.602836514683972258e-01
1.592830852559288979e+09 6.399862949887715757e-01 7.336621307851353135e-01 2.283800046274061524e-01 -7.464626927090690645e-01 5.231377146325271177e-01 4.112424891285844097e-01 1.822388469362714036e-01 -4.336667085741545691e-01 8.824523742694385664e-01 -5.745919281151218305e-01 -5.166463432040150350e-01 4.681188264462668447e-01
1.592830852559300900e+09 6.296887243403345158e-01 7.693358333556910011e-01 1.077705543680675948e-01 -7.444829647820032648e-01 5.579943326596465969e-01 3.665889316539787668e-01 2.218946423054912465e-01 -3.110702573949650773e-01 9.241201583086043891e-01 -5.707273016217143669e-01 -5.278725361855687304e-01 4.760030750008438782e-01
1.592830852559312105e+09 6.138659780779966990e-01 7.892488935588924948e-01 -1.596093385933755604e-02 -7.452515388105704908e-01 5.860761002307094403e-01 3.179857757525192952e-01 2.603242430495099069e-01 -1.833057380137500803e-01 9.479611274751227334e-01 -5.666072641903470153e-01 -5.389808007888485797e-01 4.839249353335325909e-01
1.592830852559324026e+09 5.927698129410915451e-01 7.930184119580035995e-01 -1.405195843882375839e-01 -7.487787126290349482e-01 6.069124808911384727e-01 2.664351421908526252e-01 2.965710622883867553e-01 -5.271663565257332651e-02 9.535546998733651636e-01 -5.622356240892509849e-01 -5.499732508897396954e-01 4.918734525329145901e-01
1.592830852559334993e+09 5.667465633692970739e-01 7.805867620397574091e-01 -2.635956112544973751e-01 -7.550352171752662267e-01 6.201229056095278747e-01 2.130009570532165608e-01 3.297274029748419322e-01 7.830640896241478077e-02 9.408230175515738258e-01 -5.576155982216502993e-01 -5.608518701684568342e-01 4.998380696382359600e-01
1.592830852559346914e+09 5.362255577595764766e-01 7.522258889080232214e-01 -3.829077822364269634e-01 -7.639587849762646821e-01 6.254209279142739497e-01 1.587943409776591541e-01 3.589277538977311832e-01 2.073761793258377673e-01 9.100362586414453281e-01 -5.527498821747854896e-01 -5.716185168321842314e-01 5.078085306683566280e-01
1.592830852559357882e+09 5.017167978940564321e-01 7.085323925622796226e-01 -4.962480325766134293e-01 -7.754562664658778415e-01 6.226167472889208021e-01 1.049569899351945751e-01 3.833377621232117449e-01 3.321599605328581228e-01 8.618131613413373415e-01 -5.476407198079125127e-01 -5.822749333519009474e-01 5.157747950959390426e-01
1.592830852559370041e+09 4.638195492645145190e-01 6.504127055341484276e-01 -6.015270107277519429e-01 -7.893993481553766012e-01 6.116187263716220679e-01 5.264226083207586282e-02 4.021443784356367734e-01 4.504285188993175093e-01 7.971160847497398283e-01 -5.422899731957360192e-01 -5.928227603533517964e-01 5.237269632469941927e-01
1.592830852559382915e+09 4.232390676331792556e-01 5.790603068953180665e-01 -6.968198182044986755e-01 -8.056146046200428623e-01 5.924323992714204401e-01 2.994337738321251052e-03 4.145525377999647043e-01 5.601008996423463282e-01 7.172399737433873268e-01 -5.366991941357018847e-01 -6.032635542237720916e-01 5.316552124181649353e-01
1.592830852559395075e+09 3.808087865282354101e-01 4.959260850932108999e-01 -7.804114252509809502e-01 -8.238680489357905756e-01 5.651576951159185125e-01 -4.287449750244472224e-02 4.197929395256357887e-01 6.592830213084597268e-01 6.237946697838854249e-01 -5.308696988563050834e-01 -6.135988083880462574e-01 5.395497439565283271e-01
1.592830852559406996e+09 3.375135337036024863e-01 4.026834416234965630e-01 -8.508411525334305114e-01 -8.438451994968577674e-01 5.299855211919485276e-01 -8.390847129520279113e-02 4.171449385618718475e-01 7.462984640814466220e-01 5.186797731296811653e-01 -5.248026474817387710e-01 -6.238299783326730630e-01 5.474007420615710773e-01
1.592830852559417963e+09 2.945076411532941973e-01 3.011900253711602971e-01 -9.069453260006886675e-01 -8.651287163385823487e-01 4.871952709873126341e-01 -1.191347012253220761e-01 4.059772891069414746e-01 8.197105225590727295e-01 4.040508683907044207e-01 -5.184991287228025714e-01 -6.339585101094429298e-01 5.551983453706348381e-01
1.592830852559428930e+09 2.531202681888441997e-01 1.934485720102481765e-01 -9.478965060883264293e-01 -8.871773241961080636e-01 4.371541981003845279e-01 -1.476909186698169840e-01 3.858063386707779041e-01 8.783358476532165948e-01 2.822757731026986905e-01 -5.119602488078680569e-01 -6.439858715334787487e-01 5.629326323056157433e-01
1.592830852559441090e+09 2.148406353561258531e-01 8.156867530300158931e-02 -9.732368976998061472e-01 -9.093103189560668431e-01 3.803198493867716579e-01 -1.688536672522406024e-01 3.563681394770212285e-01 9.212509796770899095e-01 1.558793954365371159e-01 -5.051872227469811349e-01 -6.539135850071446932e-01 5.705936208336126469e-01
1.592830852559452057e+09 1.812775557702382134e-01 -3.226858208700160435e-02 -9.829024330111895136e-01 -9.307029237430634039e-01 3.172447620534477042e-01 -1.820654652257147066e-01 3.176956421089570659e-01 9.477945472292910178e-01 2.747689100631220405e-02 -4.981814645041591216e-01 -6.637432603561704836e-01 5.781712824807576645e-01
1.592830852559463978e+09 1.540919114070109786e-01 -1.458429984299606241e-01 -9.772336000584228577e-01 -9.503962048630988368e-01 2.485828992855087793e-01 -1.869588214199063014e-01 2.701901960626575394e-01 9.575679434036992177e-01 -1.003040180112677038e-01 -4.909446720308133227e-01 -6.734766258992950227e-01 5.856555694851642846e-01
1.592830852559474945e+09 1.349055506262384352e-01 -2.569251655514837029e-01 -9.569691521422345470e-01 -9.673237375050937059e-01 1.750958003518741646e-01 -1.833746233817654114e-01 2.146748346541282881e-01 9.504372279750918917e-01 -2.249084154877667441e-01 -4.834789028450438564e-01 -6.831155559409316513e-01 5.930364529133114182e-01
1.592830852559485912e+09 1.251949133944871284e-01 -3.633055379683158836e-01 -9.232200854492674802e-01 -9.803543937336827163e-01 9.765632901723705905e-02 -1.713724278640869347e-01 1.524188363163652693e-01 9.265378200026211930e-01 -3.439421037801672631e-01 -4.757866354736304260e-01 -6.926620927803731620e-01 6.003039682467987692e-01
1.592830852559497118e+09 1.261805682010536944e-01 -4.628248049850655077e-01 -8.774233131928104168e-01 -9.883480186026523118e-01 1.724830347766339450e-02 -1.512306023708324398e-01 8.512733767314711875e-02 8.862819531268461004e-01 -4.552555768514173207e-01 -4.678708141461133119e-01 -7.021184622247030882e-01 6.074482646926161467e-01
1.592830852559508085e+09 1.387248461844378389e-01 -5.534072517805022073e-01 -8.212769552124966621e-01 -9.902189552889789637e-01 -6.503967168146865263e-02 -1.234352730626909339e-01 1.489439200315454889e-02 8.303675447776829310e-01 -5.570169674064795462e-01 -4.597348749788092159e-01 -7.114870819455768602e-01 6.144596540309767985e-01
1.592830852559520006e+09 1.632496088795251654e-01 -6.330974181895240305e-01 -7.566618998718611655e-01 -9.850011473810071916e-01 -1.480282240211658329e-01 -8.865883764932830369e-02 -5.587763545967978224e-02 7.597863572880144689e-01 -6.477672309143283069e-01 -4.513827537394584644e-01 -7.207705627623872680e-01 6.213286551803096636e-01
1.592830852559531927e+09 1.996812974310233635e-01 -7.001004813670239635e-01 -6.855557613215558233e-01 -9.719086038441665520e-01 -2.304681912723895443e-01 -4.772927327549959797e-02 -1.245835083352869466e-01 6.758281835221195966e-01 -7.264538664774493615e-01 -4.428188777243904917e-01 -7.299717038916402334e-01 6.280460320180707434e-01
1.592830852559542894e+09 2.474266019572318176e-01 -7.528255429769712403e-01 -6.099457229299828365e-01 -9.503864631361385040e-01 -3.110675809587895579e-01 -1.592390065048042425e-03 -1.885355476010839582e-01 5.800781557953150758e-01 -7.924415970731455428e-01 -4.340481456387855208e-01 -7.390934837097156151e-01 6.346028234357843356e-01
1.592830852559555054e+09 3.053792909787119148e-01 -7.899298302313199072e-01 -5.317465170429521715e-01 -9.201492841248176680e-01 -3.885237396922674447e-01 4.872990418841235960e-02 -2.450893490725017110e-01 4.744050715998652246e-01 -8.455004691444683029e-01 -4.250758995606152002e-01 -7.481390476186235983e-01 6.409903656818174422e-01
1.592830852559566021e+09 3.719551333558303585e-01 -8.103618290342786690e-01 -4.527284961759291404e-01 -8.812049095970543311e-01 -4.615588901592507787e-01 1.021826950080059748e-01 -2.917658164469813520e-01 3.609391942105127371e-01 -8.857740178779597295e-01 -4.159078920188196138e-01 -7.571116941723166072e-01 6.472003071950883646e-01
1.592830852559576988e+09 4.451506033693946041e-01 -8.134009418386876078e-01 -3.744594164539771231e-01 -8.338635464020839327e-01 -5.289575085241627894e-01 1.577198310287610816e-01 -3.263625775320476707e-01 2.420389780959311121e-01 -9.137311450207262764e-01 -4.065502504710061804e-01 -7.660148603209361307e-01 6.532246162222544728e-01
1.592830852559588909e+09 5.226204647412935334e-01 -7.986911268984333567e-01 -2.982622002241620551e-01 -7.787326106994344466e-01 -5.896042098964399125e-01 2.143417869845472556e-01 -3.470495306686360304e-01 1.202470970331534217e-01 -9.301060494533678336e-01 -3.970094417510579010e-01 -7.748521067246838534e-01 6.590555824398559581e-01
1.592830852559600115e+09 6.017685695703268722e-01 -7.662664753669560236e-01 -2.251894398972518196e-01 -7.166987459381365388e-01 -6.425204934063565299e-01 2.711278813874472560e-01 -3.524450344278100000e-01 -1.763248216154866821e-03 -9.358308570328720544e-01 -3.872922380661074082e-01 -7.836271037064049816e-01 6.646858135699149628e-01
