1.592833325243479013e+09 3.470289705867805052e-01 -8.082608971346658677e-01 -4.756944564147608800e-01 -2.590565390330153428e-01 4.048701935676621289e-01 -8.769092519118100171e-01 9.013659652062082639e-01 4.275446744668061072e-01 -6.888358414523232387e-02 2.135958798923911495e-01 -4.740247770143730666e-01 6.149722707895213247e-01
1.592833325243551970e+09 3.633837568982418165e-01 -7.997400626710955418e-01 -4.778787267796659743e-01 -2.421219934200201929e-01 4.142497889180927206e-01 -8.773676839429724872e-01 8.996272481417793010e-01 4.345261150742974476e-01 -4.310301359596491882e-02 2.095940573725155187e-01 -4.792545091629335507e-01 6.073017493700858527e-01
1.592833325243587017e+09 3.798018622187254167e-01 -7.910739042992604997e-01 -4.795337563917956292e-01 -2.252852941109731166e-01 4.236728024320552399e-01 -8.773527756159260615e-01 8.972162959883258626e-01 4.412521213069994785e-01 -1.730559785655757729e-02 2.057983654199814216e-01 -4.846106152732221339e-01 5.996136787008543578e-01
1.592833325243616104e+09 3.962677815604703224e-01 -7.822697424601702254e-01 -4.806515322526317968e-01 -2.085546382177655422e-01 4.331315505532932764e-01 -8.768705850578216721e-01 8.941346700866178443e-01 4.477176678342715821e-01 8.490095534252048437e-03 2.021994013866079964e-01 -4.900935369865265789e-01 5.919203953927227868e-01
1.592833325243644953e+09 4.127741783996565217e-01 -7.733350032463374157e-01 -4.812176747916539488e-01 -1.919411794614899747e-01 4.426092826682064274e-01 -8.759312796532636725e-01 8.903797287411040484e-01 4.539273023305364085e-01 3.426285036342532203e-02 1.987868429665125836e-01 -4.957032184011874176e-01 5.842335559807282364e-01
1.592833325243673086e+09 4.293216679476132835e-01 -7.642780223454753719e-01 -4.812089048712868133e-01 -1.754579669323239610e-01 4.520786797885420483e-01 -8.745509529369204227e-01 8.859443590637812171e-01 4.598956098985174101e-01 5.998850488029633388e-02 1.955495497816666095e-01 -5.014390588957123862e-01 5.765640287890614335e-01
1.592833325243699074e+09 4.459179995793202678e-01 -7.551090671601050630e-01 -4.805907141100024260e-01 -1.591185630452461031e-01 4.615006554476523970e-01 -8.727533604016423086e-01 8.808169052879173400e-01 4.656473363988639647e-01 8.563957937792682218e-02 1.924756876787531157e-01 -5.072998797559422623e-01 5.689217953919315507e-01
1.592833325243735075e+09 4.625766307501938956e-01 -7.458415651401468782e-01 -4.793153664832552341e-01 -1.429354620010608035e-01 4.708234433318928547e-01 -8.705715014315617006e-01 8.749813223675942941e-01 4.712171952726160185e-01 1.111847134108506358e-01 1.895528735777906038e-01 -5.132839072648366363e-01 5.613158665743701592e-01
1.592833325243752956e+09 4.793146751029946362e-01 -7.364935176884740420e-01 -4.773203754244453867e-01 -1.269184325030095484e-01 4.799819551670106987e-01 -8.680489815752698846e-01 8.684176148822029262e-01 4.766493693889857219e-01 1.365877920945159918e-01 1.867683372557779053e-01 -5.193887744344727331e-01 5.537542176147886019e-01
1.592833325243771076e+09 4.961502186705334938e-01 -7.270890646708835225e-01 -4.745276100657624951e-01 -1.110729101639675309e-01 4.888973838588669407e-01 -8.652410975580439034e-01 8.611026473449662211e-01 4.819967223206579332e-01 1.618066455596812725e-01 1.841090962502867912e-01 -5.256115440066270184e-01 5.462437478016363146e-01
1.592833325243788958e+09 5.130990465172526882e-01 -7.176601542670616452e-01 -4.708431496857379828e-01 -9.539856414697300835e-02 4.974769778907154327e-01 -8.622156172600924373e-01 8.530114199373737272e-01 4.873197714870874941e-01 1.867912147662235123e-01 1.815621391977353394e-01 -5.319487554110866601e-01 5.387902692780798253e-01
1.592833325243807077e+09 5.302119128318799612e-01 -7.082619834725467634e-01 -4.660904315947876908e-01 -7.989491843407811600e-02 5.055404802580037993e-01 -8.590958183163881490e-01 8.440924887828340495e-01 4.927410941096068142e-01 2.114570516575690062e-01 1.791334296546729654e-01 -5.384158839773601768e-01 5.314092667190634112e-01
1.592833325243823051e+09 5.474919049853874675e-01 -6.989473184983445719e-01 -4.601361321445727737e-01 -6.455575711175892684e-02 5.129521172874358381e-01 -8.559863782875578586e-01 8.343171868765082433e-01 4.983500492331363607e-01 2.357160585353556270e-01 1.768094652012153212e-01 -5.450065021496942608e-01 5.241041642530447353e-01
1.592833325243839979e+09 5.649243258431078107e-01 -6.897796665230195856e-01 -4.528404993898234587e-01 -4.937106060931081841e-02 5.195631109909659706e-01 -8.530044972281721760e-01 8.236643761640592976e-01 5.042402062361771575e-01 2.594586864855590314e-01 1.745771166653443951e-01 -5.517139557194070676e-01 5.168772515416596436e-01
1.592833325243858099e+09 5.824716354011578723e-01 -6.808334324370144408e-01 -4.440637695136323004e-01 -3.432824395650771465e-02 5.252129036288734065e-01 -8.502781766859456303e-01 8.121258312202136453e-01 5.105068494877701424e-01 2.825498027438549942e-01 1.724238239629319047e-01 -5.585315012313958327e-01 5.097298055332530886e-01
1.592833325243875980e+09 6.000689017739256892e-01 -6.721933287410789548e-01 -4.336743502737334111e-01 -1.941392336535035373e-02 5.297310080441685054e-01 -8.479434880437842770e-01 7.997127064246839501e-01 5.172438381927670914e-01 3.048251944544030367e-01 1.703377638519074089e-01 -5.654524634740100142e-01 5.026622588894150701e-01
1.592833325243894100e+09 6.176203626230677424e-01 -6.639529581295560146e-01 -4.215584861319771615e-01 -4.616207489971841521e-03 5.329394948864270010e-01 -8.461407599438732774e-01 7.864628271025104755e-01 5.245397643808202837e-01 3.260893394591165007e-01 1.683079779991476788e-01 -5.724704085090993599e-01 4.956744124694050235e-01
1.592833325243913889e+09 6.349976556759578949e-01 -6.562125187342645605e-01 -4.076310926658958111e-01 1.007249471713137640e-02 5.346563335535828854e-01 -8.450095561950758949e-01 7.724483945528229922e-01 5.324732251319210796e-01 3.461152155135905351e-01 1.663244504174560268e-01 -5.795793259274740761e-01 4.887656866690455182e-01
1.592833325243932962e+09 6.520402854066391640e-01 -6.490757212034831136e-01 -3.918471315660345122e-01 2.465216515756579740e-02 5.346997229632783899e-01 -8.446824712492992937e-01 7.577834367876464805e-01 5.411071193778381749e-01 3.646468818303039705e-01 1.643781251370435847e-01 -5.867738129077759712e-01 4.819354044123486669e-01
1.592833325243952036e+09 6.685587779497044192e-01 -6.426460390008204016e-01 -3.742128126460611548e-01 3.911143324501857588e-02 5.328937668333684208e-01 -8.452777823174165706e-01 7.426300938722026901e-01 5.504818816819027072e-01 3.814056131665574112e-01 1.624608571807074076e-01 -5.940492512338698683e-01 4.751830965506060878e-01
1.592833325243969917e+09 6.843408740623839748e-01 -6.370224975181993932e-01 -3.547955832711705559e-01 5.342358964335740951e-02 5.290758217793574136e-01 -8.468911943679079402e-01 7.272025084286041219e-01 5.606078064890852586e-01 3.961002388010954611e-01 1.605652927883214065e-01 -6.014019670481143276e-01 4.685088185745182043e-01
1.592833325243992090e+09 6.991608665203142836e-01 -6.322953560399593442e-01 -3.337314273819388943e-01 6.754274385548603155e-02 5.231055643508411013e-01 -8.495872801057264834e-01 7.117668583081202538e-01 5.714570425733195291e-01 4.084419029031988724e-01 1.586846784240434627e-01 -6.088293620054534561e-01 4.619134660840716333e-01
1.592833325244010925e+09 7.127917759216222393e-01 -6.285420714750148408e-01 -3.112278084135783329e-01 8.140077367599586611e-02 5.148755856203819370e-01 -8.533914960888724366e-01 6.966360587346729361e-01 5.829562556039651344e-01 4.181628939330559458e-01 1.568126023705682937e-01 -6.163300043122850180e-01 4.553990760936356130e-01
1.592833325244026899e+09 7.250195055953049250e-01 -6.258239767707577395e-01 -2.875605445305311481e-01 9.490595464671834625e-02 5.043227671855665672e-01 -8.582839894176483853e-01 6.821580288936643921e-01 5.949814256138491464e-01 4.250382652539236861e-01 1.549426771240867140e-01 -6.239036681899703396e-01 4.489691013073118242e-01
1.592833325244038105e+09 7.356574577775359947e-01 -6.241841009651730721e-01 -2.630633252357944540e-01 1.079442335292229438e-01 4.914389994692803243e-01 -8.641965936453390729e-01 6.686973511002738402e-01 6.073565000308277506e-01 4.289078393331403061e-01 1.530681753221381503e-01 -6.315513104742781492e-01 4.426286446046835965e-01
1.592833325244050026e+09 7.445595627925137849e-01 -6.236464134762447209e-01 -2.381096566247561663e-01 1.203838911726533289e-01 4.762792916820738354e-01 -8.710142107226143127e-01 6.566115870924983389e-01 6.198573928720221282e-01 4.296952831221361735e-01 1.511816364624942177e-01 -6.392749749515026503e-01 4.363846427720264876e-01
1.592833325244064093e+09 7.516296686561115825e-01 -6.242163904482087577e-01 -2.130885713904787093e-01 1.320838432562731479e-01 4.589653807862460466e-01 -8.785810365641717468e-01 6.462249605591772195e-01 6.322220158764004783e-01 4.274208969284407633e-01 1.492744655031778278e-01 -6.470776175178798439e-01 4.302459907518400017e-01
1.592833325244080067e+09 7.568258233723708095e-01 -6.258824454383502545e-01 -1.883768503143774531e-01 1.429050843427138451e-01 4.396833835445272953e-01 -8.867111476256650526e-01 6.378031122911634876e-01 6.441658846511338909e-01 4.222055223975285099e-01 1.473365472968499734e-01 -6.549628486129661642e-01 4.242236005026127077e-01
1.592833325244091988e+09 7.601589332653397868e-01 -6.286176527496137867e-01 -1.643114207655337888e-01 1.527238965809643301e-01 4.186747935095549433e-01 -8.952021162355706663e-01 6.315329030953302780e-01 6.554016052397648728e-01 4.142643217762856378e-01 1.453559022662190281e-01 -6.629345937073249928e-01 4.183303920280938004e-01
1.592833325244102955e+09 7.616863771530757443e-01 -6.323812754845608008e-01 -1.411658083300074695e-01 1.614447237830860526e-01 3.962212848412288713e-01 -9.038497080937486494e-01 6.275105290937048608e-01 6.656595346519004197e-01 4.038909753178403506e-01 1.433184082446758711e-01 -6.709966778054227143e-01 4.125812182772092829e-01
1.592833325244117975e+09 7.615022219471102582e-01 -6.371197019049776866e-01 -1.191337549968443654e-01 1.690104830759127652e-01 3.726251448879511208e-01 -9.124614831473522036e-01 6.257394207503322869e-01 6.747065933112037506e-01 3.914347843524781934e-01 1.412076110983381538e-01 -6.791523447830172255e-01 4.069927290119849106e-01
1.592833325244127989e+09 7.597262039874613793e-01 -6.427666423399374107e-01 -9.832160818135074476e-02 1.754085245988680763e-01 3.481879929382184491e-01 -9.208675101726030432e-01 6.261373208595972795e-01 6.823607295872019529e-01 3.772742905150439641e-01 1.390046433182725583e-01 -6.874037263287451349e-01 4.015831803934672983e-01
1.592833325244137049e+09 7.564935012805947823e-01 -6.492427201384081137e-01 -7.874943195369311921e-02 1.806712903893053779e-01 3.231906018396841218e-01 -9.289271876370890357e-01 6.285502903103118433e-01 6.884996190573707819e-01 3.617911099630845562e-01 1.366882653322621100e-01 -6.957512789775882611e-01 3.963721979036441967e-01
1.592833325244146109e+09 7.519466962467352689e-01 -6.564547940255781588e-01 -6.035950273136426319e-02 1.848716926390621684e-01 2.978762091073914320e-01 -9.365320184213475896e-01 6.327705929986023881e-01 6.930633936800859596e-01 3.453469402158963475e-01 1.342350389721936321e-01 -7.041932110791068178e-01 3.913805004441388014e-01
1.592833325244155884e+09 7.462305749039134239e-01 -6.642953715320969454e-01 -4.303008953197652586e-02 1.881141150207896184e-01 2.724389080314961742e-01 -9.436048544493275125e-01 6.385554078601876071e-01 6.960522257422729897e-01 3.282655788707977695e-01 1.316196367948328227e-01 -7.127249241744807451e-01 3.866295927608182637e-01
1.592833325244165897e+09 7.394896705913648338e-01 -6.726424587348728279e-01 -2.659229138869605158e-02 1.905224682704752537e-01 2.470177713128249852e-01 -9.500965266537689802e-01 6.456440321658358794e-01 6.975201384693949791e-01 3.108205918177231464e-01 1.288152840385392295e-01 -7.213384955959967204e-01 3.821414334844528415e-01
1.592833325244174957e+09 7.318678574393733260e-01 -6.813602263652690505e-01 -1.084810306423050763e-02 1.922268643426967571e-01 2.216965956216127853e-01 -9.559808849211092197e-01 6.537723395573249441e-01 6.975663851013744754e-01 2.932283522205608728e-01 1.257943231972928899e-01 -7.300222298610976601e-01 3.779380853531822404e-01
1.592833325244184017e+09 7.235090922473814690e-01 -6.903007534669389766e-01 4.411730257832993662e-03 1.933504738965493575e-01 1.965086278932861863e-01 -9.612491631347531706e-01 6.626840784093099845e-01 6.963255195173985168e-01 2.756457567808203724e-01 1.225288848339113890e-01 -7.387603057983549437e-01 3.740413531437604688e-01
1.592833325244194031e+09 7.145584096757068293e-01 -6.993069869911192615e-01 1.939116480897339068e-02 1.939979668621841791e-01 1.714452587187297594e-01 -9.659044012406157176e-01 6.721391731722069496e-01 6.939569593364848243e-01 2.581717850879236553e-01 1.189916445692219410e-01 -7.475325442265999820e-01 3.704724114283052261e-01
1.592833325244205952e+09 7.051624109822909325e-01 -7.082169416592722921e-01 3.427444893723010505e-02 1.942466554498659403e-01 1.464674322046772559e-01 -9.699564569452048257e-01 6.819195048401922588e-01 6.906345307411035916e-01 2.408520998583266182e-01 1.151566416854480912e-01 -7.563143191656144237e-01 3.672514236139303723e-01
1.592833325244220972e+09 6.954686994241711107e-01 -7.168690399103390121e-01 4.921450908829455573e-02 1.941411132575247001e-01 1.215184032085603189e-01 -9.734179503402207168e-01 6.918327228178033916e-01 6.865362754436465931e-01 2.236859992894336957e-01 1.110001304419727247e-01 -7.650766328310819597e-01 3.643971541439939288e-01
1.592833325244237900e+09 6.856239661244701855e-01 -7.251083468451946512e-01 6.432466538351820640e-02 1.936916611135435229e-01 9.653645555750589580e-02 -9.763013128042260513e-01 7.017145556334152268e-01 6.818347294489210952e-01 2.066351477100587808e-01 1.065014308242887703e-01 -7.737863706953405085e-01 3.619265775352751291e-01
1.592833325244252920e+09 6.757707655787812406e-01 -7.327932215828362184e-01 7.967412978399884826e-02 1.928766936440766966e-01 7.146623989657990839e-02 -9.786169617494675510e-01 7.114298655067036181e-01 6.766880161157015072e-01 1.896335293405484457e-01 1.016437406704123192e-01 -7.824067469665344499e-01 3.598544916289396212e-01
1.592833325244261980e+09 6.660433765482178803e-01 -7.398016652883679933e-01 9.528754776111891811e-02 1.916483385953252350e-01 4.626755701566138967e-02 -9.803724943618316034e-01 7.208724817655092210e-01 6.712323065825058777e-01 1.725979599323446134e-01 9.641486491528387937e-02 -7.908979413124603841e-01 3.581931495191423842e-01
1.592833325244271994e+09 6.565633370672455671e-01 -7.460366011382122409e-01 1.111484338476595446e-01 1.899404913221646174e-01 2.092081888995396197e-02 -9.815726816252853260e-01 7.299638307973322915e-01 6.655762235035002083e-01 1.554384012210147104e-01 9.080781657724566747e-02 -7.992179148629316998e-01 3.569519284508673174e-01
1.592833325244283915e+09 6.474353536410417664e-01 -7.514293865072291245e-01 1.272058965401746400e-01 1.876779672773366547e-01 -4.571050666881074781e-03 -9.822199785762012469e-01 7.386504203961047343e-01 6.597976832192921082e-01 1.380672800005681711e-01 8.482124668971152692e-02 -8.073233788068426842e-01 3.561370567315516045e-01
1.592833325244293928e+09 6.387442568928758391e-01 -7.559410769025780574e-01 1.433836207635283688e-01 1.847854302216810629e-01 -3.018394864601112171e-02 -9.823152621443426158e-01 7.469003408496419638e-01 6.539434361519056438e-01 1.204070732646967123e-01 7.845966679936809685e-02 -8.151708731393313423e-01 3.557514213064776887e-01
1.592833325244302988e+09 6.305534924009859044e-01 -7.595613151352362813e-01 1.595897927076515566e-01 1.811949173835434579e-01 -5.587635319217981039e-02 -9.818585617532186172e-01 7.546990759452854025e-01 6.480312044129449278e-01 1.023956200922837151e-01 7.173344080632983177e-02 -8.227178997665419713e-01 3.557944754242219343e-01
1.592833325244313002e+09 6.229053158223170072e-01 -7.623051374333037478e-01 1.757266204324557379e-01 1.768511795073675896e-01 -8.159442835560713758e-02 -9.808496366864596361e-01 7.620450301162083884e-01 6.420539127606739171e-01 8.398895953361325273e-02 6.465854158139312802e-02 -8.299240472426552273e-01 3.562622576230931593e-01
1.592833325244324923e+09 6.158226243737717764e-01 -7.642082531582191640e-01 1.916983079731911510e-01 1.717144672345637946e-01 -1.072773925801921435e-01 -9.792883656019460981e-01 7.689451457352182162e-01 6.359853041002632157e-01 6.516176761247825799e-02 5.725608742506030358e-02 -8.367520453603537467e-01 3.571475230308818749e-01
1.592833325244335890e+09 6.093119276558546238e-01 -7.653216590418228105e-01 2.074168102717309781e-01 1.657610014364776785e-01 -1.328622518210752501e-01 -9.771749652255704577e-01 7.754110299173562204e-01 6.297859798584288793e-01 4.590592985559219935e-02 4.955168940746412787e-02 -8.431686946982410724e-01 3.584399792713569566e-01
1.592833325244350910e+09 6.033669212089178835e-01 -7.657063423775357647e-01 2.228051969753133688e-01 1.589816387530238184e-01 -1.582873838349877216e-01 -9.745101040409297477e-01 7.814558189873278549e-01 6.234090964555710768e-01 2.622787766740265758e-02 4.157465167575692677e-02 -8.491456267335910635e-01 3.601266129431813789e-01
1.592833325244369030e+09 5.979720877276698543e-01 -7.654286770723005562e-01 2.377989124859077874e-01 1.513794512109901402e-01 -1.834948237054687126e-01 -9.712949663434603531e-01 7.870918905369832519e-01 6.168051476512445008e-01 6.145390263183246604e-03 3.335707320814045029e-02 -8.546598624645080911e-01 3.621920884581006916e-01
1.592833325244379044e+09 5.931059658597159778e-01 -7.645568036111878296e-01 2.523454130333611101e-01 1.429668079764470634e-01 -2.084313722812372316e-01 -9.675313199508176476e-01 7.923293539801764540e-01 6.099256161858158665e-01 -1.431564463626790532e-02 2.493290269932221109e-02 -8.596941524091881170e-01 3.646191971620932337e-01
1.592833325244389057e+09 5.887438264274511557e-01 -7.631580878724127937e-01 2.664027776206671638e-01 1.337624836731578504e-01 -2.330487965895834124e-01 -9.632216030537940066e-01 7.971752033937170578e-01 6.027254694306398708e-01 -3.512411897035402214e-02 1.633699708206350770e-02 -8.642370958947325210e-01 3.673893328583909268e-01
1.592833325244405031e+09 5.848596408934013668e-01 -7.612975688604435298e-01 2.799378721551279425e-01 1.237891751045174238e-01 -2.573034502136010149e-01 -9.583690181004943520e-01 8.016329837789685220e-01 5.951646380046466955e-01 -5.624600542321910035e-02 7.604229227400708183e-03 -8.682830512661749989e-01 3.704829701025764144e-01
1.592833325244422913e+09 5.814273548689825599e-01 -7.590371825082874446e-01 2.929245410433547470e-01 1.130716524720240534e-01 -2.811556277617807131e-01 -9.529776044613590402e-01 8.057028189844469557e-01 5.872087096784239790e-01 -7.764598442906636699e-02 -1.231317260522463847e-03 -8.718318610121403855e-01 3.738801230748354798e-01
1.592833325244432926e+09 5.784215735283968485e-01 -7.564354940843888153e-01 3.053421469954010203e-01 1.016356245684715970e-01 -3.045689074955035824e-01 -9.470522586559612099e-01 8.093816671994463752e-01 5.788290974453484949e-01 -9.928843281918964259e-02 -1.013703844029563428e-02 -8.748884225431705630e-01 3.775607673861179348e-01
1.592833325244446993e+09 5.758178440678413113e-01 -7.535476819529041137e-01 3.171745602061886160e-01 8.950721898310681768e-02 -3.275096302059584130e-01 -9.405986923720721649e-01 8.126636870852286254e-01 5.700029239552834026e-01 -1.211379317765986507e-01 -1.908236785381470929e-02 -8.774621412534375775e-01 3.815052108647431495e-01
1.592833325244460106e+09 5.735927038373566100e-01 -7.504255854727384101e-01 3.284095780241030327e-01 7.671292742134991349e-02 -3.499465804594409368e-01 -9.336233275850471802e-01 8.155406409100655063e-01 5.607127889242673469e-01 -1.431594617914320744e-01 -2.803919417456251020e-02 -8.795663021862278885e-01 3.856944052624877717e-01
1.592833325244472980e+09 5.717236281782708263e-01 -7.471177067399554783e-01 3.390386783596012754e-01 6.327984646746333264e-02 -3.718508731919863974e-01 -9.261331380299472338e-01 8.180022946910550097e-01 5.509465133308405482e-01 -1.653184365653187216e-01 -3.698213931661809006e-02 -8.812173933919884572e-01 3.901101963231028980e-01
1.592833325244486094e+09 5.701889583771834191e-01 -7.436691192691482488e-01 3.490570053096099246e-01 4.923608099740518079e-02 -3.931960219980671911e-01 -9.181354457990924534e-01 8.200368041618910642e-01 5.406968924440543889e-01 -1.875806772056700378e-01 -4.588870396535412594e-02 -8.824344127570258323e-01 3.947355126040753004e-01
1.592833325244503021e+09 5.689678766379038244e-01 -7.401212998726508507e-01 3.584634109563957227e-01 3.461113086435736036e-02 -4.139581078290779370e-01 -9.096377052445911993e-01 8.216310760207450326e-01 5.299614576595550464e-01 -2.099124304370635352e-01 -5.473929331863325309e-02 -8.832381898414299881e-01 3.995544949837641080e-01
1.592833325244522095e+09 5.680404281545735623e-01 -7.365119211098957175e-01 3.672604827782325332e-01 1.943620187290827361e-02 -4.341159991619026326e-01 -9.006472858717804453e-01 8.227711140704029313e-01 5.187422187377022098e-01 -2.322804436238155856e-01 -6.351714063710359182e-02 -8.836507489570909479e-01 4.045525718247911517e-01
1.592833325244539022e+09 5.673875545353881389e-01 -7.328746170535014315e-01 3.754546028517383727e-01 3.744490216527699908e-03 -4.536516320277773628e-01 -8.911712381867687993e-01 8.234423731280523517e-01 5.070453555674162560e-01 -2.546520482430811860e-01 -7.220814899666867792e-02 -8.836947333648080827e-01 4.097164869815805854e-01
1.592833325244620085e+09 5.669911561165539293e-01 -7.292387849602893768e-01 3.830559013522377709e-01 -1.242868331093526825e-02 -4.725502555828047790e-01 -8.812160824676137372e-01 8.236301092296930415e-01 4.948808448733925669e-01 -2.769952936194470805e-01 -8.080067300968347965e-02 -8.833929055509549544e-01 4.150342883824206242e-01
1.592833325244649887e+09 5.668341699569737768e-01 -7.256294798302203031e-01 3.900780459549518242e-01 -2.904592975134256960e-02 -4.908005793060453703e-01 -8.707876466380976010e-01 8.233197178791914483e-01 4.822620133471108850e-01 -2.992791218467508729e-01 -8.928526166992674373e-02 -8.827677312155938205e-01 4.204952858188446552e-01
1.592833325244667053e+09 5.669006273191075085e-01 -7.220674076587577650e-01 3.965379398086453233e-01 -4.606796314222745548e-02 -5.083948347583371330e-01 -8.598909436566684050e-01 8.224970648175519150e-01 4.692050201676926102e-01 -3.214735254349722071e-01 -9.765438104430652910e-02 -8.818410476362725792e-01 4.260899868051736816e-01
1.592833325244685888e+09 5.671756722610115098e-01 -7.185690076550954597e-01 4.024553865937962605e-01 -6.345383113735383884e-02 -5.253287672045666712e-01 -8.485300807167113213e-01 8.211488100383990130e-01 4.557282828030417843e-01 -3.435496531297256850e-01 -1.059021321746844574e-01 -8.806338120658047108e-01 4.318100186455928746e-01
1.592833325244715929e+09 5.676455350683696777e-01 -7.151466066286857881e-01 4.078527647447556803e-01 -8.116116859670370609e-02 -5.416015707918659938e-01 -8.367081949207781921e-01 8.192627242522003694e-01 4.418518639817319849e-01 -3.654798477158146541e-01 -1.140239762780213134e-01 -8.791659233046005273e-01 4.376480432801637677e-01
1.592833325244726896e+09 5.682974622261670605e-01 -7.118086290411251849e-01 4.127547337286551765e-01 -9.914645588926239428e-02 -5.572157749805118909e-01 -8.244274137953276904e-01 8.168279958682425068e-01 4.275968380326379825e-01 -3.872376136301886040e-01 -1.220164756389555266e-01 -8.774561069746412700e-01 4.435976703922284714e-01
1.592833325244740009e+09 5.691196098127588865e-01 -7.085598525265245362e-01 4.171879735559069213e-01 -1.173652814239757314e-01 -5.721770798214289577e-01 -8.116888444860379526e-01 8.138355242720933802e-01 4.129846545258620272e-01 -4.087975228625588819e-01 -1.298770560471822488e-01 -8.755218552857564340e-01 4.496533723945104755e-01
1.592833325244750023e+09 5.701009069347201530e-01 -7.054016976703834096e-01 4.211809599227770429e-01 -1.357726056622788890e-01 -5.864941409743411604e-01 -7.984925938130118528e-01 8.102781964180733043e-01 3.980365155170234592e-01 -4.301350681636917916e-01 -1.376037952930963537e-01 -8.733794135986350238e-01 4.558104029234845145e-01
1.592833325244762897e+09 5.712309203175522931e-01 -7.023326110128932376e-01 4.247636276171671832e-01 -1.543231342991901733e-01 -6.001782086732685428e-01 -7.848378738781706110e-01 8.061511061967364666e-01 3.827728066349164737e-01 -4.512265202957935206e-01 -1.451952404871433566e-01 -8.710438059120818588e-01 4.620647196162342984e-01
1.592833325244786024e+09 5.724997492399988008e-01 -6.993485952477808132e-01 4.279667973226605748e-01 -1.729718721229902001e-01 -6.132425426993822759e-01 -7.707232418304580390e-01 8.014516633620680786e-01 3.672126445335883727e-01 -4.720488376518535145e-01 -1.526502544233473424e-01 -8.685288901518272153e-01 4.684129120064990937e-01
1.592833325244798899e+09 5.738979320835351228e-01 -6.964437924527669965e-01 4.308215496812693446e-01 -1.916746945744335628e-01 -6.257017400870613644e-01 -7.561469064484809266e-01 7.961796123639297562e-01 3.513735570045247725e-01 -4.925795858880610001e-01 -1.599678889949906480e-01 -8.658474339718915669e-01 4.748521353856021698e-01
1.592833325244811058e+09 5.754164233823789720e-01 -6.936112088872007364e-01 4.333583168388348561e-01 -2.103890789511831394e-01 -6.375708516959683880e-01 -7.411071749386433094e-01 7.903368745645366067e-01 3.352713828063299539e-01 -5.127969624659787229e-01 -1.671472833961835103e-01 -8.630112040595223633e-01 4.813800505667521490e-01
1.592833325244821072e+09 5.770466888093321867e-01 -6.908436111241713640e-01 4.356055831467517403e-01 -2.290750229219122858e-01 -6.488642605869195945e-01 -7.256030632695137372e-01 7.839271349728373917e-01 3.189204861030779381e-01 -5.326799890522435632e-01 -1.741875853973131327e-01 -8.600310642134443295e-01 4.879947686202765755e-01
1.592833325244832993e+09 5.787809336158259432e-01 -6.881345199094395237e-01 4.375882922991874424e-01 -2.476960267477382738e-01 -6.595944475220560932e-01 -7.096350071348254129e-01 7.769551527328524276e-01 3.023343306019827814e-01 -5.522088765322085147e-01 -1.810878931918624979e-01 -8.569170775804797469e-01 4.946947999849791722e-01
1.592833325244843006e+09 5.806124367394345231e-01 -6.854791423054402699e-01 4.393262386122811503e-01 -2.662199122061062462e-01 -6.697708871552997545e-01 -6.932055375456560586e-01 7.694258617912649312e-01 2.855263636444251296e-01 -5.713655038680612863e-01 -1.878472136362911438e-01 -8.536786079469365074e-01 5.014790082852006448e-01
1.592833325244854927e+09 5.825359513779312381e-01 -6.828751097667560277e-01 4.408326779842556831e-01 -2.846193110095187051e-01 -6.793992710835994320e-01 -6.763198048788213734e-01 7.613433609747347619e-01 2.685111078965732312e-01 -5.901339439275565812e-01 -1.944644329269378247e-01 -8.503244166141435967e-01 5.083465689920285691e-01
1.592833325244864941e+09 5.845481694800279682e-01 -6.803230080228058752e-01 4.421131557394222256e-01 -3.028718216445654421e-01 -6.884810807079633221e-01 -6.589859341296169237e-01 7.527098361000770232e-01 2.513054046629960570e-01 -6.085010241281487708e-01 -2.009382964536688132e-01 -8.468627529749387373e-01 5.152969327657099807e-01
1.592833325244880915e+09 5.866482727227527727e-01 -6.778267444119676632e-01 4.431644264116926801e-01 -3.209598956604814979e-01 -6.970134490872017530e-01 -6.412152504338630710e-01 7.435244109257967970e-01 2.339298110574183909e-01 -6.264569370640972190e-01 -2.072673971250272862e-01 -8.433014392939085502e-01 5.223297920887802759e-01
1.592833325244890928e+09 5.888385285063562069e-01 -6.753937133813885385e-01 4.439735571370087008e-01 -3.388703830735861344e-01 -7.049893693534147188e-01 -6.230223533662510027e-01 7.337820187075891898e-01 2.164100764118110920e-01 -6.439958291701060045e-01 -2.134501711439984739e-01 -8.396479496764848172e-01 5.294450503235466066e-01
1.592833325244899988e+09 5.911248568985829621e-01 -6.730347144193161713e-01 4.445173527643886957e-01 -3.565936653998950656e-01 -7.123983070705925957e-01 -6.044250243821872592e-01 7.234724331395934183e-01 1.987785839005431210e-01 -6.611162630046354405e-01 -2.194848999876220508e-01 -8.359094830026523315e-01 5.366427927067505266e-01
1.592833325244909048e+09 5.935172427766444159e-01 -6.707635621761511846e-01 4.447623256854058016e-01 -3.741223086214949811e-01 -7.192272810232125391e-01 -5.854439483361887353e-01 7.125796663400345565e-01 1.810755699584825629e-01 -6.778214051079964886e-01 -2.253697182986149072e-01 -8.320930301532880602e-01 5.439232584746966914e-01
1.592833325244919062e+09 5.960300421594054709e-01 -6.685965351612971341e-01 4.446648875043838767e-01 -3.914494533318693681e-01 -7.254621828551304219e-01 -5.661024173707759344e-01 7.010816746253893950e-01 1.633502205797720819e-01 -6.941190035438032924e-01 -2.311026278601675810e-01 -8.282054358618156087e-01 5.512868132743612426e-01
1.592833325244926929e+09 5.986820973238343724e-01 -6.665516480832730517e-01 4.441718664514089365e-01 -4.085669579389388240e-01 -7.310893345678839417e-01 -5.464260480443773327e-01 6.889504970558926189e-01 1.456615442168461561e-01 -7.100210752382251078e-01 -2.366815183352813934e-01 -8.242534554440938965e-01 5.587339209376719351e-01
1.592833325244936943e+09 6.014965584296245726e-01 -6.646477342439011116e-01 4.432214793162516098e-01 -4.254633531112557154e-01 -7.360972698352812316e-01 -5.264425369593136450e-01 6.761529601569408188e-01 1.280788774527050755e-01 -7.255432280444111814e-01 -2.421041956582255517e-01 -8.202438063488368680e-01 5.662651137707521709e-01
1.592833325244946003e+09 6.045002943119880401e-01 -6.629033297817429338e-01 4.417449147489061478e-01 -4.421217225004191453e-01 -7.404787033975454014e-01 -5.061814620546061239e-01 6.626520782775952023e-01 1.106818201963733206e-01 -7.407035560681780595e-01 -2.473684184864607671e-01 -8.161832139274237674e-01 5.738809609270002499e-01
1.592833325244955063e+09 6.077228592530744544e-01 -6.613354159171225266e-01 4.396685048539584195e-01 -4.585177396360230473e-01 -7.442325518724974831e-01 -4.856741617506628028e-01 6.484091370109587027e-01 9.355948123544588491e-02 -7.555211543373893113e-01 -2.524719422859478812e-01 -8.120784503831326440e-01 5.815820349936200451e-01
1.592833325244963884e+09 6.111949836518015822e-01 -6.599580677147739438e-01 4.369165148888020100e-01 -4.746181023650717368e-01 -7.473658729858762007e-01 -4.649536633076718495e-01 6.333864136911723230e-01 7.680885948352672576e-02 -7.700143181759141475e-01 -2.574125700231965630e-01 -8.079363657613610750e-01 5.893688773096414923e-01
1.592833325244972944e+09 6.149467644207111672e-01 -6.587811491014672338e-01 4.334142068305670836e-01 -4.903796665863923154e-01 -7.498954704796917392e-01 -4.440546882676129070e-01 6.175502082525879954e-01 6.053247956646289063e-02 -7.841986733885514260e-01 -2.621882073155540893e-01 -8.037639098336448740e-01 5.972419631525744954e-01
1.592833325244988918e+09 6.190056971404407360e-01 -6.578091397777823257e-01 4.290909958249087830e-01 -5.057494472612691361e-01 -7.518490061184101014e-01 -4.230136744993782116e-01 6.008738999920880675e-01 4.483534055193880846e-02 -7.980854269346940866e-01 -2.667969192485948882e-01 -7.995681441225017672e-01 6.052016682427783234e-01
1.592833325245001078e+09 6.233948141506649998e-01 -6.570402038453142524e-01 4.238833287432835495e-01 -5.206655566822631087e-01 -7.532654581298636742e-01 -4.018687943756539815e-01 5.833406243073848696e-01 2.982147308789353732e-02 -8.116799836851846806e-01 -2.712369855896913928e-01 -7.953562438964592030e-01 6.132482382002552024e-01
1.592833325245009899e+09 6.281311552399686526e-01 -6.564655634130305284e-01 4.177370177937737017e-01 -5.350589775867221620e-01 -7.541948706079648623e-01 -3.806599373092373617e-01 5.649452562122239119e-01 1.559042457008604811e-02 -8.249810884406212352e-01 -2.755069504903066013e-01 -7.911354906651164587e-01 6.213817628123848857e-01
1.592833325245019913e+09 6.332247023059525137e-01 -6.560691956909033840e-01 4.106089222369015967e-01 -5.488559458583885942e-01 -7.546974361656971775e-01 -3.594286170585237472e-01 5.456955444978260905e-01 2.233930681852491426e-03 -8.379805382039446915e-01 -2.796056639090064300e-01 -7.869132565964561676e-01 6.296021562634150914e-01
1.592833325245032072e+09 6.386778674064960137e-01 -6.558278508763683012e-01 4.024679016586233948e-01 -5.619806513982638085e-01 -7.548420121789244375e-01 -3.382178060413753573e-01 5.256123375091178440e-01 -1.016694642112319497e-02 -8.506634493137190667e-01 -2.835323123328875594e-01 -7.826969828486304293e-01 6.379091441981579180e-01
1.592833325245044947e+09 6.444856610308804523e-01 -6.557113576268498445e-01 3.932948618660859208e-01 -5.743578927217938279e-01 -7.547042343453816970e-01 -3.170718056672927609e-01 5.047288816779050835e-01 -2.154377577011044875e-02 -8.630090508594805421e-01 -2.872864375681621896e-01 -7.784941542258713154e-01 6.463022578036867749e-01
1.592833325245057106e+09 6.506363405354375073e-01 -6.556831246953475079e-01 3.830822268520436835e-01 -5.859154231126851853e-01 -7.543644555933766149e-01 -2.960361216402108142e-01 4.830895046910766433e-01 -3.184192614155229029e-02 -8.749917841537536711e-01 -2.908679442318523045e-01 -7.743122725695710251e-01 6.547808341311566194e-01
1.592833325245066881e+09 6.571123653472262793e-01 -6.557007718096795612e-01 3.718330772288620523e-01 -5.965858440839121313e-01 -7.539056774605351618e-01 -2.751573374475845268e-01 4.607479464511891054e-01 -4.102106134182875036e-02 -8.865825412825615315e-01 -2.942770978331845644e-01 -7.701588308669663485e-01 6.633440212980952211e-01
1.592833325245075941e+09 6.638915670639466970e-01 -6.557168267548511009e-01 3.595600512535377380e-01 -6.063079539028296550e-01 -7.534116086974528281e-01 -2.544830311314815741e-01 4.377655222047204253e-01 -4.905498060844363378e-02 -8.977499410114023748e-01 -2.975145157932619910e-01 -7.660412894518262572e-01 6.719907870724836085e-01
1.592833325245085955e+09 6.709483584462012651e-01 -6.556794429334927843e-01 3.462842309119683604e-01 -6.150275873076094246e-01 -7.529649307530182911e-01 -2.340617015371576903e-01 4.142093279581605114e-01 -5.593104059491924018e-02 -9.084615299890587137e-01 -3.005811531917148005e-01 -7.619670552112004502e-01 6.807199297067856314e-01
1.592833325245096922e+09 6.782548928221044937e-01 -6.555331069218136575e-01 3.320341040583493220e-01 -6.226980101592543004e-01 -7.526458067256588391e-01 -2.139426978930888124e-01 3.901505974980299385e-01 -6.164929422784524299e-02 -9.186848621441314755e-01 -3.034782846290755010e-01 -7.579434643975441199e-01 6.895300901542614769e-01
1.592833325245109081e+09 6.857821517297614244e-01 -6.552193008178552880e-01 3.168446123420449734e-01 -6.292799198189389376e-01 -7.525306603534981376e-01 -1.941761776335704237e-01 3.656632646380885143e-01 -6.622139529215610720e-02 -9.283884444775356570e-01 -3.062074840653205010e-01 -7.539777691643436697e-01 6.984197646402136028e-01
1.592833325245121956e+09 6.935009135071213970e-01 -6.546771009586042078e-01 3.007563409319028991e-01 -6.347411424562602322e-01 -7.526912177871015741e-01 -1.748130800577509525e-01 3.408227769162464060e-01 -6.966939268533328677e-02 -9.375425380203281644e-01 -3.087706038512753048e-01 -7.500771277467188636e-01 7.073873169375699543e-01
