1.589264475825592041e+09 9.207659469081891368e-01 -2.650352795810536621e-01 -2.862627670133078839e-01 -2.443615343951879848e-01 1.801691664988823716e-01 -9.527993033260326872e-01 3.041011538665326364e-01 9.472567615922009576e-01 1.011292055557975883e-01 1.014845804850400268e-01 -8.172688096548120784e-01 2.962121590627593282e-01
1.589264475825684071e+09 9.215733721383519983e-01 -2.724186837018407470e-01 -2.765693054591576994e-01 -2.445356747806846920e-01 1.459512056181610784e-01 -9.585930052976675553e-01 3.015042682705388333e-01 9.510448499968897629e-01 6.788865804016847028e-02 9.484933475762152844e-02 -8.284846112923625050e-01 2.919948590567834623e-01
1.589264475825752974e+09 9.224422850806273111e-01 -2.790343065289499491e-01 -2.669083862709729638e-01 -2.449530478193335803e-01 1.114763394470641433e-01 -9.631048907440078466e-01 2.984932751658031513e-01 9.537886987565963315e-01 3.448018541919984498e-02 8.763905789213292941e-02 -8.395019427800124445e-01 2.882217136671039182e-01
1.589264475825771093e+09 9.233708244378450170e-01 -2.847565500730093180e-01 -2.574879180762411068e-01 -2.457756726329173858e-01 7.678004452737198504e-02 -9.662810895242666120e-01 2.949248032623688065e-01 9.555200323916677174e-01 9.102203467948041327e-04 7.984240293915401132e-02 -8.502626871506065998e-01 2.849013425831549151e-01
1.589264475825786114e+09 9.243427695059034388e-01 -2.895294806391763287e-01 -2.485218793060512688e-01 -2.471479719026818400e-01 4.192065377622219285e-02 -9.680705238983007277e-01 2.907031556581562426e-01 9.562506674374842142e-01 -3.280757076954954332e-02 7.145638777822717336e-02 -8.607073171737517070e-01 2.820393912102088785e-01
1.589264475825797081e+09 9.253305566455790609e-01 -2.933616854886869629e-01 -2.402129942822196496e-01 -2.491897225877967859e-01 6.976031303682457378e-03 -9.684295625474912406e-01 2.857758621069773075e-01 9.559760754438929586e-01 -6.664758212774948842e-02 6.248671527292243288e-02 -8.707764082441264986e-01 2.796384137923886293e-01
1.589264475825807095e+09 9.262986363377136989e-01 -2.963168033977470195e-01 -2.327384552429329623e-01 -2.519915372515170726e-01 -2.796197236851283296e-02 -9.673253815190476779e-01 2.801269386352292501e-01 9.546803027576593603e-01 -1.005704637072444146e-01 5.294775305224558998e-02 -8.804122101921200150e-01 2.776978383783256787e-01
1.589264475825819016e+09 9.272068232099043295e-01 -2.985011469068095113e-01 -2.262400771425104873e-01 -2.556132731465718400e-01 -6.279387808141308203e-02 -9.647376762351880242e-01 2.737688109906875611e-01 9.523413224897129270e-01 -1.345237674427056385e-01 4.286216673699577012e-02 -8.895601908183490281e-01 2.762140219062102497e-01
1.589264475825829983e+09 9.280132811827467298e-01 -3.000501097877387724e-01 -2.208195684121165570e-01 -2.600853755151160129e-01 -9.741850182317382534e-02 -9.606587497290014488e-01 2.667338517870896930e-01 9.489360186401423203e-01 -1.684443090326750714e-01 3.226022939270772188e-02 -8.981704667682683940e-01 2.751803950258128739e-01
1.589264475825846910e+09 9.286768855970082281e-01 -3.011151728915460457e-01 -2.165384378142936883e-01 -2.654124423443075531e-01 -1.317375989779168421e-01 -9.550923729942576434e-01 2.590665511270511812e-01 9.444442058833834031e-01 -2.022613766273926028e-01 2.117885340627462948e-02 -9.061990480767933009e-01 2.745876892904097755e-01
1.589264475825874090e+09 9.291588332863927047e-01 -3.018528068648234641e-01 -2.134215212962744523e-01 -2.715781919835461022e-01 -1.656588702831223447e-01 -9.480519104051774448e-01 2.508169620878729633e-01 9.388514376820064067e-01 -2.359000421920435520e-01 9.660407030299657943e-03 -9.136088380373603712e-01 2.744242346445296410e-01
1.589264475825905085e+09 9.294557142112044312e-01 -3.024251386327416746e-01 -2.113080951639712546e-01 -2.784069662339481721e-01 -1.991347289696905054e-01 -9.395929551449477835e-01 2.420777494500561677e-01 9.321396867375887352e-01 -2.692841771153914321e-01 -2.252322335543427423e-03 -9.203635653996653510e-01 2.746827862114780694e-01
1.589264475825980902e+09 9.295395797703265295e-01 -3.029580637907660634e-01 -2.101727419606880531e-01 -2.858631645500487317e-01 -2.320963150262501384e-01 -9.297384321367521132e-01 2.328914362965968932e-01 9.243093164534877948e-01 -3.023472619882013324e-01 -1.450792925280261492e-02 -9.264430444188420655e-01 2.753508771777042896e-01
1.589264475826005936e+09 9.293855797268847363e-01 -3.035668981870850436e-01 -2.099751955815576387e-01 -2.939067309137396999e-01 -2.644800443644991228e-01 -9.185146379584757659e-01 2.232963905353231859e-01 9.153673824224182187e-01 -3.350242940232760480e-01 -2.705386887188259565e-02 -9.318351086485064938e-01 2.764145284411386183e-01
1.589264475826033115e+09 9.289714153170922639e-01 -3.043553769078539695e-01 -2.106654084318443920e-01 -3.024964122375892739e-01 -2.962265901833193715e-01 -9.059501798328585265e-01 2.133261128282014085e-01 9.053273508285775151e-01 -3.672524442969530845e-01 -3.983777106497492226e-02 -9.365354062461398454e-01 2.778586055866955618e-01
1.589264475826062918e+09 9.282767548582071537e-01 -3.054157566168916871e-01 -2.121873753048627853e-01 -3.115919290015908283e-01 -3.272798573934684874e-01 -8.920753136439866227e-01 2.030092029412340071e-01 8.942086506489201891e-01 -3.989713686977671148e-01 -5.280861857925082947e-02 -9.405469523636630358e-01 2.796671752143875533e-01
1.589264475826087952e+09 9.272827596253694349e-01 -3.068294257520263746e-01 -2.144816715548444608e-01 -3.211550872403289292e-01 -3.575861688546725925e-01 -8.769216283516634292e-01 1.923696804328158538e-01 8.820361872823363480e-01 -4.301233204435480073e-01 -6.591774985420399691e-02 -9.438794828510582713e-01 2.818238461107416271e-01
1.589264475826105118e+09 9.259717798618022355e-01 -3.086675970808190894e-01 -2.174869597254933118e-01 -3.311500558937151006e-01 -3.870937538229809460e-01 -8.605219734093149109e-01 1.814274061179162179e-01 8.688398820272807965e-01 -4.606531842101093122e-01 -7.911966186785476807e-02 -9.465486605892933225e-01 2.843120826294291414e-01
1.589264475826129913e+09 9.243272308001896365e-01 -3.109918426640419509e-01 -2.211407796775523016e-01 -3.415430528670578281e-01 -4.157525544927467287e-01 -8.429105272556777217e-01 1.701984540179387051e-01 8.546542503056625550e-01 -4.905085107305855452e-01 -9.237260354660981054e-02 -9.485751843879527412e-01 2.871154823047056270e-01
1.589264475826169014e+09 9.223336207366517048e-01 -3.138543919353063982e-01 -2.253799302521325154e-01 -3.523016764947382584e-01 -4.435143135578810680e-01 -8.241229173465067781e-01 1.586953720486137531e-01 8.395180013957461718e-01 -5.196395910990727618e-01 -1.056389625290686252e-01 -9.499838452146498469e-01 2.902180144333545986e-01
1.589264475826188087e+09 9.199766982225249246e-01 -3.172982065669303631e-01 -2.301406593275286683e-01 -3.633940488289449378e-01 -4.703328948262492926e-01 -8.041963278997892317e-01 1.469273300530919424e-01 8.234736282894558057e-01 -5.479995835856414921e-01 -1.188854572022060713e-01 -9.508025721725822388e-01 2.936042183001544847e-01
1.589264475826208115e+09 9.172436382012054690e-01 -3.213569662671755811e-01 -2.353588932878727114e-01 -3.747879972603723742e-01 -4.961647244128343237e-01 -7.831695371024933738e-01 1.349002060925045265e-01 8.065669636264547471e-01 -5.755446707227586112e-01 -1.320831540568505325e-01 -9.510615098185861704e-01 2.972593599680433685e-01
1.589264475826222897e+09 9.141232362961272395e-01 -3.260550618906919995e-01 -2.409705494820282567e-01 -3.864503365797878898e-01 -5.209692933851269858e-01 -7.610828688090468530e-01 1.226166650070250469e-01 7.888466849130882919e-01 -6.022342248485663685e-01 -1.452073372345988878e-01 -9.507921607748358594e-01 3.011695490418488386e-01
1.589264475826232910e+09 9.106061434043914993e-01 -3.314075960725910708e-01 -2.469118407413586347e-01 -3.983461689998298860e-01 -5.447097392458107867e-01 -7.379780688484979256e-01 1.100762533694359391e-01 7.703637488672313571e-01 -6.280309811547045706e-01 -1.582372609712665856e-01 -9.500266187170192111e-01 3.053218188256211496e-01
1.589264475826242924e+09 9.066850649906822435e-01 -3.374205419653493188e-01 -2.531196772702021258e-01 -4.104383700250459621e-01 -5.673533822091906265e-01 -7.138980911827780274e-01 9.727557583814232245e-02 7.511707647984173786e-01 -6.529011754257196820e-01 -1.711558172101891873e-01 -9.487969100476516537e-01 3.097041735434387655e-01
1.589264475826256990e+09 9.023548851554977768e-01 -3.440911468301602327e-01 -2.595321639948168779e-01 -4.226873244733427848e-01 -5.888721323532644103e-01 -6.888868106987714457e-01 8.420859391098796387e-02 7.313213348062167496e-01 -6.768146115322537515e-01 -1.839491495224024331e-01 -9.471344526757988769e-01 3.143056076044946634e-01
1.589264475826268911e+09 8.976127490581562451e-01 -3.514085320466083240e-01 -2.660890763857588492e-01 -4.350508202705745675e-01 -6.092427828651514332e-01 -6.629886995990690313e-01 7.086703631089182054e-02 7.108693800292984477e-01 -6.997446592265207377e-01 -1.966062407605268791e-01 -9.450696310866485428e-01 3.191161028780321596e-01
1.589264475826283932e+09 8.924581314790066555e-01 -3.593544316265581684e-01 -2.727322428061492166e-01 -4.474840367811264707e-01 -6.284472050691467526e-01 -6.362484952864592147e-01 5.724090068295560607e-02 6.898684680738657038e-01 -7.216681900022958729e-01 -2.091184968116467924e-01 -9.426314803986207691e-01 3.241266099696806235e-01
1.589264475826293945e+09 8.868929117967412346e-01 -3.679040144863262030e-01 -2.794057969482052761e-01 -4.599395889594727893e-01 -6.464724583642313949e-01 -6.087108801161160709e-01 4.331902403295830734e-02 6.683711521547124335e-01 -7.425654621236987829e-01 -2.214793438133210168e-01 -9.398474690013690624e-01 3.293290184045139513e-01
1.589264475826306105e+09 8.809214656407933219e-01 -3.770267486761574305e-01 -2.860562923528882640e-01 -4.723676120735299522e-01 -6.633108209616067619e-01 -5.804201877490380301e-01 2.908970214354134054e-02 6.464283300637593266e-01 -7.624199654619148170e-01 -2.336838507815505728e-01 -9.367433661539092959e-01 3.347161202929506141e-01
1.589264475826328039e+09 8.745507704670634208e-01 -3.866872849919819055e-01 -2.926326942426540345e-01 -4.847158957026030945e-01 -6.789597349171397900e-01 -5.514201477112609107e-01 1.454134331093025201e-02 6.240886333828776777e-01 -7.812182329104804257e-01 -2.457283857033429331e-01 -9.333431815296312495e-01 3.402815703753853671e-01
1.589264475826339960e+09 8.677905229320165281e-01 -3.968463369024805565e-01 -2.990862642034554653e-01 -4.969300707092038083e-01 -6.934216643321544638e-01 -5.217536782306464449e-01 -3.368591165915021945e-04 6.013978555437897722e-01 -7.989496268777114274e-01 -2.576103109009605929e-01 -9.296691659020905885e-01 3.460198431423700538e-01
1.589264475826349974e+09 8.606531624566294836e-01 -4.074616654721036069e-01 -3.053704723165304169e-01 -5.089540258109382931e-01 -7.067037356169668660e-01 -4.914627454480161028e-01 -1.555422473903440676e-02 5.783984972026664506e-01 -8.156060598973209341e-01 -2.693277208962875924e-01 -9.257418620870974113e-01 3.519261871323249857e-01
1.589264475826361895e+09 8.531536952296563392e-01 -4.184892413586638882e-01 -3.114410496735322553e-01 -5.207306887398216455e-01 -7.188170494931618304e-01 -4.605883190550264517e-01 -3.111788017949114124e-02 5.551295385361635359e-01 -8.311816127613317340e-01 -2.808792225666074116e-01 -9.215801937640173414e-01 3.579965773595534251e-01
1.589264475826373100e+09 8.453094198246283719e-01 -4.298843794364005655e-01 -3.172560563819858404e-01 -5.322029336660292209e-01 -7.297758436943050375e-01 -4.291704275051763662e-01 -4.703214329337343513e-02 5.316264088690482170e-01 -8.456721228141546032e-01 -2.922637544572924129e-01 -9.172015797477401922e-01 3.642276675136155717e-01
1.589264475826383114e+09 8.371393741624810758e-01 -4.416029931212333004e-01 -3.227761839602426575e-01 -5.433148516079696622e-01 -7.395963330899325561e-01 -3.972483311350395452e-01 -6.329803000313923012e-02 5.079213136660019057e-01 -8.590746759952198053e-01 -3.034804416672407523e-01 -9.126220644126478154e-01 3.706167424788600617e-01
1.589264475826395988e+09 8.286633899530605474e-01 -4.536029862012099234e-01 -3.279654208900169565e-01 -5.540134488372198129e-01 -7.482951806005568862e-01 -3.648608250893866090e-01 -7.991298402465016326e-02 4.840440619705482783e-01 -8.713869757289784967e-01 -3.145284833756689102e-01 -9.078564580320159783e-01 3.771616704246413265e-01
1.589264475826406002e+09 8.199007867400029959e-01 -4.658456281740773752e-01 -3.327920534702454303e-01 -5.642505801615744776e-01 -7.558877607910557961e-01 -3.320466478690142775e-01 -9.687096082274974929e-02 4.600234169329786571e-01 -8.826066356182415973e-01 -3.254070691500680068e-01 -9.029184810049403209e-01 3.838608544056166805e-01
1.589264475826417923e+09 8.108688926241333084e-01 -4.782966520541655497e-01 -3.372298205186006204e-01 -5.739847210369118935e-01 -7.623865489379810789e-01 -2.988449271813942709e-01 -1.141629508838655355e-01 4.358888194954917417e-01 -8.927305069835365092e-01 -3.361153182092028180e-01 -8.978209053880564783e-01 3.907131851404560541e-01
1.589264475826437950e+09 8.015815850282040911e-01 -4.909269020713531995e-01 -3.412590505832999166e-01 -5.831822530108333735e-01 -7.677999162578994508e-01 -2.652955877036218824e-01 -1.317779294276905933e-01 4.116722795447363414e-01 -9.017541305616284530e-01 -3.466522361845750244e-01 -8.925756893454457330e-01 3.977179963319621980e-01
1.589264475826455116e+09 7.920478912730868348e-01 -5.037125646685960412e-01 -3.448677867872860237e-01 -5.918182171605230746e-01 -7.721313810033303415e-01 -2.314396871633494501e-01 -1.497041620587096500e-01 3.874103547829017558e-01 -9.096713039796590072e-01 -3.570166848796749171e-01 -8.871941022305147584e-01 4.048750232952469386e-01
1.589264475826473951e+09 7.822705985097696546e-01 -5.166350937994682591e-01 -3.480529999880773717e-01 -5.998766190130727649e-01 -7.753792509465610161e-01 -1.973196889578786584e-01 -1.679307983754945999e-01 3.631462479277670075e-01 -9.164737039259341911e-01 -3.672073637149849690e-01 -8.816868410735935191e-01 4.121843632796276524e-01
1.589264475826488972e+09 7.722449906966637467e-01 -5.296807972589200331e-01 -3.508217889438792203e-01 -6.073501530208036403e-01 -7.775367632328941125e-01 -1.629796733778789419e-01 -1.864496348814537463e-01 3.389319034313064694e-01 -9.221505836379280119e-01 -3.772228012480612902e-01 -8.760641385592011776e-01 4.196464366535654356e-01
1.589264475826505899e+09 7.619578795788317649e-01 -5.428400458932102213e-01 -3.531924044499075155e-01 -6.142392144659576392e-01 -7.785928352732760516e-01 -1.284655002746017960e-01 -2.052568574770450849e-01 3.148299251377650876e-01 -9.266885890692537764e-01 -3.870613549588897140e-01 -8.703358623010756245e-01 4.272619486896783725e-01
1.589264475826524019e+09 7.513871739712768560e-01 -5.561060589022448486e-01 -3.551948286256294551e-01 -6.205500647309019069e-01 -7.785335570523560511e-01 -9.382493375067493813e-02 -2.243544792036795688e-01 2.909150256026213355e-01 -9.300717800012207048e-01 -3.967212186968817056e-01 -8.645116059037611933e-01 4.350318509776295306e-01
1.589264475826541901e+09 7.405017891039130662e-01 -5.694735006945811362e-01 -3.568711708435999830e-01 -6.262925592544517084e-01 -7.773441297420330409e-01 -5.910782237191335164e-02 -2.437513711646819015e-01 2.672752070192654927e-01 -9.322817348757367339e-01 -4.062004377846967218e-01 -8.586007722705580880e-01 4.429573013010139060e-01
1.589264475826560974e+09 7.292620127631770366e-01 -5.829368857995014253e-01 -3.582757376012197792e-01 -6.314774761023979055e-01 -7.750112761698410013e-01 -2.436635944041166263e-02 -2.634636868860881775e-01 2.440125187525347128e-01 -9.332977964182710418e-01 -4.154969324157180566e-01 -8.526126494718827553e-01 4.510396205539327075e-01
1.589264475826580048e+09 7.176204529365799445e-01 -5.964888087957957996e-01 -3.594745981946285696e-01 -6.361135368990101790e-01 -7.715261229113423713e-01 1.034457957884897528e-02 -2.835144689359040404e-01 2.212431760973778971e-01 -9.330975315309243401e-01 -4.246085302507618398e-01 -8.465564790497849268e-01 4.592802453053543288e-01
1.589264475826597929e+09 7.055236932465512867e-01 -6.101180516965816203e-01 -3.605444237544558894e-01 -6.402042757950521246e-01 -7.668875069409883949e-01 4.496707060736177680e-02 -3.039322357368088312e-01 1.990967478725836348e-01 -9.316574915071273999e-01 -4.335330085706303183e-01 -8.404415159255614887e-01 4.676806753116379833e-01
1.589264475826617002e+09 6.929146070212841568e-01 -6.238077230696468245e-01 -3.615705633122269780e-01 -6.437450995900625417e-01 -7.611054874970636375e-01 7.943981459618837393e-02 -3.247485096690136408e-01 1.777142702787908313e-01 -9.289542744515464356e-01 -4.422681453754143677e-01 -8.342770785340594131e-01 4.762424162695805263e-01
1.589264475826637030e+09 6.797352859231493571e-01 -6.375335925214061783e-01 -3.626442605590816104e-01 -6.467208547975858979e-01 -7.542048164127413967e-01 1.136979830830001786e-01 -3.459943315232576477e-01 1.572450750425870847e-01 -9.249658963136926371e-01 -4.508117781420132864e-01 -8.280725877114242239e-01 4.849669187977674878e-01
1.589264475826654911e+09 6.659302135845585058e-01 -6.512628659492633032e-01 -3.638593551215845157e-01 -6.491043713980831908e-01 -7.462279178719748440e-01 1.476733222616589958e-01 -3.676961599962101923e-01 1.378425708580379994e-01 -9.196732898144077684e-01 -4.591618676616806560e-01 -8.218375929221666265e-01 4.938555157947362440e-01
1.589264475826678991e+09 6.514494316844317012e-01 -6.649535526573274735e-01 -3.653086516976419840e-01 -6.508562002589479700e-01 -7.372370496758832159e-01 1.812946211477960978e-01 -3.898715749510698325e-01 1.196591229631033260e-01 -9.130617995248957453e-01 -4.673165636606227413e-01 -8.155817849863357116e-01 5.029093609346706462e-01
1.589264475826699018e+09 6.362513127686407755e-01 -6.785545294653242410e-01 -3.670803968900999137e-01 -6.519256727652557037e-01 -7.273153234259627231e-01 2.144885497801580776e-01 -4.125253744990073357e-01 1.028405132441757158e-01 -9.051224473212979849e-01 -4.752742683794475287e-01 -8.093149952876134146e-01 5.121293714586925283e-01
1.589264475826715946e+09 6.203046721687749399e-01 -6.920062848531675082e-01 -3.692552174960091471e-01 -6.522531589486756376e-01 -7.165664437827294897e-01 2.471808017898750598e-01 -4.356465663199191596e-01 8.752047576580850030e-02 -8.958527981706361221e-01 -4.830336935749433014e-01 -8.030471824341954834e-01 5.215161789166690154e-01
1.589264475826730013e+09 6.035901169696384905e-01 -7.052422352485603341e-01 -3.719036979607918125e-01 -6.517732067419400588e-01 -7.051132056644114909e-01 2.792974304543908159e-01 -4.592065527544578751e-01 7.381569702035277458e-02 -8.852573553467570910e-01 -4.905939077665593673e-01 -7.967884084811974743e-01 5.310700902395369960e-01
1.589264475826739073e+09 5.861005968954648981e-01 -7.181904471539634072e-01 -3.750847533215518337e-01 -6.504181747209872855e-01 -6.930949154414309810e-01 3.107662090210168704e-01 -4.831586579349820276e-01 6.182167993934745837e-02 -8.733474632508596569e-01 -4.979543709675530172e-01 -7.905488075747042487e-01 5.407910610540970220e-01
1.589264475826749086e+09 5.678411061642210100e-01 -7.307755082073551511e-01 -3.788451332578988140e-01 -6.481219589881778154e-01 -6.806640586664488568e-01 3.415177389309129730e-01 -5.074390651664426599e-01 5.161003919308908283e-02 -8.601406858254423415e-01 -5.051149555367867583e-01 -7.843385503674549231e-01 5.506786818816578055e-01
1.589264475826764107e+09 5.488278549001701645e-01 -7.429203528503987020e-01 -3.832196957947703875e-01 -6.448233900147110065e-01 -6.679826146729807013e-01 3.714862348351863353e-01 -5.319687789789269150e-01 4.322702989672370238e-02 -8.456598858245228945e-01 -5.120759539456671838e-01 -7.781678074385274257e-01 5.607321760224788232e-01
1.589264475826776981e+09 5.290871467149237395e-01 -7.545479220425728162e-01 -3.882321789355122621e-01 -6.404690561089717571e-01 -6.552183215017277629e-01 4.006099597149079261e-01 -5.566562492093157788e-01 3.669311658742044346e-02 -8.299321874864751258e-01 -5.188380756971654462e-01 -7.720467142872109445e-01 5.709504067711738129e-01
1.589264475826791048e+09 5.086540969266371004e-01 -7.655825504221994704e-01 -3.938963929861595270e-01 -6.350154374807130964e-01 -6.425411538164722547e-01 4.288312725312996565e-01 -5.814003820773971931e-01 3.200350657634784546e-02 -8.129879283862964101e-01 -5.254024361471084648e-01 -7.659853396167440875e-01 5.813318912782211578e-01
1.589264475826802969e+09 4.875713738694742450e-01 -7.759510796449501369e-01 -4.002175378710793319e-01 -6.284303345086225123e-01 -6.301201520824735169e-01 4.560963813673377110e-01 -6.060936152889574435e-01 2.912930184645336207e-02 -7.948597446686220813e-01 -5.317705393142657666e-01 -7.599936580348821691e-01 5.918748190241782670e-01
1.589264475826816082e+09 4.658880430354122582e-01 -7.855837117259080182e-01 -4.071935209041251946e-01 -6.206936506382307872e-01 -6.181206712900174649e-01 4.823548779361546690e-01 -6.306248677766033151e-01 2.801906280238267849e-02 -7.755818516934143148e-01 -5.379442562934610983e-01 -7.540815278967233359e-01 6.025770733414954616e-01
1.589264475826828957e+09 4.436585435959403134e-01 -7.944145975554484096e-01 -4.148162775541274772e-01 -6.117976135315135178e-01 -6.067021085517948498e-01 5.075590921689704382e-01 -6.548822621037416747e-01 2.860068096759342537e-02 -7.551895286912044813e-01 -5.439258014188070867e-01 -7.482586743318925260e-01 6.134362540591203894e-01
1.589264475826843977e+09 4.209418367671104444e-01 -8.023822015172784594e-01 -4.230730114130843433e-01 -6.017465412403322222e-01 -5.960160960484015558e-01 5.316633463423620087e-01 -6.787555308159487488e-01 3.078337568520997380e-02 -7.337188246071858488e-01 -5.497177075748373998e-01 -7.425346772723734334e-01 6.244497000377486895e-01
