1.592833326191781044e+09 6.432577715172800303e-01 -7.517512181419886419e-01 1.452224005334456225e-01 2.416668705881150070e-01 1.937380135022341576e-02 -9.701658517023369344e-01 7.265098507136478201e-01 6.591621668040443804e-01 1.941357126060023475e-01 7.519344851023244958e-02 -8.288057161043099752e-01 3.482901319268843499e-01
1.592833326191837072e+09 6.298761385598715679e-01 -7.593518087529117500e-01 1.632203444078858812e-01 2.420894549290394104e-01 -7.735251594790945942e-03 -9.702230990977608327e-01 7.380032154586295690e-01 6.506343033742528759e-01 1.789588150503843289e-01 6.697394782353306708e-02 -8.388407241366848677e-01 3.468082715369312230e-01
1.592833326191931009e+09 6.167361108499008759e-01 -7.659573038102376330e-01 1.815102711298932359e-01 2.418520480893274482e-01 -3.505150708602824960e-02 -9.696798332511298302e-01 7.490955590257734054e-01 6.419351999150697541e-01 1.636308124919779450e-01 5.823253014339360017e-02 -8.484809835224993435e-01 3.457544670010698207e-01
1.592833326191972017e+09 6.039232840206769648e-01 -7.715326337599104356e-01 2.000351525956424181e-01 2.408876218199554886e-01 -6.255522541955226001e-02 -9.685349749774916361e-01 7.597695840297579162e-01 6.331068149327806482e-01 1.480741041118252554e-01 4.897874759467568673e-02 -8.576693734179694495e-01 3.451232079467742575e-01
1.592833326192014933e+09 5.915037408043063438e-01 -7.760696852662347656e-01 2.187216688847717083e-01 2.391364953872373855e-01 -9.020717660218388612e-02 -9.667866373671313296e-01 7.700240654267878071e-01 6.241622458930043971e-01 1.322287022809198742e-01 3.923023773820080023e-02 -8.663513524003337851e-01 3.449057566458327839e-01
1.592833326192045927e+09 5.795239745961425770e-01 -7.795837237563518762e-01 2.374893276340276360e-01 2.365518250731422079e-01 -1.179539487877851317e-01 -9.644325276289343885e-01 7.798687050236002838e-01 6.150903054988182683e-01 1.160548114093560429e-01 2.901227322749568363e-02 -8.744764118667774921e-01 3.450904146343672374e-01
1.592833326192076921e+09 5.680124878554956291e-01 -7.821084073886451771e-01 2.562581763660753964e-01 2.331024232435197074e-01 -1.457336527169984242e-01 -9.614702091450025856e-01 7.893193739396693331e-01 6.058614873542952362e-01 9.953283033616949771e-02 1.835701106322093490e-02 -8.819993874780017729e-01 3.456628784128678578e-01
1.592833326192106009e+09 5.569826152405662478e-01 -7.836902757274577525e-01 2.749543930874400743e-01 2.287731262846796620e-01 -1.734810460806136823e-01 -9.578972719822957949e-01 7.983941527686460038e-01 5.964343037464450159e-01 8.266134765571321597e-02 7.302490225361037146e-03 -8.888815618020854403e-01 3.466066655036059707e-01
1.592833326192136049e+09 5.464360491070234804e-01 -7.843834765386031860e-01 2.935135536968532799e-01 2.235632426388625138e-01 -2.011315081110472414e-01 -9.537114832677529019e-01 8.071103523991581818e-01 5.867611767030449510e-01 6.545380682413085016e-02 -4.108559218963804896e-03 -8.950915077897464434e-01 3.479035886455262294e-01
1.592833326192174911e+09 5.363664654323209158e-01 -7.842453340819258711e-01 3.118818221216847486e-01 2.174838448133682989e-01 -2.286236573697594254e-01 -9.489109551833978529e-01 8.154825517347292774e-01 5.767932728214010263e-01 4.793462749655268140e-02 -1.583002478331754781e-02 -9.006056406103857270e-01 3.495342548542987315e-01
1.592833326192197084e+09 5.267628593976927398e-01 -7.833330282075515738e-01 3.300155407218401393e-01 2.105545451582491734e-01 -2.559007209147154405e-01 -9.434943586898283385e-01 8.235215077049748977e-01 5.664840582599852681e-01 3.013533397300440300e-02 -2.781376421567539545e-02 -9.054084661562337155e-01 3.514785655198998660e-01
1.592833326192217112e+09 5.177459840961537996e-01 -7.816581768330967961e-01 3.477780769137686079e-01 2.026298635405981152e-01 -2.829005757745922112e-01 -9.375011482440550603e-01 8.311920563476719037e-01 5.558576788372707744e-01 1.191665268487571844e-02 -4.001043146939638195e-02 -9.094931281720602945e-01 3.537178359564191465e-01
1.592833326192235947e+09 5.093071539625729782e-01 -7.792890600998010342e-01 3.651229710260466832e-01 1.937311918428562540e-01 -3.095605748944359470e-01 -9.309352695591524007e-01 8.384953478777734670e-01 5.448677009913904801e-01 -6.688816990327204129e-03 -5.237078651846997085e-02 -9.128610512452902670e-01 3.562350179525589078e-01
1.592833326192255974e+09 5.014364568062161798e-01 -7.762918285275353103e-01 3.820110953710351698e-01 1.838835072083072342e-01 -3.358229924197653204e-01 -9.238018044310185584e-01 8.454279009748244533e-01 5.334734435989832990e-01 -2.564662739984673381e-02 -6.484737226606193672e-02 -9.155206099385593266e-01 3.590133346384081769e-01
1.592833326192274094e+09 4.941236125013110936e-01 -7.727301081044092301e-01 3.984093822152997566e-01 1.731140068409018629e-01 -3.616345406760621550e-01 -9.161069806286277206e-01 8.519820399455320103e-01 5.216403352106265823e-01 -4.492176043563796128e-02 -7.739540952286481923e-02 -9.174864075733721869e-01 3.620365595103955947e-01
1.592833326192292929e+09 4.873583651127667560e-01 -7.686648941606540886e-01 4.142898800105745405e-01 1.614514143284058179e-01 -3.869458920971520777e-01 -9.078580933887716586e-01 8.581464123055460025e-01 5.093399232063143822e-01 -6.447928306322436853e-02 -8.997349432177810524e-02 -9.187784334302960820e-01 3.652892414716715219e-01
1.592833326192312956e+09 4.811305668556590809e-01 -7.641545340654241070e-01 4.296291725942052442e-01 1.489258079346721664e-01 -4.117113297997843091e-01 -8.990633375777801195e-01 8.639065236218379518e-01 4.965497248790578522e-01 -8.428457412364601109e-02 -1.025440920846104331e-01 -9.194211470780629947e-01 3.687568745283955618e-01
1.592833326192332029e+09 4.754300961479079324e-01 -7.592546738630244763e-01 4.444081053868367270e-01 1.355687895445716884e-01 -4.358885725134142297e-01 -8.897315640037936069e-01 8.692452629538591768e-01 4.832530319234098481e-01 -1.043033088552317855e-01 -1.150738342358525734e-01 -9.194425322322773431e-01 3.724260150629006838e-01
1.592833326192352057e+09 4.702467029586477887e-01 -7.540181099652162322e-01 4.586117404085713334e-01 1.214138468138575844e-01 -4.594387742273614572e-01 -8.798719741356235691e-01 8.741434186386128902e-01 4.694387104541526967e-01 -1.245013294988558394e-01 -1.275336312837871966e-01 -9.188731594565898719e-01 3.762843515087592738e-01
1.592833326192372084e+09 4.655698836847687594e-01 -7.484945517847051422e-01 4.722293823915857947e-01 1.064967073257785668e-01 -4.823266371351684900e-01 -8.694937991553739476e-01 8.785801812735435368e-01 4.551010012607771826e-01 -1.448445511361315663e-01 -1.398986240460328156e-01 -9.177452956550832264e-01 3.803207317184648106e-01
1.592833326192390919e+09 4.613888017161104083e-01 -7.427303302360186432e-01 4.852546037267865819e-01 9.085561412596669661e-02 -5.045205881054998232e-01 -8.586059829109466968e-01 8.825336431129574555e-01 4.402392906288937202e-01 -1.652989293050066144e-01 -1.521480005783241163e-01 -9.160920903220173273e-01 3.845251549439493988e-01
1.592833326192409039e+09 4.576922071918638757e-01 -7.367680661046914770e-01 4.976853026599913354e-01 7.453157114607886213e-02 -5.259930143692808091e-01 -8.472168518556589811e-01 8.859813138961504242e-01 4.248578184399391389e-01 -1.858304221766412523e-01 -1.642647093528461499e-01 -9.139468596385883492e-01 3.888887362426287075e-01
1.592833326192429066e+09 4.544684096516014016e-01 -7.306463603941225626e-01 5.095236607961799447e-01 5.756841933177383325e-02 -5.467204706752172294e-01 -8.353338281018607425e-01 8.889006366971337059e-01 4.089653081524259881e-01 -2.064050267708216202e-01 -1.762351002887895812e-01 -9.113424829853393749e-01 3.934036505331134359e-01
1.592833326192445993e+09 4.517053114182782991e-01 -7.243995692991386237e-01 5.207759363443297262e-01 4.001269734579102066e-02 -5.666837915733028419e-01 -8.229632219912494939e-01 8.912694855570989505e-01 3.925745084061279533e-01 -2.269888978199446905e-01 -1.880485234780529535e-01 -9.083109170340717409e-01 3.980630634141658075e-01
1.592833326192465067e+09 4.493904531669168367e-01 -7.180576772120084161e-01 5.314521549856607852e-01 2.191336992780631987e-02 -5.858681109164058931e-01 -8.101100920002466399e-01 8.930666408616212415e-01 3.757016490373834561e-01 -2.475484723438483858e-01 -1.996969113014947783e-01 -9.048828240082114061e-01 4.028610554194027582e-01
1.592833326192483902e+09 4.475110417064724899e-01 -7.116462633023175055e-01 5.415657519805060494e-01 3.321485313112005830e-03 -6.042627985976584126e-01 -7.967781612828249704e-01 8.942722379044280023e-01 3.583658276654606012e-01 -2.680505518444196711e-01 -2.111743644197938696e-01 -9.010873049337004836e-01 4.077925453396841204e-01
1.592833326192502975e+09 4.460539441112868486e-01 -7.051865481665408053e-01 5.511332066454520673e-01 -1.571019715820506230e-02 -6.218613266183032895e-01 -7.829697826179328191e-01 8.948681851814931365e-01 3.405883483317911353e-01 -2.884623171224374727e-01 -2.224767572355587641e-01 -8.969517262595380069e-01 4.128532166024264649e-01
1.592833326192513943e+09 4.450056438853737806e-01 -6.986955059861975625e-01 5.601736936561997338e-01 -3.512758806995830430e-02 -6.386610731049011669e-01 -7.686859479578653787e-01 8.948385494993564837e-01 3.223920344726470266e-01 -3.087512699690768136e-01 -2.336013730971184255e-01 -8.925016256120246183e-01 4.180394497365390594e-01
1.592833326192523956e+09 4.443521652707149161e-01 -6.921860334724231345e-01 5.687087554491447872e-01 -5.487565576190608224e-02 -6.546630647406547210e-01 -7.539263454741934600e-01 8.941699032225886024e-01 3.038005381901944801e-01 -3.288851128210232289e-01 -2.445465759371739933e-01 -8.877606835011314645e-01 4.233482622829465858e-01
1.592833326192533970e+09 4.440789708812726277e-01 -6.856671654767700907e-01 5.767620012168415133e-01 -7.489881665295390623e-02 -6.698716612695503336e-01 -7.386894645403836446e-01 8.928516310629872610e-01 2.848376658518629867e-01 -3.488315772536487724e-01 -2.553115231557587794e-01 -8.827507503122599131e-01 4.287772556321686745e-01
1.592833326192543030e+09 4.441709079088144718e-01 -6.791444034286661102e-01 5.843586947231599327e-01 -9.514144011669833922e-02 -6.842941016545522892e-01 -7.229728135582337289e-01 8.908761480410761768e-01 2.655267632529322297e-01 -3.685583089783193711e-01 -2.658959221331897993e-01 -8.774919180955536024e-01 4.343245675906712289e-01
1.592833326192553043e+09 4.446122743400242050e-01 -6.726202219186381281e-01 5.915251159603347464e-01 -1.155485354663004366e-01 -6.979398503335790815e-01 -7.067733028340366097e-01 8.882389665332567352e-01 2.458902247997921120e-01 -3.880329057552751593e-01 -2.762998293580452569e-01 -8.720026253849726405e-01 4.399888299394782432e-01
1.592833326192562103e+09 4.453869345537547764e-01 -6.660946577622650633e-01 5.982878785910297204e-01 -1.360664390357231301e-01 -7.108198727768130221e-01 -6.900876994735463121e-01 8.849386435844257548e-01 2.259491439110168920e-01 -4.072230122744513459e-01 -2.865234883379619846e-01 -8.662997833428601746e-01 4.457691307679065851e-01
1.592833326192574978e+09 4.464786165824080055e-01 -6.595660832816165886e-01 6.046729917556934453e-01 -1.566436399512619038e-01 -7.229457453146843626e-01 -6.729132334299967599e-01 8.809765122927174508e-01 2.057231911630504340e-01 -4.260966482798156929e-01 -2.965672022838967692e-01 -8.603989146450561343e-01 4.516649807274676909e-01
1.592833326192588091e+09 4.478714792795570054e-01 -6.530322052278968448e-01 6.107045744242510787e-01 -1.772317544003465251e-01 -7.343285951797278166e-01 -6.552483650224096845e-01 8.763561168246607469e-01 1.852308114253641558e-01 -4.446228775847516634e-01 -3.064312384347470664e-01 -8.543142995280476049e-01 4.576762815563094611e-01
1.592833326192600965e+09 4.495509396524837720e-01 -6.464912147129598941e-01 6.164033275349060093e-01 -1.977864996458517377e-01 -7.449780012912456950e-01 -6.370936183018478527e-01 8.710823459543107772e-01 1.644897782665643016e-01 -4.627727948805906433e-01 -3.161157599848663513e-01 -8.480591235914687331e-01 4.638032958626468472e-01
1.592833326192610979e+09 4.515046419789532917e-01 -6.399429100208036125e-01 6.217850355429415110e-01 -2.182684227855762882e-01 -7.549010810534213523e-01 -6.184523051699872820e-01 8.651603632310227443e-01 1.435180476455377996e-01 -4.805206719414058525e-01 -3.256207795871531308e-01 -8.416456213394915009e-01 4.700466186307302174e-01
1.592833326192624092e+09 4.537234435118659981e-01 -6.333896355267057965e-01 6.268593196680219970e-01 -2.386432161815995046e-01 -7.641019343909573047e-01 -5.993310016689424868e-01 8.585944632946310717e-01 1.223348017828032597e-01 -4.978451005499692772e-01 -3.349461289072536707e-01 -8.350852115273761367e-01 4.764071509290319084e-01
1.592833326192636967e+09 4.562024025795660132e-01 -6.268370103340652477e-01 6.316286334513789846e-01 -2.588816272503021154e-01 -7.725814606640740712e-01 -5.797397606179860441e-01 8.513869103861966270e-01 1.009616232630153321e-01 -5.147301037633078558e-01 -3.440914397731099084e-01 -8.283886223691733219e-01 4.828860760540601982e-01
1.592833326192646027e+09 4.589418219628857987e-01 -6.202944916044672574e-01 6.360873744841318844e-01 -2.789590292303694707e-01 -7.803374936542125662e-01 -5.596921085197734680e-01 8.435367593000909769e-01 7.942379957733163021e-02 -5.311662602606105343e-01 -3.530561358040065212e-01 -8.215660076322345295e-01 4.894848366337186674e-01
1.592833326192658901e+09 4.619482630876824425e-01 -6.137757227504414548e-01 6.402211841481195709e-01 -2.988545926532945041e-01 -7.873652934729187258e-01 -5.392048102672455379e-01 8.350387625187186691e-01 5.775168440453949670e-02 -5.471517232986549129e-01 -3.618394330368505662e-01 -8.146270539143375400e-01 4.962051118500477864e-01
1.592833326192668915e+09 4.652353944708329525e-01 -6.072986082592110035e-01 6.440065437381576885e-01 -3.185500071534050903e-01 -7.936584251421406888e-01 -5.182974025349353919e-01 8.258825103517379862e-01 3.598200745943794243e-02 -5.626929664598115943e-01 -3.704403478322136345e-01 -8.075810790802105954e-01 5.030487944320096716e-01
1.592833326192688942e+09 4.688244535892692189e-01 -6.008850369245326561e-01 6.474108466472430212e-01 -3.380277252461532100e-01 -7.992100453460643239e-01 -4.969915096999657500e-01 8.160520136086302223e-01 1.415895723712172830e-02 -5.778050149352286224e-01 -3.788577115667088879e-01 -8.004371224838735532e-01 5.100179665402182483e-01
1.592833326192698002e+09 4.727444675675499530e-01 -5.945604209761451431e-01 6.503926309795620142e-01 -3.572689564812118190e-01 -8.040144004174929471e-01 -4.753101482054886695e-01 8.055256428907252575e-01 -7.664853572036950044e-03 -5.925113407642468299e-01 -3.870901921950157809e-01 -7.932040275594889334e-01 5.171148735061046331e-01
1.592833326192707062e+09 4.770320993900771800e-01 -5.883530307705643336e-01 6.529020505207200342e-01 -3.762514574891537844e-01 -8.080685157108030703e-01 -4.532770841165760789e-01 7.942765369357117633e-01 -2.942762900344009919e-02 -6.068433057995211710e-01 -3.951363233785386009e-01 -7.858905172155833396e-01 5.243418941502051567e-01
1.592833326192715883e+09 4.817309634267817886e-01 -5.822931010274692287e-01 6.548816867276806564e-01 -3.949472165710358196e-01 -8.113740373757228896e-01 -4.309163119753169902e-01 7.822735935968438969e-01 -5.105796916832983784e-02 -6.208390361555304882e-01 -4.029945421040910247e-01 -7.785052620320423999e-01 5.317015063885338622e-01
1.592833326192728996e+09 4.868902356820096755e-01 -5.764116823140538193e-01 6.562678349035349079e-01 -4.133202012959527050e-01 -8.139391561614908177e-01 -4.082517135282985876e-01 7.694831446112788687e-01 -7.247498054227845266e-02 -6.345416200877420643e-01 -4.106632351152950666e-01 -7.710569405403718823e-01 5.391962473727103244e-01
1.592833326192739010e+09 4.925625431222405703e-01 -5.707392820431268499e-01 6.569922475078537882e-01 -4.313244398590627693e-01 -8.157804639848141859e-01 -3.853069717666496308e-01 7.558712647920668992e-01 -9.358903118246394981e-02 -6.479967010510248038e-01 -4.181407934778375579e-01 -7.635542902947743960e-01 5.468286682331146009e-01
1.592833326192751884e+09 4.988011137588688748e-01 -5.653043216713762309e-01 6.569843780883614093e-01 -4.489027222668102168e-01 -8.169245827502569224e-01 -3.621057474975566959e-01 7.414066327609883933e-01 -1.143033255881518440e-01 -6.612495405870193466e-01 -4.254256739129216869e-01 -7.560061483077165079e-01 5.546012841089398293e-01
1.592833326192761898e+09 5.056565228135269097e-01 -5.601315534329187606e-01 6.561738519817230664e-01 -4.659862089093451121e-01 -8.174093451336027494e-01 -3.386721363288536235e-01 7.260635883258098611e-01 -1.345161907656657607e-01 -6.743419461952416816e-01 -4.325164642527986603e-01 -7.484214794188146502e-01 5.625165211973077728e-01
1.592833326192771912e+09 5.131732878309770429e-01 -5.552405183798851951e-01 6.544930432369432394e-01 -4.824950968861586031e-01 -8.172843759237454764e-01 -3.150313169872940300e-01 7.098250899976532580e-01 -1.541240275223980105e-01 -6.873093379397233749e-01 -4.394119496940215863e-01 -7.408093916781807176e-01 5.705766631763468100e-01
1.592833326192785025e+09 5.213867536397972513e-01 -5.506441765778228303e-01 6.518794705844467297e-01 -4.983403445019744527e-01 -8.166109615875210004e-01 -2.912102999341820153e-01 6.926851769929144309e-01 -1.730246469557457090e-01 -7.001783468439856106e-01 -4.461111760539264726e-01 -7.331791385830255248e-01 5.787837998174765186e-01
1.592833326192799091e+09 5.303206229011228068e-01 -5.463478020769633181e-01 6.482778079889902623e-01 -5.134262701338551116e-01 -8.154611968839157177e-01 -2.672386608335104441e-01 6.746506520561327269e-01 -1.911206838075543979e-01 -7.129652040388857470e-01 -4.526135055954489950e-01 -7.255401089250038682e-01 5.871397811710277193e-01
1.592833326192816973e+09 5.399853202003384034e-01 -5.423481929741698071e-01 6.436414310665250493e-01 -5.276537300973475064e-01 -8.139164791148529865e-01 -2.431491444990819539e-01 6.557418663944604154e-01 -2.083228332141154049e-01 -7.256749975630933935e-01 -4.589186624116447510e-01 -7.179018061472179912e-01 5.956461797134001701e-01
1.592833326192835093e+09 5.503773046146580583e-01 -5.386332342429185349e-01 6.379334305189615639e-01 -5.409235140807301390e-01 -8.120654870567775019e-01 -2.189780741918961882e-01 6.359925901628487033e-01 -2.245526306557588669e-01 -7.383017957397713937e-01 -4.650267648284130972e-01 -7.102738198490696764e-01 6.043042625188018713e-01
1.592833326192852974e+09 5.614794893023496991e-01 -5.351818361415259240e-01 6.311269171858628901e-01 -5.531394976123555907e-01 -8.100018867261905564e-01 -1.947656027438136039e-01 6.154490064486730638e-01 -2.397443346508798256e-01 -7.508296576009702017e-01 -4.709383437050698729e-01 -7.026657926059743930e-01 6.131149744433334048e-01
1.592833326192872047e+09 5.732624190535415831e-01 -5.319641649280838491e-01 6.232048831426320046e-01 -5.642113072416342634e-01 -8.078219639973853727e-01 -1.705557844081862784e-01 5.941681579726290074e-01 -2.538460201533348504e-01 -7.632341700767646397e-01 -4.766543476490858189e-01 -6.950873852482256643e-01 6.220789316495978216e-01
1.592833326192889929e+09 5.856859155013710572e-01 -5.289421021609949092e-01 6.141598010163168420e-01 -5.740563792592805470e-01 -8.056223331788353592e-01 -1.463964823560081063e-01 5.722161148414801612e-01 -2.668199937709489489e-01 -7.754842416895616486e-01 -4.821761375492489288e-01 -6.875482431690613794e-01 6.311964236826287378e-01
1.592833326192909956e+09 5.987010277066202590e-01 -5.260698734959902145e-01 6.039930197134093515e-01 -5.826013281613401373e-01 -8.034978652890722994e-01 -1.223391729232494174e-01 5.496660550907652709e-01 -2.786425468335341216e-01 -7.875440046398165528e-01 -4.875054732827958648e-01 -6.800579654341702973e-01 6.404674219059652840e-01
1.592833326192929029e+09 6.122520139710930787e-01 -5.232947826959576387e-01 5.927141317963529055e-01 -5.897827139836891996e-01 -8.015398812695725406e-01 -9.843865780978350299e-02 5.265964507550182638e-01 -2.893032826755737585e-01 -7.993746236617701451e-01 -4.926444947519444395e-01 -6.726260778721772082e-01 6.498915926158641554e-01
1.592833326192950964e+09 6.262782189657429832e-01 -5.205580052101878019e-01 5.803403793466902494e-01 -5.955473049047728118e-01 -7.998346331480242766e-01 -7.475270944002801454e-02 5.030894556091494163e-01 -2.988041550200600804e-01 -8.109359264865996231e-01 -4.975956989078697545e-01 -6.652620109196680787e-01 6.594683135206999003e-01
1.592833326192967892e+09 6.407158051661631104e-01 -5.177953936633941101e-01 5.668960994316502022e-01 -5.998518998786750434e-01 -7.984621024602825967e-01 -5.134169336560194530e-02 4.792295436420908605e-01 -3.071582677772137226e-01 -8.221878394294924730e-01 -5.023619149022229280e-01 -6.579750823602229515e-01 6.691966918659604246e-01
1.592833326192982912e+09 6.554992677659817746e-01 -5.149382580727970282e-01 5.524122559925590537e-01 -6.026628306885121189e-01 -7.974950926366817239e-01 -2.826818101538237579e-02 4.551024310456686095e-01 -3.143885618486528255e-01 -8.330915974273779279e-01 -5.069462787452426733e-01 -6.507744848466853194e-01 6.790755830773604895e-01
