1.583561772778692961e+09 -4.732389522544351301e-01 4.362692122286779828e-01 7.653195860648082105e-01 2.211652600424655613e-01 -7.820956950874033975e-01 5.825909813545092630e-01 8.527196620574976071e-01 4.449668508335396511e-01 2.736305535455010318e-01 -2.290215732076980870e-01 1.532343924748440056e+00 1.469488226236131290e+00
1.583561772778739929e+09 -4.670290224101579790e-01 4.569385659321574811e-01 7.570277666473685940e-01 2.089653516012504042e-01 -7.748479150181584174e-01 5.966105853085565958e-01 8.591957718103587771e-01 4.368270318034615518e-01 2.663921361883299643e-01 -2.380193814781760564e-01 1.528158479857488539e+00 1.467880143227801026e+00
1.583561772778764963e+09 -4.604362209625706970e-01 4.773236961124269206e-01 7.484387589121943574e-01 1.966949942354670189e-01 -7.673104916442122780e-01 6.103652093108231647e-01 8.656266896931208432e-01 4.282484077108504872e-01 2.594103614328318597e-01 -2.471310092627489186e-01 1.524052635059096827e+00 1.466791698818338263e+00
1.583561772778784990e+09 -4.535268315297145691e-01 4.974510875371113139e-01 7.394970107316455321e-01 1.845348213297358098e-01 -7.593432401212426575e-01 6.239749542114810810e-01 8.719290756944112486e-01 4.194523326465964264e-01 2.525854861859389011e-01 -2.563447704668329052e-01 1.520068212818807885e+00 1.466248175476245974e+00
1.583561772778805017e+09 -4.463233562735270943e-01 5.173348829101764856e-01 7.301781158486444490e-01 1.726277948189596234e-01 -7.508572282805719977e-01 6.375053468659545031e-01 8.780632701260018269e-01 4.105825639804719929e-01 2.458187381957687156e-01 -2.656441160279318647e-01 1.516249034489949521e+00 1.466270149735031003e+00
1.583561772778824091e+09 -4.388219339229892380e-01 5.369738059150854781e-01 7.204820902498398905e-01 1.610668266788512493e-01 -7.418155079967184706e-01 6.509740621037175545e-01 8.840208073895613472e-01 4.017074607834790201e-01 2.390362489089382647e-01 -2.750076304005480421e-01 1.512639895376267640e+00 1.466872766814210749e+00
1.583561772778841972e+09 -4.310098194043914255e-01 5.563536857148551062e-01 7.104231923846284769e-01 1.498833797574364579e-01 -7.322275204977495289e-01 6.643627253214852146e-01 8.898120634708450716e-01 3.928274873554892799e-01 2.322090806177594668e-01 -2.844092389029099222e-01 1.509285431168186475e+00 1.468065143149263063e+00
1.583561772778861046e+09 -4.228818168284066425e-01 5.754524989084019992e-01 7.000181360613323411e-01 1.390398509021723294e-01 -7.221386740337660815e-01 6.776309138690460587e-01 8.954545712145030034e-01 3.838882092269585433e-01 2.253684848241871153e-01 -2.938186331285758679e-01 1.506228924581951123e+00 1.469849940505715047e+00
1.583561772778879881e+09 -4.144551865814874447e-01 5.942451104413991603e-01 6.892747256078618490e-01 1.284276386514366652e-01 -7.116171034931655370e-01 6.907296430292542144e-01 9.009623966635129655e-01 3.747984084363941704e-01 2.186159030799167124e-01 -3.032019054536992941e-01 1.503511112081314050e+00 1.472223151282482378e+00
1.583561772778899908e+09 -4.057829082072008098e-01 6.127055670228859219e-01 6.781829545837507744e-01 1.178717711697381543e-01 -7.007399568251059252e-01 7.036119374994728171e-01 9.063368453438306327e-01 3.654523242485404610e-01 2.121276071724199352e-01 -3.125223656450537013e-01 1.501169056490546216e+00 1.475174122486104800e+00
1.583561772778918982e+09 -3.970504256081508476e-01 6.306352809111629432e-01 6.668208922464563537e-01 1.072431892239223694e-01 -6.896895236318224542e-01 7.161195846220770322e-01 9.115096588344684392e-01 3.558475849541904990e-01 2.062101801194710649e-01 -3.217414962898202391e-01 1.499235149001745482e+00 1.478685826569101192e+00
1.583561772778938055e+09 -3.877709454893483176e-01 6.482665770359984370e-01 6.552740947681373607e-01 9.739245155139227006e-02 -6.781031284266667569e-01 7.284853174364471773e-01 9.165960966934144638e-01 3.463041908142523440e-01 1.998124200395115790e-01 -3.308321836116797643e-01 1.497698009062596647e+00 1.482693449107395978e+00
1.583561772778955936e+09 -3.779275016814322430e-01 6.655648959585744873e-01 6.435791894416397207e-01 8.833429195072460549e-02 -6.660409148099795118e-01 7.406662897596687500e-01 9.216115540705323017e-01 3.367682724525108973e-01 1.929229751071996624e-01 -3.397597794899987478e-01 1.496572110801039468e+00 1.487176173560509795e+00
1.583561772778974056e+09 -3.675122698352917827e-01 6.824973073085646158e-01 6.317690696599078670e-01 8.006878836731111393e-02 -6.535662066927834246e-01 7.526222177960869564e-01 9.265655513276980226e-01 3.271828834979704226e-01 1.855468676370374548e-01 -3.484907430558696895e-01 1.495866588171867795e+00 1.492109422653588258e+00
1.583561772778991938e+09 -3.565253673966291559e-01 6.990337632162060277e-01 6.198721324824686407e-01 7.258512695853547303e-02 -6.407422678974314945e-01 7.643171760439335660e-01 9.314617877314087524e-01 3.174919594037819981e-01 1.777014180059324211e-01 -3.569934851192833047e-01 1.495585203429483867e+00 1.497465599798877722e+00
1.583561772779011011e+09 -3.449731989195379267e-01 7.151476293263746564e-01 6.079122968306881480e-01 6.586520607134428718e-02 -6.276301809642143015e-01 7.757203946614470436e-01 9.362987060294696295e-01 3.076430146916418473e-01 1.694122452780290888e-01 -3.652391002418325927e-01 1.495726505785370586e+00 1.503214886578615683e+00
1.583561772779028893e+09 -3.328667145049095111e-01 7.308156827197658245e-01 5.959095473370309426e-01 5.988672080776392959e-02 -6.142877198042957509e-01 7.868063154870049702e-01 9.410703115607472746e-01 2.975887018512743953e-01 1.607097802891762350e-01 -3.732019567949220185e-01 1.496284158898626870e+00 1.509326054396608274e+00
1.583561772779047966e+09 -3.202198558517420635e-01 7.460177860725153431e-01 5.838807302211880268e-01 5.462552681311737962e-02 -6.007689797061308568e-01 7.975541893595370357e-01 9.457670410801568561e-01 2.872874800116430594e-01 1.516265414965616287e-01 -3.808601269542398748e-01 1.497247407585058143e+00 1.515767251129931825e+00
1.583561772779067039e+09 -3.070483614572681597e-01 7.607364250283060736e-01 5.718403585822138258e-01 5.005723116203869560e-02 -5.871244832219613130e-01 8.079474704035154442e-01 9.503765451593619851e-01 2.767036919261922079e-01 1.421952514556440728e-01 -3.881956509187747817e-01 1.498601648178431667e+00 1.522506728421111344e+00
1.583561772779086113e+09 -2.933690040742298888e-01 7.749562507209794004e-01 5.598012479968696997e-01 4.615807780183167619e-02 -5.734014921929377895e-01 8.179732029389817916e-01 9.548843173682438623e-01 2.658073334434583046e-01 1.324477337783656061e-01 -3.951946394587545486e-01 1.500329066298891734e+00 1.529513483706601340e+00
1.583561772779104948e+09 -2.791992143902237711e-01 7.886637065931825230e-01 5.477749144753346622e-01 4.290531323851370232e-02 -5.596443287753742890e-01 8.276215073855742732e-01 9.592741698977056419e-01 2.545737289448631868e-01 1.224143935545923961e-01 -4.018472283245039800e-01 1.502409305819516705e+00 1.536757798615253190e+00
1.583561772779123068e+09 -2.645570043414355865e-01 8.018467714940382685e-01 5.357717301615950722e-01 4.027721798913252993e-02 -5.458945885288312150e-01 8.368852036257412585e-01 9.635285867152995065e-01 2.429832371990124917e-01 1.121240798128099320e-01 -4.081474032193914692e-01 1.504820137479169651e+00 1.544211664764943759e+00
1.583561772779140949e+09 -2.494610844582844378e-01 8.144948174631753135e-01 5.238008782050688206e-01 3.825296534533034754e-02 -5.321912009186990922e-01 8.457595618310834729e-01 9.676289982402135337e-01 2.310210343105792152e-01 1.016041520897365963e-01 -4.140927162142262752e-01 1.507538101587334811e+00 1.551849096144302553e+00
1.583561772779159069e+09 -2.339310885875318935e-01 8.265985668561497413e-01 5.118701548298041359e-01 3.681241199624123162e-02 -5.185703343435272838e-01 8.542421523102016190e-01 9.715560160726803840e-01 2.186769716203131875e-01 9.088063582036527699e-02 -4.196839172828981113e-01 1.510539103207295897e+00 1.559646332414955872e+00
1.583561772779176950e+09 -2.179877880996454742e-01 8.381501078083102296e-01 4.999857211583328964e-01 3.593592928404052561e-02 -5.050652096190253459e-01 8.623327334275829870e-01 9.752896664464771881e-01 2.059454566707234757e-01 7.997834488516186724e-02 -4.249245281911984695e-01 1.513798941304466350e+00 1.567581941179337246e+00
1.583561772779196978e+09 -2.016532539712699301e-01 8.491429425467182934e-01 4.881518499686089974e-01 3.560429115970858982e-02 -4.917058685866937395e-01 8.700331449836403719e-01 9.788096341295590141e-01 1.928253153331149217e-01 6.892095583352748911e-02 -4.298203852819649229e-01 1.517293759620578220e+00 1.575636831734589904e+00
1.583561772779216051e+09 -1.849509946890374734e-01 8.595720694408882645e-01 4.763706407226629413e-01 3.579857067174690294e-02 -4.785188907371484279e-01 8.773472138596288827e-01 9.820955107076583257e-01 1.793196279282836259e-01 5.773109334396037823e-02 -4.343791752150095720e-01 1.521000413196736289e+00 1.583794195719689046e+00
1.583561772779234886e+09 -1.679059901827515966e-01 8.694340546826153648e-01 4.646418011337040688e-01 3.650009792478454973e-02 -4.655271477726451446e-01 8.842806215562181160e-01 9.851270585882487829e-01 1.654354845941728436e-01 4.643036856971453907e-02 -4.386099856239393247e-01 1.524896749046464661e+00 1.592039390914605557e+00
1.583561772779249907e+09 -1.505445976432354116e-01 8.787270641778699432e-01 4.529625493831183070e-01 3.769048298293507793e-02 -4.527496614408716979e-01 8.908407106095868055e-01 9.878844830562272250e-01 1.511836335950213772e-01 3.503936815783566944e-02 -4.425228875724573352e-01 1.528961804808524505e+00 1.600359784749331382e+00
1.583561772779261112e+09 -1.328943802966839893e-01 8.874508608856804814e-01 4.413276034202945897e-01 3.935165125861239677e-02 -4.402015526036598958e-01 8.970362538661702523e-01 9.903486918651277504e-01 1.365780469961127563e-01 2.357765575542419140e-02 -4.461285607375443107e-01 1.533175933380527267e+00 1.608744573057775629e+00
1.583561772779273987e+09 -1.149838972327404951e-01 8.956067738957130819e-01 4.297292290165510842e-01 4.146585980957379763e-02 -4.278940622670222016e-01 9.028772087435714688e-01 9.925015295189900666e-01 1.216354321464336585e-01 1.206382195570587096e-02 -4.494379671046622726e-01 1.537520863823097717e+00 1.617184587424983500e+00
1.583561772779287100e+09 -9.684248012325127886e-02 9.031976447524533436e-01 4.181573255355865992e-01 4.401567847368947212e-02 -4.158346243084428129e-01 9.083744742100920977e-01 9.943259799191440651e-01 1.063747153530703732e-01 5.155992150026496301e-04 -4.524620756351100948e-01 1.541979709346775529e+00 1.625672101652612556e+00
1.583561772779298067e+09 -7.850001066746199740e-02 9.102277538598995132e-01 4.065995385760368674e-01 4.698393189348794990e-02 -4.040269749014016032e-01 9.135396618743788499e-01 9.958063359504967238e-01 9.081651823012795721e-02 -1.104995694863058174e-02 -4.552116365184582514e-01 1.546536933461303498e+00 1.634200645308530708e+00
1.583561772779309034e+09 -5.998670118274458674e-02 9.167027254724624541e-01 3.950414017978959857e-01 5.035360866627031778e-02 -3.924712947035351451e-01 9.183848850289944021e-01 9.969283374574600121e-01 7.498263982331324073e-02 -2.261623201586247800e-02 -4.576970025738893999e-01 1.551178284135936059e+00 1.642764829627998413e+00
1.583561772779320002e+09 -4.133288181957724128e-02 9.226294113666936303e-01 3.834665076685482288e-01 5.410774288264360438e-02 -3.811643779442316360e-01 9.229225694868649077e-01 9.976792797743002650e-01 5.889555669726479620e-02 -3.416677276998652396e-02 -4.599279959661694561e-01 1.555890704281650772e+00 1.651360188749416924e+00
1.583561772779335976e+09 -2.256873295702378421e-02 9.280157125405288365e-01 3.718568137233531079e-01 5.822933634087207322e-02 -3.700999301789157925e-01 9.271652421184518600e-01 9.980480934967667084e-01 4.257792023815978877e-02 -4.568505255360356954e-02 -4.619138173233779954e-01 1.560662226216766424e+00 1.659983037787428728e+00
1.583561772779354095e+09 -3.723927232538616974e-03 9.328703080696176819e-01 3.601931718258115644e-01 6.270138246408768490e-02 -3.592690902551880505e-01 9.311252641540803676e-01 9.980253850748505018e-01 2.605205256232280206e-02 -5.715436601564188868e-02 -4.636629917415073243e-01 1.565481857352875261e+00 1.668630348244402928e+00
1.583561772779371977e+09 1.517271750599175420e-02 9.372023522065741075e-01 3.484559369616531121e-01 6.750692558181702052e-02 -3.486610458266589108e-01 9.348145753267091962e-01 9.976034301730291043e-01 9.339511541562192654e-03 -6.855778498708088586e-02 -4.651833444582511023e-01 1.570339463242784506e+00 1.677299640384342316e+00
1.583561772779390097e+09 3.409365199879785951e-02 9.410210904309600499e-01 3.366258020404664375e-01 7.262927229062816903e-02 -3.382639011170613941e-01 9.382443829457786100e-01 9.967761092398105260e-01 -7.539290435221038603e-03 -7.987832872338937462e-02 -4.664820004356693972e-01 1.575225652347328031e+00 1.685988891345138407e+00
1.583561772779407024e+09 5.301308297738862446e-02 9.443353888583820854e-01 3.246849037525401660e-01 7.805242930687697478e-02 -3.280658708095563481e-01 9.414247727837666835e-01 9.955387644708869610e-01 -2.456538408723293182e-02 -9.109945439787207888e-02 -4.675654041353642931e-01 1.580131665545720931e+00 1.694696457279058599e+00
1.583561772779426098e+09 7.190745662849760966e-02 9.471532358913306027e-01 3.126180829121657512e-01 8.376175730630273930e-02 -3.180567141197511716e-01 9.443642807402296002e-01 9.938879644840590277e-01 -4.172139355434897889e-02 -1.022058688372662755e-01 -4.684393551507903819e-01 1.585049272813597865e+00 1.703421007809292176e+00
1.583561772779443979e+09 9.075581094715085007e-02 9.494813215250444971e-01 3.004140529273816029e-01 8.974473983427261325e-02 -3.082291771710796158e-01 9.470695096634788035e-01 9.918211858515196822e-01 -5.899148033440047845e-02 -1.131845430931490426e-01 -4.691090535449287668e-01 1.589970678762113954e+00 1.712161471248035305e+00
1.583561772779462099e+09 1.095399116606759898e-01 9.513247758002694177e-01 2.880662754364247680e-01 9.599176402732154112e-02 -2.985802378164958970e-01 9.495448504131186462e-01 9.893364388544779731e-01 -7.636106907840226055e-02 -1.240257962486306098e-01 -4.695791499322609086e-01 1.594888437589732755e+00 1.720916988998196118e+00
1.583561772779479980e+09 1.282441775256724648e-01 9.526870748351943252e-01 2.755735268754972989e-01 1.024969048812702094e-01 -2.891121297351401664e-01 9.517922888169852991e-01 9.864318606340582996e-01 -9.381638566299985160e-02 -1.347244237631937125e-01 -4.698537968880441840e-01 1.599795377178345079e+00 1.729686877623313190e+00
1.583561772779504061e+09 1.468554269667730894e-01 9.535700907530951786e-01 2.629402326260026901e-01 1.092587586915128445e-01 -2.798332234605614421e-01 9.538112448585230885e-01 9.831052880915379655e-01 -1.113438341610931137e-01 -1.452809119324518783e-01 -4.699367019448454363e-01 1.604684531830582017e+00 1.738470597058258349e+00
1.583561772779519081e+09 1.653624062907227965e-01 9.539743114845399274e-01 2.501765135963318065e-01 1.162812520881037481e-01 -2.707586919920629276e-01 9.555984518851390330e-01 9.793538406791664208e-01 -1.289292211839750679e-01 -1.557026362108969719e-01 -4.698311817235310550e-01 1.609549083274772974e+00 1.747267723765523861e+00
1.583561772779529095e+09 1.837550624708829128e-01 9.538992557125023364e-01 2.372978872837506747e-01 1.235743089413999518e-01 -2.619108635575675970e-01 9.571478934009566286e-01 9.751735575993537575e-01 -1.465568484861177467e-01 -1.660048883979035050e-01 -4.695402163296359954e-01 1.614382309527143233e+00 1.756077927889557300e+00
1.583561772779542923e+09 2.020235358142670468e-01 9.533441079540428964e-01 2.243245486973894920e-01 1.311541879549122380e-01 -2.533191133601537803e-01 9.584508364595533125e-01 9.705591533824887707e-01 -1.642085228357577642e-01 -1.762114952684088187e-01 -4.690665042723047296e-01 1.619177541355358629e+00 1.764900953570966990e+00
1.583561772779556990e+09 2.201569804465253466e-01 9.523084864618627243e-01 2.112805029226790532e-01 1.390436120955807486e-01 -2.450195416783698121e-01 9.594958562978995742e-01 9.655038985691200004e-01 -1.818625061526996101e-01 -1.863551742100359732e-01 -4.684125185137467118e-01 1.623928126348263223e+00 1.773736601732105456e+00
1.583561772779568911e+09 2.381422299278263266e-01 9.507933466525375632e-01 1.981925594671645474e-01 1.472715783460739891e-01 -2.370543799828347398e-01 9.602688702983733782e-01 9.599996670796742126e-01 -1.994924390230266575e-01 -1.964774954815992625e-01 -4.675805646059905119e-01 1.628627400959461013e+00 1.782584714773810752e+00
1.583561772779582024e+09 2.559623616192210904e-01 9.488020117526432262e-01 1.850892008473855321e-01 1.558727216539661231e-01 -2.294710500876768200e-01 9.607532107349672224e-01 9.540371923230509532e-01 -2.170663032353518096e-01 -2.066283037612503815e-01 -4.665728418120742016e-01 1.633268671239331393e+00 1.791445162761070797e+00
1.583561772779594898e+09 2.735952637176746749e-01 9.463413024496402093e-01 1.719993351471175713e-01 1.648860979156283879e-01 -2.223207825995053288e-01 9.609297812328462252e-01 9.476065674334855915e-01 -2.345455376594580421e-01 -2.168644377765200637e-01 -4.653915072988730195e-01 1.637845203051842224e+00 1.800317830844143652e+00
1.583561772779603958e+09 2.910123739912681140e-01 9.434226876515203752e-01 1.589510331838833446e-01 1.743533885777543979e-01 -2.156568223377928473e-01 9.607773056189059524e-01 9.406979825286931884e-01 -2.518844332951085674e-01 -2.272477462621180777e-01 -4.640387424338956457e-01 1.642350222343398558e+00 1.809202607823811704e+00
1.583561772779613018e+09 3.081777842191899541e-01 9.400633625691123818e-01 1.459702983859380576e-01 1.843165322528954875e-01 -2.095322099961635098e-01 9.602727055550913660e-01 9.333026676864155657e-01 -2.690299753954868422e-01 -2.378423912579240018e-01 -4.625168195939859950e-01 1.646776925696491922e+00 1.818099375881314650e+00
1.583561772779623032e+09 3.250478987734577996e-01 9.362871153638017141e-01 1.330800565395386104e-01 1.948150787400999562e-01 -2.039973756774749181e-01 9.593915550670101267e-01 9.254139337925396669e-01 -2.859222073420523147e-01 -2.487117663932067457e-01 -4.608281668658893437e-01 1.651118500657270172e+00 1.827008001611473809e+00
1.583561772779632092e+09 3.415717650458298116e-01 9.321248737736843593e-01 1.202994154505556967e-01 2.058834870454221422e-01 -1.990976712976811336e-01 9.581086092753589023e-01 9.170281998634114418e-01 -3.024951855915886667e-01 -2.599152623459137224e-01 -4.589754276801791266e-01 1.655368154590078467e+00 1.835928328541447607e+00
1.583561772779643059e+09 3.576920881445637690e-01 9.276148409663343974e-01 1.076432870162342958e-01 2.175487300875133534e-01 -1.948710971144067272e-01 9.563983509335646227e-01 9.081458695471448239e-01 -3.186784628072255043e-01 -2.715052802772858209e-01 -4.569615123536029389e-01 1.659519150042197966e+00 1.844860171318315256e+00
1.583561772779653072e+09 3.733468224743901054e-01 9.228021903145878779e-01 9.512238454092197815e-02 2.298284836835645106e-01 -1.913464158871427956e-01 9.542355146066207050e-01 8.987719502162645480e-01 -3.343989638221770422e-01 -2.835248044709148263e-01 -4.547896383918074714e-01 1.663564843642953095e+00 1.853803311726472502e+00
1.583561772779663086e+09 3.884711591025534760e-01 9.177383432074732728e-01 8.274353324699322554e-02 2.427300291640759333e-01 -1.885417529699818517e-01 9.515955760987527823e-01 8.889163581277337300e-01 -3.495830961591863684e-01 -2.960056880937381729e-01 -4.524633579973171282e-01 1.667498725627206246e+00 1.862757496537923885e+00
1.583561772779671907e+09 4.029996742949991106e-01 9.124799010958486445e-01 7.051023298862853228e-02 2.562499316020619977e-01 -1.864637619736321250e-01 9.484551851016911339e-01 8.785938967073844141e-01 -3.641588882507310054e-01 -3.089677475525390293e-01 -4.499865719093932293e-01 1.671314456867370568e+00 1.871722437104111458e+00
1.583561772779681921e+09 4.168683155093734771e-01 9.070873745615193329e-01 5.842347796342807487e-02 2.703745818854059735e-01 -1.851074804246022054e-01 9.447924673084833191e-01 8.678239413923635182e-01 -3.780578208766861015e-01 -3.224188131473705865e-01 -4.473635300470278353e-01 1.675005900769124256e+00 1.880697810460500996e+00
1.583561772779692888e+09 4.300160711285502257e-01 9.016238358083549231e-01 4.648265929645429423e-02 2.850812960335925017e-01 -1.844566762053164999e-01 9.405872577155179881e-01 8.566299279628395436e-01 -3.912163003102493430e-01 -3.363554268048980500e-01 -4.445988211017541381e-01 1.678567148616608051e+00 1.889683261578567031e+00
1.583561772779702902e+09 4.423862474865514205e-01 8.961535911791069786e-01 3.468644394332694170e-02 3.003397250193733936e-01 -1.844845333025118550e-01 9.358213006066625761e-01 8.450387315786563880e-01 -4.035767564054379419e-01 -3.507639435180948118e-01 -4.416973540813937671e-01 1.681992538112907498e+00 1.898678406352675818e+00
1.583561772779711962e+09 4.539272881399928905e-01 8.907409672301308534e-01 2.303359984194212895e-02 3.161134375755424442e-01 -1.851545947792448965e-01 9.304784096033669183e-01 8.330800153185951018e-01 -4.150883106650404830e-01 -3.656219121950655127e-01 -4.386643348269215759e-01 1.685276665631309623e+00 1.907682834942208139e+00
1.583561772779721022e+09 4.645932015914582824e-01 8.854492429330781400e-01 1.152369585304423294e-02 3.323614637293483276e-01 -1.864218067287509994e-01 9.245446271140064232e-01 8.207856082551933108e-01 -4.257071158494635799e-01 -3.808995104321450387e-01 -4.355052397225195326e-01 1.688414392673966091e+00 1.916696115183417426e+00
1.583561772779728889e+09 4.743436619741757676e-01 8.803397445475414917e-01 1.576603130382814993e-04 3.490397008866029660e-01 -1.882335819082084083e-01 9.180083910121411561e-01 8.081889493211712461e-01 -4.353964321519185332e-01 -3.965609276210718681e-01 -4.322257882535022189e-01 1.691400847009414399e+00 1.925717795855245162e+00
1.583561772779738903e+09 4.831438180565971185e-01 8.754711236632302107e-01 -1.106178319309721048e-02 3.661021585987021543e-01 -1.905308429789842051e-01 9.108606959710096040e-01 7.953246260468556095e-01 -4.441264570178966586e-01 -4.125656670535295389e-01 -4.288319161783080702e-01 1.694231419639538050e+00 1.934747409606836888e+00
1.583561772779747963e+09 4.909638902082206768e-01 8.708988062123428353e-01 -2.212980323912659697e-02 3.835019977761269239e-01 -1.932489873368657685e-01 9.030952589382246209e-01 7.822280207619715098e-01 -4.518739852525675005e-01 -4.288697065985602186e-01 -4.253297503703420968e-01 1.696901758468460253e+00 1.943784475434455983e+00
