1.589264478910228968e+09 6.285249063641317191e-01 -6.510463738806412382e-01 -4.255526541062993884e-01 -6.356855877806371069e-01 -7.452497146786511983e-01 2.012627557072635964e-01 -4.481743812892692858e-01 1.440190343055346711e-01 -8.822688037898961388e-01 -5.159471880370327668e-01 -8.511588997236383403e-01 4.366427440648149583e-01
1.589264478910404921e+09 6.064430822047526259e-01 -6.698839314220509378e-01 -4.283483474330496699e-01 -6.328577479552237595e-01 -7.327918251686955653e-01 2.500144243728373294e-01 -4.813708127626527000e-01 1.194640523242493507e-01 -8.683377691023604905e-01 -5.318461751910791291e-01 -8.434186310265987530e-01 4.443424116384686595e-01
1.589264478910461903e+09 5.834998268618721839e-01 -6.883386354615984581e-01 -4.309499683990224983e-01 -6.280517855745657574e-01 -7.188963806553999580e-01 2.978908341870774024e-01 -5.148581427671325983e-01 9.683964691968599547e-02 -8.517882225283597286e-01 -5.474546682078014204e-01 -8.352756584976269716e-01 4.522190465107348012e-01
1.589264478910505056e+09 5.597042364524321689e-01 -7.063071680656097806e-01 -4.334297547659033967e-01 -6.211624935363794231e-01 -7.037839365884764886e-01 3.447395071633109764e-01 -5.485328839816709934e-01 7.627814456185084968e-02 -8.326423723785197906e-01 -5.628268118273410670e-01 -8.268253785488224317e-01 4.602355546095718841e-01
1.589264478910526037e+09 5.350746551789391514e-01 -7.236853486939963664e-01 -4.358607917109455498e-01 -6.120892704741039969e-01 -6.876979366275712824e-01 3.904078297167848377e-01 -5.822729934033324950e-01 5.788837911691727123e-02 -8.109297732501421496e-01 -5.780420644414446807e-01 -8.181824331264211381e-01 4.683454260688511006e-01
1.589264478910547018e+09 5.096401736791497106e-01 -7.403700939330908337e-01 -4.383138346686256681e-01 -6.007402736261447940e-01 -6.709016823409629238e-01 4.347436679828296513e-01 -6.159366992713680711e-01 4.174993447572978439e-02 -7.866885825338831850e-01 -5.931897521884599289e-01 -8.094602828674425377e-01 4.764968727840264706e-01
1.589264478910567045e+09 4.834416547626721461e-01 -7.562618299457798399e-01 -4.408539568695480915e-01 -5.870371619254867168e-01 -6.536736211886174930e-01 4.775962395749687173e-01 -6.493624084081808245e-01 2.790773925904078273e-02 -7.599668552397554899e-01 -6.083545795219212904e-01 -8.007575527677158744e-01 4.846372003897950753e-01
1.589264478910584927e+09 4.565319971134695898e-01 -7.712670542094197668e-01 -4.435376725633170536e-01 -5.709199367025786787e-01 -6.363012052643466365e-01 5.188171186749648278e-01 -6.823701063078946305e-01 1.636788458632445695e-02 -7.308235975929958661e-01 -6.236060450649397735e-01 -7.921509012961506224e-01 4.927175953064286684e-01
1.589264478910604000e+09 4.289755645140769236e-01 -7.853007038676346196e-01 -4.464109875832125152e-01 -5.523512760871014393e-01 -6.190738746687649563e-01 5.582612346232623812e-01 -7.147643201434904503e-01 7.095250351491488687e-03 -6.993294105781092673e-01 -6.389928748040906159e-01 -7.836928490383201495e-01 5.006976488998482466e-01
1.589264478910623074e+09 4.008469137013715433e-01 -7.982880749467995418e-01 -4.495085109917450472e-01 -5.313198564301250260e-01 -6.022758085714555731e-01 5.957877651884181391e-01 -7.463383699325887299e-01 1.311059922084372234e-05 -6.655667042616725260e-01 -6.545419653160939877e-01 -7.754127618883549511e-01 5.085487872765541706e-01
1.589264478910643101e+09 3.722290340862997038e-01 -8.101660711276295057e-01 -4.528537110999518167e-01 -5.078423098704324401e-01 -5.861791400917891748e-01 6.312608055330641843e-01 -7.768794854939908845e-01 -4.995325248070331750e-03 -6.296295038921889686e-01 -6.702604315621923936e-01 -7.673194938816902955e-01 5.162561386124071561e-01
1.589264478910660982e+09 3.432004942665384806e-01 -8.208255745631700684e-01 -4.565728826358864123e-01 -4.819289444664733857e-01 -5.711226016105062087e-01 6.645024206055359928e-01 -8.061996735988702367e-01 -8.021871817372797780e-03 -5.915891617405500957e-01 -6.857627038666098684e-01 -7.589957519462076085e-01 5.241535626457768382e-01
1.589264478910679102e+09 3.138549159555301116e-01 -8.302072235473908490e-01 -4.607071282067136675e-01 -4.536475843840175326e-01 -5.573782303576785280e-01 6.953656434433809208e-01 -8.340857038699288628e-01 -9.245249785846183788e-03 -5.515573989925878218e-01 -7.010422901615780411e-01 -7.504523505282892915e-01 5.322479414136966902e-01
1.589264478910697937e+09 2.842925085308675159e-01 -8.382664859246271583e-01 -4.652817086980758909e-01 -4.230980074199335306e-01 -5.451883528866069417e-01 7.237110863940175998e-01 -8.603289174459783917e-01 -8.885876386971424540e-03 -5.096618442009686056e-01 -7.160931289938037292e-01 -7.417006196805435714e-01 5.405457658506532814e-01
1.589264478910717010e+09 2.546175108426967926e-01 -8.449732666284717197e-01 -4.703085180343604121e-01 -3.904096501026638188e-01 -5.347600849009476187e-01 7.494077376695450488e-01 -8.847317269985462973e-01 -7.199348828945008501e-03 -4.660449989495379364e-01 -7.309096004454529449e-01 -7.327523559251710727e-01 5.490531263260454153e-01
1.589264478910754919e+09 2.249359839038108100e-01 -8.503110966491803646e-01 -4.757886530180077678e-01 -3.557381841686695356e-01 -5.262614021197886682e-01 7.723336594625606066e-01 -9.071130844296925178e-01 -4.469440144093547729e-03 -4.208632516489337894e-01 -7.454865281377444086e-01 -7.236197699671135242e-01 5.577757111232171106e-01
1.589264478910792112e+09 1.953540145141917650e-01 -8.542760519807348629e-01 -4.817148910980385002e-01 -3.192613651811628261e-01 -5.198186465859028216e-01 7.923766502994641359e-01 -9.273127790473505438e-01 -1.001005907216261006e-03 -3.742859979079092292e-01 -7.598191733747741150e-01 -7.143154342279542934e-01 5.667188118010494380e-01
1.589264478910815954e+09 1.659763632904752428e-01 -8.568754542544032571e-01 -4.880740753260467968e-01 -2.811744660506861337e-01 -5.155153945033601470e-01 8.094348634984135371e-01 -9.451945656493712100e-01 2.886912534409032810e-03 -3.264948686123279598e-01 -7.739032234796070497e-01 -7.048522331268655128e-01 5.758873335104762736e-01
1.589264478910845041e+09 1.369055415074091619e-01 -8.581264778805651749e-01 -4.948492911433302055e-01 -2.416856033293729167e-01 -5.133924280805810536e-01 8.234174424363266409e-01 -9.606481886233374512e-01 6.867538618362437064e-03 -2.776830838119097589e-01 -7.877347758020014634e-01 -6.952433177898997840e-01 5.852858088746586418e-01
