1.592833325737142086e+09 7.285176163344204703e-01 -6.246789250173105934e-01 -2.811375526723349227e-01 1.019181159126649888e-01 5.046759496217507746e-01 -8.572717677819530202e-01 6.774029675529193995e-01 5.958845750897316940e-01 4.313314188968946916e-01 1.530666472220903185e-01 -6.301473706634765914e-01 4.447940742295686811e-01
1.592833325737221956e+09 7.391940542443383722e-01 -6.233553113538884416e-01 -2.549907962450451149e-01 1.165133737775687905e-01 4.912608835025079057e-01 -8.631844405369611950e-01 6.633376093741044643e-01 6.083509681616874332e-01 4.357663545222025259e-01 1.508678245231750703e-01 -6.391945911150453963e-01 4.379381806695032964e-01
1.592833325737257004e+09 7.479708656993973026e-01 -6.232277617866168740e-01 -2.283128143500658680e-01 1.306398710360700544e-01 4.754911370102463675e-01 -8.699663229311206392e-01 6.507478837994189469e-01 6.208827070211376808e-01 4.370719117718814828e-01 1.486407972475258799e-01 -6.483308299407952724e-01 4.312106413461551102e-01
1.592833325737289906e+09 7.547489456708368349e-01 -6.243017872439244886e-01 -2.014976616406714827e-01 1.441612003252942253e-01 4.574873072419395892e-01 -8.774525128734402823e-01 6.399777944889170067e-01 6.332082141527743957e-01 4.352881577750865039e-01 1.463720481476007418e-01 -6.575589472222419518e-01 4.246239179730303404e-01
1.592833325737309933e+09 7.594873202360269415e-01 -6.265616894532097803e-01 -1.749270130824591152e-01 1.569359517966749107e-01 4.374349707870849313e-01 -8.854500289019429093e-01 6.313082587342552232e-01 6.450357323096151951e-01 4.305563687949240936e-01 1.440457038361248054e-01 -6.668817262290218650e-01 4.181924166155242539e-01
1.592833325737329960e+09 7.622014693907811500e-01 -6.299721472893231589e-01 -1.489429887476853287e-01 1.688309323085702696e-01 4.155759704577564051e-01 -8.937520514061380039e-01 6.249360259023170050e-01 6.560729431496142849e-01 4.231114002414234632e-01 1.416432038701059826e-01 -6.763013835833328047e-01 4.119323570839523163e-01
1.592833325737349033e+09 7.629563318801318994e-01 -6.344800800536835039e-01 -1.238251342100681884e-01 1.797347826399650350e-01 3.921935265154028460e-01 -9.021527841726310060e-01 6.209613866222603029e-01 6.660474953719108804e-01 4.132646736147380095e-01 1.391430737558301822e-01 -6.858190056042490212e-01 4.058615649910450873e-01
1.592833325737368107e+09 7.618556924272270603e-01 -6.400163624673269602e-01 -9.977454533959842498e-02 1.895696301674944517e-01 3.675929597485334543e-01 -9.104607468671349624e-01 6.193861956513652123e-01 6.747254790174656014e-01 4.013804539748695999e-01 1.365208268572093153e-01 -6.954339286906769946e-01 3.999991958988918239e-01
1.592833325737386942e+09 7.590301952278730724e-01 -6.464971268013058880e-01 -7.690661857546847446e-02 1.982987604887019861e-01 3.420806442870469311e-01 -9.185088103656446901e-01 6.201215723189121842e-01 6.819254344574900983e-01 3.878491170824679979e-01 1.337490151279143169e-01 -7.051430859803217155e-01 3.943654031730442489e-01
1.592833325737407923e+09 7.546260975064115195e-01 -6.538246232758115895e-01 -5.525228657996292952e-02 2.059291069490215564e-01 3.159439653564481421e-01 -9.261601448959834171e-01 6.230029341904546047e-01 6.875265617196808510e-01 3.730610823428282541e-01 1.307974424125145640e-01 -7.149403464171357747e-01 3.889809624129736965e-01
1.592833325737436056e+09 7.487962471661222530e-01 -6.618878158543208823e-01 -3.476635824120191676e-02 2.125083594471442461e-01 2.894346318064109358e-01 -9.333101260588023695e-01 6.278091887918900715e-01 6.914709780247935145e-01 3.573842599453828095e-01 1.276335469327135874e-01 -7.248158756096885202e-01 3.838668657865560441e-01
1.592833325737454891e+09 7.416709073921937678e-01 -6.705878203191907305e-01 -1.537011969453009469e-02 2.180984253598031442e-01 2.627597022742100830e-01 -9.398885125609683922e-01 6.343164368989714363e-01 6.937357669999966170e-01 3.411353744534919574e-01 1.242487997723914078e-01 -7.347501355258271305e-01 3.790146227668304557e-01
1.592833325737473011e+09 7.334107734813837265e-01 -6.797786712154344491e-01 3.097694924321716184e-03 2.228049049085439048e-01 2.360732656864115431e-01 -9.458474443083167982e-01 6.422356357497350787e-01 6.943848872940173722e-01 3.245966985500824409e-01 1.206112927841263144e-01 -7.447290014735644670e-01 3.744450414896137724e-01
1.592833325737492085e+09 7.241730481102554018e-01 -6.893035866704411152e-01 2.083175474593654958e-02 2.267460247989122879e-01 2.094708333763488639e-01 -9.511615060178979508e-01 6.512753924151765128e-01 6.935290445830589734e-01 3.079899800204089488e-01 1.166885294962869968e-01 -7.547339700328161705e-01 3.701785642476954630e-01
1.592833325737509966e+09 7.141123525423787033e-01 -6.989966863222037974e-01 3.804182788452267761e-02 2.300382215616119663e-01 1.829935975687864147e-01 -9.558220337475645811e-01 6.611550232013750916e-01 6.913153955110422633e-01 2.914739430271683918e-01 1.124482652238997377e-01 -7.647418669621560694e-01 3.662349043118415248e-01
1.592833325737529993e+09 7.033821932628426810e-01 -7.086857993887303309e-01 5.493567290328611741e-02 2.327830548272712408e-01 1.566370537490526793e-01 -9.598316951975625066e-01 6.716141300804207015e-01 6.879166166385779491e-01 2.751457596759510071e-01 1.078594324071014965e-01 -7.747247016496899841e-01 3.626326937799788097e-01
1.592833325737549067e+09 6.921361061601120079e-01 -7.181964561816197579e-01 7.170398238249103828e-02 2.350568017756119177e-01 1.303627119315940441e-01 -9.631998046119960577e-01 6.824191605067009281e-01 6.835198709434566755e-01 2.590457018318864102e-01 1.028931206161269873e-01 -7.846496915125350524e-01 3.593891433873976360e-01
1.592833325737569094e+09 6.805278170994512044e-01 -7.273570064990436679e-01 8.850805309368121876e-02 2.369036956482642176e-01 1.041114699997177928e-01 -9.659386321761952443e-01 6.933675282855141786e-01 6.783159936330614981e-01 2.431643142807633773e-01 9.752357600438024687e-02 -7.944794761725882948e-01 3.565197148854308828e-01
1.592833325737587929e+09 6.687100200812077233e-01 -7.360046420760844033e-01 1.054707357387510563e-01 2.383333361322428068e-01 7.781717967465176522e-02 -9.680607975552386613e-01 7.042898054568500488e-01 6.724891476415401081e-01 2.274515695103286883e-01 9.172918027662695095e-02 -8.041725360915017440e-01 3.540378076988001665e-01
1.592833325737711906e+09 6.568317273013245527e-01 -7.439918490316819177e-01 1.226711489984717712e-01 2.393223263210748630e-01 5.141895928997325393e-02 -9.695776993503570917e-01 7.150502823401693187e-01 6.662073397255265927e-01 2.118274638942874710e-01 8.549336407761870538e-02 -8.136838227316898209e-01 3.519544645920392179e-01
1.592833325737737894e+09 6.450345253163762838e-01 -7.511925645843121613e-01 1.401434703257669612e-01 2.398196484499706682e-01 2.487095925928214588e-02 -9.704988263416820526e-01 7.255459995811088802e-01 6.596144075150582875e-01 1.961933641314430876e-01 7.880540295115572025e-02 -8.229655950964775979e-01 3.502781073942607404e-01
1.592833325737757921e+09 6.334482914283056099e-01 -7.575072666774549379e-01 1.578797112653800294e-01 2.397547804334383692e-01 -1.851302024045729799e-03 -9.708317147002647474e-01 7.357043614711534785e-01 6.528241064121232951e-01 1.804432842705423201e-01 7.166104375936256654e-02 -8.319684424612800999e-01 3.490143167569329519e-01
1.592833325737781048e+09 6.221870687014477985e-01 -7.628662910470684899e-01 1.758359284578023263e-01 2.390472054887437248e-01 -2.874836232603553490e-02 -9.705822816945093301e-01 7.454795002087069022e-01 6.459168320668093877e-01 1.644741957273495037e-01 6.406291371422842551e-02 -8.406424563768992719e-01 3.481656718878229362e-01
1.592833325737876892e+09 6.113458044225397181e-01 -7.672308924337707392e-01 1.939408809974458303e-01 2.376158514767337249e-01 -5.579772876069663545e-02 -9.697552891940630637e-01 7.548476764788796256e-01 6.389392549049122128e-01 1.481945143883439675e-01 5.602067303027619127e-02 -8.489384976283449458e-01 3.477316672389110241e-01
1.592833325737889051e+09 6.009985016512974232e-01 -7.705919251946414805e-01 2.121058369058698156e-01 2.353871554077417438e-01 -8.295748648527433156e-02 -9.683547608355232983e-01 7.638021263563551377e-01 6.319067498906466573e-01 1.315301161519861484e-01 4.755088896603072018e-02 -8.568094903873442192e-01 3.477087197551357867e-01
1.592833325737898111e+09 5.911980275599678647e-01 -7.729664419288357902e-01 2.302341679093421467e-01 2.323008671737648856e-01 -1.101714878725930935e-01 -9.663842665823891842e-01 7.723478487475583520e-01 6.248080690954903593e-01 1.144276084124296183e-01 3.867663185645453527e-02 -8.642116707328907355e-01 3.480902726008192061e-01
1.592833325737910032e+09 5.819775888693442534e-01 -7.743927770308660641e-01 2.482295573618820417e-01 2.283131549812555117e-01 -1.373749867801092595e-01 -9.638470919172793527e-01 7.804967581372108665e-01 6.176114799638841024e-01 9.685489452231835217e-02 2.942681701749897544e-02 -8.711057209085959485e-01 3.488669921794262385e-01
1.592833325737922907e+09 5.733534279322505256e-01 -7.749249889787351853e-01 2.660020833498727422e-01 2.233972319623858394e-01 -1.644997371304176281e-01 -9.607463315377757773e-01 7.882636129983002782e-01 6.102713316489218887e-01 7.879960932087143322e-02 1.983533470393591958e-02 -8.774577310697361243e-01 3.500270480490454972e-01
1.592833325737936020e+09 5.653282304131246327e-01 -7.746274252118439119e-01 2.834719460889597031e-01 2.175420316057210812e-01 -1.914779725299389224e-01 -9.570849757719560591e-01 7.956629038298427270e-01 6.027342187369137960e-01 6.026612042822299814e-02 9.940022347971897571e-03 -8.832399440029382598e-01 3.515564605663581421e-01
1.592833325737947941e+09 5.578946653891954099e-01 -7.735700179204618721e-01 3.005710729871418074e-01 2.107496929107667283e-01 -2.182450588573851269e-01 -9.528660249741724986e-01 8.027067393620506142e-01 5.949441334684508753e-01 4.127188962264453920e-02 -2.184603669079677318e-04 -8.884312533981099103e-01 3.534394983691067083e-01
1.592833325737963915e+09 5.510386824357856872e-01 -7.718246016277192645e-01 3.172430534991643181e-01 2.030324860625115913e-01 -2.447409126623175946e-01 -9.480926619272074252e-01 8.094035953790247317e-01 5.868463770697495141e-01 2.184375760765955993e-02 -1.059779065099713050e-02 -8.930174439253770746e-01 3.556591053095106703e-01
1.592833325737981081e+09 5.447422758280585642e-01 -7.694623428060760606e-01 3.334419831708057558e-01 1.944097443727851038e-01 -2.709104391992365746e-01 -9.427684686886336207e-01 8.157577485805231898e-01 5.783902119016119947e-01 2.014608162617049364e-03 -2.115511584766935696e-02 -8.969911785083224398e-01 3.581973357604650854e-01
1.592833325737996101e+09 5.389855669250751546e-01 -7.665521829120296449e-01 3.491307917258020810e-01 1.849052167187078266e-01 -2.967033160758932864e-01 -9.368976482986294263e-01 8.217692009488097860e-01 5.695304148055871929e-01 -1.817930752628357446e-02 -3.184810782961159520e-02 -9.003517532086445785e-01 3.610357782598123122e-01
1.592833325738008976e+09 5.337481867473993224e-01 -7.631600708612491513e-01 3.642795349710771236e-01 1.745450876906697590e-01 -3.220734438725179616e-01 -9.304852010875178658e-01 8.274339161885312377e-01 5.602279922320703154e-01 -3.870027518427518465e-02 -4.263589580145788621e-02 -9.031046532268557359e-01 3.641559493813313342e-01
1.592833325738023996e+09 5.290100427167352404e-01 -7.593487059061224675e-01 3.788639831857372742e-01 1.633567548973179073e-01 -3.469783306285570967e-01 -9.235370101037442270e-01 8.327442257303332429e-01 5.504503439885964911e-01 -5.951028108174297865e-02 -5.347984758073306977e-02 -9.052609496283441359e-01 3.675396442996896051e-01
1.592833325738034964e+09 5.247516476809397368e-01 -7.551775256757147226e-01 3.928646244984037028e-01 1.513682615139859133e-01 -3.713785764225973063e-01 -9.160598248522224818e-01 8.376892967061970730e-01 5.401711376702185152e-01 -8.057161069969592804e-02 -6.434418177376058368e-02 -9.068365816717350869e-01 3.711692340656177480e-01
1.592833325738049984e+09 5.209541807562197979e-01 -7.507027472236716958e-01 4.062660791590598786e-01 1.386082263157697170e-01 -3.952375397455886175e-01 -9.080611472258772743e-01 8.422556033086219252e-01 5.293700716597874445e-01 -1.018470724417017137e-01 -7.519640540908238691e-02 -9.078515675825865605e-01 3.750279050069034725e-01
1.592833325738070965e+09 5.175994207939010883e-01 -7.459773490270237284e-01 4.190568392763203698e-01 1.251060912289500837e-01 -4.185212009248957532e-01 -8.995490373745739232e-01 8.464273776802234694e-01 5.180326238727841481e-01 -1.233000209069863712e-01 -8.600758116938447828e-02 -9.083291815087091159e-01 3.790998405763510437e-01
1.592833325738086939e+09 5.146696397903326448e-01 -7.410509466680764712e-01 4.312292389579638341e-01 1.108925447853555402e-01 -4.411982062727347609e-01 -8.905318560391173310e-01 8.501870415063756958e-01 5.061498172524975248e-01 -1.448942966051590953e-01 -9.675243571483566063e-02 -9.082951319401078027e-01 3.833703484020701269e-01
1.592833325738096952e+09 5.121475382901002904e-01 -7.359695831778608754e-01 4.427794844753127346e-01 9.599992990385497471e-02 -4.632400188798163621e-01 -8.810179899947606641e-01 8.535156194464093016e-01 4.937179942285455647e-01 -1.665942069063580944e-01 -1.074093273381357544e-01 -9.077767758440673518e-01 3.878259363042450003e-01
1.592833325738106966e+09 5.100162287996764521e-01 -7.307754740698448881e-01 4.537076735859525423e-01 8.046257200047655933e-02 -4.846211274143704673e-01 -8.710155783327979684e-01 8.563931462979531561e-01 4.807385668329597350e-01 -1.883645655957849885e-01 -1.179600963858379314e-01 -9.068023959243702858e-01 3.924543433674730908e-01
1.592833325738120079e+09 5.082592261617607798e-01 -7.255067176563300135e-01 4.640178464981858375e-01 6.431707837204007905e-02 -5.053193169893386294e-01 -8.605322199864680055e-01 8.587990874530603280e-01 4.672177124115937108e-01 -2.101707325901309986e-01 -1.283898245825729201e-01 -9.054005606832541408e-01 3.972445336945550354e-01
1.592833325738131046e+09 5.068604766345800039e-01 -7.201970408328888240e-01 4.737179327544442375e-01 4.760247622739163104e-02 -5.253159107985568843e-01 -8.495747162237285988e-01 8.607127637272005138e-01 4.531659922310474209e-01 -2.319787104049392257e-01 -1.386865304597516835e-01 -9.035995811887044260e-01 4.021866604241859378e-01
1.592833325738141060e+09 5.058044201176057353e-01 -7.148756435226714112e-01 4.828195347118491298e-01 3.036014543575799723e-02 -5.445959179734228828e-01 -8.381488817766985511e-01 8.621137687798865468e-01 4.385978804112001805e-01 -2.537552939698929921e-01 -1.488408266771770738e-01 -9.014270701023409105e-01 4.072720079622693667e-01
1.592833325738151073e+09 5.050760435923816738e-01 -7.095671472464486484e-01 4.913376170714295332e-01 1.263362612379880824e-02 -5.631480960445207629e-01 -8.262594106817305883e-01 8.629823763220598742e-01 4.235312098837183958e-01 -2.754682062430584000e-01 -1.588455615156106060e-01 -8.989096008438441920e-01 4.124929202409713391e-01
1.592833325738161087e+09 5.046609024523767140e-01 -7.042916373530888619e-01 4.992901594286485722e-01 -5.531640350324965212e-03 -5.809649405221750662e-01 -8.139097856438547440e-01 8.632999331951181077e-01 4.079865533486113915e-01 -2.970861791986107447e-01 -1.686954623700024913e-01 -8.960724595125165726e-01 4.178427219105216306e-01
1.592833325738171101e+09 5.045450995996322296e-01 -6.990647812856305432e-01 5.066978135416591034e-01 -2.408859823931341210e-02 -5.980426138048529072e-01 -8.011022230876966299e-01 8.630492350207616958e-01 3.919865608835653159e-01 -3.185789607861080897e-01 -1.783867949048737189e-01 -8.929394798368854858e-01 4.233156377450166818e-01
1.592833325738181114e+09 5.047152217472006264e-01 -6.938980059462557248e-01 5.135835886127120276e-01 -4.298887249535050803e-02 -6.143808206453781340e-01 -7.878376510375822983e-01 8.622148815375149100e-01 3.755552753454100556e-01 -3.399172450086725417e-01 -1.879170469335869897e-01 -8.895329489546776047e-01 4.289067145018327087e-01
1.592833325738190889e+09 5.051582397174336769e-01 -6.887987245338861308e-01 5.199725667166514853e-01 -6.218307129897755747e-02 -6.299826281604753442e-01 -7.741157240281143492e-01 8.607836073354535600e-01 3.587174453081088399e-01 -3.610725356669918784e-01 -1.972846430240697557e-01 -8.858735725881611289e-01 4.346117476988040074e-01
1.592833325738200903e+09 5.058613790059940385e-01 -6.837706019479955488e-01 5.258916517246274847e-01 -8.162109272944577387e-02 -6.448542317156601422e-01 -7.599348770702539779e-01 8.587445852064812257e-01 3.414978536110117036e-01 -3.820169545928872035e-01 -2.064886942632038203e-01 -8.819804902517703882e-01 4.404272138362834710e-01
1.592833325738210917e+09 5.068120098066892787e-01 -6.788139298792205123e-01 5.313692083000859379e-01 -1.012525487660677070e-01 -6.590045761604107488e-01 -7.452924864076770906e-01 8.560896613412867229e-01 3.239206962689418767e-01 -4.027230742234776950e-01 -2.155287855161369948e-01 -8.778713312000336888e-01 4.463502078186126765e-01
1.592833325738220930e+09 5.079976032595678870e-01 -6.739261787031743944e-01 5.364344703250329971e-01 -1.210273801299201341e-01 -6.724447596352916001e-01 -7.301851948825366367e-01 8.528134664242753571e-01 3.060090703986813043e-01 -4.231638459957917098e-01 -2.244047995010359231e-01 -8.735623006571944238e-01 4.523783855873153570e-01
1.592833325738229990e+09 5.094057148736582663e-01 -6.691026206857969560e-01 5.411169012859260441e-01 -1.408964872074288666e-01 -6.851873527992805579e-01 -7.146093140900462437e-01 8.489134218056221259e-01 2.877845979597706272e-01 -4.433125620757965568e-01 -2.331167744762112637e-01 -8.690682859044943642e-01 4.585099122427648277e-01
1.592833325738240004e+09 5.110240847863093405e-01 -6.643371334323990851e-01 5.454452842613680685e-01 -1.608125237053656675e-01 -6.972455194153642788e-01 -6.985613918636183195e-01 8.443895529700046199e-01 2.692672632616045503e-01 -4.631429844114293148e-01 -2.416647921796150345e-01 -8.644029745144082844e-01 4.647434151640409961e-01
1.592833325738250017e+09 5.128409204697079726e-01 -6.596232262059632534e-01 5.494464395673578361e-01 -1.807308768516311948e-01 -7.086319183540464861e-01 -6.820389686594382495e-01 8.392440292449888650e-01 2.504755557028435220e-01 -4.826297293068381733e-01 -2.500488934460889934e-01 -8.595789796450417075e-01 4.710779408092006793e-01
1.592833325738259077e+09 5.148453689282372903e-01 -6.549552099742571576e-01 5.531436696126521557e-01 -2.006106981037865389e-01 -7.193575132443608133e-01 -6.650414395155586078e-01 8.334804101361770190e-01 2.314269675952761174e-01 -5.017489061549502694e-01 -2.582690180833253080e-01 -8.546079674813806815e-01 4.775129143688944255e-01
1.592833325738269091e+09 5.170281148363976564e-01 -6.503293263529759116e-01 5.565552047783153267e-01 -2.204157419790264139e-01 -7.294305269654006718e-01 -6.475708512174854770e-01 8.271026715832344722e-01 2.121388080451767910e-01 -5.204789112152879982e-01 -2.663249637386347901e-01 -8.495007814235260302e-01 4.840481026498549277e-01
1.592833325738281012e+09 5.193820304092622298e-01 -6.457446768202611542e-01 5.596928792275955855e-01 -2.401148371820424898e-01 -7.388557296858120349e-01 -6.296324928108563146e-01 8.201141211068743164e-01 1.926292379934853582e-01 -5.388012669528090548e-01 -2.742163589020397141e-01 -8.442675594722163224e-01 4.906835804836848225e-01
1.592833325738300085e+09 5.219028693524939699e-01 -6.412039318774176433e-01 5.625610303943927581e-01 -2.596819900006784865e-01 -7.476340825305785032e-01 -6.112352599741552872e-01 8.125162516646966537e-01 1.729184681964450188e-01 -5.567014858756443862e-01 -2.819426461234092463e-01 -8.389178430246981844e-01 4.974197006878842142e-01
1.592833325738312960e+09 5.245900395845746189e-01 -6.367138727842428514e-01 5.651554961110903941e-01 -2.790961840538152550e-01 -7.557626795881778881e-01 -5.923918403523307230e-01 8.043075348435313465e-01 1.530301166572900773e-01 -5.741699861788158721e-01 -2.895030745447920717e-01 -8.334606778763097301e-01 5.042570661403907861e-01
1.592833325738322973e+09 5.274473941330353188e-01 -6.322857152833358807e-01 5.674627925095513392e-01 -2.983408048909811372e-01 -7.632350412853178279e-01 -5.731186929589072721e-01 7.954822504321953369e-01 1.329926549088326360e-01 -5.912029628024829675e-01 -2.968967004924994435e-01 -8.279047076101513358e-01 5.111965031097051027e-01
1.592833325738333941e+09 5.304839377049708204e-01 -6.279351539553121864e-01 5.694595986336294935e-01 -3.174026199599713216e-01 -7.700418095455877632e-01 -5.534358036141395765e-01 7.860294961867637653e-01 1.128408358449793508e-01 -6.078030743003793868e-01 -3.041223946368329378e-01 -8.222582593007817797e-01 5.182390354190117288e-01
1.592833325738344908e+09 5.337142795621512281e-01 -6.236820427037994552e-01 5.711127538517216662e-01 -3.362702538058341406e-01 -7.761718977907156036e-01 -5.333661986037777636e-01 7.759325901104888734e-01 9.261692578845662216e-02 -6.239797439827090564e-01 -3.111788553349336128e-01 -8.165294220226733124e-01 5.253858585988504526e-01
1.592833325738353968e+09 5.371589200904468564e-01 -6.195498869192825886e-01 5.723794479166739446e-01 -3.549323882853313572e-01 -7.816138790282429749e-01 -5.129354191165000909e-01 7.651688013209086980e-01 7.237183140436495576e-02 -6.397491881535336544e-01 -3.180646282929114887e-01 -8.107261186167195044e-01 5.326383130838960867e-01
1.592833325738363981e+09 5.408442624414789845e-01 -6.155651218742420605e-01 5.732076977221340908e-01 -3.733757130389044887e-01 -7.863576073145395195e-01 -4.921709973768949586e-01 7.537095335082405478e-01 5.216602726791155775e-02 -6.551340663838793876e-01 -3.247781332435275559e-01 -8.048561710346279208e-01 5.399978553502891021e-01
1.592833325738373995e+09 5.448022209097459490e-01 -6.117561489932444863e-01 5.735372302410638445e-01 -3.915826991353684172e-01 -7.903960527566883387e-01 -4.711019739421936636e-01 7.415210921052504123e-01 3.207014506194676151e-02 -6.701626489125948050e-01 -3.313176985428138988e-01 -7.989273591996912671e-01 5.474660259182911881e-01
1.592833325738389015e+09 5.490692812402754308e-01 -6.081521013959338973e-01 5.733009211381268067e-01 -4.095293324469330698e-01 -7.937273045764100532e-01 -4.497584820358161428e-01 7.285661606704751936e-01 1.216502299666891336e-02 -6.848674046705517382e-01 -3.376816040321929946e-01 -7.929474727086622821e-01 5.550444136220401559e-01
1.592833325738405943e+09 5.536849858630239485e-01 -6.047813894281525160e-01 5.724267705506479453e-01 -4.271830603175992280e-01 -7.963566009516490629e-01 -4.281714579770025120e-01 7.148059664138440850e-01 -7.458911933417420106e-03 -6.992830580321128808e-01 -3.438681315802963323e-01 -7.869243542244995782e-01 5.627346162419409881e-01
1.592833325738418102e+09 5.586898178253429936e-01 -6.016700616633738896e-01 5.708404545651127870e-01 -4.445012187805424397e-01 -7.982982404922673858e-01 -4.063724720712367233e-01 7.002030806681980302e-01 -2.670311532885719097e-02 -7.134441741953621019e-01 -3.498756220722566423e-01 -7.808659333158675109e-01 5.705381980988077917e-01
1.592833325738426924e+09 5.641227317786452478e-01 -5.988401459875299926e-01 5.684681374149831434e-01 -4.614302539143573800e-01 -7.995771265264843830e-01 -3.843937302245027388e-01 6.847245172202952590e-01 -4.546315575030838302e-02 -7.273825934303488339e-01 -3.557025364122807787e-01 -7.747802495345138540e-01 5.784566460466356030e-01
1.592833325738436937e+09 5.700185266102192339e-01 -5.963080681140183748e-01 5.652393894935749952e-01 -4.779059100075200850e-01 -8.002297791453089060e-01 -3.622681908153959074e-01 6.683448366850464062e-01 -6.363166437265836695e-02 -7.411249495222836936e-01 -3.613475174567565285e-01 -7.686754639992163796e-01 5.864913257721553475e-01
1.592833325738446951e+09 5.764054070282849107e-01 -5.940832945493058626e-01 5.610898734586350356e-01 -4.938544390334155265e-01 -8.003046602751721084e-01 -3.400297694563784168e-01 6.510488461100699675e-01 -8.110172696753158161e-02 -7.546906055466929830e-01 -3.668094493379431276e-01 -7.625598594433374844e-01 5.946434406363229064e-01
1.592833325738456011e+09 5.833030226076704183e-01 -5.921672981004055814e-01 5.559635555403321661e-01 -5.091947012640355430e-01 -7.998617624107596802e-01 -3.177135778740168282e-01 6.328335802169789970e-01 -9.777040620581517461e-02 -7.680902340603701361e-01 -3.720875100210886410e-01 -7.564418295169942352e-01 6.029139956940932077e-01
1.592833325738470078e+09 5.907211437990346203e-01 -5.905528895887302010e-01 5.498143460105315850e-01 -5.238409006971195270e-01 -7.989715069730117802e-01 -2.953561276321028384e-01 6.137094110876792907e-01 -1.135421326114107038e-01 -7.813251199745663289e-01 -3.771812142488746300e-01 -7.503298591095175496e-01 6.113037686765495637e-01
1.592833325738481045e+09 5.986590770441024834e-01 -5.892239397051906025e-01 5.426070940955569633e-01 -5.377056288676265172e-01 -7.977130629516763216e-01 -2.729954692079182288e-01 5.937002327706201177e-01 -1.283316730472987277e-01 -7.943871949747154382e-01 -3.820904444512547848e-01 -7.442324980999465156e-01 6.198132894185857111e-01
1.592833325738490105e+09 6.071059606309533452e-01 -5.881554979982951403e-01 5.343177546671756817e-01 -5.507028054576166287e-01 -7.961722798550012747e-01 -2.506713409612798538e-01 5.728427121520154319e-01 -1.420662211639698580e-01 -8.072598194988508391e-01 -3.868154685193717635e-01 -7.381583313719236594e-01 6.284428283307728069e-01
1.592833325738500118e+09 6.160416719159924615e-01 -5.873141991617295554e-01 5.249330339555628999e-01 -5.627502447458185841e-01 -7.944394598285328124e-01 -2.284252766958964620e-01 5.511849242701616358e-01 -1.546867038881291345e-01 -8.199190223042313042e-01 -3.913569453422531264e-01 -7.321159478487750949e-01 6.371923931970019384e-01
1.592833325738509893e+09 6.254381171694998187e-01 -5.866588743533063255e-01 5.144497321855747707e-01 -5.737717027560557126e-01 -7.926071365296153415e-01 -2.063006557586930523e-01 5.287846394819849527e-01 -1.661484050264048773e-01 -8.323349763129583856e-01 -3.957159203147541104e-01 -7.261139107556390249e-01 6.460617327239628338e-01
1.592833325738518953e+09 6.352607784735668783e-01 -5.861412988028822380e-01 5.028738622981463458e-01 -5.836983096331257448e-01 -7.907680060443487147e-01 -1.843427358910660063e-01 5.057074519044488792e-01 -1.764209133889692027e-01 -8.444735843388563312e-01 -3.998938134623590268e-01 -7.201607305948695137e-01 6.550503449941748046e-01
1.592833325738528967e+09 6.454702949370301202e-01 -5.857070047286226933e-01 4.902197498852483015e-01 -5.924694400605683420e-01 -7.890130827787253942e-01 -1.625986412183563767e-01 4.820249591028744618e-01 -1.854876277312359489e-01 -8.562980082887701183e-01 -4.038924021839617184e-01 -7.142648418151222867e-01 6.641574894125247264e-01
1.592833325738538027e+09 6.560239669239011917e-01 -5.852961144355685041e-01 4.765091955669701895e-01 -6.000330977817959210e-01 -7.874301160508380137e-01 -1.411173066291744882e-01 4.578131023031388747e-01 -1.933449533536125697e-01 -8.677700689762635200e-01 -4.077138001551583457e-01 -7.084345838089547431e-01 6.733822010531314017e-01
1.592833325738548040e+09 6.668771523182515093e-01 -5.848441507145266671e-01 4.617707042491225322e-01 -6.063458712961047326e-01 -7.861022986006439561e-01 -1.199494094386407417e-01 4.331507224203564599e-01 -2.000012393298481461e-01 -8.788514983613853193e-01 -4.113604343969017307e-01 -7.026781862980538973e-01 6.827233060268067533e-01
1.592833325738557100e+09 6.779844965625796416e-01 -5.842827924919917759e-01 4.460388335452109554e-01 -6.113725647113894546e-01 -7.851072559124743222e-01 -9.914728518486759512e-02 4.081183771856962683e-01 -2.054755833046345292e-01 -8.895050169098193127e-01 -4.148350218055725791e-01 -6.970037589657765986e-01 6.921794369753844212e-01
