1.589264474943677902e+09 9.108046145937517268e-01 -2.141912577117359162e-01 -3.529264219932283231e-01 -2.333996628304220999e-01 4.379873423115803743e-01 -8.681541832145249771e-01 3.405283419781223175e-01 8.730917440312431221e-01 3.489287250935774187e-01 1.361926042807113379e-01 -7.287525780815857779e-01 3.426745777548169114e-01
1.589264474943734884e+09 9.132913031389588987e-01 -2.163538118166434265e-01 -3.450942246829130644e-01 -2.368184823231378466e-01 4.072665834265034035e-01 -8.820719567709116582e-01 3.313849759793919825e-01 8.873133372900859905e-01 3.207164472607931804e-01 1.332250397473419834e-01 -7.394780334524042598e-01 3.357854002051002817e-01
1.589264474943756104e+09 9.151508125270207961e-01 -2.204843328939940228e-01 -3.374694793100255219e-01 -2.394778197954072763e-01 3.760600812830375839e-01 -8.951140651106058721e-01 3.242674273194069423e-01 8.999808190208088421e-01 2.913505815261299703e-01 1.299668342208930572e-01 -7.503004377384540069e-01 3.291852288597419407e-01
1.589264474943774939e+09 9.165440458999267737e-01 -2.261960860757585012e-01 -3.298216832710943458e-01 -2.414350924311252922e-01 3.445195605383732929e-01 -9.072019450026705956e-01 3.188355506068429324e-01 9.111210695825787687e-01 2.611556788838512722e-01 1.263775226190531620e-01 -7.612030559906971527e-01 3.228961623767823141e-01
1.589264474943790913e+09 9.176132762646810326e-01 -2.330720829386698500e-01 -3.219678238020530214e-01 -2.427731401691941848e-01 3.127304519083299872e-01 -9.182923648430385555e-01 3.147174572491105438e-01 9.208024049630557650e-01 2.303819730323916071e-01 1.224164736898723932e-01 -7.721635868056274665e-01 3.169396990325717423e-01
1.589264474943809986e+09 9.184806269185826766e-01 -2.406849602654716758e-01 -3.137898788419809515e-01 -2.436020703942405607e-01 2.807243198237946435e-01 -9.283597837188660717e-01 3.115306879532954709e-01 9.291203401811648499e-01 1.992084945638238069e-01 1.180439838645262751e-01 -7.831539024847230523e-01 3.113364058900214837e-01
1.589264474943826914e+09 9.192469310592378262e-01 -2.486167259437382926e-01 -3.052454807291830607e-01 -2.440599748778312927e-01 2.484956522296521420e-01 -9.373818005236935758e-01 3.089009690211165782e-01 9.361835475887335667e-01 1.677514737442573345e-01 1.132224488437428983e-01 -7.941399880648962739e-01 3.061056006264995522e-01
1.589264474943844080e+09 9.199907965101489227e-01 -2.564778024069575002e-01 -2.963715090819734610e-01 -2.443113054204901491e-01 2.160204999208395205e-01 -9.453291120690008320e-01 3.064782547610072627e-01 9.421009929160127916e-01 1.360764450103776613e-01 1.079175724148992432e-01 -8.050821036828625932e-01 3.012650436539675569e-01
1.589264474943859100e+09 9.207679395918013654e-01 -2.639247083345512279e-01 -2.872806118359689798e-01 -2.445421702937009834e-01 1.832744588787510176e-01 -9.521604907463205869e-01 3.039498784808837284e-01 9.469710773911336199e-01 1.042125248589553382e-01 1.020995662871246462e-01 -8.159351889226594823e-01 2.968306389336066720e-01
1.589264474943885088e+09 9.216110134481670935e-01 -2.706753726605085619e-01 -2.781510070315610372e-01 -2.449524971401727813e-01 1.502477512096152268e-01 -9.578224720003314374e-01 3.010505178472486221e-01 9.508735227405895607e-01 7.216737376526327630e-02 9.574428825405224830e-02 -8.266495194358302046e-01 2.928161448991488669e-01
1.589264474943906069e+09 9.225301992060601641e-01 -2.765207425526103324e-01 -2.692105322559171787e-01 -2.457457766794551024e-01 1.169557030291721866e-01 -9.622527616176230758e-01 2.975685552219147767e-01 9.538645830621483857e-01 3.994136332408385753e-02 8.883425714700028675e-02 -8.371716129805800710e-01 2.892329037603028064e-01
1.589264474943927050e+09 9.234977577217579059e-01 -2.816361722833576886e-01 -2.604476111063382393e-01 -2.468238701356887665e-01 8.347651607402596652e-02 -9.654582584777873233e-01 2.936492276058097484e-01 9.558832240785924972e-01 7.575845365186746616e-03 8.135513912082652233e-02 -8.474438863245037368e-01 2.860951030307746779e-01
1.589264474943948984e+09 9.244983466209873990e-01 -2.859631550653933263e-01 -2.520473789322966729e-01 -2.483202402373585749e-01 4.985776919244689492e-02 -9.673940570456238675e-01 2.892055767830642443e-01 9.569426718156156531e-01 -2.491701421391676746e-02 7.330718352575935071e-02 -8.574103440015615751e-01 2.834113124974682041e-01
1.589264474943984032e+09 9.255067944866427476e-01 -2.895015372023778677e-01 -2.441844251852557379e-01 -2.503457774422455095e-01 1.616251642104800379e-02 -9.680215727179615204e-01 2.841903681238266977e-01 9.570410823796376976e-01 -5.751696866687221882e-02 6.469890847931494826e-02 -8.670152350198504498e-01 2.811872916427882729e-01
1.589264474944013119e+09 9.264915110376651386e-01 -2.923004884168647899e-01 -2.370103471010086560e-01 -2.529847894039221612e-01 -1.753491396085180704e-02 -9.673113374659770836e-01 2.785896203440565988e-01 9.561657552969351492e-01 -9.019352646041900456e-02 5.554702183841382646e-02 -8.762045154371425060e-01 2.794258445587954887e-01
1.589264474944045067e+09 9.274177277367042782e-01 -2.944470114324287957e-01 -2.306454333489692532e-01 -2.562937028555498098e-01 -5.115386388994171141e-02 -9.652444356500062828e-01 2.724149342711781330e-01 9.542977732363309151e-01 -1.229059150878440976e-01 4.587601711229025159e-02 -8.849272812763295804e-01 2.781267590336057305e-01
1.589264474944081068e+09 9.282502371124959906e-01 -2.960535733027652161e-01 -2.251749968841864347e-01 -2.603024666599387249e-01 -8.461198946718373470e-02 -9.618125792256697615e-01 2.656955464601378214e-01 9.514163616981041738e-01 -1.556045746941948915e-01 3.571746816393087803e-02 -8.931370932303560606e-01 2.772868361577061624e-01
1.589264474944114923e+09 9.289554228586457407e-01 -2.972465020220270704e-01 -2.206498120636359861e-01 -2.650179722019158635e-01 -1.178288991153375320e-01 -9.570171500087293337e-01 2.584710757680764859e-01 9.475024368837589028e-01 -1.882334600223931620e-01 2.510906839378393082e-02 -9.007931247699265676e-01 2.769000094905886833e-01
1.589264474944168091e+09 9.295025080466666756e-01 -2.981562772075080359e-01 -2.170896636950968572e-01 -2.704287229545674909e-01 -1.507284867806558126e-01 -9.508676193569502999e-01 2.507855529994336696e-01 9.425411173866868886e-01 -2.207325277878051661e-01 1.409347482091041423e-02 -9.078610797165026502e-01 2.769575472477550093e-01
1.589264474944199085e+09 9.298640975671956799e-01 -2.989103069636122045e-01 -2.144886678428451210e-01 -2.765098690403646753e-01 -1.832400174042861096e-01 -9.433797691346449410e-01 2.426830291469934675e-01 9.365232109996532994e-01 -2.530399632554283795e-01 2.717025617901177789e-03 -9.143138417842747723e-01 2.774483269395499607e-01
1.589264474944220066e+09 9.300161482263198387e-01 -2.996282166111502998e-01 -2.128212772145580689e-01 -2.832280393187472378e-01 -2.152982076287249802e-01 -9.345739992119913575e-01 2.342047011467115747e-01 9.294458639047161741e-01 -2.850939220898360826e-01 -8.971596532123468637e-03 -9.201318381156398107e-01 2.783591674278130257e-01
1.589264474944238901e+09 9.299375552901358866e-01 -3.004193331110062148e-01 -2.120480316831026002e-01 -2.905455037010712394e-01 -2.468426391611459603e-01 -9.244739164728389413e-01 2.253873416979315647e-01 9.213126158429844059e-01 -3.168337268541142615e-01 -2.092268515497213571e-02 -9.253031181605083644e-01 2.796752004421149129e-01
1.589264474944257975e+09 9.296095553892907981e-01 -3.013818233570635385e-01 -2.121204168990605543e-01 -2.984233790468552305e-01 -2.778168473971737717e-01 -9.131052987515354546e-01 2.162627143665054597e-01 9.121331022267897826e-01 -3.482005780844341647e-01 -3.308675214233313538e-02 -9.298231665605346530e-01 2.813802623919418044e-01
1.589264474944274902e+09 9.290151243441624462e-01 -3.026028671575402562e-01 -2.129845151985728657e-01 -3.068237643894409228e-01 -3.081673771019207142e-01 -9.004954446101289811e-01 2.068576239935339123e-01 9.019225980111634788e-01 -3.791379049553250669e-01 -4.541563973155654521e-02 -9.336944840487770847e-01 2.834572869893725588e-01
1.589264474944293022e+09 9.281385036550032774e-01 -3.041592931228959129e-01 -2.145834164761250551e-01 -3.157108385761803193e-01 -3.378430178005461526e-01 -8.866728608661276212e-01 1.971942816053653402e-01 8.907015325321181454e-01 -4.095914984816579896e-01 -5.786346529565042363e-02 -9.369259782630753319e-01 2.858886823349862105e-01
1.589264474944309950e+09 9.269649041729943750e-01 -3.061182737313314917e-01 -2.168586385317299303e-01 -3.250511427761502703e-01 -3.667943119551606013e-01 -8.716671886476153874e-01 1.872907399516337001e-01 8.784950401280093857e-01 -4.395095489067634698e-01 -7.038737593295893435e-02 -9.395322131826292500e-01 2.886566782432528067e-01
1.589264474944329023e+09 9.254803893326734032e-01 -3.085378546912522224e-01 -2.197508620454027006e-01 -3.348132876680928183e-01 -3.949733574967739802e-01 -8.555092692286782041e-01 1.771612588088294638e-01 8.653325600106279714e-01 -4.688426701400949526e-01 -8.294810416789449858e-02 -9.415325646890219113e-01 2.917436345941599729e-01
1.589264474944345951e+09 9.236719062469121999e-01 -3.114672477358362279e-01 -2.232002763990074412e-01 -3.449673167547704922e-01 -4.223338747250107716e-01 -8.382312623007753816e-01 1.668165466721457102e-01 8.512474682322991315e-01 -4.975439558128014750e-01 -9.551032760544872491e-02 -9.429503249296782297e-01 2.951323065548221991e-01
1.589264474944355965e+09 9.215274303830915947e-01 -3.149469034530579803e-01 -2.271467438538379846e-01 -3.554838874721952258e-01 -4.488314955113385518e-01 -8.198667543279757330e-01 1.562638827847916967e-01 8.362767107642724573e-01 -5.255690842807257956e-01 -1.080428440278888708e-01 -9.438117959609899632e-01 2.988060647442642437e-01
1.589264474944369078e+09 9.190361456672299090e-01 -3.190084972768625349e-01 -2.315300019626288230e-01 -3.663334881389894715e-01 -4.744241707739238478e-01 -8.004507993130958177e-01 1.455071774531306594e-01 8.204604104861223934e-01 -5.528764568291336667e-01 -1.205185811743650914e-01 -9.441454123633443718e-01 3.027490689540702218e-01
1.589264474944379091e+09 9.161886307732680645e-01 -3.236749217824969049e-01 -2.362899448504604261e-01 -3.774857492613495902e-01 -4.990726406692590489e-01 -7.800198772515919421e-01 1.345470260297604859e-01 8.038414300526308676e-01 -5.794273496296653558e-01 -1.329144668640008242e-01 -9.439809252829745034e-01 3.069463968445370061e-01
1.589264474944394112e+09 9.129770829090197992e-01 -3.289602829228380765e-01 -2.413668960914023276e-01 -3.889087683945199325e-01 -5.227409838827108413e-01 -7.586117808884669245e-01 1.233807773428786531e-01 7.864648729303490571e-01 -6.051860770129193767e-01 -1.452111887003437185e-01 -9.433486719316512836e-01 3.113841313149234291e-01
1.589264474944406986e+09 9.093955069602278618e-01 -3.348700474542440908e-01 -2.467019728844448423e-01 -4.005686087793390859e-01 -5.453971290927096538e-01 -7.362654152583789635e-01 1.120026868076355181e-01 7.683775264934791238e-01 -6.301201276812252727e-01 -1.573928740741259158e-01 -9.422789481099630438e-01 3.160494107117182705e-01
1.589264474944420099e+09 9.054398326446386758e-01 -3.414014255742066628e-01 -2.522375393609827543e-01 -4.124290325413352831e-01 -5.670132482709588917e-01 -7.130205255599676439e-01 1.004041973758146994e-01 7.496272695320181922e-01 -6.542002402205762124e-01 -1.694467200362861359e-01 -9.408014919092139161e-01 3.209304475018506797e-01
1.589264474944431067e+09 9.011079924763572002e-01 -3.485439400220428086e-01 -2.579176379305517797e-01 -4.244513792862971702e-01 -5.875660451443701637e-01 -6.889173895924982638e-01 8.857433484245440247e-02 7.302624629489614660e-01 -6.774004154090131902e-01 -1.813625990226258866e-01 -9.389450779497493516e-01 3.260165220830987809e-01
1.589264474944442987e+09 8.963999872501534627e-01 -3.562801247054827036e-01 -2.636883307700694790e-01 -4.365945295179129992e-01 -6.070369532554970027e-01 -6.639965019824231041e-01 7.650019562774112991e-02 7.103313384942944175e-01 -6.996978705149757838e-01 -1.931326615678554126e-01 -9.367372153214309494e-01 3.312979584169739034e-01
1.589264474944458008e+09 8.913179582793011591e-01 -3.645862996976502735e-01 -2.694979174467374561e-01 -4.488149161783926422e-01 -6.254122560704628020e-01 -6.382982699649236702e-01 6.416750381152806770e-02 6.898813958605665153e-01 -7.210729446328187908e-01 -2.047509524044692220e-01 -9.342039394015649867e-01 3.367660870368609505e-01
1.589264474944473028e+09 8.858662759430773193e-01 -3.734333825436358945e-01 -2.752970216607828480e-01 -4.610665702977843061e-01 -6.426831349272428273e-01 -6.118627348527674314e-01 5.156121783079443271e-02 6.689588157778122435e-01 -7.415089642009211612e-01 -2.162130511775341712e-01 -9.313696846497823145e-01 3.424132005626869812e-01
1.589264474944487095e+09 8.800516417170293204e-01 -3.827877149596564665e-01 -2.810385620758505398e-01 -4.733012098514587929e-01 -6.588456387737632314e-01 -5.847293301088252182e-01 3.866617321190943257e-02 6.476078982449643417e-01 -7.609920745719085389e-01 -2.275157453453649226e-01 -9.282572260189159152e-01 3.482325050981012748e-01
1.589264474944503069e+09 8.738832015231107198e-01 -3.926118835487414915e-01 -2.866776223889180297e-01 -4.854683761729054470e-01 -6.739005746375104078e-01 -5.569366855459010335e-01 2.546774668774962405e-02 6.258705335160875682e-01 -7.795110451663319617e-01 -2.386567407715708966e-01 -9.248876786744211209e-01 3.542180686525195910e-01
1.589264474944520950e+09 8.673725701809841260e-01 -4.028656445261721841e-01 -2.921713489455816659e-01 -4.975157898013629620e-01 -6.878531918925622213e-01 -5.285224931534306947e-01 1.195255992208329142e-02 6.037857725944386633e-01 -7.970570101976498512e-01 -2.496344130721654953e-01 -9.212805456261908832e-01 3.603647670745943055e-01
1.589264474944540024e+09 8.605336671793962777e-01 -4.135070276744124973e-01 -2.974789839655701540e-01 -5.093900596188440932e-01 -7.007125507114243534e-01 -4.995234618159373752e-01 -1.890795664126882630e-03 5.813895936999274872e-01 -8.136231102977350416e-01 -2.604475994674156358e-01 -9.174538014742594783e-01 3.666682287138349206e-01
1.589264474944557905e+09 8.533824603511034335e-01 -4.244934196706035001e-01 -3.025619163212539542e-01 -5.210375187552093168e-01 -7.124907434846977639e-01 -4.699753663391474934e-01 -1.607111426603927834e-02 5.587148444667907610e-01 -8.292041016782709661e-01 -2.710954280701317609e-01 -9.134240004397347068e-01 3.731247795833644854e-01
1.589264474944576025e+09 8.459364470220881449e-01 -4.357827780482491642e-01 -3.073839588246783938e-01 -5.324054217253088028e-01 -7.232017967690658189e-01 -4.399132056838816474e-01 -3.059403242001843687e-02 5.357915003323412417e-01 -8.437958720764592302e-01 -2.815771811552853499e-01 -9.092063998144656045e-01 3.797313896589237237e-01
1.589264474944591999e+09 8.382137657519354024e-01 -4.473350001988318780e-01 -3.119119758643551510e-01 -5.434435745455820088e-01 -7.328601999248568477e-01 -4.093714805879831720e-01 -4.546168161235016741e-02 5.126473693331625725e-01 -8.573948393838954907e-01 -2.918921896288539375e-01 -9.048150928545660721e-01 3.864856196548907552e-01
1.589264474944607973e+09 8.302319700800174784e-01 -4.591132996477066408e-01 -3.161168362017173772e-01 -5.541062198483667212e-01 -7.414792078605459968e-01 -3.783845687966528315e-01 -6.067267335245114107e-02 4.893092710312797466e-01 -8.699972783707287105e-01 -3.020397550031458933e-01 -9.002631453602328859e-01 3.933855682379593932e-01
1.589264474944624901e+09 8.220066417188903740e-01 -4.710853304301751976e-01 -3.199745186886911452e-01 -5.643537977203602063e-01 -7.490692349868648403e-01 -3.469871361626796769e-01 -7.622251820395344046e-02 4.658045652081210797e-01 -8.815986814482493772e-01 -3.120190932474739554e-01 -8.955627296993177167e-01 4.004298212350503317e-01
1.589264474944643021e+09 8.135500255974043027e-01 -4.832238837701191003e-01 -3.234672072886529137e-01 -5.741542653416779052e-01 -7.556366123769792109e-01 -3.152145144072195371e-01 -9.210448282528101160e-02 4.421628529257969342e-01 -8.921932392242042376e-01 -3.218292952497337489e-01 -8.907252521219352071e-01 4.076174040576497348e-01
1.589264474944659948e+09 8.048697232230426213e-01 -4.955071863703014445e-01 -3.265843797256464121e-01 -5.834839286300176342e-01 -7.611827570498490569e-01 -2.831030128205089813e-01 -1.083108211989680381e-01 4.184177803847099475e-01 -9.017734346555725811e-01 -3.314692995610714621e-01 -8.857614712040736693e-01 4.149477379754777928e-01
1.589264474944678068e+09 7.959673953763980458e-01 -5.079189090314819577e-01 -3.293239856623216832e-01 -5.923278653008824390e-01 -7.657036890986884670e-01 -2.506901692454990838e-01 -1.248343134262381859e-01 3.946089743838705477e-01 -9.103296940715930319e-01 -3.409378762281376485e-01 -8.806816081188971745e-01 4.224205986330311635e-01
1.589264474944695950e+09 7.868375838606057604e-01 -5.204478466446000873e-01 -3.316936172643936143e-01 -6.006798034331990443e-01 -7.691900017598848338e-01 -2.180149430834033564e-01 -1.416700063455746672e-01 3.707840077856020544e-01 -9.178501126294325019e-01 -3.502336202039373902e-01 -8.754954487956141396e-01 4.300360759577192549e-01
1.589264474944713116e+09 7.774668080334086184e-01 -5.330872228277246938e-01 -3.337115153103077381e-01 -6.085413126720999877e-01 -7.716274019457122213e-01 -1.851178646306335107e-01 -1.588169811671358844e-01 3.470002388136199656e-01 -9.243202914237135248e-01 -3.593549526179437015e-01 -8.702124377768323260e-01 4.377945351503067517e-01
1.589264474944730997e+09 7.678331645090176183e-01 -5.458335591511910279e-01 -3.354071516395349950e-01 -6.159201535973292119e-01 -7.729979637626025468e-01 -1.520411552149300849e-01 -1.762798803192099917e-01 3.233262656109346933e-01 -9.297233621578533391e-01 -3.683001293636463669e-01 -8.648417642168787500e-01 4.456965777961340858e-01
1.589264474944749117e+09 7.579062405649765743e-01 -5.586853458486387147e-01 -3.368216368245748327e-01 -6.228281752444714270e-01 -7.732818090723041493e-01 -1.188289036686127620e-01 -1.940700774725422906e-01 2.998431730100564185e-01 -9.340400831925969038e-01 -3.770672570401749080e-01 -8.593924404306843012e-01 4.537430019742453857e-01
1.589264474944766045e+09 7.476474499520346928e-01 -5.716415030511203810e-01 -3.380078146377841208e-01 -6.292787772070911334e-01 -7.724592529639584537e-01 -8.552732624541341255e-02 -2.122062946194152033e-01 2.766454315667368768e-01 -9.372490566004973989e-01 -3.856543169062242593e-01 -8.538733732566522461e-01 4.619347600190343295e-01
1.589264474944782972e+09 7.370109079485708259e-01 -5.846996399060759853e-01 -3.390298701369295897e-01 -6.352840018232127628e-01 -7.705134337558143809e-01 -5.218511183169319279e-02 -2.307144532418521077e-01 2.538412492096880912e-01 -9.393271323912393278e-01 -3.940591977593866369e-01 -8.482934280789399262e-01 4.702729126404707749e-01
1.589264474944799900e+09 7.259449651966413120e-01 -5.978541515721945698e-01 -3.399622348733367105e-01 -6.408513825536842345e-01 -7.674334106161924129e-01 -1.885381172621658497e-02 -2.496265477274326461e-01 2.315520978535975383e-01 -9.402500800482030963e-01 -4.022797381046180898e-01 -8.426614846954130211e-01 4.787585787686671757e-01
1.589264474944816113e+09 7.143943558569046948e-01 -6.110943016256364935e-01 -3.408877513596063058e-01 -6.459808702595833951e-01 -7.632175417333465495e-01 1.441179089342761038e-02 -2.689784748402501702e-01 2.099112641361074727e-01 -9.399935327664572515e-01 -4.103137770180280142e-01 -8.369864837242469990e-01 4.873928814155921718e-01
1.589264474944832087e+09 7.023029225495751593e-01 -6.244024448294570595e-01 -3.418950015075642446e-01 -6.506621394746363585e-01 -7.578769355429271215e-01 4.755345722371766282e-02 -2.888068309179009363e-01 1.890612010974972446e-01 -9.385342172963654361e-01 -4.181592124389865717e-01 -8.312774621676956022e-01 4.961768904893346654e-01
1.589264474944849968e+09 6.896165744598216074e-01 -6.377526452521665723e-01 -3.430751286390495425e-01 -6.548727611566022011e-01 -7.514385447064759749e-01 8.050950684309517158e-02 -3.091450262918632452e-01 1.691498663841837502e-01 -9.358513107340217241e-01 -4.258140643516393764e-01 -8.255435768382054507e-01 5.051115645578381219e-01
1.589264474944866896e+09 6.762862463902665766e-01 -6.511098474887531129e-01 -3.445183298941745242e-01 -6.585774880784608376e-01 -7.439475895527994931e-01 1.132151785867116511e-01 -3.300190986875881083e-01 1.503261480688216911e-01 -9.319278105570157900e-01 -4.332765396100204391e-01 -8.197941149171765751e-01 5.141976941037477156e-01
1.589264474944883108e+09 6.622704997606398969e-01 -6.644297263286584876e-01 -3.463104446939929137e-01 -6.617288345667737826e-01 -7.354689743894691212e-01 1.456033573822333449e-01 -3.514437864182958227e-01 1.327347986382820255e-01 -9.267517135672296291e-01 -4.405450946448207228e-01 -8.140384917103519191e-01 5.234358491520836321e-01
1.589264474944899082e+09 6.475375161095348053e-01 -6.776592182899442429e-01 -3.485299833355670063e-01 -6.642688841690566059e-01 -7.260875260461974179e-01 1.776056150927834143e-01 -3.734193555792747476e-01 1.165113242203581895e-01 -9.203168457594091967e-01 -4.476184915937617137e-01 -8.082862366235016305e-01 5.328263345767069170e-01
1.589264474944914103e+09 6.320663878533300251e-01 -6.907376421982630577e-01 -3.512457703417410926e-01 -6.661320556714724894e-01 -7.159070561910418906e-01 2.091534646386514207e-01 -3.959294964032193942e-01 1.017771920790702667e-01 -9.126232724578984268e-01 -4.544958447412472680e-01 -8.025469694348955629e-01 5.423691551930494015e-01
1.589264474944928885e+09 6.158476715268448309e-01 -7.035982574406909329e-01 -3.545153562088977361e-01 -6.672484772189091196e-01 -7.050483653816954632e-01 2.401796673101683210e-01 -4.189404677237242858e-01 8.863574265814497255e-02 -9.036772598711536597e-01 -4.611766545691308172e-01 -7.968303696466715325e-01 5.520639922932610855e-01
1.589264474944943905e+09 5.988831497155759909e-01 -7.161700260367409587e-01 -3.583845239122636084e-01 -6.675475987064617422e-01 -6.936464388796428349e-01 2.706193299792235551e-01 -4.424016012899483208e-01 7.716937157873113295e-02 -8.934907451381931542e-01 -4.676608280985274924e-01 -7.911461421321007714e-01 5.619101921033167191e-01
1.589264474944961071e+09 5.811850988534099649e-01 -7.283793743027521250e-01 -3.628875420121482898e-01 -6.669616018017712200e-01 -6.818472166113497268e-01 3.004107111754636961e-01 -4.662468262326195378e-01 6.743782736372128106e-02 -8.820805160810666345e-01 -4.739486863277668216e-01 -7.855039821354831142e-01 5.719067649640211526e-01
1.589264474944977999e+09 5.627752827678395020e-01 -7.401518245683035291e-01 -3.680479016110875246e-01 -6.654283412008634713e-01 -6.698042307199559842e-01 3.294956990673660324e-01 -4.903968843851737591e-01 5.947746937952037849e-02 -8.694672660905027328e-01 -4.800409609883843354e-01 -7.799135420187104373e-01 5.820523930007529545e-01
1.589264474944994926e+09 5.436837947075259247e-01 -7.514133879476289080e-01 -3.738794618216225718e-01 -6.628936791265085393e-01 -6.576753583967621664e-01 3.578199178349203979e-01 -5.147619857099957619e-01 5.330144118844400841e-02 -8.556746197103821672e-01 -4.859387833414394731e-01 -7.743844013236279578e-01 5.923454437713762122e-01
1.589264474945010900e+09 5.239479188038705937e-01 -7.620917027718763226e-01 -3.803877168546456744e-01 -6.593131647791083960e-01 -6.456198441922045284e-01 3.853325421006732476e-01 -5.392445915524647360e-01 4.890044590403370972e-02 -8.407282660010738651e-01 -4.916436670791410890e-01 -7.689260411738885193e-01 6.027839879954218771e-01
1.589264474945027113e+09 5.036110850482377055e-01 -7.721169251295052494e-01 -3.875710633311392206e-01 -6.546530963114443047e-01 -6.337956709329617411e-01 4.119858874573895102e-01 -5.637421386571584980e-01 4.624393678626333853e-02 -8.246552611813808831e-01 -4.971574869288518106e-01 -7.635478236685951936e-01 6.133658199083961149e-01
1.589264474945041895e+09 4.827219441553236012e-01 -7.814223645046256550e-01 -3.954220695275364461e-01 -6.488910325146373115e-01 -6.223573427140951519e-01 4.377348128256597914e-01 -5.881496008219627702e-01 4.528163504595073691e-02 -8.074835112631721934e-01 -5.024824550769488862e-01 -7.582589762578737513e-01 6.240884784776599137e-01
1.589264474945056915e+09 4.613335997302781544e-01 -7.899448991039803580e-01 -4.039286648977031269e-01 -6.420158451460210580e-01 -6.114540826077785596e-01 4.625360093131100636e-01 -6.123617923563435816e-01 4.594520093435944946e-02 -7.892414549138926372e-01 -5.076210967900001148e-01 -7.530685808928241354e-01 6.349492683571241747e-01
