1.584057358019246101e+09 8.714777464441972876e-01 -3.569645369651224254e-01 -3.363076820361777797e-01 -4.826375631123995813e-01 -5.024292177971827478e-01 -7.173742844563114618e-01 8.710637367258013131e-02 7.874904448557235037e-01 -6.101403766979029974e-01 -2.831128655797262028e-01 -7.061802232067950769e-01 3.827493546028267746e-01
1.584057358019294024e+09 8.691935324198021284e-01 -3.558364535191151368e-01 -3.433409700885192706e-01 -4.891564258810501831e-01 -5.172333706851062196e-01 -7.022788844128796670e-01 7.230902037379279002e-02 7.783637060407380126e-01 -6.236355883384496757e-01 -2.973725493476380710e-01 -7.060850935582528853e-01 3.922972823472969939e-01
1.584057358019329071e+09 8.666410422485396614e-01 -3.552186003511297319e-01 -3.503613135749804042e-01 -4.955902353957639117e-01 -5.317381797628232265e-01 -6.867640256943550181e-01 5.765086885575686909e-02 7.688135368419460880e-01 -6.368690000634872339e-01 -3.114538830056621799e-01 -7.054876807078637180e-01 4.020885894805615313e-01
1.584057358019362926e+09 8.638850775287395534e-01 -3.549713822571347599e-01 -3.573484165309305238e-01 -5.018468427617819305e-01 -5.459692910376230390e-01 -6.708705388388735980e-01 4.303858087775205149e-02 7.588892220259516597e-01 -6.497959907582731010e-01 -3.253513323014667336e-01 -7.044223269817272426e-01 4.121004064831865210e-01
1.584057358019408941e+09 8.609806366229025842e-01 -3.549688316592439774e-01 -3.642931129013274316e-01 -5.078449040181295393e-01 -5.599521904854710685e-01 -6.546350877135249657e-01 2.838832571868505142e-02 7.486325354989161740e-01 -6.623771056711484917e-01 -3.390617029652156500e-01 -7.029230290817106708e-01 4.223125755643902801e-01
1.584057358019440889e+09 8.579793632947668724e-01 -3.550864111943602408e-01 -3.711940906631756576e-01 -5.135035833741855571e-01 -5.737150617213618853e-01 -6.380948973733684415e-01 1.361918649225551600e-02 7.380817494212883467e-01 -6.745738279088154821e-01 -3.525838195231114081e-01 -7.010229287153190159e-01 4.327074078238682953e-01
1.584057358019463062e+09 8.549351743909188173e-01 -3.551891626892598741e-01 -3.780562213441512887e-01 -5.187330887213931208e-01 -5.872917763798704005e-01 -6.212924853136079228e-01 -1.352952143022257379e-03 7.272750706567112644e-01 -6.863447686838866080e-01 -3.659182014078484202e-01 -6.987539136021501118e-01 4.432694334560600136e-01
1.584057358019483089e+09 8.519096475876323238e-01 -3.551195071155093808e-01 -3.848897091573533213e-01 -5.234249783992139804e-01 -6.007246984640222109e-01 -6.042814980589733542e-01 -1.662060670779564112e-02 7.162541257269753325e-01 -6.976415864899725428e-01 -3.790667482310691727e-01 -6.961463199657152989e-01 4.539851568137698856e-01
1.584057358019505024e+09 8.489775384482567411e-01 -3.546840879744044828e-01 -3.917095060792522565e-01 -5.274415654131978659e-01 -6.140666658594039484e-01 -5.871350144706291019e-01 -3.228830324018248238e-02 7.050683143666535146e-01 -7.084039369952939147e-01 -3.920324432684995641e-01 -6.932287257734393027e-01 4.648428246777760453e-01
1.584057358019526958e+09 8.462325718464348556e-01 -3.536391186410610121e-01 -3.985345760667338144e-01 -5.306041469908157060e-01 -6.273808977194911263e-01 -5.699582867592373203e-01 -4.847343389496039379e-02 6.937813656012279395e-01 -7.185525334757137950e-01 -4.048190800210478280e-01 -6.900278205828552780e-01 4.758322141768289160e-01
1.584057358019553900e+09 8.437422846662768761e-01 -3.516349560299917298e-01 -4.055265897221369542e-01 -5.327189591782377498e-01 -6.410069067100099272e-01 -5.525582832197979410e-01 -6.564653722357312315e-02 6.822484910630117749e-01 -7.281672397232920035e-01 -4.174310129662433533e-01 -6.865683365231318724e-01 4.869444449366268080e-01
1.584057358019582987e+09 8.410456261986235527e-01 -3.499779151584043735e-01 -4.125017742522946729e-01 -5.346010981286809516e-01 -6.543275316567518374e-01 -5.348431054695215181e-01 -8.272799274206678322e-02 6.703513560253796522e-01 -7.374178863475201462e-01 -4.298335168599684564e-01 -6.828209328988251725e-01 4.981981295898887940e-01
1.584057358019610882e+09 8.381561262379572108e-01 -3.486432120695886483e-01 -4.194546685105918771e-01 -5.362355614961795691e-01 -6.673367339685242206e-01 -5.168298620975678714e-01 -9.972828529661198482e-02 6.581106248036714401e-01 -7.462872604069826776e-01 -4.420233303975739103e-01 -6.788038630858882483e-01 5.095903265276457983e-01
1.584057358019642115e+09 8.350856823600132373e-01 -3.476087782028559059e-01 -4.263801597651771802e-01 -5.376088931311485686e-01 -6.800291387256302000e-01 -4.985349022717162071e-01 -1.166558245242275832e-01 6.455451247616695865e-01 -7.547601678112418888e-01 -4.539972344886820665e-01 -6.745340078504480363e-01 5.211187484542336712e-01
1.584057358019706964e+09 8.318440758920020439e-01 -3.468568199834276555e-01 -4.332733317919696403e-01 -5.387103760310494316e-01 -6.923993091350444384e-01 -4.799732573159564142e-01 -1.335161578687602824e-01 6.326717501525860321e-01 -7.628236313593522722e-01 -4.657519656808549735e-01 -6.700270405674055851e-01 5.327816852859814656e-01
1.584057358019728899e+09 8.284385076924082325e-01 -3.463751299743445533e-01 -4.401294224604627159e-01 -5.395332226354212501e-01 -7.044409595526117673e-01 -4.611581468974859654e-01 -1.503114795936008052e-01 6.195056126770274174e-01 -7.704669073863485984e-01 -4.772841511907186529e-01 -6.652975869843215095e-01 5.445779355886605222e-01
1.584057358019748926e+09 8.248731412477782188e-01 -3.461581384638745540e-01 -4.469438938289647667e-01 -5.400757282934708359e-01 -7.161461466331263681e-01 -4.421005594245414061e-01 -1.670404406406459097e-01 6.060604261407156468e-01 -7.776813302826253160e-01 -4.885902603697477864e-01 -6.603593757925296792e-01 5.565067461114653335e-01
1.584057358019768000e+09 8.211486003724439708e-01 -3.462078056504743206e-01 -4.537126090608553652e-01 -5.403424367242737336e-01 -7.275044308306999330e-01 -4.228088864596676322e-01 -1.836981966023819857e-01 5.923491020691363795e-01 -7.844600144407369857e-01 -4.996665713716981205e-01 -6.552253807749787162e-01 5.685677570466907138e-01
1.584057358019788027e+09 8.172614561812358014e-01 -3.465342634582060377e-01 -4.604320978143828791e-01 -5.403452154719836642e-01 -7.385020613885373564e-01 -4.032886729305783513e-01 -2.002767101074260647e-01 5.783845691801356992e-01 -7.907974013211572784e-01 -5.105091513285954230e-01 -6.499079543556747218e-01 5.807609515085750962e-01
1.584057358019808054e+09 8.132037659015159958e-01 -3.471560798331955189e-01 -4.670998732243342721e-01 -5.401040964280759971e-01 -7.491212611774800134e-01 -3.835425678411247818e-01 -2.167653118013859737e-01 5.641808154976875045e-01 -7.966886515053749340e-01 -5.211138479848776983e-01 -6.444189519715267656e-01 5.930866083546331158e-01
1.584057358019835949e+09 8.089627734960376237e-01 -3.480999537247525533e-01 -4.737147385528261978e-01 -5.396476638936789083e-01 -7.593397312065733873e-01 -3.635705870087875269e-01 -2.331515177039993614e-01 5.497541224169850693e-01 -8.021289017927809573e-01 -5.314762922661252498e-01 -6.387698477946179842e-01 6.055452569791097694e-01
1.584057358019865990e+09 8.045206651728771252e-01 -3.494001249346613269e-01 -4.802770577626869763e-01 -5.390131890015599225e-01 -7.691302884416839625e-01 -3.433706186566798380e-01 -2.494218948870853270e-01 5.351244270086693566e-01 -8.071124868213969128e-01 -5.415919120409349308e-01 -6.329718424219529238e-01 6.181376326605176885e-01
1.584057358019896030e+09 7.998544447505172572e-01 -3.510974133174710188e-01 -4.867889417215346404e-01 -5.382464089556645570e-01 -7.784606981056449992e-01 -3.229392280660459691e-01 -2.655629317451538851e-01 5.203167767315788339e-01 -8.116321713362645296e-01 -5.514559582122597892e-01 -6.270359631055988370e-01 6.308646309281110698e-01
1.584057358019934893e+09 7.949360107285718957e-01 -3.532377911587613051e-01 -4.932542974490665144e-01 -5.374008326028282267e-01 -7.872937826782669957e-01 -3.022727992172353217e-01 -2.815618657129007052e-01 5.053628032737454978e-01 -8.156784619303200090e-01 -5.610635446741389920e-01 -6.209731566050233909e-01 6.437272595376044571e-01
1.584057358019963980e+09 7.897325362346256927e-01 -3.558703866967547480e-01 -4.996786860498222405e-01 -5.365364348201270284e-01 -7.955879153709225493e-01 -2.813690162383693516e-01 -2.974074235507787600e-01 4.903020875592057903e-01 -8.192390907210258533e-01 -5.704097029413792708e-01 -6.147943737303369627e-01 6.567265873226409978e-01
1.584057358019992113e+09 7.842071755956289136e-01 -3.590449851984368057e-01 -5.060689721331764757e-01 -5.357177537972606096e-01 -8.032979356989050634e-01 -2.602285822906200141e-01 -3.130903931330327183e-01 4.751832545241790329e-01 -8.222987782801656209e-01 -5.794894509072306965e-01 -6.085106437427543202e-01 6.698636900988012011e-01
1.584057358020021915e+09 7.783201428959186652e-01 -3.628090710158601850e-01 -5.124327598415564511e-01 -5.350113753310516973e-01 -8.103765462949449327e-01 -2.388570320382971679e-01 -3.286039922028888838e-01 4.600645948948351993e-01 -8.248393693598867760e-01 -5.882978741763543740e-01 -6.021331364968857125e-01 6.831395944323088720e-01
1.584057358020062923e+09 7.720300236312997999e-01 -3.672047638305130923e-01 -5.187777021420455492e-01 -5.344831091458612793e-01 -8.167760595929896006e-01 -2.172663682814553188e-01 -3.439439618803053489e-01 4.450140786150561523e-01 -8.268403844357824495e-01 -5.968302165078281929e-01 -5.956732099819674886e-01 6.965552210964622848e-01
1.584057358020083904e+09 7.652952424686770838e-01 -3.722658689405379806e-01 -5.251107643959549431e-01 -5.341950440269062073e-01 -8.224504060095996216e-01 -1.954763025648562635e-01 -3.591084057186162970e-01 4.301086522541807677e-01 -8.282799651155198228e-01 -6.050819747395199677e-01 -5.891424414641972529e-01 7.101113305562037903e-01
1.584057358020102978e+09 7.580755047296089399e-01 -3.780153925812239080e-01 -5.314375714120718186e-01 -5.342028349308602930e-01 -8.273571865954224558e-01 -1.735148904660061553e-01 -3.740973944687731034e-01 4.154328453860455239e-01 -8.291361111660556782e-01 -6.130489926481731411e-01 -5.825526413270241122e-01 7.238084731351039913e-01
1.584057358020122051e+09 7.503330663502300046e-01 -3.844637597021437481e-01 -5.377619428937888690e-01 -5.345534925651049818e-01 -8.314595667167480331e-01 -1.514184690661490862e-01 -3.889123981017306164e-01 4.010768089201277586e-01 -8.293880517361273963e-01 -6.207275469961760495e-01 -5.759158497721745817e-01 7.376469468953690267e-01
1.584057358020139933e+09 7.420337616093848343e-01 -3.916078186729985422e-01 -5.440856671460398974e-01 -5.352838043256432643e-01 -8.347278699782256783e-01 -1.292309257916667842e-01 -4.035556290398089052e-01 3.871339557519790642e-01 -8.290175842450808741e-01 -6.281144208079395552e-01 -5.692443182693832648e-01 7.516267651247851012e-01
1.584057358020159006e+09 7.331477301678078762e-01 -3.994306606688274863e-01 -5.504085330690322575e-01 -5.364194787643147277e-01 -8.371407445212141196e-01 -1.070024155679619171e-01 -4.180293635921241702e-01 3.736984364942932402e-01 -8.280102234573708531e-01 -6.352069594126273921e-01 -5.625504786734540907e-01 7.657476348797254140e-01
1.584057358020178080e+09 7.236497196796745079e-01 -4.079022991663235898e-01 -5.567286572021458158e-01 -5.379751880825883736e-01 -8.386857204747554251e-01 -8.478773231980397951e-02 -4.323352639912274586e-01 3.608628227769176133e-01 -8.263560026166395511e-01 -6.420031067541337455e-01 -5.558469038592261935e-01 7.800089469180124802e-01
1.584057358020199060e+09 7.135191157290464714e-01 -4.169808885315146041e-01 -5.630429915170395150e-01 -5.399552226041631764e-01 -8.393592881326767952e-01 -6.264457901993791822e-02 -4.464737722971772738e-01 3.487161084301872438e-01 -8.240499055187586741e-01 -6.485014226423843064e-01 -5.491462640783034699e-01 7.944097757890669076e-01
1.584057358020217896e+09 7.027398100900699163e-01 -4.266142413734865801e-01 -5.693479152325453541e-01 -5.423545360447574737e-01 -8.391666134197833804e-01 -4.063191388475543425e-02 -4.604436087362957508e-01 3.373420878435348658e-01 -8.210919554816638044e-01 -6.547010838347759876e-01 -5.424612827525887582e-01 8.089488878941676342e-01
1.584057358020236969e+09 6.912999396456066536e-01 -4.367415031564458316e-01 -5.756398640420740120e-01 -5.451600819483060079e-01 -8.381209490545892260e-01 -1.880851080339710629e-02 -4.742413718544154499e-01 3.268181978198331228e-01 -8.174869951313471494e-01 -6.606018727230840160e-01 -5.358046944767463904e-01 8.236247550934681083e-01
1.584057358020256042e+09 6.791916072889119249e-01 -4.472947909886298978e-01 -5.819159138144367471e-01 -5.483522222080040587e-01 -8.362428939642669867e-01 2.768206369133545397e-03 -4.878612520713286327e-01 3.172147419280437752e-01 -8.132442478397009511e-01 -6.662041565238702168e-01 -5.291892071165236189e-01 8.384355720267697709e-01
1.584057358020275116e+09 6.664106268872385108e-01 -4.582007072274632553e-01 -5.881742840993295918e-01 -5.519061049212636849e-01 -8.335595862261210298e-01 2.404304127741676428e-02 -5.012948513696601216e-01 3.085944399250920012e-01 -8.083767339867160562e-01 -6.715088592411911916e-01 -5.226274692812687972e-01 8.533792757407560048e-01
1.584057358020292997e+09 6.529562873394421096e-01 -4.693816925588865097e-01 -5.944147657336544821e-01 -5.557929877435491273e-01 -8.301038664370565812e-01 4.496360721782887565e-02 -5.145310893318044698e-01 3.010122885546249738e-01 -8.029005920184482115e-01 -6.765174295553754158e-01 -5.161320437228883451e-01 8.684535659479966085e-01
1.584057358020311117e+09 6.388311634651674398e-01 -4.807571746748811048e-01 -6.006390628256830233e-01 -5.599814434364750459e-01 -8.259134753107154614e-01 6.548064278601065102e-02 -5.275561845768074187e-01 2.945156541530001837e-01 -7.968343629557103069e-01 -6.812318067266983634e-01 -5.097153867587324028e-01 8.836559248543975897e-01
