1.586177203588239908e+09 8.881731045861906981e-01 -4.552842969655326311e-01 -6.216707651661797229e-02 -1.557631774972743736e-02 1.053822127782162027e-01 -9.943097947515647794e-01 4.592449398784057557e-01 8.840875513793975404e-01 8.650599420825182129e-02 9.853755928800131403e-02 -7.390249325066357011e-01 2.961171393147845610e-01
1.586177203588289976e+09 8.861898650925968957e-01 -4.604935335250323059e-01 -5.111974926670443536e-02 -2.113816411953000143e-02 7.003432129865758138e-02 -9.973205965192295519e-01 4.628398224166739294e-01 8.848959824503228599e-01 5.232971785213146043e-02 9.267091289097546813e-02 -7.497005598668811110e-01 2.904585655915444820e-01
1.586177203588316917e+09 8.844242833597050213e-01 -4.649648453491625477e-01 -4.001724340307664246e-02 -2.701159859544160699e-02 3.460251990833417002e-02 -9.990360551756508611e-01 4.659013422775981073e-01 8.846526767822113779e-01 1.804386510839800159e-02 8.632982292961957627e-02 -7.603339442013049565e-01 2.852501366638353630e-01
1.586177203588339090e+09 8.829829324063779294e-01 -4.685057608136773410e-01 -2.904295682463742950e-02 -3.332996016813541407e-02 -8.601303390854647506e-04 -9.994440326075335612e-01 4.682203060819612461e-01 8.834600231993186004e-01 -1.637475875295175270e-02 7.948763574145857602e-02 -7.708747488161030725e-01 2.805086254045662808e-01
1.586177203588359118e+09 8.819418850213929240e-01 -4.709983914175702169e-01 -1.841268334939266324e-02 -4.022141045929431002e-02 -3.627887899001076832e-02 -9.985319631660951600e-01 4.696389568415708649e-01 8.813877458604630899e-01 -5.094008254504221733e-02 7.212444963697746403e-02 -7.812685564255316129e-01 2.762473731837541968e-01
1.586177203588378906e+09 8.813450952870719446e-01 -4.723992565968703761e-01 -8.352578529417708716e-03 -4.779836309551598050e-02 -7.156078113021031861e-02 -9.962903048183985311e-01 4.700490822287812231e-01 8.784748131310160524e-01 -8.564965465112188425e-02 6.422795169599467002e-02 -7.914581674055267690e-01 2.724760119969223404e-01
1.586177203588398933e+09 8.812051672695634386e-01 -4.727331210349812185e-01 9.217658899979002014e-04 -5.614919029160706648e-02 -1.066013894591856248e-01 -9.927151719313213052e-01 4.693876029716573806e-01 8.747339826383786487e-01 -1.204812771940724364e-01 5.579397049901443917e-02 -8.013850786831857587e-01 2.692002814695259594e-01
1.586177203588418961e+09 8.815064853743354023e-01 -4.720818355924605858e-01 9.222632943739745778e-03 -6.533309356807423529e-02 -1.412927729524073861e-01 -9.878096676922272223e-01 4.676300924428140049e-01 8.701580851564542085e-01 -1.553930624258739734e-01 4.682670191054760789e-02 -8.109910680110699044e-01 2.664219582780494866e-01
1.586177203588437080e+09 8.822102343912933131e-01 -4.705699442290511292e-01 1.640213856774615231e-02 -7.537838634707021146e-02 -1.755310975916815897e-01 -9.815838899665857431e-01 4.647829616624605253e-01 8.647269868130966763e-01 -1.903261338046014217e-01 3.733859082290869047e-02 -8.202197970694418139e-01 2.641389067327203355e-01
1.586177203588457108e+09 8.832605713466878949e-01 -4.683491039008497725e-01 2.235800120853703721e-02 -8.628398662008303355e-02 -2.092224394776890095e-01 -9.740539229758214956e-01 4.608750774500348091e-01 8.584142869606520287e-01 -2.252089592410323748e-01 2.734988011120786239e-02 -8.290183460681124217e-01 2.623452484593874479e-01
1.586177203588476896e+09 8.845910054438336223e-01 -4.655834356870457991e-01 2.703364089724767660e-02 -9.802325748196397126e-02 -2.422862213650847085e-01 -9.652402956372527765e-01 4.559497717279047402e-01 8.511929579780547206e-01 -2.599622171489742728e-01 1.688786210405452196e-02 -8.373386002214987522e-01 2.610316403988771627e-01
1.586177203588495970e+09 8.861155217666535355e-01 -4.624580329237136800e-01 3.052621999180526319e-02 -1.104569855353323415e-01 -2.746957312442540600e-01 -9.551656976542181043e-01 4.501094718953255747e-01 8.430153162183158244e-01 -2.944938714584967032e-01 5.968472731777713786e-03 -8.451168265364975563e-01 2.602117945465961535e-01
1.586177203588515043e+09 8.877724192318376950e-01 -4.591108748529498240e-01 3.282280428995144883e-02 -1.235535923565416888e-01 -3.063908804715711476e-01 -9.438533459029988526e-01 4.433899431959962834e-01 8.338715928193574101e-01 -3.287301710472106397e-01 -5.361987582209085113e-03 -8.523220428463622600e-01 2.598778138732265042e-01
1.586177203588534117e+09 8.895001465859199152e-01 -4.556731514158145480e-01 3.393329546115701062e-02 -1.372730460642521133e-01 -3.373194570439484452e-01 -9.313279202925544009e-01 4.358274891621055636e-01 8.237581946974956715e-01 -3.625973479695445700e-01 -1.705437837033233969e-02 -8.589306771260856177e-01 2.600191174488631907e-01
1.586177203588551998e+09 8.912390591386969430e-01 -4.522662690123820939e-01 3.388453360512402174e-02 -1.515706697463816699e-01 -3.674354534175182652e-01 -9.176151263122971358e-01 4.274567484564514852e-01 8.126785402826610660e-01 -3.960231290698194018e-01 -2.905807617498921969e-02 -8.649267463890010221e-01 2.606227800132607797e-01
1.586177203588574886e+09 8.929323371159229028e-01 -4.490006255786805345e-01 3.271513107258063047e-02 -1.664001217684208667e-01 -3.966973450027626025e-01 -9.027415002844672021e-01 4.183095039230089740e-01 8.006432757763219943e-01 -4.289376461410397967e-01 -4.132226542783380696e-02 -8.703017616882379182e-01 2.616739168185910347e-01
1.586177203588588953e+09 8.945263070456603849e-01 -4.459755325729624631e-01 3.047147170653759229e-02 -1.817154060689222250e-01 -4.250666215954145843e-01 -8.867343902180089277e-01 4.084142473839063037e-01 7.876701034681921065e-01 -4.612739002278519740e-01 -5.379710807653538540e-02 -8.750543896919831255e-01 2.631560922555206128e-01
1.586177203588603020e+09 8.959704248024296103e-01 -4.432796931900643833e-01 2.720499445181000231e-02 -1.974719115261669433e-01 -4.525067538408382162e-01 -8.696220341500470186e-01 3.977962321402035983e-01 7.737834010092489168e-01 -4.929679567809519547e-01 -6.643475149804159430e-02 -8.791899103619549294e-01 2.650517329426254620e-01
1.586177203588613033e+09 8.972171337320492546e-01 -4.409918016041419198e-01 2.297054840499237333e-02 -2.136266714882978646e-01 -4.789826191890328988e-01 -8.514336710139442932e-01 3.864777618902576206e-01 7.590137559849146065e-01 -5.239590233836414201e-01 -7.919014827410070234e-02 -8.827195181080572661e-01 2.673425271973721706e-01
1.586177203588622093e+09 8.982217386782940238e-01 -4.391810096763029136e-01 1.782551945645970831e-02 -2.301380634103641354e-01 -5.044603417046467086e-01 -8.321996369919870684e-01 3.744785443876538222e-01 7.433974742534856794e-01 -5.541895122266492502e-01 -9.202167624930734924e-02 -8.856595137086595848e-01 2.700097976677129363e-01
1.586177203588634968e+09 8.989423661101731966e-01 -4.379071677668501250e-01 1.182941541692761160e-02 -2.469651721528597632e-01 -5.289074575893870644e-01 -8.119514181541133135e-01 3.618160118473857656e-01 7.269760753025289457e-01 -5.836051404020988764e-01 -1.048915594668791973e-01 -8.880304303737009963e-01 2.730348391887807424e-01
1.586177203588644981e+09 8.993400333500005672e-01 -4.372208434440130742e-01 5.043680260760088907e-03 -2.640669799047781208e-01 -5.522933254542602421e-01 -7.907216407657505775e-01 3.485055735762760398e-01 7.097957572797485293e-01 -6.121550853575492557e-01 -1.177660995985752718e-01 -8.898561357062721999e-01 2.763992161750268295e-01
1.586177203588654041e+09 8.993787889743380948e-01 -4.371632424768434610e-01 -2.468523573455267892e-03 -2.814016088077840871e-01 -5.745896376680579287e-01 -7.685440021479038597e-01 3.345607998282315587e-01 6.919068203488302204e-01 -6.397921721686151697e-01 -1.306157354812272353e-01 -8.911629509528287141e-01 2.800850142790193842e-01
1.586177203588663101e+09 8.990258902056267321e-01 -4.377661288190555222e-01 -1.064262360535647885e-02 -2.989256825473186607e-01 -5.957709685610991235e-01 -7.454531438836554669e-01 3.199935707706718646e-01 6.733630297322705793e-01 -6.664730641596714467e-01 -1.434149553881509109e-01 -8.919788221039472997e-01 2.840750443675149617e-01
1.586177203588674068e+09 8.982520236600929353e-01 -4.390517509181460776e-01 -1.941294013551322917e-02 -3.165937299598661214e-01 -6.158153872430010001e-01 -7.214844553956020201e-01 3.048142260861465558e-01 6.542208871476138388e-01 -6.921584491938690409e-01 -1.561420908176298084e-01 -8.923325691790184866e-01 2.883529998177544740e-01
1.586177203588685036e+09 8.970315028024115067e-01 -4.410329242246412429e-01 -2.871311491907508132e-02 -3.343577964646079481e-01 -6.347049966817283062e-01 -6.966738343896772268e-01 2.890317408353143547e-01 6.345388303838662702e-01 -7.168131736512323160e-01 -1.687790224438597830e-01 -8.922532335390316316e-01 2.929035691225287397e-01
1.586177203588696003e+09 8.953423916048780518e-01 -4.437133618330674212e-01 -3.847667559056471009e-02 -3.521673230283984823e-01 -6.524263159702642367e-01 -6.710574336173595889e-01 2.726539540817684570e-01 6.143763952872343115e-01 -7.404062848413768272e-01 -1.813108282251170156e-01 -8.917695335275673818e-01 2.977125081143343621e-01
1.586177203588707924e+09 8.931665646253970081e-01 -4.470882143479097959e-01 -4.863760546028962628e-02 -3.699691955810252009e-01 -6.689705351787474941e-01 -6.446714029460478557e-01 2.556878613660848454e-01 5.937933579771325077e-01 -7.629109816796765253e-01 -1.937254004664560325e-01 -8.909094296638081500e-01 3.027666780239429700e-01
1.586177203588717937e+09 8.904897212519526928e-01 -4.511447672748263860e-01 -5.913083411900371678e-02 -3.877078955348315925e-01 -6.843336659837011560e-01 -6.175516348726611815e-01 2.381399680476075642e-01 5.728488743846451570e-01 -7.843044836858313884e-01 -2.060130539948784312e-01 -8.896997940442878949e-01 3.080540562495399648e-01
1.586177203588727951e+09 8.873013730573205970e-01 -4.558632446290140638e-01 -6.989260193574280133e-02 -4.053257063955643114e-01 -6.985166039573162955e-01 -5.897335212818677341e-01 2.200166934721266565e-01 5.516006313558000640e-01 -8.045678333594030729e-01 -2.181661428778302325e-01 -8.881661752199396798e-01 3.135637259285532497e-01
1.586177203588743925e+09 8.835948186086746148e-01 -4.612176781873910669e-01 -8.086068323841034966e-02 -4.227629551855335843e-01 -7.115251079234807818e-01 -5.612517304293234144e-01 2.013248135612059342e-01 5.301040222821463699e-01 -8.236856471980098515e-01 -2.301786979758580209e-01 -8.863326463774177100e-01 3.192858503651400115e-01
1.586177203588759899e+09 8.793671103199655059e-01 -4.671768193154275384e-01 -9.197448026643562091e-02 -4.399582913678213303e-01 -7.233696875352760847e-01 -5.321400167291132632e-01 1.820719293383529780e-01 5.084113639220906311e-01 -8.416458269230939759e-01 -2.420460938034574849e-01 -8.842217248699159038e-01 3.252116366191080687e-01
1.586177203588776112e+09 8.746190182420743309e-01 -4.737050690631330885e-01 -1.031750004197202891e-01 -4.568490019296929106e-01 -7.340653963105587820e-01 -5.024310736488165618e-01 1.622669488158819118e-01 4.865711682753462997e-01 -8.584392441636845561e-01 -2.537647509021515591e-01 -8.818543529445358464e-01 3.313332901569882027e-01
1.586177203588793039e+09 8.693549069887730463e-01 -4.807635286973172550e-01 -1.144048749288787553e-01 -4.733715235321996340e-01 -7.436313924884331295e-01 -4.721564922852962143e-01 1.419205648258460017e-01 4.646275733224711213e-01 -8.740593639926031999e-01 -2.653318774185364770e-01 -8.792499292435423941e-01 3.376439618651014829e-01
1.586177203588809967e+09 8.635824399188740674e-01 -4.883112343372196240e-01 -1.256085511510743602e-01 -4.894622670412163701e-01 -7.520901618080509943e-01 -4.413468908319729822e-01 1.210456894238983727e-01 4.426200709871306316e-01 -8.885017806546084973e-01 -2.767452502729598196e-01 -8.764263791204541798e-01 3.441376896740348523e-01
1.586177203588828087e+09 8.573122020179864133e-01 -4.963063690140235296e-01 -1.367325001074506940e-01 -5.050585217706747843e-01 -7.594666007635835214e-01 -4.100321600851148385e-01 9.965780543320683360e-02 4.205834883913885380e-01 -9.017637448378246212e-01 -2.880030334303216311e-01 -8.734002516871149924e-01 3.508093376868937074e-01
1.586177203588845968e+09 8.505570973870859586e-01 -5.047075813977415226e-01 -1.477256971638452043e-01 -5.200996511387124821e-01 -7.657867922699701513e-01 -3.782419094480357624e-01 7.777517148918700052e-02 3.985484241204633737e-01 -9.138436281586101995e-01 -2.991036302092914267e-01 -8.701868344162885238e-01 3.576545342993394105e-01
1.586177203588864088e+09 8.433314336856563287e-01 -5.134754090401556503e-01 -1.585405232336108416e-01 -5.345286254025298778e-01 -7.710764499248581316e-01 -3.460061522418302893e-01 5.541878668646867817e-02 3.765423123426078211e-01 -9.247403124623967408e-01 -3.100455670773883399e-01 -8.668002790005385760e-01 3.646696092140991330e-01
1.586177203588881016e+09 8.356497298702162402e-01 -5.225736353646082133e-01 -1.691340439654279160e-01 -5.482937029142380680e-01 -7.753592237719205693e-01 -3.133561709126453376e-01 3.261203231581675382e-02 3.545911307875271867e-01 -9.344525593684381848e-01 -3.208274054480171333e-01 -8.632537323975235655e-01 3.718515298911629907e-01
1.586177203588897943e+09 8.275254110919451067e-01 -5.319703126281981609e-01 -1.794694422953708179e-01 -5.613499001525956711e-01 -7.786552231041626859e-01 -2.803254064902332976e-01 9.379975460550443733e-03 3.327215507176192189e-01 -9.429784653657748983e-01 -3.314476760684490486e-01 -8.595594665359734821e-01 3.791978396969526433e-01
1.586177203588915110e+09 8.189695539530930102e-01 -5.416382797651209113e-01 -1.895173971681748115e-01 -5.736599704229561336e-01 -7.809800414671548285e-01 -2.469502248570168979e-01 -1.425160975401899843e-02 3.109632599160153110e-01 -9.503150756443852210e-01 -3.419048308472144582e-01 -8.557290022808877739e-01 3.867065994875859558e-01
1.586177203588932037e+09 8.099897131359077296e-01 -5.515552079926916429e-01 -1.992574148898754727e-01 -5.851948678109409885e-01 -7.823443293862855086e-01 -2.132705262278300484e-01 -3.825743920615592986e-02 2.893513488913759257e-01 -9.564581358508580378e-01 -3.521972078126395789e-01 -8.517732252862925124e-01 3.943763335664772773e-01
1.586177203588952065e+09 8.005887850056065957e-01 -5.617032810334677828e-01 -2.086792314484866850e-01 -5.959337830629224397e-01 -7.827538508682163609e-01 -1.793302415877722211e-01 -6.261408695242726141e-02 2.679287840390062736e-01 -9.614019155346338330e-01 -3.623230079070190457e-01 -8.477024942511488526e-01 4.022059783450600001e-01
1.586177203588969946e+09 7.907639998868304376e-01 -5.720684879179483984e-01 -2.177841634570802098e-01 -6.058636506743448891e-01 -7.822101222959393363e-01 -1.451776903038618505e-01 -8.730139538563086443e-02 2.467487993807148117e-01 -9.651391074674506854e-01 -3.722802820490498377e-01 -8.435267414905860406e-01 4.101948328695846913e-01
1.586177203588996887e+09 7.805061733159688320e-01 -5.826395124674632608e-01 -2.265862135386594589e-01 -6.149780364345566186e-01 -7.807117236105678426e-01 -1.108657734052776317e-01 -1.123037331742316736e-01 2.258769652107477377e-01 -9.676608230663694687e-01 -3.820669267060966545e-01 -8.392555655162918793e-01 4.183425109575155676e-01
1.586177203589015007e+09 7.697994062949301552e-01 -5.934062116353568950e-01 -2.351126162054998081e-01 -6.232753288653526402e-01 -7.782563609433096330e-01 -7.645195531639822906e-02 -1.376108239426715729e-01 2.053925629746364834e-01 -9.689567361877923224e-01 -3.916806873776219056e-01 -8.348983159682089594e-01 4.266488939367626965e-01
1.586177203589032888e+09 7.586210795422341224e-01 -6.043579147502735616e-01 -2.434041264878717414e-01 -6.307566146505346749e-01 -7.748433661148412810e-01 -4.199823157057899770e-02 -1.632181090548681657e-01 1.853895065672541975e-01 -9.690152631029467223e-01 -4.011191699821581857e-01 -8.304641712213518545e-01 4.351140828040985231e-01
1.586177203589051008e+09 7.469422366347125974e-01 -6.154815659322483423e-01 -2.515148849813231280e-01 -6.374233082165795539e-01 -7.704766090840953208e-01 -7.571089032803478280e-03 -1.891264699935731597e-01 1.659766162079883145e-01 -9.678238174456579301e-01 -4.103798607800582809e-01 -8.259622088544167351e-01 4.437383483881695567e-01
1.586177203589068890e+09 7.347284554357170760e-01 -6.267597588714746148e-01 -2.595116599901906573e-01 -6.432746602718286688e-01 -7.651677535837677624e-01 2.675856349602716983e-02 -2.153411447173985138e-01 1.472769968738538438e-01 -9.653691925780463201e-01 -4.194601557483491061e-01 -8.214014687571660200e-01 4.525220781840301187e-01
1.586177203589086056e+09 7.219413026141300316e-01 -6.381687567715270681e-01 -2.674722297715115271e-01 -6.483053296160926626e-01 -7.589397170442325757e-01 6.091556350249539842e-02 -2.418697078144105284e-01 1.294262108074714923e-01 -9.616381340155774060e-01 -4.283573998094845070e-01 -8.167910080092886105e-01 4.614657192703956468e-01
1.586177203589102030e+09 7.085403258849621855e-01 -6.496766752255840327e-01 -2.754828933003102831e-01 -6.525033427948406795e-01 -7.518300369108813497e-01 9.482079746963911759e-02 -2.687191742831465113e-01 1.125691500106724419e-01 -9.566181015607161386e-01 -4.370689353800132348e-01 -8.121399461910161488e-01 4.705697177347629157e-01
1.586177203589123964e+09 6.944855303803397772e-01 -6.612420205454936362e-01 -2.836350447242000916e-01 -6.558487243536244016e-01 -7.438938156256077461e-01 1.283917529685413006e-01 -2.958923778183293885e-01 9.685546759912089243e-02 -9.502982266322193006e-01 -4.455921590328632553e-01 -8.074574997310223212e-01 4.798344557119697540e-01
1.586177203589139938e+09 6.797400390322132502e-01 -6.728128063363756350e-01 -2.920212444407145336e-01 -6.583131457515799534e-01 -7.352057990171152468e-01 1.615432933145198313e-01 -3.233841088641661310e-01 8.243397954486214596e-02 -9.426703334388414346e-01 -4.539245837815885642e-01 -8.027530040127902611e-01 4.892601882520861145e-01
1.586177203589155912e+09 6.642727160460292213e-01 -6.843263864117258288e-01 -3.007310356713261967e-01 -6.598606986330114443e-01 -7.258612844751868298e-01 1.941887084570645405e-01 -3.511774729660329664e-01 6.944633050233538218e-02 -9.337299342187342921e-01 -4.620639037525867687e-01 -7.980359225490422093e-01 4.988469827605883089e-01
1.586177203589173079e+09 6.480604412660122549e-01 -6.957100599920117423e-01 -3.098470221423156867e-01 -6.604497729744523982e-01 -7.159756456670570701e-01 2.262409613272361453e-01 -3.792410345019272544e-01 5.802057819828192187e-02 -9.234770439218374927e-01 -4.700080574481556583e-01 -7.933158433477165428e-01 5.085946640473816283e-01
1.586177203589190006e+09 6.310898189602989206e-01 -7.068823837025393075e-01 -3.194416006942752961e-01 -6.600358012151225084e-01 -7.056824754700071756e-01 2.576140239223612127e-01 -4.075271548355942075e-01 4.826530513633577740e-02 -9.119167060575610328e-01 -4.777552850488123171e-01 -7.886024635745939593e-01 5.185027683914418262e-01
1.586177203589206934e+09 6.133582328538642603e-01 -7.177550483927763736e-01 -3.295745271338724747e-01 -6.585744913207990381e-01 -6.951305243148716562e-01 2.882242077618035747e-01 -4.359716940176583955e-01 4.026468582192431478e-02 -8.990591957631072217e-01 -4.853041764998109464e-01 -7.839055646577348657e-01 5.285705086791641083e-01
1.586177203589225054e+09 5.948742236163828689e-01 -7.282351181302413323e-01 -3.402914501380938650e-01 -6.560251437601809510e-01 -6.844797401658974101e-01 3.179913465009645557e-01 -4.644950691309959190e-01 3.407489213289818797e-02 -8.849199019540090472e-01 -4.926537075068134208e-01 -7.792349806817940872e-01 5.387967521427390327e-01
1.586177203589243889e+09 5.756571940952530664e-01 -7.382273096232834231e-01 -3.516237114461944202e-01 -6.523536671062085679e-01 -6.738968928826046811e-01 3.468395467199351101e-01 -4.930045520257378966e-01 2.972233734056305837e-02 -8.695188869369576690e-01 -4.998032619301430723e-01 -7.746005633327929241e-01 5.491800109500197813e-01
1.586177203589261055e+09 5.557366833537974449e-01 -7.476361389524485146e-01 -3.635889750056287562e-01 -6.475349897259156107e-01 -6.635511876889969018e-01 3.746975564235999201e-01 -5.213973305233260414e-01 2.720340593110008587e-02 -8.528802957180262601e-01 -5.067526412175302752e-01 -7.700121464531283211e-01 5.597184441416581668e-01
1.586177203589273930e+09 5.351513919819987919e-01 -7.563678307870226325e-01 -3.761923609653850531e-01 -6.415547359941691230e-01 -6.536101523078257092e-01 4.014988043770861270e-01 -5.495639260421246730e-01 2.648534678521016067e-02 -8.350317466982940529e-01 -5.135020629796972491e-01 -7.654795125719676685e-01 5.704098683710234763e-01
1.586177203589293957e+09 5.139480853362706769e-01 -7.643318785155484019e-01 -3.894279719056172318e-01 -6.344101420150599635e-01 -6.442360448989987720e-01 4.271810980766396759e-01 -5.773916675129426856e-01 2.750814751779784295e-02 -8.160037772595989392e-01 -5.200521513631349846e-01 -7.610123629351565056e-01 5.812517746779577443e-01
1.586177203589307070e+09 4.921805049301257728e-01 -7.714422821568486244e-01 -4.032804930886285111e-01 -6.261102870641701568e-01 -6.355828450990490541e-01 4.516861253579276814e-01 -6.047679384910689127e-01 3.018696005143003958e-02 -7.958294342453581249e-01 -5.264039212423822223e-01 -7.566202920212716787e-01 5.922413492177509564e-01
1.586177203589319944e+09 4.699083515910357223e-01 -7.776184892003513704e-01 -4.177267367516787067e-01 -6.166757576755597103e-01 -6.277938398869105097e-01 4.749588454676459959e-01 -6.315830518858034370e-01 3.441482374516795922e-02 -7.745440393369340537e-01 -5.325587578033930125e-01 -7.523127671654125104e-01 6.033754963607027566e-01
1.586177203589329958e+09 4.471963819838905563e-01 -7.827860318426342889e-01 -4.327371309825726042e-01 -6.061378614598023074e-01 -6.209998229650708357e-01 4.969467910902786167e-01 -6.577326883132643687e-01 4.006555213834713663e-02 -7.521851252525710851e-01 -5.385183936509136959e-01 -7.480991132357867057e-01 6.146508623061663901e-01
1.586177203589342117e+09 4.241136494913504418e-01 -7.868769141613279894e-01 -4.482770733748512870e-01 -5.945375198264173378e-01 -6.153178390201353709e-01 5.175993575101113242e-01 -6.831198652250073389e-01 4.699658691515567338e-02 -7.287925431482298322e-01 -5.442848848384026494e-01 -7.439885021240127960e-01 6.260638580456957536e-01
