1.583561772260309935e+09 -3.654757407825369175e-01 8.741758104407661156e-02 9.267068844295986985e-01 3.258486442133932681e-01 -9.205695212010333028e-01 2.153472027515911380e-01 8.719232444223551370e-01 3.806703603170840666e-01 3.079609274393245166e-01 -8.936096521728750797e-02 1.588355364488043042e+00 1.554848140730349382e+00
1.583561772260346889e+09 -3.837776353488999703e-01 9.240575204595564973e-02 9.187904569709258729e-01 3.304835089670024040e-01 -9.153329329500359268e-01 2.301005697326705679e-01 8.622617799181009346e-01 3.919525467604286217e-01 3.207457313797259513e-01 -9.553196275809969218e-02 1.587059354849423620e+00 1.549572013353854638e+00
1.583561772260364056e+09 -4.010868737749623825e-01 9.971319686119355097e-02 9.105968363030787494e-01 3.340967910486480341e-01 -9.096616803461968770e-01 2.467690449706456401e-01 8.529411785690172998e-01 4.032033057289937106e-01 3.315395004668166279e-01 -1.017010408256693171e-01 1.585642027418834088e+00 1.544324916015320959e+00
1.583561772260375023e+09 -4.172565210206508612e-01 1.091908072696279874e-01 9.022052779191598315e-01 3.365782745713252200e-01 -9.035922074735621701e-01 2.650211080612277503e-01 8.441635273790849547e-01 4.142444812845888502e-01 3.402784874030403417e-01 -1.078733790626046213e-01 1.584092186350091636e+00 1.539119283960002083e+00
1.583561772260385036e+09 -4.321729114676513550e-01 1.206609361665510610e-01 8.936819978684631405e-01 3.378668474901302954e-01 -8.971595451876182015e-01 2.845184420904234845e-01 8.361055963026607918e-01 4.249066827457503859e-01 3.469607225788758909e-01 -1.140550932300525289e-01 1.582398846050113272e+00 1.533969781037216817e+00
1.583561772260396004e+09 -4.457577429374371403e-01 1.339235068695382447e-01 8.850788265256123166e-01 3.379477595162939663e-01 -8.903978625585042828e-01 3.049310712930532463e-01 8.289097337234484497e-01 4.350357924881365079e-01 3.516425924398985936e-01 -1.202532330984831949e-01 1.580551579568332032e+00 1.528893459483297468e+00
1.583561772260405064e+09 -4.579700231808914168e-01 1.487624126295795379e-01 8.764320867650439162e-01 3.368475418897320384e-01 -8.833400852413939575e-01 3.259509585616807148e-01 8.226768451883712530e-01 4.444997620786883541e-01 3.544330262976442825e-01 -1.264757358504978446e-01 1.578540908813750310e+00 1.523909883012073196e+00
1.583561772260413885e+09 -4.688075427255832817e-01 1.649523840630677529e-01 8.677616027133771004e-01 3.346271986260445641e-01 -8.760164522953983735e-01 3.473036327414691926e-01 8.174620028177969067e-01 4.531951967972326911e-01 3.554855662045257048e-01 -1.327313280604875134e-01 1.576358730825090371e+00 1.519041203811016594e+00
1.583561772260423899e+09 -4.783074205291378833e-01 1.822661438630763520e-01 8.590698833924755862e-01 3.313744203430733504e-01 -8.684521126955199177e-01 3.687572664727966631e-01 8.132730201153444138e-01 4.610531215206344902e-01 3.549887521067853768e-01 -1.390293701237907686e-01 1.573998772158678117e+00 1.514312183502109166e+00
1.583561772260448933e+09 -4.865453020630464698e-01 2.004813348041701859e-01 8.503416394230480790e-01 3.271956986211823626e-01 -8.606640659159831008e-01 3.901286205066646362e-01 8.100719993271178199e-01 4.680433742220463378e-01 3.531554275227569706e-01 -1.453796383621396848e-01 1.571457061004775779e+00 1.509750147827296995e+00
1.583561772260462999e+09 -4.936302660104662232e-01 2.193796604651072624e-01 8.415472211075326614e-01 3.222110655935529477e-01 -8.526609442330558286e-01 4.112776963103264016e-01 8.077804094787132128e-01 4.741749454307583878e-01 3.502126945499168253e-01 -1.517920421071356774e-01 1.568732403782307161e+00 1.505384865134864691e+00
1.583561772260476112e+09 -4.987216999183826105e-01 2.394301074081257585e-01 8.330365478166080750e-01 3.160120751515155813e-01 -8.447094099311571735e-01 4.319749775459886254e-01 8.071016259675051208e-01 4.786849032133186910e-01 3.456121077625010640e-01 -1.582399111569545713e-01 1.565918871956972769e+00 1.501129586631911206e+00
1.583561772260489941e+09 -5.018436230731950776e-01 2.603375934028525074e-01 8.248498746700152484e-01 3.087312997600142883e-01 -8.369010949783584064e-01 4.519751562488642516e-01 8.079838876982279317e-01 4.814778238019324919e-01 3.396191140716114387e-01 -1.647302909837609075e-01 1.563014249377768783e+00 1.497002055998536418e+00
1.583561772260503054e+09 -5.030763543667703397e-01 2.818164301893091861e-01 8.170028651440299772e-01 3.005041604573673863e-01 -8.293137015291218717e-01 4.711008746516479051e-01 8.103156369438186957e-01 4.825124705778031653e-01 3.325211038370520789e-01 -1.712707869721584175e-01 1.560017328565416861e+00 1.493022263337694389e+00
1.583561772260514975e+09 -5.025486119534436913e-01 3.036068498429352336e-01 8.094861170231868464e-01 2.914589708989219763e-01 -8.220034220409616621e-01 4.892464026737022853e-01 8.139389173378080988e-01 4.818020911297605791e-01 3.246077387582128049e-01 -1.778693544288187101e-01 1.556928350461336041e+00 1.489212342925774868e+00
1.583561772260528088e+09 -5.004262249641628912e-01 3.254873225067117515e-01 8.022665371039034987e-01 2.817111259598352735e-01 -8.149990656930277133e-01 5.063747273745028421e-01 8.186650323113263683e-01 4.794106026638251805e-01 3.161535056898408524e-01 -1.845340127327153579e-01 1.553749420101896206e+00 1.485596391707281860e+00
1.583561772260540009e+09 -4.968990581119828720e-01 3.472818832422043811e-01 7.952902740008408466e-01 2.713616898775629838e-01 -8.082985476317837703e-01 5.225096087698394287e-01 8.242900943022254401e-01 4.754458450882458886e-01 3.074037882969651858e-01 -1.912724902164309737e-01 1.550484878328458827e+00 1.482200208561029742e+00
1.583561772260552883e+09 -4.921676392233048092e-01 3.688624979991783626e-01 7.884868247297004418e-01 2.604997766581541585e-01 -8.018680293522932878e-01 5.377243996299495565e-01 8.306087415339890034e-01 4.700511899996070442e-01 2.985648966356388434e-01 -1.980918116695969677e-01 1.547141610316337346e+00 1.479050956956452723e+00
1.583561772260565996e+09 -4.864305916513830264e-01 3.901470577920935212e-01 7.817739782718651220e-01 2.492075155230789041e-01 -7.956437516437641078e-01 5.521291830457060179e-01 8.374251572304189928e-01 4.633964759447006254e-01 2.897978819029118358e-01 -2.049978451230426435e-01 1.543729273679773195e+00 1.476176755785791439e+00
1.583561772260579109e+09 -4.798737036126494160e-01 4.110938722241479493e-01 7.750632600646191195e-01 2.375661906086549424e-01 -7.895363494734904952e-01 5.658574538109705232e-01 8.445611487099152770e-01 4.556689381945814299e-01 2.812157269609660282e-01 -2.119948285333004556e-01 1.540260431770842597e+00 1.473606205121546608e+00
1.583561772260591030e+09 -4.726612150986514993e-01 4.316936778411801234e-01 7.682655429957678805e-01 2.256621864698588054e-01 -7.834372361646351202e-01 5.790532572069934103e-01 8.518614638472788991e-01 4.470644983245947168e-01 2.728834567824204305e-01 -2.190848992859761035e-01 1.536750581537372540e+00 1.471367853091635203e+00
1.583561772260603905e+09 -4.649296758187357881e-01 4.519602244181250006e-01 7.612964944015988555e-01 2.135915768493661937e-01 -7.772264979042632360e-01 5.918594506706330582e-01 8.591967382913099360e-01 4.377795411653807034e-01 2.648207667128398834e-01 -2.262676515980042158e-01 1.533218068233200393e+00 1.469489611699260623e+00
1.583561772260616064e+09 -4.567845310841826545e-01 4.719204825658066538e-01 7.540815278192536386e-01 2.014625047616471765e-01 -7.707816344703860567e-01 6.044075870073036816e-01 8.664645125941820014e-01 4.280031895508176198e-01 2.570068450158999873e-01 -2.335397482690848292e-01 1.529683882383432003e+00 1.467998131852689569e+00
1.583561772260628939e+09 -4.482994138383035176e-01 4.916054442261422186e-01 7.465599259675080868e-01 1.893948713999064337e-01 -7.639864111908827304e-01 6.168098137163159356e-01 8.735887009838652073e-01 4.179100990580292274e-01 2.493871104415872897e-01 -2.408946136905635582e-01 1.526171337907473058e+00 1.466918151444522422e+00
1.583561772260642052e+09 -4.395179647287065228e-01 5.110423814002242882e-01 7.386877847877839631e-01 1.775173130971391400e-01 -7.567389998949348717e-01 6.291531528033965648e-01 8.805177808981641263e-01 4.076539839457234971e-01 2.418815146536124616e-01 -2.483222343258236486e-01 1.522705634612238734e+00 1.466271835645306609e+00
1.583561772260654926e+09 -4.304578054195037362e-01 5.302492474423039504e-01 7.304394661034240288e-01 1.659619553623249977e-01 -7.489585585453442107e-01 6.414964591076569578e-01 8.872219042445477211e-01 3.973623199913082216e-01 2.343938555414309122e-01 -2.558090905306498186e-01 1.519313314334263643e+00 1.466078137316427110e+00
1.583561772260668039e+09 -4.211160536584502845e-01 5.492315848691260438e-01 7.218074091019304195e-01 1.548577963675752400e-01 -7.405895844866234867e-01 6.538701173381277210e-01 8.936891699579573300e-01 3.871327081464387421e-01 2.268213702869177062e-01 -2.633382375270751363e-01 1.516021627648612480e+00 1.466352210319130434e+00
1.583561772260680914e+09 -4.114756193281778884e-01 5.679819201681883811e-01 7.128003601021188906e-01 1.443238079343523994e-01 -7.316036642064619455e-01 6.662782579948669515e-01 8.999213595675424893e-01 3.770313210741627064e-01 2.190637572921430021e-01 -2.708895444345009729e-01 1.512857836120978128e+00 1.467104911387895116e+00
1.583561772260694981e+09 -4.015114834390830501e-01 5.864812499000819912e-01 7.034403119549977879e-01 1.344628727116667088e-01 -7.219986140943168706e-01 6.787029815771251640e-01 9.059295032020951988e-01 3.670936460295394776e-01 2.110307809503572107e-01 -2.784400888202272495e-01 1.509848482945510328e+00 1.468342426915935306e+00
1.583561772260706902e+09 -3.911962538136239398e-01 6.047019395941759523e-01 6.937586435889563363e-01 1.253574717160050589e-01 -7.117953953663191946e-01 6.911098461995345277e-01 9.117296723973310479e-01 3.573274123051354279e-01 2.026477858782199937e-01 -2.859646910159555078e-01 1.507018670436448549e+00 1.470066055267855054e+00
1.583561772260720015e+09 -3.805045021157802965e-01 6.226112379043884371e-01 6.837920521664078155e-01 1.170676166999821272e-01 -7.010335044980648966e-01 7.034537644970104697e-01 9.173393577252019204e-01 3.477172302450622920e-01 1.938587908628081335e-01 -2.934365600405871022e-01 1.504391384010146604e+00 1.472272162936848261e+00
1.583561772260732889e+09 -3.694156349330651179e-01 6.401746775234695708e-01 6.735788530126836093e-01 1.096311576653298259e-01 -6.897656529056069852e-01 7.156845348575928689e-01 9.227746735672605061e-01 3.382302862504190655e-01 1.846271256385936532e-01 -3.008280140300291783e-01 1.501986898560959016e+00 1.474952317667324264e+00
1.583561772260746002e+09 -3.579153495409468921e-01 6.573588317371026335e-01 6.631560670018585846e-01 1.030659835422652881e-01 -6.780525859600385896e-01 7.277513956036344434e-01 9.280484932588497493e-01 3.288222273849328303e-01 1.749340937992469591e-01 -3.081112336179758771e-01 1.499822296141472888e+00 1.478093588195395824e+00
1.583561772260757923e+09 -3.459959128122237493e-01 6.741331794770110131e-01 6.525574955102518837e-01 9.737347914731214749e-02 -6.659586407084997495e-01 7.396063104909956776e-01 9.331694562703913842e-01 3.194425541639049348e-01 1.647762747152517748e-01 -3.152590062695004303e-01 1.497911115293024897e+00 1.481678989932518897e+00
1.583561772260771036e+09 -3.336556255180473385e-01 6.904710802490213739e-01 6.418127540031206557e-01 9.254247272430669857e-02 -6.535483787101954434e-01 7.512059687735539448e-01 9.381416814861713860e-01 3.100390366493078198e-01 1.541621920175031135e-01 -3.222454222380007893e-01 1.496263143414416019e+00 1.485688048716222953e+00
1.583561772260783911e+09 -3.208978042336239067e-01 7.063500139507636888e-01 6.309471113579607771e-01 8.855313391088795449e-02 -6.408843493995121099e-01 7.625126840013826124e-01 9.429649738731572528e-01 3.005609900043676452e-01 1.431088731412684945e-01 -3.290464885288803543e-01 1.494884353819598166e+00 1.490097448708076033e+00
1.583561772260797024e+09 -3.077295848973431447e-01 7.217513125077914538e-01 6.199818914882508913e-01 8.538038578767884190e-02 -6.280258687564421738e-01 7.734944718542796638e-01 9.476353162162435284e-01 2.909614257874613696e-01 1.316387344182601282e-01 -3.356406351750434447e-01 1.493776980085621986e+00 1.494881727666220739e+00
1.583561772260808945e+09 -2.941607865425335810e-01 7.366596181848531488e-01 6.089351680578026782e-01 8.299657168633171878e-02 -6.150285797734014182e-01 7.841246171648331709e-01 9.521454725971562061e-01 2.811982454287759170e-01 1.197770679900353602e-01 -3.420090972416515718e-01 1.492939712697409993e+00 1.500013983111290417e+00
1.583561772260822058e+09 -2.802029970271976977e-01 7.510622678870545466e-01 5.978225075342100681e-01 8.137328813186289755e-02 -6.019445112847802148e-01 7.943810127428799772e-01 9.564855820521211971e-01 2.712347236789833249e-01 1.075502498043314076e-01 -3.481361658168027340e-01 1.492367996791933438e+00 1.505466555286433694e+00
1.583561772260833979e+09 -2.658689652541585957e-01 7.649487455811329051e-01 5.866575749529654438e-01 8.048243539775641608e-02 -5.888223605054513365e-01 8.042454883024846568e-01 9.606436754306608705e-01 2.610395461331750377e-01 9.498465373643634468e-02 -3.540093093182458128e-01 1.492054407175365638e+00 1.511211659174967137e+00
1.583561772260847092e+09 -2.511722864352804452e-01 7.783102686947844795e-01 5.754525249508302132e-01 8.029667838185194917e-02 -5.757077955182029472e-01 8.137032491726207128e-01 9.646060989882777603e-01 2.505866318671065018e-01 8.210611402258502500e-02 -3.596191742267668134e-01 1.491989074921469927e+00 1.517221943621730018e+00
1.583561772260859966e+09 -2.361273265401114263e-01 7.911395247214783044e-01 5.642181655934634943e-01 8.078951895916172687e-02 -5.626436550203101072e-01 8.227424695403787736e-01 9.683578571607562857e-01 2.398548939239982525e-01 6.893976045439532963e-02 -3.649594789044067755e-01 1.492160141479822677e+00 1.523470963857658678e+00
1.583561772260873079e+09 -2.207493090346933917e-01 8.034305409452596747e-01 5.529639307751209598e-01 8.193516084339724781e-02 -5.496699964723162912e-01 8.313540307771160043e-01 9.718829004648045222e-01 2.288280164415290030e-01 5.551006135222535942e-02 -3.700268163072992222e-01 1.492554219279552674e+00 1.529933561327700753e+00
1.583561772260885954e+09 -2.050544959592929262e-01 8.151786608073713358e-01 5.416977062461507675e-01 8.370828777677026544e-02 -5.368239875352679435e-01 8.395313746715388215e-01 9.751643843383746013e-01 2.174942703348958228e-01 4.184096228845297222e-02 -3.748203839359006695e-01 1.493156839804257396e+00 1.536586149517304545e+00
1.583561772260898113e+09 -1.890603653914588733e-01 8.263805732829100359e-01 5.304256089592744861e-01 8.608388446517813153e-02 -5.241397037485235888e-01 8.472704030493829475e-01 9.781849228603189950e-01 2.058463488035849887e-01 2.795599414720159256e-02 -3.793416624544058147e-01 1.493952871687246331e+00 1.543406907944864015e+00
1.583561772260910988e+09 -1.727857469442304339e-01 8.370343669048506685e-01 5.191517644911557428e-01 8.903712353329666651e-02 -5.116478800733021970e-01 8.545693872021629112e-01 9.809268456535644720e-01 1.938811896511511979e-01 1.387832883945621862e-02 -3.835940641984891264e-01 1.494926895501254238e+00 1.550375891281406737e+00
1.583561772260924101e+09 -1.562509346605524541e-01 8.471396136408632094e-01 5.078780569381521337e-01 9.254326601144005626e-02 -4.993756110212886346e-01 8.614288961526181954e-01 9.833724571961056649e-01 1.815997642738347018e-01 -3.691606077628264981e-04 -3.875825710890447584e-01 1.496063526344085348e+00 1.557475064109286489e+00
1.583561772260934114e+09 -1.394777077544517574e-01 8.566974316367755860e-01 4.966039467902727544e-01 9.657764072508635833e-02 -4.873460906042382801e-01 8.678516851273664345e-01 9.855043016598757921e-01 1.690068012515166251e-01 -1.476390112348948194e-02 -3.913133799869563667e-01 1.497347678875622368e+00 1.564688273448594069e+00
1.583561772260943890e+09 -1.224892362569675874e-01 8.657104967748002755e-01 4.853264087974951124e-01 1.011157085782121573e-01 -4.755784592605352135e-01 8.738425159373794937e-01 9.873054242324689200e-01 1.561104260882265615e-01 -2.928368801005035854e-02 -3.947935696358730318e-01 1.498764773850064236e+00 1.572001172570784977e+00
1.583561772260952950e+09 -1.053099132358371881e-01 8.741830145309292810e-01 4.740399556799377856e-01 1.061331498901571940e-01 -4.640877474302698147e-01 8.794079356437257688e-01 9.887596153302442570e-01 1.429217270581368271e-01 -4.390675645592637816e-02 -3.980307986671128839e-01 1.500300888956153766e+00 1.579401109753707511e+00
1.583561772260962009e+09 -8.796514593136743609e-02 8.821206623554934678e-01 4.627367182836680803e-01 1.116059364280171801e-01 -4.528848975246486108e-01 8.845560381580026554e-01 9.898516294349957167e-01 1.294542657327832635e-01 -5.861181642163410671e-02 -4.010330400286546970e-01 1.501942859247536566e+00 1.586876994457274037e+00
1.583561772260971069e+09 -7.048112862337142792e-02 8.895305101538001358e-01 4.514065598932471279e-01 1.175103676756526078e-01 -4.419768445698115666e-01 8.892962287373726848e-01 9.905673749104725312e-01 1.157235526958223237e-01 -7.337803043286324212e-02 -4.038083544799190849e-01 1.503678333559861580e+00 1.594419151333149376e+00
1.583561772260982990e+09 -5.288461022070948397e-02 8.964209222647813169e-01 4.400372125501688103e-01 1.238230651878520772e-01 -4.313666407455487017e-01 8.936390042254498400e-01 9.908940744449619142e-01 1.017465068623962937e-01 -8.818492959080986848e-02 -4.063647026381583816e-01 1.505495794194601000e+00 1.602019170587610120e+00
1.583561772260993004e+09 -3.520266002343593742e-02 9.028014388525968936e-01 4.286144363342360708e-01 1.305209309282711061e-01 -4.210536198340658620e-01 8.975957530580875865e-01 9.908203972256042213e-01 8.754091336583733063e-02 -1.030122767661413030e-01 -4.087097941173124527e-01 1.507384546749552579e+00 1.609669760857279641e+00
1.583561772261004925e+09 -1.746243595954705130e-02 9.086826363487919833e-01 4.171222003558758828e-01 1.375810744424222909e-01 -4.110335954651826995e-01 9.011785791106561305e-01 9.903365647736265265e-01 7.312489371897858137e-02 -1.178398855512586690e-01 -4.108509726928619155e-01 1.509334686179073071e+00 1.617364608630139644e+00
1.583561772261015892e+09 3.090933864171759027e-04 9.140759208572548644e-01 4.055429886847995991e-01 1.449807851065026409e-01 -4.012991932460819311e-01 9.044000937326431844e-01 9.894344226141457144e-01 5.851639680228577778e-02 -1.326474835315872569e-01 -4.127951354983711574e-01 1.511337044990275436e+00 1.625098246966133697e+00
1.583561772261027098e+09 1.808549721278025074e-02 9.189932218528572561e-01 3.938583162512010460e-01 1.526976132583884871e-01 -3.918404088391716500e-01 9.072731303194260244e-01 9.881074607242809060e-01 4.373273918145388628e-02 -1.474147001505405064e-01 -4.145486821039154335e-01 1.513383129455773135e+00 1.632865935451000228e+00
1.583561772261039019e+09 3.584121308550339974e-02 9.234466569974496553e-01 3.820493154370957489e-01 1.607094788429383470e-01 -3.826452590664242148e-01 9.098104578524517372e-01 9.863507850143617972e-01 2.879023588801098849e-02 -1.621211012016572084e-01 -4.161174878744086092e-01 1.515465049102308503e+00 1.640663552444423967e+00
1.583561772261049986e+09 5.355191581311849469e-02 9.274481145962248929e-01 3.700975376111163562e-01 1.689949323681413929e-01 -3.737006778984616195e-01 9.120244055209186795e-01 9.841610159882988595e-01 1.370395415493223801e-02 -1.767464185922078823e-01 -4.175068971007631635e-01 1.517575443422256587e+00 1.648487499629376130e+00
1.583561772261063099e+09 7.119491821885991223e-02 9.310087518302629928e-01 3.579860163978820786e-01 1.775336395732118044e-01 -3.649937219970153524e-01 9.139263590773175627e-01 9.815360873064301606e-01 -1.512351982883016182e-03 -1.912710703228194531e-01 -4.187217329962483192e-01 1.519707408704628948e+00 1.656334618178195939e+00
1.583561772261075020e+09 8.874952919855778888e-02 9.341384785216138020e-01 3.457004835309284152e-01 1.863070661756726920e-01 -3.565129914097135422e-01 9.155261679180877188e-01 9.784749349910735194e-01 -1.684607350571709281e-02 -2.056769594228476106e-01 -4.197663211162701025e-01 1.521854427433731116e+00 1.664202115745680333e+00
1.583561772261084080e+09 1.061972616554879845e-01 9.368455444630987561e-01 3.332305024118812353e-01 1.952992457702388274e-01 -3.482500297090045382e-01 9.168315665938432391e-01 9.749771004822606058e-01 -3.228533597753194956e-02 -2.199484277093042839e-01 -4.206445212436593084e-01 1.524010302173158582e+00 1.672087503521982876e+00
1.583561772261096954e+09 1.235218247976159200e-01 9.391363179285108220e-01 3.205703283953540428e-01 2.044975200538802773e-01 -3.402004978411566904e-01 9.178476919697022840e-01 9.710422871005219836e-01 -4.781838463175594467e-02 -2.340732342442645164e-01 -4.213597636986227690e-01 1.526169094900038159e+00 1.679988542310143274e+00
1.583561772261107922e+09 1.407089084441604798e-01 9.410152614234610358e-01 3.077194845208001128e-01 2.138932465829306018e-01 -3.323650968437930620e-01 9.185766824603688319e-01 9.666698931890677082e-01 -6.343280272182375001e-02 -2.480435392757974200e-01 -4.219150872544121800e-01 1.528325072024341313e+00 1.687903196448347742e+00
1.583561772261120081e+09 1.577457832546365901e-01 9.424850766134581503e-01 2.946831324108387662e-01 2.234825243775099279e-01 -3.247503116768377662e-01 9.190172993242945454e-01 9.618585287927065020e-01 -7.911457337384152078e-02 -2.618569363304680819e-01 -4.223131788301066614e-01 1.530472654982886205e+00 1.695829594260314543e+00
1.583561772261131048e+09 1.746206911373511805e-01 9.435470425053554822e-01 2.814721888700008612e-01 2.332668620298612716e-01 -3.173689040038652487e-01 9.191645934998773360e-01 9.566055537963337185e-01 -9.484702232804527455e-02 -2.755174350876666289e-01 -4.225564145598824095e-01 1.532606376366441037e+00 1.703765994022021779e+00
1.583561772261143923e+09 1.913220107041437301e-01 9.442015663563163574e-01 2.681031342814944041e-01 2.432536717546271432e-01 -3.102400614338574614e-01 9.190096602066141207e-01 9.509066934494746492e-01 -1.106097042113520779e-01 -2.890362501885145874e-01 -4.226469014992522144e-01 1.534720841478783848e+00 1.711710754631597498e+00
1.583561772261152983e+09 2.078372070665186200e-01 9.444489609431979682e-01 2.545974387798541350e-01 2.534564091643775607e-01 -3.033890693837097419e-01 9.185395589334484079e-01 9.447558119756152006e-01 -1.263773438787464676e-01 -3.024321790554413969e-01 -4.225865201568052565e-01 1.536810695278132188e+00 1.719662310261301119e+00
1.583561772261162043e+09 2.241516515778956553e-01 9.442903452799037423e-01 2.409808731149021277e-01 2.638944935734865438e-01 -2.968467461192688672e-01 9.177372748633799704e-01 9.381448361560575933e-01 -1.421188003876929229e-01 -3.157317108018454221e-01 -4.223769683404494657e-01 1.538870594813255943e+00 1.727619148432544049e+00
1.583561772261171103e+09 2.402473487147169517e-01 9.437286584045490034e-01 2.272827117108955353e-01 2.745929069029803826e-01 -2.906485930772811366e-01 9.165817644457235902e-01 9.310638792071194159e-01 -1.577961182734283208e-01 -3.289687494723502748e-01 -4.220198071107331139e-01 1.540895187513688480e+00 1.735579791119895132e+00
1.583561772261183023e+09 2.561016454177498791e-01 9.427697612178681519e-01 2.135348328696832221e-01 2.855813613315384414e-01 -2.848336040361367227e-01 9.150481430861866494e-01 9.235016153340915857e-01 -1.733637667993533360e-01 -3.421838264328641022e-01 -4.215165096032661984e-01 1.542879095944001522e+00 1.743542778668665916e+00
1.583561772261193037e+09 2.716860488819630715e-01 9.414235785409361679e-01 1.997707108443176893e-01 2.968929251086334653e-01 -2.794426697570170925e-01 9.131080907719402173e-01 9.154459471284152050e-01 -1.887682186701435116e-01 -3.554226747719301249e-01 -4.208685128268261910e-01 1.544816909699362917e+00 1.751506656478530433e+00
1.583561772261204958e+09 2.869653180179653207e-01 9.397051862463212668e-01 1.860243787727114129e-01 3.085621367565293816e-01 -2.745166346909562183e-01 9.107304898442045715e-01 9.068849509533519759e-01 -2.039479848222996439e-01 -3.687341935012708460e-01 -4.200772716733688350e-01 1.546703184952455512e+00 1.759469964512900386e+00
1.583561772261214972e+09 3.018970169974722340e-01 9.376357372406901591e-01 1.723293813552806697e-01 3.206226430872499700e-01 -2.700940359619148357e-01 9.078823341001946989e-01 8.978080597312110278e-01 -2.188342666949418536e-01 -3.821678320287282271e-01 -4.191443138516248168e-01 1.548532451902144391e+00 1.767431229731045494e+00
1.583561772261228085e+09 3.164316622706455640e-01 9.352430905899734581e-01 1.587178783801917181e-01 3.331046700211215406e-01 -2.662087734517800675e-01 9.045298048384511347e-01 8.882073418820455313e-01 -2.333522031899488147e-01 -3.957707257099759568e-01 -4.180712935824085763e-01 1.550299229806768597e+00 1.775388961511019659e+00
1.583561772261238098e+09 3.305135373005687049e-01 9.325620491493173958e-01 1.452199244203441486e-01 3.460325517401131035e-01 -2.628878562779921602e-01 9.006394662968392195e-01 8.780787408014405493e-01 -2.474227148022575262e-01 -4.095848207492687187e-01 -4.168600415826583805e-01 1.551998048707678102e+00 1.783341650029994563e+00
1.583561772261250019e+09 3.440821211903535848e-01 9.296341440638052900e-01 1.318630060671365789e-01 3.594226603643767559e-01 -2.601494675593423178e-01 8.961794495740529332e-01 8.674231063002013631e-01 -2.609647735058956974e-01 -4.236443577829159257e-01 -4.155126087741005669e-01 1.553623476341152942e+00 1.791287767420265187e+00
1.583561772261260033e+09 3.570739751929474237e-01 9.265069714748763730e-01 1.186718515466830826e-01 3.732819781256763725e-01 -2.580015147041059276e-01 8.911205212038587620e-01 8.562468927217670167e-01 -2.738978833615839381e-01 -4.379739814533919473e-01 -4.140313010057274923e-01 1.555170147986360885e+00 1.799225771316890876e+00
1.583561772261271000e+09 3.694248855237562967e-01 9.232331397686153185e-01 1.056684621346542508e-01 3.876074018431395207e-01 -2.564407344680295631e-01 8.854369835485619289e-01 8.445624643806033394e-01 -2.861445781926715282e-01 -4.525875875077370325e-01 -4.124187033811031466e-01 1.556632797010254032e+00 1.807154110265239533e+00
1.583561772261286020e+09 3.810720213119321298e-01 9.198689284595107374e-01 9.287232811310794367e-02 4.023857986238947304e-01 -2.554523903407573959e-01 8.791073571690045663e-01 8.323880008064804548e-01 -2.976327115993527284e-01 -4.674879520748962958e-01 -4.106776933271659713e-01 1.558006283695706706e+00 1.815071230326427587e+00
1.583561772261301994e+09 3.919557763229019054e-01 9.164728246400274392e-01 8.030088047213315705e-02 4.175948461627708719e-01 -2.550106102154262033e-01 8.721147477422427352e-01 8.197470427588404718e-01 -3.082971791362799641e-01 -4.826672098459987570e-01 -4.088114426599754325e-01 1.559285620280536078e+00 1.822975582171870723e+00
1.583561772261318922e+09 4.020211989158883337e-01 9.131040638696251710e-01 6.797002624809099502e-02 4.332043421633979263e-01 -2.550791566601850469e-01 8.644470035010674014e-01 8.066678088272581926e-01 -3.180811102082031772e-01 -4.981078736240976412e-01 -4.068234103280934377e-01 1.560465991063808344e+00 1.830865628053128358e+00
1.583561772261334896e+09 4.112189801156874158e-01 9.098212657409247006e-01 5.589467863181991902e-02 4.491777377575958408e-01 -2.556124724841546403e-01 8.560967374702310728e-01 7.931823942443716469e-01 -3.269365819308027166e-01 -5.137841580780229123e-01 -4.047173282669057071e-01 1.561542767327125381e+00 1.838739848203567284e+00
1.583561772261344910e+09 4.195059620933523914e-01 9.066812472099271547e-01 4.408927337959631099e-02 4.654737572870399909e-01 -2.565569008249296012e-01 8.470612362809792906e-01 7.793259454728459490e-01 -3.348248391098904708e-01 -5.296634762409653252e-01 -4.024971828516321071e-01 1.562511517421357521e+00 1.846596746404355338e+00
1.583561772261357069e+09 4.268452701683465023e-01 9.037380305874853637e-01 3.256820083952704364e-02 4.820479148439621997e-01 -2.578519414760506723e-01 8.373423339144436817e-01 7.651358855585650431e-01 -3.417161814056434710e-01 -5.457079147601112679e-01 -4.001671937820887037e-01 1.563368012371076032e+00 1.854434854536091359e+00
1.583561772261368990e+09 4.332061496080201746e-01 9.010420493001757292e-01 2.134613866469434532e-02 4.988538465039818459e-01 -2.594314707653859187e-01 8.269462811442823691e-01 7.506512319365168384e-01 -3.475896109733773720e-01 -5.618756006193352803e-01 -3.977317917702578587e-01 1.564108227340116342e+00 1.862252736000307163e+00
1.583561772261379004e+09 4.385635469868785496e-01 8.986395591523821391e-01 1.043830838112221396e-02 5.158444439942850845e-01 -2.612248831492827716e-01 8.158836130953596166e-01 7.359120362448088315e-01 -3.524322678712656365e-01 -5.781219349833637278e-01 -3.951955965255650738e-01 1.564728339830538939e+00 1.870048988043977456e+00
1.583561772261389017e+09 4.428975221855999678e-01 8.965722311807919898e-01 -1.393503198400241477e-04 5.329727617332868927e-01 -2.631581106021875227e-01 8.041690395484943910e-01 7.209589588354778922e-01 -3.562387449258067607e-01 -5.944006531997780840e-01 -3.925633959403558304e-01 1.565224725282315488e+00 1.877822243045014883e+00
