1.592830853599212885e+09 3.854690258123141255e-01 -8.877378992576050454e-01 -2.516645759892166545e-01 -8.879437512337098326e-01 -2.827042949233425362e-01 -3.628142516821543651e-01 2.509373045986303952e-01 3.633176423308910330e-01 -8.972350663343339194e-01 -5.700898462145133072e-01 -2.276946678703652416e-01 3.422728153630240078e-01
1.592830853599278927e+09 3.554859559636582289e-01 -9.234884925995242577e-01 -1.442177021123273450e-01 -9.051124729503498001e-01 -3.016145179542867871e-01 -2.996666461553653682e-01 2.332405461976598260e-01 2.370605241493981552e-01 -9.430806751475151462e-01 -5.763061931637872837e-01 -2.420536280994454725e-01 3.424263997863683517e-01
1.592830853599325895e+09 3.038257201110417527e-01 -9.519933454619390334e-01 -3.739797421919204001e-02 -9.273347140664951471e-01 -2.864976819220272364e-01 -2.407683768655085876e-01 2.184954592670077522e-01 1.078320646197528654e-01 -9.698618378300882803e-01 -5.817277430447411746e-01 -2.566864401667754980e-01 3.435813475931067673e-01
1.592830853599342108e+09 2.376601586679648048e-01 -9.690254542283328609e-01 6.713661131180369279e-02 -9.503839765823808294e-01 -2.462569713107561342e-01 -1.900731599398512994e-01 2.007185884043631019e-01 -1.863274244478282937e-02 -9.794717318855700183e-01 -5.863336471887605761e-01 -2.714916976495305168e-01 3.456875989190647536e-01
1.592830853599353075e+09 1.635753056009987549e-01 -9.719088709439244189e-01 1.692225534875917703e-01 -9.707000975496803408e-01 -1.891710375252829701e-01 -1.481743710720955232e-01 1.760239915035342606e-01 -1.400266808921010742e-01 -9.743757424443076909e-01 -5.901123224665664191e-01 -2.863765814773929774e-01 3.486889558648782472e-01
1.592830853599364042e+09 8.734361020954296839e-02 -9.590545351766768256e-01 2.694169613409558295e-01 -9.859194912592401661e-01 -1.219360410103703524e-01 -1.144306069884623162e-01 1.425968301796810556e-01 -2.556286504663390358e-01 -9.562008897324361101e-01 -5.930603658239238518e-01 -3.012574613814006375e-01 3.525249369198085181e-01
1.592830853599375963e+09 1.384904755991370542e-02 -9.296497222062837240e-01 3.681841994845329036e-01 -9.948667962564052836e-01 -4.972537889119061499e-02 -8.813313594337315870e-02 1.002410442889272724e-01 -3.650736739261103425e-01 -9.255662861917810513e-01 -5.951813946870988525e-01 -3.160601099219967902e-01 3.571324448901964099e-01
1.592830853599385977e+09 -5.303649687354056175e-02 -8.835458323333386099e-01 4.653320310784513913e-01 -9.973437221381789008e-01 2.356969606994097424e-02 -6.892005989163273172e-02 4.992629748236626641e-02 -4.677512570191186825e-01 -8.824489395647588941e-01 -5.964848839616326837e-01 -3.307195949654801459e-01 3.624472083629567409e-01
1.592830853599396944e+09 -1.107091800638514700e-01 -8.212420278530278006e-01 5.597365596697986279e-01 -9.938304842777446746e-01 9.525748824272620152e-02 -5.680655591663331255e-02 -6.667166976103405980e-03 -5.625722616232750051e-01 -8.267212371803098758e-01 -5.969850549187621924e-01 -3.451799229146946812e-01 3.684049798613060478e-01
1.592830853599406958e+09 -1.581526367886981754e-01 -7.438839054317616384e-01 6.493261783848739421e-01 -9.850868217169709284e-01 1.639942797402432206e-01 -5.205607765291506150e-02 -6.776209972497429512e-02 -6.478754651916047713e-01 -7.587263566349718991e-01 -5.966998540519322658e-01 -3.593935034783080074e-01 3.749424934934860731e-01
1.592830853599419117e+09 -1.960511450970854885e-01 -6.532628086844928239e-01 7.313081829949003021e-01 -9.716204906488244974e-01 2.300729165268365073e-01 -5.495525962766046463e-02 -1.323539781910813007e-01 -7.213280548051891339e-01 -6.798295864530399246e-01 -5.956500444772389047e-01 -3.733204995830818329e-01 3.819981986883450031e-01
1.592830853599428892e+09 -2.237955039201238172e-01 -5.509651970889043460e-01 8.039607771784988977e-01 -9.541458509613741645e-01 2.921066105682956215e-01 -6.541734085139794264e-02 -1.987995782289657121e-01 -7.817359440551630012e-01 -5.910733002573562711e-01 -5.942129488307237306e-01 -3.870873904326976866e-01 3.892957166828149851e-01
1.592830853599438906e+09 -2.412665127693773559e-01 -4.388828276808907081e-01 8.655474225035060254e-01 -9.333745796571940589e-01 3.491418204500401634e-01 -8.313776874056041932e-02 -2.657110621823891572e-01 -8.279383184216020375e-01 -4.938783019449941025e-01 -5.924039852549397578e-01 -4.006939578076417763e-01 3.968080579619732706e-01
1.592830853599448919e+09 -2.485706544237955007e-01 -3.190816459557577200e-01 9.145488178293292858e-01 -9.100262709490057889e-01 4.003239773435796067e-01 -1.076703518849765340e-01 -3.317601853274221302e-01 -8.590271372087258106e-01 -3.898814714492720435e-01 -5.902375271578276239e-01 -4.141411218465666511e-01 4.045104300034657041e-01
1.592830853599459887e+09 -2.460192417970196443e-01 -1.937646081880504689e-01 9.496998560065617045e-01 -8.848109480476799016e-01 4.449101683857557554e-01 -1.384360271406799847e-01 -3.957071182617462601e-01 -8.743627533941191743e-01 -2.809015073704539955e-01 -5.877268266996293899e-01 -4.274306234413242089e-01 4.123801076978791946e-01
1.592830853599469900e+09 -2.341023834387727931e-01 -6.523267059953669067e-02 9.700210203775334605e-01 -8.584138356696521255e-01 4.822794526931990511e-01 -1.747347176992447848e-01 -4.564227922725791475e-01 -8.735852756441132572e-01 -1.688993951465039278e-01 -5.848839775947907160e-01 -4.405647625623621555e-01 4.203962723018609959e-01
1.592830853599481106e+09 -2.134598494381768075e-01 6.415571427786664893e-02 9.748430356846484734e-01 -8.314835092549075490e-01 5.119401888683876578e-01 -2.157601033256952849e-01 -5.129035688839386209e-01 -8.566220244632535286e-01 -5.593425640472775295e-02 -5.817199113155885337e-01 -4.535461888389581975e-01 4.285398312810741461e-01
1.592830853599492073e+09 -1.848517319958043748e-01 1.920259524587663025e-01 9.638235720192717126e-01 -8.046235088356010756e-01 5.335352569237253872e-01 -2.606168528261187389e-01 -5.642790538614300688e-01 -8.236905781445872377e-01 5.588367971097801812e-02 -5.782444189288165060e-01 -4.663777382093700075e-01 4.367932299668290108e-01
1.592830853599503040e+09 -1.491311819084770451e-01 3.160294690983019850e-01 9.369553204201145347e-01 -7.783881027358955373e-01 5.468440622845188726e-01 -3.083399720956552237e-01 -6.098129684514106419e-01 -7.752979759169237317e-01 1.644420775122787670e-01 -5.744661929444113690e-01 -4.790623094642277868e-01 4.451402627889228802e-01
1.592830853599513054e+09 -1.072220774148189698e-01 4.338865447863055613e-01 8.945646424869391211e-01 -7.532823455072720220e-01 5.517807909957079815e-01 -3.579157330486952837e-01 -6.488984037838648744e-01 -7.122362179723773501e-01 2.676759910490867922e-01 -5.703928863139861027e-01 -4.916027754595381216e-01 4.535658893031350725e-01
1.592830853599524021e+09 -6.010386820311805489e-02 5.434293702877223131e-01 8.373004548877572839e-01 -7.297654018027076583e-01 5.483893109667292709e-01 -4.083033520285372364e-01 -6.810506498970850808e-01 -6.355735114299478905e-01 3.636156331242081374e-01 -5.660311847476298119e-01 -5.040019232902200885e-01 4.620560594404787835e-01
1.592830853599534035e+09 -8.803745920422177684e-03 6.426443535579494659e-01 7.661140490275499815e-01 -7.082549158223825359e-01 5.368358800802711661e-01 -4.584563418695847825e-01 -7.059018859931299739e-01 -5.466401724290698150e-01 4.504298547465672153e-01 -5.613868858018437047e-01 -5.162624165067402071e-01 4.705975516890299470e-01
1.592830853599545002e+09 4.560608952546895550e-02 7.297124052853852794e-01 6.822315570173705934e-01 -6.891300440998260335e-01 5.174005643838519575e-01 -5.073425308633353614e-01 -7.232011278500246609e-01 -4.470083524008877651e-01 5.264633571002358403e-01 -5.564649795071814342e-01 -5.283867733633670349e-01 4.791778259085461289e-01
1.592830853599555016e+09 1.020092906819965867e-01 8.030460354230269937e-01 5.871210921312974840e-01 -6.727317063619019377e-01 4.904671714303783236e-01 -5.539621018924115736e-01 -7.328206877026085531e-01 -3.384656917514712871e-01 5.902667363076021800e-01 -5.512697271026342216e-01 -5.403773563836723470e-01 4.877848908977703846e-01
1.592830853599566936e+09 1.592474521883912864e-01 8.613222273124324646e-01 4.824565026285679847e-01 -6.593594044485487915e-01 4.565110258006948585e-01 -5.973632600153975236e-01 -7.347689631857012849e-01 -2.229836541351420676e-01 6.406191267332745909e-01 -5.458047392776503859e-01 -5.522363713947063824e-01 4.964071856899664459e-01
1.592830853599577904e+09 2.161272017226810727e-01 9.035097112187571167e-01 3.700800475957257141e-01 -6.492638394305884075e-01 4.160850835425474181e-01 -6.366550678270090913e-01 -7.292088206389292226e-01 -1.026811138242234439e-01 6.765434868322606210e-01 -5.400730541515432748e-01 -5.639658740691088079e-01 5.050334739455958344e-01
1.592830853599589109e+09 2.714361565808834365e-01 9.288893197018996961e-01 2.519663705018447830e-01 -6.426351207494316320e-01 3.698052937222642278e-01 -6.710172513750480849e-01 -7.164792524587622058e-01 2.021590485005111959e-02 6.973154256118111460e-01 -5.340772144666562360e-01 -5.755677820214606388e-01 5.136527508747434911e-01
1.592830853599598885e+09 3.239712536440421675e-01 9.370662865007678421e-01 1.301898949054848542e-01 -6.395870916930490591e-01 3.183367428049401204e-01 -6.997071356278565801e-01 -6.971161910347078994e-01 1.434172212943218561e-01 7.024674523723006825e-01 -5.278193449211472377e-01 -5.870438915341452679e-01 5.222541621338047113e-01
1.592830853599608898e+09 3.725787309937400038e-01 9.279749700823576308e-01 6.895747332557169984e-03 -6.401400645255197475e-01 2.623796508143192430e-01 -7.220648322390381679e-01 -6.718673916715660610e-01 2.646117539456173118e-01 6.917910323871110378e-01 -5.213012309821063450e-01 -5.983958984631063682e-01 5.308269344861974437e-01
1.592830853599618912e+09 4.162051711257994113e-01 9.018762503372653727e-01 -1.157259341084395793e-01 -6.442036725785081908e-01 2.026564076981648421e-01 -7.375174669008243145e-01 -6.416968824177221586e-01 3.815096540595176999e-01 6.653386354058491436e-01 -5.145244009739408098e-01 -6.096254233183165949e-01 5.393603185165984915e-01
1.592830853599633932e+09 4.539574115492847062e-01 8.593483552797559488e-01 -2.354635428192318469e-01 -6.515620100585644003e-01 1.399009885470371417e-01 -7.455834398513528916e-01 -6.077743173576792834e-01 4.918822260758838327e-01 6.234278303380387243e-01 -5.074902131372692748e-01 -6.207340406512642517e-01 5.478435442516850218e-01
1.592830853599644899e+09 4.851672386310102447e-01 8.012722910660372566e-01 -3.501078024672923394e-01 -6.618636766375491920e-01 7.485214196784110985e-02 -7.458777619149284943e-01 -5.714448613352641759e-01 5.935990894631104631e-01 5.666488297447027644e-01 -5.001999481678595094e-01 -6.317233124737973160e-01 5.562657908599467627e-01
1.592830853599653959e+09 5.094539466616337942e-01 7.288136106906490941e-01 -4.574794031674835337e-01 -6.746195981903820860e-01 8.250625285342566562e-03 -7.381194552702287082e-01 -5.341770114349825294e-01 6.846624384004496022e-01 4.958752572037602446e-01 -4.926549061620678627e-01 -6.425948248250825667e-01 5.646161714962417699e-01
1.592830853599664927e+09 5.267766025594144974e-01 6.434019554875108904e-01 -5.554640779477466594e-01 -6.892111931573947636e-01 -5.915934930752386051e-02 -7.221413351585973528e-01 -4.974880379687336429e-01 7.632392163863506163e-01 4.122760670435814401e-01 -4.848565058965069174e-01 -6.533502262659567350e-01 5.728837339900051395e-01
1.592830853599675894e+09 5.374662204945572785e-01 5.467098090919417785e-01 -6.420579831210582178e-01 -7.049103665133183982e-01 -1.266265742003782058e-01 -6.979019209150424397e-01 -4.628514262818581582e-01 8.276920330352031119e-01 3.173239046272060548e-01 -4.768063827286483924e-01 -6.639912664360245742e-01 5.810574771671592753e-01
1.592830853599684954e+09 5.422302914120094020e-01 4.406305590560720686e-01 -7.154236707858590005e-01 -7.209113450952847613e-01 -1.933888785626620144e-01 -6.654979936031019117e-01 -4.315937319632754954e-01 8.766102087558542699e-01 2.127942603642870023e-01 -4.685064807388087949e-01 -6.745198326056048854e-01 5.891263815424017114e-01
1.592830853599695921e+09 5.421247069709742572e-01 3.272552213491674022e-01 -7.739540228016619228e-01 -7.363724301579009923e-01 -2.586714878011989738e-01 -6.251757439557557028e-01 -4.047918627321339113e-01 9.088416184004762810e-01 1.007495178053289947e-01 -4.599591344539324944e-01 -6.849379821065902929e-01 5.970794519499060815e-01
1.592830853599705935e+09 5.384929139767692385e-01 2.088462364148074846e-01 -8.163385562079686908e-01 -7.504641253310319060e-01 -3.216898438659581694e-01 -5.773380693087853954e-01 -3.831827033718863129e-01 9.235252565878122599e-01 -1.649609317330442970e-02 -4.511671351090611459e-01 -6.952479684036892982e-01 6.049057682301755001e-01
1.592830853599730968e+09 5.328768115111134351e-01 8.780626557343271243e-02 -8.416248396401627696e-01 -7.624192832522078689e-01 -3.816578931781124395e-01 -5.225457821364606348e-01 -3.670955546899089539e-01 9.201235339985429640e-01 -1.364314506185942133e-01 -4.421337786561246319e-01 -7.054522596030309289e-01 6.125945398328973557e-01
1.592830853599740982e+09 5.269075928093303052e-01 -3.335970322268028143e-02 -8.492676410062404146e-01 -7.715805039368677232e-01 -4.378022227680257172e-01 -4.615113704043232734e-01 -3.564153764704572902e-01 8.984521964681276840e-01 -2.564210110072356885e-01 -4.328628936568949537e-01 -7.155535486030737413e-01 6.201351597221668177e-01
1.592830853599750996e+09 5.221878226863165828e-01 -1.520893215826681355e-01 -8.391595338898204526e-01 -7.774396448421845296e-01 -4.893823998852381840e-01 -3.950853966407693041e-01 -3.505816345234062936e-01 8.587046699874903988e-01 -3.737897966578621056e-01 -4.233588492057904773e-01 -7.255547549596940149e-01 6.275172533906104855e-01
1.592830853599761009e+09 5.201760410324490769e-01 -2.658150905043123458e-01 -8.116398408256738639e-01 -7.796668493428323687e-01 -5.357150494863016643e-01 -3.242360176141476091e-01 -3.486208490171881502e-01 8.014684826516854654e-01 -4.859133459326815396e-01 -4.136265456643818950e-01 -7.354590196616117570e-01 6.347307203059245895e-01
1.592830853599771976e+09 5.220832494042324523e-01 -3.720228337629756243e-01 -7.674816604128182895e-01 -7.781276910062480123e-01 -5.761994352717473289e-01 -2.500230241605275738e-01 -3.492082232461299895e-01 7.277315626048238562e-01 -5.903053399851438954e-01 -4.036713924486948213e-01 -7.452696946138919198e-01 6.417657667079844641e-01
1.592830853599781990e+09 5.287887267250676038e-01 -4.683142909450603852e-01 -7.078588945578349056e-01 -7.728877641491389561e-01 -6.103429165937714895e-01 -1.735685268731761988e-01 -3.507520385320342937e-01 6.388765564168854549e-01 -6.846968365163360604e-01 -3.934992773041759984e-01 -7.549903286849224404e-01 6.486129298570648682e-01
1.592830853599792004e+09 5.407793729195801147e-01 -5.524715914779407822e-01 -6.342971051913053326e-01 -7.642057254844103475e-01 -6.377841350952738741e-01 -9.602609794316645242e-02 -3.514929373554543934e-01 5.366624105971620207e-01 -7.671024552497739402e-01 -3.831165303605512662e-01 -7.646246516704892082e-01 6.552630939874364291e-01
1.592830853599802017e+09 5.581145511899635592e-01 -6.225209336025541162e-01 -5.486126522385013082e-01 -7.525161299579445906e-01 -6.583125164078799108e-01 -1.855020815014848945e-02 -3.496106806216470742e-01 4.231930095497217770e-01 -8.358708354001063157e-01 -3.725298854478354404e-01 -7.741765571794274603e-01 6.617074983111040920e-01
1.592830853599812984e+09 5.804167437963050347e-01 -6.767925597579854680e-01 -4.528446110937625058e-01 -7.384036131844134987e-01 -6.718832422788808545e-01 5.773229693674954144e-02 -3.433314924885373376e-01 3.008733042470304597e-01 -8.897183519889995118e-01 -3.617464414533486661e-01 -7.836500855616972405e-01 6.679377384392748418e-01
1.592830853599822998e+09 6.068863571579459215e-01 -7.139745292196383319e-01 -3.491838030904164669e-01 -7.225705221251027544e-01 -6.786268707657525656e-01 1.317475470705637142e-01 -3.310299024697158643e-01 1.723541335006044950e-01 -9.277463344821688107e-01 -3.507736254253185360e-01 -7.930494075516995034e-01 6.739457623232039118e-01
