1.586177205348917007e+09 8.805460850445089305e-01 -4.738129670706018870e-01 1.182643331024439172e-02 -6.508873179164208211e-02 -1.456031886803834385e-01 -9.871996600604663330e-01 4.694699663478636986e-01 8.685050281971418151e-01 -1.590502028781394517e-01 4.588814605182192641e-02 -8.121296845353679350e-01 2.660640646075636551e-01
1.586177205348967075e+09 8.810020450347512133e-01 -4.726945436896001773e-01 1.988127729719639872e-02 -7.513173700177293302e-02 -1.812713518287358272e-01 -9.805589831748685592e-01 4.671087870474103787e-01 8.623807544771645572e-01 -1.952147937848599524e-01 3.603404473971035665e-02 -8.217138163802903961e-01 2.637216997041461064e-01
1.586177205348983049e+09 8.818220847457913791e-01 -4.708244360407099482e-01 2.672379947101046621e-02 -8.605899193467111963e-02 -2.163818054275018221e-01 -9.725084907449434990e-01 4.636633056004733078e-01 8.552796414191530250e-01 -2.313289310822531919e-01 2.566368194139651351e-02 -8.308551620521825720e-01 2.618949692687061459e-01
1.586177205348994970e+09 8.829484474113351578e-01 -4.683599406690898137e-01 3.226461481294632533e-02 -9.786469070245462643e-02 -2.508381495134717198e-01 -9.630694291937591522e-01 4.591563369147547147e-01 8.471830906267574512e-01 -2.673130553675097110e-01 1.480605800607042062e-02 -8.395047894718696835e-01 2.605753035734602041e-01
1.586177205349004984e+09 8.843150462148010593e-01 -4.654654463134417774e-01 3.645294926757471771e-02 -1.105234138185845066e-01 -2.845548941125952136e-01 -9.522673404161006161e-01 4.536204076568604582e-01 8.380754326695815104e-01 -3.030810044485524601e-01 3.496299052940287158e-03 -8.476199108643913682e-01 2.597508480142852738e-01
1.586177205349014997e+09 8.858517171327071615e-01 -4.623034403555291716e-01 3.927167531135694611e-02 -1.239950678124490113e-01 -3.174576295014100435e-01 -9.401307765541563333e-01 4.470927852544844816e-01 8.279469686086424751e-01 -3.385437326152291870e-01 -8.225558801509111687e-03 -8.551647971850397933e-01 2.594068876950283431e-01
1.586177205349026918e+09 8.874874654241945438e-01 -4.590283096608186453e-01 4.073094463623309208e-02 -1.382297303141185596e-01 -3.494819824788082951e-01 -9.266902859008305793e-01 4.396118067100365789e-01 8.167957854795335759e-01 -3.736122382586412605e-01 -2.031589107027984703e-02 -8.621113912741630303e-01 2.595263280767338698e-01
1.586177205349039078e+09 8.891526686218207409e-01 -4.557826907722416498e-01 4.086160661979648667e-02 -1.531719033240108996e-01 -3.805718948493270748e-01 -9.119777416662330216e-01 4.312144479881375170e-01 8.046285925639864445e-01 -4.081996181199191720e-01 -3.272883804592506551e-02 -8.684396104503100400e-01 2.600902066993782125e-01
1.586177205349049091e+09 8.907803628280814845e-01 -4.526958332817646591e-01 3.970929315159921202e-02 -1.687638584545404219e-01 -4.106777135544606994e-01 -8.960259907435276228e-01 4.219349541450882479e-01 7.914608634993561820e-01 -4.422223381787845353e-01 -4.541762018539701601e-02 -8.741373489989536782e-01 2.610782111048879917e-01
1.586177205349059105e+09 8.923068399835532016e-01 -4.498833159295240747e-01 3.732968803204204239e-02 -1.849479299990978709e-01 -4.397544695979954121e-01 -8.788687445113544383e-01 4.118042821113901408e-01 7.773165435342772600e-01 -4.756009091179201342e-01 -5.833575563806216169e-02 -8.792002091957967780e-01 2.624691792337346397e-01
1.586177205349070072e+09 8.936718189473746854e-01 -4.474474757558270510e-01 3.378515503556731719e-02 -2.016677618899153923e-01 -4.677605862838167816e-01 -8.605406138905137281e-01 4.008500893018384081e-01 7.622275189817970809e-01 -5.082601849296358720e-01 -7.143813379489874493e-02 -8.836310002962197707e-01 2.642415635330166435e-01
1.586177205349080086e+09 8.948329522329441232e-01 -4.454422547277942512e-01 2.924355557794568877e-02 -2.187779877548450269e-01 -4.947119080316027540e-01 -8.410685587673586427e-01 3.891146102807391260e-01 7.462180151186658117e-01 -5.401374772681233338e-01 -8.468578532776317724e-02 -8.874164582480141839e-01 2.663899597262733288e-01
1.586177205349088907e+09 8.957415860946585928e-01 -4.439394419033881323e-01 2.376516578695539450e-02 -2.362324949144815334e-01 -5.205716455031556000e-01 -8.204872763583517248e-01 3.766181349211192297e-01 7.293304697820960358e-01 -5.711705933143881309e-01 -9.803464486218901874e-02 -8.905736209602788112e-01 2.688971178748994495e-01
1.586177205349098921e+09 8.963520157996182069e-01 -4.430009759974677386e-01 1.741261838437522386e-02 -2.539859200425915731e-01 -5.453048072234213395e-01 -7.988327860450368245e-01 3.633788882958085553e-01 7.116128180516382296e-01 -6.013010735868128398e-01 -1.114445642902378852e-01 -8.931239877733216925e-01 2.717458472926446156e-01
1.586177205349108934e+09 8.966215794156667807e-01 -4.426789660171891461e-01 1.025068845762432991e-02 -2.719928015850522351e-01 -5.688786421856620867e-01 -7.761423882073711367e-01 3.494133075341796513e-01 6.931179003901606350e-01 -6.304743587552990025e-01 -1.248795778371849380e-01 -8.950925781140831594e-01 2.749192732499646796e-01
1.586177205349118948e+09 8.965108263203209749e-01 -4.430156143935056190e-01 2.346046834123215880e-03 -2.902067906724067892e-01 -5.912631852743306382e-01 -7.524545599623967407e-01 3.347362502196332135e-01 6.739028204959686130e-01 -6.586399864019968353e-01 -1.383079870125061006e-01 -8.965070071082906766e-01 2.784010525196967123e-01
1.586177205349128008e+09 8.959837252757015813e-01 -4.440431431695786579e-01 -6.233080049636465295e-03 -3.085799890470078410e-01 -6.124318364186751573e-01 -7.278087911820847467e-01 3.193611665140261846e-01 6.540282356855195989e-01 -6.857517864504854010e-01 -1.517022903437695858e-01 -8.973966145390540605e-01 2.821755466754166108e-01
1.586177205349138021e+09 8.950079180611052454e-01 -4.457837317165072033e-01 -1.541724315755179861e-02 -3.270623356042412500e-01 -6.323620012844286542e-01 -7.022453477111689768e-01 3.033002728600550646e-01 6.335575460815126014e-01 -7.117680666181459559e-01 -1.650389873378263206e-01 -8.977916749430502330e-01 2.862279545778816381e-01
1.586177205349148989e+09 8.935549494465897524e-01 -4.482496205510945742e-01 -2.513623354940682647e-02 -3.456012123838664296e-01 -6.510356468366896854e-01 -6.758049932991502251e-01 2.865647476611151712e-01 6.125560093179225341e-01 -7.366517367233771374e-01 -1.782982881896357785e-01 -8.977227098935729455e-01 2.905444061280501034e-01
1.586177205349158049e+09 8.916004197812786858e-01 -4.514434754613473322e-01 -3.531968503505622525e-02 -3.641413313620550651e-01 -6.684396844818366601e-01 -6.485287036246140113e-01 2.691649726980335777e-01 5.910898214318638377e-01 -7.603703313802158137e-01 -1.914637603221325812e-01 -8.972199134984525370e-01 2.951120213214605270e-01
1.586177205349168062e+09 8.891240692383139965e-01 -4.553589711946206542e-01 -4.589768071946961209e-02 -3.826248020893056601e-01 -6.845662123681519606e-01 -6.204573813980873709e-01 2.511108333371878110e-01 5.692251826500683842e-01 -7.828959325407461867e-01 -2.045219397397390615e-01 -8.963126925774788090e-01 2.999189402660144554e-01
1.586177205349176884e+09 8.861098113013732291e-01 -4.599815406119860950e-01 -5.680127510378943367e-02 -4.009913085882804151e-01 -6.994126419380062298e-01 -5.916315805932662597e-01 2.324120759527089630e-01 5.470273657865164507e-01 -8.042050039655076477e-01 -2.174619304982632617e-01 -8.950293160561568762e-01 3.049543303318395515e-01
1.586177205349185944e+09 8.825457348350403963e-01 -4.652892355726968576e-01 -6.796288271109436618e-02 -4.191783488272461389e-01 -7.129817260861578410e-01 -5.620912475417103593e-01 2.130787133905053254e-01 5.245598019791818389e-01 -8.242781547624282723e-01 -2.302750107221338272e-01 -8.933966645477141588e-01 3.102083757703233968e-01
1.586177205349200010e+09 8.784240896158995726e-01 -4.712536568512116220e-01 -7.931651737555439619e-02 -4.371215143783809820e-01 -7.252814952374263546e-01 -5.318754880186186140e-01 1.931214663264779474e-01 5.018831974620743264e-01 -8.430998491995480570e-01 -2.429542583244963250e-01 -8.914400674371809608e-01 3.156722550905411429e-01
1.586177205349210978e+09 8.737412601787573063e-01 -4.778409283140236385e-01 -9.079789496996798492e-02 -4.547548123363350792e-01 -7.363250928373926696e-01 -5.010223734887290226e-01 1.725522275406974615e-01 4.790546996004890756e-01 -8.606580760863014046e-01 -2.554942055656225230e-01 -8.891832150197510609e-01 3.213381098006831138e-01
1.586177205349220037e+09 8.684977331930021638e-01 -4.850126893452171850e-01 -1.023444129128936037e-01 -4.720110273649113508e-01 -7.461305082260840660e-01 -4.695687970484581641e-01 1.513845362009424433e-01 4.561271272251990472e-01 -8.769439927268204427e-01 -2.678905291215499251e-01 -8.866481351889367035e-01 3.271990057892461556e-01
1.586177205349230051e+09 8.626979707551721832e-01 -4.927272076608924523e-01 -1.138951725375392937e-01 -4.888222864940550139e-01 -7.547200663311437463e-01 -4.375504475202459664e-01 1.296340379806028564e-01 4.331483817688901450e-01 -8.919515098585687474e-01 -2.801397797145513957e-01 -8.838552238729311394e-01 3.332488880634112416e-01
1.586177205349240065e+09 8.563500992406497536e-01 -5.009406739292576738e-01 -1.253911838032420734e-01 -5.051209406497921828e-01 -7.621195698630424120e-01 -4.050019715633120798e-01 1.073188854513220103e-01 4.101611911859109338e-01 -9.056767935867551245e-01 -2.922391519826922912e-01 -8.808233167166782396e-01 3.394825305742684152e-01
1.586177205349250078e+09 8.494655089803554437e-01 -5.096084654317170060e-01 -1.367755872033603326e-01 -5.208405224745288331e-01 -7.683573044101505989e-01 -3.719572600842149246e-01 8.446004696654887955e-02 3.872031314937121604e-01 -9.181177679355827514e-01 -3.041862923065123403e-01 -8.775697892928854271e-01 3.458954836090123441e-01
1.586177205349258900e+09 8.420582140578668495e-01 -5.186865062522877379e-01 -1.479941641120314233e-01 -5.359169906965464136e-01 -7.734627405224416830e-01 -3.384499498117869987e-01 6.108145019844069684e-02 3.643071472981297410e-01 -9.292735653403142448e-01 -3.159791416190618762e-01 -8.741106761986260354e-01 3.524840199360553261e-01
1.586177205349268913e+09 8.341438802777318973e-01 -5.281327168722328436e-01 -1.589962911709281168e-01 -5.502902993228823147e-01 -7.774649199839481772e-01 -3.045141787943785872e-01 3.720986172786358570e-02 3.415027553024075346e-01 -9.391439158521989183e-01 -3.276158106555732141e-01 -8.704608024632782826e-01 3.592450793715840640e-01
1.586177205349278927e+09 8.257385596441758624e-01 -5.379083766445093007e-01 -1.697362945694828873e-01 -5.639060920236698138e-01 -7.803907361802132625e-01 -2.701855264147701163e-01 1.287442598246073960e-02 3.188179379108473377e-01 -9.477285328579286849e-01 -3.390944841493753747e-01 -8.666339208828905960e-01 3.661762121384773971e-01
1.586177205349288940e+09 8.168573042425558706e-01 -5.479791288934703353e-01 -1.801749678631448248e-01 -5.767171528561374494e-01 -7.822634789566218494e-01 -2.355019649886659350e-01 -1.189413559938797688e-02 2.962814946971805141e-01 -9.550265995298208299e-01 -3.504133485444945184e-01 -8.626428483035282202e-01 3.732755232114609023e-01
1.586177205349298000e+09 8.075128326400229373e-01 -5.583154604130462495e-01 -1.902810343339606525e-01 -5.886843308560317789e-01 -7.831019343319692849e-01 -2.005046619693510723e-01 -3.706459343267314022e-02 2.739255508702123088e-01 -9.610364243176562349e-01 -3.615705380112337886e-01 -8.584995961093369043e-01 3.805416193915511780e-01
1.586177205349308014e+09 7.977142838240289802e-01 -5.688926936528557743e-01 -2.000325591829042460e-01 -5.997769175208534920e-01 -7.829200824723980823e-01 -1.652385974641709665e-01 -6.260647696355996217e-02 2.517881011446823636e-01 -9.657552389375432256e-01 -3.725640943656052251e-01 -8.542154923301628067e-01 3.879735601025715019e-01
1.586177205349318027e+09 7.874660146910741343e-01 -5.796906029098611857e-01 -2.094184348291868447e-01 -6.099725664475318387e-01 -7.817273283293888486e-01 -1.297530452272193935e-01 -8.849149257870542185e-02 2.299156135348330576e-01 -9.691790684725082317e-01 -3.833919394858051333e-01 -8.498012959607236239e-01 3.955708102435416262e-01
1.586177205349328041e+09 7.767665395332614686e-01 -5.906926381067415521e-01 -2.184398099929772130e-01 -6.192566603924418711e-01 -7.795293601613498824e-01 -9.410188960571401473e-02 -1.146949519255850702e-01 2.083655063507192651e-01 -9.713026738031460550e-01 -3.940518585740527269e-01 -8.452673034119148054e-01 4.033331942741545384e-01
1.586177205349337101e+09 7.656077501929020590e-01 -6.018847477105211397e-01 -2.271112581087808002e-01 -6.276210475638980268e-01 -7.763297157986641661e-01 -5.834375239980983674e-02 -1.411970037946555789e-01 1.872082347091341137e-01 -9.721195828434103792e-01 -4.045414924363254783e-01 -8.406234467565715240e-01 4.112608513075601824e-01
1.586177205349347115e+09 7.539746171569977617e-01 -6.132538032099775771e-01 -2.354613551587706188e-01 -6.350620926251557830e-01 -7.721321146423530957e-01 -2.254188257036304766e-02 -1.679833788794657390e-01 1.665285881927347778e-01 -9.716222589596827941e-01 -4.148583381205585563e-01 -8.358793841624070353e-01 4.193541902025684776e-01
1.586177205349356890e+09 7.418452104304023020e-01 -6.247858584194366793e-01 -2.435329856966156337e-01 -6.415784347388010511e-01 -7.669432322090142806e-01 1.323597628548195751e-02 -1.950456260230136185e-01 1.464264661335100970e-01 -9.698022964275178071e-01 -4.249997578617248362e-01 -8.310445829054713407e-01 4.276138434445846959e-01
1.586177205349365950e+09 7.291911387526371913e-01 -6.364642711336021552e-01 -2.513832034499378643e-01 -6.471685434715399587e-01 -7.607758752708397854e-01 4.891773061112678067e-02 -2.223806644054800441e-01 1.270169259195833011e-01 -9.666506819941010908e-01 -4.349629969409955499e-01 -8.261283952384478324e-01 4.360406183383785383e-01
1.586177205349375963e+09 7.159785084320459125e-01 -6.482677424678564559e-01 -2.590824381944861754e-01 -6.518282216413725516e-01 -7.536524614740160999e-01 8.442711180262035819e-02 -2.499894904505361448e-01 1.084292473497070891e-01 -9.621581748104630627e-01 -4.447452113705750443e-01 -8.211401269646245726e-01 4.446354440911614025e-01
1.586177205349386930e+09 7.021694954246939790e-01 -6.601683739395579620e-01 -2.667128005679115788e-01 -6.555482654110469376e-01 -7.456086273651268970e-01 1.196839460269783495e-01 -2.778749211722251200e-01 9.080469776881014421e-02 -9.563158659239053838e-01 -4.543435058169604801e-01 -8.160890978544629304e-01 4.533993141202757315e-01
1.586177205349395990e+09 6.877244756272434811e-01 -6.721299228938343306e-01 -2.743654727105969138e-01 -6.583126204177630614e-01 -7.366966326924433428e-01 1.546045458569798026e-01 -3.060384613591073388e-01 7.429292305209506120e-02 -9.491159160631907898e-01 -4.637549812452182452e-01 -8.109846924849734018e-01 4.623332239768531693e-01
1.586177205349405050e+09 6.726046470531817922e-01 -6.841064516275722207e-01 -2.821371153282479782e-01 -6.600973226854387477e-01 -7.269881931469954761e-01 1.891023321635997290e-01 -3.344764771387607194e-01 5.904684706839265218e-02 -9.405524740615326396e-01 -4.729767910921752194e-01 -8.058363999796347432e-01 4.714381060004740331e-01
1.586177205349415064e+09 6.567748219749465211e-01 -6.960415835886677449e-01 -2.901257440781584984e-01 -6.608705453001638697e-01 -7.165762888100197792e-01 2.230886485038026390e-01 -3.631762051559346283e-01 4.521655128345281049e-02 -9.306226452594571485e-01 -4.820062034766058878e-01 -8.006538411684330780e-01 4.807147630167763475e-01
1.586177205349423885e+09 6.402061506075837904e-01 -7.078684964126616963e-01 -2.984263338789749920e-01 -6.605938206442429905e-01 -7.055756410973340609e-01 2.564738178412324099e-01 -3.921120876375853159e-01 3.294247642337524984e-02 -9.193274195555868333e-01 -4.908406661912034230e-01 -7.954467822581733349e-01 4.901638039885899412e-01
1.586177205349433899e+09 6.228784484325465831e-01 -7.195106911454299814e-01 -3.071266905487656240e-01 -6.592243610732277936e-01 -6.941216774249217014e-01 2.891683577394617011e-01 -4.212430185413983397e-01 2.234865834049301961e-02 -9.066724089612823168e-01 -4.994778706323728112e-01 -7.902251349223126109e-01 4.997855848933197009e-01
1.586177205349443913e+09 6.047819041366343518e-01 -7.308834563131894058e-01 -3.163040024380044390e-01 -6.567181826069916628e-01 -6.823680332508423874e-01 3.210842510184466758e-01 -4.505109071813198640e-01 1.353664491473093381e-02 -8.926682934473815223e-01 -5.079158100362485273e-01 -7.849989437052677932e-01 5.095801585551185120e-01
1.586177205349456072e+09 5.859180823611341848e-01 -7.418958734936212940e-01 -3.260222598184607246e-01 -6.530336121188539122e-01 -6.704828183507958173e-01 3.521361841116384395e-01 -4.798407054795731375e-01 6.580536239068587520e-03 -8.773309491171593644e-01 -5.161528286732727233e-01 -7.797783628044753224e-01 5.195472357730543944e-01
1.586177205349468946e+09 5.663002064129368796e-01 -7.524531521405438683e-01 -3.363306859211221966e-01 -6.481347440808024052e-01 -6.586440107985672698e-01 3.822426205642421304e-01 -5.091418566218142150e-01 1.523528125464548161e-03 -8.606812703137478593e-01 -5.241876590187951601e-01 -7.745736250553076907e-01 5.296861595580248938e-01
1.586177205349478960e+09 5.459527427585735282e-01 -7.624589602236455654e-01 -3.472634977805989509e-01 -6.419944432614768104e-01 -6.470345418060706733e-01 4.113264360000755682e-01 -5.383110048384658342e-01 -1.623559974673977925e-03 -8.427446982888434635e-01 -5.320194452847225586e-01 -7.693950064592548488e-01 5.399958929472783442e-01
1.586177205349488020e+09 5.249105448812575458e-01 -7.718175861125398107e-01 -3.588405410229192904e-01 -6.345966180275657287e-01 -6.358374848107505306e-01 4.393151781111642729e-01 -5.672354473202194658e-01 -2.882175765757299425e-03 -8.235506303424396934e-01 -5.396477538753277070e-01 -7.642527895132396054e-01 5.504750189681969497e-01
1.586177205349498034e+09 5.032177510383399888e-01 -7.804358350333893135e-01 -3.710684609036443149e-01 -6.259376637239643104e-01 -6.252316338580836685e-01 4.661410146900465401e-01 -5.957968920774473487e-01 -2.304707571972560917e-03 -8.031318397903336459e-01 -5.470725728281130573e-01 -7.591572279556924041e-01 5.611217501645270334e-01
1.586177205349507093e+09 4.809265730803616856e-01 -7.882245534022239708e-01 -3.839422937900851540e-01 -6.160270790423199028e-01 -6.153877256616059332e-01 4.917403638231795937e-01 -6.238752035704840937e-01 2.784175319526377423e-05 -7.815239791368321365e-01 -5.542943028784389492e-01 -7.541185146941687956e-01 5.719339448068402332e-01
1.586177205349517107e+09 4.580961099899777400e-01 -7.950998183394859531e-01 -3.974471450775745596e-01 -6.048873661246689792e-01 -6.064653405410916909e-01 5.160533552322550399e-01 -6.513518471253756381e-01 4.008722188166925771e-03 -7.587652481261402126e-01 -5.613137421622936829e-01 -7.491467540765469613e-01 5.829091276178836045e-01
1.586177205349525928e+09 4.347912510373890260e-01 -8.009838235509608717e-01 -4.115598166400278868e-01 -5.925533550165928975e-01 -5.986104757451037317e-01 5.390232093408685587e-01 -6.781128887720756504e-01 9.508574619806109754e-03 -7.348962494536447343e-01 -5.681320661260998994e-01 -7.442519392568587300e-01 5.940445133516418785e-01
1.586177205349535942e+09 4.110817119105090733e-01 -8.058054582140684596e-01 -4.262503840313677239e-01 -5.790710858166741026e-01 -5.919538007295462867e-01 5.605955545616397862e-01 -7.040514925361305298e-01 1.637869245882420804e-02 -7.099600232845012515e-01 -5.747508047976916945e-01 -7.394439347290199249e-01 6.053370312325679903e-01
1.586177205349545956e+09 3.870412330527815414e-01 -8.095006369203412433e-01 -4.414836384106349820e-01 -5.644963917797235498e-01 -5.866095046720948281e-01 5.807177568469575890e-01 -7.290698924125302849e-01 2.445420425264208109e-02 -6.840022545599501180e-01 -5.811718188360412984e-01 -7.347324638634410432e-01 6.167833489913591150e-01
