1.589264473217668056e+09 -8.335119986146924398e-02 -9.958040050357557238e-01 -3.777513782160740741e-02 -8.999901081892089927e-01 9.149891768227670641e-02 -4.261991943044060593e-01 4.278672488568751042e-01 -1.526963849834527074e-03 -9.038402988021841944e-01 5.340981478640239866e-01 -3.434131724186141321e-01 6.711547670559900869e-01
1.589264473217792034e+09 -8.424985891577468911e-02 -9.949611211606824712e-01 -5.435373632478521927e-02 -8.922903924643866835e-01 9.961115532912713511e-02 -4.403356370440763556e-01 4.435310775916705972e-01 1.140110142113396653e-02 -8.961864750701473703e-01 5.284176220844041261e-01 -3.449477819883898233e-01 6.774312745404058589e-01
1.589264473217847109e+09 -8.442477273494079781e-02 -9.939116222057637895e-01 -7.079650411621213335e-02 -8.843036560588418693e-01 1.074795597549142445e-01 -4.543734016401858589e-01 4.592161818047857946e-01 2.424523625668703608e-02 -8.879936187211520116e-01 5.224951883407717990e-01 -3.465706871348099849e-01 6.834569614979566499e-01
1.589264473217885971e+09 -8.388786379260516901e-02 -9.926647197121374333e-01 -8.706078654425578045e-02 -8.760276772288878577e-01 1.151049790683670998e-01 -4.683229148026007982e-01 4.749087649663579769e-01 3.698104972705872073e-02 -8.792576794780939675e-01 5.163410568370829790e-01 -3.482786234467444841e-01 6.892212970948545792e-01
1.589264473217920065e+09 -8.265353093285252029e-02 -9.912304420038728914e-01 -1.031048237765708336e-01 -8.674591751204464574e-01 1.224892579286722266e-01 -4.821939041591422614e-01 4.905945100948754245e-01 4.958419661125198358e-02 -8.699761112313144640e-01 5.099658629364615114e-01 -3.500681704168985275e-01 6.947142353127139236e-01
1.589264473217955112e+09 -8.073858441231053507e-02 -9.896196007747080081e-01 -1.188878748370408023e-01 -8.585938556244215869e-01 1.296351421745335353e-01 -4.959952832749220386e-01 5.062587007588225108e-01 6.203044179485372317e-02 -8.601478664733881452e-01 5.033806664722036972e-01 -3.519357506808885039e-01 6.999262672949024822e-01
1.589264473217989922e+09 -7.816227953831744735e-02 -9.878437403860520494e-01 -1.343703936615736616e-01 -8.494264801564059830e-01 1.365462940397823566e-01 -5.097349943336572098e-01 5.218863026597040378e-01 7.429572140353078724e-02 -8.497734009012798406e-01 4.965969497806946853e-01 -3.538776296241520902e-01 7.048484862981141408e-01
1.589264473218020916e+09 -7.494646071005128807e-02 -9.859150555004676519e-01 -1.495143185198108127e-01 -8.399509712744477330e-01 1.432274543687282464e-01 -5.234197763248966684e-01 5.374619930137273238e-01 8.635623735300819448e-02 -8.388546991809210374e-01 4.896266093814057307e-01 -3.558899172945446110e-01 7.094726617855150463e-01
1.589264473218053102e+09 -7.111578972958526590e-02 -9.838462614201133327e-01 -1.642835306324551825e-01 -8.301605716417601588e-01 1.496847579719815802e-01 -5.370548376270717350e-01 5.529701346427943198e-01 9.818863078940454070e-02 -8.273953244844900468e-01 4.824819374532257066e-01 -3.579685741755934680e-01 7.137913183460032895e-01
1.589264473218086004e+09 -6.669800545916762524e-02 -9.816504009840697487e-01 -1.786445253030825020e-01 -8.200480740247242384e-01 1.559261870484549284e-01 -5.506434241747032443e-01 5.683946977476469486e-01 1.097702807957193771e-01 -8.154004862819600463e-01 4.751755899536876382e-01 -3.601094221841338872e-01 7.177978133090407997e-01
1.589264473218122005e+09 -6.172410349021956177e-02 -9.793405839387274714e-01 -1.925672760467383726e-01 -8.096061283074925674e-01 1.619620770456605685e-01 -5.641863191464135951e-01 5.837191551807392464e-01 1.210797520444963499e-01 -8.028771023776891669e-01 4.677205398507213729e-01 -3.623081617127145160e-01 7.214864063081983803e-01
1.589264473218157053e+09 -5.622831463148852960e-02 -9.769296690851109188e-01 -2.060262080419325015e-01 -7.988276159904827978e-01 1.678055569946957370e-01 -5.776813438900664233e-01 5.989263866556260307e-01 1.320973762358802206e-01 -7.898338221181079311e-01 4.601300159675262846e-01 -3.645603948165260233e-01 7.248523146685823537e-01
1.589264473218188047e+09 -5.024782485868345416e-02 -9.744299004105023698e-01 -2.190011995129918232e-01 -7.877060801788571265e-01 1.734728623634858857e-01 -5.911229122430042837e-01 6.139986053827476420e-01 1.428059358525524125e-01 -7.762809911853985056e-01 4.524174294414687325e-01 -3.668616540994414366e-01 7.278917489344799430e-01
1.589264473218219995e+09 -4.382220997260877215e-02 -9.718525146354519695e-01 -2.314785169622548822e-01 -7.762361925937035778e-01 1.789834741112391880e-01 -6.045016868534559551e-01 6.289173135512092783e-01 1.531914028168806508e-01 -7.622305470269434835e-01 4.445962915478557376e-01 -3.692074361795083526e-01 7.306019250077044891e-01
1.589264473218274117e+09 -3.699258642582207296e-02 -9.692073450741962581e-01 -2.434515781607002327e-01 -7.644142314218683731e-01 1.843600469315972157e-01 -6.178043832808773894e-01 6.436632904018456669e-01 1.632436689572722421e-01 -7.476958426639170874e-01 4.366801271940172202e-01 -3.715932383819742224e-01 7.329810499812642322e-01
1.589264473218786001e+09 -2.980050616950492490e-02 -9.665024579066466837e-01 -2.549214169065278646e-01 -7.522385324570246556e-01 1.896280883494980696e-01 -6.310137704533780312e-01 6.582166210136091156e-01 1.729571827770552683e-01 -7.326914034910730900e-01 4.286823893096169957e-01 -3.740145969045460261e-01 7.350282816496043203e-01
1.589264473218858004e+09 -2.228668332116713613e-02 -9.637438469934990204e-01 -2.658967868062587225e-01 -7.397098871835492417e-01 1.948154164398712973e-01 -6.441088700105223053e-01 6.725567534468709363e-01 1.823314317505157767e-01 -7.172326417497180140e-01 4.206163794892497365e-01 -3.764671245661466159e-01 7.367436648468144167e-01
1.589264473218897104e+09 -1.448966367938696320e-02 -9.609351996180297562e-01 -2.763939071084876575e-01 -7.268318768180711542e-01 1.999514645210648534e-01 -6.570653200276005412e-01 6.866625609009416875e-01 1.913712467310639820e-01 -7.013355640376626177e-01 4.124951792797417749e-01 -3.789465465408370926e-01 7.381280490764174917e-01
1.589264473218921900e+09 -6.444518086055380478e-03 -9.580777732116583234e-01 -2.864357672666045240e-01 -7.136110988867884197e-01 2.050664171584734019e-01 -6.698559279467105609e-01 7.005124322848168550e-01 2.000868439848841329e-01 -6.850164867220687182e-01 4.043315954019679470e-01 -3.814487328145865219e-01 7.391829936194687090e-01
1.589264473218944073e+09 1.818319712314998317e-03 -9.551704032215093676e-01 -2.960510000460442326e-01 -7.000572619408547137e-01 2.101902312532479000e-01 -6.824513878625723118e-01 7.140843954103441860e-01 2.084935672854258404e-01 -6.682917840543218801e-01 3.961381207127716575e-01 -3.839697265911929391e-01 7.399106671472074348e-01
1.589264473218966007e+09 1.027395498013585450e-02 -9.522096510755519994e-01 -3.052723805928432843e-01 -6.861831318389501888e-01 2.153516123456111486e-01 -6.948211228408408546e-01 7.273562782281579597e-01 2.166113191006731054e-01 -6.511776877028393473e-01 3.879269111347704024e-01 -3.865057684024379991e-01 7.403137491056154262e-01
1.589264473219034910e+09 1.890357836000625125e-02 -9.491900905079206918e-01 -3.141350456601945118e-01 -6.720043194632139283e-01 2.205770214262466056e-01 -7.069342065195877156e-01 7.403059160881015899e-01 2.244636937321302095e-01 -6.336901457365049506e-01 3.797097772593495679e-01 -3.890533162123671618e-01 7.403953389166594290e-01
1.589264473219099045e+09 2.769459086800597422e-02 -9.461047221524296891e-01 -3.226745488300983844e-01 -6.575389035677825511e-01 2.258897833729157922e-01 -7.187603189997251452e-01 7.529114157565508503e-01 2.320768419984088893e-01 -6.158447364668949708e-01 3.714981882744516350e-01 -3.916090622154566603e-01 7.401588762793717136e-01
1.589264473219166994e+09 3.664030695442550833e-02 -9.429454439733740978e-01 -3.309250333554743517e-01 -6.428069576927122331e-01 2.313094379586915217e-01 -7.302706068020573538e-01 7.651514249421990099e-01 2.394782530924061126e-01 -5.976566432385733707e-01 3.633032855393311666e-01 -3.941699471729320225e-01 7.396080738966147594e-01
1.589264473219225883e+09 4.573929092986365325e-02 -9.397035482645510474e-01 -3.389176282659632777e-01 -6.278299998300475027e-01 2.368513476208024549e-01 -7.414384199308687862e-01 7.770054109332622527e-01 2.466955220754375178e-01 -5.791406657892597121e-01 3.551359031104597830e-01 -3.967331731126947925e-01 7.387468637532793592e-01
1.589264473219300985e+09 5.499440471973272848e-02 -9.363702150264159307e-01 -3.466791542133529358e-01 -6.126303893001301404e-01 2.425265629990099037e-01 -7.522399035226922104e-01 7.884539438638374920e-01 2.537551708908918902e-01 -5.603112453397327553e-01 3.470065923930671925e-01 -3.992962151875403265e-01 7.375793585277254927e-01
1.589264473219362020e+09 6.441166837129855272e-02 -9.329369663331227303e-01 -3.542312153551060439e-01 -5.972307099309996925e-01 2.483419386165819365e-01 -7.626544176397610508e-01 7.994789654080594055e-01 2.606816036386928603e-01 -5.411824880730026210e-01 3.389256480131395133e-01 -4.018568334549250665e-01 7.361098287095040327e-01
1.589264473219409943e+09 7.399904785995639611e-02 -9.293960504952560875e-01 -3.615897154854091911e-01 -5.816531832923551582e-01 2.543004698311790435e-01 -7.726647691693224740e-01 8.100640192705708120e-01 2.674962662721210860e-01 -5.217681786158963053e-01 3.309031321070418641e-01 -4.044130852265634402e-01 7.343426950738786152e-01
1.589264473219459057e+09 8.376530124000468314e-02 -9.257407207364557467e-01 -3.687648198834843072e-01 -5.659191733597784824e-01 2.604018102222291908e-01 -7.822572381018547683e-01 8.201944059582524371e-01 2.742170952094760139e-01 -5.020817872937969328e-01 3.229488946455047471e-01 -4.069633384362907336e-01 7.322825346816088654e-01
1.589264473219506979e+09 9.371900290959363222e-02 -9.219653879410493191e-01 -3.757613232326099117e-01 -5.500488341551161842e-01 2.666429021314503656e-01 -7.914214066434429595e-01 8.298572338479025534e-01 2.808583028559690220e-01 -4.821364797955442483e-01 3.150725878680998293e-01 -4.095062862254699732e-01 7.299340981889165247e-01
1.589264473219563007e+09 1.038678158346795638e-01 -9.180656554285119286e-01 -3.825793110735731251e-01 -5.340609156390443424e-01 2.730186358631507271e-01 -8.001498378205048612e-01 8.390413668289855575e-01 2.874304731500447185e-01 -4.619451351155849372e-01 3.072836736908170496e-01 -4.120409626594354058e-01 7.273023350565473999e-01
1.589264473219609976e+09 1.142180189931683298e-01 -9.140382660311313634e-01 -3.892149694876329558e-01 -5.179727065535237873e-01 2.795224626715936411e-01 -8.084376712113277019e-01 8.477372938776274180e-01 2.939408804398107034e-01 -4.415203725512255595e-01 2.995914241116917620e-01 -4.145667591765004878e-01 7.243924219585180513e-01
1.589264473219655991e+09 1.247742265338032119e-01 -9.098810110171979826e-01 -3.956613934772925667e-01 -5.018000526504124981e-01 2.861469148754091640e-01 -8.162822124567573612e-01 8.559369717329713412e-01 3.003938897484831339e-01 -4.208745792095712757e-01 2.920049150089181200e-01 -4.170834411951687137e-01 7.212097914235549023e-01
1.589264473219703913e+09 1.355391956613581084e-01 -9.055926501559961039e-01 -4.019092914179667186e-01 -4.855573750174975167e-01 2.928840282743966350e-01 -8.236825733581170095e-01 8.636336966738521470e-01 3.067912939858432053e-01 -4.000199243867930132e-01 2.845330132710963689e-01 -4.195911642766731453e-01 7.177601602492346133e-01
1.589264473219744921e+09 1.465136305186371946e-01 -9.011728726294939706e-01 -4.079475576763932354e-01 -4.692576337192101987e-01 2.997256965334482159e-01 -8.306393803208206306e-01 8.708220422635185587e-01 3.131324968351781868e-01 -3.789683497816520030e-01 2.771843569465580193e-01 -4.220904892104166972e-01 7.140495577413142891e-01
1.589264473219793081e+09 1.576959558584882792e-01 -8.966222936367415075e-01 -4.137637588825859303e-01 -4.529122371396060998e-01 3.066639955215753610e-01 -8.371545254049040929e-01 8.774978581040639991e-01 3.194145527429759768e-01 -3.577315369397155442e-01 2.699673277648104164e-01 -4.245823953522178673e-01 7.100843541597786635e-01
1.589264473219870090e+09 1.690820540717098142e-01 -8.919424765206799277e-01 -4.193445810717335021e-01 -4.365309079496211830e-01 3.136915068017035457e-01 -8.432309322309790023e-01 8.836583193839316897e-01 3.256320887719232893e-01 -3.363208547623328104e-01 2.628900156518066411e-01 -4.270682914445650402e-01 7.058712887975614469e-01
1.589264473219903946e+09 1.806649941994296626e-01 -8.871359604527415677e-01 -4.246762857138268177e-01 -4.201215386230680027e-01 3.208016531684878547e-01 -8.488723061894062338e-01 8.893020030763307826e-01 3.317771648184272282e-01 -3.147472958294297851e-01 2.559601748175836522e-01 -4.295500230667420594e-01 7.014174971498404743e-01
1.589264473219926119e+09 1.924348111934299221e-01 -8.822062683879635658e-01 -4.297452077255936032e-01 -4.036900861808355723e-01 3.279890367105683380e-01 -8.540828450583426434e-01 8.944289562501980262e-01 3.378391509480722643e-01 -2.930214161291522790e-01 2.491851716629342184e-01 -4.320298757570478765e-01 6.967305355794088939e-01
1.589264473219950914e+09 2.043784139747243100e-01 -8.771578693973574037e-01 -4.345383022941071705e-01 -3.872405649271435935e-01 3.352497454634880691e-01 -8.588669007171850778e-01 8.990407158708799695e-01 3.438047126193407022e-01 -2.711532975819681557e-01 2.425719250324263332e-01 -4.345105728060381090e-01 6.918184019259583373e-01
1.589264473219973087e+09 2.164796943662674056e-01 -8.719960780674014256e-01 -4.390437129345299838e-01 -3.707751855092299986e-01 3.425815785136244740e-01 -8.632286047042690980e-01 9.031402458944549627e-01 3.496579785964422094e-01 -2.491525521683865263e-01 2.361268391684066825e-01 -4.369952667051740791e-01 6.866895511475215041e-01
1.589264473219995022e+09 2.287199187823468483e-01 -8.667268761436596192e-01 -4.432513068538321832e-01 -3.542946878680528489e-01 3.499841201553826053e-01 -8.671714881691576782e-01 9.067317535613562685e-01 3.553809757245530165e-01 -2.270283884871665547e-01 2.298557301893861538e-01 -4.394875232268992127e-01 6.813529046838785463e-01
1.589264473220019102e+09 2.410785242175015886e-01 -8.613566369076774976e-01 -4.471530938296044977e-01 -3.377989292634218654e-01 3.574585593606445233e-01 -8.706981462219086643e-01 9.098203276277296858e-01 3.609544604131955658e-01 -2.047897676781161302e-01 2.237637479524065554e-01 -4.419912971914171096e-01 6.758178514561369310e-01
1.589264473220041037e+09 2.535343051853004015e-01 -8.558917776182689563e-01 -4.507434094968295057e-01 -3.212876875308356417e-01 3.650071996364002702e-01 -8.738100286450430909e-01 9.124114082746200838e-01 3.663591261535080745e-01 -1.824456432388275318e-01 2.178552960236456726e-01 -4.445108991844289870e-01 6.700942383072975295e-01
1.589264473220069885e+09 2.660668740816151123e-01 -8.503383907022918908e-01 -4.540187660432707384e-01 -3.047615691941362170e-01 3.726326699633328299e-01 -8.765074325550784584e-01 9.145101445432892717e-01 3.715770642416242331e-01 -1.600052525995791508e-01 2.121339521289269670e-01 -4.470509527199303390e-01 6.641923489529819591e-01
1.589264473220091105e+09 2.786582561043564055e-01 -8.447019025970083916e-01 -4.569773212743198920e-01 -2.882229029154309563e-01 3.803368857633310229e-01 -8.787897425828449238e-01 9.161206986818049014e-01 3.765933472236351331e-01 -1.374784211290167313e-01 2.066023907986427599e-01 -4.496163415128919816e-01 6.581228715894980041e-01
1.589264473220112085e+09 2.912945113328739843e-01 -8.389867954310004095e-01 -4.596179553334951984e-01 -2.716765275102251964e-01 3.881198135460464660e-01 -8.806559344255495692e-01 9.172455353286352864e-01 3.813976501256040597e-01 -1.148758477697537222e-01 2.012623108648905479e-01 -4.522121468545076128e-01 6.518968546600885094e-01
1.589264473220134020e+09 3.039672664929560786e-01 -8.331964246363761095e-01 -4.619389775491344885e-01 -2.551303947952516804e-01 3.959781112809651060e-01 -8.821053322273640918e-01 9.178847327225407859e-01 3.859858202772877278e-01 -9.220934867032920534e-02 1.961143706820772936e-01 -4.548435754452347379e-01 6.455256505884957585e-01
1.589264473220155001e+09 3.166750183640835159e-01 -8.273329645049315451e-01 -4.639365244220041706e-01 -2.385959222430507343e-01 4.039037377043886434e-01 -8.831385829321365399e-01 9.180353580585152162e-01 3.903612898421248700e-01 -6.949204810360368190e-02 1.911581338723393197e-01 -4.575158784111755805e-01 6.390208477921104357e-01
1.589264473220175982e+09 3.294240876193649248e-01 -8.213975040942058659e-01 -4.656027393273560189e-01 -2.220880711574554356e-01 4.118826166571604719e-01 -8.837587899710991346e-01 9.176909388013796409e-01 3.945362473315465190e-01 -4.673853213196074718e-02 1.863920286352622746e-01 -4.602342626965767458e-01 6.323941914993918001e-01
1.589264473220206976e+09 3.422291664408926293e-01 -8.153902999050395284e-01 -4.669238230837244319e-01 -2.056251875922594230e-01 4.198933922626670312e-01 -8.839727492789400953e-01 9.168410330462326563e-01 3.985325558215099817e-01 -2.396501774584829103e-02 1.818133243936362609e-01 -4.630037967153513012e-01 6.256574938913380679e-01
1.589264473220228910e+09 3.551133860444514734e-01 -8.093111907611729716e-01 -4.678780606802977471e-01 -1.892286577683014726e-01 4.279063097463003951e-01 -8.837922296922960941e-01 9.154709160556832037e-01 4.023823886335635702e-01 -1.189611778232766565e-03 1.774181298958422415e-01 -4.658293129398983767e-01 6.188225345449275272e-01
1.589264473220248938e+09 3.681078516941257983e-01 -8.031601714135578884e-01 -4.684339320344539925e-01 -1.729224567625172737e-01 4.358822301094351648e-01 -8.832352492558315227e-01 9.135614010460120227e-01 4.061285764679717358e-01 2.156724130279850590e-02 1.732014163735872136e-01 -4.687153108027959370e-01 6.119009531300950711e-01
1.589264473220269918e+09 3.812506136303102644e-01 -7.969381126595178610e-01 -4.685484119089265986e-01 -1.567326852972754092e-01 4.437717608077914599e-01 -8.823273144219369035e-01 9.110888183811433061e-01 4.098246808015395537e-01 4.428200570474420672e-02 1.691570678297329711e-01 -4.716658636564904361e-01 6.049041375266378529e-01
1.589264473220292091e+09 3.945850305282346260e-01 -7.906476092777988685e-01 -4.681655815323390035e-01 -1.406871815890069766e-01 4.515144906936529590e-01 -8.811025943306278752e-01 9.080252037433463874e-01 4.135347902299252865e-01 6.692687531039090421e-02 1.652779594144665742e-01 -4.746845338843020956e-01 5.978431111257855868e-01
1.589264473220313072e+09 4.081574891536364214e-01 -7.842939259405282693e-01 -4.672156909670009961e-01 -1.248152857204789384e-01 4.590383205302406289e-01 -8.796050050114887497e-01 9.043387686660588898e-01 4.173330302178646645e-01 8.946805787093990714e-02 1.615560648339446070e-01 -4.777743009875648483e-01 5.907284230894735977e-01
1.589264473220334053e+09 4.220144915116516016e-01 -7.778859986699904194e-01 -4.656148001648291457e-01 -1.091478295869931087e-01 4.662588543499099347e-01 -8.778891912666016983e-01 8.999947334653791708e-01 4.213028054813318657e-01 1.118634249011126319e-01 1.579825931629608160e-01 -4.809375081313356781e-01 5.835700457134912478e-01
1.589264473220355988e+09 4.361990502321002050e-01 -7.714374381986294216e-01 -4.632652238484231688e-01 -9.371736451213076580e-02 4.730789273073044976e-01 -8.760213377724542783e-01 8.949566716780913422e-01 4.255356713319184414e-01 1.340594951707387017e-01 1.545481534604422336e-01 -4.841758326505523069e-01 5.763772837883039957e-01
1.589264473220377922e+09 4.507463390519717006e-01 -7.649674526997310986e-01 -4.600570988980712817e-01 -7.855858834706375138e-02 4.793884477804193356e-01 -8.740796670999541051e-01 8.891885548322748800e-01 4.301296461963474704e-01 1.559878245914154693e-01 1.512429432954709718e-01 -4.874902855610787067e-01 5.691587012720896732e-01
1.589264473220402002e+09 4.656787342658760265e-01 -7.585015825064498340e-01 -4.558713260262404754e-01 -6.370892960406299155e-02 4.850646760581187045e-01 -8.721544773922259575e-01 8.826576282788549666e-01 4.351868672968700058e-01 1.775609804431980965e-01 1.480569550464879147e-01 -4.908812442215993443e-01 5.619220705565015628e-01
1.589264473220422983e+09 4.810005192107978944e-01 -7.520721343719108942e-01 -4.505840713178852486e-01 -4.920921211886370578e-02 4.899730599662762698e-01 -8.703475478542432864e-01 8.753381940601051570e-01 4.408105095161896081e-01 1.986684190356826640e-01 1.449801924045573953e-01 -4.943485213685646085e-01 5.546743490728316406e-01
1.589264473220443964e+09 4.966926736448660229e-01 -7.457182257690196936e-01 -4.440728721827081893e-01 -3.510430887742271161e-02 4.939687053613943668e-01 -8.687707440561038830e-01 8.672162795208112618e-01 4.471009348797377325e-01 2.191727140093250314e-01 1.420028879506841646e-01 -4.978914722845933505e-01 5.474216872946471302e-01
1.589264473220468044e+09 5.127082728249927612e-01 -7.394854069408366426e-01 -4.362242084106956463e-01 -2.144370321362954607e-02 4.968985045372334430e-01 -8.675436841376441555e-01 8.582950510115608944e-01 4.541510863143028986e-01 2.389066684106315730e-01 1.391157114225230751e-01 -5.015091399891409285e-01 5.401694712231572826e-01
1.589264473220488071e+09 5.289689772526851019e-01 -7.334248703775381184e-01 -4.269423622939277352e-01 -8.281844517795022148e-03 4.986040968321607258e-01 -8.667902663156400456e-01 8.486007495747751594e-01 4.620410308873724170e-01 2.576719883885916218e-01 1.363099574432057592e-01 -5.052004360584191334e-01 5.329224012076936301e-01
1.589264473220509052e+09 5.453631558171589955e-01 -7.275923365841466817e-01 -4.161591283708079847e-01 4.321759432335921941e-03 4.989257593408478741e-01 -8.666339533895133229e-01 8.381887321465909535e-01 4.708316880786755920e-01 2.752402056494324678e-01 1.335777018377903580e-01 -5.089643526653838679e-01 5.256846075552922271e-01
1.589264473220530987e+09 5.617461001877269711e-01 -7.220467260407674726e-01 -4.038438367028382991e-01 1.630280345072484052e-02 4.977074926344278727e-01 -8.671917149518715284e-01 8.271490419206718459e-01 4.805577772519607493e-01 2.913566288499996326e-01 1.309119162321766838e-01 -5.128001990385345765e-01 5.184598019815455094e-01
1.589264473220554113e+09 5.779427721443399779e-01 -7.168487433145886989e-01 -3.900128606079422133e-01 2.759289927996496847e-02 4.948035388037455018e-01 -8.685666871361036323e-01 8.156106816760528844e-01 4.912202533310482400e-01 3.057480640262044691e-01 1.283065317760300750e-01 -5.167078530090423172e-01 5.112514624949437980e-01
1.589264473220575094e+09 5.937534318124724209e-01 -7.120595241551164190e-01 -3.747373698686596866e-01 3.812082569778819929e-02 4.900863287637649557e-01 -8.708399354146224569e-01 8.037435317870872398e-01 5.027789022073445580e-01 3.181347365630857182e-01 1.257564447001997265e-01 -5.206880158528675029e-01 5.040630478217575927e-01
1.589264473220596075e+09 6.089622275104176197e-01 -7.077394402083712066e-01 -3.581478610075337077e-01 4.781444795841292839e-02 4.834556545825461349e-01 -8.740620165208896619e-01 7.917567707727235504e-01 5.151461102546769366e-01 3.282464029163033592e-01 1.232574593852095585e-01 -5.247424569401584193e-01 4.968982361887686050e-01
1.589264473220617056e+09 6.233484376449802689e-01 -7.039470904951122820e-01 -3.404338690174766868e-01 5.660343277176736049e-02 4.748484045243672735e-01 -8.782454350721584646e-01 7.798927982218866184e-01 5.281831941549222087e-01 3.358418328564896638e-01 1.208061678931208194e-01 -5.288742332617699660e-01 4.897611821522810938e-01
1.589264473220638037e+09 6.366994986175563698e-01 -7.007384391858592076e-01 -3.218375186529665033e-01 6.442279624963795359e-02 4.642476322662630328e-01 -8.833594055448306115e-01 7.684161970050366053e-01 5.417008176703875799e-01 3.407297643558854228e-01 1.183997683108737181e-01 -5.330878675205807937e-01 4.826567839895948842e-01
1.589264473220659018e+09 6.488243619075276802e-01 -6.981659770486901007e-01 -3.026404070710281280e-01 7.121716951773274240e-02 4.516893270762321611e-01 -8.893283233301823021e-01 7.575982195062290758e-01 5.554646886867815603e-01 3.427884441248791880e-01 1.160358286250768728e-01 -5.373894688375523421e-01 4.755909534551246431e-01
1.589264473220679998e+09 6.595654310275018695e-01 -6.962776458442704319e-01 -2.831446312333086857e-01 7.694555682941237040e-02 4.372653367747569852e-01 -8.960348244602104328e-01 7.476983506181348327e-01 5.692068738448448073e-01 3.419805714556994336e-01 1.137120069911321807e-01 -5.417867812837520169e-01 4.685708792294585590e-01
1.589264473220700979e+09 6.688074952383276095e-01 -6.951152209957244255e-01 -2.636500786236931626e-01 8.158619826900313787e-02 4.211212969790261718e-01 -9.033274852392590981e-01 7.389453475093701318e-01 5.826419851407321771e-01 3.383608880293201282e-01 1.114257430770338730e-01 -5.462891477477989088e-01 4.616052752062679287e-01
1.589264473220729113e+09 6.764825911945131498e-01 -6.947120047341728277e-01 -2.444310422065166244e-01 8.514089583803043093e-02 4.034490692878765494e-01 -9.110323136160506374e-01 7.315205613709552246e-01 5.954864222176111666e-01 3.320746742051528533e-01 1.091739383719972090e-01 -5.509073803165659422e-01 4.547046049938817669e-01
1.589264473220752001e+09 6.825704625591569874e-01 -6.950899545181533634e-01 -2.257155707409431167e-01 8.763798059903776805e-02 3.844741488212343739e-01 -9.189663831450419762e-01 7.255461033187490250e-01 6.074780523536263965e-01 3.233469775181000982e-01 1.069526455540662085e-01 -5.556535334899402878e-01 4.478812748582080006e-01
1.589264473220772982e+09 6.870951934283405782e-01 -6.962565395046814709e-01 -2.076704756815875574e-01 8.913322458215953981e-02 3.644396131400288175e-01 -9.269514748658111980e-01 7.210793739156895477e-01 6.183935637159275744e-01 3.124642969533305004e-01 1.047567875246772778e-01 -5.605405818569659804e-01 4.411497882734213283e-01
1.589264473220793962e+09 6.901192427762999904e-01 -6.982017407901317529e-01 -1.903936974079653011e-01 8.970826943030396627e-02 3.435888438004680578e-01 -9.348257232862432486e-01 7.181140976122872832e-01 6.280613311185004877e-01 2.997517425580952244e-01 1.025799255675511196e-01 -5.655820083670618503e-01 4.345268556427462903e-01
1.589264473220814943e+09 6.917363112219280241e-01 -7.008956396210275219e-01 -1.739142840668656820e-01 8.946649956298137474e-02 3.221493437496484313e-01 -9.424518798769452310e-01 7.165867855585059676e-01 6.363686846111983320e-01 2.855490781137419720e-01 1.004140938485251211e-01 -5.707913137758340305e-01 4.280314529616175978e-01
1.589264473220835924e+09 6.920642590002726857e-01 -7.042869668079438927e-01 -1.581990199212672532e-01 8.852665703585313461e-02 3.003195811065438314e-01 -9.497216330609810075e-01 7.163868315739261305e-01 6.432635678005805824e-01 2.701886190985957059e-01 9.824971427319152684e-02 -5.761814621318542828e-01 4.216848233347647579e-01
1.589264473220870018e+09 6.912389032454977489e-01 -7.083028012588017397e-01 -1.431639636014445383e-01 8.701483860621272992e-02 2.782601108286200109e-01 -9.565561816694034825e-01 7.173682433354663379e-01 6.487514566619569933e-01 2.539770677349494910e-01 9.607560171977531926e-02 -5.817642808046943337e-01 4.155104151738799878e-01
1.589264473220909119e+09 6.894090217432966572e-01 -7.128494657710642279e-01 -1.286889272394443895e-01 8.505568848581519792e-02 2.560894341061607515e-01 -9.629038018937094989e-01 7.193613352403422923e-01 6.528888427282604212e-01 2.371822683183789637e-01 9.387906506676822749e-02 -5.875498376315405613e-01 4.095337518237545105e-01
1.589264473220947981e+09 6.867323730732146636e-01 -7.178146604781294737e-01 -1.146331587328856538e-01 8.276361229269289799e-02 2.338843991755066298e-01 -9.687353985524360667e-01 7.221833785796250016e-01 6.557745047610548106e-01 2.200249227046292000e-01 9.164610429366044919e-02 -5.935458203992225457e-01 4.037822283125161449e-01
1.589264473220983028e+09 6.833723324115598130e-01 -7.230707941308505138e-01 -1.008507911448692507e-01 8.023485061109060512e-02 2.116845063720656228e-01 -9.740390334146784568e-01 7.256477272647261501e-01 6.575395779011603548e-01 2.026748119810855564e-01 8.936169873708554867e-02 -5.997569452710005411e-01 3.982848321157037019e-01
1.589264473221018076e+09 6.794946992908057481e-01 -7.284794124232194523e-01 -8.720492770708877794e-02 7.754117586731364142e-02 1.894991754879921941e-01 -9.788142973212312636e-01 7.295713260010147083e-01 6.583371539221112290e-01 1.852508354780692534e-01 8.701017716603832997e-02 -6.061844194667346253e-01 3.930717842904717374e-01
1.589264473221055031e+09 6.752643023053302995e-01 -7.338965732810355247e-01 -7.357949349940658135e-02 7.472582314408371396e-02 1.673168563536035214e-01 -9.830672006741740798e-01 7.337807393417750124e-01 6.583318991023500155e-01 1.678241257918489104e-01 8.457565643490212726e-02 -6.128254835110535925e-01 3.881740988133582926e-01
1.589264473221097946e+09 6.708411713204139870e-01 -7.391789548215439432e-01 -5.988819345718367909e-02 7.180205601520589509e-02 1.451148002235279344e-01 -9.868060395103208648e-01 7.381169200433018718e-01 6.576900239280889515e-01 1.504235512601885261e-01 8.204253193779251219e-02 -6.196730580091057705e-01 3.836230605099144597e-01
1.589264473221134901e+09 6.663762346039037165e-01 -7.441903916312282430e-01 -4.608009401099869007e-02 6.875451882342591137e-02 1.228683472362805534e-01 -9.900384767748948711e-01 7.424389066694886408e-01 6.565698975134818260e-01 1.330429988575761724e-01 7.939599982426567837e-02 -6.267155190882754967e-01 3.794496260029323609e-01
1.589264473221173048e+09 6.620067664763568116e-01 -7.488083624603062427e-01 -3.214152383153663639e-02 6.554322938667350718e-02 1.005587034611545860e-01 -9.927698788469297986e-01 7.466264971594178679e-01 6.551137180197105225e-01 1.156498603730919394e-01 7.662258775233876662e-02 -6.339366251297341437e-01 3.756837583896140420e-01
1.589264473221211910e+09 6.578520698645902165e-01 -7.529297785876135629e-01 -1.809427522896981180e-02 6.210970891869719429e-02 7.817841223440791243e-02 -9.950027738777977859e-01 7.505817998537890334e-01 6.534408040875778756e-01 9.819407967944410176e-02 7.371066735864026387e-02 -6.413156148238520204e-01 3.723537168615118076e-01
1.589264473221257925e+09 6.540099379455402984e-01 -7.564754305814270774e-01 -3.990501258628906950e-03 5.838444132845321821e-02 5.573411116338733429e-02 -9.967371599220938849e-01 7.542295791849512598e-01 6.516430248608591214e-01 8.061705796633636401e-02 7.065091990833309576e-02 -6.488274889279018742e-01 3.694853307561028477e-01
1.589264473221296072e+09 6.505544066327887398e-01 -7.593925582043103972e-01 1.009488284990700535e-02 5.429467130499411598e-02 3.324661778611719132e-02 -9.979713178141128571e-01 7.575163712529896509e-01 6.497827367822794908e-01 6.285970303700399997e-02 6.743672681661441737e-02 -6.564434774821678031e-01 3.671012948974198276e-01
1.589264473221334934e+09 6.475351535669985337e-01 -7.616552423809821448e-01 2.407315421192517818e-02 4.977153561360224410e-02 1.074881690645382304e-02 -9.987027872614285817e-01 7.604084554862072798e-01 6.478933205084624891e-01 4.486898782083596771e-02 6.406445915035446914e-02 -6.641316812146170756e-01 3.652205290903007273e-01
1.589264473221374989e+09 6.449786381597897300e-01 -7.632626500084512822e-01 3.785080613143394779e-02 4.475569413141236574e-02 -1.171786700167774982e-02 -9.989292365036260835e-01 7.628889068516114813e-01 6.459820576192772945e-01 2.660257579981346529e-02 6.053364617399743797e-02 -6.718578608178550349e-01 3.638576445276477389e-01
1.589264473221446037e+09 6.428907628755758941e-01 -7.642355208437699998e-01 5.133746969896107321e-02 3.920096971196446178e-02 -3.410751561026963141e-02 -9.986490682209180347e-01 7.649540842556806775e-01 6.440347398477801466e-01 8.031366771729799708e-03 5.684701228069941742e-02 -6.795863339672919556e-01 3.630225522077395461e-01
1.589264473221489906e+09 6.412606592918671522e-01 -7.646114878436984785e-01 6.445183943989298003e-02 3.307582028257651657e-02 -5.637346816123670057e-02 -9.978617250431442987e-01 7.666099118805187462e-01 6.420212650811459865e-01 -1.085993520307278193e-02 5.301038231301863357e-02 -6.872809308492792146e-01 3.627202358447291775e-01
1.589264473221529007e+09 6.400649438385304091e-01 -7.644400310263991249e-01 7.712526653773671415e-02 2.636295919911921248e-02 -7.847122621267596521e-02 -9.965677403693717906e-01 7.678683885193358094e-01 6.399013249656101410e-01 -3.007377965008011661e-02 4.903246494747154349e-02 -6.949059558445490614e-01 3.629506986919235345e-01
1.589264473221568108e+09 6.392718856537638050e-01 -7.637777229779819654e-01 8.930311416983292838e-02 1.905760975256354933e-02 -1.003602748716691528e-01 -9.947686277945103628e-01 7.687446024259739774e-01 6.376295203189720207e-01 -4.960172437723812944e-02 4.492453145004590698e-02 -7.024271048874197731e-01 3.637090820555338166e-01
1.589264473221606016e+09 6.388450284693399928e-01 -7.626842509674554016e-01 1.009443561146435575e-01 1.116501973791238222e-02 -1.220048724957835118e-01 -9.924667014703871804e-01 7.692544260321255711e-01 6.351594638244099089e-01 -6.942682152266252404e-02 4.070001248749396255e-02 -7.098122934471320367e-01 3.649859435766227844e-01
1.589264473221648932e+09 6.387460591200406768e-01 -7.612194153917062334e-01 1.120199700701027812e-01 2.697711451760660337e-03 -1.433740099047787209e-01 -9.896649007329291203e-01 7.694128893820496584e-01 6.324467526891357494e-01 -8.952603346624779523e-02 3.637403931465185009e-02 -7.170323585436672031e-01 3.667676736296999751e-01
1.589264473221687078e+09 6.389368474332297598e-01 -7.594411282853076317e-01 1.225107251060280622e-01 -6.327118333094112687e-03 -1.644408221553875782e-01 -9.863666578349200575e-01 7.692331718025220422e-01 6.294508628561996666e-01 -1.098723743744723647e-01 3.196295688427503584e-02 -7.240616088792357630e-01 3.690370209776224764e-01
1.589264473221724987e+09 6.393807149331572903e-01 -7.574042828449786269e-01 1.324048858797459982e-01 -1.588975753891366804e-02 -1.851817408405272425e-01 -9.825758182301238541e-01 7.687261001245129233e-01 6.261361475434238377e-01 -1.304366042539599480e-01 2.748383541760934107e-02 -7.308782087915990378e-01 3.717736945780926172e-01
1.589264473221766949e+09 6.400430801893616239e-01 -7.551602729330192387e-01 1.416962165713069599e-01 -2.596953599327129353e-02 -2.055756303761838988e-01 -9.782966030308497540e-01 7.679000187119550125e-01 6.224721860876306634e-01 -1.511884215538092657e-01 2.295400421158711596e-02 -7.374643936533502586e-01 3.749550062708154052e-01
1.589264473221801996e+09 6.408916722267573585e-01 -7.527569111357970133e-01 1.503825033468482453e-01 -3.654573915685981750e-02 -2.256030815880836760e-01 -9.735335939932481253e-01 7.667608971875251589e-01 6.184337332238855067e-01 -1.720971939266191519e-01 1.839062696148375045e-02 -7.438065240354743146e-01 3.785565220856236257e-01
1.589264473221841097e+09 6.418965100991017581e-01 -7.502385218101491615e-01 1.584646043124354198e-01 -4.759798493424823723e-02 -2.452459319763188872e-01 -9.682917250422192756e-01 7.653125519609143002e-01 6.140004831558647513e-01 -1.931323496929097938e-01 1.381033307725418671e-02 -7.498949946933121113e-01 3.825526926097662650e-01
1.589264473221882105e+09 6.430297970754146331e-01 -7.476460551182575465e-01 1.659459443446542337e-01 -5.910620482155184291e-02 -2.644870220928062787e-01 -9.625762680442745411e-01 7.635568981163821656e-01 6.091567872769246828e-01 -2.142635569942100970e-01 9.228914208131301644e-03 -7.557240194550142176e-01 3.869174397214149574e-01
1.589264473221924067e+09 6.442658232340819913e-01 -7.450171389890734019e-01 1.728323225852936573e-01 -7.105038071320278481e-02 -2.833101561072651209e-01 -9.563928057827268958e-01 7.614941841207116813e-01 6.038913959765660477e-01 -2.354608022968427417e-01 4.661090660745191745e-03 -7.612913152373544934e-01 3.916246843068992289e-01
1.589264473221966982e+09 6.455809201639316486e-01 -7.423860395270701629e-01 1.791319177053141420e-01 -8.341015125436845867e-02 -3.017002276878564260e-01 -9.497471870907487901e-01 7.591231930490552893e-01 5.981972425584379804e-01 -2.566944424270904967e-01 1.203486358943139239e-04 -7.665977105176846607e-01 3.966488038186546938e-01
1.589264473222008944e+09 6.469534748368240828e-01 -7.397835571891134832e-01 1.848553218448452662e-01 -9.616444036303067877e-02 -3.196434256738102664e-01 -9.426454693781470828e-01 7.564414067484549475e-01 5.920712533241977438e-01 -2.779352966897135624e-01 -4.381154527171942335e-03 -7.716467058683548208e-01 4.019650112165629174e-01
1.589264473222040892e+09 6.483639813384748374e-01 -7.372368954832757559e-01 1.900155460647476868e-01 -1.092911535491756930e-01 -3.371274787690773378e-01 -9.350938492582797634e-01 7.534451482998602012e-01 5.855141527533072043e-01 -2.991547850719512569e-01 -8.832623259912679436e-03 -7.764440129018274073e-01 4.075496524068029647e-01
1.589264473222069979e+09 6.497951131660827384e-01 -7.347695106325098369e-01 1.946280484809946310e-01 -1.227668931659167684e-01 -3.541419580401060641e-01 -9.270985727547416122e-01 7.501297227054335437e-01 5.785302411097805741e-01 -3.203250836849895200e-01 -1.322460336626136296e-02 -7.809970950314517601e-01 4.133804242032233511e-01
1.589264473222099066e+09 6.512317882341210895e-01 -7.324010025919822642e-01 1.987106678083204736e-01 -1.365667969610908083e-01 -3.706785499769170711e-01 -9.186658384095759411e-01 7.464895632224010091e-01 5.711271172586611655e-01 -3.414193139444626768e-01 -1.754891856939107264e-02 -7.853147305490463248e-01 4.194365176170216647e-01
1.589264473222130060e+09 6.526611948516705120e-01 -7.301470963120343383e-01 2.022834214340740178e-01 -1.506645331476862693e-01 -3.867312454678435429e-01 -9.098017049534754541e-01 7.425183925166797261e-01 5.633153305260820698e-01 -3.624117481142184460e-01 -2.179857481726055202e-02 -7.894066133180481781e-01 4.256986947987211889e-01
1.589264473222157955e+09 6.540727677879062396e-01 -7.280197112430891737e-01 2.053682414225170838e-01 -1.650323850461047903e-01 -4.022964636170687780e-01 -9.005120028923352393e-01 7.382094054970238517e-01 5.551079674110875883e-01 -3.832779906998682873e-01 -2.596764257549803723e-02 -7.932830006149012014e-01 4.321493103838541794e-01
1.589264473222224951e+09 6.554581157620823495e-01 -7.260271055895103354e-01 2.079887029050358493e-01 -1.796413776026682396e-01 -4.173731270378363001e-01 -8.908022498768423114e-01 7.335554743680463563e-01 5.465201870538445306e-01 -4.039951128043107187e-01 -3.005112607355328938e-02 -7.969544126903012060e-01 4.387722886994369631e-01
1.589264473222253084e+09 6.568109078993497052e-01 -7.241740775263367791e-01 2.101697809117471227e-01 -1.944614150585018131e-01 -4.319627011101540015e-01 -8.806775704019237372e-01 7.285493733161187979e-01 5.375687215331356184e-01 -4.245417297185131722e-01 -3.404482713224259854e-02 -8.004313852234157256e-01 4.455530673960600985e-01
1.589264473222282887e+09 6.581267280903226879e-01 -7.224622074311214392e-01 2.119376528889056477e-01 -2.094614152344662084e-01 -4.460692026216017125e-01 -8.701426217043234379e-01 7.231840190043788974e-01 5.282713558290369482e-01 -4.448980212022655700e-01 -3.794520938861246223e-02 -8.037242723769015829e-01 4.524785174408744171e-01
1.589264473222316980e+09 6.594029040007463038e-01 -7.208901318434618455e-01 2.133195446068630596e-01 -2.246094417619805828e-01 -4.596991728005462297e-01 -8.592015300869961791e-01 7.174527224213630427e-01 5.186464001815631608e-01 -4.650456995515031000e-01 -4.174926753524367540e-02 -8.068430969201177971e-01 4.595368473396629905e-01
1.589264473222357035e+09 6.606383176990662243e-01 -7.194538391256801724e-01 2.143436181934236240e-01 -2.398728336879823175e-01 -4.728616128062691493e-01 -8.478578412084906146e-01 7.113494478034101398e-01 5.087121667373272205e-01 -4.849679314404856667e-01 -4.545440569242519685e-02 -8.097974439182237250e-01 4.667174970961459612e-01
1.589264473222410917e+09 6.618331769665785069e-01 -7.181470408352009782e-01 2.150387725763666935e-01 -2.552184337888050991e-01 -4.855677818527096568e-01 -8.361145139195941267e-01 7.048690637030676776e-01 4.984864662678748504e-01 -5.046492306390587546e-01 -4.905832810874154182e-02 -8.125963935038109653e-01 4.740110264413033292e-01
