1.589264478383021116e+09 8.760704250749880018e-01 -3.754604680029983155e-01 -3.025393322048115508e-01 -4.821547689730192321e-01 -6.753175416241602447e-01 -5.580976592701633043e-01 5.233490262132383872e-03 6.348036352565749052e-01 -7.726557808267743299e-01 -2.473224922188483055e-01 -9.477008756781938326e-01 3.249438612870713117e-01
1.589264478383066893e+09 8.678140178677383743e-01 -3.865923772056303886e-01 -3.121620805507749896e-01 -4.966873227318642781e-01 -6.928113055549085519e-01 -5.227946048730128803e-01 -1.416100948931931121e-02 6.087354344680671048e-01 -7.932468953822303659e-01 -2.623940888446786301e-01 -9.445386774229462823e-01 3.300720696563355094e-01
1.589264478383088112e+09 8.590789150419350095e-01 -3.982609967144108976e-01 -3.215145354124420707e-01 -5.107057564465723454e-01 -7.088098384084643433e-01 -4.865883720963652959e-01 -3.410349583387633360e-02 5.822171346400838443e-01 -8.123177703976619535e-01 -2.773531539929872669e-01 -9.410619352157397755e-01 3.353246573313961032e-01
1.589264478383105040e+09 8.498402621956825387e-01 -4.104577953926065170e-01 -3.305993454439748458e-01 -5.242055454054520558e-01 -7.232659354886696867e-01 -4.495497005672655089e-01 -5.459006583990991257e-02 5.553474454450431086e-01 -8.298247646039678127e-01 -2.921994597961192763e-01 -9.372900665547674315e-01 3.406922689644530378e-01
1.589264478383120060e+09 8.400723383076191819e-01 -4.231695707871809264e-01 -3.394200657392754672e-01 -5.371779836368512084e-01 -7.361386488355864399e-01 -4.117519934863473341e-01 -7.561931422330724073e-02 5.282304463509714942e-01 -8.457270926639346431e-01 -3.069342785243939775e-01 -9.332438253102263159e-01 3.461662156879995456e-01
1.589264478383131981e+09 8.297490608523568900e-01 -4.363780257378162553e-01 -3.479809117262380180e-01 -5.496092024794901887e-01 -7.473944040328054372e-01 -3.732711212058610895e-01 -9.719167119175056713e-02 5.009748735004817544e-01 -8.599871833783432340e-01 -3.215602443452368897e-01 -9.289447101601483459e-01 3.517384483332557932e-01
1.589264478383150101e+09 8.188444579715405958e-01 -4.500595568030529847e-01 -3.562866110872425773e-01 -5.614794905900457600e-01 -7.570079630556166839e-01 -3.341851673493227981e-01 -1.193085734075058912e-01 4.736932969864104392e-01 -8.725709857120145241e-01 -3.360811781126740172e-01 -9.244144441518836741e-01 3.574015054860978369e-01
1.589264478383167982e+09 8.073328879186587592e-01 -4.641853628113178365e-01 -3.643426372248539935e-01 -5.727631875215609680e-01 -7.649629969500645332e-01 -2.945741755144757890e-01 -1.419716151416386962e-01 4.465014699442480528e-01 -8.834480733121172769e-01 -3.505018860162219529e-01 -9.196745250843779695e-01 3.631484520355617307e-01
1.589264478383187056e+09 7.951888728682976470e-01 -4.787218213770270681e-01 -3.721559813703584907e-01 -5.834291823398741750e-01 -7.712522106095067720e-01 -2.545199744422758648e-01 -1.651818575683970947e-01 4.195181113904504211e-01 -8.925914566895739588e-01 -3.648279431764031577e-01 -9.147458461760711312e-01 3.689728193183691163e-01
1.589264478383203983e+09 7.823865987607826478e-01 -4.936309290088630175e-01 -3.797363773364714201e-01 -5.934417557711652025e-01 -7.758772101437863000e-01 -2.141061368918542041e-01 -1.889393897608519501e-01 3.928651945958040459e-01 -8.999771365336751705e-01 -3.790654715051599566e-01 -9.096483831464577952e-01 3.748685551912799840e-01
1.589264478383222103e+09 7.688993167456220634e-01 -5.088705580233457981e-01 -3.870976571259122090e-01 -6.027613413028265477e-01 -7.788484703552139843e-01 -1.734180677558788963e-01 -2.132430691989655458e-01 3.666685367210648083e-01 -9.055835566245633572e-01 -3.932209180785868341e-01 -9.044009397136906214e-01 3.808299907116247107e-01
1.589264478383239985e+09 7.550043379952472433e-01 -5.242979518147562468e-01 -3.938021173107835726e-01 -6.110429447838083838e-01 -7.804386288711410158e-01 -1.324464675394822488e-01 -2.378969727983177851e-01 3.406276628613768009e-01 -9.096031145715960387e-01 -4.072257802495508616e-01 -8.988940804673631879e-01 3.869118802657451894e-01
1.589264478383258104e+09 7.407214928877483562e-01 -5.398788691664084816e-01 -3.998280591316617505e-01 -6.182519777486853441e-01 -7.806637892350916097e-01 -9.126083910949622791e-02 -2.628614890354617484e-01 3.147933532036120696e-01 -9.120356258240360781e-01 -4.210759653438313488e-01 -8.931400545279765124e-01 3.931178936460707485e-01
1.589264478383280039e+09 7.260642279193418869e-01 -5.555810269879516428e-01 -4.051671996276959287e-01 -6.243625597202759892e-01 -7.795370854095923230e-01 -4.993322599917453947e-02 -2.881009048836831732e-01 2.892259589609549320e-01 -9.128779840042559046e-01 -4.347673601693270995e-01 -8.871503126819195728e-01 3.994519084931032471e-01
1.589264478383306980e+09 7.110382042821236093e-01 -5.713730642369085899e-01 -4.098261750828329220e-01 -6.293560665679557298e-01 -7.770701630436894769e-01 -8.538369246321973749e-03 -3.135850984499650163e-01 2.639976961726364091e-01 -9.121236773908578677e-01 -4.482957918606489400e-01 -8.809356378478472305e-01 4.059180044103598006e-01
1.589264478383325100e+09 6.956403340010400838e-01 -5.872232732537827626e-01 -4.138276855495301443e-01 -6.332189536542331965e-01 -7.732754244966745238e-01 3.284623525683995349e-02 -3.392908529467620338e-01 2.391943678869738188e-01 -9.097624810296176534e-01 -4.616570004603776645e-01 -8.745062678389723398e-01 4.125204546959314600e-01
1.589264478383343935e+09 6.798585318587597737e-01 -6.030981876791725593e-01 -4.172109214104965380e-01 -6.359399054559520259e-01 -7.681690194367517543e-01 7.414037222914239555e-02 -3.652024284715097435e-01 2.149161092220322200e-01 -9.057804660328743207e-01 -4.748466223453899904e-01 -8.678720111411797333e-01 4.192637147626127048e-01
1.589264478383363008e+09 6.636719608240216894e-01 -6.189611609219516364e-01 -4.200316773213592092e-01 -6.375067703981827094e-01 -7.617742463270564812e-01 1.152610771134194578e-01 -3.913114444668268077e-01 1.912774929449808370e-01 -9.001601382716988287e-01 -4.878601842920842757e-01 -8.610423566140706919e-01 4.261524060916946910e-01
1.589264478383380890e+09 6.470518862122526249e-01 -6.347709951568141218e-01 -4.223619780757259523e-01 -6.379034656772125667e-01 -7.541252758314623827e-01 1.561225076571080839e-01 -4.176158827060632017e-01 1.684068064556663025e-01 -8.928807996941110492e-01 -5.006931087326570440e-01 -8.540265781148811408e-01 4.331912942197392868e-01
1.589264478383399963e+09 6.299632425724566165e-01 -6.504807106657541915e-01 -4.242890033062579613e-01 -6.371071136413473113e-01 -7.452710389753496312e-01 1.966357159323200987e-01 -4.441180464932902305e-01 1.464442689675238829e-01 -8.839192481651856337e-01 -5.133407311751706503e-01 -8.468338346186650156e-01 4.403852591400267413e-01
1.589264478383416891e+09 6.123669913775838802e-01 -6.660365909687767649e-01 -4.259130517242958880e-01 -6.350857465733465990e-01 -7.352790225412907388e-01 2.367083734854363852e-01 -4.708213704152142687e-01 1.255389138649084524e-01 -8.732509482830892455e-01 -5.257983303507373085e-01 -8.394732652464189648e-01 4.477392570337660471e-01
1.589264478383434057e+09 5.942231356551648247e-01 -6.813776493755258068e-01 -4.273445498083168759e-01 -6.317970005317523619e-01 -7.242385798547186226e-01 2.762445115058816403e-01 -4.977262456845906735e-01 1.058441248729498907e-01 -8.608516747953491866e-01 -5.380611707417893852e-01 -8.319540774241076520e-01 4.552582731767875757e-01
1.589264478383450985e+09 5.754942407394729731e-01 -6.964356843311361178e-01 -4.287000311793388030e-01 -6.271881435324094811e-01 -7.122633128553801374e-01 3.151444214017925516e-01 -5.248251251251966343e-01 8.751177711912749846e-02 -8.466996381918026060e-01 -5.501245564356266327e-01 -8.242856258754087673e-01 4.629472666199104802e-01
1.589264478383467913e+09 5.561489796631556848e-01 -7.111359755592735477e-01 -4.300975900330499258e-01 -6.211976723514098797e-01 -6.994920879294667104e-01 3.533047853586019915e-01 -5.520976043795090549e-01 7.068552587863698167e-02 -8.307778235370893993e-01 -5.619838938287107233e-01 -8.164774794868511210e-01 4.708111085748344915e-01
1.589264478383488894e+09 5.361653624966189469e-01 -7.253986420622415832e-01 -4.316520756585926488e-01 -6.137584274067450218e-01 -6.860883811577307423e-01 3.906191579986650897e-01 -5.795060804897381734e-01 5.549363665380559196e-02 -8.130763551953236190e-01 -5.736347597813079568e-01 -8.085394733245248045e-01 4.788545173323455195e-01
1.589264478383506060e+09 5.155332253508995155e-01 -7.391405332341967060e-01 -4.334706056433495491e-01 -6.048019245104966357e-01 -6.722378556535439920e-01 4.269788028728672136e-01 -6.069926903575529886e-01 4.204209707093017889e-02 -7.935945667264449055e-01 -5.850729710416356921e-01 -8.004817437157799587e-01 4.870819932778668870e-01
1.589264478383523941e+09 4.942557324254494011e-01 -7.522774519247742431e-01 -4.356488339906324780e-01 -5.942633760992983571e-01 -6.581443224829476302e-01 4.622738270533473526e-01 -6.344779832841085376e-01 3.040865787327987069e-02 -7.723425423123032596e-01 -5.962946497297789694e-01 -7.923147450508858380e-01 4.954977584803950119e-01
1.589264478383541107e+09 4.723498533252731280e-01 -7.647265068014637013e-01 -4.382681669093365096e-01 -5.820867987294970902e-01 -6.440244044396652434e-01 4.963945263588257495e-01 -6.618614471997829041e-01 2.063823251053492971e-02 -7.493420370437025024e-01 -6.072962808693692649e-01 -7.840492490020013472e-01 5.041057042893195561e-01
1.589264478383558035e+09 4.498458829359321953e-01 -7.764083629879170445e-01 -4.413940821479832022e-01 -5.682296275669952434e-01 -6.301013779851964980e-01 5.292327884629343115e-01 -6.890237822030812476e-01 1.274000387300338634e-02 -7.246267454843440259e-01 -6.180747582189977107e-01 -7.756963279547868240e-01 5.129093501088856089e-01
1.589264478383624077e+09 4.267861140023739841e-01 -7.872490338356816775e-01 -4.450759169925787018e-01 -5.526662985557345698e-01 -6.165989361333170660e-01 5.606832572567044259e-01 -7.158306893501673596e-01 6.686631040171236301e-03 -6.982418732510622394e-01 -6.286274160545535228e-01 -7.672673257836239991e-01 5.219118152555397572e-01
1.589264478383637905e+09 4.032230626469486268e-01 -7.971812040211117001e-01 -4.493476270909996240e-01 -5.353906023886285670e-01 -6.037352859433781083e-01 5.906442312838002806e-01 -7.421374974372513256e-01 2.415120848939782822e-03 -6.702433158937241009e-01 -6.389520469405886027e-01 -7.587738201568191565e-01 5.311158036815297745e-01
1.589264478383660078e+09 3.792175362741118660e-01 -8.061451110374214801e-01 -4.542291496589606625e-01 -5.164168071131240989e-01 -5.917178643940517180e-01 6.190182960592128802e-01 -7.677940752509317957e-01 -1.710260027496107726e-04 -6.406966748556046642e-01 -6.490469072720764787e-01 -7.502275805938590780e-01 5.405235998065591740e-01
1.589264478383678913e+09 3.548367320123947399e-01 -8.140889563357460723e-01 -4.597282513117790237e-01 -4.957796302791934173e-01 -5.807389557425944870e-01 6.457126482044854843e-01 -7.926496403140190772e-01 -1.198663470194255044e-03 -6.096762348388667929e-01 -6.589107131457374589e-01 -7.416405257977140009e-01 5.501370730250830787e-01
1.589264478383697033e+09 3.301525321827972204e-01 -8.209689893127114502e-01 -4.658424887742622644e-01 -4.735333031408433535e-01 -5.709721923005931510e-01 6.706392226853414851e-01 -8.165571117699635950e-01 -8.213051242204226152e-04 -5.772640722296370486e-01 -6.685426285455200457e-01 -7.330246827408182231e-01 5.599576889862937223e-01
1.589264478383716106e+09 3.052400614614411145e-01 -8.267493492163605628e-01 -4.725611269630485833e-01 -4.497499561355648989e-01 -5.625699049414696340e-01 6.937146960950342223e-01 -8.393768416535520860e-01 7.848296240749999195e-04 -5.435493557622198546e-01 -6.779422474140243127e-01 -7.243921492577727328e-01 5.699865261320867793e-01
1.589264478383733988e+09 2.801765335900835985e-01 -8.314016843341767160e-01 -4.798670123888341688e-01 -4.245175157217345174e-01 -5.556613267425767333e-01 7.148603845340352203e-01 -8.609796683642776394e-01 3.424847410046119416e-03 -5.086278418400939083e-01 -6.871095719380501121e-01 -7.157550614030822045e-01 5.802242953307993334e-01
1.589264478383752108e+09 2.550403964906601817e-01 -8.349046322893327599e-01 -4.877383021733557866e-01 -3.979373185736755358e-01 -5.503515202500726122e-01 7.340021084525912842e-01 -8.812492763720602973e-01 6.889083340844107985e-03 -4.726015804414943622e-01 -6.960449886171404810e-01 -7.071255661526749670e-01 5.906713611484089022e-01
