1.583561769474119902e+09 -3.507374397487506013e-02 1.292342642048060486e-01 9.909936112955658460e-01 2.275083414615391153e-01 -9.645350688565902386e-01 1.338359276238214046e-01 9.731442787273208994e-01 2.301534399745333581e-01 4.427982945550737112e-03 4.239379682733437210e-03 1.599933412670911270e+00 1.634847092421652048e+00
1.583561769474158049e+09 -5.659263746473779805e-02 1.227436141626106342e-01 9.908235356295065355e-01 2.324867497882024125e-01 -9.635127118190681683e-01 1.326392300479622977e-01 9.709516902136740013e-01 2.378597472814267255e-01 2.599146167346814973e-02 -1.557446953569674919e-03 1.599337072719577035e+00 1.630047693158637401e+00
1.583561769474174023e+09 -7.807997515027943758e-02 1.165003287493104334e-01 9.901167562838562031e-01 2.378244686300968747e-01 -9.622994796723389754e-01 1.319819440493752438e-01 9.681647792468778269e-01 2.457791383661117601e-01 4.742969067449272214e-02 -7.309806587135556609e-03 1.598697610195936702e+00 1.625200580615586476e+00
1.583561769474189043e+09 -9.951758385790385186e-02 1.104359596946587335e-01 9.888883402613450890e-01 2.434200308701074122e-01 -9.609229449355457531e-01 1.318096448666298270e-01 9.648020207536212034e-01 2.538326077090248267e-01 6.874640503007206638e-02 -1.301921735676741729e-02 1.598011577447139508e+00 1.620309257541713510e+00
1.583561769474203110e+09 -1.208901891544635898e-01 1.044808516730087594e-01 9.871521230285335013e-01 2.491871443756287219e-01 -9.594090355338111831e-01 1.320608557709732067e-01 9.608804969530884144e-01 2.619504804445534352e-01 8.994785470642760461e-02 -1.868718755734918510e-02 1.597275449324687457e+00 1.615377190746266844e+00
1.583561769474216938e+09 -1.421839409706173452e-01 9.856751763297914859e-02 9.849203884595166825e-01 2.550553412270671338e-01 -9.577813094629452628e-01 1.326715348859996146e-01 9.564154432194074129e-01 2.700729674525726987e-01 1.110409493184697505e-01 -2.431522204750961175e-02 1.596485580821031869e+00 1.610407845799107562e+00
1.583561769474229097e+09 -1.633853358645018516e-01 9.263371712532746105e-02 9.822037602699188463e-01 2.609696463486086970e-01 -9.560603685842657962e-01 1.335792473502432076e-01 9.514200312711094121e-01 2.781502581594329504e-01 1.320316560249490401e-01 -2.990483599432786077e-02 1.595638165974027078e+00 1.605404731001426111e+00
1.583561769474245071e+09 -1.844806151388599103e-01 8.662513244609468255e-02 9.790112304193194781e-01 2.668894378247660404e-01 -9.542634317151291734e-01 1.347268751440677814e-01 9.459053498208426225e-01 2.861422537183668791e-01 1.529237719830483788e-01 -3.545757612831984540e-02 1.594729199818877952e+00 1.600371450638841786e+00
1.583561769474261999e+09 -2.054556426191762875e-01 8.049759313486752610e-02 9.753502533168229016e-01 2.727866897131661639e-01 -9.524040756853305867e-01 1.360657875903105440e-01 9.398805248786372690e-01 2.940180507449207115e-01 1.737181194382443339e-01 -4.097504918412472191e-02 1.593754444596532149e+00 1.595311767149438342e+00
1.583561769474280119e+09 -2.262961883215989511e-01 7.421869637701103417e-02 9.712268635594130117e-01 2.786437387747551786e-01 -9.504921797383162341e-01 1.375582898968067125e-01 9.333529355070668831e-01 3.017552011389342814e-01 1.944121822556192647e-01 -4.645895734390066700e-02 1.592709401644423872e+00 1.590229672088627311e+00
1.583561769474297047e+09 -2.470922146521057350e-01 6.773571931065149043e-02 9.666215960902323490e-01 2.844798192348024224e-01 -9.485241441650005267e-01 1.391875727412150432e-01 9.262918925117492597e-01 3.093765025273826907e-01 2.151034862441241757e-01 -5.191114064104346282e-02 1.591589290871643358e+00 1.585129465931790493e+00
1.583561769474313974e+09 -2.678450436844417859e-01 6.197077050081908206e-02 9.614669294455510107e-01 2.904002361893887052e-01 -9.463264036518109767e-01 1.418944699203625592e-01 9.186548511933021466e-01 3.172159538960938607e-01 2.354725105320208955e-01 -5.731929095176165750e-02 1.590353606469151471e+00 1.580009109697575020e+00
1.583561769474338055e+09 -2.885358352643585533e-01 5.708991851581247945e-02 9.557655639393997093e-01 2.963460353258240976e-01 -9.438795583424657298e-01 1.458437750173143532e-01 9.104537875920637457e-01 3.253184910194544810e-01 2.554247057422988076e-01 -6.268889162076986266e-02 1.589007851471135879e+00 1.574875944413676176e+00
1.583561769474354029e+09 -3.091298024427469593e-01 5.326972563670313854e-02 9.495267778280612747e-01 3.022372343773511161e-01 -9.411652068798247450e-01 1.511975778119159786e-01 9.017158197697435762e-01 3.337220246590558159e-01 2.748421199123040060e-01 -6.802521981459180855e-02 1.587557700288431795e+00 1.569736516756221834e+00
1.583561769474368095e+09 -3.295721143506027961e-01 5.069357621616667198e-02 9.427684673413354588e-01 3.079723455754574957e-01 -9.381659138733254855e-01 1.581067754031509343e-01 8.924882385937831231e-01 3.424542004866134026e-01 2.935811042698253659e-01 -7.333325924669342744e-02 1.586008792483571517e+00 1.564596608615959283e+00
1.583561769474383116e+09 -3.497842074506747889e-01 4.954679794067778226e-02 9.355191731184191450e-01 3.134294684736283476e-01 -9.348650438086761882e-01 1.667012842732292777e-01 8.828436875999674527e-01 3.515287537799659523e-01 3.114716018744636550e-01 -7.861763654820123903e-02 1.584366513129175535e+00 1.559461306409815728e+00
1.583561769474394083e+09 -3.696608932387787094e-01 5.001053553586597145e-02 9.278199020206269187e-01 3.184692876056604005e-01 -9.312465853436181495e-01 1.770793894251887768e-01 8.728849506585749651e-01 3.609414684938995199e-01 3.283186249342150975e-01 -8.388258677509950745e-02 1.582635768379406116e+00 1.554335111387153523e+00
1.583561769474409103e+09 -3.890686987077692782e-01 5.225420567274950689e-02 9.197255274893672006e-01 3.229402208102883365e-01 -9.272951925041237331e-01 1.892966977079777458e-01 8.627486086299919199e-01 3.706657847810277406e-01 3.439065491425357113e-01 -8.913195230509303457e-02 1.580820766245172315e+00 1.549222090511377381e+00
1.583561769474426031e+09 -4.078459694529146806e-01 5.642648408785098241e-02 9.113055016484524762e-01 3.266858204517972264e-01 -9.229967115023963720e-01 2.033554653627518416e-01 8.526066151166927787e-01 3.806482924043952942e-01 3.580067563501047601e-01 -9.436921767913815373e-02 1.578924813731778176e+00 1.544126065672387860e+00
1.583561769474438906e+09 -4.258053040898002184e-01 6.264514644684515687e-02 9.026435779840723539e-01 3.295542294663686422e-01 -9.183394386763742423e-01 2.191955410901260948e-01 8.426647334935599698e-01 3.908046328559074412e-01 3.703888309709631455e-01 -9.959758077121946829e-02 1.576950142255739706e+00 1.539050837044056985e+00
1.583561769474450111e+09 -4.427388627247411113e-01 7.098636775587484349e-02 8.938362463372541145e-01 3.314090804973872095e-01 -9.133162736313914509e-01 2.366884148101649488e-01 8.331568405895143359e-01 4.010166081085040912e-01 3.808350814243597338e-01 -1.048200580465545734e-01 1.574897772924997330e+00 1.534000434591825224e+00
1.583561769474464893e+09 -4.584268909648781531e-01 8.147459250738652015e-02 8.849896477678554918e-01 3.321407078009296909e-01 -9.079277235802952761e-01 2.556360674811041234e-01 8.243344807091297355e-01 4.111315356412965083e-01 3.891574547129842410e-01 -1.100396189114764695e-01 1.572767432606967164e+00 1.528979390059326038e+00
1.583561769474478006e+09 -4.726493282644582128e-01 9.407459542161490662e-02 8.762149184005358915e-01 3.316760360475394243e-01 -9.021854122818387944e-01 2.757761574158345552e-01 8.164518478315104799e-01 4.209649064159607934e-01 3.952150401770698762e-01 -1.152593413543910456e-01 1.570557530943385682e+00 1.523993020042297086e+00
1.583561769474488974e+09 -4.851996831779594732e-01 1.086875351118261612e-01 8.676222031481013452e-01 3.299852727941413044e-01 -8.961154287063324286e-01 2.967943028342109324e-01 8.097474837305584927e-01 4.303070510933390547e-01 3.989296361701308302e-01 -1.204825783139435447e-01 1.568265205987486866e+00 1.519047709571627713e+00
1.583561769474502087e+09 -4.958997692706048621e-01 1.251523449313607372e-01 8.593138597950020774e-01 3.270838585095798279e-01 -8.897606240156307189e-01 3.183428677938358042e-01 8.044249925042074034e-01 4.389338476213667239e-01 4.002967762677562824e-01 -1.257131219368843589e-01 1.565886443208168277e+00 1.514151184810279105e+00
1.583561769474517107e+09 -5.046135152227001486e-01 1.432530264376728757e-01 8.513775724737403516e-01 3.230289733469268731e-01 -8.831809258836906817e-01 3.400643094402297506e-01 8.006356742359336254e-01 4.466206697560383132e-01 3.993901535227041277e-01 -1.309553513219058607e-01 1.563416269035284190e+00 1.509312763133684232e+00
1.583561769474530935e+09 -5.112579110869880372e-01 1.627315074161808373e-01 8.438802077814532288e-01 3.179110217832579743e-01 -8.764509905965411907e-01 3.616161546895679813e-01 7.984659860048153313e-01 4.531579389810902470e-01 3.963583628173095175e-01 -1.362143487702275613e-01 1.560849015890025893e+00 1.504543569195853525e+00
1.583561769474543095e+09 -5.158093923055842023e-01 1.833047140413816833e-01 8.368632223128180669e-01 3.118416410913588677e-01 -8.696550601441742634e-01 3.826942216293368615e-01 7.979319907852673310e-01 4.583660745131424297e-01 3.914142052357347246e-01 -1.414959702664067842e-01 1.558178650889195271e+00 1.499856706831417918e+00
1.583561769474558115e+09 -5.183047999200509626e-01 2.046835770741834426e-01 8.303401519234118178e-01 3.049406086939441818e-01 -8.628795365265318207e-01 4.030510273334229066e-01 7.989814514604155482e-01 4.621077134307057244e-01 3.848182709455229555e-01 -1.468068578677752256e-01 1.555399156388736159e+00 1.495267378242503220e+00
1.583561769474570990e+09 -5.188370323310067533e-01 2.265914182389210663e-01 8.242963443462977269e-01 2.973241528581895277e-01 -8.562043096416319665e-01 4.225074298750963742e-01 8.015026401943851075e-01 4.642957133415273607e-01 3.768594016043140815e-01 -1.521543845479890189e-01 1.552504947886498954e+00 1.490792943167639883e+00
1.583561769474582911e+09 -5.175463198815829502e-01 2.487795046973030610e-01 8.186907627791073505e-01 2.890966239399341831e-01 -8.496941295642083114e-01 4.409569460072692570e-01 8.053377856737488072e-01 4.648963802029430492e-01 3.678347548611374807e-01 -1.575465256883197829e-01 1.549491312737121262e+00 1.486452911969822432e+00
1.583561769474596024e+09 -5.146085332471039830e-01 2.710382879266556855e-01 8.134594668619288260e-01 2.803465314894019178e-01 -8.433912628664467226e-01 4.583633929796368522e-01 8.102986363201781783e-01 4.639282533977450718e-01 3.580316968096911578e-01 -1.629916556754744672e-01 1.546354851654549334e+00 1.482268867874818596e+00
1.583561769474610090e+09 -5.102221229958420201e-01 2.932036832606734755e-01 8.085202443774875958e-01 2.711469671991710850e-01 -8.373103487043549453e-01 4.747533066263849300e-01 8.161817858886559751e-01 4.614574521886407044e-01 3.477129742282014657e-01 -1.684982726327532154e-01 1.543093904357600410e+00 1.478264314703702897e+00
1.583561769474622965e+09 -5.045951014739282758e-01 3.151585235691405917e-01 8.037778852584074318e-01 2.615596282277738993e-01 -8.314359537164955904e-01 4.902048712225260396e-01 8.227820760583058890e-01 4.575908215837698467e-01 3.371057631707358171e-01 -1.740746592971977869e-01 1.539708940128131642e+00 1.474464448571687791e+00
1.583561769474639893e+09 -4.979330418765267607e-01 3.368298365201198852e-01 7.991297437072784060e-01 2.516411338016728561e-01 -8.257229992046657419e-01 5.048348922022556362e-01 8.299032629291169805e-01 4.524678882811477565e-01 3.263945227748978328e-01 -1.797284927369050544e-01 1.536202894772495275e+00 1.470895854018218429e+00
1.583561769474656105e+09 -4.904287882158379630e-01 3.581828459930874731e-01 7.944713039283918254e-01 2.414501755334928224e-01 -8.200999195713570833e-01 5.187850563338366472e-01 8.373657603810971128e-01 4.462523623124632355e-01 3.157172987268559439e-01 -1.854664196783195329e-01 1.532581437135686286e+00 1.467586127037656674e+00
1.583561769474672079e+09 -4.822543285482980835e-01 3.792127195492167036e-01 7.897015108056710808e-01 2.310541222043637766e-01 -8.144741638266578265e-01 5.322084451534384586e-01 8.450116895311106102e-01 4.391236157482303337e-01 3.051650289456969700e-01 -1.912936168310371277e-01 1.528853151432497670e+00 1.464563427458798639e+00
1.583561769474684000e+09 -4.735550797400781553e-01 3.999351154216428395e-01 7.847276534857730024e-01 2.205339315773315045e-01 -8.087394773931325664e-01 5.452570428250613777e-01 8.527076707240295317e-01 4.312683170349192463e-01 2.947834243198185766e-01 -1.972133580426455868e-01 1.525029623686152913e+00 1.461855964948457931e+00
1.583561769474698067e+09 -4.644466665681640793e-01 4.203765520603064965e-01 7.794695944242154839e-01 2.099865481742659856e-01 -8.027842814397831983e-01 5.580708262223269545e-01 8.603458279880773496e-01 4.228722644882533799e-01 2.845770623812399758e-01 -2.032266118980543823e-01 1.521125422723870857e+00 1.459491425543003373e+00
1.583561769474711895e+09 -4.550141347858980279e-01 4.405655440050896265e-01 7.738631266708486667e-01 1.995243453525333832e-01 -7.965003893474442709e-01 5.707689246993179477e-01 8.678434034975873734e-01 4.141124621766508751e-01 2.745153837568405364e-01 -2.093316944290675996e-01 1.517157968616951624e+00 1.457496349383706757e+00
1.583561769474725008e+09 -4.453134256221091825e-01 4.605253337009270753e-01 7.678622078345789248e-01 1.892716382455541246e-01 -7.897912121041789080e-01 5.834433033811075031e-01 8.751412458310748876e-01 4.051496741090978015e-01 2.645402458189982653e-01 -2.155240017857771584e-01 1.513147284470691245e+00 1.455895475884558365e+00
1.583561769474736929e+09 -4.353747912333560954e-01 4.802688562274714523e-01 7.614398315932192629e-01 1.793588145506986031e-01 -7.825785738428396865e-01 5.961553416908031977e-01 8.822013415543346060e-01 3.961219529780339865e-01 2.545745304857711111e-01 -2.217958467849818482e-01 1.509115631693043635e+00 1.454711081580869481e+00
1.583561769474751949e+09 -4.252076282322203027e-01 4.997962446162769190e-01 7.545874283347416833e-01 1.699150076305227242e-01 -7.748074339540012012e-01 6.089354074882973311e-01 8.890035789097495700e-01 3.871397090086459714e-01 2.445311486044422500e-01 -2.281364190594455943e-01 1.505087035680027441e+00 1.453962341923014545e+00
1.583561769474765062e+09 -4.148060784765711939e-01 5.190947958245597516e-01 7.473128598164154868e-01 1.610604777711977798e-01 -7.664480926549972484e-01 6.217852071149919668e-01 8.955419811481415415e-01 3.782828496652577144e-01 2.343216718398962173e-01 -2.345318817513472043e-01 1.501086716777822572e+00 1.453664752751403944e+00
1.583561769474781036e+09 -4.041547097230513419e-01 5.381409442079772010e-01 7.396372725977681251e-01 1.528998935986583818e-01 -7.574958242127778352e-01 6.346823606018420216e-01 9.018207102225528349e-01 3.696003254977485719e-01 2.238638118345597783e-01 -2.409656085179478213e-01 1.497140449866291245e+00 1.453829649787436118e+00
1.583561769474797964e+09 -3.932336578268352811e-01 5.569035184646722314e-01 7.315912531694443999e-01 1.455174854498674508e-01 -7.479682714448535608e-01 6.475863852502989904e-01 9.078501814842059314e-01 3.611120825697489156e-01 2.130870996674447404e-01 -2.474185532911827579e-01 1.493273883750523501e+00 1.454463861031237260e+00
1.583561769474814892e+09 -3.820227796618652638e-01 5.753474604916253288e-01 7.232108238719203719e-01 1.389745978482836153e-01 -7.379012602995379533e-01 6.604451462632339176e-01 9.136436160850781585e-01 3.528130239973813476e-01 2.019364086247351087e-01 -2.538697337620277050e-01 1.489511856437720327e+00 1.455569516811834108e+00
1.583561769474833012e+09 -3.705045763272933335e-01 5.934372717721874135e-01 7.145338085999557443e-01 1.333097782883350957e-01 -7.273438184758906910e-01 6.732009155958037505e-01 9.192142634740485541e-01 3.446783636205392187e-01 1.903732221747065079e-01 -2.602968004075728037e-01 1.485877742917512068e+00 1.457144028459934182e+00
1.583561769474848986e+09 -3.586658850551364131e-01 6.111396837095780521e-01 7.055969601218636811e-01 1.285409000663031431e-01 -7.163532336543543266e-01 6.857953642774917702e-01 9.245734260451143882e-01 3.366694696339976867e-01 1.783750215445323861e-01 -2.666766573606744184e-01 1.482392868777557604e+00 1.459180233547836547e+00
1.583561769474864006e+09 -3.464985118749535631e-01 6.284253422163168512e-01 6.964340390654309987e-01 1.246686478816152466e-01 -7.049907531308268194e-01 6.981731635180504769e-01 9.297292669078218719e-01 3.287394521796389024e-01 1.659333091308833330e-01 -2.729860994115140826e-01 1.479076017198660109e+00 1.461666694945786160e+00
1.583561769474881887e+09 -3.339990908488992827e-01 6.452695550625083820e-01 6.870748204248090518e-01 1.216805594830255993e-01 -6.933182763687401051e-01 7.102841749035241348e-01 9.346862837322525985e-01 3.208379172187094119e-01 1.530509134928695891e-01 -2.792024302826844329e-01 1.475943049762873605e+00 1.464588132814181431e+00
1.583561769474900007e+09 -3.211684488609403143e-01 6.616522923114648291e-01 6.775448854323112835e-01 1.195550490687502937e-01 -6.813961162437914831e-01 7.220844292958055188e-01 9.394452713913921116e-01 3.129146481282878423e-01 1.397390614343532733e-01 -2.853040308516923140e-01 1.473006653079501405e+00 1.467925961252913414e+00
1.583561769474916935e+09 -3.080107388721252115e-01 6.775576976016416397e-01 6.678659681406533544e-01 1.182649482054865531e-01 -6.692817357596955175e-01 7.335362023962046507e-01 9.440035948059725124e-01 3.049221618204391304e-01 1.260146359261559157e-01 -2.912708517351376702e-01 1.470276214559827155e+00 1.471658896787762849e+00
1.583561769474934101e+09 -2.945325574267124158e-01 6.929733662451477150e-01 6.580565982731205743e-01 1.177802856629124456e-01 -6.570292471116421229e-01 7.446075293538700901e-01 9.483556174589674592e-01 2.968172540273181781e-01 1.118979034171485448e-01 -2.970848117871592309e-01 1.467757822585224581e+00 1.475763604334960677e+00
1.583561769474951029e+09 -2.807422025320547299e-01 7.078896001353038869e-01 6.481328027325670149e-01 1.180702066857384630e-01 -6.446894061290204814e-01 7.552714716839243891e-01 9.524931717611805349e-01 2.885617504491727048e-01 9.741085242151417689e-02 -3.027300921364989850e-01 1.465454379004346386e+00 1.480215346816231792e+00
1.583561769474967003e+09 -2.666491640466401303e-01 7.222987826777483855e-01 6.381086836078264657e-01 1.191040796765179960e-01 -6.323098387115023700e-01 7.655053795333162103e-01 9.564060025734540949e-01 2.801227170210271455e-01 8.257615814309975100e-02 -3.081933225203588589e-01 1.463365807330453405e+00 1.484988609412056126e+00
1.583561769474983931e+09 -2.522638530121272815e-01 7.361949295099035062e-01 6.279967949501228386e-01 1.208519871715063032e-01 -6.199352997847648039e-01 7.752902819582319083e-01 9.600821558079750684e-01 2.714723743372591258e-01 6.741664715967757293e-02 -3.134636636354676820e-01 1.461489336266703409e+00 1.490057673877077882e+00
1.583561769475001097e+09 -2.375975359368331374e-01 7.495734190428279264e-01 6.178083041052726543e-01 1.232848089678192371e-01 -6.076078422257157330e-01 7.846104549169485853e-01 9.635083118660703327e-01 2.625878895094558296e-01 5.195511034937397993e-02 -3.185327938589597729e-01 1.459819837573554713e+00 1.495397125774473590e+00
1.583561769475018978e+09 -2.226624142903950720e-01 7.624308735610301202e-01 6.075529709774939446e-01 1.263740860518067777e-01 -5.953668444015506322e-01 7.934531561367144104e-01 9.666700780913642932e-01 2.534511468076412477e-01 3.621431413374526925e-02 -3.233948113449739981e-01 1.458350198405200748e+00 1.500982284711768644e+00
1.583561769475035906e+09 -2.074717924337404207e-01 7.747651557509779296e-01 5.972389881937852918e-01 1.300917923658218567e-01 -5.832488884194503287e-01 8.018084931814619676e-01 9.695522580775529642e-01 2.440485357144089595e-01 2.021710453604300128e-02 -3.280460652504758601e-01 1.457071708834940971e+00 1.506789552158702250e+00
1.583561769475052118e+09 -1.920402468095755155e-01 7.865754163321165837e-01 5.868727786049693362e-01 1.344101511776499835e-01 -5.712875471331407828e-01 8.096693459508046420e-01 9.721391130415707460e-01 2.343707599254694629e-01 3.986480923875372617e-03 -3.324849329893767025e-01 1.455974445662153505e+00 1.512796674631380123e+00
1.583561769475066900e+09 -1.763837595360701616e-01 7.978621619262156184e-01 5.764587931314689717e-01 1.393015218728139715e-01 -5.595131257052057272e-01 8.170313018415583661e-01 9.744146220243967704e-01 2.244126398582478310e-01 -1.245438478426592367e-02 -3.367115609909691609e-01 1.455047636471383132e+00 1.518982925041464593e+00
1.583561769475081921e+09 -1.605198313488751249e-01 8.086273525814535734e-01 5.659992832513843775e-01 1.447383034097508014e-01 -5.479523542264574942e-01 8.238926149961248724e-01 9.763627438142140624e-01 2.141728795983277589e-01 -2.908213162046125594e-02 -3.407275856707743800e-01 1.454279991483150347e+00 1.525329209042366463e+00
1.583561769475097895e+09 -1.444675086772133910e-01 8.188744711865177939e-01 5.554941400373569760e-01 1.506929238701427143e-01 -5.366281192153473656e-01 8.302541203657283209e-01 9.779676793586516981e-01 2.036537804938387541e-01 -4.587326088116316231e-02 -3.445358505587060582e-01 1.453659993830201946e+00 1.531818105337669378e+00
1.583561769475112915e+09 -1.282473012452700900e-01 8.286085329186705373e-01 5.449408492101835977e-01 1.571379225001660607e-01 -5.255592998720147735e-01 8.361190678675929355e-01 9.792141253439442528e-01 1.928608869047744312e-01 -6.280426158031289507e-02 -3.481401327038435300e-01 1.453176143104504270e+00 1.538433851128706786e+00
1.583561769475127935e+09 -1.118810264618801953e-01 8.378360511226309315e-01 5.343345277981902397e-01 1.640460589444235617e-01 -5.147607012360965184e-01 8.414929061074299943e-01 9.800875097150397730e-01 1.818025635396264550e-01 -7.985174659606494862e-02 -3.515448878053888393e-01 1.452817151005865837e+00 1.545162284902652727e+00
1.583561769475146055e+09 -9.539160977529312357e-02 8.465649730076272306e-01 5.236680126772270683e-01 1.713904088772801593e-01 -5.042430680611975635e-01 8.463830433547876453e-01 9.805742035998065154e-01 1.704895158015794498e-01 -9.699255888880579934e-02 -3.547550201216712051e-01 1.452572090898684332e+00 1.551990758358351208e+00
1.583561769475162983e+09 -7.880286228321645159e-02 8.548045944767532767e-01 5.129319783340170469e-01 1.791444240435390023e-01 -4.940131612470550215e-01 8.507986082911765946e-01 9.806617074533361400e-01 1.589342693928762207e-01 -1.142038256395574991e-01 -3.577756808418224854e-01 1.452430504811593082e+00 1.558908027752671233e+00
1.583561769475183010e+09 -6.213924827031887255e-02 8.625654579715862358e-01 5.021150712525069837e-01 1.872819498044592523e-01 -4.840738829890467998e-01 8.547502249819824982e-01 9.803388115014864956e-01 1.471506260104807895e-01 -1.314629536106163565e-01 -3.606120958145137001e-01 1.452382472968176907e+00 1.565904133578426949e+00
1.583561769475199938e+09 -4.542564669023789470e-02 8.698592305755318277e-01 4.912040613080880802e-01 1.957772059158753575e-01 -4.744244468295882866e-01 8.582498062426900942e-01 9.795957311564139625e-01 1.351531111286633224e-01 -1.487475724031288860e-01 -3.632694225348149786e-01 1.452418651119236515e+00 1.572970275349148572e+00
1.583561769475215912e+09 -2.868711141402027071e-02 8.766985614931833704e-01 4.801840086412136888e-01 2.046047352013762866e-01 -4.650605865777438508e-01 8.613103698241084683e-01 9.784242189378543619e-01 1.229564284781097389e-01 -1.660354321679783918e-01 -3.657526364572770139e-01 1.452530280549434671e+00 1.580098686193584623e+00
1.583561769475233078e+09 -1.194858638965536762e-02 8.830968649886001831e-01 4.690385469988981870e-01 2.137393978364202085e-01 -4.559748986487433542e-01 8.639458094326262216e-01 9.768176397500809571e-01 1.105749477386012564e-01 -1.833043366893890580e-01 -3.680664457944573531e-01 1.452709175823356347e+00 1.587282510837469074e+00
1.583561769475248098e+09 4.765444788704154694e-03 8.890679901914988470e-01 4.577503682063590040e-01 2.231564741470989932e-01 -4.471574035821280213e-01 8.661705631625494783e-01 9.747709878797535810e-01 9.802227021317685973e-02 -2.005321818901760200e-01 -3.702152319770204425e-01 1.452947695754886359e+00 1.594515689935643632e+00
1.583561769475265026e+09 2.143129139804563627e-02 8.946258583986852475e-01 4.463017739978969445e-01 2.328317898629043425e-01 -4.385961978882205181e-01 8.679992700737924061e-01 9.722808532552700278e-01 8.531089556980246680e-02 -2.176970227948298031e-01 -3.722030115155446350e-01 1.453238702883025368e+00 1.601792852915844279e+00
1.583561769475281954e+09 3.802641828156255038e-02 8.997840039016138380e-01 4.346754399269625591e-01 2.427419884131958028e-01 -4.302783363747301748e-01 8.694463067545951107e-01 9.693453042136337405e-01 7.245205166943331776e-02 -2.347773022489995087e-01 -3.740334157665572978e-01 1.453575515597394840e+00 1.609109220262862960e+00
1.583561769475296974e+09 5.452982743568408203e-02 9.045550133339514964e-01 4.228554433993862993e-01 2.528650176559347762e-01 -4.221909998426957022e-01 8.705251532948899973e-01 9.659636540736616928e-01 5.945576277476240928e-02 -2.517523217866738383e-01 -3.757096863754162408e-01 1.453951856017372979e+00 1.616460515279236398e+00
1.583561769475323915e+09 7.092238427870307949e-02 9.089499409072773206e-01 4.108284563818857538e-01 2.631808017485975926e-01 -4.143228509004440174e-01 8.712476346218087642e-01 9.621361032739850216e-01 4.633120298849778551e-02 -2.686029386470685232e-01 -3.772346836150888838e-01 1.454361796421744568e+00 1.623842885221728594e+00
1.583561769475363016e+09 8.718698692188556199e-02 9.129778334070669521e-01 3.985848783622665814e-01 2.736719775213185546e-01 -4.066653483686380466e-01 8.716231658103105184e-01 9.578632878722526112e-01 3.308731431458764027e-02 -2.853123755140253848e-01 -3.786109033891274511e-01 1.454799706760278477e+00 1.631252831736600406e+00
1.583561769475383997e+09 1.033085185387926791e-01 9.166454649043246361e-01 3.861197248366061707e-01 2.843245847595842202e-01 -3.992138224410994862e-01 8.716581064239918852e-01 9.531457814622270597e-01 1.973362278614607807e-02 -3.018670297597022545e-01 -3.798404993477836333e-01 1.455260204848247918e+00 1.638687150062720033e+00
1.583561769475402117e+09 1.192735902879838855e-01 9.199572870335371855e-01 3.734332616866771204e-01 2.951287073686298390e-01 -3.919682852595263722e-01 8.713552142834924963e-01 9.479835742065992887e-01 6.281210987856965244e-03 -3.182572696207543461e-01 -3.809253075599496885e-01 1.455738110049231704e+00 1.646142876147190792e+00
1.583561769475420952e+09 1.350700957455703288e-01 9.229155602726799579e-01 3.605314661469784521e-01 3.060791158876521312e-01 -3.849340424908522240e-01 8.707131317319654062e-01 9.423755325079080647e-01 -7.256153660369915430e-03 -3.344782567042949850e-01 -3.818668738360713188e-01 1.456228400551182967e+00 1.653617240458397974e+00
1.583561769475439072e+09 1.506865565330134105e-01 9.255206923853948053e-01 3.474262653958741787e-01 3.171758371871947202e-01 -3.781220379852177627e-01 8.697259411538272866e-01 9.363188827529039804e-01 -2.086079061041809166e-02 -3.505307082965945509e-01 -3.826664832994559062e-01 1.456726174429093135e+00 1.661107627601804859e+00
1.583561769475455999e+09 1.661112527490165025e-01 9.277718052175720764e-01 3.341354955608902833e-01 3.284245388275114363e-01 -3.715488483902014138e-01 8.683828508078994535e-01 9.298087836855437605e-01 -3.450986717616000982e-02 -3.664214719310860402e-01 -3.833251914942856775e-01 1.457226614647421314e+00 1.668611541033329093e+00
1.583561769475475073e+09 1.813311610124283824e-01 9.296675460199426144e-01 3.206824974384857030e-01 3.398365571689452858e-01 -3.652362125295622874e-01 8.666681161148260815e-01 9.228380815007189986e-01 -4.817429983181890224e-02 -3.821637246145118127e-01 -3.838438571697771473e-01 1.457724958056289655e+00 1.676126572200932197e+00
1.583561769475486994e+09 1.963307791994054197e-01 9.312070187010311750e-01 3.070956100323374849e-01 3.514287058125333263e-01 -3.592103236268543442e-01 8.645610494072825114e-01 9.153972307572536549e-01 -6.181773169922102906e-02 -3.977769201612440519e-01 -3.842231771813741092e-01 1.458216468509913710e+00 1.683650373599772543e+00
1.583561769475502014e+09 2.110908836151332846e-01 9.323908208880848925e-01 2.934075599204406526e-01 3.632227707789327242e-01 -3.535008488214135269e-01 8.620361759761697718e-01 9.074744392256991476e-01 -7.539567121114992831e-02 -4.132863839495237168e-01 -3.844637242668161869e-01 1.458696414385173057e+00 1.691180635397557142e+00
1.583561769475514889e+09 2.255873027741763515e-01 9.332221585292275190e-01 2.796547369478354361e-01 3.752445950499771476e-01 -3.481396376105548307e-01 8.590636103523260347e-01 8.990560955335598070e-01 -8.885491424885513800e-02 -4.287224528074418672e-01 -3.845659884702567477e-01 1.459160050974895206e+00 1.698715065490953968e+00
1.583561769475527048e+09 2.397898420470514214e-01 9.337079891718677027e-01 2.658763299880587683e-01 3.875226592695550365e-01 -3.431590813685316821e-01 8.556097436614199525e-01 8.901275304158595691e-01 -1.021334228504217206e-01 -4.441190648644461336e-01 -3.845304224095616452e-01 1.459602608352652320e+00 1.706251373055662102e+00
1.583561769475542068e+09 2.536615221259482245e-01 9.338600942204436928e-01 2.521133809530397563e-01 4.000862035194237554e-01 -3.385901975710693956e-01 8.516382494249546964e-01 8.806740953064872146e-01 -1.151607692055054699e-01 -4.595118446085439401e-01 -3.843574897725522965e-01 1.460019285259597233e+00 1.713787255774074314e+00
1.583561769475555897e+09 2.671583155106553309e-01 9.336959777406357297e-01 2.384077512261477683e-01 4.129629419326298900e-01 -3.344604927515546500e-01 8.471114374154899984e-01 8.706825157533933934e-01 -1.278592983413887607e-01 -4.749357396874228643e-01 -3.840477159157471010e-01 1.460405249399085115e+00 1.721320390946649015e+00
1.583561769475573063e+09 2.802294882953745292e-01 9.332394525262094342e-01 2.248011529742115766e-01 4.261766775988147238e-01 -3.307918448923071186e-01 8.419918021245711426e-01 8.601423565621358902e-01 -1.401459233607941224e-01 -4.904225187086497240e-01 -3.836017385631411702e-01 1.460755644145758980e+00 1.728848430625761656e+00
1.583561769475589037e+09 2.928186020803653644e-01 9.325208283729456982e-01 2.113342640618817159e-01 4.397450393930820711e-01 -3.275985489734679623e-01 8.362436792353400428e-01 8.490474467268310788e-01 -1.519345108746015804e-01 -5.059983575619535490e-01 -3.830203562320522170e-01 1.461065601222254040e+00 1.736369000742705060e+00
1.583561769475605011e+09 3.048650950050735275e-01 9.315766462954094829e-01 1.980460203204962299e-01 4.536776614459290813e-01 -3.248857397484116727e-01 8.298348243081171693e-01 8.373970704137727594e-01 -1.631386171908177363e-01 -5.216818362632045236e-01 -3.823045718357371836e-01 1.461330258393666259e+00 1.743879703969956507e+00
1.583561769475620985e+09 3.163062667415455498e-01 9.304489723802584766e-01 1.849731214441405758e-01 4.679750202157358929e-01 -3.226483276780423570e-01 8.227377693542746728e-01 8.251967803230962906e-01 -1.736743120817247632e-01 -5.374825646574828975e-01 -3.814556286618797643e-01 1.461544780616563122e+00 1.751378125763365157e+00
1.583561769475637913e+09 3.270794588088299371e-01 9.291843200757627930e-01 1.721497231798723715e-01 4.826279941179827948e-01 -3.208704914019657184e-01 8.149308848377982972e-01 8.124587663978595220e-01 -1.834628771901972155e-01 -5.534005112392045289e-01 -3.804750371020426125e-01 1.461704382935350655e+00 1.758861842819829491e+00
1.583561769475653887e+09 3.371241887427040562e-01 9.278323065220613897e-01 1.596073074103014355e-01 4.976181395300968702e-01 -3.195257343252342896e-01 8.063990899895213671e-01 7.992017697359206085e-01 -1.924331476436919597e-01 -5.694260401337152278e-01 -3.793645909711683695e-01 1.461804353209744667e+00 1.766328433007019028e+00
1.583561769475670099e+09 3.463839077974898983e-01 9.264441965323430006e-01 1.473748261092197032e-01 5.129186840892296928e-01 -3.185775040805136626e-01 7.971341150819016841e-01 7.854505790314818547e-01 -2.005231279419162072e-01 -5.855406589665224093e-01 -3.781263733183292675e-01 1.461840072913549893e+00 1.773775485768742222e+00
1.583561769475686073e+09 3.548073115676828038e-01 9.250714672366329161e-01 1.354789740255575303e-01 5.284959258583140640e-01 -3.179801762680261601e-01 7.871344636547948914e-01 7.712352612366893956e-01 -2.076809770765666863e-01 -6.017181930348686203e-01 -3.767627530611913356e-01 1.461807034857678600e+00 1.781200612162970875e+00
1.583561769475702047e+09 3.623491930881352907e-01 9.237644842260102074e-01 1.239445044819331709e-01 5.443108009220315457e-01 -3.176802532143108704e-01 7.764051833538407887e-01 7.565902553094134841e-01 -2.138654591901196222e-01 -6.179261696834705830e-01 -3.752763745957504726e-01 1.461700857350341609e+00 1.788601453945068087e+00
1.583561769475718021e+09 3.689708127844552599e-01 9.225713633173662220e-01 1.127945882573988118e-01 5.603204853695178400e-01 -3.176176739301947993e-01 7.649574935274793264e-01 7.415534324275621092e-01 -2.190458696897606417e-01 -6.341272853853608948e-01 -3.736701426772223722e-01 1.461517294806476963e+00 1.795975691363659532e+00
1.583561769475733995e+09 3.746399025397792459e-01 9.215370366030699589e-01 1.020511334285812838e-01 5.764798601191165606e-01 -3.177271177788103529e-01 7.528083750373775196e-01 7.261652115421375342e-01 -2.232016331279953192e-01 -6.502807983928233782e-01 -3.719472042782950294e-01 1.461252244895909769e+00 1.803321049456216629e+00
1.583561769475749016e+09 3.793303912159355917e-01 9.207025231639845986e-01 9.173504444692277826e-02 5.927427693460070035e-01 -3.179392397268285819e-01 7.399801681473333614e-01 7.104677781822649196e-01 -2.263216823805519751e-01 -6.663437795107282069e-01 -3.701109287133430015e-01 1.460901752365335149e+00 1.810635302714422190e+00
1.583561769475764990e+09 3.830218926869897178e-01 9.201044047350815935e-01 8.186644214706426115e-02 6.090630641321780336e-01 -3.181817976005195669e-01 7.265001910578052779e-01 6.945044375486715271e-01 -2.284036521094471861e-01 -6.822722024029115317e-01 -3.681648875125373421e-01 1.460462010097496988e+00 1.817916278203486113e+00
1.583561769475780010e+09 3.856990439851945562e-01 9.197744811981196644e-01 7.246482902676511240e-02 6.253954133190288145e-01 -3.183806389862475217e-01 7.124004111029365038e-01 6.783191170871492037e-01 -2.294529857934824446e-01 -6.980218499073045368e-01 -3.661128349638058666e-01 1.459929357866513788e+00 1.825161857243692287e+00
