1.584057353024254084e+09 -7.816227035778422483e-02 -9.878437413560077207e-01 -1.343703917128106773e-01 -8.494264785123865069e-01 1.365462855404439568e-01 -5.097349993120390277e-01 5.218863066920601534e-01 7.429572382651179752e-02 -8.497733982275954556e-01 4.965969502602737840e-01 -1.538776295017124096e-01 7.048484858209064230e-01
1.584057353024303913e+09 -7.495188654557688457e-02 -9.859183540523891454e-01 -1.494898453373519898e-01 -8.399665258483692831e-01 1.432164588492015611e-01 -5.233978232528644359e-01 5.374369266956551261e-01 8.633681177573143684e-02 -8.388727583989533665e-01 4.894540917027061511e-01 -1.559397219323533923e-01 7.095871111179166135e-01
1.584057353024323940e+09 -7.081772585236081885e-02 -9.839201772410284264e-01 -1.639693097413668366e-01 -8.301344124060633378e-01 1.492744024491483856e-01 -5.372094657867918510e-01 5.530476535204178479e-01 9.807261392643025488e-02 -8.273572718982022955e-01 4.821590986064987483e-01 -1.580573364697616945e-01 7.140621538742095709e-01
1.584057353024338961e+09 -6.587399148958353323e-02 -9.818581306788362051e-01 -1.778067166346732897e-01 -8.199336112321561343e-01 1.548150492639895626e-01 -5.511271846985031919e-01 5.686558629257656428e-01 1.094847558023926970e-01 -8.152567680432152297e-01 4.747182791426219350e-01 -1.602239560139276375e-01 7.182653893819543889e-01
1.584057353024352074e+09 -6.022679970067312122e-02 -9.797380353017456356e-01 -1.910133890541117208e-01 -8.093670526358333062e-01 1.599293531521794043e-01 -5.651084640418374549e-01 5.842069040436759231e-01 1.205652694451231355e-01 -8.025997191063891645e-01 4.671387512353799010e-01 -1.624330830165142958e-01 7.221893845232090214e-01
1.584057353024367094e+09 -5.397288732856503346e-02 -9.775629022870742091e-01 -2.036116389714768826e-01 -7.984379604781176587e-01 1.647032254605881041e-01 -5.791111040367213914e-01 5.996530252849477938e-01 1.313149633863874566e-01 -7.894128385720533547e-01 4.594283908965402508e-01 -1.646783036052673899e-01 7.258275916684621132e-01
1.584057353024379969e+09 -4.719881543296486348e-02 -9.753332361927397054e-01 -2.156324424134106466e-01 -7.871505143589586639e-01 1.692167749577334623e-01 -5.930933744791532236e-01 6.149523067731532677e-01 1.417418832464887590e-01 -7.757208898703102928e-01 4.515957609495254155e-01 -1.669533544986107620e-01 7.291744222322167346e-01
1.584057353024391890e+09 -3.998057270610284181e-02 -9.730473493182179023e-01 -2.271132092490665833e-01 -7.755103379455215995e-01 1.735437622093503884e-01 -6.070142324346884388e-01 6.300676706463805843e-01 1.518598650072099099e-01 -7.615466577097665946e-01 4.436500229952479168e-01 -1.692521900101787713e-01 7.322252953738935810e-01
1.584057353024403095e+09 -3.238350169089648789e-02 -9.707016919554717349e-01 -2.380956406170346429e-01 -7.635248154678826449e-01 1.777511921219474267e-01 -6.208336088777960393e-01 6.449660185165531079e-01 1.616871638459155269e-01 -7.469110362554067795e-01 4.356008367512969603e-01 -1.715690463701615709e-01 7.349766587976045429e-01
1.584057353024415970e+09 -2.446248203129645568e-02 -9.682912165228811929e-01 -2.486236252029372096e-01 -7.512032282501461822e-01 1.818989597949186299e-01 -6.345127881684574644e-01 6.596175383577247420e-01 1.712451121940117560e-01 -7.318331877735753110e-01 4.274582520195925883e-01 -1.738985007542517836e-01 7.374259810366624590e-01
1.584057353024435997e+09 -1.624888474929800028e-02 -9.658056544297566326e-01 -2.587574378591984692e-01 -7.385359661543325904e-01 1.860463968294696901e-01 -6.480365460222767826e-01 6.740182493898733140e-01 1.805718032208153134e-01 -7.163052585715610210e-01 4.192325992034626747e-01 -1.762355228841731847e-01 7.395717178761440636e-01
1.584057353024447918e+09 -7.758923871679733637e-03 -9.632778737520195644e-01 -2.683943685543441759e-01 -7.255188072943897781e-01 1.901318664496702004e-01 -6.614169136631715684e-01 6.881586004927937594e-01 1.895932786790185676e-01 -7.003514327348926427e-01 4.109276861484293386e-01 -1.785763570324599703e-01 7.413817283485133469e-01
1.584057353024462938e+09 9.704865876570155023e-04 -9.607084380033753535e-01 -2.775578414248847103e-01 -7.121570744304608347e-01 1.941872132252380756e-01 -6.746285108233178729e-01 7.020194865986096877e-01 1.983194982572709653e-01 -6.839868545031302371e-01 4.025568644771665983e-01 -1.809173327227932560e-01 7.428569912527788199e-01
1.584057353024480104e+09 9.907040185896998086e-03 -9.580956297469842564e-01 -2.862771643810035349e-01 -6.984591177320409461e-01 1.982443674496890407e-01 -6.876438261837853894e-01 7.155813800550621107e-01 2.067654106814519055e-01 -6.672266133410001965e-01 3.941331984368140473e-01 -1.832549855638067604e-01 7.439991177374599696e-01
1.584057353024497032e+09 1.902397550276160171e-02 -9.554355883448293341e-01 -2.945860229403009511e-01 -6.844363119201037904e-01 2.023342721887554374e-01 -7.004339920936712982e-01 7.288244118792147619e-01 2.149504101928342570e-01 -6.500856081264423381e-01 3.856694338812217682e-01 -1.855860746052114540e-01 7.448102507105446302e-01
1.584057353024514914e+09 2.830066076894197091e-02 -9.527225771568224033e-01 -3.025206829412616094e-01 -6.701028984607585448e-01 2.064858256266714487e-01 -7.129696412519865856e-01 7.417285070323087481e-01 2.228974984403596649e-01 -6.325784750771477061e-01 3.771779829195134881e-01 -1.879075966266926245e-01 7.452929714788473214e-01
1.584057353024530888e+09 3.772275846129342219e-02 -9.499493718835750888e-01 -3.101180168639278145e-01 -6.554756630675843132e-01 2.107249120430922107e-01 -7.252218051243123353e-01 7.542735900786086134e-01 2.306321797201141000e-01 -6.147195694572881175e-01 3.686709220200589665e-01 -1.902167982082638431e-01 7.454502170832385533e-01
1.584057353024549007e+09 4.728196335645212106e-02 -9.471077008691000110e-01 -3.174136401088487047e-01 -6.405735092116764395e-01 2.150736741228474469e-01 -7.371627324090399558e-01 7.664398184510897716e-01 2.381812706191368256e-01 -5.965229979683864814e-01 3.601600008876796322e-01 -1.925111864383450833e-01 7.452852098120811286e-01
1.584057353024566889e+09 5.697536850239520723e-02 -9.441887112760648515e-01 -3.244402640154319672e-01 -6.254169445293392693e-01 2.195500438981356772e-01 -7.487666016704648264e-01 7.782078468825662787e-01 2.455716916567319275e-01 -5.780026742096689985e-01 3.516566594010858693e-01 -1.947885390828344443e-01 7.448014001734262202e-01
1.584057353024583101e+09 6.680453616707475450e-02 -9.411834340187076320e-01 -3.312263538847689537e-01 -6.100275033070604591e-01 2.241675364969583639e-01 -7.600101057532484550e-01 7.895591169928408704e-01 2.528293082884037202e-01 -5.591723721091470534e-01 3.431720497962629235e-01 -1.970469150324134222e-01 7.440024250827317331e-01
1.584057353024595976e+09 7.677437385428673156e-02 -9.380832146962708729e-01 -3.377951714514811909e-01 -5.944271430565405412e-01 2.289353032555302425e-01 -7.708728809461142806e-01 8.004761502924632177e-01 2.599779014615233308e-01 -5.400457607007927985e-01 3.347170611348857516e-01 -1.992846657441506020e-01 7.428920820008229065e-01
1.584057353024609089e+09 8.689192900198770830e-02 -9.348800811157184087e-01 -3.441642436961235840e-01 -5.786376588812667254e-01 2.338584190784780970e-01 -7.813377628194777547e-01 8.109428170154204807e-01 2.670383376578807644e-01 -5.206364123246545184e-01 3.263023431451579914e-01 -2.015004482189372004e-01 7.414743188156538434e-01
1.584057353024621964e+09 9.716523226093330690e-02 -9.315670127348503193e-01 -3.503452846200298954e-01 -5.626801773936256357e-01 2.389383680214508532e-01 -7.913908480092175513e-01 8.209445387346252510e-01 2.740280224564387579e-01 -5.009577899550866631e-01 3.179383268614157654e-01 -2.036932397693619334e-01 7.397532377329841813e-01
1.584057353024635077e+09 1.076023092833443551e-01 -9.281380908343889180e-01 -3.563445347002400787e-01 -5.465747837990337921e-01 2.441736624306085346e-01 -8.010213657247149399e-01 8.304683912240393706e-01 2.809606857504516331e-01 -4.810232263900255933e-01 3.096352399427780289e-01 -2.058623545688607615e-01 7.377331110340891174e-01
1.584057353024646044e+09 1.182104330716969992e-01 -9.245885356540530786e-01 -3.621634068782197957e-01 -5.303403012608470801e-01 2.495605092922166535e-01 -8.102214000614822442e-01 8.395031021038159569e-01 2.878464728960928309e-01 -4.608459066603791676e-01 3.014031152872285180e-01 -2.080074616298474288e-01 7.354184053024999113e-01
1.584057353024658918e+09 1.289956275665998242e-01 -9.209146588098183761e-01 -3.677992921274292892e-01 -5.139942055163144730e-01 2.550934435981033199e-01 -8.189855259930660658e-01 8.480389642196776157e-01 2.946922568413525845e-01 -4.404388595585598254e-01 2.932517926726361246e-01 -2.101286034957293714e-01 7.328138093474430015e-01
1.584057353024672985e+09 1.399623631039209892e-01 -9.171137792858885529e-01 -3.732463700960317876e-01 -4.975526169291019651e-01 2.607658737471307275e-01 -8.273104329894087616e-01 8.560677136604636361e-01 3.015020314237045751e-01 -4.198149529992995510e-01 2.851909136548298473e-01 -2.122262148786824842e-01 7.299242628055322424e-01
1.584057353024688959e+09 1.511133440976893672e-01 -9.131841522916610554e-01 -3.784963160593734499e-01 -4.810302966125852842e-01 2.665705261191942399e-01 -8.351945931353779162e-01 8.635824286349014223e-01 3.082772431232133625e-01 -3.989868799994241155e-01 2.772299096543953678e-01 -2.143011405946915193e-01 7.267549849935387440e-01
1.584057353024703979e+09 1.624492976343269446e-01 -9.091249416811412187e-01 -3.835388717495513689e-01 -4.644405915606177326e-01 2.724998139352688975e-01 -8.426379936682729666e-01 8.705774880385503955e-01 3.150169707146650011e-01 -3.779671223380699496e-01 2.693779829405512638e-01 -2.163546521419803526e-01 7.233115041271667156e-01
1.584057353024715900e+09 1.739687356897651194e-01 -9.049362315741089624e-01 -3.883623254365677901e-01 -4.477953273398003753e-01 2.785461697656662627e-01 -8.496419105592324383e-01 8.770485869584173644e-01 3.217179636157382894e-01 -3.567678910544833659e-01 2.616440799024117303e-01 -2.183884622403896303e-01 7.195996873817200878e-01
1.584057353024728060e+09 1.856676833437463092e-01 -9.006190677591157101e-01 -3.929539491874474710e-01 -4.311046576044000322e-01 2.847023730121024387e-01 -8.562086971353979337e-01 8.829928004373535089e-01 3.283745629760423390e-01 -3.354010447991641608e-01 2.540368562134781016e-01 -2.204047364929661024e-01 7.156257712834039886e-01
1.584057353024739981e+09 1.975394000692305696e-01 -8.961755089412738462e-01 -3.973004437773517417e-01 -4.143769020985013096e-01 2.909618889404389508e-01 -8.623415577650688224e-01 8.884086720075405896e-01 3.349785610718867823e-01 -3.138779941478603286e-01 2.465646334563871278e-01 -2.224061012484824518e-01 7.113963919606972608e-01
1.584057353024751902e+09 2.095741508153529387e-01 -8.916086614042330050e-01 -4.013884281472482884e-01 -3.976184224490130759e-01 2.973192141526084242e-01 -8.680442817518345677e-01 8.932962921169346204e-01 3.415190768088484097e-01 -2.922096075628692891e-01 2.392353473924929141e-01 -2.243956465898839514e-01 7.069186136723398795e-01
1.584057353024765015e+09 2.217591041856428191e-01 -8.869226685706552704e-01 -4.052049848136520249e-01 -3.808335953320061140e-01 3.037701988457449653e-01 -8.733209255576893648e-01 8.976573246222485647e-01 3.479825373326668747e-01 -2.704061414794866058e-01 2.320564883521340493e-01 -2.263769233420110938e-01 7.021999540552734675e-01
1.584057353024777889e+09 2.340784293072064037e-01 -8.821226344290227228e-01 -4.087382374975639387e-01 -3.640249333273472554e-01 3.103122982632140481e-01 -8.781754525832791147e-01 9.014949455874906592e-01 3.543528402516069042e-01 -2.484772178130307263e-01 2.250350340877452227e-01 -2.283539330131102163e-01 6.972484052021269418e-01
1.584057353024790049e+09 2.465136730448512781e-01 -8.772144605676827078e-01 -4.119779110637226682e-01 -3.471934041562617090e-01 3.169446857208933488e-01 -8.826113563516478910e-01 9.048136543968751111e-01 3.606117807061186009e-01 -2.264318761111438483e-01 2.181773758850671374e-01 -2.303311095663249097e-01 6.920724492397652972e-01
1.584057353024801970e+09 2.590445386316274634e-01 -8.722045686920301133e-01 -4.149157955409988330e-01 -3.303390142817085318e-01 3.236681255358052067e-01 -8.866313101919829354e-01 9.076188972907198727e-01 3.667398735953350530e-01 -2.042787372252266864e-01 2.114892397323718531e-01 -2.323132919836710941e-01 6.866810662132080134e-01
1.584057353024816036e+09 2.716500544115154625e-01 -8.670995282315283603e-01 -4.175459928084863659e-01 -3.134616212004097124e-01 3.304845449531018109e-01 -8.902369221947474820e-01 9.099165126775846657e-01 3.727175521861959551e-01 -1.820262792436054822e-01 2.049756052157903907e-01 -2.343056868216597255e-01 6.810837318953686381e-01
1.584057353024836063e+09 2.843100181044699304e-01 -8.619056380334108036e-01 -4.198648410657863650e-01 -2.965618659478299612e-01 3.373963055809037770e-01 -8.934286724205371399e-01 9.117120561568121673e-01 3.785266227446613674e-01 -1.596831945388003937e-01 1.986406245228116985e-01 -2.363138202633594531e-01 6.752904044428887920e-01
1.584057353024852037e+09 2.970065797968519661e-01 -8.566285117078104028e-01 -4.218704594045202261e-01 -2.796421061230361382e-01 3.444052140215985713e-01 -8.962060818221634362e-01 9.130100679133574815e-01 3.841518469354760490e-01 -1.372587864990312823e-01 1.924875433288144866e-01 -2.383434793940008012e-01 6.693114999524942821e-01
1.584057353024862051e+09 3.097258568561353509e-01 -8.512727027609249264e-01 -4.235618953121084163e-01 -2.627072575290643197e-01 3.515113193858676044e-01 -8.985681327770250748e-01 9.138133236646294177e-01 3.895825687806009352e-01 -1.147633725610631289e-01 1.865186262499786418e-01 -2.404006427528559697e-01 6.631578562276120303e-01
1.584057353024878025e+09 3.224594632598458688e-01 -8.458414052749582135e-01 -4.249378915891108832e-01 -2.457654623261172067e-01 3.587115653885064037e-01 -9.005139368390597809e-01 9.141221100884228123e-01 3.948142981187779399e-01 -9.220866518253006960e-02 1.807350897701398840e-01 -2.424914006123882193e-01 6.568406843421052965e-01
1.584057353024895906e+09 3.352058148618284328e-01 -8.403362672353219542e-01 -4.259953282412451414e-01 -2.288285149378269101e-01 3.659983875789438734e-01 -9.020436192879959236e-01 9.139335711663503226e-01 3.998501447776008355e-01 -6.960811233420384492e-02 1.751370454963385725e-01 -2.446218658447521788e-01 6.503715080827852102e-01
1.584057353024912119e+09 3.479710883332332028e-01 -8.347573447416674064e-01 -4.267274271892649296e-01 -2.119120174161976122e-01 3.733583421962544668e-01 -9.031593686854423320e-01 9.132411612654663946e-01 4.047020184436874723e-01 -4.697720430576522721e-02 1.697234568368294616e-01 -2.467980767355451854e-01 6.437620915233317476e-01
1.584057353024929047e+09 3.607697753986395250e-01 -8.291032069031719631e-01 -4.271218110717766026e-01 -1.950352991836206695e-01 3.807708064621707078e-01 -9.038665969465454753e-01 9.120342105984221570e-01 4.093915793823281191e-01 -2.433379368766469195e-02 1.644921129161982243e-01 -2.490258938353498985e-01 6.370243548836365122e-01
1.584057353024945021e+09 3.736247574871686683e-01 -8.233712015294951669e-01 -4.271585245738084846e-01 -1.782211506062775508e-01 3.882067895491431719e-01 -9.041751545368558185e-01 9.102976228354888732e-01 4.139509065819352851e-01 -1.698495313438963539e-03 1.594396238977121294e-01 -2.513108937948154709e-01 6.301702792220049698e-01
1.584057353024960041e+09 3.865668479558458936e-01 -8.175578821748424874e-01 -4.268081318189841378e-01 -1.614954479199665338e-01 3.956278679233192763e-01 -9.041005533019007556e-01 9.080117248325122459e-01 4.184228715503972018e-01 2.090474148330525792e-02 1.545614413865338821e-01 -2.536582638873950968e-01 6.232118014927739980e-01
1.584057353024974108e+09 3.996337708312610038e-01 -8.116595875746532851e-01 -4.260300026299486120e-01 -1.448867642053744687e-01 4.029852329739510575e-01 -9.036651634428826130e-01 9.051522937273952518e-01 4.228612253723403880e-01 4.344777696172697629e-02 1.498519060956579607e-01 -2.560727013280271191e-01 6.161607028222524374e-01
1.584057353024988890e+09 4.128685347093897784e-01 -8.056731597434785286e-01 -4.247709179633465393e-01 -1.284260529205870360e-01 4.102188441751413173e-01 -9.028993570005877656e-01 9.016908128892106022e-01 4.273303869057213378e-01 6.589702925382207033e-02 1.453043238412686233e-01 -2.585583218521542714e-01 6.090284935206529138e-01
1.584057353025005102e+09 4.263171689452190383e-01 -7.995967774799199734e-01 -4.229641414325856497e-01 -1.121464806127439873e-01 4.172566835523418005e-01 -9.018425732766786052e-01 8.975950303000234110e-01 4.319049125619893181e-01 8.821172355077699923e-02 1.409110708916516408e-01 -2.611185827671513304e-01 6.018262983108504383e-01
1.584057353025022984e+09 4.400258380066386921e-01 -7.934308687303054386e-01 -4.205290934810237968e-01 -9.608348183696412137e-02 4.240140808852581600e-01 -9.005442930729951057e-01 8.928298978389745955e-01 4.366686567382856432e-01 1.103415508025225311e-01 1.366637291074714322e-01 -2.637562263648207117e-01 5.945647456330566127e-01
1.584057353025041103e+09 4.540372813928018059e-01 -7.871790650820439383e-01 -4.173718565422643856e-01 -8.027504251895931087e-02 4.303931880445060476e-01 -8.990648593347928541e-01 8.873590393546569866e-01 4.417135080596600316e-01 1.322237201090905589e-01 1.325532493438167925e-01 -2.664732495835664405e-01 5.872538657808235030e-01
1.584057353025058031e+09 4.683865335944957797e-01 -7.808491440381196691e-01 -4.133868278426533482e-01 -6.476216141629274892e-02 4.362827835162617629e-01 -8.974760137815482874e-01 8.811469330743262329e-01 4.471375035527964115e-01 1.537795023290168817e-01 1.285701392888471128e-01 -2.692709052888017651e-01 5.799030032384117073e-01
1.584057353025074959e+09 4.830960660784910377e-01 -7.744538775773557315e-01 -4.084597684918648275e-01 -4.958943609707909539e-02 4.415585343121412043e-01 -8.958610096777916976e-01 8.741619294141989016e-01 4.530422191176297075e-01 1.749104597961397278e-01 1.247046696527128878e-01 -2.721497395410643616e-01 5.725207487648341642e-01
1.584057353025089979e+09 4.981706270968729311e-01 -7.680117010354585716e-01 -4.024724256418981683e-01 -3.480568471821399168e-02 4.460838406323618943e-01 -8.943141346837826244e-01 8.663801652156440936e-01 4.595293616530028435e-01 1.954946934982515205e-01 1.209470911584485525e-01 -2.751096681920859877e-01 5.651148963822317794e-01
1.584057353025108099e+09 5.135922005853995609e-01 -7.615471342528672416e-01 -3.953087576068048947e-01 -2.046450159623327755e-02 4.497113460182525779e-01 -8.929394769490787143e-01 8.577903332061351804e-01 4.666965476582092820e-01 2.153835572839645773e-01 1.172878532032685939e-01 -2.781500945549917891e-01 5.576924299194060408e-01
1.584057353025125027e+09 5.293156025346504867e-01 -7.550909349605871013e-01 -3.868626020763313300e-01 -6.624657476306947818e-03 4.522851401367586899e-01 -8.918487909853437534e-01 8.483991436205206016e-01 4.746323124006473493e-01 2.343993626600978375e-01 1.137178137861108163e-01 -2.812700678743359495e-01 5.502595429756111933e-01
1.584057353025141954e+09 5.452651828291726899e-01 -7.486800104801741851e-01 -3.770465784663994402e-01 6.649781718108864481e-03 4.536438324059992033e-01 -8.911582652819444172e-01 8.382372342400229437e-01 4.834102970056005089e-01 2.523347458612718031e-01 1.102284294444250828e-01 -2.844684798790184654e-01 5.428216951123462364e-01
1.584057353025160074e+09 5.613331533000059936e-01 -7.423571724163871011e-01 -3.658017490386862303e-01 1.928968195369800548e-02 4.536245971220250195e-01 -8.909840812905868157e-01 8.273650942872868841e-01 4.930827044951441307e-01 2.689543592675565642e-01 1.068119142906520797e-01 -2.877442945609953728e-01 5.353837057572707891e-01
1.584057353025178909e+09 5.773799687931222557e-01 -7.361708327005180852e-01 -3.531074577929818048e-01 3.122151421544419256e-02 4.520684558143831522e-01 -8.914366653694020259e-01 8.158784154239817621e-01 5.036731245201954144e-01 2.839996390272269688e-01 1.034613578220932584e-01 -2.910968038057270557e-01 5.279498859862596927e-01
1.584057353025193930e+09 5.932371622138297163e-01 -7.301747239770838283e-01 -3.389904745933360330e-01 4.236857617560159384e-02 4.488270297509873163e-01 -8.926136908960022875e-01 8.039120431919706267e-01 5.151690691959451840e-01 2.971973368672296001e-01 1.001707923526756888e-01 -2.945258988595503835e-01 5.205242069414676154e-01
1.584057353025207996e+09 6.087129353287762390e-01 -7.244276995453204915e-01 -3.235321785022990948e-01 5.265282648071275412e-02 4.437707452287650289e-01 -8.945922007260759257e-01 7.916414859608502663e-01 5.275149607717577460e-01 3.082721589017519137e-01 9.693520282369549879e-02 -2.980323450698497134e-01 5.131105021559213553e-01
1.584057353025226116e+09 6.236005427024691183e-01 -7.189935663651727538e-01 -3.068723100871427745e-01 6.199742813395206498e-02 4.367982608442941284e-01 -8.974205247738658020e-01 7.792808749820340219e-01 5.406066322915202838e-01 3.169633844719854654e-01 9.375047476309039673e-02 -3.016180456212493310e-01 5.057126996437733002e-01
1.584057353025240898e+09 6.376891321874658125e-01 -7.139407909526220841e-01 -2.892077414860895757e-01 7.033006050620289884e-02 4.278464143194116165e-01 -9.011110522019145641e-01 7.670764325316647980e-01 5.542887269266845163e-01 3.230445076808594607e-01 9.061327949238003054e-02 -3.052862785572718063e-01 4.983350783310717125e-01
1.584057353025255919e+09 6.507761828301416029e-01 -7.093418281635910372e-01 -2.707850267465103378e-01 7.758694191167864185e-02 4.168994111833420613e-01 -9.056352176549903321e-01 7.552950591468581276e-01 5.683564478423724919e-01 3.263438706496933905e-01 8.752089912749114187e-02 -3.090418900060995511e-01 4.909825420613575520e-01
1.584057353025270939e+09 6.626801376493345330e-01 -7.052717812658108043e-01 -2.518863826147678120e-01 8.371734161792494799e-02 4.039955759492286358e-01 -9.109220501135669723e-01 7.442086010943774754e-01 5.825626912158098358e-01 3.267633225238441019e-01 8.447099832594388846e-02 -3.128914270054097280e-01 4.836609033605673846e-01
1.584057353025286913e+09 6.732515804013360361e-01 -7.018060780884333161e-01 -2.328100905819570909e-01 8.868827575382477735e-02 3.892300911805413599e-01 -9.168611268456233754e-01 7.340754043664965423e-01 5.966306771465131886e-01 3.242917450046126637e-01 8.146135388966158075e-02 -3.168431946219730788e-01 4.763771683059986883e-01
1.584057353025301933e+09 6.823814971646913197e-01 -6.990169515825673807e-01 -2.138475947001342581e-01 9.248896573806454635e-02 3.727525844478778438e-01 -9.233099707364564868e-01 7.251215647106917794e-01 6.102710973197456035e-01 3.190108215311049933e-01 7.848955713141164692e-02 -3.209072245321422656e-01 4.691398132511253039e-01
1.584057353025319099e+09 6.900056752702613538e-01 -6.969688118110474173e-01 -1.952604503965699456e-01 9.513444113869565233e-02 3.547591109096852602e-01 -9.301050539552094820e-01 7.175246380913945510e-01 6.232017720025323504e-01 3.110915382825384934e-01 7.555270706432275218e-02 -3.250951461061512004e-01 4.619590439436713214e-01
1.584057353025336027e+09 6.961049949154470839e-01 -6.957129723112950304e-01 -1.772605321076652918e-01 9.666754888617025421e-02 3.354790701528605479e-01 -9.370747987961992598e-01 7.114022920330650424e-01 6.351671068991182612e-01 3.007815241828943331e-01 7.264711458041030190e-02 -3.294199564284390203e-01 4.548470279659584392e-01
1.584057353025352001e+09 7.007022084583297561e-01 -6.952823861967203367e-01 -1.599963078878950118e-01 9.715880877258899206e-02 3.151587219818038910e-01 -9.440525122544365377e-01 7.068073153293008559e-01 6.459546295556711781e-01 2.883852209092229724e-01 6.976803816289235682e-02 -3.338956911894219171e-01 4.478180920148271404e-01
1.584057353025367975e+09 7.038563851869953369e-01 -6.956870956837254427e-01 -1.435466961033348143e-01 9.670383658922186709e-02 2.940436141142518389e-01 -9.508873335178987807e-01 7.037290366921634677e-01 6.554066050478148941e-01 2.742400865342199401e-01 6.690947035063556092e-02 -3.385370029755886412e-01 4.408888757359020749e-01
1.584057353025382996e+09 7.056563553476076223e-01 -6.969109913402985468e-01 -1.279225482006876025e-01 9.541838882962053181e-02 2.723622954141977082e-01 -9.574518845180128856e-01 7.021000208615250093e-01 6.634258438060499641e-01 2.586923086656349180e-01 6.406399172274571119e-02 -3.433586579640030556e-01 4.340784339128741509e-01
1.584057353025398970e+09 7.062142584203215945e-01 -6.989102613198479030e-01 -1.130746119038275876e-01 9.343140673399118190e-02 2.503132553683831696e-01 -9.636461209800077921e-01 7.018062364374216822e-01 6.699759106520568608e-01 2.420749589068812435e-01 6.122270574260368914e-02 -3.483749663058284818e-01 4.274082789017185080e-01
1.584057353025415897e+09 7.056599214231962236e-01 -7.016136092191026519e-01 -9.890611046389866101e-02 9.087672969690051283e-02 2.280563140090096086e-01 -9.693976158921818742e-01 7.026987230381299687e-01 6.750767815928859772e-01 2.246905509385108968e-01 5.837526356559447072e-02 -3.535991650519825780e-01 4.209023551561247856e-01
1.584057353025430918e+09 7.041363242307829839e-01 -7.049241159602721574e-01 -8.528791044418021494e-02 8.788427565239803618e-02 2.057088687272281557e-01 -9.746590252376688968e-01 7.046051313001985283e-01 6.787973571784527982e-01 2.067988320065102525e-01 5.550998311705208910e-02 -3.590427765405606042e-01 4.145869386863277328e-01
1.584057353025446892e+09 7.017959308193404411e-01 -7.087226068928030864e-01 -7.207453084154515077e-02 8.457146889130928713e-02 1.833467351733354123e-01 -9.794037172729490592e-01 7.073401856233804130e-01 6.812460944690695852e-01 1.886097045732271493e-01 5.261406145220522829e-02 -3.647149677457116601e-01 4.084904554445074054e-01
1.584057353025460958e+09 6.987974846675109042e-01 -7.128723243402340648e-01 -5.911957919045095905e-02 8.103569502002939962e-02 1.610088763890971109e-01 -9.836205355287002128e-01 7.107146344474220001e-01 6.825607599062408770e-01 1.702807020914614000e-01 4.967387412426009508e-02 -3.706219374074776751e-01 4.026432141149363098e-01
1.584057353025476933e+09 6.953028443500020028e-01 -7.172246752596895814e-01 -4.628952223747480332e-02 7.734848292451691754e-02 1.387050162462912795e-01 -9.873085286345993916e-01 7.145426277632894729e-01 6.828980038907149774e-01 1.519182328671871418e-01 4.667535078730291470e-02 -3.767663562430453306e-01 3.970770486264085242e-01
1.584057353025491953e+09 6.914735157054761050e-01 -7.216258057607563003e-01 -3.347496929933845705e-02 7.355196132101228523e-02 1.164249694268224555e-01 -9.904722790351184747e-01 7.186476787178782688e-01 6.824231993465019741e-01 1.335817762771870088e-01 4.360441236743474447e-02 -3.831468855063784318e-01 3.918248674779609142e-01
1.584057353025506973e+09 6.874666867349880084e-01 -7.259237161534322080e-01 -2.059885887986969560e-02 6.965793292083516386e-02 9.414847490073263714e-02 -9.931182392405691894e-01 7.228674339557252804e-01 6.813008315370686629e-01 1.152902856247775276e-01 4.044745170522950212e-02 -3.897577988444611563e-01 3.869201098398339367e-01
1.584057353025521994e+09 6.834307576436245979e-01 -7.299755598987178740e-01 -7.621121227118887731e-03 6.564966781975523080e-02 7.185437871459782189e-02 -9.952522642184346013e-01 7.270574397424182100e-01 6.796856849047012705e-01 9.703014550697990070e-02 3.719183653602774892e-02 -3.965887317101738918e-01 3.823961127875113997e-01
1.584057353025537968e+09 6.795006222862447487e-01 -7.336546109541544070e-01 5.460418469160323307e-03 6.148623083893002550e-02 4.952815492135857062e-02 -9.968783302612879149e-01 7.310939391028061785e-01 6.777151863069966753e-01 7.876406885308585848e-02 3.382641089420897890e-02 -4.036245813452837838e-01 3.782854007522502005e-01
1.584057353025553942e+09 6.757932096717063075e-01 -7.368562278342231098e-01 1.861282609053703518e-02 5.710881477415273577e-02 2.716701073472962275e-02 -9.979982649584397958e-01 7.348755820543731998e-01 6.755034071609615776e-01 6.044026721033658039e-02 3.034196814637214051e-02 -4.108455782642492782e-01 3.746189193996816158e-01
1.584057353025568962e+09 6.724038474216271766e-01 -7.395021812150406326e-01 3.177404573443981528e-02 5.244826668134765224e-02 4.782226343033737365e-03 -9.986121918395308716e-01 7.383239433729250623e-01 6.731371734995134082e-01 4.200119500226687230e-02 2.673166794907208890e-02 -4.182275428286977847e-01 3.714252451943139688e-01
1.584057353025583982e+09 6.694039678046962427e-01 -7.415428519476806590e-01 4.486119307568019188e-02 4.743283191215488109e-02 -1.760116139619016112e-02 -9.987193427742973029e-01 7.413827988341035180e-01 6.706745842071610841e-01 2.339119017368293876e-02 2.299137056303448765e-02 -4.257423301380338088e-01 3.687298100838224402e-01
1.584057353025599957e+09 6.668405109179139645e-01 -7.429570716085607263e-01 5.777995134223833790e-02 4.199514258013931078e-02 -3.994679817677801448e-02 -9.983189176672568887e-01 7.440162236546038477e-01 6.681459744113201760e-01 4.562444845561432205e-03 1.911986533208375610e-02 -4.333584536277275134e-01 3.665541875265192484e-01
1.584057353025614977e+09 6.647371092139091608e-01 -7.437497304856973690e-01 7.043375659392199506e-02 3.607765892367741090e-02 -6.221074936434456415e-02 -9.974107605431873358e-01 7.462057211139521140e-01 6.655570307095763916e-01 -1.452104459526388364e-02 1.511897680409650391e-02 -4.410418625902134959e-01 3.649154865235522127e-01
1.584057353025629997e+09 6.630968172852848008e-01 -7.439476392985437947e-01 8.273161983058927027e-02 2.963611469244718452e-02 -8.434562382020563409e-02 -9.959957412085367334e-01 7.479467305059187554e-01 6.628934497991780805e-01 -3.388159714550301183e-02 1.099354148812095242e-02 -4.487568345352789256e-01 3.638258927388050568e-01
1.584057353025646925e+09 6.619059701653350336e-01 -7.435943185898757912e-01 9.459374213915251739e-02 2.264082381728294360e-02 -1.063042792663956293e-01 -9.940758488987411212e-01 7.492448730678710200e-01 6.601264194333129609e-01 -5.352784914362350432e-02 6.751258664304095672e-03 -4.564669335505676107e-01 3.632923827649002235e-01
1.584057353025665045e+09 6.611385007919537982e-01 -7.427445656366817861e-01 1.059546743626164772e-01 1.507618392003203661e-02 -1.280425914273612686e-01 -9.916540745220590036e-01 7.501123859200963251e-01 6.572180802916616216e-01 -7.345613325844599362e-02 2.402427806653413718e-03 -4.641359821107644001e-01 3.633166237999841397e-01
1.584057353025682926e+09 6.607601490979313485e-01 -7.414594712358171247e-01 1.167641978961247440e-01 6.938867294864332208e-03 -1.495210889380151620e-01 -9.887341888195637640e-01 7.505650388514489846e-01 6.541263612966313756e-01 -9.365268814631441674e-02 -2.040407862137261046e-03 -4.717289952028091982e-01 3.638950584798387733e-01
1.584057353025701046e+09 6.607321029228181430e-01 -7.398023535136600826e-01 1.269864793369102907e-01 -1.764681874881342434e-03 -1.707055454560637842e-01 -9.853205076043300981e-01 7.506197267098130288e-01 6.508088003039133040e-01 -1.140961498357673659e-01 -6.562887521071801046e-03 -4.792130307309759862e-01 3.650191640007547922e-01
1.584057353025718927e+09 6.610138645085033016e-01 -7.378357762355834959e-01 1.365980902718317569e-01 -1.102098087430490592e-02 -1.915667555415728751e-01 -9.814177073036078891e-01 7.502927488443408288e-01 6.472252664614123185e-01 -1.347599553718980547e-01 -1.114930170181964095e-02 -4.865579183063408752e-01 3.666758639561362165e-01
1.584057353025736094e+09 6.615652732830560323e-01 -7.356196352638848523e-01 1.455855124374944576e-01 -2.081207184431191348e-02 -2.120797948963044632e-01 -9.770307151361800058e-01 7.495987239257764223e-01 6.433396559205643017e-01 -1.556143961693030320e-01 -1.578307677596910499e-02 -4.937368389985372086e-01 3.688480631945582067e-01
1.584057353025754929e+09 6.623477502232276715e-01 -7.332101456126498551e-01 1.539426522327355940e-01 -3.111763704736234676e-02 -2.322230610460923050e-01 -9.721646684796758642e-01 7.485500320605488200e-01 6.391207494356011543e-01 -1.766281892261425124e-01 -2.044724948018856320e-02 -5.007267401948212182e-01 3.715152710089659749e-01
1.584057353025774002e+09 6.633249193463406357e-01 -7.306594772066083987e-01 1.616687346826210514e-01 -4.191651468108782697e-02 -2.519773383549766543e-01 -9.668249204534182795e-01 7.471566483873929299e-01 6.345424724908309555e-01 -1.977695463462967318e-01 -2.512490941384885879e-02 -5.075085816531893501e-01 3.746542751905835300e-01
1.584057353025791883e+09 6.644628037748926408e-01 -7.280157678110378283e-01 1.687667747207872715e-01 -5.318757995322152821e-02 -2.713250556738939778e-01 -9.610170630948779991e-01 7.454262296135618637e-01 6.295837958954271230e-01 -2.190068040867532428e-01 -2.979959222093366694e-02 -5.140674187846236975e-01 3.782398322477069086e-01
1.584057353025810003e+09 6.657297963286444853e-01 -7.253232836204702716e-01 1.752426105425958225e-01 -6.491009984643425490e-02 -2.902497961028521756e-01 -9.547469480744127379e-01 7.433643233804705375e-01 6.242284759390746007e-01 -2.403087444063458922e-01 -3.445561123875240384e-02 -5.203923381412457472e-01 3.822453416174595442e-01
1.584057353025825024e+09 6.670965529471797328e-01 -7.226225753830677334e-01 1.811043970318683971e-01 -7.706370235659575074e-02 -3.087360588705765352e-01 -9.480206916462237121e-01 7.409746114955574336e-01 6.184647601712039977e-01 -2.616447317101220360e-01 -3.907832051918796318e-02 -5.264762654868556657e-01 3.866434787498126968e-01
1.584057353025841951e+09 6.685359010477261998e-01 -7.199505536929584615e-01 1.863624138045299194e-01 -8.962810962070352772e-02 -3.267692333916884517e-01 -9.408446578110830627e-01 7.382591354200364053e-01 6.122851202017348671e-01 -2.829847710296198859e-01 -4.365430635910626245e-02 -5.323156693401419615e-01 3.914067695769624655e-01
1.584057353025857925e+09 6.700228048437274486e-01 -7.173404609753643024e-01 1.910290660306432631e-01 -1.025827468291174022e-01 -3.443357413650898757e-01 -9.332254161395165948e-01 7.352184852793224312e-01 6.056860245553173927e-01 -3.042995541374209356e-01 -4.817150812215187372e-02 -5.379101851780518917e-01 3.965080933310575761e-01
1.584057353025872946e+09 6.715343907094303288e-01 -7.148217780977222935e-01 1.951189065243764953e-01 -1.159063760896836409e-01 -3.614232560691339469e-01 -9.251696828211399826e-01 7.318519482309141511e-01 5.986677338939723203e-01 -3.255605479033817362e-01 -5.261927286455205660e-02 -5.432621878602469367e-01 4.019211035249057318e-01
1.584057353025887012e+09 6.730500098864372616e-01 -7.124201066438546892e-01 1.986486241406388298e-01 -1.295767992368737631e-01 -3.780209570552794385e-01 -9.166842472649806561e-01 7.281576322085087094e-01 5.912340887951240687e-01 -3.467401260156897091e-01 -5.698835128423666851e-02 -5.483763387985148841e-01 4.076205629041648182e-01
1.584057353025902987e+09 6.745513229714652503e-01 -7.101570332857788381e-01 2.016370521102965052e-01 -1.435705812459463215e-01 -3.941198409040915784e-01 -9.077758750174305113e-01 7.241325851867297381e-01 5.833922686820115500e-01 -3.678117181373075639e-01 -6.127084450383198100e-02 -5.532591316262508441e-01 4.135825935396119646e-01
1.584057353025919914e+09 6.760223746384391719e-01 -7.080500437318388851e-01 2.041050822274893817e-01 -1.578628955155126079e-01 -4.097129982559228334e-01 -8.984512036481600017e-01 7.197729192305469814e-01 5.751524969167284285e-01 -3.887499840759713332e-01 -6.546011265169381088e-02 -5.579184572780143681e-01 4.197848463664917706e-01
1.584057353025933027e+09 6.774496249371859680e-01 -7.061125371998733247e-01 2.060754485938757485e-01 -1.724275224704805987e-01 -4.247958024211442307e-01 -8.887166453922730192e-01 7.150739508722566695e-01 5.665276790529748530e-01 -4.095309924011485414e-01 -6.955065634297369348e-02 -5.623632042835691180e-01 4.262065984357244486e-01
1.584057353025949001e+09 6.788219279921602345e-01 -7.043539346672034185e-01 2.075724568129858061e-01 -1.872369353508098466e-01 -4.393660310528372803e-01 -8.785782952330093432e-01 7.100303656641865357e-01 5.575329815847984705e-01 -4.301323684242151502e-01 -7.353798117859765282e-02 -5.666029043675639976e-01 4.328287889438036107e-01
1.584057353025959015e+09 6.801304608914050531e-01 -7.027798636805751009e-01 2.086217136452971077e-01 -2.022624261667849144e-01 -4.534239391193429225e-01 -8.680418437217478633e-01 7.046364077844665674e-01 5.481853652900757767e-01 -4.505333929828815864e-01 -7.741845384871148816e-02 -5.706474284661361418e-01 4.396340060560517959e-01
1.584057353025971889e+09 6.813686114293620033e-01 -7.013923993314487015e-01 2.092498925936153997e-01 -2.174742415867423340e-01 -4.669722965611585730e-01 -8.571124946866049976e-01 6.988860920425802314e-01 5.385030886489996504e-01 -4.707150453843770288e-01 -8.118915698556218585e-02 -5.745067347865021601e-01 4.466064357510408089e-01
1.584057353025983095e+09 6.825318343042450220e-01 -7.001903439948566898e-01 2.094845516241943262e-01 -2.328417144514771109e-01 -4.800163964015010110e-01 -8.457948895886286955e-01 6.927734342603252271e-01 5.285051952843298206e-01 -4.906599916713257348e-01 -8.484774796449991163e-02 -5.781906670159816519e-01 4.537317833670980183e-01
1.584057353025993109e+09 6.836174825592153947e-01 -6.991695361910330586e-01 2.093539998026293092e-01 -2.483333921268723599e-01 -4.925640282486999366e-01 -8.340930430637830684e-01 6.862926955295541864e-01 5.182109973926156687e-01 -5.103525235858125120e-01 -8.839232571429012086e-02 -5.817087994252850836e-01 4.609971764189912391e-01
1.584057353026004076e+09 6.846246213214005616e-01 -6.983231781797768489e-01 2.088872105442721727e-01 -2.639171611100578074e-01 -5.046254152257880765e-01 -8.220102933887358798e-01 6.794386359296739064e-01 5.076395662340169590e-01 -5.297784545317423266e-01 -9.182130924500009339e-02 -5.850703255042740691e-01 4.683910548084822545e-01
1.584057353026015997e+09 6.855537977715381315e-01 -6.976422415419295531e-01 2.081136545470175514e-01 -2.795604661844053873e-01 -5.162130123243717783e-01 -8.095493015937835768e-01 6.722067659198220912e-01 4.968092479059060818e-01 -5.489249813344805329e-01 -9.513333068443023677e-02 -5.882839857339581258e-01 4.759030535561578068e-01
1.584057353026027918e+09 6.864067449268776988e-01 -6.971159999533806939e-01 2.070629449211728867e-01 -2.952306967927368353e-01 -5.273410771326939583e-01 -7.967121337704302642e-01 6.645935722150267955e-01 4.857372448755638561e-01 -5.677805146334670150e-01 -9.832714385152649395e-02 -5.913580283663014692e-01 4.835238830792733533e-01
1.584057353026037931e+09 6.871860669558905732e-01 -6.967325913568127582e-01 2.057644419098135502e-01 -3.108956062762037176e-01 -5.380251408310691152e-01 -7.835003955896172601e-01 6.565967037824400609e-01 4.744392943854619515e-01 -5.863344818542892689e-01 -1.014015477590534953e-01 -5.943001962179068620e-01 4.912452114765462063e-01
1.584057353026047945e+09 6.878948707506807869e-01 -6.964796957890527773e-01 2.042466160797654362e-01 -3.265239036867716993e-01 -5.482812347538230657e-01 -7.699154680841276965e-01 6.482150778506499122e-01 4.629294990089833362e-01 -6.045771182245038844e-01 -1.043553243157984423e-01 -5.971177336835036265e-01 4.990595514969798918e-01
1.584057353026060104e+09 6.885363394702981310e-01 -6.963453531235338501e-01 2.025360670192982715e-01 -3.420860649766507278e-01 -5.581248176430247954e-01 -7.559588693420808969e-01 6.394488512877696262e-01 4.512203865039010053e-01 -6.224992606230953518e-01 -1.071871899807825684e-01 -5.998174096683814849e-01 5.069601533540745164e-01
1.584057353026068926e+09 6.891132919724288763e-01 -6.963188457257112329e-01 2.006562631608533320e-01 -3.575552746638829826e-01 -5.675695036862399290e-01 -7.416327150973160975e-01 6.302992118203226690e-01 4.393232564471311608e-01 -6.400921652462607803e-01 -1.098957603707838571e-01 -6.024055520777549244e-01 5.149409044830963733e-01
1.584057353026082993e+09 6.896278059457685572e-01 -6.963914943027119664e-01 1.986262217352073034e-01 -3.729083031135528858e-01 -5.766258256014231698e-01 -7.269402002748741598e-01 6.207679814298652232e-01 4.272488080676823952e-01 -6.573473734050462314e-01 -1.124795252389013955e-01 -6.048880889250661808e-01 5.229962376965766602e-01
