1.592833326935323000e+09 4.420030146293111861e-01 -7.196925800077207391e-01 5.354212599267148542e-01 4.436392509492443487e-02 -5.786237275858261420e-01 -8.143871464910342750e-01 8.959158316528288424e-01 3.837149624865499598e-01 -2.238250442161890119e-01 -2.047510075002007268e-01 -9.102480103507946119e-01 3.993390579189376455e-01
1.592833326935384989e+09 4.384029959230750229e-01 -7.122375788552679499e-01 5.481974504438528184e-01 2.683212018089136189e-02 -5.992925684131074071e-01 -8.000802804196492923e-01 8.983778997119694631e-01 3.654668917831873087e-01 -2.436208131093672846e-01 -2.185757301054302437e-01 -9.064720187552408603e-01 4.042910956013096579e-01
1.592833326935412884e+09 4.351886547012511763e-01 -7.045658346120443616e-01 5.605335135010949266e-01 8.876157467474809701e-03 -6.191925869664016702e-01 -7.851889928033166655e-01 9.002955341707510328e-01 3.466807251936060430e-01 -2.632117516222886588e-01 -2.322462439278281665e-01 -9.022791956591903473e-01 4.093350059065349877e-01
1.592833326935436010e+09 4.323546525376351646e-01 -6.966992278942846228e-01 5.724330882486510230e-01 -9.467357048885662041e-03 -6.383074822306247231e-01 -7.697232799026491046e-01 9.016539379278287747e-01 3.273740127996640492e-01 -2.825711100295766331e-01 -2.457610010107585119e-01 -8.977005751048576787e-01 4.144625120896188175e-01
1.592833326935456991e+09 4.298931545153744094e-01 -6.886534698416371114e-01 5.839077619090193849e-01 -2.815384010390733702e-02 -6.566270142051727765e-01 -7.536898074466136244e-01 9.024407111776571178e-01 3.075668430879384685e-01 -3.016676981428483284e-01 -2.591204065241378696e-01 -8.927665228170694744e-01 4.196668523162587205e-01
1.592833326935477018e+09 4.277940976003872242e-01 -6.804379015110653128e-01 5.949760268177195499e-01 -4.713207755062957804e-02 -6.741467000700553935e-01 -7.370921206989190511e-01 9.026465407501269578e-01 2.872812023913933199e-01 -3.204664311362536155e-01 -2.723265278027414138e-01 -8.875063592476054586e-01 4.249425309302115039e-01
1.592833326935498953e+09 4.260453168767350807e-01 -6.720555489353229328e-01 6.056622221632631531e-01 -6.634555768906703899e-02 -6.908673153884834495e-01 -7.199309826986836081e-01 9.022658450523819429e-01 2.665402257605211656e-01 -3.389286844815760369e-01 -2.853828010667909809e-01 -8.819480713837942742e-01 4.302850873704942014e-01
1.592833326935518980e+09 4.246326223783001841e-01 -6.635034743776461186e-01 6.159953536715115918e-01 -8.573390169944812567e-02 -7.067941467187836002e-01 -7.022049078515564258e-01 9.012973062863107732e-01 2.453674263793870769e-01 -3.570125936352244733e-01 -2.982937470232098764e-01 -8.761181039329425380e-01 4.356908897046131157e-01
1.592833326935538054e+09 4.235399150338436391e-01 -6.547734681096586407e-01 6.260077044873736396e-01 -1.052344703986503316e-01 -7.219359638301239279e-01 -6.839109377079622965e-01 8.997442118858981486e-01 2.237859912134705365e-01 -3.746734359088915167e-01 -3.110647023713914439e-01 -8.700412173437747088e-01 4.411569571871920559e-01
1.592833326935559034e+09 4.227493055080543405e-01 -6.458529418155301016e-01 6.357334366587880092e-01 -1.247839391390384717e-01 -7.363038658007969861e-01 -6.650455518896342122e-01 8.976146129805232521e-01 2.018182227398973017e-01 -3.918640220732662049e-01 -3.237015704905099600e-01 -8.637403989193187526e-01 4.466808141885023620e-01
1.592833326935580015e+09 4.222413796006853071e-01 -6.367261184316733713e-01 6.452069960138022697e-01 -1.443200240045243721e-01 -7.499099410940989197e-01 -6.456057707827743686e-01 8.949211966629467829e-01 1.794851821999931540e-01 -4.085353367770006572e-01 -3.362105934001637375e-01 -8.572368164206555230e-01 4.522603755852601659e-01
1.592833326935599089e+09 4.220930733229990572e-01 -6.275024544500105161e-01 6.542767819182245814e-01 -1.639577846475553935e-01 -7.626587322177489359e-01 -6.256752379421157695e-01 8.916026483362957666e-01 1.568194123976913990e-01 -4.247968804457598613e-01 -3.485429602012148353e-01 -8.504693655171100541e-01 4.579188278651454835e-01
1.592833326935620070e+09 4.222953742224453966e-01 -6.181820890094228416e-01 6.629611768298209196e-01 -1.836469174584074993e-01 -7.745552608805542638e-01 -6.052585876290587086e-01 8.876600851869965725e-01 1.338471252701962655e-01 -4.406183387969923038e-01 -3.606967058872980747e-01 -8.434528099804010637e-01 4.636597475693011172e-01
1.592833326935638905e+09 4.228406262746397526e-01 -6.087671951482903632e-01 6.712736454891284898e-01 -2.033427351570653019e-01 -7.856026383391425671e-01 -5.843630952086753538e-01 8.830954291854108407e-01 1.105938380658555570e-01 -4.559730981047028231e-01 -3.726698474635090075e-01 -8.362007384438383539e-01 4.694868466825676268e-01
1.592833326935658932e+09 4.237236248580693587e-01 -5.992631327508614048e-01 6.792216042707062140e-01 -2.230067716543685241e-01 -7.958014160847002305e-01 -5.629991885449956435e-01 8.779101718017414679e-01 8.708503978802178969e-02 -4.708395972660519568e-01 -3.844603268564272813e-01 -8.287257181009455298e-01 4.754039753282655045e-01
1.592833326935676098e+09 4.249427717060129117e-01 -5.896794002565035608e-01 6.868055372034007622e-01 -2.426069120124006440e-01 -8.051492760115034342e-01 -5.411806814090840412e-01 8.721040805087934000e-01 6.334704825296494368e-02 -4.852026633264196476e-01 -3.960659688107446841e-01 -8.210394382573756866e-01 4.814151251222519856e-01
1.592833326935688019e+09 4.265013283453431003e-01 -5.800304414921968466e-01 6.940182303854383061e-01 -2.621171285297613784e-01 -8.136410103533178173e-01 -5.189247706084054723e-01 8.656738577977521887e-01 3.940803831832986881e-02 -4.990548854614696439e-01 -4.074844523227313386e-01 -8.131528450800488139e-01 4.875244317271831274e-01
1.592833326935702085e+09 4.284086759123205135e-01 -5.703362470413460006e-01 7.008441852217618395e-01 -2.815167386121943394e-01 -8.212688354852716310e-01 -4.962517769139582202e-01 8.586118637136010978e-01 1.529919740970085013e-02 -5.123978945218043979e-01 -4.187132938583030262e-01 -8.050762678501900416e-01 4.937361756747696839e-01
1.592833326935729027e+09 4.306814306235547396e-01 -5.606226743398681212e-01 7.072593036343689521e-01 -3.007891050162976865e-01 -8.280230800411052527e-01 -4.731846294747725223e-01 8.509050592441009808e-01 -8.944059738208602617e-03 -5.252433571304782056e-01 -4.297498403848551973e-01 -7.968195365082230142e-01 5.000547809928026499e-01
1.592833326935745001e+09 4.333441704337823164e-01 -5.509213767124941930e-01 7.132310052693847657e-01 -3.199197120175643061e-01 -8.338932882723187889e-01 -4.497481094850981354e-01 8.425343957628714797e-01 -3.328093635028826769e-02 -5.376134033798298795e-01 -4.405912715476630881e-01 -7.883920913354092175e-01 5.064848107790929088e-01
1.592833326935760975e+09 4.364298915034868775e-01 -5.412695448359867711e-01 7.187184635729128024e-01 -3.388939100913710423e-01 -8.388695547100801786e-01 -4.259680601077213136e-01 8.334745753394848800e-01 -5.766411606644782084e-02 -5.495407011700256250e-01 -4.512346109920092330e-01 -7.798030856998821037e-01 5.130309586934466148e-01
1.592833326935772896e+09 4.399800405454661889e-01 -5.317094253950623850e-01 7.236730277639014108e-01 -3.576943648542549870e-01 -8.429440893018194103e-01 -4.018706309387130027e-01 8.236943034327266489e-01 -8.203870747847344380e-02 -5.610680397502958439e-01 -4.616767475620624506e-01 -7.710614827861415055e-01 5.196980350543531912e-01
1.592833326935784101e+09 4.440439410562337375e-01 -5.222875684435752675e-01 7.280389237574153016e-01 -3.762983019266582518e-01 -8.461129989816140728e-01 -3.774816303741076462e-01 8.131571598498826825e-01 -1.063413798601688526e-01 -5.722472757259839948e-01 -4.719144674389543770e-01 -7.621761467781922317e-01 5.264909461092311949e-01
1.592833326935796022e+09 4.486774087189885907e-01 -5.130537384271425250e-01 7.317543608592004256e-01 -3.946747138989497583e-01 -8.483782453884746166e-01 -3.528260524802511178e-01 8.018232057961276471e-01 -1.304998639990679610e-01 -5.831374901380876885e-01 -4.819444977069036185e-01 -7.531559279290949149e-01 5.334146654557817557e-01
1.592833326935806036e+09 4.539405167956147569e-01 -5.040595081696294111e-01 7.347530331209471965e-01 -4.127818364369250093e-01 -8.497496528559282947e-01 -3.279278629934191391e-01 7.896512920021987458e-01 -1.544329626750676754e-01 -5.938024059737061489e-01 -4.917635607777787743e-01 -7.440097399403694522e-01 5.404741973479467720e-01
1.592833326935817003e+09 4.598944769746617367e-01 -4.953565189080438302e-01 7.369660707717942127e-01 -4.305652133903256629e-01 -8.502468242449426894e-01 -3.028100646081208214e-01 7.766020005836404838e-01 -1.780512771690963558e-01 -6.043071037555686198e-01 -5.013684383363511410e-01 -7.347466276608575209e-01 5.476745322591475285e-01
1.592833326935828924e+09 4.665979856303156259e-01 -4.869945588317150520e-01 7.383241968941185451e-01 -4.479567298083032556e-01 -8.499007323573181116e-01 -2.774950696974390341e-01 7.626408645436633105e-01 -2.012586521640402082e-01 -6.147144596629482427e-01 -5.107560419964882747e-01 -7.253758226423503430e-01 5.550205962172689578e-01
1.592833326935841084e+09 4.741033174730483468e-01 -4.790195317888303883e-01 7.387599967318004834e-01 -4.648748196418019396e-01 -8.487548108320273066e-01 -2.520053045095141941e-01 7.477415640937488117e-01 -2.239543692754993043e-01 -6.250815899309066781e-01 -5.199234869947516602e-01 -7.159067844002632297e-01 5.625171962349608812e-01
1.592833326935851097e+09 4.824526634893880339e-01 -4.714714824931088843e-01 7.382100439123377988e-01 -4.812259176059266452e-01 -8.468653806593311462e-01 -2.263639627093974593e-01 7.318886827709926157e-01 -2.460359089623438966e-01 -6.354567552511478645e-01 -5.288681645833814837e-01 -7.063492258879339181e-01 5.701689648521144349e-01
1.592833326935863018e+09 4.916751322498589816e-01 -4.643828141187826830e-01 7.366167025824991166e-01 -4.969070039695293595e-01 -8.443013414372414482e-01 -2.005957990630468923e-01 7.150797116319762559e-01 -2.674020326399479397e-01 -6.458770465141615569e-01 -5.375878078980672603e-01 -6.967131224798653877e-01 5.779803076576311982e-01
1.592833326935875893e+09 5.017846576606593834e-01 -4.577767872952218098e-01 7.339295406204536798e-01 -5.118089392715018393e-01 -8.411431433506120214e-01 -1.747278524576819092e-01 6.973261555938875533e-01 -2.879559439716459779e-01 -6.563669761022030702e-01 -5.460805475299830292e-01 -6.870087055176896662e-01 5.859553568625197606e-01
1.592833326935884953e+09 5.127789736149687139e-01 -4.516663916117236721e-01 7.301062903113041402e-01 -5.258202017087516555e-01 -8.374811298545649096e-01 -1.487900297766309998e-01 6.786536966326565112e-01 -3.076082380004404038e-01 -6.669380272728471226e-01 -5.543449534481540431e-01 -6.772464424585666887e-01 5.940979338278230548e-01
1.592833326935898066e+09 5.246398544155362886e-01 -4.460537089397485500e-01 7.251131719567981415e-01 -5.388305384145807286e-01 -8.334134550105016803e-01 -1.228155699728390171e-01 6.591014142703129908e-01 -3.262791780169187472e-01 -6.775892737942207367e-01 -5.623800614664681286e-01 -6.674370067554916686e-01 6.024115224135662139e-01
1.592833326935909986e+09 5.373342588290181965e-01 -4.409296795268251579e-01 7.189248307343063527e-01 -5.507341987306146880e-01 -8.290437829387413693e-01 -9.684135824951300986e-02 6.387203902352079909e-01 -3.439003110509082917e-01 -6.883086803305435986e-01 -5.701853849109348449e-01 -6.575912413300091242e-01 6.108992532036769951e-01
1.592833326935920000e+09 5.508160642889656788e-01 -4.362742035775560856e-01 7.115240564164316828e-01 -5.614325670249085132e-01 -8.244789356585775497e-01 -7.090809324444140305e-02 6.175719684964294798e-01 -3.604154605522305044e-01 -6.990747884052687100e-01 -5.777609138329548033e-01 -6.477201193544397384e-01 6.195638973017836282e-01
1.592833326935931921e+09 5.650282064019346295e-01 -4.320565348819674911e-01 7.029013279837436068e-01 -5.708360732334105681e-01 -8.198266539854301982e-01 -4.506035129640754283e-02 5.957258629064609012e-01 -3.757810643672256923e-01 -7.098586395817763073e-01 -5.851071047636946520e-01 -6.378347053376984821e-01 6.284078677550657410e-01
1.592833326935945988e+09 5.799049124710398129e-01 -4.282358708971042982e-01 6.930543496828113215e-01 -5.788654332472124020e-01 -8.151935485091724720e-01 -1.934655031219558938e-02 5.732583213140670653e-01 -3.899660467288189603e-01 -7.206256862646355232e-01 -5.922248632961727433e-01 -6.279461186041439547e-01 6.374332270685837409e-01
1.592833326935961008e+09 5.953738655455541595e-01 -4.247620779074004482e-01 6.819876374557255483e-01 -5.854523022829201118e-01 -8.106832891034759792e-01 6.181170474909427476e-03 5.502504541130360805e-01 -4.029513397355217741e-01 -7.313375799282081369e-01 -5.991155212758488835e-01 -6.180655006273192420e-01 6.466416995724777461e-01
1.592833326935977936e+09 6.113582384824393090e-01 -4.215765011530299700e-01 6.697121457466098660e-01 -5.905394052987191778e-01 -8.063950839975762008e-01 3.146712002103998346e-02 5.267867835337972648e-01 -4.147290952343357096e-01 -7.419538142780370826e-01 -6.057808110385027867e-01 -6.082039871473055026e-01 6.560346868031278200e-01
1.592833326935995102e+09 6.277785073265416127e-01 -4.186128012577258750e-01 6.562449760625443940e-01 -5.940802650655879757e-01 -8.024224454452786315e-01 5.645226349457618809e-02 5.029540582173541718e-01 -4.253017069351246460e-01 -7.524331689009104984e-01 -6.122228382996798279e-01 -5.983726854497439795e-01 6.656132846415142579e-01
