1.583561771842411041e+09 -2.265732425113720638e-01 8.207548637482364740e-02 9.705298452461921244e-01 2.817030655346703383e-01 -9.483344366666596192e-01 1.459629374643527655e-01 9.323668531344657673e-01 3.064725286350081790e-01 1.917462921772246642e-01 -4.777483260746663574e-02 1.593811801442275522e+00 1.590359062386962785e+00
1.583561771842483044e+09 -2.473187370265224061e-01 7.968463037907072555e-02 9.656520088504756405e-01 2.886076039221210365e-01 -9.453173384307328453e-01 1.519236013047908784e-01 9.249535628623508643e-01 3.162680657043926424e-01 2.107970999801894452e-01 -5.371329355472426875e-02 1.593196475448727112e+00 1.585322557612502070e+00
1.583561771842514992e+09 -2.678414048173733408e-01 7.825890156794149122e-02 9.602794001709298310e-01 2.954812498663894060e-01 -9.419931896370230540e-01 1.591843637681076284e-01 9.170342485547055000e-01 3.263807210076425935e-01 2.291807411857346155e-01 -5.964869267869616493e-02 1.592571317378359774e+00 1.580283655006458066e+00
1.583561771842538118e+09 -2.881047001171362365e-01 7.778715289958204604e-02 9.544343040874639916e-01 3.022205752290895164e-01 -9.383695724257519188e-01 1.677059017098761207e-01 9.086574744429403161e-01 3.367665429259404930e-01 2.468398061618624906e-01 -6.557475522351313701e-02 1.591910138661041696e+00 1.575238365097041626e+00
1.583561771842559099e+09 -3.080754584237503368e-01 7.825749867056920606e-02 9.481377937976989134e-01 3.087291431128365571e-01 -9.344520036785937123e-01 1.774422977495117015e-01 8.998754515467213277e-01 3.473833858591364732e-01 2.637213588962432631e-01 -7.148723354613989445e-02 1.591184748367048929e+00 1.570185966274809664e+00
1.583561771842581987e+09 -3.277234207768479624e-01 7.965628777315947318e-02 9.414097065074065185e-01 3.149178342604395109e-01 -9.302443438342105075e-01 1.883406978036236135e-01 8.907435755204379246e-01 3.581903636819298575e-01 2.797776728849008521e-01 -7.738396394751932694e-02 1.590365601473853419e+00 1.565129495787094260e+00
1.583561771842612982e+09 -3.470210677610218730e-01 8.196672902047724696e-02 9.342686091717310459e-01 3.207054370184388437e-01 -9.257491899568793814e-01 2.003408595003673964e-01 8.813196930711370003e-01 3.691475215743709182e-01 2.949672967239733157e-01 -8.326482975282312182e-02 1.589422538869187829e+00 1.560076142924435194e+00
1.583561771842632055e+09 -3.659437704992117291e-01 8.516732112311348191e-02 9.267317219523247829e-01 3.260194872740725947e-01 -9.209682338699417548e-01 2.133748020499046383e-01 8.716630375069335246e-01 3.802157804160036791e-01 3.092563816471392557e-01 -8.913162812133307300e-02 1.588325587369526781e+00 1.555037522164673502e+00
1.583561771842649937e+09 -3.844703083260009868e-01 8.923000107362188960e-02 9.188147741299669269e-01 3.307973336198952174e-01 -9.159026024449691272e-01 2.273665475410320269e-01 8.618327600522930343e-01 3.913571639965051085e-01 3.226203095268481702e-01 -9.498784415870033249e-02 1.587045784184527575e+00 1.550029811871307395e+00
1.583561771842668056e+09 -4.025838305548319340e-01 9.411789077468347975e-02 9.105317579615372914e-01 3.349874248408997723e-01 -9.105531925831603646e-01 2.422319316657811361e-01 8.518859576241717413e-01 4.025353477499665211e-01 3.350456823370697723e-01 -1.008383414840340192e-01 1.585555989954723133e+00 1.545073753048584742e+00
1.583561771842685938e+09 -4.203256635744835878e-01 9.979910624375985806e-02 9.018683247449271745e-01 3.385608645122179516e-01 -9.049039795126189167e-01 2.579250451709262371e-01 8.418449250213521085e-01 4.137498354474894446e-01 3.465662939772430895e-01 -1.066889827994464135e-01 1.583831657616180832e+00 1.540194511401139721e+00
1.583561771842700005e+09 -4.371058103724907440e-01 1.076121703367656085e-01 8.929491203750768991e-01 3.410137851252859065e-01 -8.988577481376898159e-01 2.752532415991240100e-01 8.322548342399948007e-01 4.248227506718318947e-01 3.561987108819017478e-01 -1.125421272338053419e-01 1.582028825138645622e+00 1.535346746951627317e+00
1.583561771842711926e+09 -4.527102814734561553e-01 1.175901290684656098e-01 8.838698789066692374e-01 3.422253981427745839e-01 -8.924334217982493600e-01 2.940142251098515902e-01 8.233681911131717213e-01 4.355859838034309983e-01 3.637714568450528541e-01 -1.184006415447534238e-01 1.580147925754630256e+00 1.530535265636578490e+00
1.583561771842730999e+09 -4.669224012518362610e-01 1.297059318282058893e-01 8.747341554451847356e-01 3.421131077245005980e-01 -8.856629618281843808e-01 3.139422552194456872e-01 8.154398156548257059e-01 4.458446919950667109e-01 3.691617774131003005e-01 -1.242676315217799698e-01 1.578188115268704284e+00 1.525765790158277957e+00
1.583561771842749119e+09 -4.795363637986731487e-01 1.438678058100560375e-01 8.656482718117973763e-01 3.406399805612846943e-01 -8.785933813644346557e-01 3.347208895621484603e-01 8.087084021209847151e-01 4.553852487324422937e-01 3.723103487870928485e-01 -1.301465935833305276e-01 1.576147360913140671e+00 1.521045255060598844e+00
1.583561771842766047e+09 -4.903719416984509971e-01 1.599199849185420352e-01 8.567152137455884553e-01 3.378173713911667431e-01 -8.712874982308658200e-01 3.560021334998162978e-01 8.033771110784300173e-01 4.639867389729773195e-01 3.732311933515863878e-01 -1.360415555503402818e-01 1.574022604266293701e+00 1.516382084736834557e+00
1.583561771842780113e+09 -4.992885854659436240e-01 1.776494668740242477e-01 8.480280511795568188e-01 3.337018987969256334e-01 -8.638227069501929201e-01 3.774299587208557738e-01 7.995961176660670855e-01 4.714350410955087667e-01 3.720148530351712890e-01 -1.419571922252689800e-01 1.571809996729754300e+00 1.511786441638350853e+00
1.583561771842796087e+09 -5.061969346372223733e-01 1.967985588064114499e-01 8.396636176828218279e-01 3.283871047389328446e-01 -8.562873204316406861e-01 3.986651907962887043e-01 7.974500442218706020e-01 4.775378018749085740e-01 3.688239078329498266e-01 -1.478989013284277565e-01 1.569505201679039619e+00 1.507270432606398147e+00
1.583561771842807055e+09 -5.110659410198903352e-01 2.170819238497472825e-01 8.316772465997559483e-01 3.219912961402572882e-01 -8.487745443195618966e-01 4.194083668317749036e-01 7.969524511313836879e-01 4.821381662515021316e-01 3.638812711826062141e-01 -1.538728265999178002e-01 1.567103752714641862e+00 1.502848262936322010e+00
1.583561771842817068e+09 -5.139246009145098659e-01 2.382058531075828822e-01 8.240991908531126731e-01 3.146439630879775962e-01 -8.413747017048970323e-01 4.394175552555295017e-01 7.980480444764460612e-01 4.851253270893917668e-01 3.574531241462045594e-01 -1.598858173087495671e-01 1.564601453687845423e+00 1.498536329821730462e+00
1.583561771842825890e+09 -5.148582714584506448e-01 2.598871580061803965e-01 8.169330606964635422e-01 3.064733542391012699e-01 -8.341667380908386331e-01 4.585192866693656444e-01 8.006216607601679414e-01 4.864406626479588769e-01 3.498291558495321696e-01 -1.659453166240744681e-01 1.561994803925703446e+00 1.494353248429551195e+00
1.583561771842842102e+09 -5.140004004841137730e-01 2.818693837756214848e-01 8.101563053119607005e-01 2.975972746464473628e-01 -8.272101974341387054e-01 4.766121603856113831e-01 8.045119331942138796e-01 4.860791497951691964e-01 3.413028123538761616e-01 -1.720591752462630186e-01 1.559281430521245237e+00 1.490319805435769140e+00
1.583561771842859030e+09 -5.115210362727974358e-01 3.039347626903647348e-01 8.037225203534861251e-01 2.881182236440687494e-01 -8.205387583330210344e-01 4.936638890185813255e-01 8.095270958293440122e-01 4.840865689314994835e-01 3.321536920408798554e-01 -1.782353911951342629e-01 1.556460508683622956e+00 1.486458836463242061e+00
1.583561771842875957e+09 -5.076137243652283360e-01 3.259111751281345559e-01 7.975651779053953838e-01 2.781229909360683483e-01 -8.141560868479170709e-01 5.097033139040025862e-01 8.154605502271186079e-01 4.805536102213089356e-01 3.226334126600996499e-01 -1.844817813643164495e-01 1.553533151174923521e+00 1.482795025232013675e+00
1.583561771842894077e+09 -5.024822541349345251e-01 3.476741880807699969e-01 7.916023265923725072e-01 2.676859926278633561e-01 -8.080343741816710113e-01 5.248091648734142245e-01 8.221044908396651918e-01 4.756081467008120289e-01 3.129554236168860526e-01 -1.908055955388585634e-01 1.550502748055528457e+00 1.479354624661325612e+00
1.583561771842911005e+09 -4.963283068170319390e-01 3.691447848393534792e-01 7.857419041406984439e-01 2.568750718507413211e-01 -8.021156513993997761e-01 5.390970963428137752e-01 8.292607608845268263e-01 4.694066571047021408e-01 3.032886100089407511e-01 -1.972130881921123069e-01 1.547375239444499506e+00 1.476165102337715140e+00
1.583561771842931032e+09 -4.893407795727801601e-01 3.902836700694811145e-01 7.798873370999206411e-01 2.457583150440612874e-01 -7.963156975892374811e-01 5.527062152745617629e-01 8.367487390270070824e-01 4.621254881321615327e-01 2.937542871065481065e-01 -2.037090672574203010e-01 1.544159306369444540e+00 1.473254714853975855e+00
1.583561771842948914e+09 -4.816873113266423312e-01 4.110831697272239738e-01 7.739431257647642060e-01 2.344104999547004242e-01 -7.905301387766086041e-01 5.657860171834256935e-01 8.444104759226140899e-01 4.539523404359396830e-01 2.844261257392304287e-01 -2.102964413674339172e-01 1.540866468304083359e+00 1.470652015356366915e+00
1.583561771842967987e+09 -4.735083178476633958e-01 4.315577862962691191e-01 7.678201288457764395e-01 2.229180125656439471e-01 -7.846421776408492033e-01 5.784844101479916789e-01 8.521135093596762244e-01 4.450781170666225361e-01 2.753325936269043761e-01 -2.169757892228314222e-01 1.537511078513970952e+00 1.468385300454384979e+00
1.583561771842986107e+09 -4.649136599751947929e-01 4.517344457948361813e-01 7.614402665314633500e-01 2.113813894669228366e-01 -7.785312822705318103e-01 5.909373492652966187e-01 8.597518230200585920e-01 4.356891473851455254e-01 2.664615730319137565e-01 -2.237449761864156450e-01 1.534110210962917664e+00 1.466482005255264287e+00
1.583561771843003988e+09 -4.559819054026953422e-01 4.716433985461586653e-01 7.547403572075376266e-01 1.999150164581409428e-01 -7.720820867530805431e-01 6.032605055471560451e-01 8.672453449693748873e-01 4.259598056935934851e-01 2.577668632710131136e-01 -2.305988437942995128e-01 1.530683435440803652e+00 1.464968059022344393e+00
1.583561771843022108e+09 -4.467620070569047197e-01 4.913106272262496854e-01 7.476747801481872235e-01 1.886439780430650415e-01 -7.651926651338808449e-01 6.155433655047030106e-01 8.745382546407464153e-01 4.160457342008656023e-01 2.491762196946782637e-01 -2.375289974271294069e-01 1.527252481094868442e+00 1.463867219451080448e+00
1.583561771843033075e+09 -4.372770452286777743e-01 5.107524313067793864e-01 7.402166844072722851e-01 1.776985674021851480e-01 -7.577813070035875898e-01 6.278460877815564833e-01 8.815962823714061924e-01 4.060781264982246119e-01 2.406003955249421122e-01 -2.445237154697696424e-01 1.523840793413276051e+00 1.463200412488049995e+00
1.583561771843050003e+09 -4.275294584929809072e-01 5.299725337853906648e-01 7.323576146927103236e-01 1.672073400527247788e-01 -7.497911030598886084e-01 6.401991934141968432e-01 8.884032123902045885e-01 3.961595831970543546e-01 2.319424866083227843e-01 -2.515679978523261418e-01 1.520472996586679670e+00 1.462985110126876043e+00
1.583561771843067884e+09 -4.175070482777110681e-01 5.489616709495012126e-01 7.241056198589881365e-01 1.572898377026209771e-01 -7.411919346876684189e-01 6.526058710683612096e-01 8.949568547288591081e-01 3.863620063351059231e-01 2.231067647398661535e-01 -2.586437637072887541e-01 1.517174280744977954e+00 1.463234782345970597e+00
1.583561771843079090e+09 -4.071890052134412019e-01 5.676992499481604559e-01 7.154821282786796299e-01 1.480501429314783346e-01 -7.319798347461602406e-01 6.650463718767384291e-01 9.012648164905221471e-01 3.767268019319080508e-01 2.140061856596973677e-01 -2.657301972804527734e-01 1.513969741270006608e+00 1.463958461018015411e+00
1.583561771843091965e+09 -3.965512880613482616e-01 5.861563791463096917e-01 7.065180644311778169e-01 1.395722182631902730e-01 -7.221740811077409505e-01 6.774837212130949693e-01 9.073404388974254386e-01 3.672673357739151823e-01 2.045679159915060885e-01 -2.728042287949268840e-01 1.510883703711208170e+00 1.465160449025509459e+00
1.583561771843108892e+09 -3.855708791116372325e-01 6.042994636348966164e-01 6.972497799757704229e-01 1.319175543655558835e-01 -7.118127118009837107e-01 6.898698588952850708e-01 9.131992423693878758e-01 3.579732137143494808e-01 1.947365457153509005e-01 -2.798411250661881344e-01 1.507939070625476718e+00 1.466840196538850449e+00
1.583561771843126059e+09 -3.742286727793585066e-01 6.220936330376916068e-01 6.877153571415798305e-01 1.251252748939806203e-01 -7.009472718380209688e-01 7.021513994353366650e-01 9.188561183805482591e-01 3.488157594037084586e-01 1.844749303954238973e-01 -2.868151558581601424e-01 1.505156725032780418e+00 1.468992351822413500e+00
1.583561771843142986e+09 -3.625110269263074336e-01 6.395054779343577467e-01 6.779516939232379524e-01 1.192142177462775093e-01 -6.896376489706420587e-01 7.142743754698532843e-01 9.243233881477643799e-01 3.397538182117976757e-01 1.737631070500656183e-01 -2.937002973346385937e-01 1.502555020151331355e+00 1.471606980554464261e+00
1.583561771843161106e+09 -3.504101882602654316e-01 6.565048593451767722e-01 6.679925672222558619e-01 1.141863452688071101e-01 -6.779476098765370162e-01 7.261876595345750918e-01 9.296096916182976511e-01 3.307391844004295423e-01 1.625958590789531866e-01 -3.004709331260812522e-01 1.500149378107155318e+00 1.474669936999050579e+00
1.583561771843178034e+09 -3.379239221001821281e-01 6.730658085736552776e-01 6.578676466023593017e-01 1.100306990269353247e-01 -6.659413882934108742e-01 7.378450465192192276e-01 9.347195667029277732e-01 3.217211290381750133e-01 1.509796244241037311e-01 -3.071025156789919386e-01 1.497952012544086164e+00 1.478163362577419981e+00
1.583561771843197107e+09 -3.250546564117305359e-01 6.891666849208393231e-01 6.476023092800685665e-01 1.067273397740097496e-01 -6.536813928672698948e-01 7.492061876461841852e-01 9.396535241902643776e-01 3.126498316017317092e-01 1.389292536306721559e-01 -3.135721555821412987e-01 1.495971781338994777e+00 1.482066280555359272e+00
1.583561771843214989e+09 -3.118084263944991830e-01 7.047898296825982900e-01 6.372180172044458191e-01 1.042508181887112362e-01 -6.412269298326169764e-01 7.602366680237679919e-01 9.444084245546956469e-01 3.034786987964752658e-01 1.264650435696230701e-01 -3.198591137521740735e-01 1.494214167146989514e+00 1.486355251779814646e+00
1.583561771843231916e+09 -2.981938478078092758e-01 7.199209596045482717e-01 6.267329904323247769e-01 1.025729024334498946e-01 -6.286337141690893082e-01 7.709075516168031328e-01 9.489779918678914461e-01 2.941657109951286708e-01 1.136103237530169258e-01 -3.259451797684945196e-01 1.492681376022628736e+00 1.491005055717346206e+00
1.583561771843250036e+09 -2.842212775944714664e-01 7.345485037379160254e-01 6.161629340227795515e-01 1.016644637229811438e-01 -6.159538897237778476e-01 7.811946893019223737e-01 9.533533460434872042e-01 2.846740268923325656e-01 1.003897217783840945e-01 -3.318149288174542799e-01 1.491372537951880739e+00 1.495989362474552609e+00
1.583561771843266964e+09 -2.699022487540936321e-01 7.486630268723836190e-01 6.055216334338263673e-01 1.014965657946086397e-01 -6.032362847333471167e-01 7.910780188808618218e-01 9.575234845597179190e-01 2.749721025398139118e-01 8.682810362780271629e-02 -3.374558573683484330e-01 1.490283989722601898e+00 1.501281367073878492e+00
1.583561771843286037e+09 -2.552491741565734440e-01 7.622568021407823968e-01 5.948213403427121682e-01 1.020409507329326365e-01 -5.905266971321542213e-01 8.005409823308039519e-01 9.614756906443798767e-01 2.650335596998389387e-01 7.295004298076537830e-02 -3.428584051053902293e-01 1.489409617945667064e+00 1.506854362389487889e+00
1.583561771843303919e+09 -2.402752738171345659e-01 7.753235447736612773e-01 5.840729354766496240e-01 1.032701245723399441e-01 -5.778680843497029374e-01 8.095701072200468529e-01 9.651958735910972642e-01 2.548369639896115313e-01 5.877965315844355110e-02 -3.480158751181796073e-01 1.488741240549289468e+00 1.512682235034504608e+00
1.583561771843318939e+09 -2.249946562035734787e-01 7.878582855008113839e-01 5.732859032735435623e-01 1.051572273668257007e-01 -5.653006060524911058e-01 8.181547423150881126e-01 9.686688610907824293e-01 2.443656010429202663e-01 4.434062266330267982e-02 -3.529242665951911051e-01 1.488269007078594441e+00 1.518739875953315499e+00
1.583561771843337059e+09 -2.094224905758720334e-01 7.998573539040242375e-01 5.624681627356842295e-01 1.076758119297419325e-01 -5.528615128372088572e-01 8.262869157817300803e-01 9.718786653698160416e-01 2.336072799386816334e-01 2.965634496673733717e-02 -3.575820367972938341e-01 1.487981799421798978e+00 1.525003502167453284e+00
1.583561771843353987e+09 -1.935751776080444908e-01 8.113184140280642609e-01 5.516258531990730907e-01 1.107996652220188255e-01 -5.405849415999954832e-01 8.339612431914796842e-01 9.748087427981108055e-01 2.225541556300434931e-01 1.475001743441897196e-02 -3.619898121177627659e-01 1.487867615604187455e+00 1.531450889516198011e+00
1.583561771843372107e+09 -1.774704808321756755e-01 8.222405228814043676e-01 5.407631193133606295e-01 1.145026974635752204e-01 -5.285016648026934494e-01 8.411748466387988232e-01 9.774422545306039600e-01 2.112025403464131701e-01 -3.553132455887640651e-04 -3.661500680306610245e-01 1.487913922679855672e+00 1.538061521198513582e+00
1.583561771843389034e+09 -1.611276361379655464e-01 8.326242185626606673e-01 5.298818696465419364e-01 1.187588457400634012e-01 -5.166387895122444007e-01 8.479272950986250779e-01 9.797623291729242734e-01 1.995526798937437840e-01 -1.563670422506422894e-02 -3.700667963049948939e-01 1.488107968603529008e+00 1.544816660771497041e+00
1.583561771843406916e+09 -1.445673723092938401e-01 8.424715844184115232e-01 5.189816032921801270e-01 1.235420603539710838e-01 -5.050194962917003982e-01 8.542205029921917658e-01 9.817523284528055783e-01 1.876084700471953304e-01 -3.107133376918155138e-02 -3.737451765914953095e-01 1.488437046191945168e+00 1.551699360187810184e+00
1.583561771843425035e+09 -1.278118197887281038e-01 8.517862584818197691e-01 5.080593556155036383e-01 1.288263805945072116e-01 -4.936628848746655862e-01 8.600585560318564360e-01 9.833961066735849021e-01 1.753770970833206377e-01 -4.663658902636080850e-02 -3.771912659589243266e-01 1.488888706397248907e+00 1.558694415296811631e+00
1.583561771843441963e+09 -1.108843468158406398e-01 8.605734015478049281e-01 4.971097287564080758e-01 1.345860360628557961e-01 -4.825839174523447461e-01 8.654474920852773812e-01 9.846782524072348330e-01 1.628686077463205595e-01 -6.231016036859592794e-02 -3.804117156451203852e-01 1.489450921801120264e+00 1.565788281838153218e+00
1.583561771843460083e+09 -9.380935372927796945e-02 8.688396353307765718e-01 4.861249772185985973e-01 1.407955336778620725e-01 -4.717934421039796100e-01 8.703950630188024284e-01 9.855843054173429874e-01 1.500954239545377322e-01 -7.807010222276040967e-02 -3.834135204490911608e-01 1.490112203820437520e+00 1.572968964177494433e+00
1.583561771843478918e+09 -7.661204742950723789e-02 8.765929589646517250e-01 4.750951259767458579e-01 1.474297088889835461e-01 -4.612982771292347683e-01 8.749104985642642829e-01 9.861009458272156358e-01 1.370718207323892990e-01 -9.389483925077934945e-02 -3.862038036171490107e-01 1.490861678470672746e+00 1.580225887247236116e+00
1.583561771843497038e+09 -5.931820875433954643e-02 8.838426474481910766e-01 4.640081086646585806e-01 1.544637344121176092e-01 -4.511013416965385936e-01 8.790042857202150506e-01 9.862161553621979770e-01 1.238133849811627191e-01 -1.097631123841815576e-01 -3.887896370839231119e-01 1.491689126665758369e+00 1.587549760513253805e+00
1.583561771843516111e+09 -4.195395645456819617e-02 8.905991297182558331e-01 4.528499264960720860e-01 1.618730922733257749e-01 -4.412018287049269127e-01 8.826879677376143762e-01 9.859193515553819065e-01 1.103364705026258080e-01 -1.256538727767244623e-01 -3.911778959879797513e-01 1.492584994935916232e+00 1.594932440534798435e+00
1.583561771843533039e+09 -2.454551227178152634e-02 8.968738458134676295e-01 4.416048264768859255e-01 1.696335138877743676e-01 -4.315954136040608957e-01 8.859739668666828383e-01 9.852014966640111338e-01 9.665766334531769588e-02 -1.415461314404831139e-01 -3.933751467007049474e-01 1.493540381907137782e+00 1.602366796585735109e+00
1.583561771843550920e+09 -7.118921376653372830e-03 9.026790341941774987e-01 4.302556012759208848e-01 1.777209660891007348e-01 -4.222745967658527722e-01 8.888753698815449189e-01 9.840551709158594784e-01 8.279327500038199950e-02 -1.574188503535086936e-01 -3.953875667037140551e-01 1.494547005883803958e+00 1.609846582595586995e+00
1.583561771843568087e+09 1.030029364717977708e-02 9.080274145403485209e-01 4.187840954937951943e-01 1.861117473187654525e-01 -4.132292684924518955e-01 8.914056255233132608e-01 9.824745908653201854e-01 6.875890006507529018e-02 -1.732509515241216769e-01 -3.972208925920832079e-01 1.495597159005666477e+00 1.617366317927390940e+00
1.583561771843589067e+09 2.768746005271618960e-02 9.129318406661417473e-01 4.071717808227430235e-01 1.947826091275854099e-01 -4.044473650784024543e-01 8.935782361416644282e-01 9.804555777658909843e-01 5.456907012018701042e-02 -1.890213661259542433e-01 -3.988803910703516142e-01 1.496683653001949832e+00 1.624921178644172182e+00
1.583561771843604088e+09 4.501911470843984048e-02 9.174048664869056680e-01 3.954005443871005387e-01 2.037110292008387225e-01 -3.959157624081471871e-01 8.954063466952705275e-01 9.779954479073167395e-01 4.023705081718351173e-02 -2.047092666496888869e-01 -4.003708487911298297e-01 1.497799760405356340e+00 1.632506899763519481e+00
1.583561771843621969e+09 6.227338719300586772e-02 9.214582224782247311e-01 3.834537386952759364e-01 2.128757060941953161e-01 -3.876214669766828713e-01 8.969021864937126720e-01 9.750927951926583459e-01 2.577484825198805840e-02 -2.202945714245056752e-01 -4.016965783613095087e-01 1.498939154121761597e+00 1.640119688209299875e+00
1.583561771843641043e+09 7.943033237461916141e-02 9.251022756364830624e-01 3.713173873597390151e-01 2.222572486695564009e-01 -3.795530081544914447e-01 8.980764051338704368e-01 9.717471574161888892e-01 1.119347354719525678e-02 -2.357587080929482437e-01 -4.028614373177742403e-01 1.500095847855959397e+00 1.647756146031601920e+00
1.583561771843714952e+09 9.647210940837254445e-02 9.283455969812860475e-01 3.589813155532791122e-01 2.318389396702991989e-01 -3.717017984922289520e-01 8.989374166724033444e-01 9.679585933251726448e-01 -3.496541245655097538e-03 -2.510855154034611902e-01 -4.038688554181408819e-01 1.501264139437767930e+00 1.655413203456386428e+00
1.583561771843741894e+09 1.133829457847115307e-01 9.311947286184545369e-01 3.464400168037581329e-01 2.416074612051737625e-01 -3.640632600274459341e-01 8.994908434395755270e-01 9.637272137528034577e-01 -1.828442860771587603e-02 -2.662621591231074669e-01 -4.047218664281346800e-01 1.502438558193977647e+00 1.663088060957208514e+00
1.583561771843765020e+09 1.301488942167621232e-01 9.336541561620683716e-01 3.336932457513247519e-01 2.515535783456152585e-01 -3.566376918648301864e-01 8.997390477278971455e-01 9.590526903082723376e-01 -3.315831209843956434e-02 -2.812800451318913098e-01 -4.054231417215484190e-01 1.503613816800367653e+00 1.670778139307101506e+00
1.583561771843900919e+09 1.467574043516728932e-01 9.357264559795299697e-01 3.207464171156898525e-01 2.616728322618534497e-01 -3.494309484945189448e-01 8.996806884299235474e-01 9.539337468373243478e-01 -4.810417916584608378e-02 -2.961357709393360182e-01 -4.059750258346385143e-01 1.504784767644376409e+00 1.678481036353256517e+00
1.583561771843940973e+09 1.631966865339765926e-01 9.374126417299415426e-01 3.076107619603498655e-01 2.719661677443566128e-01 -3.424548588709798724e-01 8.993103320220257046e-01 9.483676741311797276e-01 -6.310474625507046798e-02 -3.108320220010328816e-01 -4.063795735799892173e-01 1.505946363779194330e+00 1.686194489561698040e+00
1.583561771843974113e+09 1.794548571241008361e-01 9.387127296421152733e-01 2.943031867089132003e-01 2.824403798076359773e-01 -3.357272984027903084e-01 8.986181686371261801e-01 9.423499277539786334e-01 -7.813829121935798872e-02 -3.253782742371419956e-01 -4.066385880038063672e-01 1.507093624483198724e+00 1.693916343565969207e+00
1.583561771843990088e+09 1.955188818470086354e-01 9.396265360091360375e-01 2.808457582257050111e-01 2.931082023061371555e-01 -3.292717891345667836e-01 8.975899234419058015e-01 9.358738957842267503e-01 -9.317758285933575024e-02 -3.397910968231754314e-01 -4.067536593545529322e-01 1.508221605448811120e+00 1.701644522030774986e+00
1.583561771844001055e+09 2.113733977405936604e-01 9.401545958315501439e-01 2.672650798533455219e-01 3.039881765169679118e-01 -3.231168629153519101e-01 8.962068296331437978e-01 9.289308238467034462e-01 -1.081888583758320033e-01 -3.540941903914405220e-01 -4.067262055234994733e-01 1.509325373751091881e+00 1.709377003306596032e+00
1.583561771844011068e+09 2.269994550305007852e-01 9.402991900365562650e-01 2.535915631030644102e-01 3.151042010357860690e-01 -3.172951455493200901e-01 8.944457127986555900e-01 9.215099511840451063e-01 -1.231309224674511926e-01 -3.683180501132737872e-01 -4.065575147161843983e-01 1.510399987952603329e+00 1.717111799528136640e+00
1.583561771844021082e+09 2.423732586912724363e-01 9.400654540577114693e-01 2.398585954333210812e-01 3.264846580079626692e-01 -3.118421141961128518e-01 8.922792522201682397e-01 9.135989118760956540e-01 -1.379544785112693239e-01 -3.824991376665424769e-01 -4.062487910952786718e-01 1.511440483919415989e+00 1.724846939005139745e+00
1.583561771844031096e+09 2.574650401225297425e-01 9.394625183916676114e-01 2.261015919813328112e-01 3.381610118455959935e-01 -3.067944770705615110e-01 8.896765024153575618e-01 9.051844471736981701e-01 -1.526018532540984740e-01 -3.966784481370418947e-01 -4.058012035174889398e-01 1.512441866989008288e+00 1.732580451930603394e+00
1.583561771844042063e+09 2.722382230331342745e-01 9.385045836276366682e-01 2.123570028849561531e-01 3.501659170586063352e-01 -3.021882404569292135e-01 8.866036870572503448e-01 8.962534131993681319e-01 -1.670072276276326206e-01 -4.108995077713839539e-01 -4.052159366567957832e-01 1.513399110988600693e+00 1.740310359529507966e+00
1.583561771844063044e+09 2.866490705158176167e-01 9.372118245350586907e-01 1.986612860340122855e-01 3.625308771847127742e-01 -2.980565051241690910e-01 8.830253013840028142e-01 8.867940424244911135e-01 -1.810975315823121212e-01 -4.252058449896636838e-01 -4.044942433003644866e-01 1.514307164369695924e+00 1.748034666787595892e+00
1.583561771844085932e+09 3.006469324472222926e-01 9.356109870484904389e-01 1.850500018071553066e-01 3.752837644767515468e-01 -2.944272372450020825e-01 8.789053977146195074e-01 8.767973074478313533e-01 -1.947939504264196431e-01 -4.396382589898805704e-01 -4.036374957552633647e-01 1.515160963219210455e+00 1.755751358826929120e+00
1.583561771844110966e+09 3.141751584016138077e-01 9.337355879961511951e-01 1.715570511445277946e-01 3.884464244677079403e-01 -2.913211586276622800e-01 8.742089898288337713e-01 8.662582440456226829e-01 -2.080140247327666725e-01 -4.542321216906847203e-01 -4.026472339886259522e-01 1.515955450383326797e+00 1.763458400843251228e+00
1.583561771844134092e+09 3.271726086026393032e-01 9.316256599004113514e-01 1.582141404548619845e-01 4.020326996743117665e-01 -2.887499846517447843e-01 8.689034208700424644e-01 8.551770534724857376e-01 -2.206741408022669382e-01 -4.690150648256932175e-01 -4.015252080156371806e-01 1.516685599385611427e+00 1.771153741317365249e+00
1.583561771844156027e+09 3.395755972297650471e-01 9.293270512886381285e-01 1.450504938075590222e-01 4.160471037249597881e-01 -2.867151617836645183e-01 8.629595723606638957e-01 8.435598505493334676e-01 -2.326921743128891884e-01 -4.840053003768418627e-01 -4.002734118833366495e-01 1.517346441138877067e+00 1.778835317944776895e+00
1.583561771844178915e+09 3.513200628865316699e-01 9.268903463201249027e-01 1.320927687519863891e-01 4.304842254009941804e-01 -2.852071611852378119e-01 8.563528518858474214e-01 8.314189950334015533e-01 -2.439900845259415640e-01 -4.992106705478390749e-01 -3.988941078326420642e-01 1.517933091438228521e+00 1.786501065568124380e+00
1.583561771844203949e+09 3.623437243272876196e-01 9.243695078883438221e-01 1.193651480604578097e-01 4.453288712537951666e-01 -2.842053510954241635e-01 8.490639050625151674e-01 8.187729978899210836e-01 -2.544962308847910082e-01 -5.146284549361191951e-01 -3.973898397316283360e-01 1.518440777054972601e+00 1.794148925246361825e+00
1.583561771844227076e+09 3.725878888522282106e-01 9.218204070366023961e-01 1.068896744129931575e-01 4.605569676160315984e-01 -2.836784711022369843e-01 8.410789526892723522e-01 8.056460419210922375e-01 -2.641470470085851563e-01 -5.302459739891220991e-01 -3.957634359457430362e-01 1.518864858543525154e+00 1.801776853567986114e+00
1.583561771844248056e+09 3.819988303603548685e-01 9.192993671848616044e-01 9.468667985222180283e-02 4.761369070339234177e-01 -2.835855051103707281e-01 8.323898768575487273e-01 7.920672569690102582e-01 -2.728881364662057440e-01 -5.460416885657544128e-01 -3.940180031952394413e-01 1.519200848695601902e+00 1.809382831479800391e+00
1.583561771844270945e+09 3.905287166837708157e-01 9.168618129315788678e-01 8.277522381575819210e-02 4.920310965363142164e-01 -2.838767997601825965e-01 8.229941449625566285e-01 7.780698694089724921e-01 -2.806748631151866902e-01 -5.619865654722778769e-01 -3.921569136959005553e-01 1.519444426375565760e+00 1.816964872145307552e+00
1.583561771844295025e+09 3.981360539926060427e-01 9.145611027029173501e-01 7.117353566195891434e-02 5.081975715897275592e-01 -2.844953258746448777e-01 8.128946043794629261e-01 7.636903239752252937e-01 -2.874724320993304882e-01 -5.780455778635993358e-01 -3.901837879527665365e-01 1.519591446019139758e+00 1.824521027575855658e+00
1.583561771844317913e+09 4.047857588784376515e-01 9.124475617404878003e-01 5.989938837458791410e-02 5.245914929790218562e-01 -2.853779552164051325e-01 8.020992383826358596e-01 7.489674593006975245e-01 -2.932556393131398043e-01 -5.941791608242844580e-01 -3.881024749562598797e-01 1.519637943090180743e+00 1.832049393872579701e+00
1.583561771844340086e+09 4.104489425866711949e-01 9.105677168468423455e-01 4.897038707643534827e-02 5.411664502880765282e-01 -2.864566852274059716e-01 7.906209209315104847e-01 7.339417816122892901e-01 -2.980083904243290838e-01 -6.103445425975647654e-01 -3.859170310920249092e-01 1.519580135789474706e+00 1.839548114983357019e+00
1.583561771844362020e+09 4.151024477150480063e-01 9.089637373961352296e-01 3.840419566179276850e-02 5.578755602667442304e-01 -2.876597708946286858e-01 7.784771772565821646e-01 7.186548666349245051e-01 -3.017230195825091332e-01 -6.264969292455493388e-01 -3.836316992125580194e-01 1.519414423788828739e+00 1.847015385073472737e+00
1.583561771844479084e+09 4.187282245420120841e-01 9.076730576645821724e-01 2.821869249852227562e-02 5.746723360022094607e-01 -2.889127255873029099e-01 7.656899785624333710e-01 7.031489034204753130e-01 -3.043995033203835132e-01 -6.425905089830055150e-01 -3.812508887499380106e-01 1.519137384586040307e+00 1.854449449620316326e+00
