1.583561772439042091e+09 -4.783074205291378833e-01 1.822661438630763520e-01 8.590698833924755862e-01 3.313744203430733504e-01 -8.684521126955199177e-01 3.687572664727966631e-01 8.132730201153444138e-01 4.610531215206344902e-01 3.549887521067853768e-01 -1.390293701237907686e-01 1.573998772158678117e+00 1.514312183502109166e+00
1.583561772439090014e+09 -4.865920248737557463e-01 2.005847369612349940e-01 8.502905179474632424e-01 3.271712734176155934e-01 -8.606183420900396230e-01 3.902499547571993688e-01 8.100538003234615259e-01 4.680831471733323812e-01 3.531444579030130759e-01 -1.458658842984958959e-01 1.571262439824657964e+00 1.509400828518703497e+00
1.583561772439116001e+09 -4.925978794167485963e-01 2.204209472168470740e-01 8.418800006569019390e-01 3.215180678953200588e-01 -8.528540152654164874e-01 4.114196892979552489e-01 8.086862564989701907e-01 4.733440976589231575e-01 3.492447623013532620e-01 -1.527478227363474883e-01 1.568394766916185956e+00 1.504629851270409047e+00
1.583561772439136982e+09 -4.965096064539160636e-01 2.413005374622697596e-01 8.338178827557681805e-01 3.146137384932199965e-01 -8.452445520906651799e-01 4.319488890967072003e-01 8.090095218784415509e-01 4.767973341997660541e-01 3.437555757275785329e-01 -1.596851862406419575e-01 1.565394382891103442e+00 1.500023602060115202e+00
1.583561772439157963e+09 -4.985502716520742172e-01 2.628374746108738114e-01 8.260533208333081800e-01 3.066492760791679761e-01 -8.378364132090965199e-01 4.516595689903486477e-01 8.108106118914221172e-01 4.784836536010287356e-01 3.371046500934919421e-01 -1.666884984661146651e-01 1.562262211953467261e+00 1.495608857269544067e+00
1.583561772439178944e+09 -4.989575611985161419e-01 2.847317538447009522e-01 8.185164511231676210e-01 2.977969943349378368e-01 -8.306401916227280635e-01 4.704825419774294470e-01 8.138539810851244116e-01 4.785025606405742260e-01 3.296619437637511862e-01 -1.737684961218380619e-01 1.559002012819778127e+00 1.491414625125348170e+00
1.583561772439198017e+09 -4.979655097058476310e-01 3.067607287734915866e-01 8.111277376034348174e-01 2.882068509796538724e-01 -8.236360703853685683e-01 4.884264885200727546e-01 8.179041278977277063e-01 4.769921162581795548e-01 3.217318119632991968e-01 -1.809357333103107646e-01 1.555620877191134621e+00 1.487471849273176439e+00
1.583561772439209938e+09 -4.957912467846926075e-01 3.287668186349294031e-01 8.038055852382852695e-01 2.780069215221513956e-01 -8.167810869718992173e-01 5.055500050739670792e-01 8.227412664002585752e-01 4.741107835342775467e-01 3.135534623192656745e-01 -1.882001087722477706e-01 1.552129660362125074e+00 1.483813010293909995e+00
1.583561772439224005e+09 -4.926261015645990171e-01 3.506438059867558188e-01 7.964725015116985718e-01 2.673055476507278927e-01 -8.100175287802008350e-01 5.219380684942130921e-01 8.281710381876916660e-01 4.700218340988385757e-01 3.053067428198590894e-01 -1.955703303035861707e-01 1.548543318388839518e+00 1.480471628198921641e+00
1.583561772439239025e+09 -4.886304008350503270e-01 3.723233286664625052e-01 7.890599917588131396e-01 2.561932952096339089e-01 -8.032818029605565124e-01 5.376833088366943514e-01 8.340295720835316784e-01 4.648802900798862936e-01 2.971211689179831250e-01 -2.030533362965013244e-01 1.544881127855888048e+00 1.477481673302093013e+00
1.583561772439250946e+09 -4.839606145656535352e-01 3.936337894277622818e-01 7.815590596070716156e-01 2.448123241472258682e-01 -7.965554414556957896e-01 5.527805665112190958e-01 8.401482308112080410e-01 4.588593124842884619e-01 2.891350581389779961e-01 -2.106536992156446964e-01 1.541166767612697885e+00 1.474876896928695835e+00
1.583561772439264059e+09 -4.785386334600399971e-01 4.146449016083481043e-01 7.739963708831688605e-01 2.329708555888582167e-01 -7.899286144517934094e-01 5.672189741149130660e-01 8.465963364984324668e-01 4.517547894487054516e-01 2.814111822074164548e-01 -2.183494767537381143e-01 1.537430628281349909e+00 1.472604647062413230e+00
1.583561772439274073e+09 -4.725125557098599494e-01 4.353381376171564510e-01 7.662979778888088234e-01 2.207847539054001440e-01 -7.832888891252983710e-01 5.811304575526025085e-01 8.532209428860865197e-01 4.437783481222694060e-01 2.739978112909562391e-01 -2.261419609686473597e-01 1.533692671662291840e+00 1.470693700033358420e+00
1.583561772439292908e+09 -4.660030670115214435e-01 4.557186975598965240e-01 7.583940997358049607e-01 2.083760818723568997e-01 -7.765148056296952150e-01 5.946462521709112714e-01 8.598956624376340452e-01 4.351381682745522061e-01 2.668974043811538355e-01 -2.340296108547799125e-01 1.529975733870293286e+00 1.469171792941223131e+00
1.583561772439311981e+09 -4.591000488947002411e-01 4.758059669746459996e-01 7.502238513804536657e-01 1.958745286040059486e-01 -7.694845758794350843e-01 6.078870426381155490e-01 8.665219641696276787e-01 4.260307141932928032e-01 2.600721369338717115e-01 -2.420076516139322287e-01 1.526305220785306282e+00 1.468064974161783720e+00
1.583561772439328909e+09 -4.518620079465092143e-01 4.956245092885745995e-01 7.417392209199428210e-01 1.834165437142197819e-01 -7.620846687206094261e-01 6.209551749300737944e-01 8.730286922578475162e-01 4.166332963872790840e-01 2.534513741722647096e-01 -2.500677661955999498e-01 1.522708676422477314e+00 1.467396939695471358e+00
1.583561772439346075e+09 -4.443181560768272309e-01 5.151964633053029985e-01 7.329078937097833757e-01 1.711421626069971613e-01 -7.542175068175830388e-01 6.339292647193212060e-01 8.793700794302909962e-01 4.070977238657981223e-01 2.469406950258244138e-01 -2.581979069011349215e-01 1.519215230892305479e+00 1.467188375780178466e+00
1.583561772439364910e+09 -4.364727320052709247e-01 5.345360212521051979e-01 7.237145821964203751e-01 1.591899990556903399e-01 -7.458074900390341266e-01 6.468614473608975679e-01 8.855225003660809335e-01 3.975455067774361639e-01 2.404318440229224751e-01 -2.663822519648050835e-01 1.515854942030767427e+00 1.467456336814326301e+00
1.583561772439383030e+09 -4.283108943421499726e-01 5.536463380600650241e-01 7.141607035005659299e-01 1.476912065930094387e-01 -7.368047549684834108e-01 6.597772810808538724e-01 8.914802776957749808e-01 3.880650532913605399e-01 2.338128078767813811e-01 -2.746013251519551224e-01 1.512658053278918002e+00 1.468213691897310547e+00
1.583561772439403057e+09 -4.198053564241622237e-01 5.725188412386241765e-01 7.042624790717455507e-01 1.367634110947117954e-01 -7.271863680751738945e-01 6.726780474721072434e-01 8.972509305319366080e-01 3.787111863864620620e-01 2.269771028080135034e-01 -2.828322864843533790e-01 1.509654198999698549e+00 1.469468675356177423e+00
1.583561772439421892e+09 -4.109229010173116037e-01 5.911345451776913729e-01 6.940477787595004111e-01 1.265056210544129867e-01 -7.169550104398136892e-01 6.855449226173250254e-01 9.028503184347604904e-01 3.695070536390411831e-01 2.198313900402617260e-01 -2.910493895891144156e-01 1.506871596468022378e+00 1.471224576316870314e+00
1.583561772439440012e+09 -4.016300252947813121e-01 6.094667069605813614e-01 6.835522336824408907e-01 1.169949069490249099e-01 -7.061355792144284882e-01 6.983442815653343461e-01 9.082981420028269914e-01 3.604481614112442500e-01 2.123007498885802480e-01 -2.992245868253309293e-01 1.504336268611151661e+00 1.473479595446177015e+00
1.583561772439459085e+09 -3.918972096234601965e-01 6.274840568705052357e-01 6.728152315060906830e-01 1.082852319501312888e-01 -6.947704208572890172e-01 7.110333121048564298e-01 9.136141887396665995e-01 3.515079243348410154e-01 2.043313326368720317e-01 -3.073282501360767305e-01 1.502071340921897757e+00 1.476226883558849901e+00
1.583561772439476013e+09 -3.817015720268066570e-01 6.451539128147580904e-01 6.618763774119665877e-01 1.004084813322397990e-01 -6.829140017305364019e-01 7.235652031409806062e-01 9.188155674692972674e-01 3.426439773580182147e-01 1.958904234263087185e-01 -3.153299663232811967e-01 1.500096449868943749e+00 1.479454760857176199e+00
1.583561772439495087e+09 -3.710280091737607755e-01 6.624446843090132653e-01 6.507728151384346571e-01 9.337716676607306365e-02 -6.706278298375509817e-01 7.358933473361666255e-01 9.239149968313944417e-01 3.338043652831432229e-01 1.869645008597879965e-01 -3.231993611116896203e-01 1.498427290917447641e+00 1.483147101919792599e+00
1.583561772439512968e+09 -3.598691125795706602e-01 6.793275429212309868e-01 6.395375763187891582e-01 8.718816982862151455e-02 -6.579761856074453075e-01 7.479743059055720122e-01 9.289200423542230967e-01 3.249329604864052423e-01 1.775559808509867277e-01 -3.309069063676159939e-01 1.497075323900249000e+00 1.487283861494075765e+00
1.583561772439532042e+09 -3.482242758933165594e-01 6.957772692683099613e-01 6.281988901072849130e-01 8.182679371550964642e-02 -6.450229545861883018e-01 7.597695466170341083e-01 9.338330845192218677e-01 3.159737011828142039e-01 1.676794282311840911e-01 -3.384246681523142564e-01 1.496047643168669561e+00 1.491841709508767932e+00
1.583561772439549923e+09 -3.360983560923838653e-01 7.117724274352913438e-01 6.167802743755557149e-01 7.727063052723416592e-02 -6.318295876659364430e-01 7.712461487017789885e-01 9.386517697865705001e-01 3.068735633934052687e-01 1.573577815062220664e-01 -3.457269598906673180e-01 1.495347009059307286e+00 1.496794738448199213e+00
1.583561772439563036e+09 -3.235002157051478089e-01 7.272950806972341420e-01 6.053011451469773041e-01 7.349285999273875991e-02 -6.184540515280968487e-01 7.823767543569274396e-01 9.433697102419976721e-01 2.975843610865079314e-01 1.466190235557835453e-01 -3.527908738395888477e-01 1.494972027511092261e+00 1.502115204313366537e+00
1.583561772439578056e+09 -3.104413957642784827e-01 7.423302660030992595e-01 5.937776656759750082e-01 7.046476829356290716e-02 -6.049505235994284691e-01 7.931390675698820614e-01 9.479772446943508513e-01 2.880636047781723885e-01 1.354935547459696910e-01 -3.595966741236493736e-01 1.494917456930796140e+00 1.507774263688091088e+00
1.583561772439589024e+09 -2.969350819512311945e-01 7.568654092741614603e-01 5.822235907576978065e-01 6.815743653108380373e-02 -5.913695446992895954e-01 8.035151681998146111e-01 9.524621363524036211e-01 2.782747097305301454e-01 1.240123581470489594e-01 -3.661280453871663121e-01 1.495174615426744902e+00 1.513742672805043377e+00
1.583561772439603090e+09 -2.829954408236488583e-01 7.708898098706414848e-01 5.706509281465775851e-01 6.654267576563702158e-02 -5.777583581573512150e-01 8.134908431941820783e-01 9.568101447035962659e-01 2.681868394421059176e-01 1.122059106113611204e-01 -3.723721998006903067e-01 1.495731859767976735e+00 1.519991421709058654e+00
1.583561772439615965e+09 -2.686372954776198863e-01 7.843942529476055636e-01 5.590703530908727181e-01 6.559340952417226644e-02 -5.641612414593424329e-01 8.230550396793387957e-01 9.610054673820229709e-01 2.577746104924126813e-01 1.001036566821221496e-01 -3.783198535134815188e-01 1.496575106401924371e+00 1.526492283104927683e+00
1.583561772439625978e+09 -2.538760703815590714e-01 7.973707637092336542e-01 5.474913755971746454e-01 6.528370330145802369e-02 -5.506197176874749744e-01 8.321994740784944833e-01 9.650310768071330703e-01 2.470177967591382084e-01 8.773385386790004403e-02 -3.839650883516688151e-01 1.497688367728287506e+00 1.533218264171085643e+00
1.583561772439635992e+09 -2.387279142743957971e-01 8.098124879024908296e-01 5.359223056258155538e-01 6.558861398830267975e-02 -5.371726065430768582e-01 8.409183816366010422e-01 9.688689885087714559e-01 2.359010925377077739e-01 7.512361732034471273e-02 -3.893051166483416092e-01 1.499054281059560179e+00 1.540143957423299792e+00
1.583561772439646006e+09 -2.232099241166732584e-01 8.217136747567974631e-01 5.243700666298796165e-01 6.648397118493523661e-02 -5.238559153563571158e-01 8.492083734874167344e-01 9.725004943876043306e-01 2.244139409899257309e-01 6.229905086775375939e-02 -3.943399696705867652e-01 1.500654610480322226e+00 1.547245791640688983e+00
1.583561772439655066e+09 -2.073403613422054315e-01 8.330697139128347972e-01 5.128399619799401954e-01 6.794620512437596349e-02 -5.107026384372675976e-01 8.570683335545187242e-01 9.759063930524611852e-01 2.125503872126290328e-01 4.928534395623414277e-02 -3.990721333208298027e-01 1.502470704022078385e+00 1.554502187433165705e+00
1.583561772439666986e+09 -1.911388201798676634e-01 8.438772003560531809e-01 5.013354390260008620e-01 6.995223797209827732e-02 -4.977425128485437056e-01 8.644993206390750862e-01 9.790672275467811048e-01 2.003089161149751440e-01 3.610681795022897822e-02 -4.035061543349137136e-01 1.504483893529016569e+00 1.561893626678558800e+00
1.583561772439677000e+09 -1.746263725282793389e-01 8.541340317741389354e-01 4.898578222982501451e-01 7.247938854679705778e-02 -4.850017223588622417e-01 8.715044851429795125e-01 9.819635270655208137e-01 1.876922623061532402e-01 2.278697911589429304e-02 -4.076482381500278196e-01 1.506675829670360844e+00 1.569402648324801586e+00
1.583561772439686060e+09 -1.578256130595652174e-01 8.638394911438936896e-01 4.784061137637626304e-01 7.550534457533529531e-02 -4.725026427899471360e-01 8.780889451397198009e-01 9.845760605644972019e-01 1.747071445439919435e-01 9.348520865249643555e-03 -4.115058578633285502e-01 1.509028748485954585e+00 1.577013784354205139e+00
1.583561772439696074e+09 -1.407605797386914104e-01 8.729942854876691083e-01 4.669769126856451735e-01 7.900820398636643205e-02 -4.602636954346877030e-01 8.842595967515219924e-01 9.868860943029875710e-01 1.613639006437952161e-01 -4.186725952559250744e-03 -4.150873893341937015e-01 1.511525670555669443e+00 1.584713450643382648e+00
1.583561772439704895e+09 -1.234565964365555435e-01 8.816005495440601969e-01 4.555644192908699375e-01 8.296652930290285277e-02 -4.482992950755484984e-01 8.900248856800058173e-01 9.888756362891444329e-01 1.476760418648577489e-01 -1.779783263929036324e-02 -4.184017823128454716e-01 1.514150537748746084e+00 1.592489807108072197e+00
1.583561772439717054e+09 -1.059400732357788227e-01 8.896618223124702629e-01 4.441604924870820592e-01 8.735938161780672229e-02 -4.366198723951169036e-01 8.953945641741057893e-01 9.905276571409393771e-01 1.336597516601289726e-01 -3.146476535462837398e-02 -4.214582729793128757e-01 1.516888294854923602e+00 1.600332599933204092e+00
1.583561772439727068e+09 -8.823828915133703765e-02 8.971830024039557649e-01 4.327547397880043278e-01 9.216631724447410523e-02 -4.252319499954274051e-01 9.003794526465982440e-01 9.918262824349205475e-01 1.193333531201415249e-01 -4.516831343116539665e-02 -4.242661403394222264e-01 1.519724924246679487e+00 1.608232996318629482e+00
1.583561772439735889e+09 -7.037917098404761207e-02 9.041702846229503487e-01 4.213346282711237789e-01 9.736734294824102298e-02 -4.141382568874718006e-01 9.049912180728145739e-01 9.927569556818731655e-01 1.047167649192551342e-01 -5.888995095847911199e-02 -4.268345055246496877e-01 1.522647442325114620e+00 1.616183420006831684e+00
1.583561772439744949e+09 -5.239107131280479335e-02 9.106310753261270818e-01 4.098856188999474570e-01 1.029428361216576937e-01 -4.033378777340177468e-01 9.092421728867171593e-01 9.933065732060770703e-01 8.983095961332822343e-02 -7.261164200275531388e-02 -4.291721720763558290e-01 1.525643865764494400e+00 1.624177393369982791e+00
1.583561772439754963e+09 -3.430254965203580197e-02 9.165738858477447959e-01 3.983913241440505404e-01 1.088734353238783037e-01 -3.928264310598886810e-01 9.131450981202486883e-01 9.934635928936565996e-01 7.469743712990951912e-02 -8.631559948721569120e-02 -4.312875057790415689e-01 1.528703154487182525e+00 1.632209389653828557e+00
1.583561772439764023e+09 -1.614209909559670419e-02 9.220081597222916647e-01 3.868337967735190341e-01 1.151399683000847579e-01 -3.825963807751711077e-01 9.167130397224131366e-01 9.932181132934696510e-01 5.933770382802898424e-02 -9.998408155283863841e-02 -4.331883516348301599e-01 1.531815137927698744e+00 1.640274697618504307e+00
1.583561772439774036e+09 2.062214264776777474e-03 9.269440006680940147e-01 3.751940393738551482e-01 1.217234754034758754e-01 -3.726375779831408996e-01 9.199590377240003392e-01 9.925619089236722425e-01 4.377276977471151326e-02 -1.135993037559331342e-01 -4.348819832657059847e-01 1.534970430938558339e+00 1.648369299917658459e+00
1.583561772439783096e+09 2.028310149397710010e-02 9.313918666887365250e-01 3.634525921544255467e-01 1.286052616131345694e-01 -3.629378980037455960e-01 9.228958602992813898e-01 9.914884178435828810e-01 2.802272529859149014e-02 -1.271434008616065536e-01 -4.363750785040791946e-01 1.538160344868730434e+00 1.656489765679827419e+00
1.583561772439793110e+09 3.849446205777875413e-02 9.353621771516190675e-01 3.515903500225522893e-01 1.357670900658417557e-01 -3.534841338427356372e-01 9.255356635246506647e-01 9.899926635512499296e-01 1.210640123989882577e-02 -1.405985824875456980e-01 -4.376737161750716143e-01 1.541376797862368253e+00 1.664633156792064916e+00
1.583561772439801931e+09 5.667185929970729868e-02 9.388648271674158163e-01 3.395896596707972948e-01 1.431915867668051845e-01 -3.442632192706356342e-01 9.278895437583795092e-01 9.880710855412540017e-01 -3.958843445555578627e-03 -1.539475810452641813e-01 -4.387833908442774211e-01 1.544612227284062334e+00 1.672796946785307881e+00
1.583561772439810991e+09 7.479298283262979241e-02 9.419086725322191045e-01 3.274355854385808673e-01 1.508628440373601942e-01 -3.352636909071913252e-01 9.299670208817930606e-01 9.857212649874682597e-01 -2.015714376194710153e-02 -1.671743925984244816e-01 -4.397090417484749159e-01 1.547859506664265972e+00 1.680978951154581624e+00
1.583561772439820051e+09 9.283797481136571439e-02 9.445010978249821498e-01 3.151171003361181167e-01 1.587671250852843441e-01 -3.264771504109687528e-01 9.317755471846200788e-01 9.829415601480018250e-01 -3.647391868498060102e-02 -1.802652013655436647e-01 -4.404550905151973783e-01 1.551111868934867299e+00 1.689177268016420985e+00
1.583561772439829111e+09 1.107895387284518751e-01 9.466477544418581136e-01 3.026280016826591868e-01 1.668935720307611892e-01 -3.178995156857487014e-01 9.333201131557651298e-01 9.797306844050645003e-01 -5.289543661501386329e-02 -1.932093658554815407e-01 -4.410254833033402377e-01 1.554362836710373896e+00 1.697390227839703281e+00
1.583561772439837933e+09 1.286328360712463981e-01 9.483524775399760909e-01 2.899675363070358669e-01 1.752349110304897428e-01 -3.095320366355924779e-01 9.346029340483954506e-01 9.760872500358795945e-01 -6.940819056918220986e-02 -2.060004457109082254e-01 -4.414237343410116754e-01 1.557606159619941977e+00 1.705616350929262115e+00
1.583561772439846992e+09 1.463552002863309498e-01 9.496173568274096644e-01 2.771408148309936759e-01 1.837881978904077895e-01 -3.013821527678380852e-01 9.356231593909647426e-01 9.720092869453744733e-01 -8.599810395273030372e-02 -2.186373079834873223e-01 -4.416529710688588684e-01 1.560835758426514452e+00 1.713854311267889896e+00
1.583561772439856052e+09 1.639456323305208407e-01 9.504429885221997720e-01 2.641589587590212340e-01 1.925555324694215587e-01 -2.934641167639317483e-01 9.363766225012741806e-01 9.674937709351693060e-01 -1.026495885009711395e-01 -2.311252158809454504e-01 -4.417159804745715013e-01 1.564045675755977527e+00 1.722102905634369296e+00
1.583561772439866066e+09 1.813940475996019264e-01 9.508289338616833231e-01 2.510389179207135890e-01 2.015446285901369983e-01 -2.857992832128694038e-01 9.368556625654693715e-01 9.625362135657713480e-01 -1.193444951599523379e-01 -2.434767530654008139e-01 -4.416152558389376259e-01 1.567230033205360584e+00 1.730361027130965068e+00
1.583561772439876080e+09 1.986902603574343673e-01 9.507744076342199424e-01 2.378028732181504956e-01 2.107690619334234017e-01 -2.784159121130135306e-01 9.370490822222143912e-01 9.571303898711182034e-01 -1.360610375844743258e-01 -2.557123600266200669e-01 -4.413530441089254519e-01 1.570382994700933788e+00 1.738627642356470826e+00
1.583561772439884901e+09 2.158228089554523887e-01 9.502791000326045179e-01 2.244774987826535229e-01 2.202483114855713076e-01 -2.713487372507328854e-01 9.369421242316402498e-01 9.512682043812510368e-01 -1.527726909890183282e-01 -2.678606138554724403e-01 -4.409313944280339737e-01 1.573498736180647395e+00 1.746901771618753596e+00
1.583561772439894915e+09 2.327776466229906915e-01 9.493441297307965154e-01 2.110930857755725643e-01 2.300074902012734790e-01 -2.646382407025875683e-01 9.365165007028233290e-01 9.449397451312300245e-01 -1.694471161799116221e-01 -2.799581274466301228e-01 -4.403522086690249693e-01 1.576571421970533349e+00 1.755182471731922433e+00
1.583561772439903975e+09 2.495367594212527240e-01 9.479731135287962074e-01 1.976825283326132388e-01 2.400766501364958450e-01 -2.583295611990060747e-01 9.357505222811678403e-01 9.381335768437897293e-01 -1.860451937437458125e-01 -2.920489310319681064e-01 -4.396172947692267297e-01 1.579595188512170845e+00 1.763468821105009798e+00
1.583561772439913034e+09 2.660768229669808749e-01 9.461733169739128257e-01 1.842801639089129140e-01 2.504895434640254104e-01 -2.524709505075927174e-01 9.346193919689915752e-01 9.308373183000886453e-01 -2.025203043497873223e-01 -3.041831905608116116e-01 -4.387284229584386686e-01 1.582564136164229529e+00 1.771759906993775724e+00
1.583561772439923048e+09 2.823680661229185374e-01 9.439567996929248972e-01 1.709205541513621474e-01 2.612818546857333390e-01 -2.471118193143152231e-01 9.330956763626456762e-01 9.230384975130774272e-01 -2.188179822267945773e-01 -3.164152698540021458e-01 -4.376873840377671909e-01 1.585472329600941421e+00 1.780054814912019445e+00
1.583561772439932108e+09 2.983735329014781668e-01 9.413414562284733167e-01 1.576372352379409314e-01 2.724889255845498459e-01 -2.423003815513980475e-01 9.311499936172126235e-01 9.147256531566634319e-01 -2.348761123707199250e-01 -3.288011428333523223e-01 -4.364960483125742696e-01 1.588313807036533465e+00 1.788352620263133685e+00
1.583561772439941883e+09 3.140489113743867855e-01 9.383518107938133568e-01 1.444616237221783284e-01 2.841432652007565007e-01 -2.380811531070268217e-01 9.287518341601224137e-01 9.058895552719059552e-01 -2.506257049693097483e-01 -3.413954743280744886e-01 -4.351564228646113142e-01 1.591082597860357772e+00 1.796652382278119520e+00
1.583561772439950943e+09 3.293430305726446905e-01 9.350194616708312756e-01 1.314221244461104277e-01 2.962720639511709497e-01 -2.344924512228314384e-01 9.258704847445629049e-01 8.965244182844320786e-01 -2.659922872789821646e-01 -3.542486002253811828e-01 -4.336707045368394242e-01 1.593772747626191144e+00 1.804953140301365000e+00
1.583561772439960957e+09 3.441990138621866535e-01 9.313830933840101522e-01 1.185435468452182561e-01 3.088950540740801887e-01 -2.315641608501423920e-01 9.224759536474926858e-01 8.866289441865873311e-01 -2.808977982171141363e-01 -3.674037867539478031e-01 -4.320413259313609644e-01 1.596378348668697322e+00 1.813253912376304733e+00
1.583561772439970016e+09 3.585559635408817614e-01 9.274880394291147301e-01 1.058468611207756399e-01 3.220229687126349161e-01 -2.293159624196787760e-01 9.185398179069584890e-01 8.762070696329915531e-01 -2.952628089852941118e-01 -3.808950577115239877e-01 -4.302709915941768659e-01 1.598893573788198630e+00 1.821553695952148333e+00
1.583561772439979076e+09 3.723509876467236412e-01 9.233854341014734457e-01 9.334924944345757147e-02 3.356567058373713386e-01 -2.277561120928794647e-01 9.140359562458419962e-01 8.652683503216379579e-01 -3.090088894633324368e-01 -3.947457262569092351e-01 -4.283627029627237737e-01 1.601312710492530433e+00 1.829851470387384937e+00
1.583561772439987898e+09 3.855213324505317174e-01 9.191310371769078058e-01 8.106441270731783166e-02 3.497872344137770151e-01 -2.268808375485147633e-01 9.089411291574149843e-01 8.538279645861485134e-01 -3.220608984719448009e-01 -4.089677063044271366e-01 -4.263197712476556323e-01 1.603630193104102153e+00 1.838146200812545539e+00
1.583561772439997911e+09 3.980062968900643372e-01 9.147838814562055942e-01 6.900317491022300853e-02 3.643962976795587227e-01 -2.266744416407175666e-01 9.032353158639282453e-01 8.419063642204437370e-01 -3.343488417915351785e-01 -4.235617146432837932e-01 -4.241458186118556850e-01 1.605840630443420958e+00 1.846436842837135828e+00
1.583561772440006971e+09 4.097487960904511173e-01 9.104048737296591698e-01 5.717420988193501474e-02 3.794576111935057949e-01 -2.271098966581635847e-01 8.969018988867998310e-01 8.295286888650394985e-01 -3.458092841453968558e-01 -4.385180652863491235e-01 -4.218447695067849557e-01 1.607938827860081688e+00 1.854722347594881304e+00
1.583561772440023899e+09 4.206965146310174264e-01 9.060554456085652131e-01 4.558478193753739971e-02 3.949383158798362436e-01 -2.281497636157157061e-01 8.899277566699459463e-01 8.167240473172872051e-01 -3.563863284646658913e-01 -4.538178220948699271e-01 -4.194208348000368902e-01 1.609919803384513015e+00 1.863001666708375081e+00
1.583561772440037012e+09 4.308025956547136825e-01 9.017963435121777449e-01 3.424147615307668313e-02 4.108005511369551277e-01 -2.297473390325936449e-01 8.823032740914698024e-01 8.035247544414282350e-01 -3.660321233256986218e-01 -4.694341848729267075e-01 -4.168784913613461929e-01 1.611778798440977933e+00 1.871273756873139904e+00
1.583561772440047026e+09 4.400259450645052639e-01 8.976865860786392703e-01 2.315083429341157489e-02 4.270029533550297463e-01 -2.318478716270395146e-01 8.740223351423034304e-01 7.899655978153664604e-01 -3.747070293799883989e-01 -4.853339022108607570e-01 -4.142224590685806840e-01 1.613511283549105224e+00 1.879537583848838622e+00
1.583561772440061092e+09 4.483312214342083935e-01 8.937826004549327408e-01 1.231987399461366602e-02 4.435019931041355723e-01 -2.343897670032327740e-01 8.650823193872017036e-01 7.760831773937461042e-01 -3.823795241876653539e-01 -5.014786151793794167e-01 -4.114576766976005828e-01 1.615112959421125760e+00 1.887792125708726898e+00
1.583561772440073013e+09 4.556885489502494613e-01 8.901375519057130870e-01 1.756509844621638103e-03 4.602531329727765352e-01 -2.373057378895253866e-01 8.554840971245242232e-01 7.619153497441406575e-01 -3.890258676763788670e-01 -5.178261043407242914e-01 -4.085892782710773830e-01 1.616579754449692263e+00 1.896036375297718513e+00
1.583561772440083027e+09 4.620730349632595768e-01 8.868008499649966403e-01 -8.530131600169721037e-03 4.772117721010048497e-01 -2.405238462975814728e-01 8.452320415187457581e-01 7.475007927467381963e-01 -3.946296138564846512e-01 -5.343313886945686431e-01 -4.056225708113453399e-01 1.617907819341818376e+00 1.904269341893394030e+00
