1.584057354543962955e+09 4.218165533484983243e-01 -7.957045947100488403e-01 -4.346550280602659577e-01 -2.899675655961956311e-01 3.358239171432968462e-01 -8.961814033549510006e-01 8.590632144619942956e-01 5.040600110610284901e-01 -8.907243702390803264e-02 1.610347871965365496e-01 -2.818804578819963380e-01 5.933669643540107064e-01
1.584057354544015884e+09 4.390647714490471532e-01 -7.853056332040624365e-01 -4.364827477350659013e-01 -2.813094550940278271e-01 3.412277373674173497e-01 -8.968994491404406189e-01 8.532802102275574008e-01 5.165836755350737830e-01 -7.109282126365480681e-02 1.559876112975679685e-01 -2.871685528572655577e-01 5.847542160991059390e-01
1.584057354544042110e+09 4.571877541275540247e-01 -7.742531080281124245e-01 -4.376202489901420689e-01 -2.745348508021133727e-01 3.451666865249117255e-01 -8.974912670054908670e-01 8.459373341985653161e-01 5.304640264380282577e-01 -5.475347930807582947e-02 1.510522950108764695e-01 -2.925448718444193519e-01 5.761312692227976706e-01
1.584057354544064045e+09 4.757125475664849557e-01 -7.627140908741913972e-01 -4.381378639359140292e-01 -2.691465813223232195e-01 3.479995778534660245e-01 -8.980291819973732492e-01 8.374113028092793343e-01 5.451270581454148445e-01 -3.973412437712890710e-02 1.462275145855131409e-01 -2.980144781025699241e-01 5.675044351122201514e-01
1.584057354544085026e+09 4.943218662952034714e-01 -7.507819073185298953e-01 -4.381465739847340557e-01 -2.646044165006480320e-01 3.501581308837285467e-01 -8.985398078476741768e-01 8.280280161304657272e-01 5.601033932689076789e-01 -2.556938777307504393e-02 1.415115279004637017e-01 -3.035824321802367276e-01 5.588803570445806113e-01
1.584057354544106960e+09 5.128021379788051393e-01 -7.385039178197549958e-01 -4.377738352209770145e-01 -2.603743291755101219e-01 3.521199909000771733e-01 -8.990087434824181045e-01 8.180703980846448786e-01 5.749986743577407688e-01 -1.171957806162560699e-02 1.369021789444330450e-01 -3.092537890912663290e-01 5.502660097960337948e-01
1.584057354544126987e+09 5.309845839331673867e-01 -7.259159061737544549e-01 -4.371515400309583521e-01 -2.559571815558235874e-01 3.543910556196815942e-01 -8.993847347216551436e-01 8.078002804369897039e-01 5.894515052231642516e-01 2.372797802988727001e-03 1.323969075172085896e-01 -3.150336058357459113e-01 5.416687071206262027e-01
1.584057354544146061e+09 5.486902359368557303e-01 -7.130799490520279837e-01 -4.364126618448453399e-01 -2.509066809174960722e-01 3.574896916132258573e-01 -8.995815460566071176e-01 7.974865909255105523e-01 6.030904632061379056e-01 1.723457996703430667e-02 1.279927616955865710e-01 -3.209269601180347320e-01 5.330961205547011250e-01
1.584057354544164896e+09 5.656849759811206635e-01 -7.001224525898793738e-01 -4.356937680410711833e-01 -2.448459194449153498e-01 3.619244357407678803e-01 -8.994782813885590089e-01 7.874331615683922703e-01 6.154991911973657359e-01 3.331309008689074119e-02 1.236864093457524516e-01 -3.269389797385783836e-01 5.245563128806117748e-01
1.584057354544184923e+09 5.816494386100304892e-01 -6.872668269581360123e-01 -4.351416313331007979e-01 -2.374889587135758928e-01 3.681577480835132032e-01 -8.989209460012755892e-01 7.779993093317207897e-01 6.261981964769608444e-01 5.092046437582749968e-02 1.194741446373831922e-01 -3.330748813207993209e-01 5.160577892766191610e-01
1.584057354544203997e+09 5.964836426527624358e-01 -6.745795364129042460e-01 -4.349134549451684206e-01 -2.284791882562609289e-01 3.767357524462369711e-01 -8.977011938875530950e-01 7.694183029067993562e-01 6.348327512539703177e-01 7.058932901804831905e-02 1.153518850281072816e-01 -3.393400157071068124e-01 5.076095686036392607e-01
1.584057354544223070e+09 6.118151174249987223e-01 -6.613592118221416349e-01 -4.339196414313727379e-01 -2.203403708772256608e-01 3.843631098849540906e-01 -8.965016011507529470e-01 7.596922951550045822e-01 6.441032470665281062e-01 8.943502716698439881e-02 1.113069366484652767e-01 -3.457266482360937254e-01 4.992151250101315996e-01
1.584057354544241905e+09 6.276041679926288586e-01 -6.476194286840558645e-01 -4.320903656654677683e-01 -2.131614894506273505e-01 3.908553155996333794e-01 -8.954296744174337075e-01 7.487824704135387366e-01 6.540804216943398863e-01 1.072549031113970430e-01 1.073283920810456649e-01 -3.522281838084333483e-01 4.908773444888784310e-01
1.584057354544265032e+09 6.437775584161331555e-01 -6.333983256517294880e-01 -4.293681596637650144e-01 -2.070228813335486528e-01 3.960173185601517654e-01 -8.946014811911463527e-01 7.366763075789544146e-01 6.648133908465921893e-01 1.238191159990116724e-01 1.034063528084834538e-01 -3.588386642993137698e-01 4.825986657710234495e-01
1.584057354544281006e+09 6.602266483066411284e-01 -6.187628112124092805e-01 -4.257151119211010637e-01 -2.019908575313911769e-01 3.996487571653092319e-01 -8.941367705863388915e-01 7.233950971648930306e-01 6.763234836566288655e-01 1.388743285716961540e-01 9.953194182703480053e-02 -3.655530234610712137e-01 4.743813860338675914e-01
1.584057354544291019e+09 6.768080317303946103e-01 -6.038120633107982860e-01 -4.211197936184977730e-01 -1.981118522588977693e-01 4.015512994027981009e-01 -8.941522510663848511e-01 7.090011159658778928e-01 6.885982474120813102e-01 1.521508182824938271e-01 9.569724209069864485e-02 -3.723673259588345386e-01 4.662279986959652622e-01
1.584057354544303894e+09 6.933472560913476190e-01 -5.886797056827810515e-01 -4.156029195993861114e-01 -1.954066610039986163e-01 4.015381815554183165e-01 -8.947532205770742930e-01 6.936035031378481319e-01 7.015862691525297512e-01 1.633734606826387492e-01 9.189515767053689499e-02 -3.792789756277914481e-01 4.581415520973479150e-01
1.584057354544317007e+09 7.096459584998774384e-01 -5.735338785469750178e-01 -4.092206054628167444e-01 -1.938654792778253533e-01 3.994457752395715877e-01 -8.960241340121631870e-01 6.773616388505634411e-01 7.151936541927470525e-01 1.722766597655840948e-01 8.811919909935117534e-02 -3.862868777142401400e-01 4.501260165015059656e-01
1.584057354544327021e+09 7.254923790212106649e-01 -5.585743356002383919e-01 -4.020640742252368227e-01 -1.934446020853344272e-01 3.951464563573023336e-01 -8.980191891585187491e-01 6.604846661059445845e-01 7.292832027649984727e-01 1.786225525728137586e-01 8.436319920089684066e-02 -3.933915398777408368e-01 4.421866458731645300e-01
1.584057354544339895e+09 7.406746150722303135e-01 -5.440258663420155516e-01 -3.942549575213016855e-01 -1.940656473611021005e-01 3.885613341152671651e-01 -9.007544694807182450e-01 6.432259629044889682e-01 7.436773134783773997e-01 1.822207846187113844e-01 8.062097065894632819e-02 -4.005950968817689750e-01 4.343303199065070563e-01
1.584057354544348955e+09 7.549952609753195487e-01 -5.301278463205788549e-01 -3.859360344046851576e-01 -1.956178889897627893e-01 3.796708264302947611e-01 -9.042033539030563949e-01 6.258720297808421096e-01 7.581652394546209983e-01 1.829471844675628345e-01 7.688592189099277552e-02 -4.079012462697319541e-01 4.265658522826121235e-01
1.584057354544363022e+09 7.682855457826539558e-01 -5.171204062213302644e-01 -3.772582746642363372e-01 -1.979636703920004959e-01 3.685210609400264015e-01 -9.082965446335105053e-01 6.087262977675937936e-01 7.725145392290317936e-01 1.807583507608930551e-01 7.315065242903399934e-02 -4.153150854442452244e-01 4.189042521626989979e-01
1.584057354544379950e+09 7.804170111487940265e-01 -5.052284258984437448e-01 -3.683660225447840664e-01 -2.009462362561057758e-01 3.552245062800677977e-01 -9.129272481513505122e-01 5.920894350425830455e-01 7.864857201580119916e-01 1.756994968187755302e-01 6.940655269969411845e-02 -4.228428447806867330e-01 4.113589276341388379e-01
1.584057354544397116e+09 7.913091430823243622e-01 -4.946452078937152441e-01 -3.593827466278829985e-01 -2.043989047920413693e-01 3.399540000482283442e-01 -9.179609826760793956e-01 5.762386033898239113e-01 7.998483583606450509e-01 1.679037696867138607e-01 6.564343536943391400e-02 -4.304915168263325209e-01 4.039458223776374313e-01
1.584057354544414043e+09 8.009320873120697737e-01 -4.855180392981042203e-01 -3.503998076793937155e-01 -2.081543530728757474e-01 3.229304794282459867e-01 -9.232484340076976270e-01 5.614085473618604105e-01 8.123965406059355798e-01 1.575826895456382271e-01 6.184922571228672339e-02 -4.382683881495263445e-01 3.966834803902264395e-01
1.584057354544433117e+09 8.093045585666139852e-01 -4.779375513661255348e-01 -3.414700992314708694e-01 -2.120528944370706215e-01 3.044060837391295848e-01 -9.286390613624202484e-01 5.477770547241039845e-01 8.239615484933734413e-01 1.450091900745298645e-01 5.800973659013312217e-02 -4.461804864405853333e-01 3.895930368533179200e-01
1.584057354544451952e+09 8.164879049665577648e-01 -4.719320441435358449e-01 -3.326073464996306406e-01 -2.159490653243723302e-01 2.846451576199977573e-01 -9.339931132367235156e-01 5.354563497288411522e-01 8.344203258402327350e-01 1.304960445516554213e-01 5.410855016446263627e-02 -4.542339601793299320e-01 3.826981350525385794e-01
1.584057354544471025e+09 8.225777393350405253e-01 -4.674670438765113900e-01 -3.237907130099786368e-01 -2.197163773840566658e-01 2.639058637422330711e-01 -9.391902942089548345e-01 5.244907782735476198e-01 8.436991514724820895e-01 1.143729233451030169e-01 5.012702370560921661e-02 -4.624334125019211039e-01 3.760247705119298400e-01
1.584057354544488907e+09 8.276945548265013386e-01 -4.644495820011880771e-01 -3.149735066337833178e-01 -2.232505047666047959e-01 2.424246942586433806e-01 -9.441342488648898357e-01 5.148601132975403338e-01 8.517727711180100858e-01 9.696499575141895311e-02 4.604443101763420337e-02 -4.707812147040456585e-01 3.696010643420576947e-01
1.584057354544507027e+09 8.319744809823240717e-01 -4.627361103068239889e-01 -3.060943570273774728e-01 -2.264713549956668404e-01 2.204054050646197804e-01 -9.487529620134725894e-01 5.064871060471189956e-01 8.586598569070487130e-01 7.857519855694769517e-02 4.183824449225097275e-02 -4.792768276526122029e-01 3.634569678947458526e-01
1.584057354544524908e+09 8.355609015451831434e-01 -4.621428042348757481e-01 -2.970892264869706145e-01 -2.293244470190311246e-01 1.980129702868558272e-01 -9.529958875788513417e-01 4.992477121015105879e-01 8.644159255362869887e-01 5.947125292554465703e-02 3.748455521696045928e-02 -4.879161620700381286e-01 3.576239021379207794e-01
1.584057354544543028e+09 8.385971827474330009e-01 -4.624572568859759980e-01 -2.879028496442284646e-01 -2.317818197983954054e-01 1.753723450490921876e-01 -9.568289966067795582e-01 4.929827109830143828e-01 8.691247473034728888e-01 3.987756989078820868e-02 3.295862094197609532e-02 -4.966910094374127893e-01 3.521343358329794837e-01
1.584057354544560909e+09 8.412205290881104025e-01 -4.634507520448215012e-01 -2.784985135714537208e-01 -2.338424335907826335e-01 1.525713141277749429e-01 -9.602289885763054533e-01 4.875097311042328463e-01 8.728891079428332533e-01 1.997166986823672302e-02 2.823552453862093053e-02 -5.055885744450958619e-01 3.470213070935350697e-01
1.584057354544579983e+09 8.435568963907921214e-01 -4.648904850518585929e-01 -2.688653931830616295e-01 -2.355318299363344525e-01 1.296663798785192556e-01 -9.631777547060830225e-01 4.826349758004069290e-01 8.758215954571237916e-01 -1.155377052168803098e-04 2.329092082092218061e-02 -5.145911369747653286e-01 3.423178905098959168e-01
1.584057354544601917e+09 8.457168977176087177e-01 -4.665512388574224456e-01 -2.590229152550178604e-01 -2.369007248437993707e-01 1.066904876590089452e-01 -9.656579034814428697e-01 4.781641723406003797e-01 8.780359227252263477e-01 -2.029637843979867004e-02 1.810184458599761043e-02 -5.236758694996317409e-01 3.380566127252310760e-01
1.584057354544615984e+09 8.477926943842289953e-01 -4.682260848085901817e-01 -2.490218485298992257e-01 -2.380222312865646339e-01 8.366137972144990775e-02 -9.676498287609412996e-01 4.739124022308671136e-01 8.796391915329180300e-01 -4.052071093855344475e-02 1.264754816264212350e-02 -5.328148329293429519e-01 3.342688213465413449e-01
1.584057354544631004e+09 8.498559306772447419e-01 -4.697356702703503473e-01 -2.389420376578363092e-01 -2.389875295373166952e-01 6.058948180028855823e-02 -9.691304739638689769e-01 4.697125270246403916e-01 8.807254481414785729e-01 -6.076863694374554092e-02 6.910332506204586861e-03 -5.419751699637948006e-01 3.309840157978651831e-01
1.584057354544644117e+09 8.519568404377171333e-01 -4.709355403325850009e-01 -2.288870006678804248e-01 -2.399000575287664472e-01 3.748443431246294144e-02 -9.700736465478173587e-01 4.654218566568953941e-01 8.813708834931099911e-01 -8.104234300972214255e-02 8.763316905497191278e-04 -5.511195092806412399e-01 3.282291549710263934e-01
1.584057354544661999e+09 8.541246540408106158e-01 -4.717208713025871081e-01 -2.189760149625834817e-01 -2.408686399533516709e-01 1.435967124674784184e-02 -9.704514919733590039e-01 4.609266469525268861e-01 8.816309997118747521e-01 -1.013578154856508290e-01 -5.463794208399046400e-03 -5.602065848614643517e-01 3.260279674440385023e-01
1.584057354544678926e+09 8.563693082934951128e-01 -4.720281849121733542e-01 -2.093346618530711745e-01 -2.420002244787145262e-01 -8.765184139758231546e-03 -9.702366015791501486e-01 4.561441651371537787e-01 8.815398824950854140e-01 -1.217371614001333813e-01 -1.211430280845214244e-02 -5.691920614469272444e-01 3.244002968866818715e-01
1.584057354544697046e+09 8.586843044827058291e-01 -4.718339083909887655e-01 -2.000850527131788070e-01 -2.433930448587339757e-01 -3.186395805756510324e-02 -9.694042057036428295e-01 4.510222734767863617e-01 8.811114863077479376e-01 -1.422021723050124753e-01 -1.907399079134243502e-02 -5.780295414207536897e-01 3.233615204719727521e-01
1.584057354544714928e+09 8.610503954454229447e-01 -4.711500398968617165e-01 -1.913370236001546154e-01 -2.451310236417310329e-01 -5.490513451720291371e-02 -9.679339892764462494e-01 4.455367526630246156e-01 8.803425846469954408e-01 -1.627695793673269720e-01 -2.633602621014273504e-02 -5.866717113104992221e-01 3.229220813789464573e-01
1.584057354544733047e+09 8.634396568333961852e-01 -4.700175898660970963e-01 -1.831813975697103858e-01 -2.472800395987496958e-01 -7.785398189306680372e-02 -9.658112339707202176e-01 4.396868672639865361e-01 8.792168236299665596e-01 -1.834481836527569742e-01 -3.388801099949173556e-02 -5.950715706071937339e-01 3.230871725005581840e-01
1.584057354544750929e+09 8.658194558160574594e-01 -4.684987828359010731e-01 -1.756859715610934458e-01 -2.498863334546813086e-01 -1.006749270064196539e-01 -9.630271956541198719e-01 4.334898966560927214e-01 8.777092057096995692e-01 -2.042377535947268175e-01 -4.171227428245534441e-02 -6.031836761377658007e-01 3.238565966224827286e-01
1.584057354544768095e+09 8.681558860000748723e-01 -4.666690704869336237e-01 -1.688944535678607306e-01 -2.529770526708753353e-01 -1.233336162546420367e-01 -9.595787774164871164e-01 4.269753724095236014e-01 8.757903847304222555e-01 -2.251293709256295406e-01 -4.978637803587493416e-02 -6.109653340145115852e-01 3.252248125437199877e-01
1.584057354544785976e+09 8.704163783885546790e-01 -4.646099547278916275e-01 -1.628278796533280948e-01 -2.565624329152743632e-01 -1.457983417991992880e-01 -9.554677188109546027e-01 4.201797787462724920e-01 8.734302683843345738e-01 -2.461067249928062528e-01 -5.808380144636680203e-02 -6.183776768548620018e-01 3.271811621808841108e-01
1.584057354544805050e+09 8.725713869463547212e-01 -4.624032530449649347e-01 -1.574877977738248780e-01 -2.606390287384226512e-01 -1.680407350170455283e-01 -9.506995362457231202e-01 4.131421929521473246e-01 8.706006795205134541e-01 -2.671478719829019632e-01 -6.657475999208792294e-02 -6.253865741456560157e-01 3.297102622740350486e-01
1.584057354544822931e+09 8.745952216030672410e-01 -4.601270695081985940e-01 -1.528603233235460990e-01 -2.651933149359421704e-01 -1.900358236587985916e-01 -9.452824401120643039e-01 4.059011015969214986e-01 8.672770410110390849e-01 -2.882270461657338023e-01 -7.522710962465731233e-02 -6.319633363009199423e-01 3.327925359363178015e-01
1.584057354544837952e+09 8.764661921126550848e-01 -4.578533978212042110e-01 -1.489203826842392941e-01 -2.702052049101865139e-01 -2.117616204611869890e-01 -9.392263643465863510e-01 3.984923607007836988e-01 8.634392175685537962e-01 -3.093162723032884531e-01 -8.400728424637267377e-02 -6.380851885874058160e-01 3.364048515006853313e-01
1.584057354544852972e+09 8.781662806822041478e-01 -4.556470799365036073e-01 -1.456355801644000636e-01 -2.756511159817443546e-01 -2.331984474681225994e-01 -9.325421955606546520e-01 3.909481371529010540e-01 8.590717216130870915e-01 -3.303866393565046966e-01 -9.288121681366767746e-02 -6.437355073089900959e-01 3.405212315462543549e-01
1.584057354544864893e+09 8.796805682770818535e-01 -4.535657258348504972e-01 -1.429693335485455186e-01 -2.815063556842499759e-01 -2.543281853589545172e-01 -9.252412366437219315e-01 3.832965819260395479e-01 8.541635128654279097e-01 -3.514091971720272878e-01 -1.018152001485612274e-01 -6.489038258482840993e-01 3.451135937700447465e-01
1.584057354544876099e+09 8.809966106301355682e-01 -4.516601764226287341e-01 -1.408831334255208623e-01 -2.877467409648092889e-01 -2.751335960129527303e-01 -9.173348993435942456e-01 3.755619593781993615e-01 8.487075995940164264e-01 -3.723555093499386626e-01 -1.107766518875285544e-01 -6.535856321484081466e-01 3.501524863117732589e-01
1.584057354544884920e+09 8.821039078951096180e-01 -4.499751431940419710e-01 -1.393379574106687613e-01 -2.943494783260287573e-01 -2.955978156628438214e-01 -9.088345922824241363e-01 3.677649799716287138e-01 8.427006005169462854e-01 -3.931979370224715775e-01 -1.197347582718924081e-01 -6.577819876531416643e-01 3.556077861234990811e-01
1.584057354544895887e+09 8.829935279435926487e-01 -4.485497881525218888e-01 -1.382950373287315238e-01 -3.012934695099665494e-01 -3.157040451198326325e-01 -8.997517442440616797e-01 3.599231515851988861e-01 8.361423584958210808e-01 -4.139097505083752515e-01 -1.286609816596802902e-01 -6.614990050580719094e-01 3.614493341372563284e-01
1.584057354544907093e+09 8.836578922756254117e-01 -4.474181251763018063e-01 -1.377161968485264565e-01 -3.085592191826352915e-01 -3.354354294079371357e-01 -8.900979053452070522e-01 3.520510444261036875e-01 8.290356410843128243e-01 -4.344651518986230587e-01 -1.375294263661856198e-01 -6.647472231646941454e-01 3.676474897642589279e-01
1.584057354544915915e+09 8.840906973308768624e-01 -4.466092213561895230e-01 -1.375639577953534087e-01 -3.161285110159148815e-01 -3.547750969618406747e-01 -8.798848761305010369e-01 3.441604329660998829e-01 8.213859228161113357e-01 -4.548392710221859647e-01 -1.463170650574332488e-01 -6.675409147535988907e-01 3.741735957316809635e-01
1.584057354544924974e+09 8.842869372098812741e-01 -4.461472247641423694e-01 -1.378015482747607379e-01 -3.239839658378597109e-01 -3.737063293546988296e-01 -8.691248295986141459e-01 3.362603199336940962e-01 8.132012256872496181e-01 -4.750081726272994409e-01 -1.550038341098113615e-01 -6.698973626077252552e-01 3.810003491697364075e-01
1.584057354544935942e+09 8.842429581564511532e-01 -4.460513241450311805e-01 -1.383929455243027018e-01 -3.321086251098618880e-01 -3.922127991597080809e-01 -8.578303920050595055e-01 3.283568977176217762e-01 8.044919742458971346e-01 -4.949488977450902660e-01 -1.635726123500138296e-01 -6.718361389295087749e-01 3.881020779317734259e-01
1.584057354544953108e+09 8.839565152247622626e-01 -4.463357043687806724e-01 -1.393029733674726878e-01 -3.404855925808129014e-01 -4.102788473284610382e-01 -8.460146741187959396e-01 3.204534921565882488e-01 7.952708385582933914e-01 -5.146395369453438118e-01 -1.720091019855999603e-01 -6.733784182107603877e-01 3.954549265508493505e-01
1.584057354544962883e+09 8.834268507569162932e-01 -4.470094859705761592e-01 -1.404973985728495134e-01 -3.490976756202994191e-01 -4.278898163821997502e-01 -8.336912606340084464e-01 3.125504958168583980e-01 7.855525601179673689e-01 -5.340593254879321128e-01 -1.803016328928892520e-01 -6.745463470938654060e-01 4.030369605026266067e-01
1.584057354544971943e+09 8.826547348005522320e-01 -4.480767578976964649e-01 -1.419430814015103792e-01 -3.579271212758020071e-01 -4.450323724729363661e-01 -8.208741459267293594e-01 3.046453596969647681e-01 7.753537300487550743e-01 -5.531887547650177206e-01 -1.884409126637620058e-01 -6.753624894748778695e-01 4.108281993000190147e-01
1.584057354544981003e+09 8.816424389326977806e-01 -4.495367640671336096e-01 -1.436081746160511874e-01 -3.669554767270439277e-01 -4.616947707515100530e-01 -8.075776228359407005e-01 2.967326880657015220e-01 7.646925111628808391e-01 -5.720096812892175864e-01 -1.964197437270867319e-01 -6.758493572036339270e-01 4.188105911879510534e-01
1.584057354544991970e+09 8.803936720330697296e-01 -4.513842049549400826e-01 -1.454623042338604733e-01 -3.761635111816890586e-01 -4.778670740273656126e-01 -7.938161453136350909e-01 2.888044239477693398e-01 7.535883221572855506e-01 -5.905054154707189973e-01 -2.042327259525899552e-01 -6.760290290828767645e-01 4.269679432299371413e-01
1.584057354545001984e+09 8.789135018137544941e-01 -4.536096135112561711e-01 -1.474766932479567860e-01 -3.855311580952904271e-01 -4.935413337973582060e-01 -7.796041804119828722e-01 2.808501070993894566e-01 7.420615005348691895e-01 -6.086607815935587418e-01 -2.118759595020527353e-01 -6.759228551753835301e-01 4.352858199775809789e-01
1.584057354545011044e+09 8.772082796772970870e-01 -4.561997697170966926e-01 -1.496242104987182964e-01 -3.950374542014070678e-01 -5.087117407720012086e-01 -7.649560606488468029e-01 2.728571861479029415e-01 7.301329571532838569e-01 -6.264621466057879173e-01 -2.193467594083227945e-01 -6.755512403100922825e-01 4.437514219487181943e-01
1.584057354545020103e+09 8.752855785375088793e-01 -4.591381289414368516e-01 -1.518793427300593468e-01 -4.046604676183019889e-01 -5.233747476395655962e-01 -7.498858443955114250e-01 2.648113708631204544e-01 7.178238309600941669e-01 -6.438974187331792942e-01 -2.266433895066798099e-01 -6.749334975423482152e-01 4.523534536078122059e-01
1.584057354545028925e+09 8.731541436530926292e-01 -4.624052543150770633e-01 -1.542181000886188869e-01 -4.143772226846444418e-01 -5.375291591402111546e-01 -7.344071898741113547e-01 2.566970177604836478e-01 7.051551489303016229e-01 -6.609560176697389933e-01 -2.337648210084387335e-01 -6.740877622168189864e-01 4.610819878897142177e-01
1.584057354545037985e+09 8.708238570250248500e-01 -4.659792426489133277e-01 -1.566178650349451251e-01 -4.241636268584422775e-01 -5.511761873225275998e-01 -7.185332478901064190e-01 2.484975409741519148e-01 6.921474959532033511e-01 -6.776288189410130114e-01 -2.407105200500832265e-01 -6.730309585424213425e-01 4.699283315640307990e-01
1.584057354545047045e+09 8.683056461795456427e-01 -4.698362416804293673e-01 -1.590572570115265927e-01 -4.339945127533934577e-01 -5.643193862647133408e-01 -7.022765789419244120e-01 2.401958948334279864e-01 6.788206953924149634e-01 -6.939080601174835161e-01 -2.474802668358750957e-01 -6.717788102044761622e-01 4.788848944419151210e-01
1.584057354545056105e+09 8.656112749853501764e-01 -4.739511352367188901e-01 -1.615160741776554276e-01 -4.438438915843408439e-01 -5.769643836988500585e-01 -6.856491085029463584e-01 2.317751511745488324e-01 6.651935218812240480e-01 -7.097871920717863103e-01 -2.540740061615507361e-01 -6.703458851427095411e-01 4.879450651391964988e-01
1.584057354545064926e+09 8.627530959705700386e-01 -4.782982471700378824e-01 -1.639752491657384126e-01 -4.536852896124011769e-01 -5.891185062217801915e-01 -6.686621297493534621e-01 2.232190707831794019e-01 6.512834809676474324e-01 -7.252606939171873934e-01 -2.604917266827664335e-01 -6.687456644135999495e-01 4.971030956328790218e-01
1.584057354545073986e+09 8.597436528766644326e-01 -4.828522073163482031e-01 -1.664169385000212054e-01 -4.634923391148252358e-01 -6.007901661042238661e-01 -6.513263606203406608e-01 2.145127108058546006e-01 6.371066805495058105e-01 -7.403238310265284339e-01 -2.667333662683437079e-01 -6.669906273838395183e-01 5.063539953676902128e-01
1.584057354545083046e+09 8.565950746436336027e-01 -4.875890258791581444e-01 -1.688248208356272206e-01 -4.732397059626434754e-01 -6.119879432786713425e-01 -6.336520639329943361e-01 2.056430377428446199e-01 6.226778455355489461e-01 -7.549723451829106757e-01 -2.727987416513875107e-01 -6.650923478464120242e-01 5.156934344224882727e-01
1.584057354545092106e+09 8.533182979187393657e-01 -4.924872748591793137e-01 -1.711845984034333634e-01 -4.829042812090072467e-01 -6.227194271765559286e-01 -6.156492267123585549e-01 1.965994348945600545e-01 6.080105256606873620e-01 -7.692020951406959295e-01 -2.786874996522983872e-01 -6.630615958331227411e-01 5.251176554018135434e-01
1.584057354545101881e+09 8.499222449411767411e-01 -4.975291618072676392e-01 -1.734846128543047206e-01 -4.924664218421099804e-01 -6.329900098122451801e-01 -5.973277751624593845e-01 1.873739605289649890e-01 5.931175101303924890e-01 -7.830086962328678402e-01 -2.843990851875998205e-01 -6.609084395179741778e-01 5.346233944134662908e-01
1.584057354545110941e+09 8.464130719672805503e-01 -5.027013306160561523e-01 -1.757164875344878752e-01 -5.019110442895808877e-01 -6.428018098530786650e-01 -5.786977942020860022e-01 1.779612749829209695e-01 5.780114234503133108e-01 -7.963872043492898900e-01 -2.899327216121024287e-01 -6.586423433681396489e-01 5.442078110240717859e-01
1.584057354545119047e+09 8.427934966744049516e-01 -5.079953956464671183e-01 -1.778757998071103519e-01 -5.112285403205857337e-01 -6.521527609527665303e-01 -5.597697348803148953e-01 1.683582540117516124e-01 5.627054776478718212e-01 -8.093318503649025164e-01 -2.952873998172325654e-01 -6.562722603962263257e-01 5.538684266169164871e-01
1.584057354545128107e+09 8.390621562879249096e-01 -5.134082925084758608e-01 -1.799628385547670517e-01 -5.204155699548471681e-01 -6.610358126489430663e-01 -5.405546124941809083e-01 1.585633393988023776e-01 5.472143819099037909e-01 -8.218358034994242001e-01 -3.004618756533795065e-01 -6.538067187869263108e-01 5.636030693943091530e-01
1.584057354545136929e+09 8.352130512263342688e-01 -5.189423910667261275e-01 -1.819833893706941930e-01 -5.294756237737696658e-01 -6.694383193139679111e-01 -5.210642000829444065e-01 1.485756475882326344e-01 5.315553890017243877e-01 -8.338909674836662012e-01 -3.054546747624594105e-01 -6.512539026995499691e-01 5.734098248563649358e-01
1.584057354545145988e+09 8.312351534628292793e-01 -5.246052988665432792e-01 -1.839494502315000557e-01 -5.384192148993265370e-01 -6.773417171226924216e-01 -5.013112280979615809e-01 1.383938901792526044e-01 5.157494341577298913e-01 -8.454878193155216382e-01 -3.102641035658082469e-01 -6.486217268885219323e-01 5.832869909833618971e-01
1.584057354545156002e+09 8.271123001891126370e-01 -5.304092525857677654e-01 -1.858797133605011032e-01 -5.472635111755665971e-01 -6.847216358893255528e-01 -4.813095997644838420e-01 1.280152036839933838e-01 4.998222747167042623e-01 -8.566153171678912992e-01 -3.148882662858907278e-01 -6.459179053417679617e-01 5.932330371223745180e-01
1.584057354545165062e+09 8.228232320106415587e-01 -5.363703097272889408e-01 -1.877999464811253572e-01 -5.560316317567881583e-01 -6.915482451256210750e-01 -4.610746678079037375e-01 1.174340389772767362e-01 4.838056590122470912e-01 -8.672608206768540606e-01 -3.193250883950735641e-01 -6.431500141407394677e-01 6.032465656459102821e-01
1.584057354545175076e+09 8.183418312619524793e-01 -5.425073027810924930e-01 -1.897431786065513770e-01 -5.647515377724718899e-01 -6.977868966604999779e-01 -4.406235894469884840e-01 1.066412113117488347e-01 4.677384669478791279e-01 -8.774100403295440609e-01 -3.235723474581072567e-01 -6.403255486494647819e-01 6.133262755010716605e-01
1.584057354545183897e+09 8.136376239285449952e-01 -5.488405222600125644e-01 -1.917495716943529160e-01 -5.734544574250020066e-01 -7.033991382074309406e-01 -4.199757585540519478e-01 9.562323120145303779e-02 4.516677248578482295e-01 -8.870470473769752617e-01 -3.276277125340670282e-01 -6.374519748154792165e-01 6.234709269563400991e-01
1.584057354545192957e+09 8.086766157298186375e-01 -5.553901068794436791e-01 -1.938658312955297280e-01 -5.821728057804311796e-01 -7.083441829244638832e-01 -3.991532824259687029e-01 8.436205034343673137e-02 4.356493405029814303e-01 -8.961543934306464010e-01 -3.314887926673434349e-01 -6.345367738425663484e-01 6.336793072942336069e-01
1.584057354545202017e+09 8.034224408008411311e-01 -5.621742311850034257e-01 -1.961441194654295617e-01 -5.909377262316340973e-01 -7.125807997645793312e-01 -3.781814480744259965e-01 7.283533132352119910e-02 4.197484220113265607e-01 -9.047133673235270290e-01 -3.351531939414483241e-01 -6.315874791107586317e-01 6.439501976900164903e-01
1.584057354545211077e+09 7.978378174303538684e-01 -5.692071743272417716e-01 -1.986404036546087493e-01 -5.997763793950419142e-01 -7.160696094003876633e-01 -3.570890776228836661e-01 6.101730862243469333e-02 4.040389923876920308e-01 -9.127044324219608651e-01 -3.386185838210562515e-01 -6.286117041785477255e-01 6.542823418128024260e-01
1.584057354545218945e+09 7.918861277770391505e-01 -5.764975172731264808e-01 -2.014124460005084771e-01 -6.087093626052633155e-01 -7.187755318564710283e-01 -3.359086882260592932e-01 4.888018681798381171e-02 3.886030719951606982e-01 -9.201078089313466934e-01 -3.418827601375248326e-01 -6.256171607985938632e-01 6.646744170898409854e-01
1.584057354545228004e+09 7.855330136361924342e-01 -5.840466204409313633e-01 -2.045175538453059272e-01 -6.177485080603875023e-01 -7.206702224555447955e-01 -3.146763597724677730e-01 3.639595345374734697e-02 3.735290829357684195e-01 -9.269041800840241985e-01 -3.449437213095059018e-01 -6.226116663643369575e-01 6.751250096834076064e-01
1.584057354545237064e+09 7.787478009616526364e-01 -5.918475707605086455e-01 -2.080103739575852040e-01 -6.268953717789533808e-01 -7.217342166823633720e-01 -2.934312755256908156e-01 2.353838331671849124e-02 3.589097012286595056e-01 -9.330754370138945042e-01 -3.477997338393170046e-01 -6.196031408755281467e-01 6.856325942043510757e-01
1.584057354545247078e+09 7.715046246625493209e-01 -5.998846902451206997e-01 -2.119409651896348723e-01 -6.361405766832132214e-01 -7.219585752160402325e-01 -2.722149564476296080e-01 1.028498759223237836e-02 3.448393455839096067e-01 -9.386053723750835687e-01 -3.504493923979851155e-01 -6.165995943167057458e-01 6.961955191424672451e-01
1.584057354545255899e+09 7.637832075193476955e-01 -6.081335975790458370e-01 -2.163532749895959728e-01 -6.454640027773610456e-01 -7.213459291379520355e-01 -2.510702526770985932e-01 -3.381298142019347266e-03 3.314114937549659246e-01 -9.434802535897917064e-01 -3.528916692469448724e-01 -6.136091062014722430e-01 7.068119983275593654e-01
1.584057354545264006e+09 7.555692701891493224e-01 -6.165617682464674676e-01 -2.212841252198745612e-01 -6.548357408859243334e-01 -7.199108661038819967e-01 -2.300402083735614001e-01 -1.747084857770472496e-02 3.187160664034507374e-01 -9.476892099998642793e-01 -3.551259502030649773e-01 -6.106397996128652972e-01 7.174801084066212420e-01
1.584057354545273066e+09 7.468545202623000367e-01 -6.251295117143078617e-01 -2.267629143826209448e-01 -6.642177204538258772e-01 -7.176795831841192852e-01 -2.091670047125085141e-01 -3.198664633128057294e-02 3.068372689978086654e-01 -9.512243400451465547e-01 -3.571520558294071224e-01 -6.076998124108016208e-01 7.281977917810730228e-01
1.584057354545281887e+09 7.376363836000887630e-01 -6.337911537322399314e-01 -2.328118107653430191e-01 -6.735656585605696023e-01 -7.146890391427626055e-01 -1.884910636652872840e-01 -4.692408060656252933e-02 2.958519071456949256e-01 -9.540805940702098420e-01 -3.589702487916837659e-01 -6.047972681160597164e-01 7.389628638498959567e-01
1.584057354545293093e+09 7.279175937393310702e-01 -6.424962763615552630e-01 -2.394462607308311397e-01 -6.828310773161815339e-01 -7.109857907029203394e-01 -1.680503657073573187e-01 -6.227115478664418946e-02 2.858281659707253564e-01 -9.562554904957302204e-01 -3.605812298167275776e-01 -6.019402484117504226e-01 7.497730231563002334e-01
1.584057354545303106e+09 7.177056940937384111e-01 -6.511909159401794156e-01 -2.466757544918316836e-01 -6.919632425030787237e-01 -7.066246278802442715e-01 -1.478800407165961894e-01 -7.800902403963400067e-02 2.768249021539869736e-01 -9.577486966838950622e-01 -3.619861252070108448e-01 -5.991367685131547827e-01 7.606258631113594904e-01
1.584057354545310974e+09 7.070125476704256506e-01 -6.598186388355437026e-01 -2.545046590408190368e-01 -7.009108725258116346e-01 -7.016671764015489643e-01 -1.280121966079543760e-01 -9.411273214830909173e-02 2.688913118506161548e-01 -9.585615558443368878e-01 -3.631864681550593388e-01 -5.963947562144729098e-01 7.715188843202156477e-01
1.584057354545320034e+09 6.958538920929898675e-01 -6.683214644736854559e-01 -2.629330355327852420e-01 -7.096235645704757067e-01 -6.961805543643830863e-01 -1.084759534450041168e-01 -1.105520583497237447e-01 2.620668922849923033e-01 -9.586966082377709197e-01 -3.641841755941651604e-01 -5.937220351209772096e-01 7.824495067875847365e-01
1.584057354545330048e+09 6.842489484316305326e-01 -6.766406195999058459e-01 -2.719574390770774230e-01 -7.180529346569346494e-01 -6.902361257432835240e-01 -8.929767014920743373e-02 -1.272924182354251976e-01 2.563816740916510240e-01 -9.581571258064204288e-01 -3.649815228607332096e-01 -5.911263120206788901e-01 7.934150813111190415e-01
1.584057354545337915e+09 6.722201057883555597e-01 -6.847171217225070938e-01 -2.815716476949277625e-01 -7.261534713660613427e-01 -6.839084007576269331e-01 -7.050131587973780534e-02 -1.442957571653381565e-01 2.518566313942954271e-01 -9.569466923348868281e-01 -3.655811176469219159e-01 -5.886151681982502160e-01 8.044128996634085649e-01
