1.586177204068100929e+09 8.844132464018611417e-01 -4.649919439097955354e-01 -3.994623717206548935e-02 -2.704927290034146378e-02 3.437751083416965003e-02 -9.990428038717835690e-01 4.659201075457075070e-01 8.846472060545771399e-01 1.782623197247467164e-02 8.629594181624224147e-02 -7.603907595080869886e-01 2.852223074665154456e-01
1.586177204068164110e+09 8.828818061888007440e-01 -4.687135942530983868e-01 -2.876252839095045852e-02 -3.335429207975770804e-02 -1.496447182203597404e-03 -9.994424706951789972e-01 4.684092310070518961e-01 8.833489273996355529e-01 -1.695479611241282325e-02 7.937905156706563659e-02 -7.710443654022575144e-01 2.804315684606252801e-01
1.586177204068187952e+09 8.816897506612811908e-01 -4.714926401559244584e-01 -1.782902224336018956e-02 -4.015506755616560924e-02 -3.733273084891862437e-02 -9.984957877430352680e-01 4.701178089815026273e-01 8.810794276420026439e-01 -5.184870496485229074e-02 7.193364608600773258e-02 -7.815491212837671897e-01 2.761292538842753386e-01
1.586177204068207026e+09 8.808940860179685917e-01 -4.732560768050506073e-01 -7.368525193034192698e-03 -4.757669406086344199e-02 -7.304619219305659439e-02 -9.961931099803891243e-01 4.709162001845245693e-01 8.778911891002236789e-01 -8.686191827813698196e-02 6.394801515760491217e-02 -7.918474779415730636e-01 2.723256478704718653e-01
1.586177204068228960e+09 8.805224065741517059e-01 -4.739984703947424105e-01 2.396198221599081524e-03 -5.572625803634176367e-02 -1.085373028053488870e-01 -9.925292128951329618e-01 4.707174055482737374e-01 8.738106798902346428e-01 -1.219836881278425905e-01 5.541866423393258800e-02 -8.018806217487978172e-01 2.690271530183199755e-01
1.586177204068244934e+09 8.805746757741095276e-01 -4.737736409309259988e-01 1.125956185142386844e-02 -6.468683929514411346e-02 -1.436983020051348092e-01 -9.875051449032095086e-01 4.694718877792133926e-01 8.688436772454145585e-01 -1.571840050584494552e-01 4.635052317644380859e-02 -8.115900632300313555e-01 2.662361972441825708e-01
1.586177204068260908e+09 8.810267599408058148e-01 -4.726828702058415987e-01 1.904606734833995396e-02 -7.451456397286305988e-02 -1.784197771124246823e-01 -9.811289228647959160e-01 4.671610303124701935e-01 8.629816265035675782e-01 -1.924143560977320810e-01 3.675680968994087666e-02 -8.209192432627990810e-01 2.639512614304125870e-01
1.586177204068278074e+09 8.818351747853471201e-01 -4.708613858860283830e-01 2.561796254564440226e-02 -8.523871797084668633e-02 -2.125963539073419117e-01 -9.734152000346529832e-01 4.637899154803777901e-01 8.562081206843248360e-01 -2.276105637705793938e-01 2.665855955802386504e-02 -8.298150694050557830e-01 2.621670272623244369e-01
1.586177204068295956e+09 8.829422744496152609e-01 -4.684650450133173716e-01 3.087785315994176841e-02 -9.686423340091028511e-02 -2.461307264062813638e-01 -9.643842523621117824e-01 4.593803005370947767e-01 8.485046655523277304e-01 -2.626967308349510977e-01 1.608385988194668131e-02 -8.382293026304032946e-01 2.608746357628006218e-01
1.586177204068312883e+09 8.842812228416575548e-01 -4.656586369242087797e-01 3.476712561374002697e-02 -1.093757381072661267e-01 -2.789357878669070923e-01 -9.540606765606511885e-01 4.539643896802116330e-01 8.398552616104604240e-01 -2.975894366972717253e-01 5.066839116799602173e-03 -8.461197280094101547e-01 2.600620409228969754e-01
1.586177204068331003e+09 8.857802494871819254e-01 -4.626066631197137680e-01 3.726157661130661408e-02 -1.227422376303683449e-01 -3.109350959064857145e-01 -9.424721267145907966e-01 4.475798174355024028e-01 8.302496261474845429e-01 -3.322015437842905650e-01 -6.353521055187153453e-03 -8.534510591309196759e-01 2.597144390747961329e-01
1.586177204068347931e+09 8.873572223223640254e-01 -4.594666982513107012e-01 3.856829561010723106e-02 -1.367529139138926875e-01 -3.421432782851355214e-01 -9.296432746269769343e-01 4.403360089582638581e-01 8.196513470171407079e-01 -3.664367188669771513e-01 -1.814638413875069994e-02 -8.601747091603030304e-01 2.598360124622561829e-01
1.586177204068366051e+09 8.889519539188746045e-01 -4.563612367318833907e-01 3.871492565215665926e-02 -1.513608572668369845e-01 -3.725118030505015221e-01 -9.156008125129213582e-01 4.322664858273057575e-01 8.080652068607656613e-01 -4.002203231694776431e-01 -3.026052873087610798e-02 -8.662744920596223697e-01 2.604139561394958058e-01
1.586177204068382978e+09 8.905069796870136445e-01 -4.534015199152005571e-01 3.774097379758171306e-02 -1.665175459389175161e-01 -4.019968176981378316e-01 -9.003724039828517878e-01 4.234019677361939848e-01 7.955033756303352410e-01 -4.334802803636655932e-01 -4.264449211889785596e-02 -8.717418202699941387e-01 2.614335847748700536e-01
1.586177204068398952e+09 8.919679069428118057e-01 -4.506874844035311245e-01 3.569376166737499301e-02 -1.821748784606472826e-01 -4.305576716845962992e-01 -8.839866545430405953e-01 4.137699444174294250e-01 7.819852192295959625e-01 -4.661475628913440139e-01 -5.524775747977785784e-02 -8.765753620226939269e-01 2.628787303994293834e-01
1.586177204068416119e+09 8.932834189486711374e-01 -4.483082632108483234e-01 3.262567706786280441e-02 -1.982862170356238241e-01 -4.581558736334794824e-01 -8.664731801894701713e-01 4.033947320282343929e-01 7.675369026490049817e-01 -4.981563947498238720e-01 -6.802177847102365560e-02 -8.807804918836259489e-01 2.647321434872881296e-01
1.586177204068433046e+09 8.944051496848565153e-01 -4.463428019730101837e-01 2.859250915856381692e-02 -2.148066399235538659e-01 -4.847545118939259878e-01 -8.478627076608827862e-01 3.922977643664896652e-01 7.521909110455139436e-01 -5.294443292735083739e-01 -8.092081415629751029e-02 -8.843685825381056853e-01 2.669758799580122521e-01
1.586177204068449974e+09 8.952875724724191908e-01 -4.448603366061900100e-01 2.365256279900696326e-02 -2.316926281710277313e-01 -5.103180945999963303e-01 -8.281871580589983406e-01 3.804979486077804118e-01 7.359855457621158337e-01 -5.599523086128073146e-01 -9.390256225699197823e-02 -8.873561857342618930e-01 2.695916614656760912e-01
1.586177204068470955e+09 8.958879743507550675e-01 -4.439206407544303290e-01 1.786623524326525977e-02 -2.489014142349735559e-01 -5.348127208853392656e-01 -8.074796839362954337e-01 3.680119884934416885e-01 7.189644070619591876e-01 -5.896247604107630602e-01 -1.069285910899740732e-01 -8.897641463291215969e-01 2.725612015172834135e-01
1.586177204068489075e+09 8.961665402281016046e-01 -4.435740488128530057e-01 1.129582362016717974e-02 -2.663901578370413414e-01 -5.582065011485445316e-01 -7.857746409002172028e-01 3.548546410221873892e-01 7.011758450090397332e-01 -6.184097496863830701e-01 -1.199645796962216238e-01 -8.916166917493355548e-01 2.758664921285516880e-01
1.586177204068509102e+09 8.960865087851093147e-01 -4.438613821671392179e-01 4.005300223705191356e-03 -2.841151773091595834e-01 -5.804700797364671372e-01 -7.631074976385263664e-01 3.410389055084394050e-01 6.826723667167404752e-01 -6.462591624397066026e-01 -1.329803837517506415e-01 -8.929405388355220463e-01 2.794900460719423885e-01
1.586177204068526983e+09 8.956143655427053485e-01 -4.448138766336764971e-01 -3.940002988429563632e-03 -3.020313030311562730e-01 -6.015771938738252445e-01 -7.395146869393502964e-01 3.265761787090241119e-01 6.635099813044360584e-01 -6.731288915174414855e-01 -1.459499520000446526e-01 -8.937640531230665042e-01 2.834150929723590062e-01
1.586177204068545103e+09 8.947200795086408531e-01 -4.464531176910566668e-01 -1.247370289360650100e-02 -3.200912753036124769e-01 -6.215052963540058650e-01 -7.150333855682794448e-01 3.114764117536933941e-01 6.437474509711453852e-01 -6.989790159049823481e-01 -1.588511222026242065e-01 -8.941164872742953795e-01 2.876257303435758583e-01
1.586177204068562984e+09 8.933773155106706776e-01 -4.487911353769012957e-01 -2.152879871127263284e-02 -3.382453535620533192e-01 -6.402361005329736399e-01 -6.897012518234422185e-01 2.957482936692436004e-01 6.234454689095366708e-01 -7.237739249753336601e-01 -1.716653275217087105e-01 -8.940273188133238680e-01 2.921070315523931482e-01
1.586177204068582058e+09 8.915635704907054482e-01 -4.518307511223452755e-01 -3.103824012364658769e-02 -3.564411966376640484e-01 -6.577559627261304609e-01 -6.635561522859547701e-01 2.793994871155764392e-01 6.026657997258620947e-01 -7.474823481706046602e-01 -1.843772436497918554e-01 -8.935256976365199000e-01 2.968451149249566323e-01
1.586177204068599939e+09 8.892602437447442165e-01 -4.555661358090180579e-01 -4.093549846976681644e-02 -3.746239159726662549e-01 -6.740561320231051035e-01 -6.366358871931152574e-01 2.624369272168683986e-01 5.814704008848856631e-01 -7.700772899612348121e-01 -1.969744038221541427e-01 -8.926400045611633249e-01 3.018271800455238907e-01
1.586177204068619967e+09 8.864526588839607424e-01 -4.599835258432813934e-01 -5.115505592050881289e-02 -3.927362318367769722e-01 -6.891328914742811396e-01 -6.089779228262351962e-01 2.448671804360257886e-01 5.599205427188355122e-01 -7.915358805342033177e-01 -2.094468041910084732e-01 -8.913975155108789794e-01 3.070415179225814972e-01
1.586177204068639040e+09 8.831300566301841792e-01 -4.650620447978234817e-01 -6.163276564235641714e-02 -4.107186871930693650e-01 -7.029876072752061500e-01 -5.806191388566966927e-01 2.266968534523927659e-01 5.380759415005650359e-01 -8.118391578381556339e-01 -2.217865172683186614e-01 -8.898241625016141132e-01 3.124775009040566265e-01
1.586177204068656921e+09 8.792855729744669668e-01 -4.707745892949687927e-01 -7.230606799575875487e-02 -4.285098977755034677e-01 -7.156266919411331529e-01 -5.515955997727209903e-01 2.079330396304471251e-01 5.159939187331241683e-01 -8.309717969021437334e-01 -2.339873259624072055e-01 -8.879443790978308604e-01 3.181255581861632820e-01
1.586177204068675995e+09 8.749162073619305424e-01 -4.770887556870195834e-01 -8.311407539230106223e-02 -4.460468410063240796e-01 -7.270614729763125172e-01 -5.219423632362135690e-01 1.885837904766074768e-01 4.937286036100669850e-01 -8.489217987147160693e-01 -2.460443868589324845e-01 -8.857810182347081174e-01 3.239771410327214607e-01
1.586177204068694115e+09 8.700227859256132179e-01 -4.839677829036618251e-01 -9.399753889032907983e-02 -4.632651822887131621e-01 -7.373079647291865824e-01 -4.916933357538209037e-01 1.686585994263697375e-01 4.713301927190551854e-01 -8.656801526298578686e-01 -2.579539290733497969e-01 -8.833553321454620244e-01 3.300246794357522551e-01
1.586177204068712950e+09 8.646098345386451500e-01 -4.913716150431178264e-01 -1.048988569283040156e-01 -4.800997997042826260e-01 -7.463864044507705353e-01 -4.608812406398946626e-01 1.481688788467293572e-01 4.488443733516278011e-01 -8.812404395159065817e-01 -2.697129924593599792e-01 -8.806870038581378068e-01 3.362615313605226697e-01
1.586177204068731070e+09 8.586852744437425411e-01 -4.992581482883883259e-01 -1.157622609359988813e-01 -4.964856216616326812e-01 -7.543204465741191189e-01 -4.295377652340868213e-01 1.271283888715388777e-01 4.263120518520909785e-01 -8.955983517039808328e-01 -2.813192056302351030e-01 -8.777942181479250205e-01 3.426819266881986348e-01
1.586177204068749905e+09 8.522600338691106447e-01 -5.075844531091193712e-01 -1.265340186164516934e-01 -5.123585431517705402e-01 -7.611362180470094829e-01 -3.976938285104513748e-01 1.055535800143036079e-01 4.037693411385279707e-01 -9.087512097868279959e-01 -2.927706013515162797e-01 -8.746937596850647978e-01 3.492809086438772304e-01
1.586177204068769932e+09 8.453474295891708623e-01 -5.163081035067861313e-01 -1.371629169130550718e-01 -5.276566313189369195e-01 -7.668610661612713653e-01 -3.653800555995900812e-01 8.346378281561772638e-02 3.812480134525990105e-01 -9.206974256414833802e-01 -3.040654662579807543e-01 -8.714011290737530002e-01 3.560542741219004381e-01
1.586177204068789959e+09 8.379622301946965113e-01 -5.253886124050722861e-01 -1.476011753276141314e-01 -5.423216636574604843e-01 -7.715219774924028107e-01 -3.326274970185513769e-01 6.088114839155546465e-02 3.587765941382651813e-01 -9.314359031384673582e-01 -3.152022223385671507e-01 -8.679306704069545964e-01 3.629985127511761722e-01
1.586177204068808079e+09 8.301194393046573694e-01 -5.347888019955434613e-01 -1.578057476284766281e-01 -5.563008074903226241e-01 -7.751438658913420987e-01 -2.994685278212885771e-01 3.783025790920981068e-02 3.363821111907496775e-01 -9.409654336072484915e-01 -3.261793366966850849e-01 -8.642957041818033481e-01 3.701107452001076159e-01
1.586177204068834066e+09 8.218329666279595713e-01 -5.444758396407238799e-01 -1.677397843294956004e-01 -5.695480792382536794e-01 -7.777480904166903519e-01 -2.659377628093032020e-01 1.433738970832403037e-02 3.140922924816744732e-01 -9.492841889793900423e-01 -3.369952541633914889e-01 -8.605086589293868826e-01 3.773886629728254172e-01
1.586177204068847895e+09 8.131143537598604087e-01 -5.544217674120899275e-01 -1.773740447901804018e-01 -5.820253032946184346e-01 -7.793514909276832991e-01 -2.320728340681308677e-01 -9.570495464084470549e-03 2.919379346741250436e-01 -9.563893811105802500e-01 -3.476483475900477016e-01 -8.565811970674928055e-01 3.848304714400784254e-01
1.586177204068864107e+09 8.039715869987287267e-01 -5.646035596051866001e-01 -1.866882642690421701e-01 -5.937025475553731058e-01 -7.799659863486680944e-01 -1.979149958043072421e-01 -3.386698508435039695e-02 2.699553313258674647e-01 -9.622770634262971523e-01 -3.581368814841174864e-01 -8.525243325499951563e-01 3.924348370636319139e-01
1.586177204068881035e+09 7.944079528475803675e-01 -5.750028174845708273e-01 -1.956725953556391617e-01 -6.045581222764772056e-01 -7.795986708259651232e-01 -1.635096010475777240e-01 -5.852761399950706656e-02 2.481887842343275530e-01 -9.669420076540844455e-01 -3.684589876612987536e-01 -8.483485408505982983e-01 4.002008371439436107e-01
1.586177204068892956e+09 7.844210295998160776e-01 -5.856050791702704927e-01 -2.043289989390531525e-01 -6.145780428260665396e-01 -7.782525063739128557e-01 -1.289064234148697974e-01 -8.353129928794798820e-02 2.266930256067344884e-01 -9.703776556407469611e-01 -3.786126513224806200e-01 -8.440638611968511729e-01 4.081279112584962898e-01
1.586177204068902969e+09 7.740019467818611831e-01 -5.963987278066513742e-01 -2.126723867463441164e-01 -6.237548686851047686e-01 -7.759277005562482676e-01 -9.415979874623002510e-02 -1.088616118620811951e-01 2.055353041781254053e-01 -9.725761608149231519e-01 -3.885957057771451950e-01 -8.396799907413463604e-01 4.162158141437874437e-01
1.586177204068912983e+09 7.631351034531065336e-01 -6.073734876716287978e-01 -2.207311953193479559e-01 -6.320858480999966833e-01 -7.726238445648003772e-01 -5.932854153293276589e-02 -1.345076015753640108e-01 1.847967574510339661e-01 -9.735285634948402933e-01 -3.984058351975096057e-01 -8.352063710266393048e-01 4.244645690135438465e-01
1.586177204068922043e+09 7.517981871009259409e-01 -6.185187429914915658e-01 -2.285476989074193832e-01 -6.395707506689579658e-01 -7.683424942758168008e-01 -2.447584069183320749e-02 -1.604641428394631419e-01 1.645733159917396327e-01 -9.732249909001412513e-01 -4.080405853834879748e-01 -8.306522670865631452e-01 4.328744201212815779e-01
1.586177204068932056e+09 7.399625869484931506e-01 -6.298216997590020405e-01 -2.361778919904771179e-01 -6.462094636930053593e-01 -7.630901669288894240e-01 1.033085518474313388e-02 -1.867316238112184112e-01 1.449759425722826067e-01 -9.716549166913140967e-01 -4.174973831636246135e-01 -8.260268393935815689e-01 4.414457831342593064e-01
1.586177204068941116e+09 7.275942989343550105e-01 -6.412654369429842127e-01 -2.436907379783609107e-01 -6.519994843209925284e-01 -7.568816778234659370e-01 4.501998022106604852e-02 -2.133148119300855849e-01 1.261299545324056082e-01 -9.688075278233475585e-01 -4.267735653466149803e-01 -8.213392084478440269e-01 4.501791919602718406e-01
1.586177204068950891e+09 7.146554137132458129e-01 -6.528269360492231499e-01 -2.511665412725649915e-01 -6.569335003454189748e-01 -7.497436688276828409e-01 7.951608375373853121e-02 -2.402207654718049590e-01 1.081731153823998481e-01 -9.646722559143634523e-01 -4.358664176273959745e-01 -8.165985111407202401e-01 4.590752414171911933e-01
1.586177204068959951e+09 7.011061372770136524e-01 -6.644752644438244316e-01 -2.586944287198797987e-01 -6.609973900406109770e-01 -7.417180205892405231e-01 1.137401806376698021e-01 -2.674558562187698274e-01 9.125240349091356951e-02 -9.592394717784070712e-01 -4.447732229172483009e-01 -8.118139475311764164e-01 4.681345261622915088e-01
1.586177204068969965e+09 6.869072852746159752e-01 -6.761701015067660414e-01 -2.663688711183748170e-01 -6.641689284072556099e-01 -7.328648078061333893e-01 1.476103262527638793e-01 -2.950220608238183773e-01 7.551931919856849640e-02 -9.525013472123560199e-01 -4.534913178943807410e-01 -8.069948166064633277e-01 4.773575769915007205e-01
1.586177204068979025e+09 6.720229462852479463e-01 -6.878608317838873498e-01 -2.742856831837268139e-01 -6.664175428633121179e-01 -7.232643459241727690e-01 1.810423842024690422e-01 -3.229130202263867933e-01 6.112415458962230930e-02 -9.444527619104505778e-01 -4.620181552822371640e-01 -8.021505396958498180e-01 4.867447967541586040e-01
1.586177204068989038e+09 6.564230907496924061e-01 -6.994863431882256677e-01 -2.825377529812169719e-01 -6.677052167860668686e-01 -7.130180202336546813e-01 2.139510380847947923e-01 -3.511103385157620105e-01 4.820952991203723142e-02 -9.350921728895545959e-01 -4.703513686151170048e-01 -7.972906707909577229e-01 4.962963986760423607e-01
1.586177204068998098e+09 6.400858141311471794e-01 -7.109755898094385351e-01 -2.912110256825413135e-01 -6.679885065522888077e-01 -7.022476882327761682e-01 2.462509693068730687e-01 -3.795806977061267906e-01 3.690386596607271585e-02 -9.244223055465448091e-01 -4.784888356811213828e-01 -7.924248938427164157e-01 5.060123501959852277e-01
1.586177204069006920e+09 6.229990016348021520e-01 -7.222488576357901646e-01 -3.003811442846010538e-01 -6.672214171595579613e-01 -6.910936666795998162e-01 2.778581018393156410e-01 -4.082742030278389000e-01 2.731541273555626939e-02 -9.124505705819744295e-01 -4.864287360695773166e-01 -7.875630080891568019e-01 5.158923258153381708e-01
1.586177204069016933e+09 6.051613316526174291e-01 -7.332195940194518036e-01 -3.101109315297860269e-01 -6.653587460178559398e-01 -6.797114924529946700e-01 3.086908267566092490e-01 -4.371241267484439197e-01 1.952726874169815816e-02 -8.991891814163475161e-01 -4.941695995439157607e-01 -7.827149035421550050e-01 5.259356710982265870e-01
1.586177204069025993e+09 5.865826004487726397e-01 -7.437966017805774932e-01 -3.204488543688540636e-01 -6.623594788657944932e-01 -6.682677791582393168e-01 3.386710741919920498e-01 -4.660480383243820190e-01 1.359377678950209750e-02 -8.846549811044381872e-01 -5.017103423374069671e-01 -7.778905294800642078e-01 5.361413794288519830e-01
1.586177204069035053e+09 5.672833815669297008e-01 -7.538862831834030054e-01 -3.314287815833044104e-01 -6.581898424958110283e-01 -6.569356769268457352e-01 3.677249624581072074e-01 -4.949501961356324031e-01 9.538797363098349899e-03 -8.688689861402960624e-01 -5.090502898347816219e-01 -7.730998592321525198e-01 5.465080818365581905e-01
1.586177204069044113e+09 5.472942638654214598e-01 -7.633947591195732185e-01 -3.430705914599291861e-01 -6.528257165778041937e-01 -6.458903457034563811e-01 3.957830788456677129e-01 -5.237247110253069327e-01 7.355495924211915421e-03 -8.518558118176271510e-01 -5.161891862606990955e-01 -7.683528543693253221e-01 5.570340484026611305e-01
1.586177204069053888e+09 5.266548516670627178e-01 -7.722297576221355264e-01 -3.553813007099451693e-01 -6.462542795456298617e-01 -6.353047294489052588e-01 4.227804481141747006e-01 -5.522590640365778736e-01 7.007312270402779944e-03 -8.336431035823956837e-01 -5.231271934691349434e-01 -7.636594307330183407e-01 5.677171986891751398e-01
1.586177204069063902e+09 5.054126546958754851e-01 -7.803021611899129129e-01 -3.683566016124989462e-01 -6.384748693397972463e-01 -6.253458834078867712e-01 4.486561798584173810e-01 -5.804376711781702447e-01 8.429922182765208633e-03 -8.142610433242865042e-01 -5.298648814848100352e-01 -7.590294278893113811e-01 5.785551183866575187e-01
1.586177204069072962e+09 4.836219956152724153e-01 -7.875272371049668596e-01 -3.819824818114165299e-01 -6.294991447973542487e-01 -6.161719107450438493e-01 4.733529375709116804e-01 -6.081452067442505438e-01 1.153375333524726647e-02 -7.937420112569922859e-01 -5.364032128174701652e-01 -7.544725830405790701e-01 5.895450800748205378e-01
1.586177204069082975e+09 4.613429968659929492e-01 -7.938255747861063805e-01 -3.962367932109568947e-01 -6.193506714105211364e-01 -6.079295162987330414e-01 4.968163135756868409e-01 -6.352695376741910316e-01 1.620679692143474349e-02 -7.721204275390385341e-01 -5.427435221202837612e-01 -7.499985100498255397e-01 6.006840664881517577e-01
1.586177204069096088e+09 4.386406875024892460e-01 -7.991237239760592415e-01 -4.110907701248827095e-01 -6.080640532667670461e-01 -6.007521949566353436e-01 5.189941307745060683e-01 -6.617042049313038854e-01 2.231757761518458894e-02 -7.494327663586120014e-01 -5.488874933310508020e-01 -7.456166835549123961e-01 6.119687943904096317e-01
1.586177204069106102e+09 4.155842589510190255e-01 -8.033545859933874933e-01 -4.265104138370081621e-01 -5.956837452529095689e-01 -5.947589805553504805e-01 5.398357445455395087e-01 -6.873504199357062250e-01 2.971808285610265041e-02 -7.257177386228524929e-01 -5.548371356998037518e-01 -7.413364279518499522e-01 6.233957378642601688e-01
