1.583561773618237972e+09 -3.010918965916165591e-01 7.618658181153767917e-01 5.735016524121432369e-01 7.612511033329488752e-02 -5.802872516890968946e-01 8.108462697805952635e-01 9.505517543140183934e-01 2.877971177521297386e-01 1.167226697218268078e-01 -4.017812783048727576e-01 1.498875475591969764e+00 1.529832465615603709e+00
1.583561773618278027e+09 -2.872927474928480551e-01 7.761283632014505107e-01 5.613266797489406823e-01 7.385950188961094842e-02 -5.663367896497494280e-01 8.208577311467355475e-01 9.549909169537711406e-01 2.772857818204337299e-01 1.053799980031968897e-01 -4.103615326422555554e-01 1.501422363888029965e+00 1.538291120514038823e+00
1.583561773618294001e+09 -2.731335893587950037e-01 7.899135436179879344e-01 5.490306332984717930e-01 7.197274450590646078e-02 -5.523523727755033086e-01 8.304979111665433678e-01 9.592799209083708867e-01 2.663521169048571613e-01 9.401374051779411156e-02 -4.185273585433029742e-01 1.504463018884988346e+00 1.546993416290121770e+00
1.583561773618304968e+09 -2.586317336878706796e-01 8.032169262429879053e-01 5.366117740566500594e-01 7.043400277966888057e-02 -5.383531929301024199e-01 8.397707371838929458e-01 9.634047320977032758e-01 2.549870768223075346e-01 8.266143641559349498e-02 -4.262724599755121080e-01 1.507973516261136737e+00 1.555901056791899162e+00
1.583561773618314981e+09 -2.438189371640641645e-01 8.160381690301475865e-01 5.240553719785656650e-01 6.921195035860450151e-02 -5.243441275059705919e-01 8.486889547977666259e-01 9.673479374324686075e-01 2.431973333129656412e-01 7.136543463800971987e-02 -4.335946752173047147e-01 1.511927007593069971e+00 1.564979124739320770e+00
1.583561773618324995e+09 -2.287387065890443272e-01 8.283804166525685631e-01 5.113359851923581223e-01 6.827919302116183808e-02 -5.103161962482870573e-01 8.572720290362888518e-01 9.710903954610964339e-01 2.310049035315018540e-01 6.016792032375646582e-02 -4.404956105568077485e-01 1.516294627908592707e+00 1.574196349466525202e+00
1.583561773618334055e+09 -2.134445043305474854e-01 8.402498266651476921e-01 4.984191736923127558e-01 6.761517251138271511e-02 -4.962473379788044370e-01 8.655442034462688117e-01 9.746125549507352881e-01 2.184463518787707892e-01 4.910763010234557580e-02 -4.469801985173870729e-01 1.521046336574398472e+00 1.583525209588049432e+00
1.583561773618343115e+09 -1.979988906236644919e-01 8.516552077592480785e-01 4.852626574948082916e-01 6.720804707153743562e-02 -4.821032327748226431e-01 8.735327993182986361e-01 9.778954534986110669e-01 2.055720807040995191e-01 3.821782196663775499e-02 -4.530562103175910793e-01 1.526151665892368614e+00 1.592941893745430937e+00
1.583561773618352890e+09 -1.824736315235264417e-01 8.626077427928701136e-01 4.718169732329659527e-01 6.705595037307825190e-02 -4.678379930133114151e-01 8.812667654830284025e-01 9.809214410816939900e-01 1.924460825728320501e-01 2.752511555835344265e-02 -4.587337498890537435e-01 1.531580361416455593e+00 1.602426146831047671e+00
1.583561773618362904e+09 -1.669506376420769322e-01 8.731207071142191856e-01 4.580258898428544723e-01 6.716793209953103583e-02 -4.533948031798897271e-01 8.887753492775614106e-01 9.836747194818167284e-01 1.791462631464720012e-01 1.704883912229609999e-02 -4.640247547216085899e-01 1.537302905572551781e+00 1.611961030335307576e+00
1.583561773618372917e+09 -1.517250401740166676e-01 8.830805144182537481e-01 4.440138709613180579e-01 6.755793818739376511e-02 -4.388989715055743313e-01 8.959930903392764323e-01 9.861112703093856124e-01 1.659412492729799293e-01 6.932865275359759161e-03 -4.689425232277038003e-01 1.543290924902772865e+00 1.621532625009338924e+00
1.583561773618391991e+09 -1.361235931654539433e-01 8.925010577751107954e-01 4.300142202545202408e-01 6.811256535946337565e-02 -4.245961210474440417e-01 9.028171534525285535e-01 9.883476342274153392e-01 1.521840865805019483e-01 -2.992986990172612737e-03 -4.735057562323980451e-01 1.549513096934158396e+00 1.631130423034891752e+00
1.583561773618407011e+09 -1.201715993857507409e-01 9.013764975779419153e-01 4.160278796934910317e-01 6.883202760248235963e-02 -4.104911683678005296e-01 9.092629723048655244e-01 9.903640436406312419e-01 1.379036281428805966e-01 -1.271419172428798171e-02 -4.777255460762770967e-01 1.555944152597853014e+00 1.640747654648331944e+00
1.583561773618437052e+09 -1.038954107273101640e-01 9.097021891620636902e-01 4.020543135331606233e-01 6.971835301217285674e-02 -3.965863407524968243e-01 9.153461780759910571e-01 9.921416709029593495e-01 1.231308316919483836e-01 -2.221943759699781390e-02 -4.816131227393365966e-01 1.562560769483873901e+00 1.650379029205219394e+00
1.583561773618448019e+09 -8.732235712010930073e-02 9.174747478242956111e-01 3.880913467455849863e-01 7.077512597013056739e-02 -3.828812397474047335e-01 9.210824273266274842e-01 9.936627635923663826e-01 1.078983026138551071e-01 -3.150029849737563670e-02 -4.851795843960555188e-01 1.569341525449878816e+00 1.660020499371290814e+00
1.583561773618458033e+09 -7.048068040295966952e-02 9.246920887478474738e-01 3.741350225041054078e-01 7.200720166975936587e-02 -3.693729121353057088e-01 9.264872448257902571e-01 9.949107682887332604e-01 9.223986742299634944e-02 -4.055083554385192912e-02 -4.884356798579456149e-01 1.576266809749782505e+00 1.669669049878551803e+00
1.583561773618470907e+09 -5.339947316987164738e-02 9.313534421665493612e-01 3.601794863630752852e-01 7.342040108076343385e-02 -3.560559254344384250e-01 9.315758813991884546e-01 9.958704439984953360e-01 7.619018364208647587e-02 -4.936714443047021672e-02 -4.913916417497455891e-01 1.583318702506720355e+00 1.679322512729854111e+00
1.583561773618486881e+09 -3.610852638979070162e-02 9.374593119863516844e-01 3.462170028451843629e-01 7.502116880502515683e-02 -3.429225517129477763e-01 9.363631495815701866e-01 9.965279719168814720e-01 5.978429772045116414e-02 -5.794686527926738023e-02 -4.940570679368265217e-01 1.590480832430978264e+00 1.688979408989619291e+00
1.583561773618504047e+09 -1.863801100997575580e-02 9.430113471905533507e-01 3.322382036769975788e-01 7.681618865459968748e-02 -3.299631590062624964e-01 9.408632137541026452e-01 9.968710538310182612e-01 4.305709148048687818e-02 -6.628868055309246332e-02 -4.964408455501580497e-01 1.597738222334353253e+00 1.698638815972615346e+00
1.583561773618521929e+09 -1.018118438904179208e-03 9.480121660671164685e-01 3.182324571608728947e-01 7.881201013465659322e-02 -3.171666886442503497e-01 9.450893919674927535e-01 9.968889761421446671e-01 2.604275258908105711e-02 -7.439183117953324098e-02 -4.985511097704425909e-01 1.605077130738467250e+00 1.708300257663128319e+00
1.583561773618539095e+09 1.672148310831186868e-02 9.524650852357973152e-01 3.041885168386410654e-01 8.101467790850172546e-02 -3.045213886339337983e-01 9.490539215262490114e-01 9.965726336935074592e-01 8.774145613287036294e-03 -8.225570134851895032e-02 -5.003952310836642381e-01 1.612484895362179538e+00 1.717963615622158269e+00
1.583561773618555069e+09 3.455243471890520612e-02 9.563737315658399352e-01 2.900955277023330448e-01 8.342939477529644210e-02 -2.920158956304816922e-01 9.527676804568175895e-01 9.959144870939834471e-01 -8.717948760152124943e-03 -8.987954176639399717e-02 -5.019798270315554145e-01 1.619949782295201146e+00 1.727629057461083750e+00
1.583561773618571997e+09 5.244864212962396799e-02 9.597415671374790458e-01 2.759443143359239237e-01 8.606028603579660152e-02 -2.796406031835708128e-01 9.562399073219411960e-01 9.949084215986782054e-01 -2.640563804751565671e-02 -9.726240370114394573e-02 -5.033107936395952997e-01 1.627460844028736586e+00 1.737296980025202053e+00
1.583561773618588924e+09 7.038721663988549426e-02 9.625714067165515031e-01 2.617287280228859925e-01 8.891033891092649244e-02 -2.673891039776025158e-01 9.594779928926500112e-01 9.935494912840491244e-01 -4.426459541361997541e-02 -1.044033247768942491e-01 -5.043933493819081626e-01 1.635007788918048321e+00 1.746967964622693659e+00
1.583561773618607044e+09 8.834924580301790897e-02 9.648650012615208604e-01 2.474468437335829996e-01 9.198155152122863831e-02 -2.552595101972283120e-01 9.624873904473386643e-01 9.918335572104703957e-01 -6.227449041110245942e-02 -1.113017650248907808e-01 -5.052320858209884413e-01 1.642580863111695599e+00 1.756642741913446049e+00
1.583561773618623972e+09 1.063203797837904696e-01 9.666227028794481813e-01 2.331019680048400378e-01 9.527528084502967509e-02 -2.432556359421866321e-01 9.652716283921185525e-01 9.897568377971432962e-01 -8.041919063166803883e-02 -1.179582810757301703e-01 -5.058310208111688189e-01 1.650170744796771505e+00 1.766322164420311314e+00
1.583561773618635893e+09 1.242912822618541524e-01 9.678431942924040632e-01 2.187035179933072282e-01 9.879276867721958899e-02 -2.313881301278053748e-01 9.678323833337859616e-01 9.873153833883010488e-01 -9.868680184865750993e-02 -1.243754361925620555e-01 -5.061936545875257432e-01 1.657768449817918377e+00 1.776007184933357630e+00
1.583561773618644953e+09 1.422578569203074572e-01 9.685233162715116695e-01 2.042676879732663320e-01 1.025358219975082558e-01 -2.196754867569700731e-01 9.701696170577044365e-01 9.845044985254766123e-01 -1.170694952473813610e-01 -1.305588983103699308e-01 -5.063230281977302294e-01 1.665365248047566915e+00 1.785698839400430948e+00
1.583561773618654966e+09 1.602211360254296446e-01 9.686580365821800820e-01 1.898177971175135925e-01 1.065075944733214625e-01 -2.081448214323625978e-01 9.722817831096629559e-01 9.813181544006009949e-01 -1.355630548347337150e-01 -1.365186370795854753e-01 -5.062217832101346682e-01 1.672952589946972823e+00 1.795398233172004865e+00
1.583561773618664026e+09 1.781866851479591285e-01 9.682406211228143933e-01 1.753841646522212583e-01 1.107133727771061477e-01 -1.968322288606811632e-01 9.741661166898401003e-01 9.777484618198717392e-01 -1.541660586812158562e-01 -1.422700672030804414e-01 -5.058922230167691714e-01 1.680522042809475591e+00 1.805106529656105963e+00
1.583561773618673086e+09 1.961637019224967970e-01 9.672629374594913232e-01 1.610037646527772981e-01 1.151613001603935121e-01 -1.857829753172869636e-01 9.758189182241413517e-01 9.737852315891553090e-01 -1.728788484997027253e-01 -1.478351336545762063e-01 -5.053363765067865332e-01 1.688065236471780084e+00 1.814824940596793557e+00
1.583561773618683100e+09 2.141637576178918312e-01 9.657159213971217016e-01 1.467196116753382018e-01 1.198629511183378210e-01 -1.750514387716022024e-01 9.772358297103643787e-01 9.694156787162200306e-01 -1.917022516880858007e-01 -1.532432341713095558e-01 -5.045560653566939502e-01 1.695573818692045487e+00 1.824554717301947404e+00
1.583561773618691921e+09 2.321991533402813779e-01 9.635902377741232261e-01 1.325798145327344857e-01 1.248336528681879137e-01 -1.647006763595449397e-01 9.784121046137984612e-01 9.646243375372840489e-01 -2.106360397231473169e-01 -1.585318468412552917e-01 -5.035529761553955153e-01 1.703039420845764873e+00 1.834297142242280465e+00
1.583561773618700981e+09 2.502809004474575438e-01 9.608771614828413021e-01 1.186362161355329348e-01 1.300924346327784753e-01 -1.548014571436557574e-01 9.793428753271381515e-01 9.593932611776687658e-01 -2.296771424474575440e-01 -1.637466973909471879e-01 -5.023287376013498839e-01 1.710453634833731140e+00 1.844053520570564819e+00
1.583561773618710995e+09 2.684164796042455281e-01 9.575696484819814502e-01 1.049426612490232391e-01 1.356615295835178758e-01 -1.454307302411692870e-01 9.800233937152162955e-01 9.537025443709079564e-01 -2.488177472815231439e-01 -1.689413678191319934e-01 -5.008850016851473796e-01 1.717808001998764711e+00 1.853825171269759986e+00
1.583561773618721008e+09 2.866075527917713583e-01 9.536635570757943103e-01 9.155288611138637234e-02 1.415653770224852004e-01 -1.366694394052291872e-01 9.804492381034579651e-01 9.475311894517575162e-01 -2.680434378816301533e-01 -1.741762345646764298e-01 -4.992235269568056633e-01 1.725094014554426680e+00 1.863613417790280113e+00
1.583561773618731022e+09 3.048479809949389829e-01 9.491588849540171235e-01 7.851827789263746138e-02 1.478292195950495214e-01 -1.285999156482361683e-01 9.806164304485696093e-01 9.408582414960113827e-01 -2.873316431577967456e-01 -1.795168418607808458e-01 -4.973462606118293494e-01 1.732303129300931666e+00 1.873419578242877526e+00
1.583561773618746996e+09 3.231223870991148384e-01 9.440609130764570089e-01 6.588562607796404069e-02 1.544774170597819907e-01 -1.213029583301697828e-01 9.805214531336867712e-01 9.336640995822490519e-01 -3.066505911482662605e-01 -1.850317928413426072e-01 -4.952554156074999714e-01 1.739426792574812364e+00 1.883244955381095709e+00
1.583561773618763924e+09 3.414055008115975953e-01 9.383811157540358217e-01 5.369512062433937083e-02 1.615317035340754770e-01 -1.148549144079961531e-01 9.801611385513204766e-01 9.259318511882388414e-01 -3.259589400227776435e-01 -1.907903997499424409e-01 -4.929535388260275486e-01 1.746456474463628616e+00 1.893090826749571187e+00
1.583561773618781090e+09 3.596623648710118859e-01 9.321377395179842873e-01 4.197878307863234237e-02 1.690096149802578496e-01 -1.093250204307880946e-01 9.795324344239665360e-01 9.176484804197225786e-01 -3.452061338106565125e-01 -1.968603358355041633e-01 -4.904435660106882255e-01 1.753383709177755545e+00 1.902958435520738512e+00
1.583561773618798018e+09 3.778493259717892738e-01 9.253560103396563097e-01 3.075941088525022474e-02 1.769232527588786852e-01 -1.047731651141242393e-01 9.786320793033999044e-01 9.088058372248578598e-01 -3.643334164535599329e-01 -2.033054651102526589e-01 -4.877288611542961450e-01 1.760200138299422346e+00 1.912848982459642633e+00
1.583561773618815899e+09 3.959156480804019718e-01 9.180679677893742729e-01 2.005009953174943793e-02 1.852785064994400821e-01 -1.012482276459045205e-01 9.774562248839636647e-01 8.994012869201192251e-01 -3.832753621877691419e-01 -2.101840195844152104e-01 -4.848132388220442457e-01 1.766897553269177301e+00 1.922763619433165649e+00
1.583561773618834019e+09 4.138055294966985209e-01 9.103119647858972652e-01 9.854485915845742627e-03 1.940748662030878924e-01 -9.878726704755688703e-02 9.760000114313718278e-01 8.894379856664516026e-01 -4.019616934204277015e-01 -2.175473900982983488e-01 -4.817009696013117570e-01 1.773467933823055231e+00 1.932703444726022068e+00
1.583561773618853092e+09 4.314602031054511344e-01 9.021319556764884062e-01 1.674830929987158878e-04 2.033057029318358078e-01 -9.741534035649147827e-02 9.742571748543249477e-01 8.789248458046714507e-01 -4.203191482064633222e-01 -2.254394139023199739e-01 -4.783967710959896591e-01 1.779903480313577147e+00 1.942669500153459072e+00
1.583561773618870974e+09 4.488199022639141056e-01 8.935766722023157360e-01 -9.023668584068967116e-03 2.129588899426375914e-01 -9.714577633048519789e-02 9.722197331221252847e-01 8.678762623832448897e-01 -4.382732359765862951e-01 -2.338960540083870887e-01 -4.749057880952804456e-01 1.786196639113746265e+00 1.952662769747587790e+00
1.583561773618886948e+09 4.658255517901155884e-01 8.846987707863847028e-01 -1.773811251411840095e-02 2.230176803208968050e-01 -9.798084507158066891e-02 9.698777595139784768e-01 8.563116663030372333e-01 -4.557497551315426998e-01 -2.429454488424274694e-01 -4.712335656848504750e-01 1.792340121231196681e+00 1.962684179689133668e+00
1.583561773618904114e+09 4.824201076055908421e-01 8.755540181140166744e-01 -2.600002902459106965e-02 2.334616905720484636e-01 -9.991260743745546125e-02 9.672192667884565997e-01 8.442549846443300199e-01 -4.726760334221870030e-01 -2.526081720646886075e-01 -4.673860180860187619e-01 1.798326914366271234e+00 1.972734599213083584e+00
1.583561773618921995e+09 4.985495367731899163e-01 8.662005516213718836e-01 -3.383731846848927333e-02 2.442679017245294182e-01 -1.029238376753128653e-01 9.642301986360887200e-01 8.317340631805171247e-01 -4.889818895820736144e-01 -2.628976227894915807e-01 -4.633693953144011890e-01 1.804150288709336802e+00 1.982814842262984545e+00
1.583561773618938923e+09 5.141634503838662384e-01 8.566982434281764647e-01 -4.128033870383977788e-02 2.554116403804474467e-01 -1.069889898570205305e-01 9.608945052106673268e-01 8.187800929019690699e-01 -5.046003132031001703e-01 -2.738205318181413661e-01 -4.591902499843046326e-01 1.809803797577562046e+00 1.992925669576315117e+00
1.583561773618957043e+09 5.292154271600987281e-01 8.471081805888729388e-01 -4.836075270540284715e-02 2.668674874731076230e-01 -1.120751247372036019e-01 9.571942909782950037e-01 8.054270768176691186e-01 -5.194678980656759482e-01 -2.853775167573063820e-01 -4.548554056767052378e-01 1.815281273771202741e+00 2.003067790979119245e+00
