1.586177205610440016e+09 8.810020450347512133e-01 -4.726945436896001773e-01 1.988127729719624953e-02 -7.513173700177318282e-02 -1.812713518287359937e-01 -9.805589831748685592e-01 4.671087870474103232e-01 8.623807544771645572e-01 -1.952147937848602299e-01 3.603404473970864969e-02 -8.217138163802900630e-01 2.637216997041471611e-01
1.586177205610481977e+09 8.818268484347289160e-01 -4.708133687392885292e-01 2.676156520717482695e-02 -8.611927126350205075e-02 -2.165759141767249485e-01 -9.724599451387296867e-01 4.636430531077723738e-01 8.552366020779835765e-01 -2.315285600373924446e-01 2.560759000392191093e-02 -8.309046064047400648e-01 2.618850887167711861e-01
1.586177205610501051e+09 8.829603899686196966e-01 -4.683328151257109551e-01 3.233147382090528765e-02 -9.798970697652875650e-02 -2.512205974505117845e-01 -9.629570235099356168e-01 4.591067057589876543e-01 8.470847572770066058e-01 -2.677096319861150264e-01 1.469197521394757441e-02 -8.396018101637047204e-01 2.605574140108884440e-01
1.586177205610516071e+09 8.843360922510957733e-01 -4.654185178786638399e-01 3.654147418568081535e-02 -1.107154388633225517e-01 -2.851195604981685561e-01 -9.520761147111956868e-01 4.535325431999622792e-01 8.379095653795559651e-01 -3.036705333852439126e-01 3.322325594596032671e-03 -8.477624304613109452e-01 2.597267133690459029e-01
1.586177205610532045e+09 8.858834031999949232e-01 -4.622338600561404220e-01 3.937581407367658770e-02 -1.242542642914682555e-01 -3.181982324323020528e-01 -9.398461379768535684e-01 4.469580225772601390e-01 8.277014823066478622e-01 -3.393210612158679695e-01 -8.461290618812912154e-03 -8.553505538114175577e-01 2.593781553743890189e-01
1.586177205610543966e+09 8.875310564567649996e-01 -4.589337918756559720e-01 4.084603636924950126e-02 -1.385542813954266650e-01 -3.503922194286211433e-01 -9.262980103958023959e-01 4.394215915763379221e-01 8.164588584601650822e-01 -3.745712183866310441e-01 -2.061518779884507699e-02 -8.623379683098859605e-01 2.594945241665242985e-01
1.586177205610555887e+09 8.892092769258076457e-01 -4.556612216371793145e-01 4.098430335049159379e-02 -1.535581767425284461e-01 -3.816455359788678003e-01 -9.114639716529983060e-01 4.309602631374947479e-01 8.041887441922493940e-01 -4.093332574549289893e-01 -3.309342087679757044e-02 -8.687044695522592175e-01 2.600567348870708728e-01
1.586177205610568047e+09 8.908510597979178991e-01 -4.525454342848766465e-01 3.983741168583410791e-02 -1.692065896926019108e-01 -4.119086549988911217e-01 -8.953772335427822027e-01 4.216082535817568533e-01 7.909070047546012949e-01 -4.435229314169994996e-01 -4.584910600963013755e-02 -8.744378649975107498e-01 2.610443548165630179e-01
1.586177205610582113e+09 8.923927532353322922e-01 -4.497018695062200977e-01 3.746201741448513395e-02 -1.854404124351581307e-01 -4.411367562593279112e-01 -8.780718741215141065e-01 4.113964361086279165e-01 7.766380052299174386e-01 -4.770601445773381966e-01 -5.883564354495905702e-02 -8.795337054594570825e-01 2.624361063883932643e-01
1.586177205610594034e+09 8.937742104011532351e-01 -4.472326131643820646e-01 3.392124352413731364e-02 -2.022020343726461111e-01 -4.692884138549256456e-01 -8.595828769406782532e-01 4.003523427640592325e-01 7.614140625663069484e-01 -5.098692257118647708e-01 -7.200779687120038852e-02 -8.839947832708956454e-01 2.642103332824166095e-01
1.586177205610608101e+09 8.949387428656917498e-01 -4.452271142340775145e-01 2.928247747444894314e-02 -2.194357384602874939e-01 -4.963247819676095407e-01 -8.399462291740555919e-01 3.885004548852645234e-01 7.452748002481817124e-01 -5.418790169654024158e-01 -8.532259457066551644e-02 -8.878304462201799252e-01 2.663454144333441409e-01
1.586177205610620022e+09 8.958482863687639020e-01 -4.437275271300563095e-01 2.370083744226808911e-02 -2.370097104330799453e-01 -5.222579814914676266e-01 -8.191904530336077128e-01 3.758753054070789745e-01 7.282530348472776582e-01 -5.730316504166941272e-01 -9.874276405522564026e-02 -8.910320912263953730e-01 2.688360448392438928e-01
1.586177205610632896e+09 8.964565122873474623e-01 -4.427962572819036935e-01 1.723938319701497079e-02 -2.548780055918024035e-01 -5.470527441785600908e-01 -7.973521792563020849e-01 3.624954125092522683e-01 7.103976139825267655e-01 -6.032680219571524560e-01 -1.122277969050291258e-01 -8.936213229871480257e-01 2.716652651359834914e-01
1.586177205610645056e+09 8.967201622823250950e-01 -4.424857986354586714e-01 9.963371947857898453e-03 -2.729945771333842086e-01 -5.706760947228701752e-01 -7.744693384377075995e-01 3.483775418454367889e-01 6.917623242454761234e-01 -6.325329836859443500e-01 -1.257413787579724496e-01 -8.956232973567979094e-01 2.748164432784341304e-01
1.586177205610656977e+09 8.965992199269906537e-01 -4.428386561908854713e-01 1.940007121903604068e-03 -2.913124828369817454e-01 -5.930979008479793091e-01 -7.505810534283395841e-01 3.335369191305202485e-01 6.724052386172927331e-01 -6.607755435965816382e-01 -1.392514787755138039e-01 -8.970657906647625524e-01 2.782734839392687065e-01
1.586177205610668898e+09 8.960571223962384702e-01 -4.438872719919133014e-01 -6.761906892307850692e-03 -3.097832198354601996e-01 -6.142914566123779396e-01 -7.257274718886838061e-01 3.179874059900221206e-01 6.523879953090143680e-01 -6.879490632065996536e-01 -1.527302826990646623e-01 -8.979783224455188950e-01 2.820209964605985276e-01
1.586177205610682011e+09 8.950610181122244935e-01 -4.456539634698578056e-01 -1.607230281525177940e-02 -3.283561089179382053e-01 -6.342341267716715691e-01 -6.999495257423699046e-01 3.017416773546973685e-01 6.317749738695984663e-01 -7.140114445144822852e-01 -1.661539990103377828e-01 -8.983913596122952150e-01 2.860444228922701670e-01
1.586177205610693932e+09 8.935820008779654655e-01 -4.481510292028249021e-01 -2.592031924284381866e-02 -3.469778999981777967e-01 -6.529079044332029014e-01 -6.732886495805646687e-01 2.848114198630238847e-01 6.106323965190898484e-01 -7.389252545388993454e-01 -1.795025698219905319e-01 -8.983356233307132621e-01 2.903301282380434944e-01
1.586177205610707045e+09 8.915952663544587375e-01 -4.513811166720604340e-01 -3.623491057634815882e-02 -3.655926604188820539e-01 -6.702997941924486724e-01 -6.457864917803154414e-01 2.672075746137263508e-01 5.890273964276491192e-01 -7.626577467548145695e-01 -1.927593177280480241e-01 -8.978415097572809422e-01 2.948654569239517187e-01
1.586177205610718966e+09 8.890801996971217092e-01 -4.553378113088130674e-01 -4.694546109365910214e-02 -3.841418457444240042e-01 -6.864020526405606448e-01 -6.174846272510875478e-01 2.489406377588220254e-01 5.670270717059850973e-01 -7.851807812110422891e-01 -2.059105567655864777e-01 -8.969386261698609752e-01 2.996387610796064638e-01
1.586177205610733032e+09 8.860204118729102518e-01 -4.600063925758631767e-01 -5.798231413258385369e-02 -4.025644811168314074e-01 -7.012123115703452481e-01 -5.884242797997305541e-01 2.300210176602627554e-01 5.446975428756789528e-01 -8.064706557452360203e-01 -2.189451909599501589e-01 -8.956554370321381242e-01 3.046394066992375582e-01
1.586177205610744953e+09 8.824037440311662817e-01 -4.653647030909710547e-01 -6.927716691019164541e-02 -4.207974062157149309e-01 -7.147336013919762809e-01 -5.586460618100734798e-01 2.104594396183141203e-01 5.221030286070279525e-01 -8.265078657540594342e-01 -2.318543190366071649e-01 -8.940190109393669760e-01 3.098577629059793281e-01
1.586177205610757113e+09 8.782222548676169582e-01 -4.713840878070482687e-01 -8.076331491355169534e-02 -4.387755612341289191e-01 -7.269742811477356570e-01 -5.281897403641331312e-01 1.902673860818337448e-01 4.993049535437068531e-01 -8.452768099970088267e-01 -2.446308585912588818e-01 -8.920548556969717380e-01 3.152851794874825808e-01
1.586177205610769987e+09 8.734721958720967905e-01 -4.780303781851229505e-01 -9.237575866446665063e-02 -4.564323158275508385e-01 -7.379478666286770627e-01 -4.970940430331119986e-01 1.694575592863346025e-01 4.763611067146253930e-01 -8.627654559431270354e-01 -2.572691989604222740e-01 -8.897868290219050902e-01 3.209139561992791490e-01
1.586177205610783100e+09 8.681539797131808678e-01 -4.852648950485777823e-01 -1.040511862495038242e-01 -4.736998387614213546e-01 -7.476727546338701735e-01 -4.653965138976935978e-01 1.480443533655136090e-01 4.533248657754621047e-01 -8.789649798852411378e-01 -2.697648895417311121e-01 -8.872371143194107690e-01 3.267373050115093824e-01
1.586177205610795975e+09 8.622720536710124506e-01 -4.930455718605318283e-01 -1.157279989672593268e-01 -4.905096711648042063e-01 -7.561717025035855633e-01 -4.331334889374714447e-01 1.260443106806611036e-01 4.302446056822685772e-01 -8.938693480508000944e-01 -2.821143676775107467e-01 -8.844262506842253124e-01 3.327493059226084293e-01
1.586177205610807896e+09 8.558345871299661844e-01 -5.013282590992396148e-01 -1.273465206390665960e-01 -5.067936172010146789e-01 -7.634709589935957386e-01 -4.003402612156727325e-01 1.034765159107138704e-01 4.071634459494282154e-01 -9.074748146896326473e-01 -2.943147268325962962e-01 -8.813732045458682052e-01 3.389448579820042995e-01
1.586177205610821009e+09 8.488530687609138203e-01 -5.100679962945888768e-01 -1.388492240866790461e-01 -5.224847104744649862e-01 -7.695992584900287481e-01 -3.670513711519612920e-01 8.036289746966365777e-02 3.841192793928852045e-01 -9.197794215285463038e-01 -3.063635228259586341e-01 -8.780954701463353773e-01 3.453196279286848136e-01
1.586177205610832930e+09 8.413416617653813878e-01 -5.192203781877244850e-01 -1.501812480662383098e-01 -5.375184662570769989e-01 -7.745865132641663875e-01 -3.333011135811331793e-01 5.672836089791926523e-02 3.611453068442129766e-01 -9.307824454579335383e-01 -3.182586151643352901e-01 -8.746091891357670178e-01 3.518699975772952571e-01
1.586177205610846043e+09 8.333162244970643284e-01 -5.287430065420148928e-01 -1.612913613345096919e-01 -5.518344567005221135e-01 -7.784621928258680379e-01 -2.991243005028231816e-01 3.260065510382646747e-02 3.382712634607115132e-01 -9.404837850605993754e-01 -3.299980409417142546e-01 -8.709292826701586776e-01 3.585930095792424499e-01
1.586177205610858917e+09 8.247930348421188551e-01 -5.385968500537114956e-01 -1.721333291562601731e-01 -5.653780076854745262e-01 -7.812536028237401231e-01 -2.645572091496499190e-01 8.009895895540537075e-03 3.155253420797926589e-01 -9.488833439530850455e-01 -3.415799178159200644e-01 -8.670695895769664485e-01 3.654863118976957592e-01
1.586177205610872030e+09 8.157873922889343765e-01 -5.487472421342785012e-01 -1.826674438719560201e-01 -5.781016470130786455e-01 -7.829844358630749790e-01 -2.296385406012466102e-01 -1.701224968656257427e-02 2.929365763288424573e-01 -9.559805154749516642e-01 -3.530023706363704106e-01 -8.630430035383074294e-01 3.725481031714665825e-01
1.586177205610883951e+09 8.063122721064099885e-01 -5.591643492914151192e-01 -1.928619987202699615e-01 -5.899660210932751170e-01 -7.836738851027814645e-01 -1.944102265206330837e-01 -4.243364405282572943e-02 2.705373774397504261e-01 -9.617738370421791139e-01 -3.642634765045716927e-01 -8.588616044907785296e-01 3.797770807054529074e-01
1.586177205610897064e+09 7.963770672558625474e-01 -5.698231492617632510e-01 -2.026947101742619106e-01 -6.009402596000181784e-01 -7.833363636456412982e-01 -1.589180486754369626e-01 -6.822295425871476027e-02 2.483661012613359587e-01 -9.662607870626196416e-01 -3.753612238574201010e-01 -8.545367816200950539e-01 3.871723920840156041e-01
1.586177205610908985e+09 7.859863741763127853e-01 -5.807030306140062992e-01 -2.121542129281245581e-01 -6.110018778835617503e-01 -7.819817639091724004e-01 -1.232121201375195874e-01 -9.435107410169715769e-02 2.264696700363572901e-01 -9.694376533474937663e-01 -3.862934841501153294e-01 -8.500793485533681970e-01 3.947335887422631640e-01
1.586177205610922098e+09 7.751389219458757474e-01 -5.917869986816587380e-01 -2.212414972246622147e-01 -6.201361234535521794e-01 -7.796163513928749955e-01 -8.734720053547254115e-02 -1.207925512186750899e-01 2.049060592723022933e-01 -9.712994732841130352e-01 -3.970579944750345369e-01 -8.454996506696255132e-01 4.024605806740939040e-01
1.586177205610934019e+09 7.638267848963208317e-01 -6.030604812405239157e-01 -2.299710826585983359e-01 -6.283346904046565040e-01 -7.762443707595620968e-01 -5.138281921710827205e-02 -1.475268106865835205e-01 1.837463826074675066e-01 -9.718400626470031778e-01 -4.076523492794876802e-01 -8.408076641844326460e-01 4.103535920548213589e-01
1.586177205610946894e+09 7.520350807946553084e-01 -6.145097391339869874e-01 -2.383715964244188801e-01 -6.355937507412430243e-01 -7.718704184327158657e-01 -1.538315896376751118e-02 -1.745388828886738075e-01 1.630761722207250408e-01 -9.710521823116543549e-01 -4.180740005139259030e-01 -8.360130874087342567e-01 4.184131167706940935e-01
1.586177205610959053e+09 7.397419928485960972e-01 -6.261201146033636977e-01 -2.464860773425728568e-01 -6.419116969336217116e-01 -7.665022573076399892e-01 2.058308272860069621e-02 -2.018196168068367713e-01 1.429961255290781164e-01 -9.689277324517189260e-01 -4.283202661524780908e-01 -8.311254245862943479e-01 4.266398726412901632e-01
1.586177205610971928e+09 7.269192149869144748e-01 -6.378741463838050185e-01 -2.543718311374328356e-01 -6.472866897034975642e-01 -7.601540284921607382e-01 5.644284465146202912e-02 -2.293652035333882955e-01 1.236221121965039305e-01 -9.654580141790622960e-01 -4.383883476893582487e-01 -8.261540625987423558e-01 4.350347528495718263e-01
1.586177205610984087e+09 7.135329223770422447e-01 -6.497496087701395417e-01 -2.620996276330793129e-01 -6.517141637256005371e-01 -7.528497596078767007e-01 9.211888335365861491e-02 -2.571758500798893010e-01 1.050841835847433625e-01 -9.606341118523901157e-01 -4.482753575224059372e-01 -8.211083404021126686e-01 4.435987731456424998e-01
1.586177205610996008e+09 6.995453610860195015e-01 -6.617175769880033753e-01 -2.697519903660153817e-01 -6.551845052264920755e-01 -7.446269877237300383e-01 1.275300500945646398e-01 -2.852534877598271734e-01 8.752426939659127547e-02 -9.544474581378814548e-01 -4.579783566390087102e-01 -8.159976103335996322e-01 4.523330141467689636e-01
1.586177205611007929e+09 6.849170007345249944e-01 -6.737407003836566322e-01 -2.774205669549990594e-01 -6.576812419616285821e-01 -7.355401598355415516e-01 1.625916899888708023e-01 -3.135986072444352790e-01 7.109249036947228040e-02 -9.468905806405685244e-01 -4.674944020906827147e-01 -8.108312898563682092e-01 4.612385591185189093e-01
1.586177205611027956e+09 6.696091821032666980e-01 -6.857718799051849556e-01 -2.852025108454925295e-01 -6.591800345380521842e-01 -7.256634374894621597e-01 1.972162720718327877e-01 -3.422064080379615403e-01 5.594197431303342405e-02 -9.379580321987398550e-01 -4.768206030675400386e-01 -8.056189021994506483e-01 4.703164283513733834e-01
1.586177205611044884e+09 6.535869342307308871e-01 -6.977535606400341317e-01 -2.931963305283663557e-01 -6.596487852299540711e-01 -7.150924528474047470e-01 2.313142114913163128e-01 -3.710627978441964347e-01 4.222265693985655099e-02 -9.276473724726398418e-01 -4.859541830817513119e-01 -8.003701043783120195e-01 4.795675124560718761e-01
1.586177205611057997e+09 6.368217194828109662e-01 -7.096177671858278080e-01 -3.014974665025011991e-01 -6.590489279472442341e-01 -7.039447096066218101e-01 2.647949334880824179e-01 -4.001407359496889082e-01 3.007441723091754116e-02 -9.159601089677860131e-01 -4.948925450021645078e-01 -7.950947016481588747e-01 4.889925075101633767e-01
1.586177205611069918e+09 6.192937755026917124e-01 -7.212869167294344575e-01 -3.101941385597703493e-01 -6.573378131029178340e-01 -6.923584541937214398e-01 2.975680943650964583e-01 -4.293975075517164064e-01 1.962026805964624601e-02 -9.029024454214629181e-01 -5.036333350889616867e-01 -7.898026482607957144e-01 4.985918553608736370e-01
1.586177205611083031e+09 6.009938291501738528e-01 -7.326753242883355943e-01 -3.193638782340049165e-01 -6.544718833625012833e-01 -6.804900750663345210e-01 3.295448558795537886e-01 -4.587733335941850399e-01 1.096025406571672633e-02 -8.884857351539809933e-01 -5.121745013838066019e-01 -7.845040353806744804e-01 5.083656928582608314e-01
1.586177205611095905e+09 5.819240962733983613e-01 -7.436912438509142298e-01 -3.290709349276216833e-01 -6.504102146613535140e-01 -6.685102649512676409e-01 3.606391253475957348e-01 -4.881914575746536533e-01 4.166500339667983041e-03 -8.727266131982405195e-01 -5.205143430921477243e-01 -7.792090682052748019e-01 5.183138124014697867e-01
1.586177205611108065e+09 5.620985532784997796e-01 -7.542392305609664227e-01 -3.393647001432077426e-01 -6.451179848455363963e-01 -6.565993181757462382e-01 3.907686290025089160e-01 -5.175596607557091389e-01 -7.202095302459316645e-04 -8.556468192046787768e-01 -5.286515479566707976e-01 -7.739280351061159635e-01 5.284356356538726374e-01
1.586177205611120939e+09 5.415425043656888482e-01 -7.642224868331888299e-01 -3.502794695698062677e-01 -6.385694646318146317e-01 -6.449421378000148586e-01 4.198555443748545057e-01 -5.467730381223534497e-01 -3.691849602284543938e-03 -8.372727246168848447e-01 -5.365852159886169703e-01 -7.686712721396296022e-01 5.387302009301403460e-01
1.586177205611134052e+09 5.202917048147437384e-01 -7.735450302641140308e-01 -3.618350843587849752e-01 -6.307502604280392777e-01 -6.337233664017942747e-01 4.478267569706604889e-01 -5.757175099689039177e-01 -4.772973138325854042e-03 -8.176347398447807446e-01 -5.443148701061061301e-01 -7.634491262159660563e-01 5.491961628414978591e-01
1.586177205611145973e+09 4.983912370846934059e-01 -7.821135888317100049e-01 -3.740381119354582728e-01 -6.216587137867584101e-01 -6.231229249123526603e-01 4.746138055663666200e-01 -6.042736290664695309e-01 -4.019310103963330896e-03 -7.967667329397879472e-01 -5.518404557319851467e-01 -7.582719195820246672e-01 5.598318016098469130e-01
1.586177205611157894e+09 4.758942788195651419e-01 -7.898391176720109819e-01 -3.868834498917934073e-01 -6.113064651298220076e-01 -6.133122142145105427e-01 5.001525107387717606e-01 -6.323203630225646688e-01 -1.515364210400587525e-03 -7.747055327908393130e-01 -5.591623319864001962e-01 -7.531499174237805683e-01 5.706350391597421190e-01
1.586177205611171007e+09 4.528608974620512151e-01 -7.966379775930813034e-01 -4.003560170954614805e-01 -5.997182978327145753e-01 -6.044510102005592467e-01 5.243824367050026192e-01 -6.597385627735604663e-01 2.628528216705655358e-03 -7.514905987351452321e-01 -5.662812564865411513e-01 -7.480932997794974559e-01 5.816034598078574369e-01
1.586177205611182928e+09 4.293569369220647802e-01 -8.024328080509193217e-01 -4.144323943644958042e-01 -5.869314068753676006e-01 -5.966850427641110510e-01 5.472462734248755289e-01 -6.864139747675314096e-01 8.279404595649235421e-03 -7.271638790958998566e-01 -5.731983653215956265e-01 -7.431121385368542054e-01 5.927343338791809524e-01
1.586177205611197948e+09 4.054530401416632235e-01 -8.071530918446752079e-01 -4.290824149085284978e-01 -5.729942278308108872e-01 -5.901442665833266377e-01 5.686891592987519672e-01 -7.122397402054707616e-01 1.528499848863952744e-02 -7.017698494888920946e-01 -5.799151503603321434e-01 -7.382163796101148812e-01 6.040246422375550317e-01
1.586177205611210108e+09 3.812238367496721958e-01 -8.107354707820848549e-01 -4.442706190239020247e-01 -5.579649713811569711e-01 -5.849417306880919654e-01 5.886580185674576970e-01 -7.371183605230244851e-01 2.347697487216391862e-02 -6.753557244808966464e-01 -5.864334353119849963e-01 -7.334158301458600926e-01 6.154711004531976393e-01
