1.589264477364023924e+09 9.273253751171354198e-01 -2.987927571807529326e-01 -2.253675600139692925e-01 -2.557933487925725946e-01 -6.642976341959988540e-02 -9.644463954585610344e-01 2.731984839545284482e-01 9.520031381895753819e-01 -1.380312052532317035e-01 4.182005003086154693e-02 -8.907544810238577915e-01 2.759036083407682693e-01
1.589264477364064932e+09 9.281765377502667613e-01 -3.003501256239953787e-01 -2.197228185556532598e-01 -2.603698337855543388e-01 -1.022753292843165684e-01 -9.600767194041219810e-01 2.658869396601606927e-01 9.483298789922628425e-01 -1.731316733304063826e-01 3.081869744259635793e-02 -8.997263130234425255e-01 2.747987663016202009e-01
1.589264477364080906e+09 9.288873170951341685e-01 -3.013901879719357857e-01 -2.152494063189575868e-01 -2.658081720742985765e-01 -1.377967886754039861e-01 -9.541268579999804267e-01 2.579037961251093858e-01 9.434913883841347104e-01 -2.081096642897120319e-01 1.932294217606164016e-02 -9.081023558238229265e-01 2.741401905388752280e-01
1.589264477364093065e+09 9.294204416233978749e-01 -3.020742942635306627e-01 -2.119640621076288867e-01 -2.720797337737199673e-01 -1.728986937874104901e-01 -9.466143146100087780e-01 2.492995415567049733e-01 9.374738197732370715e-01 -2.428838739009273329e-01 7.374699419449889069e-03 -9.158439880021911339e-01 2.739147343384837341e-01
1.589264477364103079e+09 9.297421134179034707e-01 -3.025583315026748044e-01 -2.098524690455820518e-01 -2.791411161242053907e-01 -2.074942633697622052e-01 -9.375640609725502950e-01 2.401246344842604408e-01 9.302712437962198377e-01 -2.773726252929726854e-01 -4.979719476419045346e-03 -9.229203902785378943e-01 2.741072671392656979e-01
1.589264477364113092e+09 9.298222188774432073e-01 -3.029871773542687774e-01 -2.088765468688450200e-01 -2.869396845895269554e-01 -2.415052828837916943e-01 -9.270063733429800834e-01 2.304262549109495906e-01 9.218860933024799476e-01 -3.114960230990671541e-01 -1.769102950732054022e-02 -9.293089863645619397e-01 2.747011035431202730e-01
1.589264477364123106e+09 9.296340648677903218e-01 -3.034917382230501448e-01 -2.089815074627904556e-01 -2.954183406070611251e-01 -2.748611422620167999e-01 -9.149750581196277599e-01 2.202464749695035306e-01 9.123289525334062899e-01 -3.451773066375342092e-01 -3.070839464052869255e-02 -9.349955687712651065e-01 2.756784416747211086e-01
1.589264477364132881e+09 9.291538415864133427e-01 -3.041879828229918092e-01 -2.101019037705045001e-01 -3.045192108119040841e-01 -3.074974652793753260e-01 -9.015061616921742349e-01 2.096215379717330796e-01 9.016179791233647212e-01 -3.783435355944080869e-01 -4.398078115639413033e-02 -9.399741285938149060e-01 2.770207913011827894e-01
1.589264477364141941e+09 9.283600079951745965e-01 -3.051772761952539215e-01 -2.121662693486992268e-01 -3.141861364839761972e-01 -3.393547083817478049e-01 -8.866371602962811460e-01 1.985818910940625459e-01 8.897781815254190985e-01 -4.109258091169162297e-01 -5.745818345108644892e-02 -9.442464254984471728e-01 2.787093737653831838e-01
1.589264477364151955e+09 9.272327593222603470e-01 -3.065473564497874781e-01 -2.151002754431328989e-01 -3.243659989901375718e-01 -3.703769977325305218e-01 -8.704065594471575018e-01 1.871526356104853683e-01 8.768406914199813329e-01 -4.428592250852667611e-01 -7.109267947293324008e-02 -9.478213431419506563e-01 2.807254804628642741e-01
1.589264477364162922e+09 9.257536508794406149e-01 -3.083734675311899931e-01 -2.188286603912159012e-01 -3.350091193228153519e-01 -4.005113207206924542e-01 -8.528537813857597349e-01 1.753541220849467452e-01 8.628420984298054153e-01 -4.740827411264964542e-01 -8.483928786160707669e-02 -9.507140831207266940e-01 2.830507798765952154e-01
1.589264477364171982e+09 9.239205635747418377e-01 -3.107018310571991737e-01 -2.232379102748283661e-01 -3.460287091425293671e-01 -4.297266104736870429e-01 -8.340258827991022805e-01 1.632020984312131662e-01 8.478203894421658671e-01 -5.045450056265821104e-01 -9.865766688559432507e-02 -9.529278963541250036e-01 2.856767342282023892e-01
1.589264477364181042e+09 9.217151884511901594e-01 -3.135880634490239016e-01 -2.282622133492863692e-01 -3.573895789776873055e-01 -4.579722964050592093e-01 -8.139619555252560756e-01 1.507109833336654214e-01 8.318196334021242810e-01 -5.341931274158253640e-01 -1.125079026290234790e-01 -9.544885379628175182e-01 2.885887046538992973e-01
1.589264477364191055e+09 9.191206585203560708e-01 -3.170780192861922808e-01 -2.338348668806456421e-01 -3.690569569592904720e-01 -4.852002069614764213e-01 -7.927027956071304171e-01 1.378919065191784310e-01 8.148878997603185015e-01 -5.629773826093444899e-01 -1.263545488830918051e-01 -9.554250716771716112e-01 2.917726481609170253e-01
1.589264477364202976e+09 9.161217473564919889e-01 -3.212077762656451174e-01 -2.398885338848112947e-01 -3.809956382028643063e-01 -5.113650402825171692e-01 -7.702909318732259480e-01 1.247528275233755757e-01 7.970767593960687014e-01 -5.908513959063897980e-01 -1.401666637798501258e-01 -9.557689056388414262e-01 2.952152437550434327e-01
1.589264477364213943e+09 9.127050781010117575e-01 -3.260036282022207854e-01 -2.463555865208891527e-01 -3.931692414105331101e-01 -5.364248951632182294e-01 -7.467705671333514372e-01 1.112986446612501124e-01 7.784407277207913145e-01 -6.177723249798735550e-01 -1.539176907129662375e-01 -9.555528951494735024e-01 2.989039836336747635e-01
1.589264477364223957e+09 9.088593754902593025e-01 -3.314820900469613307e-01 -2.531684414850935982e-01 -4.055394889511485523e-01 -5.603418802261715959e-01 -7.221874414891961136e-01 9.753132200970952848e-02 7.590366272910946677e-01 -6.437010486604345383e-01 -1.675852151605582707e-01 -9.548105387918107700e-01 3.028272331352473978e-01
1.589264477364233017e+09 9.045756821678371251e-01 -3.376500668645342484e-01 -2.602600003446647325e-01 -4.180656856857860038e-01 -5.830826700835800569e-01 -6.965886036816476556e-01 8.345009270957157166e-02 7.389228867220946073e-01 -6.686023107154172029e-01 -1.811506307658869996e-01 -9.535752873281624353e-01 3.069742630863112609e-01
1.589264477364243031e+09 8.998474965551984672e-01 -3.445052757032490698e-01 -2.675641944625771207e-01 -4.307044640784937206e-01 -6.046189208606095322e-01 -6.700221083211214124e-01 6.905177665529228792e-02 7.181588096497111273e-01 -6.924447823849945172e-01 -1.945987470399503372e-01 -9.518799744415408215e-01 3.113352591920633960e-01
1.589264477364252090e+09 8.946708659622628623e-01 -3.520368736420558808e-01 -2.750165111354211378e-01 -4.434097000033774272e-01 -6.249275620105634310e-01 -6.425366765106248490e-01 5.433120500186754132e-02 6.968038333445842891e-01 -7.152010475301910919e-01 -2.079173673646443343e-01 -9.497563686901956403e-01 3.159013138783398067e-01
1.589264477364262104e+09 8.890444633624229320e-01 -3.602262340337993862e-01 -2.825544242812085827e-01 -4.561325332670326249e-01 -6.439909813335920052e-01 -6.141813482476227160e-01 3.928173314075097955e-02 6.749167923551397941e-01 -7.368475210160191358e-01 -2.210968608163562110e-01 -9.472348392253298055e-01 3.206644059048051609e-01
1.589264477364270926e+09 8.829696689156909528e-01 -3.690478150994649931e-01 -2.901176901667037455e-01 -4.688214519803337033e-01 -6.617971170469254538e-01 -5.850051474220553382e-01 2.389582054364544281e-02 6.525551979465221697e-01 -7.573643137767095412e-01 -2.341297461505155719e-01 -9.443441245573115372e-01 3.256173719568958846e-01
1.589264477364280939e+09 8.764506671253307069e-01 -3.784700774440372117e-01 -2.976484986985563630e-01 -4.814224241080720668e-01 -6.783394629767324213e-01 -5.550567745854624313e-01 8.165657723974775739e-03 6.297745420199202249e-01 -7.767350569186892706e-01 -2.470103007009258334e-01 -9.411111902410018715e-01 3.307538741051159192e-01
1.589264477364289999e+09 8.694945569868688384e-01 -3.884564260064016783e-01 -3.050914955664595918e-01 -4.938790842362068001e-01 -6.936169800363300997e-01 -5.243843396194799444e-01 -7.916175341889031963e-03 6.066276373757595319e-01 -7.949466926334149974e-01 -2.597342028427012117e-01 -9.375611619830874766e-01 3.360683654065300674e-01
1.589264477364299059e+09 8.621114731032601952e-01 -3.989661514493560990e-01 -3.123936909475822366e-01 -5.061329783594346043e-01 -7.076339129265367678e-01 -4.930351447636951989e-01 -2.435603563614928413e-02 5.831640040352004117e-01 -8.119892415017997411e-01 -2.722982142385625970e-01 -9.337173230153739123e-01 3.415560537880952818e-01
1.589264477364309072e+09 8.543146071866832836e-01 -4.099554757458339083e-01 -3.195043975533162217e-01 -5.181240468846465275e-01 -7.203993774580474962e-01 -4.610555383864350931e-01 -4.115852647938042508e-02 5.594293924994181433e-01 -8.278555012166813887e-01 -2.846999053933255142e-01 -9.296011644773159999e-01 3.472128638016635516e-01
1.589264477364319086e+09 8.461200185645342264e-01 -4.213787685622776835e-01 -3.263753173751473002e-01 -5.297914805428610707e-01 -7.319266085257124521e-01 -4.284908719624294093e-01 -5.832582315479875601e-02 5.354655670207717488e-01 -8.425406371667677474e-01 -2.969374245168746040e-01 -9.252324759112021679e-01 3.530353967600229348e-01
1.589264477364330053e+09 8.375463391880482167e-01 -4.331897279520654509e-01 -3.329606425870061392e-01 -5.410746995726009034e-01 -7.422320580693136938e-01 -3.953855611115332236e-01 -7.585709931719945842e-02 5.113103088130165341e-01 -8.560417448779369387e-01 -3.090093066759687090e-01 -9.206294628451764384e-01 3.590208905566109610e-01
1.589264477364345074e+09 8.286141838959067973e-01 -4.453426641521817664e-01 -3.392174021697516584e-01 -5.519146930965310727e-01 -7.513341706924379082e-01 -3.617832721021521647e-01 -9.374809926601632148e-02 4.869978190532732176e-01 -8.683573103914706826e-01 -3.209143196691342514e-01 -9.158088817253272618e-01 3.651671794724946074e-01
1.589264477364361048e+09 8.193451457857540143e-01 -4.577938954544760186e-01 -3.451061888236366393e-01 -5.622557753397782188e-01 -7.592517994866010422e-01 -3.277272471923786124e-01 -1.119909617036984051e-01 4.625596767847361956e-01 -8.794865378721983262e-01 -3.326513436535719626e-01 -9.107861856998248351e-01 3.714726530282305705e-01
1.589264477364377975e+09 8.097604099552473400e-01 -4.705030971385137928e-01 -3.505922335914099519e-01 -5.720475504717182913e-01 -7.660024395869546865e-01 -2.932607423863827223e-01 -1.305744186315649924e-01 4.380263673060438290e-01 -8.894285936108892177e-01 -3.442192806040808017e-01 -9.055756749328216504e-01 3.779362136873325451e-01
1.589264477364394903e+09 7.998791824111768367e-01 -4.834343451320704532e-01 -3.556466331829828409e-01 -5.812466754682930059e-01 -7.716006274365512230e-01 -2.584275033262694587e-01 -1.494844344352976306e-01 4.134292031421576974e-01 -8.981818848316550641e-01 -3.556169876984245359e-01 -9.001906444501202031e-01 3.845572350458361655e-01
1.589264477364408016e+09 7.897171385594521364e-01 -4.965566893902179091e-01 -3.602475475138385286e-01 -5.898180898077882706e-01 -7.760567935413689167e-01 -2.232721984767752077e-01 -1.687052528544603636e-01 3.888024019262111830e-01 -9.057434682649752045e-01 -3.668432290651815197e-01 -8.946435248176635158e-01 3.913355219013997521e-01
1.589264477364418030e+09 7.792849349001739201e-01 -5.098442950990687006e-01 -3.643813732821740703e-01 -5.977356694998746667e-01 -7.793766181595802589e-01 -1.878407755322155093e-01 -1.882207745930686849e-01 3.641852305398785572e-01 -9.121085781074232957e-01 -3.778966412742932879e-01 -8.889460131744543192e-01 3.982712730322197636e-01
1.589264477364428043e+09 7.685867328461080117e-01 -5.232762635349283986e-01 -3.680440005166599193e-01 -6.049823932642415247e-01 -7.815608248626169097e-01 -1.521807522625905906e-01 -2.080161971576496849e-01 3.396242473411124063e-01 -9.172702070420676312e-01 -3.887757111497157081e-01 -8.831091954647204423e-01 4.053650450758268797e-01
1.589264477364437103e+09 7.576188603870475102e-01 -5.368361073741980682e-01 -3.712420455815687581e-01 -6.115498952161507740e-01 -7.826055166282631648e-01 -1.163414435315119344e-01 -2.280797851565750101e-01 3.151755058406896515e-01 -9.212187647404610491e-01 -3.994787642059215438e-01 -8.771436599623184671e-01 4.126177166927690321e-01
1.589264477364447117e+09 7.463687893777349869e-01 -5.505108541747119055e-01 -3.739938901654426551e-01 -6.174372857048933128e-01 -7.825031609725570103e-01 -8.037413618946212535e-02 -2.484045668212641611e-01 2.909065190432001402e-01 -9.239418643775446638e-01 -4.100039618233010663e-01 -8.710596018685251574e-01 4.200304527843853886e-01
1.589264477364456892e+09 7.348146873705962978e-01 -5.642897493790999253e-01 -3.763302461569668078e-01 -6.226491307056609692e-01 -7.812443374991555611e-01 -4.433221893681754677e-02 -2.689896570738351533e-01 2.668976661335089595e-01 -9.254243354206389549e-01 -4.203493065003849893e-01 -8.648669195187618230e-01 4.276046677908839633e-01
1.589264477364465952e+09 7.229253376395511355e-01 -5.781627876314359149e-01 -3.782945246754517710e-01 -6.271930164661794205e-01 -7.788199439168195237e-01 -8.271368225911845951e-03 -2.898411231257477794e-01 2.432432656213008304e-01 -9.256483335824869929e-01 -4.305126551380844546e-01 -8.585753027209575006e-01 4.353419868792679503e-01
1.589264477364475965e+09 7.106605508796826065e-01 -5.921190786599688227e-01 -3.799428619051733458e-01 -6.310767607353768849e-01 -7.752238706540950375e-01 2.775018750745209678e-02 -3.109721914356968209e-01 2.200521469274427933e-01 -9.245936129864017472e-01 -4.404917409727691635e-01 -8.521943136175136324e-01 4.432442035368224786e-01
1.589264477364485979e+09 6.979721991437130013e-01 -6.061450768298799474e-01 -3.813436183546616287e-01 -6.343053902454789394e-01 -7.704561206221502978e-01 6.367133248384998501e-02 -3.324025894820326066e-01 1.974474926175740774e-01 -9.222380422394300670e-01 -4.502842050619084158e-01 -8.457334600107185851e-01 4.513132320949310161e-01
1.589264477364495039e+09 6.848060021167347022e-01 -6.202227420031478644e-01 -3.825761231041858723e-01 -6.368780708423360526e-01 -7.645262934911607466e-01 9.942771203081866849e-02 -3.541568334996517686e-01 1.755656491758909310e-01 -9.185584578587757676e-01 -4.598876376859563631e-01 -8.392022603193264318e-01 4.595510544141786502e-01
1.589264477364505053e+09 6.711040093689539798e-01 -6.343277916634453284e-01 -3.837286300691274965e-01 -6.387853527884719274e-01 -7.574571822660558507e-01 1.349514378409729654e-01 -3.762614543696687908e-01 1.545537772496044515e-01 -9.135318540053465330e-01 -4.692996290629801726e-01 -8.326102987152602664e-01 4.679596609970894661e-01
1.589264477364514112e+09 6.568077247612074121e-01 -6.484282159831562531e-01 -3.848953904807705384e-01 -6.400070579309845575e-01 -7.492881963015436408e-01 1.701709880108130957e-01 -3.987412429987156059e-01 1.345661469406231603e-01 -9.071369100738533309e-01 -4.785178280875979628e-01 -8.259672688506574101e-01 4.765409875319091548e-01
1.589264477364522934e+09 6.418614772222326348e-01 -6.624832835393766883e-01 -3.861732037459576494e-01 -6.405112537988676413e-01 -7.400781491319299299e-01 2.050113836188882099e-01 -4.216149643854898432e-01 1.157593733038322359e-01 -8.993556525020958148e-01 -4.875400064974811376e-01 -8.192830045806321904e-01 4.852968491140268736e-01
1.589264477364532948e+09 6.262157645388379823e-01 -6.764431768063914330e-01 -3.876576389000395695e-01 -6.402544958477771608e-01 -7.299070743289234331e-01 2.393947448674924039e-01 -4.448909947070822657e-01 9.828678289992737183e-02 -8.901751016090428958e-01 -4.963641251321891934e-01 -8.125674966487278494e-01 4.942288750697351185e-01
1.589264477364542007e+09 6.098301602477521621e-01 -6.902493335401956864e-01 -3.894393834757271522e-01 -6.391834051524570848e-01 -7.188767696679889685e-01 2.732412214295249497e-01 -4.685634968866175254e-01 8.229245331011372788e-02 -8.795886549419177358e-01 -5.049883983998401105e-01 -8.058308951297071809e-01 5.033384477663509493e-01
1.589264477364554882e+09 5.926755012010319623e-01 -7.038354503323092093e-01 -3.916010844393293944e-01 -6.372373950726123448e-01 -7.071099682088213267e-01 3.064702198577576864e-01 -4.926096354973485414e-01 6.790546373049004270e-02 -8.675970236230994281e-01 -5.134113523257018974e-01 -7.990834984227572768e-01 5.126266493671857161e-01
1.589264477364563942e+09 5.747352502716013278e-01 -7.171290226337274643e-01 -3.942148617113163667e-01 -6.343521798567715031e-01 -6.947482174765357010e-01 3.390018092916466941e-01 -5.169881085641565566e-01 5.523476708654620482e-02 -8.542086492755124327e-01 -5.216318729154358902e-01 -7.923357308408746080e-01 5.220942191731239301e-01
1.589264477364573002e+09 5.560060026341810957e-01 -7.300532386201143975e-01 -3.973406523595076068e-01 -6.304636406661079384e-01 -6.819486842504637325e-01 3.707581291434750015e-01 -5.416391079179441181e-01 4.436508887724550931e-02 -8.394395845155935287e-01 -5.296492419749070368e-01 -7.855981116476953297e-01 5.317415237245176618e-01
1.589264477364588022e+09 5.364970934308682660e-01 -7.425289446804218541e-01 -4.010257289182917462e-01 -6.255116219737744121e-01 -6.688802823895539929e-01 4.016645106118786890e-01 -5.664857278979120725e-01 3.535441160768261482e-02 -8.233128117895359699e-01 -5.374631589357703465e-01 -7.788812189741246561e-01 5.415685404984726947e-01
1.589264477364604950e+09 5.162296467202673877e-01 -7.544765057060085489e-01 -4.053050140167984150e-01 -6.194432580253381726e-01 -6.557195372362453201e-01 4.316502508426358631e-01 -5.914363890839564597e-01 2.823280181468301384e-02 -8.058572497396597756e-01 -5.450737494289585872e-01 -7.721956520318083994e-01 5.515748540623999219e-01
1.589264477364618063e+09 4.952353186815689479e-01 -7.658174544824308816e-01 -4.102019085070824911e-01 -6.122156153651882038e-01 -6.426464958720952136e-01 4.606490227116657454e-01 -6.163878809925471547e-01 2.300234821567219423e-02 -7.871066462246569806e-01 -5.524815628246482202e-01 -7.655519944212845207e-01 5.617596622777412119e-01
1.589264477364629030e+09 4.735548818129522441e-01 -7.764758292483099344e-01 -4.157295523615182620e-01 -6.037975620043267710e-01 -6.298409575598574728e-01 4.885988874082551336e-01 -6.412287255201009062e-01 1.963810172690642203e-02 -7.670984727643351819e-01 -5.596875614944445410e-01 -7.589607804663092150e-01 5.721217897574052413e-01
1.589264477364640951e+09 4.512368418929751934e-01 -7.863792174332406848e-01 -4.218922126680891282e-01 -5.941708832898948689e-01 -6.174791425732876204e-01 5.154420146013860560e-01 -6.658425297128838238e-01 1.808964174505596489e-02 -7.458729723458464855e-01 -5.666931038893087136e-01 -7.524324658581591496e-01 5.826597064521126246e-01
1.589264477364650965e+09 4.283361718639932536e-01 -7.954595292278239249e-01 -4.286866704668883532e-01 -5.833307302727408494e-01 -6.057308543768051834e-01 5.411241924496522637e-01 -6.901111384406022342e-01 1.828304338331953466e-02 -7.234724233264212545e-01 -5.734999230553479155e-01 -7.459774034506937435e-01 5.933715497243979842e-01
1.589264477364660978e+09 4.049131949807439623e-01 -8.036534991480215329e-01 -4.361036092949303611e-01 -5.712855018661235906e-01 -5.947571885170518380e-01 5.655941677066121942e-01 -7.139174884376984220e-01 2.012312773140323072e-02 -6.999406259262703767e-01 -5.801101027636718088e-01 -7.396058243599029636e-01 6.042551478539915921e-01
1.589264477364671946e+09 3.810326573272749262e-01 -8.109029641409600808e-01 -4.441289193465770002e-01 -5.580562841468774682e-01 -5.847087568439079952e-01 5.888028990019522624e-01 -7.371480842984946547e-01 2.349580110179258496e-02 -6.753226262569536065e-01 -5.865260526748710124e-01 -7.333278242479122078e-01 6.153080436493675309e-01
