1.583561770518284082e+09 -1.846104379337554502e-01 8.925368289311762238e-02 9.787506150669949001e-01 2.681265206279568880e-01 -9.535170219592353780e-01 1.375262076204454287e-01 9.455300922334594071e-01 2.878177704054066255e-01 1.520979155476448186e-01 -3.602540319747985637e-02 1.595102440061348270e+00 1.600372142729668212e+00
1.583561770518326998e+09 -2.056591978930656928e-01 8.530373173640451445e-02 9.748987474976882339e-01 2.748534761720348163e-01 -9.510616473308941554e-01 1.411995383314248453e-01 9.392336563047125608e-01 2.969932934702942950e-01 1.721485483323910437e-01 -4.187680782237841737e-02 1.594440748474190928e+00 1.595371970880238743e+00
1.583561770518347979e+09 -2.265643863821009130e-01 8.207690233225324594e-02 9.705317929503585184e-01 2.817001832922858551e-01 -9.483356089114035603e-01 1.459608838583230650e-01 9.323698760338792191e-01 3.064685220604883020e-01 1.917379968798809398e-01 -4.774379925566508281e-02 1.593815113754768031e+00 1.590385440715275100e+00
1.583561770518367052e+09 -2.473010470122392057e-01 7.954770939934903418e-02 9.656678281270312247e-01 2.885754481121062809e-01 -9.453508140639165225e-01 1.517763127412378732e-01 9.249683254445223435e-01 3.162024672891142751e-01 2.108307302194969979e-01 -5.361536557967944844e-02 1.593201864875544604e+00 1.585402758196415851e+00
1.583561770518385887e+09 -2.678479805005563041e-01 7.769383092917027389e-02 9.603234497735991804e-01 2.953958414614282213e-01 -9.421166896391894863e-01 1.586109705083366128e-01 9.170598433993213394e-01 3.261591816628444107e-01 2.293936181463358259e-01 -5.948244246141554809e-02 1.592574259834816708e+00 1.580416576175412535e+00
1.583561770518404007e+09 -2.881867808220235361e-01 7.649594075358567835e-02 9.545138818375187295e-01 3.020847855541430871e-01 -9.386405518351651489e-01 1.664292546531802031e-01 9.086765991750335170e-01 3.363068324401354281e-01 2.473955391192860509e-01 -6.533809746998457679e-02 1.591902993332769300e+00 1.575422660269667041e+00
1.583561770518434048e+09 -3.083011389975017225e-01 7.593685425775041631e-02 9.482531318573206303e-01 3.085718122967430754e-01 -9.349280173248797343e-01 1.751942895696060043e-01 8.998521237111398730e-01 3.466167864334544491e-01 2.648073998803973650e-01 -7.117762346905173731e-02 1.591156847841973532e+00 1.570420491401834040e+00
1.583561770518456936e+09 -3.281764125494649464e-01 7.600022457682897858e-02 9.415541451964573039e-01 3.147921394192357281e-01 -9.309834028481965840e-01 1.848670133024815365e-01 8.906212165742248832e-01 3.570628369650226119e-01 2.816025199980560223e-01 -7.699853014115828898e-02 1.590303463728157896e+00 1.565413768777303094e+00
1.583561770518467903e+09 -3.477994586681661948e-01 7.666884783339290854e-02 9.344289296445332793e-01 3.206866224523577946e-01 -9.268101053260684452e-01 1.954050124179683157e-01 8.810196518494635143e-01 3.676206148994950462e-01 2.977573790631699024e-01 -8.280042943396975774e-02 1.589310194720307212e+00 1.560410782504396243e+00
1.583561770518477917e+09 -3.671587159855618787e-01 7.792272068813116404e-02 9.268886271394161103e-01 3.262020889059491502e-01 -9.224109475511347300e-01 2.067613142493232858e-01 8.710836209537594632e-01 3.782672249958767274e-01 3.132526648563554450e-01 -8.858481787374401784e-02 1.588145007937168840e+00 1.555424633637881859e+00
1.583561770518488884e+09 -3.863180855877423325e-01 7.974330042689257991e-02 9.189120431406080369e-01 3.313111741788919984e-01 -9.177703968085574315e-01 2.189301364475917389e-01 8.608084820889962963e-01 3.890224991543247968e-01 3.281314562107142119e-01 -9.435476564069043837e-02 1.586777384926194800e+00 1.550473290338073573e+00
1.583561770518497944e+09 -4.048868612479372686e-01 8.349005979146664758e-02 9.105471101205084850e-01 3.356240230003673664e-01 -9.127429151919999040e-01 2.329310756227105372e-01 8.505428531225883715e-01 3.999122163102222238e-01 3.415363443142403477e-01 -1.001213529815904585e-01 1.585326608190351427e+00 1.545541738076517957e+00
1.583561770518507957e+09 -4.226846120963316800e-01 8.928707321560136467e-02 9.018678048902531996e-01 3.389796799439501740e-01 -9.073264921151771301e-01 2.486994437668862412e-01 8.404941971875669049e-01 4.108362877547319658e-01 3.532464428660829769e-01 -1.058873944972402170e-01 1.583795448008398665e+00 1.540633907176527595e+00
1.583561770518517017e+09 -4.395094262861710677e-01 9.721726884478248953e-02 8.929615148974565653e-01 3.412330352737467654e-01 -9.015262696065130532e-01 2.661022376571171022e-01 8.308979961868413477e-01 4.216624099012435400e-01 3.630555498110031865e-01 -1.116556551035483985e-01 1.582185430594963194e+00 1.535753998989688451e+00
1.583561770518526077e+09 -4.551459256999175196e-01 1.073119180661436384e-01 8.839266591769529002e-01 3.422665677275132934e-01 -8.953570815222796631e-01 2.849373496451941268e-01 8.220071673402180590e-01 4.322266175140060951e-01 3.707888458318482905e-01 -1.174289845946926147e-01 1.580496777501862349e+00 1.530906772182162090e+00
1.583561770518534899e+09 -4.693764573145523533e-01 1.195422047364373963e-01 8.748687917908549716e-01 3.420008136206313387e-01 -8.888461880983572483e-01 3.049391700400916894e-01 8.140768913473314106e-01 4.423371059175076336e-01 3.763199435884191923e-01 -1.232104660617245884e-01 1.578728409835786550e+00 1.526097839010489787e+00
1.583561770518543959e+09 -4.819947286894432081e-01 1.338147305760341299e-01 8.658953167909223536e-01 3.404016177020513512e-01 -8.820355906084518249e-01 3.257912761335391982e-01 8.073461589713357700e-01 4.517818443295069653e-01 3.795857544324631183e-01 -1.290035669856609835e-01 1.576878023484612701e+00 1.521333960082343673e+00
1.583561770518553019e+09 -4.928205429266570570e-01 1.499723796894104066e-01 8.571092101032217192e-01 3.374825392662617607e-01 -8.749831510769214837e-01 3.471455329696628844e-01 8.020183591318904570e-01 4.603398426707175917e-01 3.805966120512522810e-01 -1.348122799012292372e-01 1.574942238267903916e+00 1.516623325277488998e+00
1.583561770518563986e+09 -5.017138632802695675e-01 1.678011952804752960e-01 8.486023559352338097e-01 3.333016381163471653e-01 -8.677617481324721993e-01 3.686455839229995646e-01 7.982438334535120195e-01 4.677951554178105265e-01 3.794396858008802220e-01 -1.406412383782053577e-01 1.572916820101150748e+00 1.511975808227628892e+00
1.583561770518573999e+09 -5.085862334819940545e-01 1.870430085688182531e-01 8.404492586123937237e-01 3.279530036581446151e-01 -8.604559628919266068e-01 3.899517449047026352e-01 7.961073236253720653e-01 4.739519479491159371e-01 3.762747407744614359e-01 -1.464957939736181713e-01 1.570796970907656132e+00 1.507403182222571303e+00
1.583561770518583059e+09 -5.134077717155837162e-01 2.074125174497300772e-01 8.327019321409092623e-01 3.215545481589437982e-01 -8.531563063387801460e-01 4.107639097481192714e-01 7.956224812853649464e-01 4.786484771298818441e-01 3.713226398351797131e-01 -1.523820410349895349e-01 1.568577676305850543e+00 1.502919286883949157e+00
1.583561770518591881e+09 -5.162087614887773679e-01 2.286165346729576164e-01 8.253865729949512176e-01 3.142344654100836521e-01 -8.459515734750916449e-01 4.308394551597494737e-01 7.967340933696942518e-01 4.817680100547169220e-01 3.648484194701850369e-01 -1.583067786304368230e-01 1.566254097298992232e+00 1.498540136803339751e+00
1.583561770518601894e+09 -5.170758421036490970e-01 2.503728068107705096e-01 8.185023099335136942e-01 3.061189256296737438e-01 -8.389203481240633531e-01 4.500042809947798483e-01 7.993270776795584620e-01 4.832453902725936112e-01 3.571415908405913275e-01 -1.642774020540127278e-01 1.563821989892347997e+00 1.494283964826017774e+00
1.583561770518610954e+09 -5.161436492707056622e-01 2.724261189098151625e-01 8.120220091212140279e-01 2.973230501175556650e-01 -8.321228671329645721e-01 4.681565314102776321e-01 8.032401492795052667e-01 4.830688810515190723e-01 3.484963686821914708e-01 -1.703017202515579864e-01 1.561278134942531537e+00 1.490171194147666300e+00
1.583561770518620014e+09 -5.135832826628443648e-01 2.945601209577574098e-01 8.058948735130452290e-01 2.879462563985827894e-01 -8.255943657664901458e-01 4.852637393001484889e-01 8.082816126970758797e-01 4.812777560512191966e-01 3.391939804090274846e-01 -1.763876999629497289e-01 1.558620759598432270e+00 1.486224334936061764e+00
1.583561770518630028e+09 -5.095892072008498808e-01 3.166041612279045236e-01 8.000504016882832303e-01 2.780720653122027430e-01 -8.193406982987320175e-01 5.013549108598082116e-01 8.142449058034859632e-01 4.779567190882759165e-01 3.294884038794773096e-01 -1.825431420402778837e-01 1.555849931649557538e+00 1.482467802530659906e+00
1.583561770518640041e+09 -5.043660417070939816e-01 3.384352093536736605e-01 7.944032384667449875e-01 2.677716309321001020e-01 -8.133366351137948369e-01 5.165093142322093600e-01 8.209221947729278268e-01 4.732284090921524689e-01 3.195960312596387021e-01 -1.887753004409553625e-01 1.552967908170733491e+00 1.478927656666717549e+00
1.583561770518649101e+09 -4.981162718861540384e-01 3.599754908697460065e-01 7.888585588680163685e-01 2.571097057779006545e-01 -8.075269513810966471e-01 5.308435005035360144e-01 8.281151967617462750e-01 4.672449773831689468e-01 3.096891219304588883e-01 -1.950904589750679374e-01 1.549979421211691744e+00 1.475631263367171542e+00
1.583561770518657923e+09 -4.910296461304923810e-01 3.811867217146022724e-01 7.833176686718084092e-01 2.461515857628042980e-01 -8.018301378582081140e-01 5.444977749152315472e-01 8.356430360379274447e-01 4.601794360218843249e-01 2.998926528334730501e-01 -2.014934847389042716e-01 1.546891885519131593e+00 1.472606883296102342e+00
1.583561770518667936e+09 -4.832747650109315285e-01 4.020619636174873612e-01 7.776835340674755903e-01 2.349696485055352557e-01 -7.961443385147267682e-01 5.576230416428535897e-01 8.433473578642481927e-01 4.522171710502648767e-01 2.902841098480756776e-01 -2.079873794534494724e-01 1.543715516758085382e+00 1.469883190338304058e+00
1.583561770518676996e+09 -4.749931598450862213e-01 4.226161603701269476e-01 7.718659723931291516e-01 2.236483227120960315e-01 -7.903549578097661676e-01 5.703687127222908382e-01 8.510951333903490346e-01 4.435477672046969078e-01 2.808958033979760960e-01 -2.145728520874340683e-01 1.540463351109196299e+00 1.467488726060898196e+00
1.583561770518686056e+09 -4.662959759395176595e-01 4.428763897129319727e-01 7.657862407365721991e-01 2.122866474752021781e-01 -7.843432659334943491e-01 5.828722162939432572e-01 8.587796238611504762e-01 4.343571626615673198e-01 2.717193646487057745e-01 -2.212479375812341220e-01 1.537151159607930362e+00 1.465451298392444812e+00
1.583561770518695116e+09 -4.572632169254011725e-01 4.628727903464668336e-01 7.593807547257888091e-01 2.009979558443817926e-01 -7.779952533894782807e-01 5.952505417794391462e-01 8.663199018991637468e-01 4.248201570067088872e-01 2.627121276489177149e-01 -2.280076870995225991e-01 1.533797253311815378e+00 1.463797336663842152e+00
1.583561770518703938e+09 -4.479453745734116588e-01 4.826310144089434595e-01 7.526036444057918606e-01 1.899066816957798165e-01 -7.712098945530828642e-01 6.075942320575592470e-01 8.736591977877413706e-01 4.150934865979939992e-01 2.538050506676418627e-01 -2.348439548264513732e-01 1.530422178641119402e+00 1.462551220728779633e+00
1.583561770518712997e+09 -4.383670984187700848e-01 5.021668701541693869e-01 7.454278783272554332e-01 1.791428052254050163e-01 -7.639059456825104677e-01 6.199641614849817906e-01 8.807622508905258440e-01 4.053099318001033291e-01 2.449116510704486827e-01 -2.417453044682315033e-01 1.527048306694241520e+00 1.461734610909908083e+00
1.583561770518722057e+09 -4.285323413181517105e-01 5.214834950591060725e-01 7.378448326506882315e-01 1.688348280667861523e-01 -7.560265805914254678e-01 6.323911845604667237e-01 8.876118709831408715e-01 3.955739803992110448e-01 2.359372644592960533e-01 -2.486970532964134506e-01 1.523699326934756071e+00 1.461365811253903635e+00
1.583561770518732071e+09 -4.184302791466331661e-01 5.405710134880682416e-01 7.298623713507590427e-01 1.591024134797145995e-01 -7.475414507711570788e-01 6.448784392757898054e-01 8.942049674166409057e-01 3.859595301422267255e-01 2.267878250246223026e-01 -2.556814635392836155e-01 1.520399663012470537e+00 1.461459202594761475e+00
1.583561770518740892e+09 -4.080412658665849013e-01 5.594082567306787324e-01 7.215017171812815322e-01 1.500498611828691431e-01 -7.384461282559009465e-01 6.574057764134461079e-01 9.005483689084122778e-01 3.765099176929495028e-01 2.173773616889522198e-01 -2.626780804858162566e-01 1.517173836070675463e+00 1.462024783911448189e+00
1.583561770518750906e+09 -3.973421648559030128e-01 5.779658440847195155e-01 7.127935797571847143e-01 1.417613779791444539e-01 -7.287592832112280705e-01 6.699355333804933865e-01 9.066547942717027020e-01 3.672402352197817743e-01 2.076335567760152767e-01 -2.696642043801874555e-01 1.514045807381712239e+00 1.463067856215586326e+00
1.583561770518759966e+09 -3.863105850986800482e-01 5.962098130062984946e-01 7.037741050647643437e-01 1.342986739027670351e-01 -7.185182762485292640e-01 6.824187518845707956e-01 9.125393132701817844e-01 3.581415163520266232e-01 1.975010284556996121e-01 -2.766154713966513246e-01 1.511038335420664680e+00 1.464588872206626258e+00
1.583561770518769026e+09 -3.749277791875922916e-01 6.141050630427515866e-01 6.944811964212695976e-01 1.277010334231492017e-01 -7.077739687867636853e-01 6.948010184285771107e-01 9.182165358406477740e-01 3.491861692849913545e-01 1.869422711119043401e-01 -2.835065102278823690e-01 1.508172381504208515e+00 1.466583460472045797e+00
1.583561770518778086e+09 -3.631802258579922005e-01 6.316180915559235221e-01 6.849516115821544515e-01 1.219873802270963065e-01 -6.965856048807004264e-01 7.070272796556108519e-01 9.236986536995029917e-01 3.403337797851291868e-01 1.759366810261464020e-01 -2.903116361781784005e-01 1.505466593714178902e+00 1.469042619598075916e+00
1.583561770518788099e+09 -3.510601001360424411e-01 6.487187891064405409e-01 6.752190303869888277e-01 1.171596848135140340e-01 -6.850163756052772834e-01 7.190453208566915944e-01 9.289943027716567325e-01 3.315365711157967077e-01 1.644782285598518357e-01 -2.970055437695865996e-01 1.502936892373233357e+00 1.471953066754893014e+00
1.583561770518796921e+09 -3.385649520976291016e-01 6.653813170270663768e-01 6.653130664630424462e-01 1.132069260269012029e-01 -6.731300198337135665e-01 7.308078874349256404e-01 9.341081122365406664e-01 3.227439844955131698e-01 1.525724593937238249e-01 -3.035639609385109572e-01 1.500596172969134612e+00 1.475297717301265799e+00
1.583561770518805981e+09 -3.256968978187788077e-01 6.815842390320399069e-01 6.552590755558744817e-01 1.101090431245391604e-01 -6.609885327653072240e-01 7.422736410609362956e-01 9.390407497063070208e-01 3.139061720285063473e-01 1.402333262567409533e-01 -3.099642328164239902e-01 1.498454134061257381e+00 1.479056264836200230e+00
1.583561770518815041e+09 -3.124616039829601899e-01 6.973101494373649123e-01 6.450785237256281279e-01 1.078404204186041992e-01 -6.486508814387546007e-01 7.534072456325067169e-01 9.437892720284620784e-01 3.049763756189393105e-01 1.274802751719807392e-01 -3.161858101509876229e-01 1.496517229445818220e+00 1.483205827023490464e+00
1.583561770518824100e+09 -2.988672917458757849e-01 7.125450443601538675e-01 6.347896517164343111e-01 1.063726278901285793e-01 -6.361725048053077369e-01 7.641789111225091302e-01 9.483476188592642186e-01 2.959123249821261070e-01 1.143358647461030497e-01 -3.222106257047163691e-01 1.494788736458105172e+00 1.487721621516132631e+00
1.583561770518834114e+09 -2.849239178636347458e-01 7.272776418081846606e-01 6.244081942120575102e-01 1.056763172546359292e-01 -6.236053220792857621e-01 7.745636954342635105e-01 9.527071308837055108e-01 2.866768811615605927e-01 1.008240487702274646e-01 -3.280233510137228747e-01 1.493268925858007856e+00 1.492577637433150084e+00
1.583561770518842936e+09 -2.706426210581645564e-01 7.414987945485961296e-01 6.139479697773628786e-01 1.057223185610682292e-01 -6.109979780362346791e-01 7.845407970479290061e-01 9.568570234161916099e-01 2.772381804768380142e-01 8.696912247804283735e-02 -3.336115334673775412e-01 1.491955315119796177e+00 1.497747273209249386e+00
1.583561770518851995e+09 -2.560354307816758435e-01 7.552010574690206646e-01 6.034212634852326174e-01 1.064821300006442012e-01 -5.983961205157565244e-01 7.940929662080585816e-01 9.607847908929195713e-01 2.675695161038221248e-01 7.279519132757328315e-02 -3.389656209922576324e-01 1.490842984123525783e+00 1.503203916581806299e+00
1.583561770518862009e+09 -2.411151953377516921e-01 7.683784200854020252e-01 5.928389885696614403e-01 1.079280049923998924e-01 -5.858425848813693104e-01 8.032060828434822719e-01 9.644765463980494724e-01 2.576491208762216600e-01 5.832599934338135450e-02 -3.440788860758855483e-01 1.489924932411796021e+00 1.508921450281242027e+00
1.583561770518871069e+09 -2.258956620170937957e-01 7.810261812186616304e-01 5.822106615108080252e-01 1.100328220943757596e-01 -5.733774334069794421e-01 8.118688914846208249e-01 9.679173147434854130e-01 2.474599428498330256e-01 4.358496006790482658e-02 -3.489472631114837187e-01 1.489192458849948109e+00 1.514874674440143121e+00
1.583561770518879890e+09 -2.103916475984327628e-01 7.931409350363332056e-01 5.715442345387690137e-01 1.127698626932917697e-01 -5.610378420338872907e-01 8.200728613440331216e-01 9.710912999947537427e-01 2.369894452988281497e-01 2.859528162224879780e-02 -3.535691155675786401e-01 1.488635545601189270e+00 1.521039641420906419e+00
1.583561770518889904e+09 -1.946192077668279230e-01 8.047206092611756123e-01 5.608458836815457538e-01 1.161126314405976356e-01 -5.488578942305641917e-01 8.278120975194946940e-01 9.739821461529998281e-01 2.262294259842012045e-01 1.338006104836322700e-02 -3.579449524957959983e-01 1.488243229185866712e+00 1.527393902147008653e+00
1.583561770518898964e+09 -1.785957681602514946e-01 8.157645257657674120e-01 5.501197963547590497e-01 1.200347448897309544e-01 -5.368683287793424297e-01 8.350832638796131802e-01 9.765731984092368423e-01 2.151758264033056256e-01 -2.037675148400580963e-03 -3.620771139133959204e-01 1.488003944541942181e+00 1.533916668066958033e+00
1.583561770518908024e+09 -1.623402337283364749e-01 8.262734908476192519e-01 5.393679329358739283e-01 1.245098349419977712e-01 -5.250962376615561089e-01 8.418855279877958120e-01 9.788477663827783726e-01 2.038285056880683455e-01 -1.763492999751898119e-02 -3.659694432150722432e-01 1.487905831660809808e+00 1.540588896842960409e+00
1.583561770518917084e+09 -1.458730099077800435e-01 8.362498605419675934e-01 5.285898560963721016e-01 1.295115359818597711e-01 -5.135648034045342536e-01 8.482204635533004966e-01 9.807893898615125394e-01 1.921909562509876990e-01 -3.338876023478049709e-02 -3.696269635309852308e-01 1.487936997489017754e+00 1.547393311894998069e+00
1.583561770518925905e+09 -1.292159127213413083e-01 8.456975498667839153e-01 5.177826786335251175e-01 1.350135625259605288e-01 -5.022931425484150614e-01 8.540918785012421299e-01 9.823820977962238743e-01 1.802699456850428705e-01 -4.927637214532905319e-02 -3.730555714794698829e-01 1.488085729791153389e+00 1.554314367927829066e+00
1.583561770518937111e+09 -1.123920062837778788e-01 8.546220000188365917e-01 5.069410954453290596e-01 1.409898130848114828e-01 -4.912962465323491568e-01 8.595055967173393929e-01 9.836106494780699760e-01 1.680750887195646692e-01 -6.527522519947949464e-02 -3.762617575160860928e-01 1.488340663305597111e+00 1.561338175326573596e+00
1.583561770518945932e+09 -9.542539811504684166e-02 8.630301154161423849e-01 4.960574699804289889e-01 1.474144600367280067e-01 -4.805850029245496979e-01 8.644692197961619806e-01 9.844607511747043294e-01 1.556183635425694156e-01 -8.136310321314180194e-02 -3.792523582930666382e-01 1.488690901124137378e+00 1.568452395651891207e+00
1.583561770518954992e+09 -7.834101406778198884e-02 8.709301791115464653e-01 4.851219525764224882e-01 1.542620038234555624e-01 -4.701662780515170059e-01 8.689918901799085216e-01 9.849192453840592831e-01 1.429135903979688593e-01 -9.751813160258875068e-02 -3.820343438993348273e-01 1.489126095648967363e+00 1.575646118762156656e+00
1.583561770518965006e+09 -6.116436557824440207e-02 8.783317502719967251e-01 4.741226182028668856e-01 1.615072846674570350e-01 -4.600430466190922885e-01 8.730840694318406925e-01 9.849742725672138155e-01 1.299758898704918009e-01 -1.137187349237790412e-01 -3.846146398925512910e-01 1.489636494678800549e+00 1.582909730521737668e+00
1.583561770518973112e+09 -4.392131299428772562e-02 8.852455413264083139e-01 4.630456241781925053e-01 1.691254575670949334e-01 -4.502145642609705622e-01 8.767573357371580833e-01 9.846154061885983300e-01 1.168211364288166965e-01 -1.299435424295660169e-01 -3.869999830975288657e-01 1.490212958174915725e+00 1.590234777825978663e+00
1.583561770518981934e+09 -2.663782954348098420e-02 8.916832741880951207e-01 4.518753863781593827e-01 1.770919352629893306e-01 -4.406765767869919026e-01 8.800242048801852901e-01 9.838337627557458553e-01 1.034654214378798454e-01 -1.461712491160819805e-01 -3.891968104529162642e-01 1.490846950810086780e+00 1.597613835576630947e+00
1.583561770518991947e+09 -9.339720800287274957e-03 8.976574654194833247e-01 4.405948758622165173e-01 1.853823774205687058e-01 -4.314216627754483557e-01 8.828979120310909146e-01 9.826220758730520588e-01 8.992454556334232574e-02 -1.623805171557328730e-01 -3.912111792913917085e-01 1.491530515453945327e+00 1.605040379048498833e+00
1.583561770519001007e+09 7.947721680384581613e-03 9.031811047341657961e-01 4.291861204830175192e-01 1.939727902687211070e-01 -4.224397976130362942e-01 8.853921018774215668e-01 9.809747145522549339e-01 7.621357933455261136e-02 -1.785499929256249008e-01 -3.930487154018583729e-01 1.492256232915190495e+00 1.612508664366391065e+00
1.583561770519011021e+09 2.520004792649628220e-02 9.082673030057289987e-01 4.176307748708203982e-01 2.028396510763107730e-01 -4.137190082808310243e-01 8.875205114121369476e-01 9.788876512505001459e-01 6.234652123420494213e-02 -1.946583616464364619e-01 -3.947145838230644577e-01 1.493017172858860597e+00 1.620013618942307332e+00
1.583561770519020081e+09 4.239400857951269169e-02 9.129288510981992122e-01 4.059109029246230071e-01 2.119601838879708322e-01 -4.052462635148869063e-01 8.892965458115168476e-01 9.763583505645886396e-01 4.833610423760661273e-02 -2.106845807113801872e-01 -3.962134782821061241e-01 1.493806839713087919e+00 1.627550742534375372e+00
1.583561770519028902e+09 5.950793552950847665e-02 9.171776864649806571e-01 3.940100218316304748e-01 2.213128563263909998e-01 -3.970086578574930081e-01 8.907327013474587440e-01 9.733855482117823588e-01 3.419381919182763740e-02 -2.266083791503029354e-01 -3.975496266439564885e-01 1.494619116449964702e+00 1.635116018764682932e+00
1.583561770519037962e+09 7.652207033554719873e-02 9.210243417214974970e-01 3.819143031519559028e-01 2.308780696316336256e-01 -3.889947932697578881e-01 8.918398778991012410e-01 9.699689118461245485e-01 1.993020321706492556e-02 -2.424110090143896945e-01 -3.987268092187448709e-01 1.495448208742173435e+00 1.642705836782295092e+00
1.583561770519047022e+09 9.341873806545084036e-02 9.244775017350457258e-01 3.696137015966637906e-01 2.406389205775334716e-01 -3.811961263539100364e-01 8.926266986792118496e-01 9.661086116550378078e-01 5.555382434430988781e-03 -2.580761291781662470e-01 -3.997483853311422086e-01 1.496288591552902503e+00 1.650316922733898517e+00
1.583561770519056082e+09 1.101823058997835891e-01 9.275437632157403911e-01 3.571028241699992778e-01 2.505819227530962090e-01 -3.736080804965301039e-01 8.930989319308105800e-01 9.618048449075510264e-01 -8.920187409597121406e-03 -2.735906994189356012e-01 -4.006173243782397697e-01 1.497134959339763594e+00 1.657946280301038966e+00
1.583561770519064903e+09 1.267989342749977766e-01 9.302276025960093397e-01 3.443815295267823595e-01 2.606976835879492027e-01 -3.662308980835101146e-01 8.932590033689659093e-01 9.570573380259800311e-01 -2.348482263412436655e-02 -2.889458687645002355e-01 -4.013362387204945647e-01 1.497982180355282855e+00 1.665591139299453349e+00
1.583561770519074917e+09 1.432561421778198174e-01 9.325315206515844002e-01 3.314553378112536364e-01 2.709815886691437914e-01 -3.590703011777576781e-01 8.931055354510778477e-01 9.518648310345673158e-01 -3.812455954651438467e-02 -3.041378990499570278e-01 -4.019074185428564427e-01 1.498825255124474287e+00 1.673248911098816016e+00
1.583561770519084930e+09 1.595421645104819763e-01 9.344563886761083626e-01 3.183356022340518843e-01 2.814344182113861503e-01 -3.521378913510855302e-01 8.926329445856928668e-01 9.462245855070817724e-01 -5.282199707455569049e-02 -3.191690314654755389e-01 -4.023328682932855727e-01 1.499659279219530017e+00 1.680917149925724496e+00
1.583561770519093990e+09 1.756450921541733157e-01 9.360020159613394730e-01 3.050393875591488890e-01 2.920627806982128427e-01 -3.454512022086893563e-01 8.918311494124286920e-01 9.401319768843827696e-01 -6.755511266381200586e-02 -3.340481597495259525e-01 -4.026143439885322417e-01 1.500479410379399470e+00 1.688593519295556789e+00
1.583561770519103050e+09 1.915518129593310193e-01 9.371679525225757867e-01 2.915889777763155388e-01 3.028791875091529362e-01 -3.390332825652221382e-01 8.906854838413728048e-01 9.335802595128545045e-01 -8.229618652278117286e-02 -3.487911079304080175e-01 -4.027533915515342788e-01 1.501280840025228880e+00 1.696275762892789363e+00
1.583561770519112110e+09 2.072468334065487305e-01 9.379544126803198711e-01 2.780112767865263179e-01 3.139019070425105307e-01 -3.329120429947819981e-01 8.891766778447409703e-01 9.265604907522083655e-01 -9.701078085120638794e-02 -3.634206455545264114e-01 -4.027513866352141481e-01 1.502058769339465361e+00 1.703961679386758465e+00
1.583561770519120932e+09 2.227110233729011346e-01 9.383633064422044479e-01 2.643371056719974743e-01 3.251545005855533965e-01 -3.271193254761808333e-01 8.872809575821305472e-01 9.190616687908518267e-01 -1.116568504925663230e-01 -3.779661319973761646e-01 -4.026095766839576928e-01 1.502808390271793915e+00 1.711649100852121075e+00
1.583561770519129992e+09 2.379203649337282844e-01 9.383993510787567160e-01 2.506003952286792180e-01 3.366649363563606334e-01 -3.216896508534645149e-01 8.849703323845599101e-01 9.110711392640283846e-01 -1.261840983167245578e-01 -3.924626769155805661e-01 -4.023291259672193143e-01 1.503524872043005001e+00 1.719335874665512520e+00
1.583561770519139051e+09 2.528448367602572078e-01 9.380712134525364121e-01 2.368372590184342763e-01 3.484641798709707250e-01 -3.166585965405332992e-01 8.822131537348137931e-01 9.025753176830754176e-01 -1.405337396075415635e-01 -4.069497071885148087e-01 -4.019111637093773504e-01 1.504203353778440277e+00 1.727019848928716739e+00
1.583561770519148111e+09 2.674475980093978245e-01 9.373925849369415531e-01 2.230850157860057581e-01 3.605842991567592692e-01 -3.120608714718128840e-01 8.789749574002526655e-01 8.935607118371751145e-01 -1.546387869876585386e-01 -4.214689787631223927e-01 -4.013568346183924440e-01 1.504838943761670267e+00 1.734698861562162575e+00
1.583561770519157887e+09 2.816846582820444200e-01 9.363830840579016046e-01 2.093811677843561980e-01 3.730561288830914757e-01 -3.079281332362910906e-01 8.752196235821440018e-01 8.840152024754007742e-01 -1.684250126656180180e-01 -4.360620794572322434e-01 -4.006673506144586838e-01 1.505426725570502944e+00 1.742370733220803380e+00
1.583561770519166946e+09 2.955051497976908803e-01 9.350688499813847310e-01 1.957624899758250159e-01 3.859068033568966438e-01 -3.042867907826546370e-01 8.709107233907210643e-01 8.739294283751346537e-01 -1.818125270417199901e-01 -4.507677444873546824e-01 -3.998440417185792350e-01 1.505961770864523430e+00 1.750033264094414287e+00
1.583561770519176006e+09 3.088522645868383987e-01 9.334827379099723821e-01 1.822642502732874092e-01 3.991573823560089496e-01 -3.011559368601335884e-01 8.660129824913068708e-01 8.632981309965567229e-01 -1.947179497570722118e-01 -4.656192192122842743e-01 -3.988884037462964716e-01 1.506439158082773622e+00 1.757684234484116148e+00
1.583561770519185066e+09 3.216647857697557122e-01 9.316640592088624162e-01 1.689196454476585563e-01 4.128209019182978445e-01 -2.985456344602884782e-01 8.604936996416425732e-01 8.521212758430785073e-01 -2.070569611549560873e-01 -4.806420147390800812e-01 -3.978021403418106616e-01 1.506853995770806032e+00 1.765321408824377380e+00
1.583561770519197941e+09 3.338790447477011925e-01 9.296578776525179499e-01 1.557594756057522345e-01 4.269010784021185501e-01 -2.964557048370713987e-01 8.543239926208077151e-01 8.404048149220538777e-01 -2.187469904425058953e-01 -4.958522980361972365e-01 -3.965871967195037096e-01 1.507201448593886717e+00 1.772942542527822019e+00
1.583561770519213915e+09 3.454310981290401039e-01 9.275139269237893114e-01 1.428120164824283056e-01 4.413917424019361824e-01 -2.948750703248284033e-01 8.474798066498131499e-01 8.281610268471859548e-01 -2.297098354505612006e-01 -5.112560076402953291e-01 -3.952457837002608665e-01 1.507476764082484433e+00 1.780545390868378819e+00
1.583561770519227982e+09 3.562588823094566814e-01 9.252852540411639071e-01 1.301030655810838377e-01 4.562770081494504915e-01 -2.937816709646631774e-01 8.399426299922460037e-01 8.154084257662441715e-01 -2.398739850389296491e-01 -5.268487171195936902e-01 -3.937803911338803031e-01 1.507675297994347297e+00 1.788127718961300738e+00
1.583561770519242048e+09 3.663040130046106291e-01 9.230267497005315569e-01 1.176562350153647629e-01 4.715321952467246835e-01 -2.931429719865555339e-01 8.316998177585399610e-01 8.021712779076900501e-01 -2.491762780669475874e-01 -5.426162765603789184e-01 -3.921937908609148815e-01 1.507792536463030686e+00 1.795687311881045467e+00
1.583561770519256115e+09 3.755131498099275600e-01 9.207936950715562840e-01 1.054933442464367210e-01 4.871251878405584157e-01 -2.929168607695346038e-01 8.227446530285784654e-01 7.884788683821668531e-01 -2.575629710039523679e-01 -5.585359346738556496e-01 -3.904890307406651551e-01 1.507824113902698882e+00 1.803221984149641743e+00
1.583561770519268990e+09 3.838389078523986031e-01 9.186404150576116256e-01 9.363482731044801832e-02 5.030179892729589319e-01 -2.930527815236682598e-01 8.130762385827818850e-01 7.743646398673796893e-01 -2.649902928464797358e-01 -5.745777140298803376e-01 -3.886694220137363320e-01 1.507765826416209043e+00 1.810729588098152876e+00
1.583561770519284964e+09 3.912402857799132105e-01 9.166191161561429990e-01 8.210015179025928478e-02 5.191683362698802373e-01 -2.934930051605113555e-01 8.026992553724656698e-01 7.598653022636843168e-01 -2.714244868424286472e-01 -5.907059087207835457e-01 -3.867385223433765784e-01 1.507613640985763448e+00 1.818208020852152496e+00
1.583561770519301891e+09 3.976827225243426689e-01 9.147789258431825443e-01 7.090817500697975395e-02 5.355311918696284978e-01 -2.941739095348904209e-01 7.916236817595514452e-01 7.450199963242656320e-01 -2.768415214896360887e-01 -6.068805296727661780e-01 -3.847001162666163210e-01 1.507363700736528811e+00 1.825655229788175404e+00
1.583561770519318104e+09 4.031378680997331210e-01 9.131651346369820121e-01 6.007742031267209598e-02 5.520600420845356293e-01 -2.950272041500334175e-01 7.798645130943768766e-01 7.298695564388009149e-01 -2.812265740168297112e-01 -6.230586207494341888e-01 -3.825581943531356499e-01 1.507012326562061855e+00 1.833069216374702215e+00
1.583561770519335032e+09 4.075831089183405420e-01 9.118186443851730161e-01 4.962629665858855205e-02 5.687079852229813826e-01 -2.959810587580909425e-01 7.674414899123912503e-01 7.144559027976041810e-01 -2.845733171720513655e-01 -6.391954242256103758e-01 -3.803169325076278806e-01 1.506556015865590403e+00 1.840448038522420671e+00
1.583561770519351959e+09 4.110009350285528384e-01 9.107755977402904879e-01 3.957325119917107226e-02 5.854285909567961133e-01 -2.969610991587817161e-01 7.543788640435538095e-01 6.988215769893169060e-01 -2.868831057859563827e-01 -6.552453642631670405e-01 -3.779806722881735581e-01 1.505991438997521747e+00 1.847789811574408247e+00
