1.586177206604482889e+09 8.859356235534154855e-01 -4.621240503493745932e-01 3.948965920354113868e-02 -1.246928033443065048e-01 -3.193225791767035360e-01 -9.394066188854300892e-01 4.467323313972056398e-01 8.273297122869008868e-01 -3.405227915921170134e-01 -8.834743050729457897e-03 -8.556154947809408995e-01 2.593517011438559727e-01
1.586177206604527950e+09 8.876254101964980991e-01 -4.587397499200138173e-01 4.097527538802098190e-02 -1.393163142230245954e-01 -3.522318059455664674e-01 -9.254856670177705746e-01 4.389898586173041073e-01 8.157760704011024488e-01 -3.765598323428877570e-01 -2.125201110619283698e-02 -8.627634551362600712e-01 2.594632768643215237e-01
1.586177206604548931e+09 8.893480634261861084e-01 -4.553809780702514076e-01 4.108755369257691137e-02 -1.546547096667518495e-01 -3.841631329398743633e-01 -9.102200879192210436e-01 4.302812371738961028e-01 8.031480887212528730e-01 -4.120815512269015990e-01 -3.399919511867495470e-02 -8.692817596806797775e-01 2.600248265514065737e-01
1.586177206604573965e+09 8.910348306695491383e-01 -4.521797519548544919e-01 3.987985248148769035e-02 -1.706401890774416619e-01 -4.150667619087122784e-01 -8.936450690378786588e-01 4.206410068147965475e-01 7.894637771271444393e-01 -4.469989802363201203e-01 -4.702956751954492920e-02 -8.751574217903190789e-01 2.610149389037720313e-01
1.586177206604593039e+09 8.926207374745556145e-01 -4.492530953765717650e-01 3.741491022735973782e-02 -1.872059520645512898e-01 -4.448979206281769572e-01 -8.757966499830883711e-01 4.101001716113730211e-01 7.747499576196776871e-01 -4.812279633974101412e-01 -6.029654320469055029e-02 -8.803853777075073550e-01 2.624114222886193004e-01
1.586177206604612112e+09 8.940446913850735866e-01 -4.467037796979288489e-01 3.376126773665232006e-02 -2.042874632391223355e-01 -4.736154186323090487e-01 -8.567117764993734674e-01 3.986862455492393709e-01 7.590416120056785454e-01 -5.146893327026024201e-01 -7.375478552886285954e-02 -8.849679908014093099e-01 2.641917884262690586e-01
1.586177206604630947e+09 8.952493701117758551e-01 -4.446212871616468387e-01 2.899097300710508709e-02 -2.218228337959970986e-01 -5.011807402439864001e-01 -8.364284167931756997e-01 3.864235965238514425e-01 7.423811534068311957e-01 -5.473088958365868173e-01 -8.736113627769771794e-02 -8.889143641077954516e-01 2.663336777322596327e-01
1.586177206604649067e+09 8.961810671410486151e-01 -4.430826827061466466e-01 2.317825257390891333e-02 -2.397525659190104796e-01 -5.275576391979401869e-01 -8.149856715744590030e-01 3.733339018512309981e-01 7.248176832393337099e-01 -5.790173780987373231e-01 -1.010753507966636044e-01 -8.922395121926637307e-01 2.688152181807780261e-01
1.586177206604666948e+09 8.967895935040330890e-01 -4.421532589392118684e-01 1.639880510548929332e-02 -2.580189061778617732e-01 -5.527121400256448380e-01 -7.924238352941307406e-01 3.594365998112152294e-01 7.064062472883785304e-01 -6.097503955381526897e-01 -1.148606328041763824e-01 -8.949634401910085968e-01 2.716153161675469718e-01
1.586177206604686022e+09 8.970282805989705510e-01 -4.418869319843293231e-01 8.729454031594238717e-03 -2.765649882902539991e-01 -5.766128512822511487e-01 -7.687843829123410799e-01 3.447492876122043581e-01 6.872070717112811478e-01 -6.394484886480460428e-01 -1.286839735802865481e-01 -8.971101769163951634e-01 2.747138809312239527e-01
1.586177206604703903e+09 8.968540601552527081e-01 -4.423265010946316189e-01 2.478567686816698229e-04 -2.953340105303730589e-01 -5.992314238629631307e-01 -7.441098865765432002e-01 3.292880460359633443e-01 6.672847723549228949e-01 -6.680571949125633235e-01 -1.425163092560581823e-01 -8.987068092119038232e-01 2.780919850474051769e-01
1.586177206604722023e+09 8.962398200891822375e-01 -4.434799339092304060e-01 -8.929351988440616117e-03 -3.142302765742192583e-01 -6.205703764140667600e-01 -7.184370129824448892e-01 3.130711076250674574e-01 6.466977319190216900e-01 -6.955347047089693868e-01 -1.563303076462297103e-01 -8.997518743561632171e-01 2.817492544761760476e-01
1.586177206604737043e+09 8.951505978665265095e-01 -4.453701919558868960e-01 -1.872964166595677410e-02 -3.332003783246404449e-01 -6.406067990423521818e-01 -6.918095383317378610e-01 2.961130110053149522e-01 6.255144454524614872e-01 -7.218370755212373258e-01 -1.701009094048499537e-01 -9.002765552214311295e-01 2.856722086626429791e-01
1.586177206604748011e+09 8.935555510672713586e-01 -4.480098868280696367e-01 -2.907952340950022141e-02 -3.521882859415587097e-01 -6.593227073342521338e-01 -6.642717661173951349e-01 2.784275285777194631e-01 6.038051914560242928e-01 -7.469252991124639696e-01 -1.838068798566088458e-01 -9.003123295478704380e-01 2.898482626047123034e-01
1.586177206604762077e+09 8.914281320885059090e-01 -4.514016629437350714e-01 -3.990519055694648903e-02 -3.711352433852109778e-01 -6.767054246583389387e-01 -6.358682251670717545e-01 2.600279152527272264e-01 5.816410467468137169e-01 -7.707653186164892256e-01 -1.974304590370256074e-01 -8.998903701878577799e-01 2.942657701561925410e-01
1.586177206604779005e+09 8.887461918073416012e-01 -4.555388087053283686e-01 -5.113316469608039649e-02 -3.899798532543577445e-01 -6.927478140915662719e-01 -6.066433717999486497e-01 2.409272107516186312e-01 5.590928904621330631e-01 -7.933279393211417618e-01 -2.109569726377443777e-01 -8.990410635094469027e-01 2.989140429891411488e-01
1.586177206604795933e+09 8.854920293490470273e-01 -4.604060412739914843e-01 -6.269085530024610942e-02 -4.086582775865529871e-01 -7.074483862838557569e-01 -5.766413038675816116e-01 2.211385954581770175e-01 5.362304152440071636e-01 -8.145886469374655769e-01 -2.243744280273166913e-01 -8.977936405972744005e-01 3.037833508764032908e-01
1.586177206604814053e+09 8.816524073900769976e-01 -4.659804099619763718e-01 -7.450698152192444801e-02 -4.271045065246839023e-01 -7.208113014597714585e-01 -5.459054942166463587e-01 2.006757916060444569e-01 5.131211606908634426e-01 -8.345273521388828497e-01 -2.376731145713669169e-01 -8.961759121595639366e-01 3.088649080451091877e-01
1.586177206604837894e+09 8.772185481607153168e-01 -4.722322740644998573e-01 -8.651183916225677062e-02 -4.452506714402004184e-01 -7.328462723076371033e-01 -5.144785526808630660e-01 1.795534979814052967e-01 4.898295834521788072e-01 -8.531280800038719692e-01 -2.508452221324404818e-01 -8.942140941834860746e-01 3.141508502489293586e-01
1.586177206604856014e+09 8.721861151844478854e-01 -4.791263288000405796e-01 -9.863742570958966560e-02 -4.630274039559760801e-01 -7.435683593455553186e-01 -4.824020300410153950e-01 1.577878447893718006e-01 4.664161836363685532e-01 -8.703786187816179298e-01 -2.638844874624429737e-01 -8.919327116089211804e-01 3.196342055680858607e-01
1.586177206604873896e+09 8.665551861698630454e-01 -4.866226517489687931e-01 -1.108174370190646296e-01 -4.803642379807622209e-01 -7.529976571521496131e-01 -4.497162745712897092e-01 1.353968555578254351e-01 4.429367036655006418e-01 -8.862701441458920026e-01 -2.767858755836348772e-01 -8.893545693290136889e-01 3.253088596795492560e-01
1.586177206604892015e+09 8.603301271156066354e-01 -4.946778694368338947e-01 -1.229873086429552481e-01 -4.971902186008447244e-01 -7.611587293959151124e-01 -4.164604130211954081e-01 1.124008861811286869e-01 4.194415268881479530e-01 -9.007967843308625211e-01 -2.895453005578705885e-01 -8.865007794876356151e-01 3.311695158050947940e-01
1.586177206604907990e+09 8.535192741256908411e-01 -5.032465012909371760e-01 -1.350844471245416234e-01 -5.134348306435598808e-01 -7.680796904759681354e-01 -3.826725286483264044e-01 8.882299079179914458e-02 3.959754390610209507e-01 -9.139551019172758028e-01 -3.021593866332901723e-01 -8.833908321834050836e-01 3.372116505768936734e-01
1.586177206604919910e+09 8.461345199796016514e-01 -5.122822652148523170e-01 -1.470484786245248310e-01 -5.290290002706028449e-01 -7.737911525935231571e-01 -3.483899675111462590e-01 6.468918992115907374e-02 3.725776875167247093e-01 -9.257435799536610777e-01 -3.146252677375473428e-01 -8.800426963751873943e-01 3.434314678779071262e-01
1.586177206604929924e+09 8.381906502546458970e-01 -5.217394663736505400e-01 -1.588217972269259926e-01 -5.439063785334201651e-01 -7.783248757103042870e-01 -3.136498679466380723e-01 4.002855909594353612e-02 3.492825752849268994e-01 -9.361620572381783578e-01 -3.269404224866702124e-01 -8.764729409774568714e-01 3.498258515275817770e-01
1.586177206604938984e+09 8.297043334741758258e-01 -5.315744548809143710e-01 -1.703505742661020339e-01 -5.580049391633290501e-01 -7.817121174805236050e-01 -2.784899525569814460e-01 1.487303655246792825e-02 3.261207822555963753e-01 -9.452111026210459066e-01 -3.391025422265986355e-01 -8.726968693563147417e-01 3.563923162459295413e-01
1.586177206604949951e+09 8.206928039459785440e-01 -5.417469709446984805e-01 -1.815861813136947223e-01 -5.712686821914700896e-01 -7.839819064266416726e-01 -2.429495082617245671e-01 -1.074312045416913469e-02 3.031214116198057140e-01 -9.528913870604088787e-01 -3.511094286590372149e-01 -8.687286605817728935e-01 3.631289570760308782e-01
1.586177206604959965e+09 8.111724155131991854e-01 -5.522211082510244395e-01 -1.924867791123596183e-01 -5.836490676113225140e-01 -7.851596189797310776e-01 -2.070703721486526483e-01 -3.678421578911147960e-02 2.803145030810980654e-01 -9.592031594946732742e-01 -3.629589156630667612e-01 -8.645815100665089625e-01 3.700343993282442789e-01
1.586177206604969978e+09 8.011572460210664159e-01 -5.629657330682957816e-01 -2.030188433603518916e-01 -5.951058952506302901e-01 -7.852661531172431264e-01 -1.708977548949555114e-01 -6.321424630421461355e-02 2.577336851648395211e-01 -9.641458950537142858e-01 -3.746488100904066809e-01 -8.602677645368848047e-01 3.771077507359451020e-01
1.586177206604979038e+09 7.906577907765832691e-01 -5.739544019693053611e-01 -2.131586323959413498e-01 -6.056076123602236461e-01 -7.843177397401640549e-01 -1.344808663043684793e-01 -8.999821159923514224e-02 2.354188350481839220e-01 -9.677180862042839005e-01 -3.861768470892235072e-01 -8.557990485468600639e-01 3.843485568173069522e-01
1.586177206604989052e+09 7.796797018968580906e-01 -5.851648914010165736e-01 -2.228937247708454861e-01 -6.151311408381713308e-01 -7.823263248639353851e-01 -9.787339484130543055e-02 -1.171035540960499860e-01 2.134187704960877063e-01 -9.699171028347722823e-01 -3.975406584661766440e-01 -8.511863831812060965e-01 3.917567577842727689e-01
1.586177206604999065e+09 7.682226773911987605e-01 -5.965783296812368075e-01 -2.322244920700702320e-01 -6.236611350951349886e-01 -7.793006132848526724e-01 -6.113381329055481150e-02 -1.445015808899877963e-01 1.917937720287634373e-01 -9.707391217441787568e-01 -4.087377523755460484e-01 -8.464402968650379666e-01 3.993326461821845585e-01
1.586177206605007887e+09 7.562796456920549693e-01 -6.081779330379888382e-01 -2.411652949702704218e-01 -6.311886034675263657e-01 -7.752478430088813877e-01 -2.432548426105065470e-02 -1.721686520118763664e-01 1.706176543411858093e-01 -9.701791440991254234e-01 -4.197655024609395769e-01 -8.415709279030729739e-01 4.070768250488989715e-01
1.586177206605017900e+09 7.438364549102247647e-01 -6.199473630185917683e-01 -2.497450613194215074e-01 -6.377088572475539952e-01 -7.701763281693279062e-01 1.248348258198298671e-02 -2.000868364246039532e-01 1.499789682178741534e-01 -9.682311538756033231e-01 -4.306211457441146973e-01 -8.365881191792873262e-01 4.149901655877528128e-01
1.586177206605029106e+09 7.308719027896617426e-01 -6.318689350180353159e-01 -2.580075791374181748e-01 -6.432191894710256319e-01 -7.640984408673767714e-01 4.922039599622114736e-02 -2.282440281568847706e-01 1.299816214451544327e-01 -9.648883054792374292e-01 -4.413017891757419209e-01 -8.315015054697649788e-01 4.230737631290531486e-01
1.586177206605037928e+09 7.173582100062350086e-01 -6.439217135046719775e-01 -2.660113261393503570e-01 -6.477163909488553584e-01 -7.570339734087312422e-01 8.580816058465634555e-02 -2.566333489975203275e-01 1.107447076337564201e-01 -9.601431842526495508e-01 -4.518044254367685197e-01 -8.263205937245693411e-01 4.313288898640081359e-01
1.586177206605047941e+09 7.032620409573926423e-01 -6.560795589576433606e-01 -2.738286221105181162e-01 -6.511942714729740400e-01 -7.490137619885953724e-01 1.221654843817135822e-01 -2.852516834976938642e-01 9.240128220233290168e-02 -9.539881972343698946e-01 -4.621259589015700442e-01 -8.210548362440350800e-01 4.397569428683625881e-01
1.586177206605057955e+09 6.885461662266673111e-01 -6.683092382140557453e-01 -2.815438497159283293e-01 -6.536414156724800195e-01 -7.400833652421064945e-01 1.582071826161486061e-01 -3.140972414480109887e-01 7.509577144491863532e-02 -9.464161602483491809e-01 -4.722632421915137213e-01 -8.157136959000328424e-01 4.483593866884665324e-01
1.586177206605067015e+09 6.731717052880467067e-01 -6.805687828036278697e-01 -2.892507343004162568e-01 -6.550395207208764559e-01 -7.303064400991507998e-01 1.938446033946115143e-01 -3.431662598363863226e-01 5.897996014183762292e-02 -9.374210808195853062e-01 -4.822131228247056312e-01 -8.103067019175022034e-01 4.571376908419442775e-01
1.586177206605077028e+09 6.571008736208968637e-01 -6.928062956174666498e-01 -2.970486136308602698e-01 -6.553626054334210638e-01 -7.197674187064782014e-01 2.289862851567219248e-01 -3.724490538132629869e-01 4.420746535418212941e-02 -9.269991384429385750e-01 -4.919724987911929248e-01 -8.048434945818652153e-01 4.660932633365061362e-01
1.586177206605087042e+09 6.402998943588096292e-01 -7.049594042758813295e-01 -3.050381678210946079e-01 -6.545773855798093788e-01 -7.085730348773641163e-01 2.635388035070499457e-01 -4.019259782286098148e-01 3.092721836032475205e-02 -9.151497230196019572e-01 -5.015383805707225306e-01 -7.993338572033181766e-01 4.752273825655090045e-01
1.586177206605097055e+09 6.227418204450420047e-01 -7.169554796559753918e-01 -3.133168771078631565e-01 -6.526448526680085349e-01 -6.968523970642237497e-01 2.974078570138035671e-01 -4.315638096053538431e-01 1.927633682033026707e-02 -9.018764335711901836e-01 -5.109079563262182155e-01 -7.937877342134423975e-01 4.845411305917200484e-01
1.586177206605108023e+09 6.044089241414607461e-01 -7.287126347541602600e-01 -3.219747638998593509e-01 -6.495229307694431187e-01 -6.847554603006140717e-01 3.304995044094791723e-01 -4.613131422708116047e-01 9.373142408019259977e-03 -8.871878771280721221e-01 -5.200786563916275362e-01 -7.882152350826685527e-01 4.940353312479240921e-01
1.586177206605117083e+09 5.852944225972001036e-01 -7.401414003801902730e-01 -3.310908433352082181e-01 -6.451698709072802851e-01 -6.724499899544474912e-01 3.627214483670502254e-01 -4.911071949801684156e-01 1.310995984772368381e-03 -8.710981601872576086e-01 -5.290482123524049562e-01 -7.826266247230758699e-01 5.037104970070960253e-01
1.586177206605127096e+09 5.654034530192534325e-01 -7.511469094717347916e-01 -3.407304740194579962e-01 -6.395479318614563091e-01 -6.601172858631400020e-01 3.939842791002698963e-01 -5.208621493051075468e-01 -4.846601838516812269e-03 -8.536270451580532104e-01 -5.378147072838815879e-01 -7.770323023253494776e-01 5.135667871752517266e-01
1.586177206605135918e+09 5.447532879129248773e-01 -7.616313648993746632e-01 -3.509437555081039162e-01 -6.326268944854509524e-01 -6.479470754066857241e-01 4.242025462763754917e-01 -5.504789442806794497e-01 -9.069273618947971960e-03 -8.347997846987261772e-01 -5.463766140615095024e-01 -7.714427713904533634e-01 5.236039794425696448e-01
1.586177206605144978e+09 5.233728241225208411e-01 -7.714964392378800273e-01 -3.617652988248696300e-01 -6.243869973039775090e-01 -6.361321982264332986e-01 4.532953831654057963e-01 -5.798463287660650112e-01 -1.136093616603232881e-02 -8.146466500878366546e-01 -5.547328200242573892e-01 -7.658686043306218716e-01 5.338214554444570270e-01
1.586177206605154991e+09 5.013016173409700071e-01 -7.806454559076123623e-01 -3.732148990095144891e-01 -6.148210444700349386e-01 -6.248634976585188960e-01 4.811867547974290060e-01 -6.088446206911587444e-01 -1.175932438067600616e-02 -7.932023364179757730e-01 -5.628826384736272948e-01 -7.603204050550230741e-01 5.442181989919495644e-01
1.586177206605164051e+09 4.785886676643167359e-01 -7.889852672182660065e-01 -3.852987613740458395e-01 -6.039356138625041615e-01 -6.143251999662294738e-01 5.078053991606588102e-01 -6.373497171165664055e-01 -1.033426542432772446e-02 -7.705053805152555224e-01 -5.708258090194845424e-01 -7.548087723764437262e-01 5.547928043863584735e-01
1.586177206605174065e+09 4.552911030565589545e-01 -7.964277284500487220e-01 -3.980111619716157345e-01 -5.917513932463210891e-01 -6.046910368732754115e-01 5.330844576030184800e-01 -6.652370257924657970e-01 -7.184951078270989701e-03 -7.465976669841553059e-01 -5.785624893892331588e-01 -7.493442662264980791e-01 5.655434918873982753e-01
1.586177206605182886e+09 4.314728989241150003e-01 -8.028908205160804057e-01 -4.113361983166495262e-01 -5.783027835209931800e-01 -5.961211228681352337e-01 5.569609482396845612e-01 -6.923850290712335598e-01 -2.436686453500381318e-03 -7.215241052317941106e-01 -5.860932407021780532e-01 -7.439373780053689655e-01 5.764681281183255956e-01
1.586177206605192900e+09 4.072037010025524872e-01 -8.082994605316223824e-01 -4.252494893761430972e-01 -5.636369285643697546e-01 -5.887595648185344199e-01 5.793751703472950210e-01 -7.186783418633643228e-01 3.762602452114574385e-03 -6.953324989619709129e-01 -5.934190077719617706e-01 -7.385985059395892005e-01 5.875642497045210355e-01
1.586177206605201960e+09 3.825577971121679188e-01 -8.125860002009089866e-01 -4.397198248507020457e-01 -5.478123176339455558e-01 -5.827328043263748647e-01 6.002700590835658989e-01 -7.440102129211600968e-01 1.124594490582794294e-02 -6.680735978509940720e-01 -6.005410966085290569e-01 -7.333379356520189907e-01 5.988290880613073019e-01
1.586177206605211973e+09 3.576132663577630821e-01 -8.156904762019264732e-01 -4.547106761216019866e-01 -5.308971136469459173e-01 -5.781485859520645310e-01 6.195905645704377074e-01 -7.682844569938476198e-01 1.983077991605739984e-02 -6.398013235864523640e-01 -6.074611505539773137e-01 -7.281658258574935649e-01 6.102595940000760111e-01
