1.584057353325779915e+09 9.907040185896956452e-03 -9.580956297469847005e-01 -2.862771643810036459e-01 -6.984591177320411681e-01 1.982443674496891795e-01 -6.876438261837857224e-01 7.155813800550624437e-01 2.067654106814519610e-01 -6.672266133410004185e-01 3.941331984368126595e-01 -1.832549855638078429e-01 7.439991177374599696e-01
1.584057353325850010e+09 1.888030150835054086e-02 -9.554779271778268690e-01 -2.944579170655965972e-01 -6.846572993423639675e-01 2.022691736197120838e-01 -7.002367913199032401e-01 7.286205574525074224e-01 2.148234440169407289e-01 -6.503560342190052301e-01 3.851713663987978431e-01 -1.857232522928433938e-01 7.448579834841915215e-01
1.584057353325884104e+09 2.798485008031533286e-02 -9.530900059853213424e-01 -3.013905915731395213e-01 -6.702532658558721934e-01 2.057967749341718389e-01 -7.130275219759329985e-01 7.416046169269190358e-01 2.219619966069669714e-01 -6.330524972726934152e-01 3.761633487659373776e-01 -1.881645805523400328e-01 7.450578813329488126e-01
1.584057353325913906e+09 3.715291742506402622e-02 -9.508829880607376772e-01 -3.073128760330679499e-01 -6.553308004140429022e-01 2.089822453717130324e-01 -7.258567098331841771e-01 7.544277320130349240e-01 2.283592874313685461e-01 -6.153786095603032136e-01 3.671533615477113877e-01 -1.905621714937464628e-01 7.445930023159152977e-01
1.584057353325938940e+09 4.635498648627619372e-02 -9.487854747288529955e-01 -3.125017411221024388e-01 -6.399761205438287970e-01 2.119961487506994702e-01 -7.385717284836362806e-01 7.669952936238426666e-01 2.342301344376000460e-01 -5.973729687348190431e-01 3.581863467606363205e-01 -1.929115943056724791e-01 7.434896969386134424e-01
1.584057353325964928e+09 5.560438083931563968e-02 -9.467161544035316290e-01 -3.172328417069487094e-01 -6.242755615295639826e-01 2.149969587829571593e-01 -7.510368373558594657e-01 7.792228026660589224e-01 2.398016487153701304e-01 -5.790569861241359195e-01 3.492998483381852814e-01 -1.952204213793314047e-01 7.418033138775631530e-01
1.584057353325989008e+09 6.494935988309581687e-02 -9.445948652688570535e-01 -3.217485372090755358e-01 -6.083149824397641181e-01 2.181134296981752929e-01 -7.631378735260921919e-01 7.910337937694787991e-01 2.452897721395291275e-01 -5.604448812387353707e-01 3.405175037237640479e-01 -1.975048196776234277e-01 7.396132517814543172e-01
1.584057353326020002e+09 7.445794883323374191e-02 -9.423507623312448178e-01 -3.262377271742443186e-01 -5.921783492581301767e-01 2.214371010428383968e-01 -7.747841073817097746e-01 8.023595307790980513e-01 2.508797541498734573e-01 -5.415519665221536494e-01 3.318452325571675243e-01 -1.997840749582746322e-01 7.370168826485784530e-01
1.584057353326036930e+09 8.420114816669076185e-02 -9.399273646320507325e-01 -3.308273203841305965e-01 -5.759443640056419733e-01 2.250226817298834892e-01 -7.859089529931005957e-01 8.131409818340626927e-01 2.567125668035025732e-01 -5.223987000728975705e-01 3.232705702154786143e-01 -2.020743215982609142e-01 7.341230339053660403e-01
1.584057353326050997e+09 9.423867249239398225e-02 -9.372849636704950749e-01 -3.355830292818030025e-01 -5.596813479856131979e-01 2.288932793788077680e-01 -7.964701221710397405e-01 8.233321695773727633e-01 2.628778491442212428e-01 -5.030103131284915374e-01 3.147649663843062884e-01 -2.043827394243390994e-01 7.310456429484564200e-01
1.584057353326065063e+09 1.047745168558530809e-01 -9.343548335580761366e-01 -3.405926389136498811e-01 -5.431821205276502473e-01 2.331147420071791043e-01 -8.066044266782450567e-01 8.330519099637953007e-01 2.695154209016328295e-01 -4.831003553581667553e-01 3.062883797907494654e-01 -2.067032203024685988e-01 7.278980609064543694e-01
1.584057353326076984e+09 1.154588086613683451e-01 -9.313145460038573242e-01 -3.454308613340854595e-01 -5.265334142301646425e-01 2.374974166793974162e-01 -8.163072588851989497e-01 8.422777613945302555e-01 2.761307543725934899e-01 -4.629470588470561143e-01 2.979416077719282963e-01 -2.090848113629995564e-01 7.244623884277077153e-01
1.584057353326086044e+09 1.262976997719877092e-01 -9.281600728553220936e-01 -3.500968012527242990e-01 -5.097528817088858855e-01 2.420376059685570014e-01 -8.255724056831265090e-01 8.509999358169836325e-01 2.827307491100048420e-01 -4.425634789411385661e-01 2.897340032568400114e-01 -2.115267923389827776e-01 7.207453490773825244e-01
1.584057353326095104e+09 1.372960129350010439e-01 -9.248883533732137341e-01 -3.545861512871293919e-01 -4.928570173261377363e-01 2.467301658461361624e-01 -8.343957010153216780e-01 8.592099658662227801e-01 2.893194758293860525e-01 -4.219626471706615090e-01 2.816746265863864229e-01 -2.140287627114227376e-01 7.167539813375914948e-01
1.584057353326103926e+09 1.484569806452992469e-01 -9.214972242081190812e-01 -3.588918928205184211e-01 -4.758611142689702644e-01 2.515689777128988780e-01 -8.427747323680924163e-01 8.669006430752465020e-01 2.958984881125302224e-01 -4.011575250618410471e-01 2.737722260113278350e-01 -2.165906513541409339e-01 7.124956699083124789e-01
1.584057353326112986e+09 1.597819939087994079e-01 -9.179853969277550485e-01 -3.630048560388719481e-01 -4.587791772997683593e-01 2.565473310937601559e-01 -8.507086067060478651e-01 8.740660049671266085e-01 3.024669865855439399e-01 -3.801609410920144261e-01 2.660352108949493033e-01 -2.192127243049917240e-01 7.079781755779903651e-01
1.584057353326122046e+09 1.712703307432360544e-01 -9.143524790646812006e-01 -3.669141832816713578e-01 -4.416237866519100441e-01 2.616582575905055386e-01 -8.581977554368560579e-01 8.807013710739174384e-01 3.090218443752631994e-01 -3.589855078310698056e-01 2.584716169727442336e-01 -2.218955898017470896e-01 7.032096638393560140e-01
1.584057353326132059e+09 1.829188538563366606e-01 -9.105990297422800195e-01 -3.706077441098391545e-01 -4.244059192190348107e-01 2.668948502036119219e-01 -8.652437545602780222e-01 8.868034217218153659e-01 3.155575161605048695e-01 -3.376435181702608923e-01 2.510890634412971667e-01 -2.246401998471427575e-01 6.981987314361729480e-01
1.584057353326144934e+09 1.947217015692127018e-01 -9.067266299847090982e-01 -3.740725564278200577e-01 -4.071347557799301353e-01 2.722505907642099321e-01 -8.718491306433036048e-01 8.923702985400449039e-01 3.220658850970906095e-01 -3.161468267838179469e-01 2.438947016095298070e-01 -2.274478474699413721e-01 6.929544300379797406e-01
1.584057353326160908e+09 2.066700265810517134e-01 -9.027379404322957157e-01 -3.772952571593310434e-01 -3.898175218775892792e-01 2.777196887675046910e-01 -8.780171263973296503e-01 8.974016937209911005e-01 3.285361249745689660e-01 -2.945067313979247148e-01 2.368951557051780232e-01 -2.303201590345081151e-01 6.874862852059303586e-01
1.584057353326176882e+09 2.187518593191355443e-01 -8.986367158269292776e-01 -3.802626422225739988e-01 -3.724594222808142452e-01 2.832974112746041717e-01 -8.837514105551846910e-01 9.018988873163268360e-01 3.349546682334765269e-01 -2.727338765747147065e-01 2.300964567300855801e-01 -2.332590809275720822e-01 6.818043088906031723e-01
1.584057353326193094e+09 2.309521690110661885e-01 -8.944277520245985658e-01 -3.829622593614002701e-01 -3.550637221304834834e-01 2.889803634104443630e-01 -8.890557366829949792e-01 9.058646968506737229e-01 3.413053559644884660e-01 -2.508382050942183916e-01 2.235039699955958248e-01 -2.362668597802852766e-01 6.759190043509726298e-01
1.584057353326210976e+09 2.432532070905908117e-01 -8.901167403794794097e-01 -3.853830118132272053e-01 -3.376320304628134261e-01 2.947666589132590387e-01 -8.939335707632871664e-01 9.093032989002075572e-01 3.475698567599911915e-01 -2.288289872947426862e-01 2.171223175212347867e-01 -2.393460155112832333e-01 6.698413620304467520e-01
1.584057353326226950e+09 2.556352582876127433e-01 -8.857099934633119176e-01 -3.875157058201986748e-01 -3.201648599548679863e-01 3.006558890012361318e-01 -8.983877219763664046e-01 9.122198623775258364e-01 3.537284889956374134e-01 -2.067149701934759831e-01 2.109552976734575536e-01 -2.424993068395832896e-01 6.635828442752951251e-01
1.584057353326241970e+09 2.680777948741719374e-01 -8.812140558806955681e-01 -3.893534174391911629e-01 -3.026624361953814679e-01 3.066488224303110521e-01 -9.024200516152713902e-01 9.146200007424439837e-01 3.597614313120113816e-01 -1.845046528614476822e-01 2.050058053308062012e-01 -2.457296892560567325e-01 6.571553568343360130e-01
1.584057353326257944e+09 2.805609250934604781e-01 -8.766352466339213390e-01 -3.908915600619523589e-01 -2.851256542707292230e-01 3.127468206742715084e-01 -9.060313391785917991e-01 9.165090991007556198e-01 3.656502024568573095e-01 -1.622066609423894190e-01 1.992757552961709755e-01 -2.490402653778111264e-01 6.505712064078711387e-01
1.584057353326273918e+09 2.930670014685641256e-01 -8.719791821470964654e-01 -3.921275795072144410e-01 -2.675570654985920949e-01 3.189509910681924132e-01 -9.092213603613416018e-01 9.178915782922002498e-01 3.713792821880301798e-01 -1.398301806015279369e-01 1.937660108167951478e-01 -2.524342274888277671e-01 6.438430445893134069e-01
1.584057353326289892e+09 3.055822819151324254e-01 -8.672503159876915335e-01 -3.930602478713297598e-01 -2.499618024387566528e-01 3.252611140199952455e-01 -9.119892023302513806e-01 9.187701379831030302e-01 3.769377895168087300e-01 -1.173854187281817979e-01 1.884763201168751512e-01 -2.559147926586945454e-01 6.369837980641276376e-01
1.584057353326302052e+09 3.180985238752947475e-01 -8.624515325248820474e-01 -3.936885611898349735e-01 -2.323483575869154938e-01 3.316744016047187271e-01 -9.143338187914429316e-01 9.191450211930836112e-01 3.823211286419484489e-01 -9.488405954221912353e-02 1.834052639879822366e-01 -2.594851311730084764e-01 6.300065853594252197e-01
1.584057353326312065e+09 3.306143687794592667e-01 -8.575838353188265373e-01 -3.940102849092813053e-01 -2.147291417373332345e-01 3.381841685247307105e-01 -9.162548029816341977e-01 9.190133486489402426e-01 3.875324936051838809e-01 -7.233969553784769246e-02 1.785502172946331068e-01 -2.631482892862809231e-01 6.229246210317506138e-01
1.584057353326320887e+09 3.431363890018178098e-01 -8.526461628838543083e-01 -3.940202272981868092e-01 -1.971207871792038657e-01 3.447784969013895084e-01 -9.177533347665908225e-01 9.183685610662403187e-01 3.925841426178459104e-01 -4.976823440140577814e-02 1.739073274167316219e-01 -2.669071077838012784e-01 6.157511085322618927e-01
1.584057353326329947e+09 3.556797336651856822e-01 -8.476353437690929971e-01 -3.937083325397063294e-01 -1.795442260317444694e-01 3.514389377415868543e-01 -9.188332515079411511e-01 9.171999771638350563e-01 3.974984239893752935e-01 -2.718832399987946777e-02 1.694715133399116724e-01 -2.707641386511748238e-01 6.084991232275328565e-01
1.584057353326339960e+09 3.682682934255227525e-01 -8.425462043068586704e-01 -3.930577027911297816e-01 -1.620245883878913828e-01 3.581392913758910668e-01 -9.195021918785390991e-01 9.154924887548574475e-01 4.023085154738996749e-01 -4.621856328746398734e-03 1.652364893122201528e-01 -2.747215629331465903e-01 6.011814877464927154e-01
1.584057353326350927e+09 3.809343273968510690e-01 -8.373718321966820977e-01 -3.920426672087647391e-01 -1.445909943580800383e-01 3.648444864372108465e-01 -9.197727682454174269e-01 9.132264137185033270e-01 4.070588598744768749e-01 1.790536315832406272e-02 1.611948162112480931e-01 -2.787811133367184557e-01 5.938106429128371389e-01
1.584057353326365948e+09 3.937175186338536803e-01 -8.321039888579607746e-01 -3.906270181456393820e-01 -1.272763328659125281e-01 3.715095529409687680e-01 -9.196637359952472002e-01 9.103775319972570168e-01 4.118052984640946934e-01 4.036267504490580194e-02 1.573379819347850150e-01 -2.829440050981860133e-01 5.863985186530626947e-01
1.584057353326380014e+09 4.066634151103278860e-01 -8.267336604717510085e-01 -3.887625515808670329e-01 -1.101171111038049544e-01 3.780786887250005002e-01 -9.192011352870845808e-01 9.069173550031069952e-01 4.166148818972733037e-01 6.271324837057014323e-02 1.536565108123200130e-01 -2.872108787517574369e-01 5.789564098057607966e-01
1.584057353326394081e+09 4.198212224071156129e-01 -8.212517300157411437e-01 -3.863880655773792583e-01 -9.315344752191767608e-02 3.844844201018525753e-01 -9.184193846237416192e-01 9.028136998211042652e-01 4.215653290878194626e-01 8.491228928551552979e-02 1.501401019187012242e-01 -2.915817592082332044e-01 5.714948619084213588e-01
1.584057353326409101e+09 4.332409647378203665e-01 -8.156497391529314855e-01 -3.834289628479819467e-01 -7.642927833590146269e-02 3.906468323248194485e-01 -9.173623155256412920e-01 8.980316431171895264e-01 4.267441334789558449e-01 1.069046895455726953e-01 1.467777954228364490e-01 -2.960560361056465140e-01 5.640235724769115944e-01
1.584057353326425076e+09 4.469699595264438052e-01 -8.099207203011441480e-01 -3.797976858350859963e-01 -5.999276998927405985e-02 3.964729456384767370e-01 -9.160840960657989918e-01 8.925349981843377911e-01 4.322471865131772839e-01 1.286221089580874832e-01 1.435581638993758125e-01 -3.006324700376010739e-01 5.565513137945667932e-01
1.584057353326437950e+09 4.610485539158391544e-01 -8.040600745936153926e-01 -3.753952949019272456e-01 -4.389686091250967481e-02 4.018564103295261813e-01 -9.146499282337606784e-01 8.862884951799581135e-01 4.381767017620907256e-01 1.499796035794217497e-01 1.404695230917548110e-01 -3.053092284385132138e-01 5.490858832431979586e-01
1.584057353326452017e+09 4.755052599914373346e-01 -7.980664445717240429e-01 -3.701144388253512774e-01 -2.819985258327400296e-02 4.066776460370724600e-01 -9.131363866734012458e-01 8.792607782615650125e-01 4.446383275298521065e-01 1.708720036975699963e-01 1.375001543414645366e-01 -3.100839537134205681e-01 5.416340866631574880e-01
1.584057353326466084e+09 4.903515585828385759e-01 -7.919425291933477329e-01 -3.638438944219158921e-01 -1.296593184847969274e-02 4.108045490921545806e-01 -9.116312342144823333e-01 8.714282722984899587e-01 4.517373716517591453e-01 1.911703780331264757e-01 1.346385295599580312e-01 -3.149538651775397047e-01 5.342017592727718034e-01
1.584057353326481104e+09 5.055767874577661303e-01 -7.856958039068352440e-01 -3.564747056453773100e-01 1.734504107191121858e-03 4.140938510744634482e-01 -9.102325384959331078e-01 8.627798697430369979e-01 4.595741357746313538e-01 2.107190315051964413e-01 1.318735282363153460e-01 -3.199158947983568591e-01 5.267938274278654021e-01
1.584057353326497078e+09 5.211436278716831128e-01 -7.793391486337827301e-01 -3.479077616170601628e-01 1.582482852973714910e-02 4.163931583744523435e-01 -9.090469254113787700e-01 8.533222685978831823e-01 4.682384319061372313e-01 2.293335495437655025e-01 1.291946350085037276e-01 -3.249668548198916818e-01 5.194144129232279861e-01
1.584057353326510906e+09 5.369846465633142385e-01 -7.728914383716833925e-01 -3.380625887389855366e-01 2.922262495882176070e-02 4.175438474483855189e-01 -9.081867505020339015e-01 8.430857178839136212e-01 4.778032649518937358e-01 2.468005519580035445e-01 1.265921058902001184e-01 -3.301036331031140802e-01 5.120669796602560497e-01
1.584057353326524973e+09 5.530004053290321631e-01 -7.663781889874028419e-01 -3.268868660686699568e-01 4.184066060798515008e-02 4.173849198720929188e-01 -9.077660425033435843e-01 8.321297440781045829e-01 4.883178269912574199e-01 2.628797995440945723e-01 1.240570920716020931e-01 -3.353234102189419641e-01 5.047545206827956932e-01
1.584057353326539040e+09 5.690595509612305092e-01 -7.598323577912525773e-01 -3.143660534648587968e-01 5.358850366578594981e-02 4.157580838377710197e-01 -9.078950865256046887e-01 8.205482922338295237e-01 4.997999638129581035e-01 2.773093875619980775e-01 1.215817113224123974e-01 -3.406238901595274871e-01 4.974797817154890667e-01
1.584057353326554060e+09 5.850012762180013537e-01 -7.532953504890045338e-01 -3.005322309051715601e-01 6.437487387565563046e-02 4.125143029398516958e-01 -9.086736628858953502e-01 8.084734891073330765e-01 5.122285279570230054e-01 2.898146868309042223e-01 1.191590587782270366e-01 -3.460035342937798908e-01 4.902455154682857641e-01
1.584057353326565027e+09 6.006404582143736182e-01 -7.468181997838513331e-01 -2.854708680154893208e-01 7.411072920975429745e-02 4.075218148845283217e-01 -9.101832619578030803e-01 7.960770314007874493e-01 5.255364372876448753e-01 3.001213309720214273e-01 1.167831514109085173e-01 -3.514617861086708483e-01 4.830547591934812313e-01
1.584057353326575041e+09 6.157755325112248546e-01 -7.404627253318388780e-01 -2.693240539063407324e-01 8.271307997598728590e-02 4.006754147657567433e-01 -9.124789085464402039e-01 7.835681464381096806e-01 5.396055637680678974e-01 3.079720694858371632e-01 1.144488040467198375e-01 -3.569992730863786323e-01 4.759111267245261234e-01
1.584057353326585054e+09 6.301988148370882836e-01 -7.343023086753786011e-01 -2.522886705934704876e-01 9.010942623825132780e-02 3.919063332859062943e-01 -9.155816279132830138e-01 7.711872309829208572e-01 5.542648694065789305e-01 3.131464664592298330e-01 1.121514386358396509e-01 -3.626179711424438734e-01 4.688191052341360576e-01
1.584057353326594114e+09 6.437084900932420473e-01 -7.284217883501084012e-01 -2.346083504408795484e-01 9.624254996610810686e-02 3.811914666608320346e-01 -9.194729128473080326e-01 7.591948047155762103e-01 5.692932144831424068e-01 3.154813537780440935e-01 1.098868324422835330e-01 -3.683213162115118178e-01 4.617843459413281670e-01
1.584057353326606035e+09 6.561209626049017141e-01 -7.229159632611732444e-01 -2.165589816896762720e-01 1.010752310020446715e-01 3.685603030012126746e-01 -9.240925824117763865e-01 7.478563232710943032e-01 5.844277655702536656e-01 3.148890387411087399e-01 1.076508155370680953e-01 -3.741142485851473576e-01 4.548139379611177424e-01
1.584057353326617002e+09 6.672820015690390516e-01 -7.178862804991703594e-01 -1.984288756984874669e-01 1.045944487161719061e-01 3.540979715824578156e-01 -9.293409643171214318e-01 7.374243905832512658e-01 5.993779399082915793e-01 3.113701229558019645e-01 1.054389323075024393e-01 -3.800031773934027801e-01 4.479166548317563556e-01
1.584057353326627016e+09 6.770752727788931224e-01 -7.134355451054954500e-01 -1.804959778756701494e-01 1.068146353636634238e-01 3.379432539313137474e-01 -9.350855527348133078e-01 7.281206691269628273e-01 6.138436935894946433e-01 3.050183784230202089e-01 1.032460854861552979e-01 -3.859958555145595605e-01 4.411031640780512797e-01
1.584057353326638937e+09 6.854273086947333393e-01 -7.096609494284954467e-01 -1.630053416597866400e-01 1.077794814521517569e-01 3.202810681916813396e-01 -9.411714088702592962e-01 7.201201205485934231e-01 6.275359545653503845e-01 2.960162797113226052e-01 1.010661841052649806e-01 -3.921011593848597321e-01 4.343861916114264421e-01
1.584057353326654911e+09 6.923086102043023438e-01 -7.066462260875641110e-01 -1.461502632603630392e-01 1.075617947670925445e-01 3.013299200936322975e-01 -9.474337653375960455e-01 7.135399419010908240e-01 6.401963686801559472e-01 2.846214345157934700e-01 9.889181833090988916e-02 -3.983287736855781747e-01 4.277806350037436922e-01
1.584057353326669931e+09 6.977313561330685809e-01 -7.044539769360086412e-01 -1.300597905028034185e-01 1.062611715115712036e-01 2.813259401659762293e-01 -9.537107941916385112e-01 7.084345546638449731e-01 6.516136200449402782e-01 2.711460345929223026e-01 9.671398383914241170e-02 -4.046887863576651423e-01 4.213036217851487408e-01
1.584057353326687098e+09 7.017447557155361837e-01 -7.031192236807420892e-01 -1.147939683703623343e-01 1.039995085603152847e-01 2.605057878496229717e-01 -9.598545915163338993e-01 7.047967084120402292e-01 6.616344095097138611e-01 2.559326241603134822e-01 9.452187650144742992e-02 -4.111912039520408402e-01 4.149745100508802076e-01
1.584057353326704025e+09 7.044292477436173705e-01 -7.026449857277147215e-01 -1.003466940807895835e-01 1.009146354215637725e-01 2.390907799755514485e-01 -9.657390099956320029e-01 7.025636422589242036e-01 6.701683542384380132e-01 2.393297008282014859e-01 9.230277511783140099e-02 -4.178454017365352269e-01 4.088148294268118543e-01
1.584057353326719999e+09 7.058905601363126836e-01 -7.030003189880065229e-01 -8.665488255768689918e-02 9.715255209782994172e-02 2.172741793514618158e-01 -9.712637709432775379e-01 7.016266092972838209e-01 6.771871842781342909e-01 2.216700672638221847e-01 9.004202591193111171e-02 -4.246595271342576972e-01 4.028481609603585811e-01
1.584057353326735973e+09 7.062543143516378796e-01 -7.041208145624953119e-01 -7.361196925384193290e-02 9.285893935820226097e-02 1.952128675540501512e-01 -9.763550347396805495e-01 7.018419059755586220e-01 6.827194261935873865e-01 2.032538419311980538e-01 8.772313774061966940e-02 -4.316398784903057173e-01 3.970999545364843342e-01
1.584057353326751947e+09 7.056614378605985394e-01 -7.059112698571597955e-01 -6.108366609043093531e-02 8.817065117835394539e-02 1.730238049755331298e-01 -9.809631488091191676e-01 7.030418703957711513e-01 6.868420794197163115e-01 1.843368833253787586e-01 8.532799138310527554e-02 -4.387902847748799684e-01 3.915972835134299834e-01
1.584057353326767921e+09 7.042642031950968606e-01 -7.082502062631125250e-01 -4.892420141521364174e-02 8.320783995292657664e-02 1.507849978177912553e-01 -9.850585464541614655e-01 7.050449543189145629e-01 6.896705951559013448e-01 1.651244461369751060e-01 8.283716029917315149e-02 -4.461115138550796333e-01 3.863685370324024260e-01
1.584057353326785088e+09 7.022225501732983766e-01 -7.109958572684039746e-01 -3.699163463756533626e-02 7.806735407908310664e-02 1.285402381286958884e-01 -9.886267726234393427e-01 7.076644532526785714e-01 6.913481743597078566e-01 1.457694191433330233e-01 8.023033435186269213e-02 -4.536007376137613512e-01 3.814430512219403324e-01
1.584057353326801062e+09 6.997003346662783452e-01 -7.139932470830995248e-01 -2.516117734749918206e-02 7.281797367103629015e-02 1.063065812821909206e-01 -9.916634780133155580e-01 7.107158254327795577e-01 6.920350814500006997e-01 1.263742919552548194e-01 7.748683350934618130e-02 -4.612510804427082944e-01 3.768506790437678444e-01
1.584057353326817036e+09 6.968612295500828946e-01 -7.170819931757732579e-01 -1.333573660842300550e-02 6.749791305374956696e-02 8.408336660787465999e-02 -9.941700153053312228e-01 7.140227297682208984e-01 6.918984048144806165e-01 1.069959762552482319e-01 7.458619418100750909e-02 -4.690512768985535264e-01 3.726212995108827419e-01
1.584057353326837063e+09 6.938641509046036271e-01 -7.201044567204473168e-01 -1.453120320226840290e-03 6.211483408682094004e-02 6.186155636996394647e-02 -9.961500365752044006e-01 7.174219731916554599e-01 6.911025389310552214e-01 8.765268512794884004e-02 7.150880679347158819e-02 -4.769854630008069085e-01 3.687842691151446695e-01
1.584057353326850891e+09 6.908582638390481367e-01 -7.229138189140690285e-01 1.051045984982754145e-02 5.664839591483470521e-02 3.963225024099654992e-02 -9.976072594563654139e-01 7.207675205418551112e-01 6.898006199086308410e-01 6.833217580989030260e-02 6.823657933278028109e-02 -4.850331235636259342e-01 3.653678219244201886e-01
1.584057353326867104e+09 6.879778786067094476e-01 -7.253815229749221993e-01 2.254073495421209800e-02 5.105510400008911320e-02 1.739341005405639282e-02 -9.985443634516999456e-01 7.239335708791793111e-01 6.881272523858356083e-01 4.900071043708831287e-02 6.475359759959770090e-02 -4.931692146631526108e-01 3.623984306800296373e-01
1.584057353326883078e+09 6.853377859929545846e-01 -7.274033911714123946e-01 3.458938652948789771e-02 4.527490709387117090e-02 -4.845875519659710584e-03 -9.989628123293772255e-01 7.268165532102647264e-01 6.861929933087793643e-01 2.961205934727516309e-02 6.104674812638589965e-02 -5.013644749720920224e-01 3.599001512826663918e-01
1.584057353326899052e+09 6.830296117260500344e-01 -7.289038004399269743e-01 4.658110418908743139e-02 3.923874162131400778e-02 -2.706383544713383132e-02 -9.988632889969455420e-01 7.293359108146403313e-01 6.840809883186251827e-01 1.011586686798074397e-02 5.710626788549287569e-02 -5.095859296431080043e-01 3.578939800389667192e-01
1.584057353326917887e+09 6.811197005327160880e-01 -7.298374773504534563e-01 5.842268616583336932e-02 3.287609339297517530e-02 -4.922696109942263643e-02 -9.982463968996139192e-01 7.314336033925491476e-01 6.818459965565466518e-01 -9.535247941171923550e-03 5.292618569601636319e-02 -5.177975776404347696e-01 3.563972587714708817e-01
1.584057353326934099e+09 6.796488456508457121e-01 -7.301887703973420907e-01 7.001290058962320040e-02 2.612167231631694342e-02 -7.129284101040954391e-02 -9.971133281603413723e-01 7.330723736324088469e-01 6.795157764699898406e-01 -2.938034531164707142e-02 4.850462385281129746e-02 -5.259612386240821724e-01 3.554231670375925245e-01
1.584057353326951027e+09 6.786338866017089799e-01 -7.299686282383452962e-01 8.125176799042033160e-02 1.892048694379310642e-02 -9.321402444373894092e-02 -9.954663032768819031e-01 7.342329761537450539e-01 6.770944893447583546e-01 -4.944683379827069514e-02 4.384393693647712503e-02 -5.340375202475251548e-01 3.549803385133875056e-01
1.584057353326967001e+09 6.780708688063721290e-01 -7.292098705974255912e-01 9.204814803861822992e-02 1.123094135972659002e-02 -1.149420169483541532e-01 -9.933087127549762307e-01 7.349107176888354243e-01 6.745674891590178746e-01 -6.974912000217578512e-02 3.895067752167718361e-02 -5.419868547625460442e-01 3.550726291562286141e-01
1.584057353326982975e+09 6.779392808180658703e-01 -7.279615060315897113e-01 1.023248616807520550e-01 3.025863132615240134e-03 -1.364306500293863689e-01 -9.906450030277197394e-01 7.351116757454849715e-01 6.719067818804841385e-01 -9.028898488174016967e-02 3.383539271426058009e-02 -5.497705480525532096e-01 3.556990512192166332e-01
1.584057353326999903e+09 6.782066570662653726e-01 -7.262829864034919813e-01 1.120212213364402826e-01 -5.708176948728571100e-03 -1.576383957117452050e-01 -9.874804064143645199e-01 7.348490642081334512e-01 6.690763483546281476e-01 -1.110571611836243255e-01 2.851226783847819052e-02 -5.573517847543445480e-01 3.568538742026400312e-01
1.584057353327016115e+09 6.788329599874864950e-01 -7.242390739307619230e-01 1.210932544959525958e-01 -1.497276287643893068e-02 -1.785295097583847468e-01 -9.838206293101431354e-01 7.341400608511579051e-01 6.660367692611336432e-01 -1.320355754747489507e-01 2.299864294877953380e-02 -5.646965384297677470e-01 3.585268830244321969e-01
1.584057353327029943e+09 6.797742901016943229e-01 -7.218957598262075726e-01 1.295122639735768466e-01 -2.476014827094031451e-02 -1.990741668754500981e-01 -9.796715833785196725e-01 7.330033081192448563e-01 6.627488122203227805e-01 -1.531997465144550874e-01 1.731443405631761731e-02 -5.717743441462294074e-01 3.607037753050877371e-01
1.584057353327043056e+09 6.809857372061658420e-01 -7.193173635312593017e-01 1.372623630209487411e-01 -3.505594907493540108e-02 -2.192478525621874841e-01 -9.750392093245554559e-01 7.314571117262652633e-01 6.591759323141241911e-01 -1.745210133713813172e-01 1.148149490154549285e-02 -5.785589022536288262e-01 3.633666715852165718e-01
1.584057353327059031e+09 6.824233324854812599e-01 -7.165647527949466911e-01 1.443376263806809001e-01 -4.584163812711617575e-02 -2.390303324785887362e-01 -9.699294018164040798e-01 7.295182928694452507e-01 6.552857813818546706e-01 -1.959683781453561147e-01 5.522955855281773754e-03 -5.850284951034698810e-01 3.664947069568377236e-01
1.584057353327075958e+09 6.840451971506047446e-01 -7.136944784576978451e-01 1.507393768464855011e-01 -5.709658406354212873e-02 -2.584044975645234943e-01 -9.643480159494447479e-01 7.272015872373619461e-01 6.510509251455051105e-01 -2.175098722631736425e-01 -5.374256068729202016e-04 -5.911662115491903569e-01 3.700646702423353585e-01
1.584057353327092886e+09 6.858120690793935159e-01 -7.107585435217365077e-01 1.564739555765842227e-01 -6.879949788909148212e-02 -2.773553180575437094e-01 -9.583009218269266105e-01 7.245194511753451083e-01 6.464490083778640095e-01 -2.391134554581814120e-01 -6.675872723362821261e-03 -5.969599868347544858e-01 3.740516565018021655e-01
1.584057353327109098e+09 6.876874229826217544e-01 -7.078045185213602819e-01 1.615511432647503687e-01 -8.092926043897986921e-02 -2.958690565808804740e-01 -9.517940724241085171e-01 7.214821295164145498e-01 6.414625982834991635e-01 -2.607475252751990102e-01 -1.286913193198981065e-02 -6.024024746012706100e-01 3.784297030731473832e-01
1.584057353327125072e+09 6.896373896057317321e-01 -7.048757716699963760e-01 1.659831841732807567e-01 -9.346524101772314685e-02 -3.139327764782502417e-01 -9.448335624400128196e-01 7.180978482863654699e-01 6.360788932549786834e-01 -2.823811643635464885e-01 -1.909493305687408674e-02 -6.074907758871658237e-01 3.831723832091257775e-01
1.584057353327142000e+09 6.916306212989523639e-01 -7.020116665810357537e-01 1.697842858559762969e-01 -1.063872464124741013e-01 -3.315341261361746117e-01 -9.374256648645930001e-01 7.143730381359337800e-01 6.302894123112690039e-01 -3.039842417923168116e-01 -2.533235740037383457e-02 -6.122260532711009118e-01 3.882533388427881760e-01
1.584057353327157974e+09 6.936381907408186720e-01 -6.992476598436240254e-01 1.729704327534076491e-01 -1.196752461839346166e-01 -3.486613450677806259e-01 -9.295768403124458068e-01 7.103125339797218274e-01 6.240897185024135707e-01 -3.255274604026267005e-01 -3.156210998833360731e-02 -6.166130585228175587e-01 3.936467414894708194e-01
1.584057353327176094e+09 6.956335594270878220e-01 -6.966152839581007949e-01 1.755593837214539654e-01 -1.333089826238154363e-01 -3.653034395055008710e-01 -9.212937166703049074e-01 7.059197307637364860e-01 6.174791845271563329e-01 -3.469824066713337873e-01 -3.776669705206683186e-02 -6.206596030374449402e-01 3.993276746306732572e-01
1.584057353327194929e+09 6.975926089295594323e-01 -6.941420643225209020e-01 1.775706804706281283e-01 -1.472676093679229636e-01 -3.814504298592933385e-01 -9.125830487852307771e-01 7.011966937512473796e-01 6.104607802163217745e-01 -3.683216429091533128e-01 -4.393051447043802571e-02 -6.243760017557333786e-01 4.052724336581616238e-01
1.584057353327214956e+09 6.994937085141543776e-01 -6.918514152911068305e-01 1.790256153925732507e-01 -1.615294001060894047e-01 -3.970936282414133101e-01 -9.034516608266138782e-01 6.961442413602599855e-01 6.030408523931219955e-01 -3.895188387115876560e-01 -5.003985699833141815e-02 -6.277745183872772694e-01 4.114587446006627292e-01
1.584057353327230930e+09 7.013178069422569827e-01 -6.897625196571860462e-01 1.799472150375081292e-01 -1.760714793570732073e-01 -4.122259705205613689e-01 -8.939063617204673351e-01 6.907620197651656024e-01 5.952288768120671536e-01 -4.105489208417104074e-01 -5.608286085958294476e-02 -6.308688353326636911e-01 4.178659071138045022e-01
1.584057353327240944e+09 7.030485088595141985e-01 -6.878902656423977469e-01 1.803601305242569508e-01 -1.908696723996012867e-01 -4.268423106806714107e-01 -8.839538506674339269e-01 6.850485840249268543e-01 5.870371575417826504e-01 -4.313882396820829523e-01 -6.204939406365076598e-02 -6.336735678472293909e-01 4.244748693274964513e-01
1.584057353327255011e+09 7.046720985915004842e-01 -6.862452938903412791e-01 1.802904050078416864e-01 -2.058985036702598026e-01 -4.409396234647521839e-01 -8.736006265932052539e-01 6.790015020438373572e-01 5.784804622117565298e-01 -4.520147289710641503e-01 -6.793090913278894416e-02 -6.362038356737752531e-01 4.312682447560339805e-01
1.584057353327265024e+09 7.061775065386312056e-01 -6.848341429977454764e-01 1.797651965796127072e-01 -2.211312787083459797e-01 -4.545171402535282956e-01 -8.628528999380464803e-01 6.726174893348921824e-01 5.695756015578281595e-01 -4.724080305161669213e-01 -7.372027181534447637e-02 -6.384748988181362384e-01 4.382302829934944244e-01
1.584057353327274084e+09 7.075562244968132131e-01 -6.836594728835275747e-01 1.788125117834720446e-01 -2.365402036296043731e-01 -4.675764381371766976e-01 -8.517165060656898268e-01 6.658925749434619901e-01 5.603409673817015824e-01 -4.925495701492429990e-01 -7.941157742112051054e-02 -6.405018588807228630e-01 4.453468058735343682e-01
1.584057353327286005e+09 7.088021811384539461e-01 -6.827203433219243278e-01 1.774609841222748730e-01 -2.520965126277808221e-01 -4.801214961449954410e-01 -8.401968206315304499e-01 6.588222950501082531e-01 5.507960437817059907e-01 -5.124225813180254274e-01 -8.499996440928685171e-02 -6.422994240979065239e-01 4.526051193592099953e-01
1.584057353327295065e+09 7.099115886738800452e-01 -6.820125290974862198e-01 1.757397122976493975e-01 -2.677705895856116181e-01 -4.921587242306333376e-01 -8.282986790135423716e-01 6.514019095297122197e-01 5.409609046968123502e-01 -5.320120788064405248e-01 -9.048143237018739515e-02 -6.438817329137416223e-01 4.599939103496838433e-01
1.584057353327306986e+09 7.108827675399191914e-01 -6.815288619995495401e-01 1.736781538774136158e-01 -2.835320849882240202e-01 -5.036969592503980353e-01 -8.160263048229899896e-01 6.436266368905977364e-01 5.308557088297322091e-01 -5.513047876021761606e-01 -9.585266983410287156e-02 -6.452622301614718836e-01 4.675031353397391953e-01
1.584057353327322960e+09 7.117159562795717376e-01 -6.812595890857796599e-01 1.713060708603516002e-01 -2.993500276755017842e-01 -5.147474253659062304e-01 -8.033832517228480796e-01 6.354919028787385793e-01 5.205002021636342402e-01 -5.702890329196897978e-01 -1.011108965173836416e-01 -6.464535905229527035e-01 4.751239054538700102e-01
1.584057353327337980e+09 7.124130706435628513e-01 -6.811928109463929459e-01 1.686534053882216833e-01 -3.151930266812816295e-01 -5.253235530166810996e-01 -7.903723936957520735e-01 6.269935987097704500e-01 5.099132465982041396e-01 -5.889545893071463922e-01 -1.062537233743140463e-01 -6.474676832050982878e-01 4.828483712896300961e-01
1.584057353327349901e+09 7.129773800073986312e-01 -6.813150510451326802e-01 1.657499830317814837e-01 -3.310296340799970261e-01 -5.354405638170153248e-01 -7.769960000663514998e-01 6.181283338212117950e-01 4.991124161298772788e-01 -6.072924823655466708e-01 -1.112790317933066986e-01 -6.483155701296752227e-01 4.906696108047815530e-01
1.584057353327367067e+09 7.134131594657086017e-01 -6.816118500775731892e-01 1.626251819149343580e-01 -3.468287399526064352e-01 -5.451149520445107699e-01 -7.632558642678927141e-01 6.088936599740487621e-01 4.881136906382761431e-01 -6.252947592937171395e-01 -1.161848713844766817e-01 -6.490075292953774166e-01 4.985815230208645032e-01
1.584057353327397108e+09 7.137252651070532528e-01 -6.820684765045016418e-01 1.593073738550003504e-01 -3.625601359478552443e-01 -5.543637112256150079e-01 -7.491535380925363752e-01 5.992882393977880806e-01 4.769313044171202276e-01 -6.429542263114712553e-01 -1.209693754801910437e-01 -6.495530966970456399e-01 5.065787288619491013e-01
1.584057353327414036e+09 7.139186174055087708e-01 -6.826707765815385187e-01 1.558230361058609015e-01 -3.781952949494417626e-01 -5.632032460694341713e-01 -7.346906986166946707e-01 5.893119095264298668e-01 4.655778286358431273e-01 -6.602641584383825979e-01 -1.256306938514180904e-01 -6.499611221047714160e-01 5.146564792174076475e-01
1.584057353327423096e+09 7.139976394951215166e-01 -6.834060820737820618e-01 1.521955907306122846e-01 -3.937082834240070994e-01 -5.716480693464836005e-01 -7.198696218862754570e-01 5.789655935088975358e-01 4.540645459586919452e-01 -6.772180075732747717e-01 -1.301669413451394253e-01 -6.502398340019071021e-01 5.228105703899755818e-01
1.584057353327433109e+09 7.139657451536857158e-01 -6.842640148426510915e-01 1.484441740063950632e-01 -4.090766196567591217e-01 -5.797095227692204977e-01 -7.046936842343711760e-01 5.682510308871950855e-01 4.424021104183123443e-01 -6.938091515239350748e-01 -1.345761595093156182e-01 -6.503969083805576368e-01 5.310372676201381426e-01
1.584057353327445984e+09 7.138249515186813055e-01 -6.852370649653687362e-01 1.445825143123531387e-01 -4.242819267053865029e-01 -5.873947307226640158e-01 -6.891678149256128538e-01 5.571703378376924309e-01 4.306014342964603614e-01 -7.100307173362023772e-01 -1.388562882705088319e-01 -6.504395375217105757e-01 5.393332368245450370e-01
1.584057353327455997e+09 7.135756212539637877e-01 -6.863209414345875503e-01 1.406179154953009769e-01 -4.393103713074952288e-01 -5.947058178936400763e-01 -6.732988845706318060e-01 5.457254167784233445e-01 4.186747611378728307e-01 -7.258754810664571622e-01 -1.430051451758524439e-01 -6.503744963582425154e-01 5.476954841613925762e-01
1.584057353327464104e+09 7.132163054332024688e-01 -6.875147498720330930e-01 1.365502487382986851e-01 -4.541529408871671225e-01 -6.016393283404907200e-01 -6.570960546346858999e-01 5.339172295877869789e-01 4.066369233176306830e-01 -7.413358245015366776e-01 -1.470204119085708749e-01 -6.502082064007150830e-01 5.561213019384255718e-01
1.584057353327472925e+09 7.127437050875375935e-01 -6.888209627470678331e-01 1.323710398696571477e-01 -4.688054828607890467e-01 -6.081859269055391870e-01 -6.405710715390151577e-01 5.217449857922601408e-01 3.945067295976615318e-01 -7.564037349511776309e-01 -1.508996274426311346e-01 -6.499467967980449012e-01 5.646082198923465523e-01
1.584057353327481985e+09 7.121527692453261116e-01 -6.902451416935323492e-01 1.280627880477821501e-01 -4.832684150290654790e-01 -6.143304806887371905e-01 -6.237384866039369369e-01 5.092053342138149752e-01 3.823083898759678245e-01 -7.710708286428306080e-01 -1.546401869305520371e-01 -6.495961619542842680e-01 5.731539611954955538e-01
1.584057353327491045e+09 7.114369495829853118e-01 -6.917953594576831122e-01 1.235987356681060717e-01 -4.975459956925702976e-01 -6.200526523430290871e-01 -6.066157685319375492e-01 4.962916975301283062e-01 3.700728158893206166e-01 -7.853283784810735080e-01 -1.582393462516511751e-01 -6.491620157476695185e-01 5.817564023460840561e-01
1.584057353327500105e+09 7.105885233006342672e-01 -6.934814707364119757e-01 1.189428449154014966e-01 -5.116453401644878163e-01 -6.253277623332790247e-01 -5.892234174590732509e-01 4.829937851971721208e-01 3.578388457200847861e-01 -7.991672941880972880e-01 -1.616942325586415152e-01 -6.486499424975364914e-01 5.904135361725306730e-01
1.584057353327508926e+09 7.095989794779999915e-01 -6.953142196404492603e-01 1.140500957801291182e-01 -5.255751594841753249e-01 -6.301279592699295939e-01 -5.715850827465911443e-01 4.692973898855570258e-01 3.456542940837710187e-01 -8.125780386974243985e-01 -1.650018616363305157e-01 -6.480654448525358102e-01 5.991234372560205745e-01
1.584057353327517033e+09 7.084594603743528118e-01 -6.973041778289870152e-01 1.088672432194557615e-01 -5.393442218987191117e-01 -6.344237358098725466e-01 -5.537276712287730884e-01 4.551845816871714634e-01 3.335766885295994855e-01 -8.255504767179296932e-01 -1.681591630905495405e-01 -6.474139885656465809e-01 6.078842292710295858e-01
1.584057353327526093e+09 7.071612439470286171e-01 -6.994605201798038685e-01 1.033341948581015940e-01 -5.529595733771659472e-01 -6.381858212489099902e-01 -5.356814052273300986e-01 4.406344123690054126e-01 3.216734965370113830e-01 -8.380736700357398483e-01 -1.711630139346577428e-01 -6.467010436316211752e-01 6.166940541344536619e-01
1.584057353327534914e+09 7.056962261819789139e-01 -7.017897141232370961e-01 9.738600290196303133e-02 -5.664246756880846334e-01 -6.413873517004301528e-01 -5.174798082913834030e-01 4.256241572289947706e-01 3.100217126876583240e-01 -8.501356448182951775e-01 -1.740102803252168429e-01 -6.459321208149241267e-01 6.255510432560446032e-01
1.584057353327543020e+09 7.040573704324470938e-01 -7.042941974138757777e-01 9.095549838671232457e-02 -5.797376269445450037e-01 -6.440062351919491057e-01 -4.991595467158066457e-01 4.101310804316017911e-01 2.987066330562498373e-01 -8.617231831496152683e-01 -1.766978665840929219e-01 -6.451128024602369448e-01 6.344532914008457203e-01
1.584057353327552080e+09 7.022390673085654456e-01 -7.069712042876159508e-01 8.397623897029816986e-02 -5.928897618133170955e-01 -6.460274174016260584e-01 -4.807601339974681975e-01 3.941345237008697100e-01 2.878198957381495338e-01 -8.728216799493863087e-01 -1.792227694987232334e-01 -6.442487663525635622e-01 6.433988339429826953e-01
