1.592830852877238035e+09 4.535978134495103897e-01 -7.087577302336846019e-01 -5.402883581043291805e-01 -8.399555574862281881e-01 -1.373687571692559783e-01 -5.249804672022223562e-01 2.978652234290172229e-01 6.919481984392147345e-01 -6.576351599939566084e-01 -5.480726045448394146e-01 -1.891364450772554662e-01 3.478312507384216934e-01
1.592830852877290010e+09 4.312491796146322165e-01 -7.804215066996877948e-01 -4.527321762339725497e-01 -8.561535497027576991e-01 -1.956622658169569484e-01 -4.782440611328405700e-01 2.846493467375358355e-01 5.938506164862858983e-01 -7.525398321768240750e-01 -5.559125781449473225e-01 -2.011705719711932017e-01 3.450022417621567694e-01
1.592830852877306938e+09 4.109737328925263666e-01 -8.393682394917592049e-01 -3.557549097906310687e-01 -8.714546916501653140e-01 -2.471148041188646893e-01 -4.236755821714306425e-01 2.677075221221109635e-01 4.841438188597789183e-01 -8.330290808675764325e-01 -5.631240362254933407e-01 -2.137774746460689712e-01 3.431720600126277332e-01
1.592830852877320051e+09 3.926052599648667818e-01 -8.847243907464933388e-01 -2.512446391496114817e-01 -8.857370613945778626e-01 -2.901629350658374018e-01 -3.623193813863215262e-01 2.476509115534226702e-01 3.647851818164392079e-01 -8.975526733545372560e-01 -5.696646087397476688e-01 -2.268466530773502743e-01 3.423317182638819789e-01
1.592830852877331018e+09 3.759060061081225812e-01 -9.158422008352692378e-01 -1.411656621714482140e-01 -8.989403083108151726e-01 -3.234257354444439181e-01 -2.954693227534244127e-01 2.249466663175181957e-01 2.379681958929227570e-01 -9.448651434824300033e-01 -5.755012994489059341e-01 -2.402707086182142571e-01 3.424600239106670996e-01
1.592830852877341986e+09 3.605906599101417198e-01 -9.323175723666925485e-01 -2.753773188006936393e-02 -9.110496523414544079e-01 -3.457299982468965971e-01 -2.246314853772865550e-01 1.999072608118664662e-01 1.060882560458752816e-01 -9.740546048943106161e-01 -5.806103128803452584e-01 -2.539474049439000014e-01 3.435252221597829281e-01
1.592830852877352953e+09 3.463477303659687756e-01 -9.340083346045252588e-01 8.758816697977153676e-02 -9.220760922206924226e-01 -3.561288537497065421e-01 -1.514857241591674730e-01 1.726816022243375381e-01 -2.829621806925852745e-02 -9.845711719363832160e-01 -5.849765779991173975e-01 -2.677813007902259401e-01 3.454867885142993145e-01
1.592830852877363920e+09 3.328609681748039284e-01 -9.210513910721377373e-01 2.021581492422835635e-01 -9.320321235007344995e-01 -3.539154358760560060e-01 -7.784593729580899235e-02 1.432469982209590154e-01 -1.625060146681936157e-01 -9.762541149768926285e-01 -5.885930323249516372e-01 -2.816849383166311060e-01 3.482972706048073075e-01
1.592830852877373934e+09 3.198335959081374802e-01 -8.938777874453414096e-01 3.141480200089511454e-01 -9.409016362611895001e-01 -3.386333618464299478e-01 -5.618012788457794199e-03 1.114028169657325651e-01 -2.937855559587894683e-01 -9.493573951858461646e-01 -5.914597345680102647e-01 -2.955795975960651689e-01 3.519040904915846646e-01
1.592830852877384901e+09 3.070182902510751877e-01 -8.532250117368012088e-01 4.216003501342181492e-01 -9.486022937564201341e-01 -3.100863661038241181e-01 6.324665033560115945e-02 7.676889665854962075e-02 -4.193489363246242774e-01 -9.045733858682809547e-01 -5.935828760615133870e-01 -3.093956508438105435e-01 3.562512310220485312e-01
1.592830852877396107e+09 2.942544102806676776e-01 -8.001461836907892700e-01 5.226666559009627289e-01 -9.549394453383495129e-01 -2.683488789516938477e-01 1.268051254655929716e-01 3.879437420708881090e-02 -5.364279721686494584e-01 -8.430539908670628968e-01 -5.949737551948521830e-01 -3.230725687546069369e-01 3.612807498494665093e-01
1.592830852877405882e+09 2.885500648279443192e-01 -7.327154589714152122e-01 6.163334509073403744e-01 -9.574645830718934159e-01 -2.212624581553969128e-01 1.852147448668354512e-01 6.617479758514316357e-04 -6.435611751309181505e-01 -7.653943952405839468e-01 -5.959219953945297243e-01 -3.366389049043818638e-01 3.666977648884522933e-01
1.592830852877415895e+09 2.897196728432430146e-01 -6.522692577785362822e-01 7.004336749185429145e-01 -9.564233627498831547e-01 -1.695544966771001250e-01 2.377091264231794010e-01 -3.628867574407467628e-02 -7.387801386286870775e-01 -6.729688277271766994e-01 -5.964437817749015380e-01 -3.500827053730339866e-01 3.724667037744086584e-01
1.592830852877425909e+09 2.973635849813055509e-01 -5.603885457259166758e-01 7.730068451065045254e-01 -9.521358100193938467e-01 -1.140181145547596447e-01 2.836146571920797888e-01 -7.079762164183137085e-02 -8.203441670728329749e-01 -5.674708350491776132e-01 -5.965554255989189425e-01 -3.633952565221485465e-01 3.785537560574385729e-01
1.592830852877435923e+09 3.108859323299299482e-01 -4.588655448064480336e-01 8.323414895967190530e-01 -9.449876142430785331e-01 -5.549962380060202011e-02 3.223634681958500448e-01 -1.017268481702285482e-01 -8.867706628413150050e-01 -4.508763069815232005e-01 -5.962730505027884487e-01 -3.765705876445495370e-01 3.849271069859336314e-01
1.592830852877445936e+09 3.295199198990703127e-01 -3.496674401151984579e-01 8.770115792555123191e-01 -9.354188412750918946e-01 5.114592257523274677e-03 3.535045081405530643e-01 -1.280945722247890384e-01 -9.368599292587138638e-01 -3.254001503193822975e-01 -5.956123319695620921e-01 -3.896049941442715214e-01 3.915570682344951536e-01
1.592830852877455950e+09 3.523594115400684457e-01 -2.348980437183184056e-01 9.059060440198514197e-01 -9.239105104607022723e-01 6.691172179012121191e-02 3.767123505931502248e-01 -1.491047264675868789e-01 -9.697142544021069011e-01 -1.934477957133720338e-01 -5.945882884548195912e-01 -4.024965962621622206e-01 3.984161219339118487e-01
1.592830852877465963e+09 3.783954237873365378e-01 -1.167582573813638336e-01 9.182507386467609889e-01 -9.109695562867359264e-01 1.289665450586248430e-01 3.917934439426974946e-01 -1.641687440549274013e-01 -9.847513107993571824e-01 -5.756286707892482868e-02 -5.932151195860480009e-01 -4.152449423794398742e-01 4.054788952185005568e-01
1.592830852877476931e+09 4.065559589487477976e-01 2.493969839194795646e-03 9.136224815496596374e-01 -8.971127755351020472e-01 1.903556082922657211e-01 3.986896227712448670e-01 -1.729188423209915282e-01 -9.817120387119648850e-01 7.962757895563615795e-02 -5.915060871184933955e-01 -4.278506617688577207e-01 4.127220806115213247e-01
1.592830852877486944e+09 4.357473976505509272e-01 1.205836000972200922e-01 8.919550477819042644e-01 -8.828504396217303762e-01 2.501713718070525672e-01 3.974787930569192440e-01 -1.752121930424208329e-01 -9.606632523978697602e-01 2.154688079829252811e-01 -5.894734363005215139e-01 -4.403151691993893446e-01 4.201243149433964152e-01
1.592830852877496958e+09 4.648956030200578904e-01 2.352582572155079710e-01 8.535371328417945547e-01 -8.686704380415505300e-01 3.075354572015189247e-01 3.883730392015435906e-01 -1.711249670223463359e-01 -9.219953900902153610e-01 3.473337740933967188e-01 -5.871283548195990187e-01 -4.526404211604421746e-01 4.276660286002496592e-01
1.592830852877506971e+09 4.929841403490385909e-01 3.443277810762027102e-01 7.990025175046139294e-01 -8.550241332343450074e-01 3.616103451858413420e-01 3.717145339955434946e-01 -1.609359344935967773e-01 -8.664158019209402539e-01 4.726767261906780204e-01 -5.844809638276722286e-01 -4.648287203593621242e-01 4.353292767047443057e-01
1.592830852877517939e+09 5.190869002779642249e-01 4.457029748985391615e-01 7.293131388927940328e-01 -8.423147943236153345e-01 4.116104635076254237e-01 3.479692781506631416e-01 -1.451019757673863708e-01 -7.949375377499457995e-01 5.890838072943650472e-01 -5.815403337502073056e-01 -4.768825628364973812e-01 4.430975625015907138e-01
1.592830852877527952e+09 5.423929557449553851e-01 5.374339701549109005e-01 6.457357166186752373e-01 -8.308896958496649887e-01 4.568115496466438330e-01 3.177192571789965170e-01 -1.242264107309549725e-01 -7.088638376471190217e-01 6.943197122832341917e-01 -5.783145195665201355e-01 -4.888045220143316105e-01 4.509556602454434793e-01
1.592830852877537966e+09 5.622213753387286239e-01 6.177483956447182845e-01 5.498127419638961788e-01 -8.210369140067224070e-01 4.965578350351859127e-01 2.816535234034491797e-01 -9.902281184064619379e-02 -6.097681860459257530e-01 7.863696626481743168e-01 -5.748106128272434390e-01 -5.005971648404873298e-01 4.588894424881532208e-01
1.592830852877547979e+09 5.780249775314246774e-01 6.850888308918755554e-01 4.433288007475401082e-01 -8.129870817490084667e-01 5.302675377158897474e-01 2.405584093230764831e-01 -7.027899149213175101e-02 -4.994693553034598721e-01 8.634762479533326651e-01 -5.710348067523440818e-01 -5.122629947500738634e-01 4.668857159291327497e-01
1.592830852877557993e+09 5.893845229169148991e-01 7.381480770874968567e-01 3.282732198539567992e-01 -8.069190690582381809e-01 5.574378044326403492e-01 1.953067206257735333e-01 -3.882662209223100569e-02 -3.800006779181227534e-01 9.241709703894860350e-01 -5.669924681846221226e-01 -5.238044150953846678e-01 4.749320693425938544e-01
1.592830852877568960e+09 5.959970129467908606e-01 7.759003753765769673e-01 2.067998415962699066e-01 -8.029676790763476957e-01 5.776497738700423490e-01 1.468456674496139702e-01 -5.520272789667320795e-03 -2.535731670434662188e-01 9.673004599687958782e-01 -5.626882114052528250e-01 -5.352237075166983438e-01 4.830167352052837093e-01
1.592830852877578974e+09 5.976621288299366341e-01 7.976271448660863239e-01 8.118450572920966890e-02 -8.012316080269048513e-01 5.905731512502655489e-01 9.618351346796250034e-02 2.877319217648433014e-02 -1.225328349894162505e-01 9.920472831843256678e-01 -5.581259705119736569e-01 -5.465230209096653136e-01 4.911284651574436833e-01
1.592830852877588034e+09 5.942702878519894316e-01 8.029362450339180279e-01 -4.621923649735101836e-02 -8.017803145670518994e-01 5.959691117448833175e-01 4.437510519271611886e-02 6.317561786189981876e-02 1.068686747141181503e-02 9.979452071548746694e-01 -5.533090716268245224e-01 -5.577043692353865767e-01 4.992564183245514209e-01
1.592830852877599001e+09 5.857962572028441173e-01 7.917732648507375126e-01 -1.730255719539618708e-01 -8.046579089370262672e-01 5.936914175588272613e-01 -7.493680282272117965e-03 9.679050146855310011e-02 1.436161643406286548e-01 9.848888264558195438e-01 -5.482403051060203980e-01 -5.687696363359512342e-01 5.073900619046629590e-01
1.592830852877608061e+09 5.723018067168458289e-01 7.644235327026763782e-01 -2.968624447690327295e-01 -8.098822087100243650e-01 5.836859558526851233e-01 -5.832253335890230650e-02 1.286913228142285426e-01 2.738017027583595775e-01 9.531375427035264636e-01 -5.429219972205480138e-01 -5.797205859389782390e-01 5.155190834918428333e-01
1.592830852877618074e+09 5.539498085228978796e-01 7.215038418684713850e-01 -4.154176479661565446e-01 -8.174373437935379405e-01 5.659895041768259194e-01 -1.070143685470624217e-01 1.579107504190544464e-01 3.988584863267082836e-01 9.033139582112235111e-01 -5.373560821514141717e-01 -5.905588759695926671e-01 5.236333146071746603e-01
1.592830852877628088e+09 5.310276187493604416e-01 6.639455031557947029e-01 -5.264846088916896871e-01 -8.272609725663890856e-01 5.407263055385148620e-01 -1.524937726901370860e-01 1.834365226199451138e-01 5.165185727953649497e-01 8.363968020255168057e-01 -5.315441755432782633e-01 -6.012860767242105275e-01 5.317226652291946465e-01
1.592830852877638102e+09 5.039775891680279285e-01 5.929695791078610778e-01 -6.280077024243265749e-01 -8.392265442532164110e-01 5.081032902618941582e-01 -1.937262470289767280e-01 2.042190084384639948e-01 6.246744186286908862e-01 7.537084791982158194e-01 -5.254876512974826497e-01 -6.119036928667299646e-01 5.397770695800910845e-01
1.592830852877648115e+09 4.734306915570851704e-01 5.100556908055822181e-01 -7.181271328977016921e-01 -8.531218506524351763e-01 4.684051686531204850e-01 -2.297383530464522372e-01 2.191951060633080262e-01 7.214151334484945055e-01 6.568970353269648621e-01 -5.191877231993894393e-01 -6.224131893372806257e-01 5.477864439521549222e-01
1.592830852877659082e+09 4.402373079354255925e-01 4.169061748484914065e-01 -7.952234657693529885e-01 -8.686260684803569498e-01 4.219909907698270457e-01 -2.596389065751675274e-01 2.273320744186338727e-01 8.050545630573958666e-01 5.479117472302960090e-01 -5.126455318607645584e-01 -6.328160209040677442e-01 5.557406576668728615e-01
1.592830852877669096e+09 4.054871510302111570e-01 3.154080893711554423e-01 -8.579614874479465358e-01 -8.852889837141711959e-01 3.692930456548244589e-01 -2.826412331691967039e-01 2.276918790131268189e-01 8.741512385875005453e-01 4.289708901771541183e-01 -5.058622359649170841e-01 -6.431136645507867788e-01 5.636295181709055635e-01
1.592830852877679110e+09 3.705101310273218318e-01 2.075950553402020338e-01 -9.053322827778031989e-01 -9.025165407621276170e-01 3.108191707341294574e-01 -2.980861313395871681e-01 2.195134220538718650e-01 9.275212883661597685e-01 3.025196216408899685e-01 -4.988391058588371729e-01 -6.533076535959952968e-01 5.714427709376319608e-01
1.592830852877688885e+09 3.368507917942503704e-01 9.561117191119386516e-02 -9.366910132528269983e-01 -9.195675688723714547e-01 2.471574425530630448e-01 -3.054647112366276618e-01 2.023043159483339237e-01 9.642467042348767947e-01 1.711761123312019461e-01 -4.915776159822197178e-01 -6.633996118712187640e-01 5.791701140049765328e-01
1.592830852877697945e+09 3.062129169777412785e-01 -1.832250219918665768e-02 -9.517867102583417172e-01 -9.355649842112070402e-01 1.789825236497904482e-01 -3.044395202465126626e-01 1.759312809153206758e-01 9.836816285581544417e-01 3.766486883875902469e-02 -4.840795319877934100e-01 -6.733912861088611201e-01 5.868012259998867108e-01
1.592830852877707958e+09 2.803755220560334438e-01 -1.319391011267063152e-01 -9.507794942366690760e-01 -9.495231991600113775e-01 1.070614567507639781e-01 -2.948619061144252540e-01 1.406956524294061817e-01 9.854592443698741988e-01 -9.526182543595117236e-02 -4.763469881351682367e-01 -6.832845746533325881e-01 5.943258054087672271e-01
1.592830852877718925e+09 2.610867570416076644e-01 -2.429561267267823510e-01 -9.342408855421973080e-01 -9.603908096868467581e-01 3.225671299812120363e-02 -2.767833124985866200e-01 9.738174169208171915e-02 9.695008144619025048e-01 -2.249110300867741274e-01 -4.683825501667973068e-01 -6.930815505038592228e-01 6.017336174993679343e-01
1.592830852877728939e+09 2.499460126623357092e-01 -3.491067371853208146e-01 -9.031342553802683693e-01 -9.671052562775038774e-01 -4.447517175818041513e-02 -2.504583544615641144e-01 4.726964800253838361e-02 9.360269491368393702e-01 -3.487393513489212005e-01 -4.601892610001570572e-01 -7.027844776236370494e-01 6.090145450417601136e-01
1.592830852877738953e+09 2.482865062623608177e-01 -4.481739349217927493e-01 -8.587746743471189603e-01 -9.686545010757233731e-01 -1.220909099335085457e-01 -2.163383280869113356e-01 -7.891381246564958818e-03 8.855698381373382500e-01 -4.644392233601714048e-01 -4.517706674414049273e-01 -7.123958198147640752e-01 6.161586385262447507e-01
1.592830852877748966e+09 2.570714606102492139e-01 -5.380281615893907077e-01 -8.027701837460746725e-01 -9.641395593643145023e-01 -1.994755952639056806e-01 -1.750554252372276687e-01 -6.594831104056789184e-02 8.189842420819658519e-01 -5.700137154527895600e-01 -4.431308280244710129e-01 -7.219182422304202262e-01 6.231561619542047570e-01
1.592830852877758980e+09 2.768131371646188055e-01 -6.166690333645356015e-01 -7.369489784358100870e-01 -9.528320953108140312e-01 -2.754644913759802805e-01 -1.273982616783566058e-01 -1.244407118183791794e-01 7.374541490321486759e-01 -6.638342350537320691e-01 -4.342743045786565115e-01 -7.313546065947696961e-01 6.299976316774736906e-01
1.592830852877768993e+09 3.075203504937074062e-01 -6.822706785600424206e-01 -6.632781932528004631e-01 -9.342226567402589499e-01 -3.488702702173481773e-01 -7.428032804005035850e-02 -1.807187516761865342e-01 6.424922259971195260e-01 -7.446774312666095685e-01 -4.252061415168600922e-01 -7.407079617333711674e-01 6.366738472426938245e-01
1.592830852877779961e+09 3.486772172243531864e-01 -7.332288886233052638e-01 -5.837804394737516889e-01 -9.080563674403206997e-01 -4.185147743066500725e-01 -1.670395702321973708e-02 -2.320729138233871280e-01 5.359298325095189774e-01 -8.117397252862585955e-01 -4.159318370283747734e-01 -7.499815310651639644e-01 6.431759143017679037e-01
1.592830852877789974e+09 3.992520021357214288e-01 -7.682082335358697556e-01 -5.004537492651736086e-01 -8.743546245748755608e-01 -4.832633461671249631e-01 4.427791411044974812e-02 -2.758656102912220298e-01 4.198960026223824138e-01 -8.646302772586469398e-01 -4.064573092832008960e-01 -7.591786982591963717e-01 6.494952598017648127e-01
1.592830852877799988e+09 4.577331970197361377e-01 -7.861867595823659460e-01 -4.151995975897898039e-01 -8.334225104273388363e-01 -5.420601609870140392e-01 1.075997487256137308e-01 -3.096566570046917488e-01 2.967847128417562264e-01 -9.033446702715879351e-01 -3.967888599904253466e-01 -7.683029919479449354e-01 6.556236397583161679e-01
1.592830852877810001e+09 5.221889372941040941e-01 -7.864956477706798177e-01 -3.297625149113915244e-01 -7.858424440613361872e-01 -5.939632623804165235e-01 1.722187591298019460e-01 -3.313161221165341064e-01 1.692106492047875665e-01 -9.282227037372685619e-01 -3.869331379429102880e-01 -7.773580704905362904e-01 6.615531408711399219e-01
1.592830852877820015e+09 5.903446440795691030e-01 -7.688516422219674462e-01 -2.456834546614883874e-01 -7.324554677453189999e-01 -6.381777226172767881e-01 2.371459193557895473e-01 -3.391197355200320507e-01 3.995436615898488586e-02 -9.398943865762929839e-01 -3.768971041651311693e-01 -7.863477073809634899e-01 6.672761769995320114e-01
