1.589264477162143946e+09 9.263797834154532396e-01 -2.965754126149071079e-01 -2.320851604430951287e-01 -2.520970035304331280e-01 -3.054954117062750815e-02 -9.672196373175750983e-01 2.797634678584253187e-01 9.545206915011413829e-01 -1.030662501962183730e-01 5.223144164589274552e-02 -8.812832018156966374e-01 2.774581100391905197e-01
1.589264477162200928e+09 9.273253751171354198e-01 -2.987927571807527105e-01 -2.253675600139690427e-01 -2.557933487925723726e-01 -6.642976341959966335e-02 -9.644463954585612564e-01 2.731984839545286148e-01 9.520031381895752709e-01 -1.380312052532315370e-01 4.182005003086320533e-02 -8.907544810238583466e-01 2.759036083407673257e-01
1.589264477162256002e+09 9.281720550284985327e-01 -3.003426412590473049e-01 -2.197519835917751130e-01 -2.603469783869364340e-01 -1.020912623001773156e-01 -9.601025077951554909e-01 2.659249656701170861e-01 9.483520824755268253e-01 -1.729515558740791215e-01 3.087924498208546517e-02 -8.996769352362877781e-01 2.748048469645438252e-01
1.589264477162292004e+09 9.288799894772385990e-01 -3.013812305877541786e-01 -2.152935651316134347e-01 -2.657519480984898985e-01 -1.374326282299729030e-01 -9.541950404656011075e-01 2.579881150167596116e-01 9.435473633463232757e-01 -2.077510674203349728e-01 1.944542693911211276e-02 -9.080051684117512734e-01 2.741513806556061805e-01
1.589264477162319899e+09 9.294119363300684666e-01 -3.020679990077621002e-01 -2.120103223359393607e-01 -2.719818010953586329e-01 -1.723595960537683547e-01 -9.467407617690309918e-01 2.494380739663530355e-01 9.375751137660728318e-01 -2.423500643398271981e-01 7.560692819220061513e-03 -9.157008123958257917e-01 2.739303832470191269e-01
1.589264477162344933e+09 9.297340956535972145e-01 -3.025573184343865463e-01 -2.098894486269358151e-01 -2.789952997711060423e-01 -2.067862829143414516e-01 -9.377638596073823996e-01 2.403250597776425135e-01 9.304292034272244605e-01 -2.766683274926043934e-01 -4.728508778555360129e-03 -9.227332751960979351e-01 2.741270363206362304e-01
1.589264477162370920e+09 9.298163189009635010e-01 -3.029929180713538117e-01 -2.088944827447148100e-01 -2.867419021294162484e-01 -2.406351225699956409e-01 -9.272938152716392324e-01 2.306961095305526399e-01 9.221117230114870278e-01 -3.106272295210557033e-01 -1.737279736665653385e-02 -9.290801758307446478e-01 2.747249491683808054e-01
1.589264477162393093e+09 9.296318465807309472e-01 -3.035049023642258925e-01 -2.089722572392948285e-01 -2.951664821304215702e-01 -2.738359473073400663e-01 -9.153636557633696436e-01 2.205932409355392532e-01 9.126328114502730848e-01 -3.441510916867778769e-01 -3.032127912259504135e-02 -9.347274657113596730e-01 2.757065898372781931e-01
1.589264477162487984e+09 9.291567758742469429e-01 -3.042087450542693139e-01 -2.100588620477092938e-01 -3.042129872487236986e-01 -3.063246633128807184e-01 -9.020086804173533812e-01 2.100527184889589005e-01 9.020101110370891684e-01 -3.771678876015402415e-01 -4.352289516357667198e-02 -9.396692556640440230e-01 2.770537078491841498e-01
1.589264477162512064e+09 9.283694532895908624e-01 -3.052055712758814932e-01 -2.120842231636956565e-01 -3.138269099815355068e-01 -3.380418916989458289e-01 -8.872656595096698462e-01 1.991050704681696093e-01 8.902680714565938125e-01 -4.096094875110781741e-01 -5.692764167135456327e-02 -9.439073847857967214e-01 2.787477306924550091e-01
1.589264477162534952e+09 9.272499506271949521e-01 -3.065830765903316268e-01 -2.149752229078287780e-01 -3.239566067470620037e-01 -3.689318408785185466e-01 -8.711724365749911048e-01 1.877755210984874967e-01 8.774372423540905963e-01 -4.414116443938762568e-01 -7.048761940497959289e-02 -9.474507762584359893e-01 2.807701207334410975e-01
1.589264477162552118e+09 9.257983636365838542e-01 -3.083965321435853668e-01 -2.186068825623600220e-01 -3.345016247676334542e-01 -3.989652490797181428e-01 -8.537771334321749839e-01 1.760853578067378966e-01 8.635498302493758160e-01 -4.725205157901749553e-01 -8.415961992087400700e-02 -9.502992877499136792e-01 2.831112881599023301e-01
1.589264477162561893e+09 9.239955691588132014e-01 -3.107107978367262269e-01 -2.229147562108551583e-01 -3.454259073207678332e-01 -4.280899378188798288e-01 -8.351167272944196585e-01 1.640522204855643096e-01 8.486446874758287739e-01 -5.028807649662835333e-01 -9.789984339590540596e-02 -9.524742945515637382e-01 2.857559592190637154e-01
1.589264477162571907e+09 9.218237035410586921e-01 -3.135809683050718166e-01 -2.278333517303797462e-01 -3.566947187487384818e-01 -4.562557344327123343e-01 -8.152297730892283933e-01 1.516902684023339054e-01 8.327650817903821112e-01 -5.324400261277808521e-01 -1.116687265513142263e-01 -9.540014417364487409e-01 2.886892779658720154e-01
1.589264477162580967e+09 9.192663166062081670e-01 -3.170524485562632444e-01 -2.332963443171190976e-01 -3.682737576459536588e-01 -4.834148158149277341e-01 -7.941565058582843450e-01 1.390103553903914158e-01 8.159582471246480395e-01 -5.611490536780534555e-01 -1.254311575474704454e-01 -9.549096545127185864e-01 2.918969754844731312e-01
1.589264477162590027e+09 9.163085676040012562e-01 -3.211609390384467244e-01 -2.392368291577319228e-01 -3.801283109126781246e-01 -5.095221749651148713e-01 -7.719388712706359845e-01 1.260201432444604808e-01 7.982748929980276742e-01 -5.889618995367179588e-01 -1.391565089599273441e-01 -9.552301800353891759e-01 2.953655015021757757e-01
1.589264477162599087e+09 9.129374312293760951e-01 -3.259324286411066640e-01 -2.455876602649601503e-01 -3.922225139464742272e-01 -5.345361480010399902e-01 -7.486204689632848241e-01 1.127242056577816287e-01 7.797686572165954955e-01 -6.158360943316943947e-01 -1.528185162298537902e-01 -9.549956960608609879e-01 2.990821203101236558e-01
1.589264477162607908e+09 9.091419462721813671e-01 -3.313831989721207627e-01 -2.522817813902406003e-01 -4.045186333886998664e-01 -5.584190195040121818e-01 -7.242464182960153263e-01 9.912414993079693426e-02 7.604954795613105833e-01 -6.417328329356190020e-01 -1.663950331000615124e-01 -9.542395126480023304e-01 3.030349746029544211e-01
1.589264477162617922e+09 9.049134286364404200e-01 -3.375199917963249141e-01 -2.592526606714962156e-01 -4.169765466150723854e-01 -5.811375760915641342e-01 -6.988631323402891837e-01 8.521881587245544454e-02 7.405129121975617679e-01 -6.666171170096435450e-01 -1.798676972570654731e-01 -9.529948861223754841e-01 3.072131208504438882e-01
1.589264477162627935e+09 9.002456064577292194e-01 -3.443404282944907968e-01 -2.664348283342876655e-01 -4.295534850529619253e-01 -6.026635211776693035e-01 -6.725180177792103864e-01 7.100459046741083857e-02 7.198793996385469685e-01 -6.904578180518100572e-01 -1.932215383774608108e-01 -9.512944542470969100e-01 3.116065408747263343e-01
1.589264477162636995e+09 8.951347110279910257e-01 -3.518336330833263248e-01 -2.737643950520625702e-01 -4.422039462178430913e-01 -6.229737676003731517e-01 -6.452591381361861833e-01 5.647583022988783563e-02 6.986535478008237821e-01 -7.132276643158429463e-01 -2.064445570788144002e-01 -9.491697919191380839e-01 3.162061351129906162e-01
1.589264477162651062e+09 8.895795518827221970e-01 -3.599810049691823943e-01 -2.811794750466542481e-01 -4.548797089026341278e-01 -6.420506248344388656e-01 -6.171348686433559827e-01 4.162537257288711351e-02 6.768933974813605703e-01 -7.349031617870310784e-01 -2.195272981237980647e-01 -9.466510799421719025e-01 3.210037029830410948e-01
1.589264477162667036e+09 8.835815970264155883e-01 -3.687570787238887982e-01 -2.886204749169263839e-01 -4.675299109829055832e-01 -6.598818945109339307e-01 -5.881935635061539269e-01 2.644511442320645125e-02 6.546557129757267779e-01 -7.554644622956477873e-01 -2.324624360690318303e-01 -9.437668761897987091e-01 3.259919146659207567e-01
1.589264477162683010e+09 8.771450690916221538e-01 -3.781304346902999436e-01 -2.960302389675380508e-01 -4.801011733906406231e-01 -6.764608802678137023e-01 -5.584832506828791843e-01 1.092663831531519303e-02 6.319952944236097991e-01 -7.748951908495800289e-01 -2.452443859845693241e-01 -9.405439750925855824e-01 3.311642783049951189e-01
1.589264477162700891e+09 8.702770547719987926e-01 -3.880646320332870602e-01 -3.033540663255471781e-01 -4.925377784141908299e-01 -6.917863051274663055e-01 -5.280513662419523691e-01 -4.938129546203141179e-03 6.089643255147146883e-01 -7.931822397956598270e-01 -2.578689477950555919e-01 -9.370073420137721154e-01 3.365151049980867337e-01
1.589264477162717104e+09 8.629876254826457371e-01 -3.985191409449827527e-01 -3.105396155376915490e-01 -5.047819052791908678e-01 -7.058621353091268924e-01 -4.969445387129639569e-01 -2.115624544711420391e-02 5.856117660918122025e-01 -8.103155392152343595e-01 -2.703329903925055233e-01 -9.331801114007538533e-01 3.420394718128523248e-01
1.589264477162734985e+09 8.552898594081408401e-01 -4.094503793220636290e-01 -3.175368380528793555e-01 -5.167741027707356549e-01 -7.186971763728899898e-01 -4.652084434919759315e-01 -3.773305524007078415e-02 5.619828786499447837e-01 -8.262877592260684523e-01 -2.826341789921406611e-01 -9.290836375042785811e-01 3.477331825002656918e-01
1.589264477162754059e+09 8.471996543884197095e-01 -4.208129214801809015e-01 -3.242980588493510341e-01 -5.284541337543769979e-01 -7.303043316123701834e-01 -4.328877594287128261e-01 -5.467151437950779069e-02 5.381190097865388156e-01 -8.410939051152804824e-01 -2.947707456893504663e-01 -9.247375848432743961e-01 3.535927264937969161e-01
1.589264477162765026e+09 8.387354364614054703e-01 -4.325606725274908082e-01 -3.307780713113555593e-01 -5.397619436089657885e-01 -7.406997104161932022e-01 -4.000262288124741272e-01 -7.197160705290724103e-02 5.140575881387861035e-01 -8.547308841123164580e-01 -3.067413001694526686e-01 -9.201600454801186491e-01 3.596152375612624574e-01
1.589264477162780046e+09 8.299175761164567788e-01 -4.446481486797326799e-01 -3.369344758000750173e-01 -5.506389896399837003e-01 -7.499014140377187054e-01 -3.666668417372627720e-01 -8.962990746182647461e-02 4.898325157152915166e-01 -8.671969710721314506e-01 -3.185446769925610044e-01 -9.153676734344480259e-01 3.657984524602911347e-01
1.589264477162806988e+09 8.207673929809943258e-01 -4.570318739130497243e-01 -3.427283955272860672e-01 -5.610299895139447823e-01 -7.579279598170465260e-01 -3.328521580381351708e-01 -1.076393880488178134e-01 4.654751060024292508e-01 -8.784911429449754339e-01 -3.301798164816635017e-01 -9.103758297777454489e-01 3.721406686909203287e-01
1.589264477162823915e+09 8.113057819347668786e-01 -4.696717345555898593e-01 -3.481255380071385797e-01 -5.708848827588930419e-01 -7.647965189318396417e-01 -2.986247407436238843e-01 -1.259895996300169629e-01 4.410155856008675657e-01 -8.886123307958638806e-01 -3.416456752963326071e-01 -9.051987321323784474e-01 3.786407011794701849e-01
1.589264477162837029e+09 8.015516559002575647e-01 -4.825320327344844729e-01 -3.530974094533703700e-01 -5.801605967276789455e-01 -7.705213133664569058e-01 -2.640276276636692177e-01 -1.446672917782942658e-01 4.164849857886245288e-01 -8.975587065492980354e-01 -3.529411607915382554e-01 -8.998496016444894607e-01 3.852978395429734193e-01
1.589264477162848949e+09 7.915204080026049249e-01 -4.955820722350241514e-01 -3.576225015971852272e-01 -5.888222864581269533e-01 -7.751124588992737152e-01 -2.291047610732621642e-01 -1.636574442910770089e-01 3.919171929030862422e-01 -9.053270984762048501e-01 -3.640650836088039077e-01 -8.943408027838940511e-01 3.921118073304378226e-01
1.589264477162866116e+09 7.812224360986126381e-01 -5.087963141345257512e-01 -3.616874566711840155e-01 -5.968440054055232924e-01 -7.785753036792213422e-01 -1.939013414842488126e-01 -1.829446335310631888e-01 3.673510685692258915e-01 -9.119125253463178371e-01 -3.750161238947963827e-01 -8.886839735259294271e-01 3.990827240664398534e-01
1.589264477162883043e+09 7.706616786369802075e-01 -5.221542140072228388e-01 -3.652883164418631035e-01 -6.042088942153157616e-01 -7.809101974750529696e-01 -1.584641162776944945e-01 -2.025146652110794976e-01 3.428326714728389124e-01 -9.173077837593588413e-01 -3.857928097427015812e-01 -8.828901467496964584e-01 4.062110684858624143e-01
1.589264477162902117e+09 7.598342863653584356e-01 -5.356397141435547127e-01 -3.684317496495884692e-01 -6.109087607815424370e-01 -7.821127966024874478e-01 -1.228416049556819573e-01 -2.223563438757823196e-01 3.184174467238413131e-01 -9.215031125071310170e-01 -3.963935061705559093e-01 -8.769698629453408500e-01 4.134976421429099602e-01
1.589264477162919998e+09 7.487276060972769542e-01 -5.492403625464967742e-01 -3.711360886139118964e-01 -6.169429309425454866e-01 -7.821750123220749806e-01 -8.708427284002046020e-02 -2.424631770586473389e-01 2.941721852995655695e-01 -9.244859834345627858e-01 -4.068164127620705339e-01 -8.709332740171582543e-01 4.209435331598254670e-01
1.589264477162938118e+09 7.373197334279182336e-01 -5.629460271002865168e-01 -3.734318967680544388e-01 -6.223162562252885222e-01 -7.810867189368971841e-01 -5.124466074846471819e-02 -2.628347167721145627e-01 2.701764394377531575e-01 -9.262411152784818524e-01 -4.170595693165086715e-01 -8.647902387110421030e-01 4.285500791412820143e-01
1.589264477162955999e+09 7.255794293003370310e-01 -5.767474350560740648e-01 -3.753623425257744395e-01 -6.270367029140999637e-01 -7.788379189784355727e-01 -1.537757058335571803e-02 -2.834774512788275080e-01 2.465236144306282295e-01 -9.267505827053924561e-01 -4.271208694687368412e-01 -8.585504101787388986e-01 4.363188280671386754e-01
1.589264477162974119e+09 7.134665230691722426e-01 -5.906345425395898019e-01 -3.769832328799727073e-01 -6.311125801103704136e-01 -7.754213781045563580e-01 2.045967062182014670e-02 -3.044050461116843964e-01 2.233215705907436177e-01 -9.259940844362303247e-01 -4.369980828991363309e-01 -8.522233160574376187e-01 4.442514956871219112e-01
1.589264477162992001e+09 7.009329319938540914e-01 -6.045947612911787283e-01 -3.783625242010125178e-01 -6.345495221155900145e-01 -7.708357099392145750e-01 5.620687486842272651e-02 -3.256377269989861878e-01 2.006925092135782018e-01 -9.239494509445617121e-01 -4.466888870369310482e-01 -8.458184309927720967e-01 4.523499179538192361e-01
1.589264477163011074e+09 6.879244270256152927e-01 -6.186111079527717438e-01 -3.795790827652695265e-01 -6.373474067897985096e-01 -7.650888354550451353e-01 9.180063963531544247e-02 -3.472006137363318201e-01 1.787718415493370905e-01 -9.205934840582127299e-01 -4.561909086186025641e-01 -8.393452407715751296e-01 4.606159977356663604e-01
1.589264477163028955e+09 6.743830898948868224e-01 -6.326604351993129205e-01 -3.807206614451615345e-01 -6.394975695972973107e-01 -7.582015696543787930e-01 1.271740491211832691e-01 -3.691209923120149505e-01 1.577059093915643972e-01 -9.159031278349466509e-01 -4.655017744957594128e-01 -8.328132966249262026e-01 4.690516460818608402e-01
1.589264477163048029e+09 6.602504094467319673e-01 -6.467119153797408204e-01 -3.818809966276011103e-01 -6.409806385227678760e-01 -7.502110555555627780e-01 1.622565674425659465e-01 -3.914246010282062538e-01 1.376483598750110060e-01 -9.098569728995290484e-01 -4.746191704027354907e-01 -8.262322581308338965e-01 4.776587190426586638e-01
1.589264477163067102e+09 6.454706253706593566e-01 -6.607260075864471727e-01 -3.831563844391532303e-01 -6.417654391748892628e-01 -7.411735853938312690e-01 1.969742062103706226e-01 -4.141313720224883421e-01 1.187554611775394758e-01 -9.024368939419235014e-01 -4.835409050888639371e-01 -8.196119231529834792e-01 4.864389522803864163e-01
1.589264477163084030e+09 6.299940490343262089e-01 -6.746540494559636336e-01 -3.846419269762531568e-01 -6.418091570931671042e-01 -7.311664732516051091e-01 2.312500697973070563e-01 -4.372510771682776576e-01 1.011805430373044906e-01 -8.936296736490582093e-01 -4.922649764854207799e-01 -8.129622438170445164e-01 4.953938963748077406e-01
1.589264477163103104e+09 6.137799547805172784e-01 -6.884385546440444648e-01 -3.864279025164272796e-01 -6.410588343438399228e-01 -7.202886754468382779e-01 2.650052743811863731e-01 -4.607794900541450911e-01 8.506809533495587883e-02 -8.834283678384966532e-01 -5.007896360320381879e-01 -8.062933283537382367e-01 5.045248561761921380e-01
1.589264477163120985e+09 5.967987610164063872e-01 -7.020141765361299635e-01 -3.885966225349647973e-01 -6.394540237779122727e-01 -7.086600510616939408e-01 2.981601650465164899e-01 -4.846955650320355913e-01 7.054805674122355263e-02 -8.718332302273056333e-01 -5.091134465512449081e-01 -7.996154296367007364e-01 5.138328381219192664e-01
1.589264477163139105e+09 5.790333956547625283e-01 -7.153092151942255228e-01 -3.912199555604706780e-01 -6.369302415463031775e-01 -6.964193371461272486e-01 3.306357130889041041e-01 -5.089599144936236552e-01 5.773070103975376510e-02 -8.588521246386756625e-01 -5.172353304193439971e-01 -7.929389224764155086e-01 5.233185081197682109e-01
1.589264477163168907e+09 5.604798133622024281e-01 -7.282474872634084884e-01 -3.943576756727357746e-01 -6.334227989238239154e-01 -6.837210481695743525e-01 3.623549180161613759e-01 -5.335147018225225857e-01 4.670252580489217542e-02 -8.445004069998625074e-01 -5.251546051928843717e-01 -7.862742725283138334e-01 5.329821621319110747e-01
1.589264477163187981e+09 5.411466205280613950e-01 -7.407502802588538104e-01 -3.980569778831768435e-01 -6.288705905607476776e-01 -6.707316857335392513e-01 3.932439276046264531e-01 -5.582849772877455097e-01 3.752370421749155055e-02 -8.288002510598587724e-01 -5.328710052558817134e-01 -7.796320002382027825e-01 5.428237102635514733e-01
1.589264477163207054e+09 5.210541447002913218e-01 -7.527382112644250833e-01 -4.023527853104559293e-01 -6.232194347537461931e-01 -6.576256703735072762e-01 4.232328133877473753e-01 -5.831810309711382700e-01 3.022686377125016755e-02 -8.117796635924430237e-01 -5.403846902404149111e-01 -7.730226432136876324e-01 5.528426732044398051e-01
1.589264477163229942e+09 5.002331990999676625e-01 -7.641328817236267001e-01 -4.072685672145080482e-01 -6.164247469046565397e-01 -6.445813040908826563e-01 4.522559831965948796e-01 -6.081013717897308934e-01 2.481696610951078172e-02 -7.934713858866192515e-01 -5.476962424438903687e-01 -7.664567197818940025e-01 5.630381886204677278e-01
1.589264477163253069e+09 4.787236871353625078e-01 -7.748582262711108948e-01 -4.128175878151412181e-01 -6.084534524540305966e-01 -6.317770363772368114e-01 4.802521973091406493e-01 -6.329360378624150352e-01 2.127218381875881428e-02 -7.739117950844746074e-01 -5.548066559990691982e-01 -7.599446956281107335e-01 5.734090247116042649e-01
1.589264477163317919e+09 4.565732375633343998e-01 -7.848415704759883482e-01 -4.190042818966405180e-01 -5.992851535255905304e-01 -6.193881551947559849e-01 5.071642914138747571e-01 -6.575699080394558083e-01 1.954540282717514427e-02 -7.531399562296308137e-01 -5.617173198900757836e-01 -7.534969547721515060e-01 5.839535988221987717e-01
1.589264477163373947e+09 4.338359539695805234e-01 -7.940144195652103498e-01 -4.258256295948216197e-01 -5.889126310771394257e-01 -6.075839600226744519e-01 5.329386878413477913e-01 -6.818858250885450056e-01 1.956612778833880656e-02 -7.311968877032708480e-01 -5.684299964357708568e-01 -7.471237757031831128e-01 5.946699994717240534e-01
1.589264477163397074e+09 4.105713105752052394e-01 -8.023129757954278185e-01 -4.332725332361186954e-01 -5.773417811121663856e-01 -5.965254713308267842e-01 5.575247351937467899e-01 -7.057674313620424522e-01 2.124267476944227337e-02 -7.081250468649795682e-01 -5.749467974121493796e-01 -7.408353128061638815e-01 6.055560097675115605e-01
1.589264477163414001e+09 3.868432345425869556e-01 -8.096784318593384100e-01 -4.413311105331594320e-01 -5.645911057369832342e-01 -5.863636478831989463e-01 5.808739590314664358e-01 -7.291016360347853942e-01 2.446445844895925661e-02 -6.839680511577010957e-01 -5.812701592306058762e-01 -7.346415829477572768e-01 6.166091308871933796e-01
