1.586175951424765110e+09 3.415039736776064316e-01 -8.092122565630520681e-01 -4.780696182926094662e-01 -2.609286933787064999e-01 4.070278699668991029e-01 -8.753539457234449372e-01 9.029348000436697719e-01 4.236789316389401039e-01 -7.214506178248918100e-02 2.069494804860998738e-01 -4.589549059874231118e-01 6.311106908458196108e-01
1.586175951424825907e+09 3.608343978461126533e-01 -7.988830950878840209e-01 -4.812321039350341834e-01 -2.431900484050414368e-01 4.175466744475920255e-01 -8.755074958366855231e-01 9.003650025865744810e-01 4.329440786740410552e-01 -4.361521572316640061e-02 2.022142154542344583e-01 -4.629634387296000519e-01 6.223851181569921565e-01
1.586175951424854040e+09 3.801580254433913897e-01 -7.883229348547556858e-01 -4.837631922923340544e-01 -2.255742207397465615e-01 4.282162573353101576e-01 -8.750697732998832246e-01 8.969928354354963496e-01 4.417893022200414244e-01 -1.503548487852869597e-02 1.977835853545088229e-01 -4.671402397834045206e-01 6.135788398118869891e-01
1.586175951424876928e+09 3.994625613887585747e-01 -7.775383946292442339e-01 -4.856580145225799505e-01 -2.081025623332919683e-01 4.390228379939709602e-01 -8.740436325045518595e-01 8.928174425894599420e-01 4.502143853981583899e-01 1.356545512660243223e-02 1.936453785272556627e-01 -4.714862244365696231e-01 6.047123664394319364e-01
1.586175951424897909e+09 4.187440645367548897e-01 -7.665326897485913449e-01 -4.869096878333151746e-01 -1.908041435049272483e-01 4.499464981520579498e-01 -8.724344834277059091e-01 8.878328600746911992e-01 4.582311475356425912e-01 4.215481210947930046e-02 1.897854881772172986e-01 -4.760015987984795860e-01 5.958051037132847672e-01
1.586175951424917936e+09 4.380076560526870444e-01 -7.553052047181506579e-01 -4.875072728778732101e-01 -1.737161483727552858e-01 4.609597029807835922e-01 -8.702521774026912293e-01 8.820272066236942710e-01 4.658650020981122686e-01 7.069516801003809803e-02 1.861880753240706399e-01 -4.806857335845731716e-01 5.868751434398653544e-01
1.586175951424938917e+09 4.572676683853197366e-01 -7.438512908744384644e-01 -4.874336228224478429e-01 -1.568838952033828615e-01 4.720259489389841967e-01 -8.675130818643580488e-01 8.753820440611310705e-01 4.731561695899090259e-01 9.914391710348295639e-02 1.828357743061774787e-01 -4.855370512848083409e-01 5.779390658399369274e-01
1.586175951424957991e+09 4.765471462336536845e-01 -7.321623298135166991e-01 -4.866632720501424259e-01 -1.403605395746484463e-01 4.830985490729377552e-01 -8.642422756760259617e-01 8.678719586061799385e-01 4.801605095339775975e-01 1.274525352177422466e-01 1.797099407276876171e-01 -4.905529328207290929e-01 5.690117602401314478e-01
1.586175951424977064e+09 4.958766367093965233e-01 -7.202260919254320770e-01 -4.851605278869623450e-01 -1.242065408256198544e-01 4.941195302043395743e-01 -8.604758133373202611e-01 8.594644242599955852e-01 4.869499631508733550e-01 1.555655392530824743e-01 1.767909386430327745e-01 -4.957296492420337763e-01 5.601062719133579337e-01
1.586175951424998045e+09 5.152922005485360835e-01 -7.080274193803272054e-01 -4.828779572557114208e-01 -1.084889482255818743e-01 5.050186139127988971e-01 -8.562630133120614495e-01 8.501200482002155834e-01 4.936125740307487630e-01 1.834190028080967261e-01 1.740584614091494065e-01 -5.010623236403648484e-01 5.512336826439947490e-01
1.586175951425019026e+09 5.348325961500099979e-01 -6.955492542510915976e-01 -4.797554889213440088e-01 -9.328054185117086450e-02 5.157122500378333863e-01 -8.516687242846342487e-01 8.397933286178407286e-01 5.002520467798983184e-01 2.109385102009699031e-01 1.714918796248686983e-01 -5.065449289478308748e-01 5.424030323054144231e-01
1.586175951425040007e+09 5.545263362001688900e-01 -6.827770326397347711e-01 -4.757268820489999328e-01 -7.865029227576969539e-02 5.261126598910877972e-01 -8.467700991880912076e-01 8.284411108626803522e-01 5.069723789709917883e-01 2.380427125064240867e-01 1.690738884801698261e-01 -5.121721875347200470e-01 5.336215763876542839e-01
1.586175951425061941e+09 5.744073048999233100e-01 -6.696939371325427715e-01 -4.707082735511324834e-01 -6.467979175569597838e-02 5.361071639350221130e-01 -8.416683631738431925e-01 8.160102773840701706e-01 5.139057691683820428e-01 2.646282067417250472e-01 1.667897427957986956e-01 -5.179392931989779125e-01 5.248951877208013483e-01
1.586175951425081968e+09 5.944989484709470862e-01 -6.562862718289905750e-01 -4.646066398790594798e-01 -5.145278915073123183e-02 5.455673211052287641e-01 -8.364860482293915434e-01 8.024485098336342492e-01 5.211953835092947296e-01 2.905714395096212765e-01 1.646248298443995228e-01 -5.238408854827336647e-01 5.162285246464511923e-01
1.586175951425102949e+09 6.148084028270971446e-01 -6.425458907031651457e-01 -4.573241807488835908e-01 -3.905321385057888839e-02 5.543485524581222013e-01 -8.313678663066517149e-01 7.877090036796908779e-01 5.289919290214919467e-01 3.157246660246617598e-01 1.625649018102484356e-01 -5.298711678749393750e-01 5.076250904960960542e-01
1.586175951425123930e+09 6.353204590200098867e-01 -6.284728842965684459e-01 -4.487646913456134756e-01 -2.756262975745746302e-02 5.622902261853643946e-01 -8.264804917413443031e-01 7.717565781816049242e-01 5.374491003651222787e-01 3.399121191344252058e-01 1.605962928178084059e-01 -5.360240583687955196e-01 4.990873387065073996e-01
1.586175951425141096e+09 6.559919885165567122e-01 -6.140784292773689979e-01 -4.388418779495649735e-01 -1.705710634499980893e-02 5.692163157232713599e-01 -8.220108522941225182e-01 7.545750899006193890e-01 5.467179061037400478e-01 3.629269417270217790e-01 1.587061081346317626e-01 -5.422933699928504936e-01 4.906168238438146645e-01
1.586175951425162077e+09 6.767475643856639689e-01 -5.993877219151740876e-01 -4.274892899937698387e-01 -7.603613137801359251e-03 5.749367076320401893e-01 -8.181625556918563635e-01 7.361758752749093526e-01 5.569399799610285084e-01 3.845295041587121765e-01 1.568823729731710914e-01 -5.486730168718195744e-01 4.822143965650078634e-01
1.586175951425184011e+09 6.974769358344087289e-01 -5.844429636764556513e-01 -4.146713714884273649e-01 7.439485198829955126e-04 5.792494385639890275e-01 -8.151500074928863526e-01 7.166068452710002701e-01 5.682398352607448411e-01 4.044479189189890134e-01 1.551141288694738163e-01 -5.551572390782373301e-01 4.738804381068282279e-01
1.586175951425205946e+09 7.180350174956131593e-01 -5.693063700284639594e-01 -4.003947687458669913e-01 7.948752175567503145e-03 5.819440978917489460e-01 -8.131899436906233625e-01 6.959615874146408698e-01 5.807162165970478629e-01 4.223815157044857327e-01 1.533914674323942906e-01 -5.617408379568672450e-01 4.656151279617927186e-01
1.586175951425229073e+09 7.382448598416128105e-01 -5.540631364406294335e-01 -3.847188166687173783e-01 1.399473652893352960e-02 5.828068728646529362e-01 -8.124901824286612229e-01 6.743876292110562165e-01 5.944326623124147613e-01 4.380081457319950911e-01 1.517054934735277694e-01 -5.684194116630265636e-01 4.574187364706213677e-01
1.586175951425251007e+09 7.579039122092742220e-01 -5.388241506919598800e-01 -3.677637755855425739e-01 1.888950320141759287e-02 5.816277392326938411e-01 -8.132357345048348840e-01 6.520926672574459682e-01 6.094076696514739711e-01 4.509960594765157760e-01 1.500482124601973388e-01 -5.751895787512983915e-01 4.492919323229344619e-01
1.586175951425272942e+09 7.767936158248779366e-01 -5.237280468093419294e-01 -3.497150433466542641e-01 2.266581817689718864e-02 5.782100592583305776e-01 -8.155730429033312134e-01 6.293472326646719628e-01 6.256053553164536707e-01 4.610206072628515450e-01 1.484123409394790816e-01 -5.820491760404405968e-01 4.412360935823922414e-01
1.586175951425293922e+09 7.946918977124382000e-01 -5.089419433710713481e-01 -3.308215321466384529e-01 2.538122008333972002e-02 5.723826068007070722e-01 -8.195937684919629707e-01 6.064821362071073363e-01 6.429278730551329923e-01 4.677853874318668170e-01 1.467910430805913768e-01 -5.889974164714683047e-01 4.332536104737021443e-01
1.586175951425316095e+09 8.113875826252120449e-01 -4.946600063419002158e-01 -3.113866873060157636e-01 2.711543036413265745e-02 5.640134189562744371e-01 -8.253203117124714439e-01 5.838792206933036688e-01 6.612112685086549702e-01 4.710464034721749127e-01 1.451776011488939422e-01 -5.960349924722233572e-01 4.253481681975381234e-01
1.586175951425337076e+09 8.266951257367394224e-01 -4.810989828458283601e-01 -2.917515003077010838e-01 2.796560770450391004e-02 5.530240172226297268e-01 -8.326958396752150993e-01 5.619547081635739572e-01 6.802265838066647863e-01 4.706364848158525738e-01 1.435650325137175776e-01 -6.031641102595569626e-01 4.175249980992791210e-01
1.586175951425359964e+09 8.404676104548688409e-01 -4.684901642593122251e-01 -2.722703838329356696e-01 2.803998860692527920e-02 5.394017818268026510e-01 -8.415815332175149432e-01 5.411358008600811731e-01 6.996875616941820031e-01 4.664861854570659383e-01 1.419456707161985964e-01 -6.103884424865836378e-01 4.097910870797881189e-01
1.586175951425381899e+09 8.526060228748565395e-01 -4.570677396300511508e-01 -2.532825522829473264e-01 2.745101062405461839e-02 5.232080810425047135e-01 -8.517627288155352749e-01 5.218327432516961517e-01 7.192651705412737018e-01 4.586373324326718515e-01 1.403107323556285757e-01 -6.177129893539531347e-01 4.021553370734056720e-01
1.586175951425395966e+09 8.630634848032709971e-01 -4.470541862546097422e-01 -2.350829128104199861e-01 2.630923556961618087e-02 5.045800474185582196e-01 -8.629639622386193754e-01 5.044097991500442468e-01 7.386078327020488832e-01 4.472462679295486354e-01 1.386498948218390648e-01 -6.251438420837271970e-01 3.946286688324182057e-01
1.586175951425406933e+09 8.718441290393701415e-01 -4.386441749821929914e-01 -2.178969998823807874e-01 2.471910804670335304e-02 4.837246422635952947e-01 -8.748710970286317501e-01 4.891592588431769584e-01 7.573650100496395199e-01 4.325753821298881086e-01 1.369509117469215609e-01 -6.326878476312443045e-01 3.872240672073948287e-01
1.586175951425421953e+09 8.789973436208704527e-01 -4.319891314515170166e-01 -2.018639649843086692e-01 2.277695138960672550e-02 4.609049760226499592e-01 -8.871571528284633024e-01 4.762823538065490414e-01 7.752109349127920268e-01 4.149736449805502270e-01 1.351992929093300266e-01 -6.403521796006912403e-01 3.799565686470212644e-01
1.586175951425441980e+09 8.846090171009283187e-01 -4.271845766292782232e-01 -1.870300096181431726e-01 2.057091512558339996e-02 4.364205620299423383e-01 -8.995076046038269491e-01 4.658795171168758076e-01 7.918651594477307265e-01 3.948491420379207639e-01 1.333780732231612531e-01 -6.481438260800148621e-01 3.728431944539199461e-01
1.586175951425463915e+09 8.887917627465444781e-01 -4.242618448900747907e-01 -1.733525009578145704e-01 1.818198078965587924e-02 4.105843994923014106e-01 -9.116413037592472346e-01 4.579504538733398245e-01 8.071073894347757793e-01 3.726379528460549984e-01 1.314676920824309203e-01 -6.560690097093695439e-01 3.659028344666228061e-01
1.586175951425483942e+09 8.916758347526113626e-01 -4.231849532279955417e-01 -1.607131022151639110e-01 1.568486720497509410e-02 3.837002234812259549e-01 -9.233244953389729837e-01 4.524026865673789755e-01 8.207853763771740807e-01 3.487738168158758256e-01 1.294459998721783078e-01 -6.641325595932087156e-01 3.591560861911225477e-01
1.586175951425507069e+09 8.934017912123146665e-01 -4.238525473514795916e-01 -1.489370931173902013e-01 1.314783185025477849e-02 3.560429363270150582e-01 -9.343770985319705957e-01 4.490661133182977105e-01 8.328159735527356222e-01 3.236621390415051480e-01 1.272884030453963755e-01 -6.723372585362326070e-01 3.526250541438479269e-01
1.586175951425528049e+09 8.941152736124983180e-01 -4.261041018330585795e-01 -1.378157176734879918e-01 1.063084148052139549e-02 3.278443846253621397e-01 -9.446719244958976525e-01 4.477106910238346504e-01 8.431804991083020617e-01 2.976605167817029662e-01 1.249681532461542760e-01 -6.806831920805010983e-01 3.463331130634741961e-01
1.586175951425549984e+09 8.939636819861628281e-01 -4.297292268993926911e-01 -1.271287810928818651e-01 8.182140613436875154e-03 2.992855137991147774e-01 -9.541285207228275000e-01 4.480647140980957843e-01 8.519160598209910562e-01 2.710664848032391938e-01 1.224567787906764016e-01 -6.891671287147849156e-01 3.403046384682756886e-01
1.586175951425571918e+09 8.930940982832868968e-01 -4.344791088201133689e-01 -1.166654865605583485e-01 5.833743801027847092e-03 2.704948968257242514e-01 -9.627037334903475463e-01 4.498320788919664692e-01 8.591044261259727088e-01 2.441120357434475863e-01 1.197246496628899121e-01 -6.977819617261304952e-01 3.345647071942222661e-01
1.586175951425592899e+09 8.916517625042800210e-01 -4.400792399858460269e-01 -1.062421625366317818e-01 3.596737719267874452e-03 2.415528903763621005e-01 -9.703809895501629423e-01 4.527076297751392864e-01 8.648597943482531081e-01 2.169639100117535246e-01 1.167416604045568990e-01 -7.065162427295181846e-01 3.291387695928804646e-01
1.586175951425614119e+09 8.897785310629727773e-01 -4.462427654169990321e-01 -9.571603897140941453e-02 1.457409511668002026e-03 2.125001430823408588e-01 -9.771599487285842489e-01 4.563902297082895188e-01 8.693164462354833200e-01 1.897284235839218069e-01 1.134780112085998077e-01 -7.153538343957051016e-01 3.240522918447136247e-01
1.586175951425635099e+09 8.876109443218124229e-01 -4.526839229028908340e-01 -8.499457399951229619e-02 -6.248628961396940351e-04 1.833488712687331712e-01 -9.830477105423682804e-01 4.605935531715418807e-01 8.726170165307376436e-01 1.624595993535734861e-01 1.099050626482004633e-01 -7.242737081443136882e-01 3.193303664631825245e-01
1.586175951425657988e+09 8.852777463034208205e-01 -4.591311170998875202e-01 -7.404005236703792292e-02 -2.717265659043223598e-03 1.540952120416189119e-01 -9.880522670106759442e-01 4.650547586299968450e-01 8.749018705675138952e-01 1.351694807912482421e-01 1.059962347280223038e-01 -7.332499100508896861e-01 3.149972899535946058e-01
1.586175951425679922e+09 8.828969019188728229e-01 -4.653391296727711346e-01 -6.286934961817457201e-02 -4.910404959688148552e-03 1.247310365067594295e-01 -9.921784399526278886e-01 4.695412108247561389e-01 8.762999846572344653e-01 1.078396421139625472e-01 1.017279161030030799e-01 -7.422517146113708497e-01 3.110761091129116140e-01
1.586175951425702095e+09 8.805723838154256855e-01 -4.710997539326648997e-01 -5.154899465721366619e-02 -7.312478680571114081e-03 9.525381972478803860e-02 -9.954261588561619245e-01 4.738552570935902764e-01 8.769217364464586550e-01 8.043297617774747277e-02 9.708034395674136618e-02 -7.512439806753423710e-01 3.075881422846341584e-01
1.586175951425723076e+09 8.783911863197458869e-01 -4.762499374366599425e-01 -4.018608006928840737e-02 -1.004140136845940029e-02 6.567353322223387635e-02 -9.977906381322760865e-01 4.778368908036690343e-01 8.768540267926800968e-01 5.290483596854809317e-02 9.203840800114999887e-02 -7.601877153779461604e-01 3.045524908217220883e-01
1.586175951425745010e+09 8.764210365220059806e-01 -4.806766361583575398e-01 -2.891605673577854821e-02 -1.321589056108638839e-02 3.601607316342188281e-02 -9.992638205010293539e-01 4.813642146415514356e-01 8.761579846690459306e-01 2.521267434273464017e-02 8.659233016490250345e-02 -7.690408391846056402e-01 3.019855620185376566e-01
1.586175951425765991e+09 8.747092087076602240e-01 -4.843178585323006380e-01 -1.788888628935324590e-02 -1.694672012670347602e-02 6.323342225354983831e-03 -9.998363987532145059e-01 4.843517410298586734e-01 8.748692630450299879e-01 -2.676513535449464437e-03 8.073817342022650279e-02 -7.777591300396611285e-01 2.999006299355802541e-01
1.586175951425786972e+09 8.732826898764527446e-01 -4.871598347628564030e-01 -7.255280831360332375e-03 -2.132931205316515588e-02 -2.334935336015489180e-02 -9.994998091029082543e-01 4.867467556849371380e-01 8.730006318783536390e-01 -3.078137025049654252e-02 7.447813905968254933e-02 -7.862973079819187694e-01 2.983074646440050937e-01
1.586175951425808907e+09 8.721497128085541339e-01 -4.892308074126226480e-01 2.845289144923406587e-03 -2.643856329723120666e-02 -5.293756745258243468e-02 -9.982477731378769370e-01 4.885241866886041451e-01 8.705462832018815433e-01 -5.910404392207122687e-02 6.782062479448081049e-02 -7.946102063218343226e-01 2.972120590506333038e-01
1.586175951425829887e+09 8.713024187354253547e-01 -4.905924620258843016e-01 1.229355331656035132e-02 -3.232632677033430574e-02 -8.237251458043720609e-02 -9.960771946445625691e-01 4.896806141406224722e-01 8.674870634244351564e-01 -8.763042342946733565e-02 6.078003524126412288e-02 -8.026539658055958926e-01 2.966164748620781499e-01
1.586175951425852060e+09 8.707202670901919017e-01 -4.913302358793408264e-01 2.099561699747216556e-02 -3.902158852052212828e-02 -1.115854236614025746e-01 -9.929884234508420393e-01 4.902280410894279683e-01 8.637958628626080104e-01 -1.163321761825999029e-01 5.337635702909503121e-02 -8.103871863854164026e-01 2.965188182718294652e-01
1.586175951425873995e+09 8.703736509895806384e-01 -4.915438867203420492e-01 2.888451548659505541e-02 -4.653274781223845635e-02 -1.405108133444991358e-01 -9.889850428424377116e-01 4.901881385832490556e-01 8.594424465434721272e-01 -1.451697973270451025e-01 4.563452793714241340e-02 -8.177719760807997673e-01 2.969133456866974163e-01
1.586175951425895929e+09 8.702272734762638295e-01 -4.913393261219092256e-01 3.591878684065484550e-02 -5.485128168886524436e-02 -1.690884468327597812e-01 -9.840733886740977709e-01 4.895874074767355699e-01 8.543973103371932387e-01 -1.740959698358743313e-01 3.758364169438885988e-02 -8.247748457403362154e-01 2.977906914867737287e-01
1.586175951425918102e+09 8.702429559913428259e-01 -4.908223168026185079e-01 4.207910431470696100e-02 -6.395595495037204037e-02 -1.972640694356633528e-01 -9.782619909757384047e-01 4.884535121581159989e-01 8.486343973668606377e-01 -2.030586768658294017e-01 2.925603751263260166e-02 -8.313674103727595188e-01 2.991382034809478840e-01
1.586175951425939083e+09 8.703817462915826031e-01 -4.900941517985323848e-01 4.736389172418745824e-02 -7.381700633945328938e-02 -2.249891938584051565e-01 -9.715610698632248798e-01 4.868127622243332286e-01 8.421327598273071757e-01 -2.320037705414994267e-01 2.068632765442970922e-02 -8.375268725265334613e-01 3.009403653320514294e-01
1.586175951425976992e+09 8.706053145873511312e-01 -4.892491415725767068e-01 5.178478373735284634e-02 -8.439984044965932741e-02 -2.522202831495948816e-01 -9.639821554114776925e-01 4.846886147957726876e-01 8.348773600904748626e-01 -2.608768684265235227e-01 1.191041596767691661e-02 -8.432362787235605506e-01 3.031792809979018677e-01
1.586175951425997019e+09 8.708767345176436914e-01 -4.883735236440204242e-01 5.536257601825790575e-02 -9.566792627491166323e-02 -2.789176753063683512e-01 -9.555378477777306534e-01 4.821009866489406326e-01 8.268592576474186329e-01 -2.896245965024257796e-01 2.964555899643910378e-03 -8.484845546432199237e-01 3.058351943868178324e-01
1.586175951426017046e+09 8.711608114242358480e-01 -4.875453165349403206e-01 5.812404930388256202e-02 -1.075847689857516304e-01 -3.050445335347124476e-01 -9.462416976093478427e-01 4.790661314392966053e-01 8.180754225842622462e-01 -3.181952935787747405e-01 -6.115510797136160248e-03 -8.532663383766604381e-01 3.088870170428311690e-01
1.586175951426038027e+09 8.714241422119233249e-01 -4.868346522123432885e-01 6.009979966246643823e-02 -1.201149648921898960e-01 -3.305660202851385954e-01 -9.361081677314548877e-01 4.755968458180231950e-01 8.085283716655861097e-01 -3.465393378017259662e-01 -1.529530377066534892e-02 -8.575816394531613485e-01 3.123128404471269826e-01
1.586175951426059961e+09 8.716350670667868394e-01 -4.863042341722941808e-01 6.132293069924706075e-02 -1.332245279775425562e-01 -3.554487686695177451e-01 -9.251526351085171962e-01 4.717028038704655368e-01 7.982257605631989383e-01 -3.746092633376264525e-01 -2.454222140253380785e-02 -8.614353586893372938e-01 3.160904125209985649e-01
1.586175951426080942e+09 8.717636224831024627e-01 -4.860097094563357589e-01 6.182838323355295540e-02 -1.468807007149070532e-01 -3.796606559041995621e-01 -9.133913982338784932e-01 4.673908925611276466e-01 7.871799977267862625e-01 -4.023597953499886692e-01 -3.382601566987311625e-02 -8.648367051270896555e-01 3.201975641893977098e-01
1.586175951426115036e+09 8.717815530999722951e-01 -4.859998700167438845e-01 6.165265738211487406e-02 -1.610514594619363304e-01 -4.031708359965058275e-01 -9.008416645886266894e-01 4.626654852678814822e-01 7.754078949131005816e-01 -4.297478858965861903e-01 -4.311912325498894888e-02 -8.677985443067681715e-01 3.246125781758207318e-01
1.586175951426129103e+09 8.716624027751280757e-01 -4.863166780354817309e-01 6.083374389919095349e-02 -1.757048649784347660e-01 -4.259499822198019592e-01 -8.875215002024510191e-01 4.575286397501454050e-01 7.629303385361853040e-01 -4.567327911741820845e-01 -5.239685834851534607e-02 -8.703367115978025703e-01 3.293144955243285654e-01
1.586175951426139116e+09 8.713816592935342831e-01 -4.869952070918233122e-01 5.941104493616766735e-02 -1.908084561801577095e-01 -4.479706321143672731e-01 -8.734497387170871985e-01 4.519802397003030991e-01 7.497719527827377828e-01 -4.832761963154528773e-01 -6.163747874591849613e-02 -8.724693246560639714e-01 3.342833570267209065e-01
1.586175951426148891e+09 8.709169259513719341e-01 -4.880635728672232942e-01 5.742523030394956068e-02 -2.063287417472475516e-01 -4.692075824218728264e-01 -8.586458496834231680e-01 4.460181146603731661e-01 7.359607282895515024e-01 -5.093423681519483326e-01 -7.082214219788819654e-02 -8.742161242937056542e-01 3.395003807678125263e-01
1.586175951426161051e+09 8.702481212968407043e-01 -4.895428569858511492e-01 5.491810901167506337e-02 -2.222307206173166072e-01 -4.896383545955019789e-01 -8.431297579700685052e-01 4.396381630162899956e-01 7.215275968591609024e-01 -5.348983200334638255e-01 -7.993477327953603384e-02 -8.755978669202981735e-01 3.449480803280645103e-01
1.586175951426177025e+09 8.693576560249228757e-01 -4.914471410482268987e-01 5.193239461400278589e-02 -2.384775686786965720e-01 -5.092436188443817402e-01 -8.269216324145379771e-01 4.328345126459747783e-01 7.065059407872500419e-01 -5.599139581035287305e-01 -8.896186278304975270e-02 -8.766357867388776537e-01 3.506103295243538920e-01
1.586175951426187992e+09 8.682305468961205586e-01 -4.937837250020140623e-01 4.851134407092190515e-02 -2.550305368439104714e-01 -5.280075044598301348e-01 -8.100416660659857104e-01 4.255997449548168388e-01 6.909310445354076569e-01 -5.843621727797936316e-01 -9.789222141917411357e-02 -8.773511383187396762e-01 3.564723816533028611e-01
1.586175951426198006e+09 8.668544725345309621e-01 -4.965535004574267997e-01 4.469837552221354177e-02 -2.718489745987262562e-01 -5.459178162061006923e-01 -7.925098568536116383e-01 4.179251830784113109e-01 6.748395063105554481e-01 -6.082188604899704254e-01 -1.067167074566657964e-01 -8.777648227661902780e-01 3.625208525151967232e-01
1.586175951426212072e+09 8.652197829001280205e-01 -4.997514387866711649e-01 4.053673461042268250e-02 -2.888904193126115572e-01 -5.629661747910670311e-01 -7.743457960899937653e-01 4.098012360949203070e-01 6.582686272462671129e-01 -6.314628741760726083e-01 -1.154279446878415660e-01 -8.778970951601064998e-01 3.687436764988163418e-01
1.586175951426223040e+09 8.633194761366780323e-01 -5.033671538161829107e-01 3.606924903647775599e-02 -3.061107138425117058e-01 -5.791480953536289888e-01 -7.555684712657355639e-01 4.012177877337165799e-01 6.412557931526645660e-01 -6.540759090033246848e-01 -1.240200438190549592e-01 -8.777673478417187258e-01 3.751300437422419587e-01
1.586175951426233053e+09 8.611491538077303831e-01 -5.073855074835157408e-01 3.133818494893752388e-02 -3.234641358351100227e-01 -5.944630100093596381e-01 -7.361960899181727580e-01 3.921646184034033311e-01 6.238378608825860816e-01 -6.760423326880263817e-01 -1.324883366517448369e-01 -8.773939610187330151e-01 3.816703256318366710e-01
1.586175951426242113e+09 8.587069588611374593e-01 -5.117872413594676262e-01 2.638519526346951027e-02 -3.409035426336679553e-01 -6.089142282569595110e-01 -7.162459336692914569e-01 3.826318512995608989e-01 6.060505608872834848e-01 -6.973489687406124737e-01 -1.408291297430864231e-01 -8.767942119738206808e-01 3.883559938935500777e-01
1.586175951426253080e+09 8.559935012403993015e-01 -5.165496162845480965e-01 2.125135041491078153e-02 -3.583805325117945251e-01 -6.225088334802481027e-01 -6.957342498449906598e-01 3.726104131117545792e-01 5.879279261090224473e-01 -7.179848424069600332e-01 -1.490394827570320213e-01 -8.759842353597970810e-01 3.951795362057407557e-01
1.586175951426264048e+09 8.530117128139724780e-01 -5.216471508835900384e-01 1.597710615770795567e-02 -3.758457600053439762e-01 -6.352573929407995257e-01 -6.746762257941304464e-01 3.620925057214651188e-01 5.695017952844312337e-01 -7.379408666366678027e-01 -1.571170148912004461e-01 -8.749790266385754078e-01 4.021343703851718576e-01
1.586175951426274061e+09 8.497665750546035124e-01 -5.270525247633240928e-01 1.060208491492886304e-02 -3.932495082352462368e-01 -6.471733762335171170e-01 -6.530860935734245087e-01 3.510720615587692439e-01 5.508014682059001466e-01 -7.572094494916292717e-01 -1.650597401485900950e-01 -8.737924792667529639e-01 4.092147594447625991e-01
1.586175951426284075e+09 8.462647918802569391e-01 -5.327374839323725242e-01 5.164821510866538304e-03 -4.105423303802984147e-01 -6.582724428990578414e-01 -6.309773261674058720e-01 3.395451327985100631e-01 5.318535176863102842e-01 -7.757840799487029093e-01 -1.728659298937994249e-01 -8.724374459221473366e-01 4.164157298454740364e-01
1.586175951426294088e+09 8.425143134716552851e-01 -5.386738745080605906e-01 -2.977613610887800896e-04 -4.276759513057091233e-01 -6.685714315897175464e-01 -6.083629852222937062e-01 3.275101715832403615e-01 5.126818681465559191e-01 -7.936588623379630114e-01 -1.805340007194737861e-01 -8.709258162923873003e-01 4.237329939578318716e-01
1.586175951426307917e+09 8.385236630539558700e-01 -5.448348276611802987e-01 -5.751278984413406119e-03 -4.446044881147188099e-01 -6.780869966505126412e-01 -5.852562467616087005e-01 3.149681188154152545e-01 4.933082562476173716e-01 -8.108280018796398814e-01 -1.880624261102104844e-01 -8.692686062286681947e-01 4.311628764842212469e-01
1.586175951426318884e+09 8.343011083881333168e-01 -5.511959722727808320e-01 -1.116516173482234170e-02 -4.612858532259264677e-01 -6.868340288848427955e-01 -5.616710591006023323e-01 3.019222124690319475e-01 4.737531182553715303e-01 -8.272852958595555695e-01 -1.954496695436890863e-01 -8.674760531921823503e-01 4.387022449246835709e-01
1.586175951426333904e+09 8.298538039331810889e-01 -5.577364521268434183e-01 -1.651406099538204469e-02 -4.776830507782743873e-01 -6.948241579496875486e-01 -5.376228164618912508e-01 2.883774736797829474e-01 4.540368263021118400e-01 -8.430237204372648119e-01 -2.026941349132905801e-01 -8.655577124501397934e-01 4.463484452046390105e-01
1.586175951426347017e+09 8.251870195507603478e-01 -5.644395895170902788e-01 -2.177918030322047171e-02 -4.937651313169244549e-01 -7.020645906505144085e-01 -5.131289369174713011e-01 2.743398951894016613e-01 4.341811378675010102e-01 -8.580351750434628277e-01 -2.097941302961224830e-01 -8.635225501700743989e-01 4.540992431295426957e-01
1.586175951426359892e+09 8.203034746864157345e-01 -5.712932103709422726e-01 -2.694953330622896354e-02 -5.095077814385151616e-01 -7.085573272867037309e-01 -4.882093145912657084e-01 2.598153773467715699e-01 4.142107940060947846e-01 -8.723103736671431463e-01 -2.167478417349222586e-01 -8.613790312172640018e-01 4.619527717721322313e-01
1.586175951426371098e+09 8.152027450979676404e-01 -5.782897169130761794e-01 -3.202323908196238328e-02 -5.248936178819959553e-01 -7.142986905580585022e-01 -4.628866716870773668e-01 2.448084445625196837e-01 3.941552791955774682e-01 -8.858388349679933160e-01 -2.235533162777587068e-01 -8.591352019219306024e-01 4.699074832537218915e-01
1.586175951426383018e+09 8.098807955290584504e-01 -5.854258705794430639e-01 -3.700874536496621958e-02 -5.399120784338700130e-01 -7.192792633698926741e-01 -4.371867897123962177e-01 2.293208338437660587e-01 3.740506536283226824e-01 -8.986089604882313564e-01 -2.302084532093897351e-01 -8.567987676034204414e-01 4.779621040090185069e-01
1.586175951426398039e+09 8.043297080889039163e-01 -5.927022418660906622e-01 -4.192580728497535825e-02 -5.545587909772652369e-01 -7.234843437603997174e-01 -4.111386042871251201e-01 2.133501072849183500e-01 3.539413185221189084e-01 -9.106081895901514400e-01 -2.367110021765118366e-01 -8.543771644645916652e-01 4.861155930525703495e-01
1.586175951426409006e+09 7.985377024480125874e-01 -6.001222722899655082e-01 -4.680594208587219446e-02 -5.688342880656483969e-01 -7.268950502557751658e-01 -3.847741400955224100e-01 1.968885236257843230e-01 3.338814824920740554e-01 -9.218232287687639914e-01 -2.430585678901073521e-01 -8.518776260563070135e-01 4.943671023491913452e-01
1.586175951426419020e+09 7.924893281746990814e-01 -6.076911511505926899e-01 -5.169264634790923102e-02 -5.827423608268431643e-01 -7.294897986674396817e-01 -3.581284333725030522e-01 1.799222217386292066e-01 3.139364562909738310e-01 -9.322402564362988198e-01 -2.492486215778554892e-01 -8.493072445394110881e-01 5.027159383528221337e-01
1.586175951426430941e+09 7.861658654488956621e-01 -6.154144971408583853e-01 -5.664122929299768988e-02 -5.962880512289492341e-01 -7.312461821026123854e-01 -3.312394622832292024e-01 1.624308844254910567e-01 2.941836467302624825e-01 -9.418450987107975791e-01 -2.552785199048849818e-01 -8.466730269073596826e-01 5.111615237113276144e-01
1.586175951426444054e+09 7.795459684082012286e-01 -6.232968484633636397e-01 -6.171808469263399127e-02 -6.094753235516753298e-01 -7.321432714198782277e-01 -3.041480895023456754e-01 1.443880652034379708e-01 2.747130665688608531e-01 -9.506233838210880194e-01 -2.611455323167553577e-01 -8.439819460320767686e-01 5.197033582623342696e-01
1.586175951426457882e+09 7.726065788656399924e-01 -6.313399901290152050e-01 -6.699918881147109984e-02 -6.223045104217826973e-01 -7.321643254350440611e-01 -2.768979904598438679e-01 1.257623586677409366e-01 2.556271064591245090e-01 -9.585606980102914232e-01 -2.668468772785998477e-01 -8.412409858625532477e-01 5.283409789642558030e-01
1.586175951426475048e+09 7.653240601149167155e-01 -6.395412381652334499e-01 -7.256781545057108818e-02 -6.347697922479824673e-01 -7.312997448924204447e-01 -2.495355570284149005e-01 1.065194541686103197e-01 2.370394227505992213e-01 -9.656427487067870130e-01 -2.723797670195037268e-01 -8.384571796824475953e-01 5.370739190580462452e-01
1.586175951426491976e+09 7.576755027920556440e-01 -6.478918050900124292e-01 -7.851141006235809461e-02 -6.468569652220415023e-01 -7.295500985590118725e-01 -2.221097037232139526e-01 8.662504991300526425e-02 2.190727338587205586e-01 -9.718555644701276641e-01 -2.777414597577093081e-01 -8.356376402533921555e-01 5.459016671743102123e-01
1.586175951426508904e+09 7.496400362132978890e-01 -6.563754619608953567e-01 -8.491801449466016005e-02 -6.585419039412799824e-01 -7.269288392595760762e-01 -1.946715789679285824e-01 6.604829385769350747e-02 2.018556804202455701e-01 -9.771857077060032148e-01 -2.829293171879033730e-01 -8.327895806886795871e-01 5.548236277444402731e-01
1.586175951426527977e+09 7.412000387922125233e-01 -6.649676324562607821e-01 -9.187246825848638387e-02 -6.697899378267245796e-01 -7.234644487597525764e-01 -1.672741187947701935e-01 4.476541013424113757e-02 1.855188381129724839e-01 -9.816205065833948362e-01 -2.879408643043218641e-01 -8.299203253231772770e-01 5.638390843364593508e-01
1.586175951426544905e+09 7.323421111745010981e-01 -6.736350363889025417e-01 -9.945285362303671328e-02 -6.805563000849121913e-01 -7.192017194708109074e-01 -1.399714591504677419e-01 2.276301564134934272e-02 1.701902599651411163e-01 -9.851482734676156872e-01 -2.927738480885619388e-01 -8.270373104536444808e-01 5.729471676374866540e-01
1.586175951426562071e+09 7.230577379323251952e-01 -6.823359028512949731e-01 -1.077275426261338209e-01 -6.907875984893676602e-01 -7.142020289874183581e-01 -1.128182423870098677e-01 4.070775316904196028e-05 1.559909535733547403e-01 -9.877584830971936070e-01 -2.974262908727770549e-01 -8.241480755518026946e-01 5.821468299267616997e-01
1.586175951426580906e+09 7.133436298869895165e-01 -6.910206946371904024e-01 -1.167530103541531000e-01 -7.004240850954677189e-01 -7.085426172279211121e-01 -8.586885839308469603e-02 -2.338732535139194380e-02 1.430306235748367849e-01 -9.894419002230581128e-01 -3.018965353500779325e-01 -8.212602464459641816e-01 5.914368270087719814e-01
1.586175951426599979e+09 7.032017678860631449e-01 -6.996332371624106594e-01 -1.265725374776441592e-01 -7.094024267705416609e-01 -7.023149682357575641e-01 -5.917670602373770183e-02 -4.749179723603275116e-02 1.314040295189672081e-01 -9.901906434650775690e-01 -3.061832785391722656e-01 -8.183815125411896263e-01 6.008157081974522251e-01
1.586175951426619053e+09 6.926391869324363126e-01 -7.081120734761742197e-01 -1.372160641718568053e-01 -7.176586449523143507e-01 -6.956224872061862463e-01 -3.279367118872202058e-02 -7.222898533693944412e-02 1.211884764053036689e-01 -9.899981449720357540e-01 -3.102855932563247654e-01 -8.155196005509532942e-01 6.102818141622458059e-01
1.586175951426637888e+09 6.816676246396919936e-01 -7.163918775312702047e-01 -1.487007984822877049e-01 -7.251308592267914355e-01 -6.885778146742508321e-01 -6.769814413630642624e-03 -9.754223079378812611e-02 1.124423010600623662e-01 -9.888590609022117617e-01 -3.142029376290349507e-01 -8.126822471799193259e-01 6.198332814489303511e-01
1.586175951426656008e+09 6.703031164253030472e-01 -7.244048152563163923e-01 -1.610322821298798002e-01 -7.317616164069103979e-01 -6.813000347239100973e-01 1.884674217182965433e-02 -1.233639701781701209e-01 1.052042130319038454e-01 -9.867691749373467269e-01 -3.179351545483947161e-01 -8.098771727361487871e-01 6.294680519520028383e-01
1.586175951426671982e+09 6.585655941185120099e-01 -7.320817554668768157e-01 -1.742058027157412092e-01 -7.374996885024911464e-01 -6.739119796145360830e-01 4.400969714156716117e-02 -1.496180736970489089e-01 9.949345287289682038e-02 -9.837253097500987531e-01 -3.214824634818844173e-01 -8.071120570218708323e-01 6.391838855668895425e-01
1.586175951426692009e+09 6.464785294706437702e-01 -7.393533065354968015e-01 -1.882078616648893976e-01 -7.423013137871443679e-01 -6.665377710511251053e-01 6.867430060673643255e-02 -1.762222198208892310e-01 9.531048209044444552e-02 -9.797252887567003965e-01 -3.248454464988793644e-01 -8.043945183930416576e-01 6.489783747033045502e-01
1.586175951426712036e+09 6.340686371652199949e-01 -7.461506733381433332e-01 -2.030175760480958935e-01 -7.461309224026829723e-01 -6.593006651978601251e-01 9.279698139448125382e-02 -2.030901530687349021e-01 9.263803573538753611e-02 -9.747679643104413261e-01 -3.280250299534352432e-01 -8.017320965651673070e-01 6.588489596647493229e-01
1.586175951426729918e+09 6.213656514085320604e-01 -7.524063172140738054e-01 -2.186080081103475015e-01 -7.489614051788143767e-01 -6.523212474198348820e-01 1.163348785573497524e-01 -2.301337460647486233e-01 9.144246332201577676e-02 -9.688533093343504321e-01 -3.310224637987788654e-01 -7.991322392438503508e-01 6.687929438092815593e-01
1.586175951426749945e+09 6.084021804028781899e-01 -7.580544377151641200e-01 -2.349473483258293083e-01 -7.507740090385411902e-01 -6.457159799750039619e-01 1.392453259856985814e-01 -2.572647945378676582e-01 9.167520265562432991e-02 -9.619825793088739863e-01 -3.338392998337960105e-01 -7.966022924717626186e-01 6.788075078286164299e-01
