1.589264476486536980e+09 9.233844707590040946e-01 -2.848397939510852739e-01 -2.573468692824473214e-01 -2.457843291339387448e-01 7.627353182234306028e-02 -9.663190013463451855e-01 2.948748598518652897e-01 9.555357871232430522e-01 4.206371104827652616e-04 7.971587870824713151e-02 -8.504455373460736434e-01 2.848419381771050696e-01
1.589264476486655951e+09 9.243718551973697517e-01 -2.896749383503009478e-01 -2.482440404061754535e-01 -2.471729348662160541e-01 4.089861700027746377e-02 -9.681078678869252663e-01 2.905894248721058726e-01 9.562508737581629781e-01 -3.379427422996267999e-02 7.119227690623591842e-02 -8.610679661088398440e-01 2.819283938482360918e-01
1.589264476486687899e+09 9.253768317777746333e-01 -2.935502403061161503e-01 -2.398040362709976669e-01 -2.492353817762431312e-01 5.437627379057486353e-03 -9.684276726462207607e-01 2.855861410125395961e-01 9.559281819076622666e-01 -6.813125184412402446e-02 6.207849660115069557e-02 -8.713110017291928466e-01 2.794797715786853654e-01
1.589264476486709118e+09 9.263643958779840260e-01 -2.965320834308767806e-01 -2.322019158706499775e-01 -2.520574522604133172e-01 -3.001536852601512095e-02 -9.672466690978256398e-01 2.798500438970898396e-01 9.545510994631776214e-01 -1.025482902176185623e-01 5.238843981799643640e-02 -8.811161246335993402e-01 2.774951089327574727e-01
1.589264476486745119e+09 9.272951323391017686e-01 -2.987288611751489631e-01 -2.255766061308872028e-01 -2.556938916983068633e-01 -6.535930325316365030e-02 -9.645459012912070973e-01 2.733941688319964092e-01 9.520972793342844520e-01 -1.369905088555951611e-01 4.214442794489639543e-02 -8.904280421840304882e-01 2.759703355195202712e-01
1.589264476486769915e+09 9.281281770935991826e-01 -3.002772622789961487e-01 -2.200264821400684245e-01 -2.601700180504818993e-01 -1.004920427051916587e-01 -9.603191717010589601e-01 2.662511011470234945e-01 9.485435759348814777e-01 -1.713926371725529030e-01 3.137651407262294356e-02 -8.991961424220710208e-01 2.748984349391439541e-01
1.589264476486800909e+09 9.288235563230320402e-01 -3.013292296253158309e-01 -2.156095934863339891e-01 -2.654855057476402380e-01 -1.353149696952820058e-01 -9.545717917983707057e-01 2.584651770283667438e-01 9.438699882327994395e-01 -2.056822743148955801e-01 2.012151264579147697e-02 -9.073757599367587856e-01 2.742696886019699853e-01
1.589264476486824989e+09 9.293437705857805486e-01 -3.020408909536386743e-01 -2.123474899509014968e-01 -2.716195202464805059e-01 -1.697358857210124750e-01 -9.473186189504033683e-01 2.500859703872976847e-01 9.380623804569439006e-01 -2.397831899489523966e-01 8.421809129852764544e-03 -9.149291945123867453e-01 2.740719884795203010e-01
1.589264476486857891e+09 9.296546466140601650e-01 -3.025641875057357155e-01 -2.102311839456910691e-01 -2.785362586976842802e-01 -2.036703255109832689e-01 -9.385818832654106991e-01 2.411634112387467666e-01 9.311140162649398366e-01 -2.736181613041428484e-01 -3.675978212655894948e-03 -9.218264408949053967e-01 2.742912032061811667e-01
1.589264476486887932e+09 9.297255544860077991e-01 -3.030412970999278865e-01 -2.092280235342062478e-01 -2.861902836572779441e-01 -2.370416024345416151e-01 -9.283891429544718354e-01 2.317445041080374302e-01 9.230261379337285632e-01 -3.071111100455703458e-01 -1.612240748666142476e-02 -9.280456091020596876e-01 2.749115791117302532e-01
1.589264476486908913e+09 9.295291615335790070e-01 -3.036015558949777815e-01 -2.092883975789915085e-01 -2.945311454995859779e-01 -2.697800123009977402e-01 -9.167715908523139667e-01 2.218714548973413081e-01 9.138078794584718612e-01 -3.401885026686017333e-01 -2.886661796938881988e-02 -9.335730356599847291e-01 2.759161565796673377e-01
1.589264476486921072e+09 9.290689731789755212e-01 -3.043423698332007876e-01 -2.102535736790867860e-01 -3.034125403351173311e-01 -3.018559682160121271e-01 -9.037830521314680343e-01 2.115931798358019755e-01 9.034703629417872861e-01 -3.727863059976403437e-01 -4.186073121401249347e-02 -9.383927623294278098e-01 2.772944805210683095e-01
1.589264476486929893e+09 9.283231894271518625e-01 -3.053582033192154821e-01 -2.120670268613509268e-01 -3.127931505019574399e-01 -3.332121711575326550e-01 -8.894549423618095529e-01 2.009390486716570168e-01 8.920347622116858721e-01 -4.048425399231506128e-01 -5.505266314725534155e-02 -9.425078391850041371e-01 2.790310275000986717e-01
1.589264476486939907e+09 9.272715883476364551e-01 -3.067324511005564691e-01 -2.146685937193614224e-01 -3.226337387575121118e-01 -3.637938295209798834e-01 -8.738200734236519773e-01 1.899338631463741989e-01 8.795278582165299008e-01 -4.362979196121559711e-01 -6.839268786246427423e-02 -9.459281673975755700e-01 2.811098773225331193e-01
1.589264476486948967e+09 9.258952223432093120e-01 -3.085381237344612115e-01 -2.179960175984631821e-01 -3.328974236619581806e-01 -3.935481389548243225e-01 -8.569125790561904488e-01 1.785982723136208816e-01 8.659815753590136556e-01 -4.670958880913723132e-01 -8.183426150720878034e-02 -9.486696916318074768e-01 2.835150101450074622e-01
1.589264476486958981e+09 9.241762934366981597e-01 -3.108383816588811133e-01 -2.219857639166215313e-01 -3.435493573840159853e-01 -4.224240896062071982e-01 -8.387679822583259392e-01 1.669491479583510019e-01 8.514325512575804389e-01 -4.971826556322588297e-01 -9.533463323508865883e-02 -9.507534928857980239e-01 2.862305683951784641e-01
1.589264476486968994e+09 9.220981816414203225e-01 -3.136868340401856026e-01 -2.265734181403095682e-01 -3.545560446679087430e-01 -4.503725610877198915e-01 -8.194233142332737474e-01 1.549998545735229993e-01 8.359217228314946846e-01 -5.265072827484623685e-01 -1.088552458097684777e-01 -9.522048273492196291e-01 2.892410808012841339e-01
1.589264476486979008e+09 9.196455943978727454e-01 -3.171276140899607077e-01 -2.316938871238180264e-01 -3.658844713227943357e-01 -4.773466548982291391e-01 -7.989172204944745559e-01 1.427604100084252647e-01 8.194938973361748369e-01 -5.550218175617511740e-01 -1.223619377653597656e-01 -9.530521544823827851e-01 2.925316476540195665e-01
1.589264476486988068e+09 9.168047564423991158e-01 -3.211953644872502789e-01 -2.372816399152030686e-01 -3.775012722017189737e-01 -5.033021484313882077e-01 -7.772899956713319458e-01 1.302375843171991177e-01 8.021972859267855194e-01 -5.826814622840477131e-01 -1.358249672988057488e-01 -9.533261967165583828e-01 2.960880865612943169e-01
1.589264476486998081e+09 9.135636087556040508e-01 -3.259152304130450428e-01 -2.432710331843920826e-01 -3.893720023144635056e-01 -5.281980099318064337e-01 -7.545835319022085041e-01 1.174349900630050347e-01 7.840829836318327084e-01 -6.094447458912592985e-01 -1.492188850759801899e-01 -9.530590654058564981e-01 2.998970402898776255e-01
1.589264476487006903e+09 9.099120489704910497e-01 -3.313028618458694896e-01 -2.495966288141963363e-01 -4.014604280164735250e-01 -5.519969920789657980e-01 -7.308411906651887113e-01 1.043531896843684220e-01 7.652043745306273959e-01 -6.352737027521649926e-01 -1.625222870966867572e-01 -9.522834786316874967e-01 3.039460501560328765e-01
1.589264476487015963e+09 9.058421363456512498e-01 -3.373645765318081247e-01 -2.561936118770576365e-01 -4.137280092713576662e-01 -5.746661772448905525e-01 -7.061075835702447234e-01 9.098988234715553458e-02 7.456164748480682558e-01 -6.601340122673179378e-01 -1.757174803928713558e-01 -9.510320895773443084e-01 3.082235985632091335e-01
1.589264476487025976e+09 9.013482202785736419e-01 -3.440977713815675521e-01 -2.629983075520423430e-01 -4.261336386813780464e-01 -5.961773890279996602e-01 -6.804282793184250888e-01 7.734021018675506232e-02 7.253752441839959042e-01 -6.839950638855762932e-01 -1.887900932413781596e-01 -9.493369341130273309e-01 3.127191254877578763e-01
1.589264476487040997e+09 8.964270260607355434e-01 -3.514915344171412603e-01 -2.699486773913540860e-01 -4.386335435751156364e-01 -6.165074860060225648e-01 -6.538494739996186800e-01 6.339717444966540272e-02 7.045368842474291071e-01 -7.068299494314598252e-01 -2.017286578554921828e-01 -9.472289968071315736e-01 3.174230246262477184e-01
1.589264476487059116e+09 8.910777259744169232e-01 -3.595273992243929739e-01 -2.769847211012879118e-01 -4.511812867826931472e-01 -6.356385538863766893e-01 -6.264176528248992515e-01 4.915214198530683254e-02 6.831571403082504768e-01 -7.286153916783986162e-01 -2.145241884037131508e-01 -9.447378879605794477e-01 3.223266249125946725e-01
1.589264476487078905e+09 8.853020163681400989e-01 -3.681801866537475765e-01 -2.840487461941512692e-01 -4.637278265029807223e-01 -6.535580094479729318e-01 -5.981792638612039026e-01 3.459541987985004230e-02 6.612906159749426527e-01 -7.493316212154498279e-01 -2.271697721202202147e-01 -9.418916210963229618e-01 3.274221620256156928e-01
1.589264476487101078e+09 8.791042112385117901e-01 -3.774188912800450768e-01 -2.910854969454986230e-01 -4.762216194435325289e-01 -6.702586222045995301e-01 -5.691804187033125961e-01 1.971687844830271458e-02 6.389901096264215541e-01 -7.689622129275438533e-01 -2.396601857763367427e-01 -9.387164770468852115e-01 3.327027441931616480e-01
1.589264476487138987e+09 8.724913496102429944e-01 -3.872075892837464894e-01 -2.980421579252147679e-01 -4.886087756945848293e-01 -6.857384471140036686e-01 -5.394666319284453504e-01 4.506607508898474723e-03 6.163059834906208234e-01 -7.874938892518315026e-01 -2.519915457971241834e-01 -9.352369414060238695e-01 3.381623149478423240e-01
1.589264476487159014e+09 8.654733146210885630e-01 -3.975063439127423659e-01 -3.048682477272163238e-01 -5.008332686967682523e-01 -7.000006671978264983e-01 -5.090826095924074757e-01 -1.104440991520421952e-02 5.932855744140808074e-01 -8.049162991319878113e-01 -2.641609979864281144e-01 -9.314757043756822785e-01 3.437956133135769421e-01
1.589264476487200975e+09 8.580628566313696082e-01 -4.082722158932511336e-01 -3.115155406132745219e-01 -5.128373785884815517e-01 -7.130532134643516873e-01 -4.780721058490686737e-01 -2.694359925229363947e-02 5.699727299041565942e-01 -8.212217301262136893e-01 -2.761664501948182804e-01 -9.274537119558668996e-01 3.495981313282380265e-01
1.589264476487226009e+09 8.502754122509108559e-01 -4.194604488574069645e-01 -3.179381314190524721e-01 -5.245625040154054952e-01 -7.249080518452005739e-01 -4.464778787928810333e-01 -4.319609999484029517e-02 5.464075846393579017e-01 -8.364047159123240149e-01 -2.880063477876910749e-01 -9.231902558785863855e-01 3.555660696934321852e-01
1.589264476487251997e+09 8.421288221975818944e-01 -4.310256241362456775e-01 -3.240925151965497464e-01 -5.359500993062153995e-01 -7.355803203058368656e-01 -4.143417477550712102e-01 -5.980416568727442428e-02 5.226265435798410630e-01 -8.504616147239063562e-01 -2.996794888048107119e-01 -9.187030896105469191e-01 3.616962930776735918e-01
1.589264476487277031e+09 8.336427639134065259e-01 -4.429229290099602756e-01 -3.299379053343317603e-01 -5.469429741375831933e-01 -7.450871430775269921e-01 -3.817047717312566646e-01 -7.676669574648005423e-02 4.986626399838406387e-01 -8.633900893078808592e-01 -3.111848752172076127e-01 -9.140085609451774618e-01 3.679862855398849941e-01
1.589264476487296104e+09 8.248377823362850192e-01 -4.551095527398683060e-01 -3.354369211637691084e-01 -5.574870174808349566e-01 -7.534460789522448021e-01 -3.486075615245854409e-01 -9.407900155774209794e-02 4.745464165437882076e-01 -8.751884599432880885e-01 -3.225215973206465025e-01 -9.091217548398384807e-01 3.744341052567636274e-01
1.589264476487317085e+09 8.157339512487455924e-01 -4.675460540536204301e-01 -3.405566155037224596e-01 -5.675331464518902358e-01 -7.606733718252420839e-01 -3.150907005526201732e-01 -1.117329352764971639e-01 4.503073495661457093e-01 -8.858549782598548195e-01 -3.336887473681228178e-01 -9.040566403517376060e-01 3.810383384524237416e-01
1.589264476487334967e+09 8.063493561436608781e-01 -4.801974395400762097e-01 -3.452696557043644643e-01 -5.770390776550144984e-01 -7.667823425634689993e-01 -2.811952035370373082e-01 -1.297174586418016473e-01 4.259756548566838719e-01 -8.953871357125300356e-01 -3.446853565690887744e-01 -8.988262149274101054e-01 3.877980542027189559e-01
1.589264476487363100e+09 7.966985964356801952e-01 -4.930337829686158302e-01 -3.495554827683653998e-01 -5.859705927486661414e-01 -7.717822059842390781e-01 -2.469629353975723307e-01 -1.480196312847505413e-01 4.015842573064773435e-01 -9.037810981894279783e-01 -3.555103499448190596e-01 -8.934426415396747867e-01 3.947127615036249981e-01
1.589264476487390041e+09 7.867913482969436378e-01 -5.060304208162296202e-01 -3.534014540122593639e-01 -5.943022538944294775e-01 -7.756773627033897167e-01 -2.124369565443409713e-01 -1.666259452764743965e-01 3.771708399872775175e-01 -9.110312575485923769e-01 -3.661625144840422452e-01 -8.879173763147631959e-01 4.017823694055221995e-01
1.589264476487415075e+09 7.766309373056707877e-01 -5.191678355108533260e-01 -3.568040723352838284e-01 -6.020176543718126494e-01 -7.784671012374376753e-01 -1.776618040433808332e-01 -1.855239376098465343e-01 3.527800039692101097e-01 -9.171298369259276440e-01 -3.766404792411324198e-01 -8.822612874533709570e-01 4.090071485996569778e-01
1.589264476487473011e+09 7.662130419197571429e-01 -5.324311962055146008e-01 -3.597701987986065553e-01 -6.091090747326467492e-01 -7.801458160656306040e-01 -1.426837105416632612e-01 -2.047039566201503125e-01 3.284654126705360278e-01 -9.220665720162437573e-01 -3.869427057284826055e-01 -8.764847655352467903e-01 4.163876936334253709e-01
1.589264476487498999e+09 7.555246993208662998e-01 -5.458095235283018098e-01 -3.623180826101209950e-01 -6.155764176673086396e-01 -7.807038527434945197e-01 -1.075507732359663182e-01 -2.241608866799368049e-01 3.042917328409258659e-01 -9.258285146905381735e-01 -3.970674867605629155e-01 -8.705978250072728963e-01 4.239248855067393462e-01
1.589264476487525940e+09 7.445438642815217500e-01 -5.592944386105515031e-01 -3.644779353327146088e-01 -6.214252970864807546e-01 -7.801291039521194293e-01 -7.231308186040463770e-02 -2.438955405381963426e-01 2.803360705364008054e-01 -9.284000502306901659e-01 -4.070129531215457286e-01 -8.646101973631850068e-01 4.316198536756693516e-01
1.589264476487548113e+09 7.332393195183904977e-01 -5.728787297304464010e-01 -3.662923171170661685e-01 -6.266646982691774781e-01 -7.784090577235490693e-01 -3.702290233685813503e-02 -2.639156241142887604e-01 2.566891119883949468e-01 -9.297630039647371003e-01 -4.167770880349773166e-01 -8.585314164992767783e-01 4.394739362868544386e-01
1.589264476487565041e+09 7.215710573838446384e-01 -5.865547369591522786e-01 -3.678161904281695982e-01 -6.313042564350480612e-01 -7.755333173320652085e-01 -1.734939543760360969e-03 -2.842360732783048571e-01 2.334558086554305023e-01 -9.298968977574482153e-01 -4.263577500638025541e-01 -8.523708965891174660e-01 4.474886371913346927e-01
1.589264476487581968e+09 7.094912604860993399e-01 -6.003125766690927678e-01 -3.691164610676581082e-01 -6.353512567948393919e-01 -7.714965833516398419e-01 3.349332569739391086e-02 -3.048785531752744582e-01 2.107553854708473506e-01 -9.287794332969172562e-01 -4.357527053447454168e-01 -8.461380023755106228e-01 4.556655783097032786e-01
1.589264476487607002e+09 6.969460097221733541e-01 -6.141382645623699732e-01 -3.702707816949807884e-01 -6.388075242476147775e-01 -7.663020372588171814e-01 6.860127664939469350e-02 -3.258699232878114471e-01 1.887203752313170446e-01 -9.263872912964122852e-01 -4.449596695148002601e-01 -8.398421110445705162e-01 4.640064466207595162e-01
1.589264476487632036e+09 6.838776681120697365e-01 -6.280118941994378146e-01 -3.713655827429130363e-01 -6.416665540634791665e-01 -7.599648936701567381e-01 1.035248486379711230e-01 -3.472396418382555638e-01 1.674945415997116660e-01 -9.226972472468417674e-01 -4.539763587205822848e-01 -8.334926642753126558e-01 4.725129360583952276e-01
1.589264476487658024e+09 6.702278928924439994e-01 -6.419060383485294397e-01 -3.724932345224573060e-01 -6.439112040855398122e-01 -7.525158582381498151e-01 1.381963995678557322e-01 -3.690161693686954680e-01 1.472294853720881036e-01 -9.176876079516826934e-01 -4.628005484195747976e-01 -8.270992089463301555e-01 4.811866853154495582e-01
1.589264476487678051e+09 6.559408954428951333e-01 -6.557846122436024050e-01 -3.737486913347423667e-01 -6.455124089490649197e-01 -7.440040362826865206e-01 1.725448474691531342e-01 -3.912227907410736338e-01 1.280801962398684657e-01 -9.113397784265098167e-01 -4.714301373852202715e-01 -8.206714250181732506e-01 4.900292137501514045e-01
1.589264476487690926e+09 6.409666877765013426e-01 -6.696023455840458549e-01 -3.752258042745950650e-01 -6.464291192458103685e-01 -7.344989599508647826e-01 2.064961794380010818e-01 -4.138732890295990230e-01 1.101997139133765596e-01 -9.036398198883165422e-01 -4.798632136019252981e-01 -8.142191396822252569e-01 4.990418582304430029e-01
1.589264476487730980e+09 6.252639192059573636e-01 -6.833049572547142958e-01 -3.770137490525920509e-01 -6.466095698596007191e-01 -7.240914198342568442e-01 2.399743327706100327e-01 -4.369680719787364942e-01 9.373340620254323741e-02 -8.945797633746317423e-01 -4.880981182011176478e-01 -8.077523276922984330e-01 5.082257141739071615e-01
1.589264476487747908e+09 6.088020285728765746e-01 -6.968300052142735179e-01 -3.791939267485408549e-01 -6.459937285171889476e-01 -7.128929763090091631e-01 2.729023773184290347e-01 -4.604912519787380809e-01 7.881337757356214613e-02 -8.841585031955858653e-01 -4.961335028668135694e-01 -8.012810987921493711e-01 5.175815845693917394e-01
1.589264476487766027e+09 5.915626077594047239e-01 -7.101082963405520587e-01 -3.818375162468499728e-01 -6.445165869183054896e-01 -7.010342064640344706e-01 3.052038844032417542e-01 -4.844089705179382976e-01 6.555340689122786391e-02 -8.723821986567937836e-01 -5.039683774996505106e-01 -7.948156743330472285e-01 5.271099394700053953e-01
1.589264476487782001e+09 5.735399420096933820e-01 -7.230656829926976892e-01 -3.850038353603417729e-01 -6.421118915881096623e-01 -6.886618736243838024e-01 3.368043096481997400e-01 -5.086691007265804476e-01 5.404481668804455435e-02 -8.592641643649088223e-01 -5.116021453436021549e-01 -7.883663559482779748e-01 5.368108879770808750e-01
1.589264476487799883e+09 5.547406786676335466e-01 -7.356249786053838946e-01 -3.887398494206041888e-01 -6.387159036454953531e-01 -6.759353727435529757e-01 3.676321079621036603e-01 -5.332023764932597443e-01 4.435383905695158835e-02 -8.448242202194533590e-01 -5.190346241809015160e-01 -7.819434896747005093e-01 5.466841634328223343e-01
1.589264476487827063e+09 5.351829518251580708e-01 -7.477078042934196533e-01 -3.930804595992734018e-01 -6.342707722834772799e-01 -6.630228579820077739e-01 3.976195137573093064e-01 -5.579245432331284560e-01 3.652026152732378017e-02 -8.290877365892214135e-01 -5.262660543730159901e-01 -7.755574288289784901e-01 5.567291206408497839e-01
1.589264476487843990e+09 5.148952064382210647e-01 -7.592362513484612885e-01 -3.980492950246616868e-01 -6.287272900132515607e-01 -6.500973587914165019e-01 4.267029638815792447e-01 -5.827391540144899462e-01 3.055714380181541456e-02 -8.120845644067550273e-01 -5.332970959808087663e-01 -7.692184982966046025e-01 5.669447427303103693e-01
1.589264476487860918e+09 4.939148614995055864e-01 -7.701342548839836821e-01 -4.036599302489259911e-01 -6.220469241418900008e-01 -6.373331523400163068e-01 4.548231278137233047e-01 -6.075407263715395523e-01 2.645151575558544327e-02 -7.938479599524908004e-01 -5.401288177187412165e-01 -7.629369620303044774e-01 5.773296549249178344e-01
1.589264476487879992e+09 4.722869990842300525e-01 -7.803286848934521958e-01 -4.099172285630605095e-01 -6.142031225643994619e-01 -6.249025226920951193e-01 4.819246433473848290e-01 -6.322179332911922467e-01 2.416569811152262034e-02 -7.744136519111435302e-01 -5.467626798340341487e-01 -7.567229949431926173e-01 5.878821431402287967e-01
1.589264476487898111e+09 4.500631611600776072e-01 -7.897501724146706037e-01 -4.168186852600882508e-01 -6.051819644634721662e-01 -6.129729697729922044e-01 5.079556365629958048e-01 -6.566566388179114755e-01 2.363903117691242700e-02 -7.538191131219327268e-01 -5.532005125292009939e-01 -7.505866599647338377e-01 5.986001758085632840e-01
1.589264476487915039e+09 4.273002850194037583e-01 -7.983336671236934690e-01 -4.243557736186990281e-01 -5.949822467065690734e-01 -6.017049251619809302e-01 5.328670656365670499e-01 -6.807426775052843881e-01 2.478990249339960150e-02 -7.321030447716095901e-01 -5.594444920868614224e-01 -7.445378903405991400e-01 6.094814269487371927e-01
1.589264476487932920e+09 4.040598173662833803e-01 -8.060187704082283355e-01 -4.325152089625127205e-01 -5.836151194412890764e-01 -5.912499539742196442e-01 5.566119696748536017e-01 -7.043642926793830528e-01 2.751788445469942682e-02 -7.093050892528317553e-01 -5.654971161035429184e-01 -7.385864770142522850e-01 6.205232992079645626e-01
