1.584057357753478050e+09 8.821495020505352169e-01 -3.729430716824702063e-01 -2.876207946393929960e-01 -4.306778593915937536e-01 -3.916307059163022797e-01 -8.131063717748083786e-01 1.906012530629903057e-01 8.411532890942180485e-01 -5.060951559859048210e-01 -1.829372428032121634e-01 -6.895910932894961931e-01 3.275888084146804657e-01
1.584057357753541946e+09 8.813911665725521205e-01 -3.695341972036945144e-01 -2.942687356446890279e-01 -4.384733891485717572e-01 -4.082134695099476351e-01 -8.006889848918976593e-01 1.757574997061447375e-01 8.347492082616266851e-01 -5.218266579428811891e-01 -1.973196321268294584e-01 -6.940428799226122658e-01 3.341011075825133791e-01
1.584057357753567934e+09 8.803172818456785897e-01 -3.665707429039581911e-01 -3.011102355017307719e-01 -4.462453050615898809e-01 -4.245325135298722574e-01 -7.878053521500466561e-01 1.609553080850883722e-01 8.278876950942625212e-01 -5.373037813460257439e-01 -2.116814909047675108e-01 -6.977429069735275879e-01 3.411102715616572967e-01
1.584057357753591061e+09 8.789914772226786743e-01 -3.639632680819115951e-01 -3.080661011059245835e-01 -4.538896056133453483e-01 -4.406242007035095498e-01 -7.744898578311246728e-01 1.461444802007030030e-01 8.205979853300223725e-01 -5.525040612702506460e-01 -2.259838487978095833e-01 -7.007132268923552676e-01 3.485736036502180002e-01
1.584057357753612995e+09 8.774733906402865102e-01 -3.616148613278343249e-01 -3.150795788037732970e-01 -4.613124494492100713e-01 -4.565197759503958896e-01 -7.607762603855753314e-01 1.312679431918692963e-01 8.129110569554098831e-01 -5.674013931203053529e-01 -2.401924233180500745e-01 -7.029810635613695791e-01 3.564510965678318599e-01
1.584057357753652096e+09 8.758208643578431207e-01 -3.594185651797843217e-01 -3.221119506542821642e-01 -4.684240685719966990e-01 -4.722474697738503480e-01 -7.467002206353821059e-01 1.162613682543706672e-01 8.048606230804196127e-01 -5.819644937764852921e-01 -2.542776520319927069e-01 -7.045775823702320473e-01 3.647057332980018218e-01
1.584057357753674030e+09 8.740923748933964177e-01 -3.572527740943325925e-01 -3.291397510946557081e-01 -4.751327467037911867e-01 -4.878341359725686943e-01 -7.323023480902376425e-01 1.010514392578810983e-01 7.964849725345498621e-01 -5.961545902760942983e-01 -2.682145633265887175e-01 -7.055367346878008705e-01 3.733036457271822761e-01
1.584057357753691912e+09 8.723493845597456442e-01 -3.549751705350449593e-01 -3.361535062413263386e-01 -4.813389109350699746e-01 -5.033060106256967980e-01 -7.176321569749598561e-01 8.555351713778733269e-02 7.878297330428661871e-01 -6.099220505960218919e-01 -2.819825213728364699e-01 -7.058942139371541247e-01 3.822141511815809189e-01
1.584057357753711939e+09 8.706583507608280925e-01 -3.524155707945634819e-01 -3.431578381876022044e-01 -4.869293652303131603e-01 -5.186880145671016740e-01 -7.027535393481910697e-01 6.966943194513319781e-02 7.789518658457859068e-01 -6.232015414943193887e-01 -2.955648812357990485e-01 -7.056865462260584199e-01 3.914096904349012584e-01
1.584057357753727913e+09 8.690920521407821120e-01 -3.493680028890047140e-01 -3.501728197076070526e-01 -4.917718792417014040e-01 -5.340006753727751798e-01 -6.877526428477355180e-01 5.328624511507743661e-02 7.699255013065384734e-01 -6.359051021202112297e-01 -3.089485869863908829e-01 -7.049503246560947511e-01 4.008656919972193866e-01
1.584057357753745079e+09 8.677179414276294800e-01 -3.455524996669168125e-01 -3.572940585812285907e-01 -4.957414220977174879e-01 -5.493762271268192166e-01 -6.726263477890037645e-01 3.613885396548272011e-02 7.607754145237803911e-01 -6.480082964540939683e-01 -3.221237406565866102e-01 -7.037215858714752637e-01 4.105603861186603032e-01
1.584057357753763914e+09 8.660532691571694031e-01 -3.422622677029997784e-01 -3.644286971245315199e-01 -4.995841485744285659e-01 -5.645090999555147926e-01 -6.570731731064033410e-01 1.916803848637335314e-02 7.511231699759430835e-01 -6.598837550728012813e-01 -3.351003065227668443e-01 -7.020727610005795816e-01 4.204584506874616268e-01
1.584057357753781080e+09 8.641155361270360657e-01 -3.394800817016744299e-01 -3.715610509063261846e-01 -5.032879293505637674e-01 -5.793828794490911704e-01 -6.411058722448589320e-01 2.366562348309331903e-03 7.409917364100672144e-01 -6.715099748609475450e-01 -3.478722195320748112e-01 -7.000336327558503990e-01 4.305481365808156990e-01
1.584057357753798008e+09 8.619216148395063559e-01 -3.371857226301143706e-01 -3.786778558692986407e-01 -5.068405574784624612e-01 -5.939822303579590512e-01 -6.247381528043931542e-01 -1.427513188349887122e-02 7.304046130540300386e-01 -6.828655227950863882e-01 -3.604348279705110181e-01 -6.976320783528198177e-01 4.408192111601443308e-01
1.584057357753813028e+09 8.594877546399966040e-01 -3.353562513413957391e-01 -3.857680449558357760e-01 -5.102294487561052083e-01 -6.082932100888858162e-01 -6.079846054279164358e-01 -3.076864424083677538e-02 7.193855402643632990e-01 -6.939292005480357517e-01 -3.727845545940312588e-01 -6.948940333438139438e-01 4.512628182570856961e-01
1.584057357753829956e+09 8.568295812195387828e-01 -3.339664094692052498e-01 -3.928224869992818502e-01 -5.134414221798679900e-01 -6.223035118418390743e-01 -5.908605972602742895e-01 -4.712722100027320893e-02 7.079581744631259221e-01 -7.046802456680153481e-01 -3.849186027153080891e-01 -6.918435200499262194e-01 4.618713437048879156e-01
1.584057357753844976e+09 8.539620484142529389e-01 -3.329892593071660523e-01 -3.998336819892763794e-01 -5.164626553118104590e-01 -6.360025912462673459e-01 -5.733820976032011352e-01 -6.336517780536304878e-02 6.961457156413392022e-01 -7.150985926562904993e-01 -3.968347079415013856e-01 -6.885027258702846042e-01 4.726382883889608810e-01
1.584057357753861904e+09 8.508993955393210351e-01 -3.323968882883422959e-01 -4.067954369532054137e-01 -5.192787339058507756e-01 -6.493816894938095885e-01 -5.555654939958396543e-01 -7.949726665549541882e-02 6.839705624485068469e-01 -7.251651223557865622e-01 -4.085309326772391669e-01 -6.848921163841156234e-01 4.835581507238001508e-01
1.584057357753880024e+09 8.476550247608268807e-01 -3.321613794372340056e-01 -4.137025226016634583e-01 -5.218749580775171593e-01 -6.624336887656462336e-01 -5.374273312509031397e-01 -9.553788437567008185e-02 6.714539643835785165e-01 -7.348619508082465668e-01 -4.200055000081776013e-01 -6.810305717851162788e-01 4.946263188296817770e-01
1.584057357753896952e+09 8.442412479203551534e-01 -3.322561350236930000e-01 -4.205503254640315935e-01 -5.242370089381734877e-01 -6.751527437069884119e-01 -5.189839413508114951e-01 -1.115001075834250871e-01 6.586156949919562686e-01 -7.441727572964839110e-01 -4.312566644235574786e-01 -6.769355388473736745e-01 5.058389711421039658e-01
1.584057357753914118e+09 8.406689114671854757e-01 -3.326574477555291898e-01 -4.273345339944560894e-01 -5.263519541154472181e-01 -6.875336855366270816e-01 -5.002509889113784247e-01 -1.273946698774868214e-01 6.454738213040339678e-01 -7.530830926804018555e-01 -4.422826155349977029e-01 -6.726231907973156954e-01 5.171929846935173769e-01
1.584057357753930092e+09 8.369469644640438188e-01 -3.333460474790457817e-01 -4.340509088844582974e-01 -5.282094340975270752e-01 -6.995712702867482591e-01 -4.812430069884600092e-01 -1.432290914120696590e-01 6.320446587868889798e-01 -7.615805781762968740e-01 -4.530814082113854280e-01 -6.681085866632114900e-01 5.286858517677996971e-01
1.584057357753947020e+09 8.330820273575227919e-01 -3.343083935779947446e-01 -4.406951711513119596e-01 -5.298028610971590169e-01 -7.112593662055501920e-01 -4.619729890520470894e-01 -1.590071202472509992e-01 6.183429568189805492e-01 -7.696549381678396973e-01 -4.636509128514488265e-01 -6.634058243172982205e-01 5.403156052184943103e-01
1.584057357753962994e+09 8.290779497010674071e-01 -3.355377044534537112e-01 -4.472630125647381605e-01 -5.311305941865532843e-01 -7.225901197561444000e-01 -4.424520437351138202e-01 -1.747284906963227358e-01 6.043823028500008299e-01 -7.772978752858001883e-01 -4.739887805917549768e-01 -6.585281840083494487e-01 5.520807521764738990e-01
1.584057357753983021e+09 8.249353091604908483e-01 -3.370348264886153244e-01 -4.537502194302261982e-01 -5.321971357292220040e-01 -7.335530910106035085e-01 -4.226890957263280124e-01 -1.903889299428861426e-01 5.901757269473582035e-01 -7.845028152023832968e-01 -4.840924223462751419e-01 -6.534882630782076207e-01 5.639802138305413104e-01
1.584057357753999949e+09 8.206508847780077387e-01 -3.388088505718185872e-01 -4.601528966399976994e-01 -5.330142450105644913e-01 -7.441344129031770560e-01 -4.026906882516672059e-01 -2.059804363338051947e-01 5.757365183663586405e-01 -7.912645080187935553e-01 -4.939590000603397146e-01 -6.482981017376587829e-01 5.760132698353040981e-01
1.584057357754019022e+09 8.162171651626373148e-01 -3.408773473386296216e-01 -4.664677626204747352e-01 -5.336018207276075342e-01 -7.543160532906706406e-01 -3.824609639161988262e-01 -2.214918428158788866e-01 5.610792511672897387e-01 -7.975784838238078045e-01 -5.035854281876707139e-01 -6.429692994529544459e-01 5.881795065197591432e-01
1.584057357754038095e+09 8.116219988350653614e-01 -3.432660271136820374e-01 -4.726924643311614105e-01 -5.339883300634477026e-01 -7.640753041101739917e-01 -3.620019243878893067e-01 -2.369096760108676536e-01 5.462209850852824955e-01 -8.034403781538452805e-01 -5.129683849388202432e-01 -6.375131224092051019e-01 6.004787675551050974e-01
1.584057357754055023e+09 8.068482928772625629e-01 -3.460081106814071328e-01 -4.788258763085327940e-01 -5.342109752603353412e-01 -7.733844093794586261e-01 -3.413139163522734276e-01 -2.522190841663334848e-01 5.311825890768675507e-01 -8.088452206862547511e-01 -5.221043336015486203e-01 -6.319406025417469985e-01 6.129111056980673933e-01
1.584057357754065037e+09 8.018738248758269238e-01 -3.491433237620506502e-01 -4.848683415632575322e-01 -5.343154919618574583e-01 -7.822103964132238740e-01 -3.203963967465378593e-01 -2.674047947487292465e-01 5.159901505652386700e-01 -8.137867292160499977e-01 -5.309895550676461129e-01 -6.262626285139761828e-01 6.254767341256644020e-01
1.584057357754074097e+09 7.966712501902464272e-01 -3.527164186903031240e-01 -4.908218080989278920e-01 -5.343554567540843570e-01 -7.905151960705895098e-01 -2.992490114839990722e-01 -2.824520582051921469e-01 5.006763955197116589e-01 -8.182566725472786295e-01 -5.396201930445779782e-01 -6.204900285304267848e-01 6.381759760275659277e-01
1.584057357754084110e+09 7.912084061841592186e-01 -3.567751230452979039e-01 -4.966898124166022610e-01 -5.343909631171015473e-01 -7.982561634473070988e-01 -2.778729859354849285e-01 -2.973475353019663925e-01 4.852819895228217550e-01 -8.222443884136408920e-01 -5.479923126574486325e-01 -6.146336439999851020e-01 6.510092118144270579e-01
1.584057357754096985e+09 7.854489424086656957e-01 -3.613675871633642567e-01 -5.024772890546808091e-01 -5.344866784119643999e-01 -8.053870370024629466e-01 -2.562727287170414869e-01 -3.120800373271965245e-01 4.698565609150895384e-01 -8.257365577773609910e-01 -5.561019717857990097e-01 -6.087043923539968704e-01 6.639768242038416313e-01
1.584057357754106998e+09 7.793533258705420685e-01 -3.665393816062978427e-01 -5.081901960733813395e-01 -5.347092679842373464e-01 -8.118593948274629435e-01 -2.344575057823626574e-01 -3.266410758252863977e-01 4.544592446181730527e-01 -8.287173239095969590e-01 -5.639453034947405907e-01 -6.027133171642820031e-01 6.770791420566510954e-01
1.584057357754117012e+09 7.728800930892517629e-01 -3.723304081769651663e-01 -5.138350212393354433e-01 -5.351244970884651009e-01 -8.176244696864251038e-01 -2.124429321990948527e-01 -3.410251230531233246e-01 4.391586205139142440e-01 -8.311687986552567242e-01 -5.715186060743354668e-01 -5.966716236845507337e-01 6.903163847935641639e-01
1.584057357754127979e+09 7.659872767713945541e-01 -3.787719524871492882e-01 -5.194182322871618851e-01 -5.357942064213312428e-01 -8.226352282634586954e-01 -1.902520692155619253e-01 -3.552295883259461995e-01 4.240319439405524360e-01 -8.330719359568414806e-01 -5.788184361293841063e-01 -5.905906985706133039e-01 7.036886096745201824e-01
1.584057357754143953e+09 7.586338309736442298e-01 -3.858842343303493516e-01 -5.249457766250115176e-01 -5.367735247811121768e-01 -8.268484885321206734e-01 -1.679159324237823325e-01 -3.692545109139008797e-01 4.091637019073809944e-01 -8.344076770945295651e-01 -5.858416993518820171e-01 -5.844821134702445908e-01 7.171956644652383028e-01
1.584057357754160881e+09 7.507809111106719113e-01 -3.936746926030877392e-01 -5.304227183243549471e-01 -5.381085987227572920e-01 -8.302268647747241825e-01 -1.454733282856425503e-01 -3.831020226100609327e-01 3.946436236143684440e-01 -8.351582191391677679e-01 -5.925857325378086626e-01 -5.783576132963293981e-01 7.308371483048656803e-01
1.584057357754177094e+09 7.423929351971968460e-01 -4.021370831714045635e-01 -5.358530547702325952e-01 -5.398349746628545720e-01 -8.327403958767680692e-01 -1.229700510746348507e-01 -3.967756672694481290e-01 3.805643173773400889e-01 -8.353082488429696140e-01 -5.990483722516589671e-01 -5.722290914454682964e-01 7.446123824296271287e-01
1.584057357754193068e+09 7.334383635105757859e-01 -4.112514074401930619e-01 -5.412397315499787309e-01 -5.419767284286483022e-01 -8.343677276054257685e-01 -1.004575593366500291e-01 -4.102796522026047610e-01 3.670187668972040851e-01 -8.348459930531322293e-01 -6.052280060913738380e-01 -5.661085551445625974e-01 7.585203919326195532e-01
1.584057357754209995e+09 7.238900689978511327e-01 -4.209847034676056365e-01 -5.465848951914812348e-01 -5.445465145234484883e-01 -8.350966673981302657e-01 -7.799134488159416290e-02 -4.236180611910314586e-01 3.540980595694427358e-01 -8.337639371099064833e-01 -6.111236044536163536e-01 -5.600080847902424441e-01 7.725598986456624351e-01
1.584057357754225969e+09 7.137254393981755651e-01 -4.312923670764762241e-01 -5.518902893296414591e-01 -5.475462445592060856e-01 -8.349242478883533991e-01 -5.562922444827778090e-02 -4.367941248088259565e-01 3.418894479681867105e-01 -8.320591915744969258e-01 -6.167347337589714762e-01 -5.539397911647434558e-01 7.867293237480105228e-01
1.584057357754247904e+09 7.029263148240436632e-01 -4.421197551326553343e-01 -5.571577139807312173e-01 -5.509681685388988504e-01 -8.338564212112813401e-01 -3.342972206203492780e-02 -4.498095968621806384e-01 3.304747965683562105e-01 -8.297335330013431154e-01 -6.220615541771133961e-01 -5.479157737327240429e-01 8.010267978448086801e-01
1.584057357754265070e+09 6.914787891666267505e-01 -4.534039247028933128e-01 -5.623895139452483871e-01 -5.547962534808669188e-01 -8.319074464066938956e-01 -1.145067649646579894e-02 -4.626642427321400186e-01 3.199294952271298786e-01 -8.267931524655451891e-01 -6.271048056688224293e-01 -5.419480822486125726e-01 8.154501760925728648e-01
1.584057357754282951e+09 6.793729827998594706e-01 -4.650753147943970101e-01 -5.675890256245431642e-01 -5.590076364293771194e-01 -8.290991265952616374e-01 1.025187534819773337e-02 -4.753554595291115126e-01 3.103217525175038238e-01 -8.232481991437559099e-01 -6.318657852568608790e-01 -5.360486831581202649e-01 8.299970565508969500e-01
1.584057357754300117e+09 6.666028276673613417e-01 -4.770592831123152133e-01 -5.727609542742467807e-01 -5.635740461757972053e-01 -8.254599832426713357e-01 3.162452841685724214e-02 -4.878780225364678369e-01 3.017122083999594917e-01 -8.191121893925337183e-01 -6.363463177906294455e-01 -5.302294317676834456e-01 8.446648003720582665e-01
1.584057357754317999e+09 6.531658602215419940e-01 -4.892774648529117920e-01 -5.779116901630079184e-01 -5.684631669626777351e-01 -8.210244055319035894e-01 5.261704650858445298e-02 -5.002239369536255476e-01 2.941538511440758286e-01 -8.144013292835596829e-01 -6.405487232610512782e-01 -5.245020503854112004e-01 8.594505522331460368e-01
1.584057357754698038e+09 6.390630505082509627e-01 -5.016489133683978974e-01 -5.830495565475528608e-01 -5.736398795621454605e-01 -8.158318395158106195e-01 7.318263772040048409e-02 -5.123823829007581043e-01 2.876921576650932622e-01 -8.091338062978514767e-01 -6.444757826700119319e-01 -5.188781123156034347e-01 8.743512600122382850e-01
