1.592833327079591990e+09 4.260453168767351362e-01 -6.720555489353228218e-01 6.056622221632632641e-01 -6.634555768906749695e-02 -6.908673153884837825e-01 -7.199309826986832750e-01 9.022658450523818319e-01 2.665402257605207770e-01 -3.389286844815765365e-01 -2.853828010667926462e-01 -8.819480713837927199e-01 4.302850873704953116e-01
1.592833327079648018e+09 4.246135651837579794e-01 -6.633742606420361954e-01 6.161476371963729992e-01 -8.602220552233105777e-02 -7.070257435226545706e-01 -7.019364490464889972e-01 9.012788140338620080e-01 2.450493594939350539e-01 -3.572776386038172824e-01 -2.989193315106745685e-01 -8.758356198189577446e-01 4.359528214077274533e-01
1.592833327079670906e+09 4.235332269349392220e-01 -6.545409857120442210e-01 6.262553025312096455e-01 -1.058609699705064661e-01 -7.223472194551657788e-01 -6.833797991813387318e-01 8.996738636460551719e-01 2.231380578081674504e-01 -3.752283924369355095e-01 -3.122952728146456414e-01 -8.694390246767240704e-01 4.416878623455993136e-01
1.592833327079690933e+09 4.227832964373362534e-01 -6.455417915876831003e-01 6.360267917402594451e-01 -1.257890050088633083e-01 -7.368465686371712398e-01 -6.642546656621529655e-01 8.974583058187719509e-01 2.008305999471432790e-01 -3.927284808909999869e-01 -3.255154046718583549e-01 -8.627799195452646730e-01 4.474850480703665978e-01
1.592833327079703093e+09 4.223407627505071371e-01 -6.363580575288479979e-01 6.455049984185936562e-01 -1.457339351788173865e-01 -7.505405544752532521e-01 -6.445544946504636608e-01 8.946451254377638662e-01 1.781496533266003490e-01 -4.097228341351113468e-01 -3.385859708534295631e-01 -8.558803729266909466e-01 4.533399166430636118e-01
1.592833327079731941e+09 4.221811824469361984e-01 -6.269682636217763783e-01 6.547318885223250007e-01 -1.656261571966207713e-01 -7.634460068633611707e-01 -6.242741152793999104e-01 8.912525037585373733e-01 1.551160574899410616e-01 -4.261548820739935461e-01 -3.515144295128502794e-01 -8.487623932540598881e-01 4.592485757078162423e-01
1.592833327079745054e+09 4.222795204841375272e-01 -6.173500345235889419e-01 6.637461425176619523e-01 -1.854011425019601034e-01 -7.755779423776646420e-01 -6.034113621821985962e-01 8.873028925671504474e-01 1.317489675442072572e-01 -4.419680833012796239e-01 -3.643091832109171535e-01 -8.414475087353753269e-01 4.652075749643160840e-01
1.592833327079756021e+09 4.226111845478406348e-01 -6.074821935052625577e-01 6.725809776731814793e-01 -2.050014692755146029e-01 -7.869479381594823852e-01 -5.819685048001307370e-01 8.828217172867077744e-01 1.080663105754358089e-01 -4.571077425194907673e-01 -3.769792971593500241e-01 -8.339564156052455823e-01 4.712137939129202313e-01
1.592833327079771042e+09 4.231531635781121681e-01 -5.973466077146407649e-01 6.812623801949908575e-01 -2.243783796429126287e-01 -7.975629549622228476e-01 -5.599532801776964108e-01 8.778358292580326072e-01 8.408545300665123956e-02 -4.715229514358478813e-01 -3.895342135123019411e-01 -8.263086881094695579e-01 4.772643533311541897e-01
1.592833327079786062e+09 4.238852723147667478e-01 -5.869297711389671601e-01 6.898077412812809728e-01 -2.434928674639046109e-01 -8.074246317831690334e-01 -5.373794635516500051e-01 8.723717668733432795e-01 5.982397534632196562e-02 -4.851686228560885827e-01 -4.019834690670510136e-01 -8.185225441680573644e-01 4.833565555904782429e-01
1.592833327079797029e+09 4.247915603789795824e-01 -5.762241716178896356e-01 6.982247736511899561e-01 -2.623163827442325791e-01 -8.165289832446469553e-01 -5.142669882740715792e-01 8.664538336261473628e-01 3.530047946311226648e-02 -4.980076611983558776e-01 -4.143364253240180428e-01 -8.106146641471890790e-01 4.894878552087483237e-01
1.592833327079807043e+09 4.260642664240456567e-01 -5.654303531250556292e-01 7.062278364009746401e-01 -2.810650717806653098e-01 -8.247280448465506009e-01 -4.907403364627319076e-01 8.599253842828536998e-01 1.059094396114977112e-02 -5.103098721757473033e-01 -4.265035152773969385e-01 -8.024831391920820289e-01 4.956977790159101116e-01
1.592833327079818010e+09 4.277210691919006713e-01 -5.545766973775384523e-01 7.137922484598349104e-01 -2.997240671948347979e-01 -8.320102427934644718e-01 -4.668237780940320825e-01 8.527720508717506753e-01 -1.427035031325779753e-02 -5.220882938947728480e-01 -4.384809494468392965e-01 -7.941375197756688209e-01 5.019917949829146853e-01
1.592833327079837084e+09 4.297875620260122598e-01 -5.436979205542256111e-01 7.208850275730068757e-01 -3.182813465747109105e-01 -8.383629453973471257e-01 -4.425432821434678865e-01 8.449731570806449099e-01 -3.924465893766368452e-02 -5.333668726365217161e-01 -4.502647914172209220e-01 -7.855869230531600245e-01 5.083754689897801438e-01
1.592833327079847097e+09 4.322978539193501057e-01 -5.328349032077923653e-01 7.274651412174014675e-01 -3.367253991051087358e-01 -8.437737093899698726e-01 -4.179257509448722208e-01 8.365013875259448284e-01 -6.428758473627178838e-02 -5.441806091583704097e-01 -4.618509612054371161e-01 -7.768401415352725881e-01 5.148544667854910717e-01
1.592833327079855919e+09 4.352947388143975638e-01 -5.220343024962790235e-01 7.334839314149396161e-01 -3.550425495492531280e-01 -8.482317705754518489e-01 -3.929982846769685123e-01 8.273229590739309414e-01 -8.934791933215692483e-02 -5.545752166912967240e-01 -4.732352496720323987e-01 -7.679057468654547636e-01 5.214345501978193687e-01
1.592833327079865932e+09 4.388292414882176140e-01 -5.113478915685603088e-01 7.388858036729697432e-01 -3.732140242284226472e-01 -8.517297762933154770e-01 -3.677875482634023752e-01 8.173984274373949921e-01 -1.143666133492146492e-01 -5.646061360292984332e-01 -4.844133451042459404e-01 -7.587921894248469412e-01 5.281215661993771127e-01
1.592833327079878092e+09 4.429593229419294120e-01 -5.008315488563662710e-01 7.436093047798336686e-01 -3.912129190705250226e-01 -8.542657344221591398e-01 -3.423193060689493361e-01 8.066842569534254936e-01 -1.392760386693438768e-01 -5.743367434738133603e-01 -4.953808725705314275e-01 -7.495078933206648086e-01 5.349214277307833276e-01
1.592833327079889059e+09 4.477476901751392124e-01 -4.905439057823623994e-01 7.475885785034432907e-01 -4.090013891759277653e-01 -8.558450655089262504e-01 -3.166182051923448482e-01 7.951351267820779833e-01 -1.639996970386413677e-01 -5.838357900955646329e-01 -5.061334455974603186e-01 -7.400613450994518727e-01 5.418400858178107349e-01
1.592833327079899073e+09 4.532586632940215354e-01 -4.805446176254576374e-01 7.507552563161353776e-01 -4.265283909810444474e-01 -8.564826278524348968e-01 -2.907078262399341861e-01 7.827069158288353368e-01 -1.884525907037011838e-01 -5.931740935330920284e-01 -5.166667289276132280e-01 -7.304611739675144211e-01 5.488834931072391621e-01
1.592833327079911947e+09 4.595544412493214326e-01 -4.708924046840591293e-01 7.530405427366277937e-01 -4.437283987787575823e-01 -8.562044810529628736e-01 -2.646110260459783037e-01 7.693600092921885070e-01 -2.125423019546132108e-01 -6.024209045590860345e-01 -5.269765095746337114e-01 -7.207162205715978986e-01 5.560575600181701938e-01
1.592833327079922915e+09 4.666910514777908858e-01 -4.616429242941126332e-01 7.543774076587400623e-01 -4.605213304368638294e-01 -8.550492056203397029e-01 -2.383504993569885988e-01 7.550626245144588244e-01 -2.361708421912976363e-01 -6.116402264632536667e-01 -5.370587724305596611e-01 -7.108355915622533994e-01 5.633681055384972547e-01
1.592833327079931974e+09 4.747144933777345255e-01 -4.528466432156510457e-01 7.547026353283950995e-01 -4.768137907910732776e-01 -8.530685942820320777e-01 -2.119494815378491492e-01 7.397937272961414568e-01 -2.592371336474275090e-01 -6.208875500922673707e-01 -5.469097759023476835e-01 -7.008286977232853765e-01 5.708208054530122810e-01
1.592833327079945087e+09 4.836575171257899708e-01 -4.445468546414054756e-01 7.539585535175895581e-01 -4.925015054634696021e-01 -8.503276184195708298e-01 -1.854324913065546199e-01 7.235452117904205283e-01 -2.816399042476152581e-01 -6.302073397688886525e-01 -5.565261220272567089e-01 -6.907052741088134384e-01 5.784211417119953236e-01
1.592833327079955101e+09 4.935373065234230361e-01 -4.367779389208275576e-01 7.520943819813210585e-01 -5.074726469303911802e-01 -8.469036607259279315e-01 -1.588260130757032096e-01 7.063231837840182603e-01 -3.032807639858415838e-01 -6.396314083231077197e-01 -5.659048169164369035e-01 -6.804753826591454224e-01 5.861743560664268715e-01
1.592833327079967022e+09 5.043542509067747703e-01 -4.295639771085530967e-01 7.490671394669073946e-01 -5.216116617651007648e-01 -8.428850798337756967e-01 -1.321590589679658978e-01 6.881482864684709266e-01 -3.240671721209033018e-01 -6.491782529106302491e-01 -5.750433177334154378e-01 -6.701493988435162086e-01 5.940854110390548781e-01
1.592833327079977989e+09 5.160920280225013146e-01 -4.229178732090568271e-01 7.448419237651278113e-01 -5.348031068675206390e-01 -8.383692857850187918e-01 -1.054636330694300045e-01 6.690550468877157764e-01 -3.439148345944780805e-01 -6.588534974089150786e-01 -5.839395639791548076e-01 -6.597379852446216830e-01 6.021589604029251586e-01
1.592833327079988003e+09 5.287186447027008018e-01 -4.168409009527720421e-01 7.393918164970499918e-01 -5.469351214580812082e-01 -8.334605337317499973e-01 -7.877507213744049108e-02 6.490905698989303252e-01 -3.627495034941881635e-01 -6.686510525311630815e-01 -5.925919934355100560e-01 -6.492520561480465968e-01 6.103993296426972748e-01
1.592833327079999924e+09 5.421881221316300348e-01 -4.113226127498448847e-01 7.326975834040975188e-01 -5.579023207014872643e-01 -8.282676064481552247e-01 -5.213226474628914614e-02 6.283128528452226469e-01 -3.805081873355370958e-01 -6.785546983023195144e-01 -6.009995449506190246e-01 -6.387027373288847176e-01 6.188105055234132124e-01
1.592833327080012083e+09 5.564426372007551524e-01 -4.063410788730432710e-01 7.247472106821429838e-01 -5.676079698422693554e-01 -8.229015553012206663e-01 -2.557778757844066109e-02 6.067889125179384280e-01 -3.971397212348252714e-01 -6.885399463581276525e-01 -6.091616510152852992e-01 -6.281013245946666101e-01 6.273961331855162360e-01
1.592833327080024958e+09 5.714147980191054410e-01 -4.018633548946851097e-01 7.155354448689177360e-01 -5.759654680317386477e-01 -8.174735903751118027e-01 8.420434920716896032e-04 5.845929425854264894e-01 -4.126048634112551849e-01 -6.985759217413108901e-01 -6.170782224008096728e-01 -6.174592436031570708e-01 6.361595194826586974e-01
1.592833327080034971e+09 5.870298797131167090e-01 -3.978461136334358050e-01 7.050633946369374572e-01 -5.828992146822017384e-01 -8.120931789329739470e-01 2.707719735215683224e-02 5.618046156187824769e-01 -4.268760228394020695e-01 -7.086271482678864198e-01 -6.247496266422590816e-01 -6.067880127486025010e-01 6.451036415043279737e-01
1.592833327080044031e+09 6.032079512682133604e-01 -3.942363934509574008e-01 6.933381814610913851e-01 -5.883449196106981249e-01 -8.068664119032654680e-01 5.307399809388241296e-02 5.385075889729596943e-01 -4.399366541882007153e-01 -7.186552144027427147e-01 -6.321766629080060040e-01 -5.960992104712675710e-01 6.542311585768567639e-01
1.592833327080055952e+09 6.198657934389411039e-01 -3.909723980787373487e-01 6.803726790010455883e-01 -5.922494747016083805e-01 -8.018946454248979672e-01 7.877523543337930367e-02 5.147882653372765072e-01 -4.517804354506310682e-01 -7.286202579417530023e-01 -6.393605349487804235e-01 -5.854044476441565559e-01 6.635444265478845915e-01
