1.584057356999145985e+09 8.620998531731752790e-01 -4.346719834452192344e-01 -2.604690195737960345e-01 -3.668525003770081172e-01 -1.807639755997568209e-01 -9.125478772603038413e-01 3.495755803042079335e-01 8.822611020648705171e-01 -3.152971007882016119e-01 -4.767974709691528284e-02 -6.016857393941495991e-01 3.007191343063765898e-01
1.584057356999207973e+09 8.666230718923012555e-01 -4.287465069500231429e-01 -2.552271228401302161e-01 -3.676757113307498326e-01 -2.029331765349514927e-01 -9.075421187794207034e-01 3.373114625668300337e-01 8.803377527534850255e-01 -3.335062497542719551e-01 -5.801010628182749762e-02 -6.120288674157994269e-01 2.996907008834885922e-01
1.584057356999250889e+09 8.706408226370186965e-01 -4.222154201244615046e-01 -2.524256269838812683e-01 -3.701906795938847972e-01 -2.244281055677078418e-01 -9.014382321451017699e-01 3.239497166471209666e-01 8.782745383556274099e-01 -3.516964837578681058e-01 -6.874189220720462734e-02 -6.220027427631924510e-01 2.993668569821586467e-01
1.584057356999289036e+09 8.740794548434067668e-01 -4.154730114567427024e-01 -2.517285910715428843e-01 -3.741277569969883032e-01 -2.452110316610564278e-01 -8.943712716740748192e-01 3.098604980945632303e-01 8.759302066865916059e-01 -3.697739107370379141e-01 -7.985340348042975489e-02 -6.315497816224949768e-01 2.997445601841135510e-01
1.584057356999303102e+09 8.769424399941230241e-01 -4.087855188290072106e-01 -2.527179390625033939e-01 -3.791523500019303716e-01 -2.653383973046704591e-01 -8.864756232427272176e-01 2.953226246630600293e-01 8.732066964897173822e-01 -3.876784916587773799e-01 -9.131643578287766683e-02 -6.406166448452554896e-01 3.008146887728486152e-01
1.584057356999314070e+09 8.792965332382637333e-01 -4.022928490664833268e-01 -2.549471914265553640e-01 -3.848966455414137844e-01 -2.849315643191210889e-01 -8.778773126726793219e-01 2.805212631820053759e-01 8.700427963768753159e-01 -4.053805048379459652e-01 -1.030971889562674187e-01 -6.491555903223770185e-01 3.025624182338382817e-01
1.584057356999322891e+09 8.812599257903066530e-01 -3.960185841572887999e-01 -2.579733016985784055e-01 -3.909736962746969136e-01 -3.041502662454783068e-01 -8.686956800651682853e-01 2.655569848956532697e-01 8.664074658191035505e-01 -4.228682906925482210e-01 -1.151573614759957981e-01 -6.571255847241515013e-01 3.049677709088497446e-01
1.584057356999331951e+09 8.829935737235045101e-01 -3.898804797174061920e-01 -2.613724554911357467e-01 -3.969791119582351535e-01 -3.231701485859531098e-01 -8.590510112511152707e-01 2.504594451000216604e-01 8.622959276721254840e-01 -4.401315710187654884e-01 -1.274553652634761725e-01 -6.644931285361529438e-01 3.080063058323220249e-01
1.584057356999341011e+09 8.846952170358699519e-01 -3.836982390251383879e-01 -2.647452256680175586e-01 -4.024844580235447666e-01 -3.421623132272921808e-01 -8.490766824358220166e-01 2.352033890270646133e-01 8.577299184807481991e-01 -4.571419397302995957e-01 -1.399475905507217843e-01 -6.712327694554837132e-01 3.116499085974009930e-01
1.584057356999350071e+09 8.865947911377973778e-01 -3.771981066674098271e-01 -2.677148947014228453e-01 -4.070251951710482374e-01 -3.612709807792529038e-01 -8.389360935986405199e-01 2.197274835524795356e-01 8.527630779141686101e-01 -4.738301027216793027e-01 -1.525896531177904636e-01 -6.773273005400488600e-01 3.158676376506752703e-01
1.584057356999360085e+09 8.889346906745548837e-01 -3.700610061436717668e-01 -2.699073315758835356e-01 -4.100678365096214750e-01 -3.804631596001241678e-01 -8.289102206193315059e-01 2.040575540852272163e-01 8.475273660470298287e-01 -4.899570172467448970e-01 -1.653375637676897103e-01 -6.827676589945388397e-01 3.206265836899662158e-01
1.584057356999370098e+09 8.908860616456295567e-01 -3.633050047850753805e-01 -2.726380363316958655e-01 -4.133062797705069902e-01 -3.993911905841629473e-01 -8.183303710518192720e-01 1.884142894529114709e-01 8.417221338782827633e-01 -5.059682847733970590e-01 -1.781491225521948107e-01 -6.875326477684112758e-01 3.259098721499049112e-01
1.584057356999391079e+09 8.924554914013442808e-01 -3.569689913759914734e-01 -2.758556420571086631e-01 -4.167188890439177951e-01 -4.180508396340867905e-01 -8.072043503320692759e-01 1.728252400043086834e-01 8.353482117985173705e-01 -5.218474890134675581e-01 -1.909797789622130482e-01 -6.916293216796869370e-01 3.316844554601153794e-01
1.584057356999401093e+09 8.936508810230239241e-01 -3.510866201082520899e-01 -2.795108016139702944e-01 -4.202858169392709731e-01 -4.364360247149151606e-01 -7.955397090092434231e-01 1.573147644889293928e-01 8.284091874120116383e-01 -5.375781649326467626e-01 -2.037883916411972474e-01 -6.950710628513318001e-01 3.379172840635719099e-01
1.584057356999411106e+09 8.944811303120914214e-01 -3.456867732240416213e-01 -2.835562775265267343e-01 -4.239890121500640707e-01 -4.545388864643070126e-01 -7.833439337019090232e-01 1.419042821419317368e-01 8.209111132060072924e-01 -5.531438504149222002e-01 -2.165377306875296004e-01 -6.978766865717568324e-01 3.445758967473928069e-01
1.584057356999418974e+09 8.949559765240098219e-01 -3.407937533949784714e-01 -2.879469012197662381e-01 -4.278119982658384335e-01 -4.723499478598836565e-01 -7.706246953584705572e-01 1.266123786257662698e-01 8.128623159414907207e-01 -5.685280654709584658e-01 -2.291947792540834361e-01 -7.000694817246336799e-01 3.516289148568847445e-01
1.584057356999428988e+09 8.950859236746609993e-01 -3.364272632161260379e-01 -2.926395154375666663e-01 -4.317395311225477039e-01 -4.898583431895410234e-01 -7.573901115498277159e-01 1.114547742453807916e-01 8.042732747300992413e-01 -5.837142564474694373e-01 -2.417308479900957818e-01 -7.016762308166253348e-01 3.590464367781333044e-01
1.584057356999438047e+09 8.948821803152207099e-01 -3.326023119712373521e-01 -2.975929865047424738e-01 -4.357572670614007215e-01 -5.070520865480003803e-01 -7.436489668723264002e-01 9.644422094170820858e-02 7.951565153287181165e-01 -5.986857512121243063e-01 -2.541215241002007796e-01 -7.027262539532059815e-01 3.668003319539480667e-01
1.584057356999448061e+09 8.943565822658346987e-01 -3.293291210763398258e-01 -3.027682842703440791e-01 -4.398514686212440794e-01 -5.239183713454369506e-01 -7.294108759254004370e-01 8.159037629676295367e-02 7.855264925177032342e-01 -6.134257415333791430e-01 -2.663464828481147961e-01 -7.032505134970350458e-01 3.748644394056492857e-01
1.584057356999456882e+09 8.935215281796332620e-01 -3.266130032466246780e-01 -3.081285851408470666e-01 -4.440086880276701287e-01 -5.404439147773772989e-01 -7.146864068497668088e-01 6.689965492756286269e-02 7.753994592195033730e-01 -6.279172836766508947e-01 -2.783891924412136287e-01 -7.032808070959057911e-01 3.832146802048122525e-01
1.584057356999465942e+09 8.923898797575209318e-01 -3.244543452946823114e-01 -3.136394116129275211e-01 -4.482155145019808273e-01 -5.566153131683508892e-01 -6.994871306221464025e-01 5.237513970679855135e-02 7.647932866020914489e-01 -6.421433436828988262e-01 -2.902365446123050252e-01 -7.028490696499553048e-01 3.918290950289091135e-01
1.584057356999475002e+09 8.909748160959999330e-01 -3.228487616685314365e-01 -3.192687807521145671e-01 -4.524584122959086074e-01 -5.724193809569633196e-01 -6.838255900792926667e-01 3.801660713337888520e-02 7.537272249678617086e-01 -6.560868907785779580e-01 -3.018784414291036389e-01 -7.019867944650209912e-01 4.006878203018888751e-01
1.584057356999484062e+09 8.892896814833197716e-01 -3.217873669164283412e-01 -3.249873122006989856e-01 -4.567235916209994584e-01 -5.878434724899702646e-01 -6.677152184183976491e-01 2.382065188210434614e-02 7.422216263392956703e-01 -6.697310163530963978e-01 -3.133073645554207420e-01 -7.007245741082415158e-01 4.097730175696073229e-01
1.584057356999492884e+09 8.873478540090088407e-01 -3.212571188228940389e-01 -3.307682720309895186e-01 -4.609968767355588914e-01 -6.028757845686512074e-01 -6.511702298328553296e-01 9.780890405121389977e-03 7.302976463375214777e-01 -6.830590620612161379e-01 -3.245179478545449636e-01 -6.990917545079088358e-01 4.190687701317157288e-01
1.584057356999505043e+09 8.851626516885590101e-01 -3.212411930742159472e-01 -3.365875459952137327e-01 -4.652635527782527092e-01 -6.175056374327769770e-01 -6.342054985528572386e-01 -4.111776115078544930e-03 7.179769382568464975e-01 -6.960547462345852976e-01 -3.355065693716079434e-01 -6.971161922958793999e-01 4.285609587387261832e-01
1.584057356999524117e+09 8.827472829529163789e-01 -3.217193645696492244e-01 -3.424235463447159455e-01 -4.695081881018629000e-01 -6.317237307815973812e-01 -6.168364365635885527e-01 -1.786885377202534347e-02 7.052813471826867575e-01 -7.087022828439580868e-01 -3.462709732174918953e-01 -6.948241018291032578e-01 4.382371266054457815e-01
1.584057356999541998e+09 8.801148389924070559e-01 -3.226683888133641820e-01 -3.482570620060760347e-01 -4.737144436810321602e-01 -6.455223681616851783e-01 -5.990788748158962784e-01 -3.150390806815615841e-02 6.922326078110540015e-01 -7.209864914037777961e-01 -3.568099284197502330e-01 -6.922399786575187397e-01 4.480863409969189082e-01
1.584057356999557972e+09 8.772783253327279818e-01 -3.240623754428458847e-01 -3.540710619563410821e-01 -4.778648789822885212e-01 -6.588956455624358499e-01 -5.809489529157307874e-01 -4.503218323134445394e-02 6.788520496635351842e-01 -7.328928963144785147e-01 -3.671229302347323586e-01 -6.893865881921407146e-01 4.580990554074499399e-01
1.584057356999572992e+09 8.742506745312849104e-01 -3.258732791759531566e-01 -3.598504747695238093e-01 -4.819408712364723346e-01 -6.718395472196349028e-01 -5.624629940034511222e-01 -5.847011974607277396e-02 6.651603032050246167e-01 -7.444078293947941072e-01 -3.772099469566287944e-01 -6.862850081093377907e-01 4.682669749632401568e-01
1.584057356999588966e+09 8.710446882489801812e-01 -3.280716099565774702e-01 -3.655819607213725009e-01 -4.859227549662022416e-01 -6.843518871722229502e-01 -5.436373524047566352e-01 -7.183472328063779389e-02 6.511770216393333310e-01 -7.555185367330907731e-01 -3.870712114436262175e-01 -6.829547114962931653e-01 4.785829276888889372e-01
1.584057356999605894e+09 8.676729664771788419e-01 -3.306271860051905875e-01 -3.712536697598133872e-01 -4.897900659643096288e-01 -6.964321488608173905e-01 -5.244882777675416996e-01 -8.514290761274032060e-02 6.369206592283946922e-01 -7.662132597772663978e-01 -3.967070533713254465e-01 -6.794136777270972649e-01 4.890407440786204707e-01
1.584057356999631882e+09 8.641477252242257823e-01 -3.335101166522985161e-01 -3.768550268624704103e-01 -4.935220734788619001e-01 -7.080811290918925804e-01 -5.050317592120874277e-01 -9.841073197687488783e-02 6.224083201218069128e-01 -7.764813012572262529e-01 -4.061177681694346786e-01 -6.756785212152965903e-01 4.996351457263250584e-01
1.584057356999659061e+09 8.604804417804658989e-01 -3.366920861374847473e-01 -3.823765796133827832e-01 -4.970987024174491897e-01 -7.193003278015843716e-01 -4.852833385551187373e-01 -1.116525394133923016e-01 6.076557230842586366e-01 -7.863130629543662042e-01 -4.153035197347463292e-01 -6.717646312660233709e-01 5.103616422232064576e-01
1.584057356999679089e+09 8.566813377511672822e-01 -3.401478248447045716e-01 -3.878099315301677952e-01 -5.005017901695291149e-01 -7.300911129468083960e-01 -4.652579123808296968e-01 -1.248801176139286984e-01 5.926773357295347378e-01 -7.957000265580371767e-01 -4.242642728538975061e-01 -6.676863165506933262e-01 5.212164359141518988e-01
1.584057356999701023e+09 8.527587812725956340e-01 -3.438565039674780777e-01 -3.931477659009243175e-01 -5.037164663117124075e-01 -7.404537863884163018e-01 -4.449695629919866446e-01 -1.381020735481446327e-01 5.774867055942671801e-01 -8.046346515473792316e-01 -4.329997487095638697e-01 -6.634569473433963305e-01 5.321963353279208775e-01
1.584057356999721050e+09 8.487186861484411482e-01 -3.478028404294308817e-01 -3.983839557045820712e-01 -5.067324485798146982e-01 -7.503866826336507145e-01 -4.244314459157693675e-01 -1.513235524572289492e-01 5.620969764630995291e-01 -8.131101843231058890e-01 -4.415093973647347125e-01 -6.590890909512583384e-01 5.432986775923562828e-01
1.584057356999742985e+09 8.445639050197329967e-01 -3.519779115802635916e-01 -4.035137671611244703e-01 -5.095452166269524019e-01 -7.598853360114288247e-01 -4.036557302048003337e-01 -1.645462936079019611e-01 5.465215696621473773e-01 -8.211203879341408829e-01 -4.497923823290412848e-01 -6.545946379333333898e-01 5.545212595414722445e-01
1.584057356999766111e+09 8.402935693862568778e-01 -3.563797800246840675e-01 -4.085341721677737681e-01 -5.121571200684090774e-01 -7.689416882168814693e-01 -3.826535831338653826e-01 -1.777689562360517395e-01 5.307750302541197618e-01 -8.286591976106174595e-01 -4.578475763795966658e-01 -6.499849196753542113e-01 5.658622753621240786e-01
1.584057356999789000e+09 8.359024214239870743e-01 -3.610138490860413385e-01 -4.134442439032652294e-01 -5.145783065577513860e-01 -7.775433997619410897e-01 -3.614352336264131105e-01 -1.909877181074068342e-01 5.148740258376279799e-01 -8.357203057106299404e-01 -4.656735672455961095e-01 -6.452708172605958747e-01 5.773202594275361754e-01
1.584057356999813080e+09 8.313802134103988051e-01 -3.658928405768165359e-01 -4.182455859366060458e-01 -5.168273152948168470e-01 -7.856733525105011884e-01 -3.400101609067625041e-01 -2.041971280536791777e-01 4.988384634278918983e-01 -8.422966939426502764e-01 -4.732686713804510337e-01 -6.404628613605501952e-01 5.888940335180894436e-01
1.584057356999834061e+09 8.267113022276038059e-01 -3.710362359922576014e-01 -4.229427083435579604e-01 -5.189311142381961561e-01 -7.933094745649900137e-01 -3.183874627567870319e-01 -2.173911719356865502e-01 4.826926448266743441e-01 -8.483801561339400221e-01 -4.806309555145859003e-01 -6.355713235149663687e-01 6.005826571876748954e-01
1.584057356999857903e+09 8.218743311769493021e-01 -3.764694506618028180e-01 -4.275433740124967019e-01 -5.209248171972344910e-01 -8.004247503583418188e-01 -2.965763882064700874e-01 -2.305643484406018628e-01 4.664664746302637499e-01 -8.539608361051248542e-01 -4.877582663538597152e-01 -6.306062991249273830e-01 6.123853800287346605e-01
1.584057356999882936e+09 8.168420726318417202e-01 -3.822226744781068164e-01 -4.320588567365181709e-01 -5.228509880845869651e-01 -8.069874775021450564e-01 -2.745870638130591401e-01 -2.437126849988566490e-01 4.501966664576003696e-01 -8.590268267104944622e-01 -4.946482695229554860e-01 -6.255777823041022145e-01 6.243015945438062930e-01
1.584057356999903917e+09 8.115815227589611158e-01 -3.883293115314867539e-01 -4.365040411186068559e-01 -5.247584339606485848e-01 -8.129618471094635090e-01 -2.524314190652937606e-01 -2.568346123399763425e-01 4.339278524917844493e-01 -8.635638951827663279e-01 -5.012984991086572029e-01 -6.204957322784007134e-01 6.363307885089436455e-01
1.584057356999926090e+09 8.060543592767418497e-01 -3.948239575253925659e-01 -4.408972812868038882e-01 -5.267003856525477312e-01 -8.183089401526751905e-01 -2.301242760324168357e-01 -2.699316095558908501e-01 4.177134439383262676e-01 -8.675554191191122699e-01 -5.077064183662058916e-01 -6.153701303592077343e-01 6.484724963464918446e-01
1.584057357000037909e+09 8.002177881791447955e-01 -4.017400084675291638e-01 -4.452599883992878205e-01 -5.287321366773035658e-01 -8.229881377979124668e-01 -2.076845032455688633e-01 -2.830085145715668382e-01 4.016160988499806739e-01 -8.709826003725376076e-01 -5.138694908444182419e-01 -6.102110260597252145e-01 6.607262498087398406e-01
1.584057357000085115e+09 7.940258252863237054e-01 -4.091069811875268636e-01 -4.496159104315015087e-01 -5.309081904336394597e-01 -8.269589609462458801e-01 -1.851360862743009483e-01 -2.960734407258464040e-01 3.857076030724260751e-01 -8.738250184997408132e-01 -5.197852602723731508e-01 -6.050285709057123817e-01 6.730915287829736249e-01
1.584057357000107050e+09 7.874308584017930546e-01 -4.169478808881035836e-01 -4.539902069986553323e-01 -5.332792842220279717e-01 -8.301831446805860715e-01 -1.625089274706969789e-01 -3.091372647407981122e-01 3.700681168694452960e-01 -8.760614937049054918e-01 -5.254514358722751632e-01 -5.998330386924800584e-01 6.855677137988979153e-01
1.584057357000121117e+09 7.803853979687543907e-01 -4.252768254605217013e-01 -4.584083905804043346e-01 -5.358895207115247361e-01 -8.326268174613640216e-01 -1.398392099359632990e-01 -3.222127440445573532e-01 3.547847301973061640e-01 -8.776712044503289789e-01 -5.308659788503946597e-01 -5.946348316216111263e-01 6.981540421374653471e-01
1.584057357000134945e+09 7.728438097010702501e-01 -4.340972205070862677e-01 -4.628952896130017480e-01 -5.387739706247199889e-01 -8.342625385629898194e-01 -1.171692174911603823e-01 -3.353133677336952445e-01 3.399494375756655362e-01 -8.786349217042686011e-01 -5.360271851732365533e-01 -5.894444726659582301e-01 7.108495695650604018e-01
1.584057357000145912e+09 7.647638606603747169e-01 -4.434006580852468682e-01 -4.674741640225220096e-01 -5.419569901755342256e-01 -8.350709918517545960e-01 -9.454659997791715897e-02 -3.484520891393615982e-01 3.256567137120022770e-01 -8.789362017324712228e-01 -5.409337588747893388e-01 -5.842725856182580113e-01 7.236531398615784205e-01
1.584057357000158072e+09 7.561079888023869433e-01 -4.531665698774020590e-01 -4.721660400811413805e-01 -5.454513307445035819e-01 -8.350422208248983180e-01 -7.202315897441274872e-02 -3.616400907769595219e-01 3.120008807563183773e-01 -8.785624027223700727e-01 -5.455848719513434197e-01 -5.791298653316890865e-01 7.365633632781024565e-01
1.584057357000173092e+09 7.468442210398009706e-01 -4.633626051115485867e-01 -4.769893142145206766e-01 -5.492580604276645628e-01 -8.341763198632260456e-01 -4.965330436603594688e-02 -3.748857062555331909e-01 2.990735089740721442e-01 -8.775054095573515678e-01 -5.499802074891738668e-01 -5.740270413998608268e-01 7.495786046086547749e-01
1.584057357000184059e+09 7.369466040768529735e-01 -4.739456917165968397e-01 -4.819597330006079594e-01 -5.533673638963186869e-01 -8.324834694328646645e-01 -2.749243341796413914e-02 -3.881935902552154927e-01 2.869612423826610192e-01 -8.757619437850421296e-01 -5.541199845035004179e-01 -5.689748388919610989e-01 7.626969806344140457e-01
1.584057357000195026e+09 7.263953026643134026e-01 -4.848634806863442726e-01 -4.870906173958705065e-01 -5.577598799309920752e-01 -8.299834986277158100e-01 -5.595403903465533818e-03 -4.015641677354286343e-01 2.757440793691329772e-01 -8.733335114439451097e-01 -5.580049657436011445e-01 -5.639839394178229881e-01 7.759163655167002904e-01
1.584057357000205994e+09 7.151764810464956712e-01 -4.960559566834761291e-01 -4.923932259769011055e-01 -5.624083216826887277e-01 -8.267051267900022982e-01 1.598478154272843163e-02 -4.149933503850556926e-01 2.654941079985932428e-01 -8.702260614813873696e-01 -5.616364515391634171e-01 -5.590649449611844179e-01 7.892344020805335258e-01
1.584057357000222921e+09 7.032820076513758289e-01 -5.074570785363348158e-01 -4.978772251754092215e-01 -5.672792471594522157e-01 -8.226849739980489629e-01 3.719797709306133654e-02 -4.284724888032772627e-01 2.562747494478649357e-01 -8.664494096376020860e-01 -5.650162633718209815e-01 -5.542283459769634657e-01 8.026485168744945664e-01
1.584057357000232935e+09 6.907091038686616891e-01 -5.189963045344070380e-01 -5.035511591722594549e-01 -5.723347723662027819e-01 -8.179664960855268507e-01 5.799758462103499213e-02 -4.419885093304967705e-01 2.481403783425874809e-01 -8.620165373025000521e-01 -5.681467199618966957e-01 -5.494844947026563675e-01 8.161559374309624859e-01
1.584057357000242949e+09 6.774599878769991257e-01 -5.305999412347996991e-01 -5.094228767718133044e-01 -5.775341362959598435e-01 -8.125989272485600878e-01 7.834095383099828891e-02 -4.555241886517893968e-01 2.411362394963276201e-01 -8.569428381647682391e-01 -5.710306080231426495e-01 -5.448435842647457727e-01 8.297537105362305931e-01
1.584057357000252008e+09 6.635415189535450731e-01 -5.421922908437486477e-01 -5.154999248938616496e-01 -5.828350982715528872e-01 -8.066362689661733532e-01 9.818950051254074496e-02 -4.690585262603832462e-01 2.352986390522082416e-01 -8.512453522515148752e-01 -5.736711504801562667e-01 -5.403156333962905178e-01 8.434387202158353247e-01
1.584057357000261068e+09 6.489648786686357251e-01 -5.536965780614139243e-01 -5.217898867253278894e-01 -5.881951264161249249e-01 -8.001363782931680824e-01 1.175085936942177889e-01 -4.825671763875006293e-01 2.306553181187916968e-01 -8.449420363694207792e-01 -5.760719739567276010e-01 -5.359104764250939290e-01 8.572077046431348935e-01
