1.583561770753153086e+09 -1.846104379337555612e-01 8.925368289311760850e-02 9.787506150669953442e-01 2.681265206279569990e-01 -9.535170219592358221e-01 1.375262076204454564e-01 9.455300922334598512e-01 2.878177704054067365e-01 1.520979155476449296e-01 -3.602540319748228498e-02 1.595102440061347604e+00 1.600372142729670211e+00
1.583561770753202915e+09 -2.056591978928726527e-01 8.530373173642050166e-02 9.748987474977285350e-01 2.748534761720142772e-01 -9.510616473309079222e-01 1.411995383313766894e-01 9.392336563047617437e-01 2.969932934702479432e-01 1.721485483322075793e-01 -4.187681168207976756e-02 1.594440748037723399e+00 1.595371967582035477e+00
1.583561770753226042e+09 -2.265643863818854464e-01 8.207690232945691333e-02 9.705317929506432906e-01 2.817001832916140591e-01 -9.483356089120736909e-01 1.459608838553687060e-01 9.323698760341415648e-01 3.064685220591806813e-01 1.917379968806907364e-01 -4.774380575635547158e-02 1.593815110049586092e+00 1.590385433040206298e+00
1.583561770753245115e+09 -2.473010470124443472e-01 7.954770939102609462e-02 9.656678281276570575e-01 2.885754481104998992e-01 -9.453508140658518633e-01 1.517763127327304840e-01 9.249683254449944103e-01 3.162024672855158758e-01 2.108307302227900304e-01 -5.361537415064865364e-02 1.593201856344069522e+00 1.585402745654581391e+00
1.583561770753262043e+09 -2.678479805017926485e-01 7.769383091288097065e-02 9.603234497745648524e-01 2.953958414589388237e-01 -9.421166896429573612e-01 1.586109704920030949e-01 9.170598433998248256e-01 3.261591816561512647e-01 2.293936181537638286e-01 -5.948245290538642371e-02 1.592574245866429150e+00 1.580416558626988932e+00
1.583561770753278971e+09 -2.881867808240358153e-01 7.649594073038025466e-02 9.545138818388247959e-01 3.020847855508143054e-01 -9.386405518407451298e-01 1.664292546298831998e-01 9.086765991756649008e-01 3.363068324304272494e-01 2.473955391304061280e-01 -6.533810974928357107e-02 1.591902973853434711e+00 1.575422637731435538e+00
1.583561770753294945e+09 -3.083011389975439109e-01 7.593685423443616300e-02 9.482531318593628855e-01 3.085718122911950689e-01 -9.349280173315180908e-01 1.751942895444852655e-01 8.998521237134889939e-01 3.466167864210860650e-01 2.648073998902157888e-01 -7.117763755469228015e-02 1.591156822843446506e+00 1.570420463925995547e+00
1.583561770753310919e+09 -3.281764125465465032e-01 7.600022455701938018e-02 9.415541451993330035e-01 3.147921394105065440e-01 -9.309834028554139218e-01 1.848670132781202735e-01 8.906212165793310209e-01 3.570628369501254173e-01 2.816025200043019705e-01 -7.699854592078808624e-02 1.590303432766018377e+00 1.565413736424974056e+00
1.583561770753326893e+09 -3.477994586641123820e-01 7.666884781526316084e-02 9.344289296478069939e-01 3.206866224413897903e-01 -9.268101053338072548e-01 1.954050123933528393e-01 8.810196518565137636e-01 3.676206148827221853e-01 2.977573790681296573e-01 -8.280044666839139755e-02 1.589310156414851960e+00 1.560410745428770118e+00
1.583561770753343105e+09 -3.671587159816734336e-01 7.792272067035860283e-02 9.268886271427665413e-01 3.262020888936171259e-01 -9.224109475594365337e-01 2.067613142238960977e-01 8.710836209619382542e-01 3.782672249777866424e-01 3.132526648617461329e-01 -8.858483618621039446e-02 1.588144959513008159e+00 1.555424592282599772e+00
1.583561770753360033e+09 -3.863180855842822670e-01 7.974330040938945596e-02 9.189120431439004033e-01 3.313111741658111842e-01 -9.177703968176365024e-01 2.189301364219168877e-01 8.608084820975224760e-01 3.890224991351324269e-01 3.281314562171050442e-01 -9.435478451908332898e-02 1.586777321824958342e+00 1.550473245745914275e+00
1.583561770753376007e+09 -4.048868612449155746e-01 8.349005977425545677e-02 9.105471101237521125e-01 3.356240229865214419e-01 -9.127429152019249647e-01 2.329310755968040658e-01 8.505428531314471741e-01 3.999122162899461097e-01 3.415363443216895556e-01 -1.001213723287833063e-01 1.585326530388269095e+00 1.545541690375004551e+00
1.583561770753391981e+09 -4.226846120937494677e-01 8.928707319870046732e-02 9.018678048934616331e-01 3.389796799293262053e-01 -9.073264921260114635e-01 2.486994437407688552e-01 8.404941971967391234e-01 4.108362877334035268e-01 3.532464428746422413e-01 -1.058874142225853660e-01 1.583795355485462020e+00 1.540633856491102183e+00
1.583561770753407955e+09 -4.395094262840191779e-01 9.721726882820504179e-02 8.929615149006486785e-01 3.412330352583369253e-01 -9.015262696183098390e-01 2.661022376308145310e-01 8.308979961963040006e-01 4.216624098789082953e-01 3.630555498207144183e-01 -1.116556751214164006e-01 1.582185323334534655e+00 1.535753945445603286e+00
1.583561770753424883e+09 -4.551459256981761348e-01 1.073119180498964820e-01 8.839266591801534512e-01 3.422665677113160276e-01 -8.953570815350789802e-01 2.849373496187370680e-01 8.220071673499438347e-01 4.322266174907242742e-01 3.707888458427400780e-01 -1.174290048231176609e-01 1.580496655490471802e+00 1.530906715906599214e+00
1.583561770753442049e+09 -4.693764573131908868e-01 1.195422047205204202e-01 8.748687917940952685e-01 3.420008136036523649e-01 -8.888461881121826336e-01 3.049391700135153926e-01 8.140768913572896670e-01 4.423371058933535660e-01 3.763199436005041365e-01 -1.232104864212471701e-01 1.578728273063152887e+00 1.526097780134823667e+00
1.583561770753458977e+09 -4.819947286884209148e-01 1.338147305604396597e-01 8.658953167942398110e-01 3.404016176843048802e-01 -8.820355906233074972e-01 3.257912761068824103e-01 8.073461589814925343e-01 4.517818443045670262e-01 3.795857544457346688e-01 -1.290035873984556325e-01 1.576877871943934473e+00 1.521333898744446911e+00
1.583561770753477097e+09 -4.928205429259246984e-01 1.499723796741232462e-01 8.571092101066595248e-01 3.374825392477704966e-01 -8.749831510927913447e-01 3.471455329429661840e-01 8.020183591422097580e-01 4.603398426450877601e-01 3.805966120656834040e-01 -1.348123002905959600e-01 1.574942071956459522e+00 1.516623261623975649e+00
1.583561770753495932e+09 -5.017138632797711884e-01 1.678011952654734074e-01 8.486023559388400361e-01 3.333016380971426385e-01 -8.677617481493202778e-01 3.686455838963035858e-01 7.982438334639567756e-01 4.677951553915923877e-01 3.794396858164230113e-01 -1.406412586684889499e-01 1.572916639021251006e+00 1.511975742415925694e+00
1.583561770753514051e+09 -5.085862334816694252e-01 1.870430085540736309e-01 8.404492586162198853e-01 3.279530036382665159e-01 -8.604559629096985018e-01 3.899517448780457918e-01 7.961073236359050842e-01 4.739519479224122978e-01 3.762747407910481678e-01 -1.464958140905997797e-01 1.570796775067988982e+00 1.507403114422711354e+00
1.583561770753532887e+09 -5.134077717153711085e-01 2.074125174352103307e-01 8.327019321450083167e-01 3.215545481384388671e-01 -8.531563063574062467e-01 4.107639097215354806e-01 7.956224812959500348e-01 4.786484771027925134e-01 3.713226398527250116e-01 -1.523820609067708942e-01 1.568577465723252518e+00 1.502919217279993447e+00
1.583561770753551006e+09 -5.162087614886151643e-01 2.286165346586277458e-01 8.253865729993762335e-01 3.142344653890040695e-01 -8.459515734944919041e-01 4.308394551332664912e-01 7.967340933802965486e-01 4.817680100273349364e-01 3.648484194885898146e-01 -1.583067981888106324e-01 1.566253872000672231e+00 1.498540065594348603e+00
1.583561770753568888e+09 -5.170758421034776786e-01 2.503728067965946824e-01 8.185023099383158529e-01 3.061189256080751320e-01 -8.389203481441516175e-01 4.500042809684181577e-01 7.993270776901455488e-01 4.832453902450020711e-01 3.571415908597470046e-01 -1.642774212362859143e-01 1.563821749918579140e+00 1.494283892226512700e+00
1.583561770753587008e+09 -5.161436492704690737e-01 2.724261188957582402e-01 8.120220091264408468e-01 2.973230500954950339e-01 -8.321228671536534671e-01 4.681565313840499454e-01 8.032401492900476114e-01 4.830688810237889763e-01 3.484963687019848599e-01 -1.703017390027689038e-01 1.561277880349810854e+00 1.490171120387545622e+00
1.583561770753604889e+09 -5.135832826624910918e-01 2.945601209437865853e-01 8.058948735187398960e-01 2.879462563761161498e-01 -8.255943657876952946e-01 4.852637392740601907e-01 8.082816127075467261e-01 4.812777560234083873e-01 3.391939804293456762e-01 -1.763877182383966069e-01 1.558620490463088926e+00 1.486224260259954688e+00
1.583561770753623009e+09 -5.095892072003338491e-01 3.166041612139903760e-01 8.000504016944838259e-01 2.780720652893833300e-01 -8.193406983203758154e-01 5.013549108338580806e-01 8.142449058138615525e-01 4.779567190604289140e-01 3.294884039002122234e-01 -1.825431598082558893e-01 1.555849648071766511e+00 1.482467727196725704e+00
1.583561770753643036e+09 -5.043660417063750012e-01 3.384352093397910433e-01 7.944032384734841523e-01 2.677716309089765989e-01 -8.133366351358088941e-01 5.165093142063915677e-01 8.209221947831873978e-01 4.732284090643014696e-01 3.195960312806906956e-01 -1.887753176855836434e-01 1.552967610278868316e+00 1.478927580944918940e+00
1.583561770753660917e+09 -4.981162718851975812e-01 3.599754908558747135e-01 7.888585588753210809e-01 2.571097057545155273e-01 -8.075269514034240093e-01 5.308435004778419009e-01 8.281151967718718421e-01 4.672449773553356001e-01 3.096891219517400318e-01 -1.950904756990777256e-01 1.549979109166918834e+00 1.475631187537069344e+00
1.583561770753678083e+09 -4.910296461292701919e-01 3.811867217007270936e-01 7.833176686797000965e-01 2.461515857391932405e-01 -8.018301378808034841e-01 5.444977748896521197e-01 8.356430360479035757e-01 4.601794359940813428e-01 2.998926528549092918e-01 -2.014935009662542076e-01 1.546891559520124249e+00 1.472606807644238458e+00
1.583561770753695965e+09 -4.832747650094218472e-01 4.020619636035983602e-01 7.776835340759704618e-01 2.349696484817265230e-01 -7.961443385375568393e-01 5.576230416173814097e-01 8.433473578740618981e-01 4.522171710224989205e-01 2.902841098696083977e-01 -2.079873952316356467e-01 1.543715177045705378e+00 1.469883115155247832e+00
1.583561770753714085e+09 -4.749931598432737268e-01 4.226161603562190727e-01 7.718659724022383095e-01 2.236483226881105235e-01 -7.903549578328084024e-01 5.703687126969223531e-01 8.510951333999895452e-01 4.435477671769709196e-01 2.808958034195623288e-01 -2.145728674893684906e-01 1.540462997970964532e+00 1.467488651638041874e+00
1.583561770753731012e+09 -4.662959759373935809e-01 4.428763896990048909e-01 7.657862407463017496e-01 2.122866474510538004e-01 -7.843432659567355358e-01 5.828722162686804653e-01 8.587796238706091323e-01 4.343571626338832425e-01 2.717193646703179311e-01 -2.212479527065760176e-01 1.537150793382084490e+00 1.465451225018641335e+00
1.583561770753748894e+09 -4.572632169229632892e-01 4.628727903325245419e-01 7.593807547361400845e-01 2.009979558200784555e-01 -7.779952534129130903e-01 5.952505417542908184e-01 8.663199019084338870e-01 4.248201569790700516e-01 2.627121276705424169e-01 -2.280077020753631389e-01 1.533796874390737086e+00 1.463797264621980787e+00
1.583561770753767014e+09 -4.479453745706636902e-01 4.826310143949936737e-01 7.526036444167614192e-01 1.899066816713244066e-01 -7.712098945767114078e-01 6.075942320325412593e-01 8.736591977968179989e-01 4.150934865704071774e-01 2.538050506892780001e-01 -2.348439698072734005e-01 1.530421787473905004e+00 1.462551150292403346e+00
1.583561770753784895e+09 -4.383670984157215234e-01 5.021668701402228763e-01 7.454278783388352814e-01 1.791428052007968119e-01 -7.639059457063365199e-01 6.199641614601175688e-01 8.807622508994060739e-01 4.053099317725804007e-01 2.449116510921051648e-01 -2.417453196350946021e-01 1.527047903788201877e+00 1.461734542339978349e+00
1.583561770753802061e+09 -4.285323413148170446e-01 5.214834950451758822e-01 7.378448326628662679e-01 1.688348280420220171e-01 -7.560265806154541357e-01 6.323911845357863548e-01 8.876118709918234817e-01 3.955739803717698844e-01 2.359372644809890618e-01 -2.486970688553491460e-01 1.523698912855660170e+00 1.461365744795821042e+00
1.583561770753819942e+09 -4.184302791430308255e-01 5.405710134741685824e-01 7.298623713635190580e-01 1.591024134547903146e-01 -7.475414507953929144e-01 6.448784392513289276e-01 8.942049674251263403e-01 3.859595301148915358e-01 2.267878250463724599e-01 -2.556814797189254640e-01 1.520399238383398188e+00 1.461459138475749819e+00
1.583561770753838062e+09 -4.080412658627364797e-01 5.594082567168245923e-01 7.215017171946043195e-01 1.500498611577806840e-01 -7.384461282803468363e-01 6.574057763892451334e-01 9.005483689167022021e-01 3.765099176657505375e-01 2.173773617107819245e-01 -2.626780975343320779e-01 1.517173401569412716e+00 1.462024722338394644e+00
1.583561770753854990e+09 -3.973421648518322691e-01 5.779658440709258826e-01 7.127935797710481802e-01 1.417613779538887397e-01 -7.287592832358837924e-01 6.699355333565950588e-01 9.066547942798004467e-01 3.672402351927547270e-01 2.076335567979463448e-01 -2.696642225616222577e-01 1.514045363736707506e+00 1.463067797373420964e+00
1.583561770753873110e+09 -3.863105850944119624e-01 5.962098129925795797e-01 7.037741050791442854e-01 1.342986738773425393e-01 -7.185182762733913764e-01 6.824187518610194125e-01 9.125393132780920125e-01 3.581415163252114620e-01 1.975010284777513891e-01 -2.766154909868228651e-01 1.511037883405649485e+00 1.464588816257293979e+00
1.583561770753890991e+09 -3.749277791831524542e-01 6.141050630291209345e-01 6.944811964361401468e-01 1.277010333975566458e-01 -7.077739688118246386e-01 6.948010184054168592e-01 9.182165358483763695e-01 3.491861692584312116e-01 1.869422711340922860e-01 -2.835065315099942751e-01 1.508171921931658943e+00 1.466583407554095109e+00
1.583561770753909111e+09 -3.631802258534060357e-01 6.316180915423932341e-01 6.849516115974892960e-01 1.219873802013385633e-01 -6.965856049059491184e-01 7.070272796328844755e-01 9.236986537070570602e-01 3.403337797588688596e-01 1.759366810484812582e-01 -2.903116594383248761e-01 1.505466127427857348e+00 1.469042569826859657e+00
1.583561770753926992e+09 -3.510601001313348735e-01 6.487187890930213863e-01 6.752190304027613221e-01 1.171596847875963354e-01 -6.850163756306989482e-01 7.190453208344396163e-01 9.289943027790442676e-01 3.315365710898818818e-01 1.644782285823393198e-01 -2.970055692923201374e-01 1.502936420240089221e+00 1.471953020223343511e+00
1.583561770753943920e+09 -3.385649520928242229e-01 6.653813170137680144e-01 6.653130664792261673e-01 1.132069260008309597e-01 -6.731300198592903294e-01 7.308078874131859193e-01 9.341081122437703277e-01 3.227439844699891425e-01 1.525724594163645753e-01 -3.035639890026327059e-01 1.500595695870866164e+00 1.475297674081183397e+00
1.583561770753961086e+09 -3.256968978138999327e-01 6.815842390188706634e-01 6.552590755724433391e-01 1.101090430983259483e-01 -6.609885327910184349e-01 7.422736410397434703e-01 9.390407497133884673e-01 3.139061720034173608e-01 1.402333262795307789e-01 -3.099642636911343896e-01 1.498453652885841647e+00 1.479056224979972800e+00
1.583561770753978014e+09 -3.124616039780295784e-01 6.973101494243320042e-01 6.450785237425570307e-01 1.078404203922593840e-01 -6.486508814645771670e-01 7.534072456118922068e-01 9.437892720354053022e-01 3.049763755943281085e-01 1.274802751949109525e-01 -3.161858440925063851e-01 1.496516745079294664e+00 1.483205790566149762e+00
1.583561770753995895e+09 -2.988672917409148089e-01 7.125450443472640671e-01 6.347896517336986122e-01 1.063726278636653311e-01 -6.361725048312169006e-01 7.641789111025008019e-01 9.483476188660793227e-01 2.959123249580336568e-01 1.143358647691609664e-01 -3.222106629534490230e-01 1.494788249776868305e+00 1.487721588477642909e+00
1.583561770754014015e+09 -2.849239178586641108e-01 7.272776417954437411e-01 6.244081942296333398e-01 1.056763172280689861e-01 -6.236053221052549889e-01 7.745636954148858999e-01 9.527071308904033753e-01 2.866768811380258075e-01 1.008240487933968338e-01 -3.280233917920170050e-01 1.493268437721815722e+00 1.492577607820826602e+00
1.583561770754031897e+09 -2.706426210532040799e-01 7.414987945360090871e-01 6.139479697952271442e-01 1.057223185344137728e-01 -6.109979780622361023e-01 7.845407970292033184e-01 9.568570234227831151e-01 2.772381804538974759e-01 8.696912250130425792e-02 -3.336115779778807688e-01 1.491954826365648357e+00 1.497747247020208228e+00
1.583561770754048109e+09 -2.560354307767448434e-01 7.552010574565927170e-01 6.034212635033630034e-01 1.064821299739197730e-01 -5.983961205417613893e-01 7.940929661900031356e-01 9.607847908994161523e-01 2.675695160815103613e-01 7.279519135090462001e-02 -3.389656694168606266e-01 1.490842495560510184e+00 1.503203893805358904e+00
1.583561770754066944e+09 -2.411151953328689868e-01 7.683784200731376135e-01 5.928389885880360755e-01 1.079280049656242413e-01 -5.858425849073480851e-01 8.032060828261121666e-01 9.644765464044622316e-01 2.576491208545709788e-01 5.832599936675812724e-02 -3.440789385752107687e-01 1.489924444816954630e+00 1.508921430901159821e+00
1.583561770754084110e+09 -2.258956620122778147e-01 7.810261812065651954e-01 5.822106615294059262e-01 1.100328220675687307e-01 -5.733774334329018174e-01 8.118688914679484947e-01 9.679173147498258967e-01 2.474599428288734304e-01 4.358496009130062576e-02 -3.489473198248630448e-01 1.489191972965165478e+00 1.514874658436734745e+00
1.583561770754101038e+09 -2.103916475937016028e-01 7.931409350244090772e-01 5.715442345575695304e-01 1.127698626664741799e-01 -5.610378420597227356e-01 8.200728613280680035e-01 9.710913000010336082e-01 2.369894452785873407e-01 2.859528164563561806e-02 -3.535691766134517189e-01 1.488635062131076436e+00 1.521039628772866470e+00
1.583561770754117966e+09 -1.946192077621993477e-01 8.047206092494281204e-01 5.608458837005290132e-01 1.161126314137911203e-01 -5.488578942562820639e-01 8.278120975042437824e-01 9.739821461592305107e-01 2.262294259647046335e-01 1.338006107171186426e-02 -3.579450179724512626e-01 1.488242748796568593e+00 1.527393892833013300e+00
1.583561770754134893e+09 -1.785957681557428511e-01 8.157645257542013306e-01 5.501197963739055119e-01 1.200347448629578984e-01 -5.368683288049120872e-01 8.350832638650806938e-01 9.765731984154297773e-01 2.151758263845763575e-01 -2.037675125120139152e-03 -3.620771838999745640e-01 1.488003467860777196e+00 1.533916662066997949e+00
1.583561770754153013e+09 -1.623402337239649162e-01 8.262734908362395769e-01 5.393679329551647195e-01 1.245098349152809758e-01 -5.250962376869472426e-01 8.418855279739836384e-01 9.788477663889447733e-01 2.038285056701273357e-01 -1.763492997433725729e-02 -3.659695177727565474e-01 1.487905359276626927e+00 1.540588894139416354e+00
1.583561770754169941e+09 -1.458730099035623895e-01 8.362498605307799870e-01 5.285898561157889031e-01 1.295115359552224399e-01 -5.135648034297169984e-01 8.482204635402084136e-01 9.807893898676636191e-01 1.921909562338535438e-01 -3.338876021172808989e-02 -3.696270427042983031e-01 1.487936529953146847e+00 1.547393312473475557e+00
1.583561770754189014e+09 -1.292159127172941013e-01 8.456975498557941506e-01 5.177826786530499437e-01 1.350135624994260874e-01 -5.022931425733601074e-01 8.540918784888675841e-01 9.823820978023707351e-01 1.802699456687318347e-01 -4.927637212243628217e-02 -3.730556552976228568e-01 1.488085267618822316e+00 1.554314371777775650e+00
1.583561770754208088e+09 -1.123920062799172170e-01 8.546220000080512191e-01 5.069410954649444800e-01 1.409898130584032738e-01 -4.912962465570281378e-01 8.595055967056777213e-01 9.836106494842234982e-01 1.680750887040909358e-01 -6.527522517677611380e-02 -3.762618459943188887e-01 1.488340206977695646e+00 1.561338182441709188e+00
1.583561770754234076e+09 -9.542539811138851802e-02 8.630301154055687318e-01 4.960574700001181836e-01 1.474144600104691782e-01 -4.805850029489350805e-01 8.644692197852069659e-01 9.844607511808755040e-01 1.556183635279449473e-01 -8.136310319065673258e-02 -3.792524514339399855e-01 1.488690451089220268e+00 1.568452406030481860e+00
1.583561770754252911e+09 -7.834101406434136605e-02 8.709301791011924143e-01 4.851219525961692480e-01 1.542620037973689018e-01 -4.701662780755823667e-01 8.689918901696525033e-01 9.849192453902585465e-01 1.429135903842035926e-01 -9.751813158034977613e-02 -3.820344416939413512e-01 1.489125652325402172e+00 1.575646132407165556e+00
1.583561770754264116e+09 -6.116436557503641264e-02 8.783317502618708250e-01 4.741226182226556118e-01 1.615072846415648578e-01 -4.600430466428122034e-01 8.730840694222742338e-01 9.849742725734518256e-01 1.299758898575936461e-01 -1.137187349018126681e-01 -3.846147423216232375e-01 1.489636058456981660e+00 1.582909747440881976e+00
1.583561770754275084e+09 -4.392131299132678857e-02 8.852455413165204456e-01 4.630456241980081544e-01 1.691254575414188610e-01 -4.502145642843209394e-01 8.767573357282706370e-01 9.846154061948853009e-01 1.168211364167916072e-01 -1.299435424078972945e-01 -3.870000901324279763e-01 1.490212529419481458e+00 1.590234798031720631e+00
1.583561770754288912e+09 -2.663782954078097037e-02 8.916832741784551652e-01 4.518753863979875773e-01 1.770919352375502909e-01 -4.406765768099497604e-01 8.800242048719650878e-01 9.838337627620922232e-01 1.034654214267319017e-01 -1.461712490947342791e-01 -3.891969220564990839e-01 1.490846529862085212e+00 1.597613859086126853e+00
1.583561770754298925e+09 -9.339720797861460200e-03 8.976574654101022732e-01 4.405948758820436573e-01 1.853823773953866272e-01 -4.314216627979920449e-01 8.828979120235254108e-01 9.826220758794677046e-01 8.992454555307377584e-02 -1.623805171347279253e-01 -3.912112954187495495e-01 1.491530102632905308e+00 1.605040405883524812e+00
1.583561770754312038e+09 7.947721682523577191e-03 9.031811047250551949e-01 4.291861205028307258e-01 1.939727902438150020e-01 -4.224397976351454975e-01 8.853921018704972168e-01 9.809747145587497386e-01 7.621357932516398259e-02 -1.785499929049827184e-01 -3.930488360009357085e-01 1.492255828521066974e+00 1.612508694553262512e+00
1.583561770754323006e+09 2.520004792833652196e-02 9.082673029969012823e-01 4.176307748906074035e-01 2.028396510516986273e-01 -4.137190083024864795e-01 8.875205114058395406e-01 9.788876512570837685e-01 6.234652122569508265e-02 -1.946583616261753913e-01 -3.947147088351636857e-01 1.493016777173832965e+00 1.620013652511801183e+00
1.583561770754333973e+09 4.239400858104296760e-02 9.129288510896670372e-01 4.059109029443723204e-01 2.119601838636696323e-01 -4.052462635360707943e-01 8.892965458058316175e-01 9.763583505712705168e-01 4.833610422997276779e-02 -2.106845806915169095e-01 -3.962136076422879127e-01 1.493806453003200918e+00 1.627550779521665048e+00
1.583561770754349947e+09 5.950793553071830055e-02 9.171776864567574572e-01 3.940100218513313823e-01 2.213128563024167050e-01 -3.970086578781885089e-01 8.907327013423701478e-01 9.733855482185720387e-01 3.419381918506558121e-02 -2.266083791308526607e-01 -3.975497602813472531e-01 1.494618738966605020e+00 1.635116059209289041e+00
1.583561770754365921e+09 7.652207033642674516e-02 9.210243417135969279e-01 3.819143031715983572e-01 2.308780696080012518e-01 -3.889947932899492367e-01 8.918398778945935135e-01 9.699689118530311349e-01 1.993020321116908966e-02 -2.424110089953663560e-01 -3.987269470567632590e-01 1.495447840723380883e+00 1.642705880728055678e+00
1.583561770754383087e+09 9.341873806599086671e-02 9.244775017274813322e-01 3.696137016162381883e-01 2.406389205542572574e-01 -3.811961263735823002e-01 8.926266986752684485e-01 9.661086116620702935e-01 5.555382429394625961e-03 -2.580761291595826679e-01 -3.997485272876564188e-01 1.496288233224518871e+00 1.650316970228957736e+00
1.583561770754400015e+09 1.101823058999752969e-01 9.275437632085263839e-01 3.571028241894965705e-01 2.505819227301898655e-01 -3.736080805156690166e-01 8.930989319274149629e-01 9.618048449147184042e-01 -8.920187413781737601e-03 -2.735906994008036053e-01 -4.006174703656658065e-01 1.497134610916430741e+00 1.657946331397855078e+00
1.583561770754416943e+09 1.267989342748326032e-01 9.302276025891599298e-01 3.443815295461937209e-01 2.606976835654260527e-01 -3.662308981021018539e-01 8.932590033661008677e-01 9.570573380332911828e-01 -2.348482263746569029e-02 -2.889458687468310361e-01 -4.013363886458442553e-01 1.497981842041300471e+00 1.665591194054824253e+00
1.583561770754435062e+09 1.432561421772892418e-01 9.325315206451136874e-01 3.314553378305702958e-01 2.709815886470169355e-01 -3.590703011957885882e-01 8.931055354487260622e-01 9.518648310420312342e-01 -3.812455954902137234e-02 -3.041378990327612275e-01 -4.019075723077437101e-01 1.498824927114526639e+00 1.673248969573921663e+00
1.583561770754453897e+09 1.595421645095772001e-01 9.344563886700306687e-01 3.183356022532649598e-01 2.814344181896688002e-01 -3.521378913685419554e-01 8.926329445838366849e-01 9.462245855147074503e-01 -5.282199707623752571e-02 -3.191690314487633517e-01 -4.023330257938989574e-01 1.499658961699291249e+00 1.680917212186181731e+00
1.583561770754471064e+09 1.756450921528849296e-01 9.360020159556690089e-01 3.050393875782492215e-01 2.920627806769185431e-01 -3.454512022255571413e-01 8.918311494110500171e-01 9.401319768921794218e-01 -6.755511266467779941e-02 -3.340481597333070929e-01 -4.026145051155816112e-01 1.500479103526026314e+00 1.688593585411486409e+00
1.583561770754487991e+09 1.915518129576486983e-01 9.371679525173270964e-01 2.915889777952935802e-01 3.028791874882955648e-01 -3.390332825814863504e-01 8.906854838404536512e-01 9.335802595208316790e-01 -8.229618652283973712e-02 -3.487911079146918669e-01 -4.027535561901786632e-01 1.501280544007747686e+00 1.696275832938889172e+00
1.583561770754504919e+09 2.072468334044608729e-01 9.379544126755071654e-01 2.780112768053719652e-01 3.139019070221045760e-01 -3.329120430104269279e-01 8.891766778442632413e-01 9.265604907603762763e-01 -9.701078085046593857e-02 -3.634206455393216850e-01 -4.027515546649788059e-01 1.502058484319060527e+00 1.703961753442380989e+00
1.583561770754523039e+09 2.227110233703945008e-01 9.383633064378426036e-01 2.643371056906999583e-01 3.251545005656141241e-01 -3.271193254911893833e-01 8.872809575820763683e-01 9.190616687992213540e-01 -1.116568504910342985e-01 -3.779661319826908561e-01 -4.026097479786490130e-01 1.502808116402003735e+00 1.711649179001348831e+00
1.583561770754540920e+09 2.379203649307877755e-01 9.383993510748604994e-01 2.506003952472273255e-01 3.366649363369039194e-01 -3.216896508678178668e-01 8.849703323849116288e-01 9.110711392726112967e-01 -1.261840983144074668e-01 -3.924626769014216698e-01 -4.023293003948471003e-01 1.503524609469828688e+00 1.719335956997225523e+00
1.583561770754558086e+09 2.528448367568656430e-01 9.380712134491214771e-01 2.368372590368163222e-01 3.484641798520130562e-01 -3.166585965542109693e-01 8.822131537355542008e-01 9.025753176918847043e-01 -1.405337396044449294e-01 -4.069497071748879313e-01 -4.019113411320953677e-01 1.504203102640361500e+00 1.727019935536645123e+00
1.583561770754575968e+09 2.674475980055356916e-01 9.373925849340234429e-01 2.230850158042097242e-01 3.605842991383172991e-01 -3.120608714847924459e-01 8.789749574013651090e-01 8.935607118462248755e-01 -1.546387869837869411e-01 -4.214689787500313090e-01 -4.013570148924677228e-01 1.504838704189604526e+00 1.734698952544917017e+00
1.583561770754595041e+09 2.816846582776897923e-01 9.363830840554960844e-01 2.093811678023700940e-01 3.730561288651820795e-01 -3.079281332485481748e-01 8.752196235836124938e-01 8.840152024847064416e-01 -1.684250126609752041e-01 -4.360620794446785076e-01 -4.006675335902804003e-01 1.505426497687675669e+00 1.742370828681876205e+00
1.583561770754606962e+09 2.955051497928198323e-01 9.350688499795078990e-01 1.957624899936374063e-01 3.859068033395364195e-01 -3.042867907941628203e-01 8.709107233925306168e-01 8.739294283847132139e-01 -1.818125270363090962e-01 -4.507677444753372953e-01 -3.998442272407154996e-01 1.505961554786290346e+00 1.750033364142144610e+00
1.583561770754621029e+09 3.088522645814250067e-01 9.334827379086404475e-01 1.822642502908877471e-01 3.991573823392138287e-01 -3.011559368708645046e-01 8.660129824934438281e-01 8.632981310064262725e-01 -1.947179497508961243e-01 -4.656192192007992947e-01 -3.988885916536057952e-01 1.506438953916396706e+00 1.757684339231614379e+00
1.583561770754633904e+09 3.216647857637722763e-01 9.316640592080914773e-01 1.689196454650377655e-01 4.128209019020826487e-01 -2.985456344702120957e-01 8.604936996440942787e-01 8.521212758532583642e-01 -2.070569611480178873e-01 -4.806420147281202371e-01 -3.978023304676104321e-01 1.506853803615198384e+00 1.765321518389407762e+00
1.583561770754647970e+09 3.338790447411186246e-01 9.296578776523233278e-01 1.557594756229031541e-01 4.269010783864966019e-01 -2.964557048461562982e-01 8.543239926235631776e-01 8.404048149325641370e-01 -2.187469904348092464e-01 -4.958522980257519808e-01 -3.965873888917951229e-01 1.507201268539343664e+00 1.772942657032643643e+00
1.583561770754658937e+09 3.454310981218288168e-01 9.275139269241857720e-01 1.428120164993462449e-01 4.413917423869188617e-01 -2.948750703330421663e-01 8.474798066528631546e-01 8.281610268580477108e-01 -2.297098354421107935e-01 -5.112560076303507284e-01 -3.952459777420048725e-01 1.507476596210413966e+00 1.780545510439547563e+00
1.583561770754671097e+09 3.562588823015868100e-01 9.252852540421646621e-01 1.301030655977670758e-01 4.562770081350467910e-01 -2.937816709719726638e-01 8.399426299955831121e-01 8.154084257774789624e-01 -2.398739850297315068e-01 -5.268487171101325917e-01 -3.937805868633164619e-01 1.507675142377016053e+00 1.788127843729439670e+00
1.583561770754681110e+09 3.663040129960523084e-01 9.230267497021482637e-01 1.176562350318147709e-01 4.715321952329411537e-01 -2.931429719929273259e-01 8.316998177621588439e-01 8.021712779193191922e-01 -2.491762780570094815e-01 -5.426162765513812269e-01 -3.921939880919124710e-01 1.507792393163333911e+00 1.795687441980590382e+00
1.583561770754690886e+09 3.755131498006516466e-01 9.207936950737986015e-01 1.054933442626584256e-01 4.871251878273988312e-01 -2.929168607749353948e-01 8.227446530324762364e-01 7.884788683942119958e-01 -2.575629709932839573e-01 -5.585359346652983836e-01 -3.904892292830950407e-01 1.507823982973961918e+00 1.803222119718570493e+00
1.583561770754699945e+09 3.838389078423770084e-01 9.186404150604865482e-01 9.363482732644981543e-02 5.030179892604239589e-01 -2.930527815280650206e-01 8.130762385869576558e-01 7.743646398798618158e-01 -2.649902928350927334e-01 -5.745777140217382950e-01 -3.886696216738536047e-01 1.507765707902025465e+00 1.810729729277706035e+00
1.583561770754709959e+09 3.912402857691188451e-01 9.166191161596549675e-01 8.210015180605313712e-02 5.191683362579676553e-01 -2.934930051638718895e-01 8.026992553769215499e-01 7.598653022766238552e-01 -2.714244868303369307e-01 -5.907059087130295261e-01 -3.867387229242052471e-01 1.507613534919868492e+00 1.818208167786551366e+00
1.583561770754722118e+09 3.976827225127499421e-01 9.147789258473327800e-01 7.090817502258107974e-02 5.355311918583328668e-01 -2.941739095371835311e-01 7.916236817642922086e-01 7.450199963376824552e-01 -2.768415214768554788e-01 -6.068805296653716486e-01 -3.847003175683293974e-01 1.507363607142708339e+00 1.825655382624343126e+00
1.583561770754731894e+09 4.031378680873182740e-01 9.131651346417681836e-01 6.007742032809956778e-02 5.520600420738485115e-01 -2.950272041512291277e-01 7.798645130994105168e-01 7.298695564527137858e-01 -2.812265740033779160e-01 -6.230586207423697287e-01 -3.825583961734245753e-01 1.507012245454092625e+00 1.833069375261991096e+00
1.583561770754740953e+09 4.075831089050814260e-01 9.118186443905893501e-01 4.962629667386377758e-02 5.687079852128910096e-01 -2.959810587581608310e-01 7.674414899177287586e-01 7.144559028120313071e-01 -2.845733171579479248e-01 -6.391954242188455648e-01 -3.803171346420575749e-01 1.506555947247207650e+00 1.840448203612349509e+00
1.583561770754750967e+09 4.110009350144293028e-01 9.107755977463269925e-01 3.957325121431835846e-02 5.854285909472879412e-01 -2.969610991576992487e-01 7.543788640492091746e-01 6.988215770042752739e-01 -2.868831057712224464e-01 -6.552453642566713476e-01 -3.779808745305204831e-01 1.505991382862410077e+00 1.847789983020412308e+00
