1.589264478535902023e+09 8.073328879186585372e-01 -4.641853628113179475e-01 -3.643426372248542155e-01 -5.727631875215610791e-01 -7.649629969500645332e-01 -2.945741755144753449e-01 -1.419716151416390570e-01 4.465014699442478308e-01 -8.834480733121172769e-01 -3.505018860162239513e-01 -9.196745250843766373e-01 3.631484520355628964e-01
1.589264478535943031e+09 7.943470534315610898e-01 -4.797245893497976699e-01 -3.726621490587599395e-01 -5.841195182220758619e-01 -7.716359352215519385e-01 -2.517585598734068952e-01 -1.667847341448354948e-01 4.176629050580633051e-01 -8.931632273005433165e-01 -3.656514396436117420e-01 -9.144625337806506771e-01 3.693076180560406763e-01
1.589264478535959005e+09 7.808339282360273748e-01 -4.955798882682479478e-01 -3.803931533598372550e-01 -5.944700863117907685e-01 -7.766218915983403859e-01 -2.084796261840103082e-01 -1.921033404430139702e-01 3.889203160650538393e-01 -9.010201411457131604e-01 -3.806989635701067409e-01 -9.090547934683556042e-01 3.755476118826986953e-01
1.589264478535970926e+09 7.667909135634274342e-01 -5.117118488911169827e-01 -3.875341002367114762e-01 -6.037798660116187044e-01 -7.799240712104865692e-01 -1.648281441695429728e-01 -2.179026587634120826e-01 3.603740102543195878e-01 -9.070000024516099435e-01 -3.956438438157864335e-01 -9.034562918278976618e-01 3.818655615856492158e-01
1.589264478535980940e+09 7.522129031688631340e-01 -5.280798791465580733e-01 -3.940905858013683538e-01 -6.120148636492099836e-01 -7.815509276247707415e-01 -1.208964630180708599e-01 -2.441588732950734364e-01 3.321291754585436462e-01 -9.110854272881051541e-01 -4.104878769595879384e-01 -8.976763885444282165e-01 3.882574746591017645e-01
1.589264478535990953e+09 7.370915637744532845e-01 -5.446418443703014978e-01 -4.000766029818983438e-01 -6.191416962853316663e-01 -7.815168589906078545e-01 -7.677864032322541388e-02 -2.708497498168299655e-01 3.042969945722660552e-01 -9.132599589085349523e-01 -4.252349787771381728e-01 -8.917277456992992457e-01 3.947185729390548237e-01
1.589264478536000967e+09 7.214147052030180918e-01 -5.613534904329852138e-01 -4.055158223662609918e-01 -6.251268167912908957e-01 -7.798433291071161788e-01 -3.257062417794208409e-02 -2.979551753246047485e-01 2.769957423343536451e-01 -9.135075657424619466e-01 -4.398908172061414823e-01 -8.856252782877305219e-01 4.012435592312350585e-01
1.589264478536010981e+09 7.051658639757897307e-01 -5.781676536005098122e-01 -4.104427718000246417e-01 -6.299353551227637737e-01 -7.765604955972498225e-01 1.162951575719905171e-02 -3.254574520940851645e-01 2.503516755881065037e-01 -9.118121987930146721e-01 -4.544623906006132752e-01 -8.793851748796307488e-01 4.078268344719114258e-01
1.589264478536022902e+09 6.883242681942698393e-01 -5.950332956369661641e-01 -4.149036987322539671e-01 -6.335295987372869808e-01 -7.717093896245214024e-01 5.572132526760611992e-02 -3.533411238846979607e-01 2.244994332417541705e-01 -9.081575056807577040e-01 -4.689575756563957865e-01 -8.730240218834055543e-01 4.144626838769076560e-01
1.589264478536032915e+09 6.708654170142198669e-01 -6.118944642295612857e-01 -4.189567486397930418e-01 -6.358672113567240824e-01 -7.653446196794015943e-01 9.960172315397530785e-02 -3.815920364439209234e-01 1.995815078098278073e-01 -9.025268638396876097e-01 -4.833846706505922630e-01 -8.665580519736786336e-01 4.211454466052653722e-01
1.589264478536042929e+09 6.527619885973834357e-01 -6.286892994133705947e-01 -4.226719193142433606e-01 -6.368996559951876080e-01 -7.575372638714757967e-01 1.431646696826962828e-01 -4.101958251180020110e-01 1.757471454494231589e-01 -8.949035291088676125e-01 -4.977519574753320186e-01 -8.600025255920109579e-01 4.278696787323240658e-01
1.589264478536052942e+09 6.341712038619000680e-01 -6.453954442410390069e-01 -4.257835190287805327e-01 -6.365154011257511124e-01 -7.484053287207144134e-01 1.863802797459792049e-01 -4.389476379220954572e-01 1.528207609490502272e-01 -8.854212481496767095e-01 -5.119504651905931736e-01 -8.532063288548323854e-01 4.347124298685703381e-01
1.589264478536062002e+09 6.150650546729240498e-01 -6.619528477309193359e-01 -4.283846475218165417e-01 -6.346839700274258256e-01 -7.380176997697035501e-01 2.291421690193388427e-01 -4.678367634464815628e-01 1.309515280023957062e-01 -8.740597580092128727e-01 -5.259739477649781891e-01 -8.461775621757767762e-01 4.416800356266821215e-01
1.589264478536072016e+09 5.954122490937977519e-01 -6.782940649850857096e-01 -4.305826463831832762e-01 -6.313653366296068103e-01 -7.264654708243006853e-01 2.713406199016952236e-01 -4.968521569433833607e-01 1.102954286502828285e-01 -8.607978003276511858e-01 -5.398161001714089080e-01 -8.389242856319863995e-01 4.487789053028668484e-01
1.589264478536081076e+09 5.751814113075377488e-01 -6.943441237332639293e-01 -4.324957598111534574e-01 -6.265091029179128412e-01 -7.138651421968302824e-01 3.128624351425356442e-01 -5.259778403892044762e-01 9.100987344599088813e-02 -8.456148738310000912e-01 -5.534705925406468996e-01 -8.314546235265350971e-01 4.560154888000525486e-01
1.589264478536092043e+09 5.543447561676279056e-01 -7.100210942007805226e-01 -4.342487045814316104e-01 -6.200552473332814341e-01 -7.003605766489098272e-01 3.535909409706302076e-01 -5.551876998838299881e-01 7.324690391439617199e-02 -8.284935180519051867e-01 -5.669311176391362839e-01 -8.237768622411595354e-01 4.633962340375368250e-01
1.589264478536102057e+09 5.328817230610569666e-01 -7.252373593776979543e-01 -4.359677076591966793e-01 -6.119366104025670827e-01 -6.861232761432173310e-01 3.934061964300270553e-01 -5.844404628527616330e-01 5.714562940467837748e-02 -8.094218448434400415e-01 -5.801914494173787684e-01 -8.158995376762319118e-01 4.709275362737173620e-01
1.589264478536111116e+09 5.107821974740875959e-01 -7.399015654985394708e-01 -4.377753081748956276e-01 -6.020829821072902766e-01 -6.713506876863798434e-01 4.321855358591298879e-01 -6.136755086750143029e-01 4.282438527194405709e-02 -7.883961203404716844e-01 -5.932455093474073848e-01 -8.078315085592879807e-01 4.786156816973203276e-01
1.589264478536120892e+09 4.880488838340735769e-01 -7.539210557666514712e-01 -4.397855488659042078e-01 -5.904263594979217711e-01 -6.562625206401750955e-01 4.698044472108162117e-01 -6.428102375889204190e-01 3.037344445491420644e-02 -7.654230547953103647e-01 -6.060874363446611124e-01 -7.995820123403111213e-01 4.864667884774868667e-01
1.589264478536130905e+09 4.646985892022152953e-01 -7.672045312071512635e-01 -4.421000212847293609e-01 -5.769067232010712809e-01 -6.410953327138049218e-01 5.061377359020015065e-01 -6.717394245335058800e-01 1.984898275418045185e-02 -7.405215485726147628e-01 -6.187116548667022098e-01 -7.911607008801011531e-01 4.944867494837150157e-01
1.589264478536139965e+09 4.407623996250699672e-01 -7.796647058322897506e-01 -4.448049616264090345e-01 -5.614776403145420591e-01 -6.260958093072714892e-01 5.410609000849281314e-01 -7.003366098238636983e-01 1.126873955595189547e-02 -7.137237903689369611e-01 -6.311129367939093404e-01 -7.825776555793878542e-01 5.026811801821630121e-01
1.589264478536149025e+09 4.162848502236500825e-01 -7.912207054473988643e-01 -4.479695515064228695e-01 -5.441110578936541042e-01 -6.115133247811344042e-01 5.744515740243013591e-01 -7.284573293678361372e-01 4.609699090016471795e-03 -6.850756676849240057e-01 -6.432864528351551758e-01 -7.738433828119102298e-01 5.110553751262179034e-01
1.589264478536158085e+09 3.913222556934195517e-01 -8.017998282292266854e-01 -4.516457992518790876e-01 -5.248007162559676919e-01 -5.975926698559393957e-01 6.061907371097809971e-01 -7.559438477656107436e-01 -1.918877135213548080e-04 -6.546364355073689412e-01 -6.552278105257560714e-01 -7.649687922955349384e-01 5.196142754186862112e-01
1.589264478536166906e+09 3.659406249098780539e-01 -8.113387073141482553e-01 -4.558694565175941404e-01 -5.035640551586020308e-01 -5.845673729406201113e-01 6.361636813364562881e-01 -7.826306293209558396e-01 -3.238662973211911024e-03 -6.224779591280286128e-01 -6.669330783059880252e-01 -7.559651627824800491e-01 5.283624475894775907e-01
1.589264478536175966e+09 3.402134652051960195e-01 -8.197839443229764100e-01 -4.606615710634085481e-01 -4.804426861981656027e-01 -5.726538970403350914e-01 6.642607470634058764e-01 -8.083499390298768406e-01 -4.668967953923752051e-03 -5.886837668035399540e-01 -6.783987970343279272e-01 -7.468440999620743481e-01 5.373040728116856846e-01
1.589264478536185980e+09 3.142196830838159816e-01 -8.270922103386364466e-01 -4.660305426590909406e-01 -4.555015803580653722e-01 -5.620469988968637143e-01 6.903777820355746497e-01 -8.329371534578187131e-01 -4.652639227808810091e-03 -5.533480386042468613e-01 -6.896219812169476215e-01 -7.376174909545116787e-01 5.464429446004103186e-01
1.589264478536195993e+09 2.880417408181192851e-01 -8.332299986156226357e-01 -4.719742845587552860e-01 -4.288272939837721176e-01 -5.529161806290446846e-01 7.144164399978284452e-01 -8.562354279257834433e-01 -3.386299793188811240e-03 -5.165747045954014460e-01 -7.006001117569529146e-01 -7.282974585310303395e-01 5.557824734974511349e-01
1.589264478536205053e+09 2.617641284047126371e-01 -8.381731359699534645e-01 -4.784823252222455969e-01 -4.005255176670377559e-01 -5.454031626338228245e-01 7.362843883260060673e-01 -8.780995680043467422e-01 -1.088460188298354635e-03 -4.784767125099854690e-01 -7.113311216799066417e-01 -7.188963173272494567e-01 5.653256975149145713e-01
1.589264478536215067e+09 2.354721788215135836e-01 -8.419060821330728306e-01 -4.855378483698881142e-01 -3.707181750715020097e-01 -5.396203552630142175e-01 7.558954342126291692e-01 -8.983990695790582404e-01 2.005360195995415946e-03 -4.391754669825400081e-01 -7.218133771691419565e-01 -7.094265340061802760e-01 5.750752963917160621e-01
1.589264478536223888e+09 2.092512246866667369e-01 -8.444211141063598935e-01 -4.931195669913897572e-01 -3.395403084727655063e-01 -5.356501570401317469e-01 7.731696377840553414e-01 -9.170203402504384371e-01 5.647276268296875720e-03 -3.988004567789322774e-01 -7.320456555192117465e-01 -6.999006924104458349e-01 5.850336083073228721e-01
