1.584057355315294027e+09 5.873659853465457159e-01 -6.854656099451916784e-01 -4.302767679059924522e-01 -2.550324351754832408e-01 3.478002882312620225e-01 -9.022158370686577111e-01 7.680883129538921272e-01 6.396654260155953953e-01 2.947009524251268525e-02 1.185058843092970104e-01 -3.339346769827227224e-01 5.144914122154260472e-01
1.584057355315342903e+09 6.053448700597331422e-01 -6.716436592780907766e-01 -4.271444526198525660e-01 -2.560051790045054232e-01 3.438369665587341362e-01 -9.034586259997576807e-01 7.536703104435467093e-01 6.562552365758943518e-01 3.619568859762101187e-02 1.140528654476247183e-01 -3.405205346705271197e-01 5.054911204483190090e-01
1.584057355315367937e+09 6.228108791408115685e-01 -6.578135306905450452e-01 -4.235421677075021374e-01 -2.579509859167239960e-01 3.384349995263332689e-01 -9.049436668120474092e-01 7.386256818696546045e-01 6.728618803995097819e-01 4.109735077145093562e-02 1.096794563755944946e-01 -3.472353529254694204e-01 4.965472589080311416e-01
1.584057355315399885e+09 6.397343669706431202e-01 -6.439572687519418137e-01 -4.195938225278003086e-01 -2.605537145851367087e-01 3.318953051407400046e-01 -9.066185903593293460e-01 7.230848510119713968e-01 6.893217990257692884e-01 4.453937450340048065e-02 1.053777485938691277e-01 -3.540796141652743922e-01 4.876669690137161450e-01
1.584057355315418005e+09 6.561407211375563930e-01 -6.300140669093370338e-01 -4.154053799975452321e-01 -2.635346139865575310e-01 3.245158163338818791e-01 -9.084266576478249311e-01 7.071271890751374967e-01 7.055294186769450748e-01 4.689752779790232889e-02 1.011400642313411008e-01 -3.610543882234726332e-01 4.788577290658281305e-01
1.584057355315438986e+09 6.720880514963624153e-01 -6.158910802552778341e-01 -4.110666958929806158e-01 -2.666487184695882084e-01 3.165937739192220546e-01 -9.103113991384366166e-01 6.907938275721464683e-01 7.214198221289138679e-01 4.855232534079351181e-02 9.695886462737188238e-02 -3.681614724482143441e-01 4.701276045481132537e-01
1.584057355315457106e+09 6.876494975827857070e-01 -6.014733351220007407e-01 -4.066546394571273204e-01 -2.696781441804254054e-01 3.084325430827752901e-01 -9.122187594371775621e-01 6.741007842070262379e-01 7.369526400653038101e-01 4.988927047946010995e-02 9.282660435798720244e-02 -3.754034994302680728e-01 4.614855202693283198e-01
1.584057355315473080e+09 7.028986803484115198e-01 -5.866336059859816876e-01 -4.022368179073383954e-01 -2.724248013290270221e-01 3.003518269488406611e-01 -9.140970997782621454e-01 6.570526409925597777e-01 7.520969303116001869e-01 5.130335922091021350e-02 8.873553182981810949e-02 -3.827839983327347984e-01 4.529415450844440638e-01
1.584057355315490007e+09 7.178964707844970317e-01 -5.712437563465374568e-01 -3.978758955588475588e-01 -2.747045206858309552e-01 2.927002797857869432e-01 -9.158951755989487298e-01 6.396577864831063387e-01 7.668162213144258388e-01 5.320525555789355765e-02 8.467744161837430228e-02 -3.903073962506299344e-01 4.445071785971125289e-01
1.584057355315506935e+09 7.326772559999485956e-01 -5.551896078608976604e-01 -3.936350315589643434e-01 -2.763446155649454949e-01 2.858690516042793339e-01 -9.175579213018233427e-01 6.219466956719658102e-01 7.810527414308445771e-01 5.602609354071831638e-02 8.064338782827702723e-02 -3.979789468329065771e-01 4.361956280740842962e-01
1.584057355315524101e+09 7.472449437752642920e-01 -5.383779148850323937e-01 -3.895821029938688063e-01 -2.771879799624543672e-01 2.802989418526913856e-01 -9.190208523864875634e-01 6.039799814833410885e-01 7.947211612897089328e-01 6.022008034756523576e-02 7.662337186109990927e-02 -4.058045743145903272e-01 4.280220623574823580e-01
1.584057355315541029e+09 7.610782711134104206e-01 -5.220810908047323062e-01 -3.849561014842360351e-01 -2.789965006226518551e-01 2.722940245277952198e-01 -9.208783399599328456e-01 5.855944143710526406e-01 8.082619000515238739e-01 6.157826803241678304e-02 7.260522299991076234e-02 -4.137358743229770930e-01 4.199500669233736661e-01
1.584057355315557957e+09 7.740097397493596043e-01 -5.065741685780459358e-01 -3.798572557018868867e-01 -2.816200653499468798e-01 2.618913428832145840e-01 -9.230942874244801866e-01 5.670970479784570584e-01 8.214593943096473172e-01 6.004499967436723040e-02 6.858063254129749542e-02 -4.217775979147609378e-01 4.119913293541554999e-01
1.584057355315573931e+09 7.859114318584937697e-01 -4.921179826028924675e-01 -3.743836437129297035e-01 -2.848854709913173910e-01 2.491996866257303045e-01 -9.256023902109824508e-01 5.488018676625359138e-01 8.340979604547289483e-01 5.565161926414655125e-02 6.453990911233058181e-02 -4.299355682328836470e-01 4.041600954257746903e-01
1.584057355315591097e+09 7.967031449680029853e-01 -4.789399475936912953e-01 -3.686198931200324602e-01 -2.886071843400250803e-01 2.343936519128868579e-01 -9.283132603010979533e-01 5.310084671645352028e-01 8.459764434043076653e-01 4.851664988348490526e-02 6.047159613457439575e-02 -4.382162695061427304e-01 3.964732907372361392e-01
1.584057355315606117e+09 8.063553834040686485e-01 -4.672170197970150762e-01 -3.626282563094769817e-01 -2.925985317392272300e-01 2.177009103081559427e-01 -9.311242736797487041e-01 5.139816097213700807e-01 8.569215660250488753e-01 3.883728699014299401e-02 5.636215706365289152e-02 -4.466263373516899393e-01 3.889505638554998090e-01
1.584057355315623045e+09 8.148872271165470416e-01 -4.570631312613439579e-01 -3.564436860580632582e-01 -2.966818419765824277e-01 1.993844854807254319e-01 -9.339302499392336809e-01 4.979344253751884497e-01 8.667982009957689860e-01 2.687353880914913201e-02 5.219575520971168892e-02 -4.551719646717750090e-01 3.816142500891026579e-01
1.584057355315639973e+09 8.223600326050833909e-01 -4.485224961362975216e-01 -3.500736314551695649e-01 -3.006965320502660854e-01 1.797227507193298046e-01 -9.366329743541019770e-01 4.830171556316706361e-01 8.755154502315480869e-01 1.292764799519451578e-02 4.795415105296076813e-02 -4.638582422578468312e-01 3.744892570184918390e-01
1.584057355315658092e+09 8.288684506516169614e-01 -4.415691038666754720e-01 -3.435022827166480663e-01 -3.045047765413517737e-01 1.589900354782047276e-01 -9.391480233928682919e-01 4.693121912156690279e-01 8.830282528841433276e-01 -2.678076935500997569e-03 4.361673474311981991e-02 -4.726884575964639956e-01 3.676028742808266081e-01
1.584057355315674067e+09 8.345303017903847875e-01 -4.361117762258754915e-01 -3.366982242862887609e-01 -3.079949663225430845e-01 1.374402581846937144e-01 -9.414081348228785506e-01 4.568350647198060610e-01 8.893349730734451120e-01 -1.962217170073051256e-02 3.916070511108632468e-02 -4.816633791877382165e-01 3.609845109839514010e-01
1.584057355315690994e+09 8.394765945590485501e-01 -4.320034900793171539e-01 -3.296240767201494837e-01 -3.110834803081682365e-01 1.152951725535338728e-01 -9.433631811904676923e-01 4.455402515028002997e-01 8.944719157194744863e-01 -3.760155038429092295e-02 3.456139951411754674e-02 -4.907805564809568644e-01 3.546653641578509375e-01
1.584057355315710068e+09 8.438425201827769451e-01 -4.290534683009363248e-01 -3.222466798545735034e-01 -3.137153596577408887e-01 9.273782193617458036e-02 -9.449774439942678628e-01 4.353303050411311270e-01 8.985058808868966462e-01 -5.634454575027739165e-02 2.979277065195320290e-02 -5.000336680916804832e-01 3.486780229554429789e-01
1.584057355315726995e+09 8.477597700788136459e-01 -4.270408054864797132e-01 -3.145465353364340633e-01 -3.158643038333839304e-01 6.991093272445592088e-02 -9.462252391529404338e-01 4.260670299838623665e-01 9.015257135560821311e-01 -7.561927048891156633e-02 2.482799835369321750e-02 -5.094119515202325532e-01 3.430560138537753212e-01
1.584057355315742970e+09 8.513502578556424449e-01 -4.257286138764534988e-01 -3.065255062515085394e-01 -3.175321342865073948e-01 4.691945374733075269e-02 -9.470860091438889627e-01 4.175836232216386112e-01 9.036336162711532394e-01 -9.523762635195451298e-02 1.964021673239738086e-02 -5.188997464695257467e-01 3.378332924148789718e-01
1.584057355315759897e+09 8.547212100498267073e-01 -4.248778912881635006e-01 -2.982120567520072374e-01 -3.187476346371079239e-01 2.383613366699714048e-02 -9.475398589535160010e-01 4.096969596439115624e-01 9.049368024868764682e-01 -1.150555738532946792e-01 1.420333220656550682e-02 -5.284761806688917929e-01 3.330436843875339004e-01
1.584057355315777063e+09 8.579615708531749263e-01 -4.242604848690966213e-01 -2.896635705858959242e-01 -3.195645309845637216e-01 7.088971742793513664e-04 -9.475642501498267034e-01 4.022194099145819934e-01 9.055399155821578505e-01 -1.349703963347955171e-01 8.492902612537354262e-03 -5.381150246926844627e-01 3.287202794662487659e-01
1.584057355315794945e+09 8.611396995668029186e-01 -4.236706184982731438e-01 -2.809655228992798959e-01 -3.200583436087204858e-01 -2.243119458528131105e-02 -9.471322496655419920e-01 3.949697137145661840e-01 9.055385407590286206e-01 -1.549157085630462338e-01 2.487042827788549584e-03 -5.477847389998447003e-01 3.248947829181390023e-01
1.584057355315812111e+09 8.643023806502558859e-01 -4.229344784572598992e-01 -2.722275187066227065e-01 -3.203219177084435931e-01 -4.556246806789858439e-02 -9.462124130974702840e-01 3.877824958302020786e-01 9.050140820478206338e-01 -1.748549328277237969e-01 -3.832682150810168623e-03 -5.574487319323243595e-01 3.215968339842517620e-01
1.584057355315828085e+09 8.674751939114192512e-01 -4.219172835975200098e-01 -2.635765428804587307e-01 -3.204596613524019477e-01 -6.866647607367504236e-02 -9.447700887888641486e-01 3.805159571263143081e-01 9.040302656075210885e-01 -1.947739344706772291e-01 -1.048042014119186099e-02 -5.670658409409610190e-01 3.188533062733083789e-01
1.584057355315846920e+09 8.706642441201194460e-01 -4.205272625686324872e-01 -2.551481837169383704e-01 -3.205808456637179726e-01 -9.172367390086141881e-02 -9.427696904335941541e-01 3.730572283669848499e-01 9.026314803681153576e-01 -2.146735086659646297e-01 -1.746529931910131145e-02 -5.765910391552390157e-01 3.166876164938319804e-01
1.584057355315864086e+09 8.738591045025693171e-01 -4.187162210509282612e-01 -2.470768947384131831e-01 -3.207925664161524471e-01 -1.147111016835868497e-01 -9.401773729692005643e-01 3.653250539474816594e-01 9.008429883436596119e-01 -2.345623917461684416e-01 -2.479084865353725631e-02 -5.859763550157842671e-01 3.151190746495019512e-01
1.584057355315880060e+09 8.770366706381518274e-01 -4.164767377917197866e-01 -2.394865454281138728e-01 -3.211931267287547187e-01 -1.376018907613604791e-01 -9.369635506046624096e-01 3.572697215393159098e-01 8.986728252292023322e-01 -2.544513697686281994e-01 -3.245461500399474813e-02 -5.951719759567145607e-01 3.141623138613101607e-01
1.584057355315896988e+09 8.801654846134365773e-01 -4.138364553681163627e-01 -2.324824899004790946e-01 -3.218666124259179639e-01 -1.603661361869737623e-01 -9.331048099385813588e-01 3.488704684123397626e-01 8.961149986695341463e-01 -2.743488759601602767e-01 -4.044801183584340737e-02 -6.041274890870588221e-01 3.138268410174782641e-01
1.584057355315912962e+09 8.832100198573050731e-01 -4.108503348801998412e-01 -2.261461106436838953e-01 -3.228792666790579746e-01 -1.829725317650547078e-01 -9.285849621487907157e-01 3.401309162674746589e-01 8.931534331879485977e-01 -2.942582282536495009e-01 -4.875641902165324393e-02 -6.127931959865610123e-01 3.141167450248242843e-01
1.584057355315929890e+09 8.861344510965921684e-01 -4.075920047699378990e-01 -2.205322934042608096e-01 -3.242779392613707179e-01 -2.053901735645588533e-01 -9.233951997233418307e-01 3.310733346488461959e-01 8.897660560603384283e-01 -3.141764040768685318e-01 -5.735953274722718764e-02 -6.211214297400424744e-01 3.150305869902053080e-01
1.584057355315947056e+09 8.889055428618635180e-01 -4.041453354576032275e-01 -2.156698493162544639e-01 -3.260906254406631399e-01 -2.275900544445423335e-01 -9.175334714756941956e-01 3.217325598930996233e-01 8.859285045710132422e-01 -3.340940661019724534e-01 -6.623194388818012812e-02 -6.290678022745984643e-01 3.165614803412335476e-01
1.584057355315965891e+09 8.914945041664852354e-01 -4.005972128129237642e-01 -2.115642274446425108e-01 -3.283286127710502988e-01 -2.495460011833779690e-01 -9.110033564646259352e-01 3.121503985289411642e-01 8.816170748372815780e-01 -3.539964157515242404e-01 -7.534390687448468127e-02 -6.365923171314625817e-01 3.186973541830684375e-01
1.584057355315983057e+09 8.938778414777498460e-01 -3.970320634980316066e-01 -2.082016937403548540e-01 -3.309896665498368029e-01 -2.712349994343028481e-01 -9.038127106207860528e-01 3.023710392482338860e-01 8.768107640192932539e-01 -3.738644661307008454e-01 -8.466225017866105262e-02 -6.436602943869493831e-01 3.214213817056303935e-01
1.584057355315999031e+09 8.960374050722359485e-01 -3.935282746974551604e-01 -2.055540462550835001e-01 -3.340615889097647284e-01 -2.926370150243539636e-01 -8.959723390893887807e-01 2.924377262751671758e-01 8.714924409964061036e-01 -3.936763922925579640e-01 -9.415137376666503355e-02 -6.502430683996274219e-01 3.247125471817277065e-01
1.584057355316015005e+09 8.979598625372073872e-01 -3.901563308228582772e-01 -2.035832090271275097e-01 -3.375257043933655443e-01 -3.137344669959287735e-01 -8.874948356205427658e-01 2.823906591357807083e-01 8.656493065895466410e-01 -4.134087492364479366e-01 -1.037742768658943826e-01 -6.563184360201951284e-01 3.285463174641838902e-01
1.584057355316030979e+09 8.996358568374139830e-01 -3.869782979163929881e-01 -2.022452032581303905e-01 -3.413599046391224690e-01 -3.345115300928415136e-01 -8.783936770607507771e-01 2.722659376732893821e-01 8.592728515649948884e-01 -4.330374418657059188e-01 -1.134935621042308662e-01 -6.618708502242030001e-01 3.328953795841576024e-01
1.584057355316046953e+09 9.010590795075041903e-01 -3.840481958184318034e-01 -2.014932225472506055e-01 -3.455410262732563909e-01 -3.549534232672666434e-01 -8.686826040812977157e-01 2.620952777479190199e-01 8.523585224879951516e-01 -4.525384125526483170e-01 -1.232723686636037902e-01 -6.668913701333547550e-01 3.377304051762628490e-01
1.584057355316063881e+09 9.022254347719366185e-01 -3.814128048635933022e-01 -2.012797489651046157e-01 -3.500464725550858636e-01 -3.750458007441497821e-01 -8.583752760631634393e-01 2.519061970648712734e-01 8.449052727300921939e-01 -4.718880675589819385e-01 -1.330751964525713760e-01 -6.713773929312364386e-01 3.430208037582948566e-01
1.584057355316080093e+09 9.031324028100556900e-01 -3.791125330824733353e-01 -2.015578092287796108e-01 -3.548551045724288033e-01 -3.947743172515444376e-01 -8.474851581933802169e-01 2.417223985680529430e-01 8.369151247011148431e-01 -4.910634952716118051e-01 -1.428685946501631332e-01 -6.753322015718890015e-01 3.487354332930338030e-01
1.584057355316096067e+09 9.037786195509879272e-01 -3.771821278526935051e-01 -2.022816093415418515e-01 -3.599475632473397302e-01 -4.141243789539316156e-01 -8.360255681669751526e-01 2.315641569189790250e-01 8.283928062446039853e-01 -5.100425473467283810e-01 -1.526216991583012605e-01 -6.787643694378588943e-01 3.548432419469952914e-01
1.584057355316112041e+09 9.041636475321948030e-01 -3.756511403158919737e-01 -2.034067832384807428e-01 -3.653061952244420763e-01 -4.330810658458114082e-01 -8.240098144422119963e-01 2.214485999626767121e-01 8.193454774614663538e-01 -5.288038449646138561e-01 -1.623066140844559302e-01 -6.816870634489524683e-01 3.613138240654166222e-01
1.584057355316128016e+09 9.042878871007432595e-01 -3.745441485854859587e-01 -2.048904541700911075e-01 -3.709147456971763068e-01 -4.516291955646335454e-01 -8.114513671802098260e-01 2.113898504647745979e-01 8.097825329823484797e-01 -5.473267586264344287e-01 -1.718986405996771327e-01 -6.841172840282105927e-01 3.681178820919484562e-01
1.584057355316143036e+09 9.041525819038819245e-01 -3.738807860263226313e-01 -2.066912351399128045e-01 -3.767579289407999021e-01 -4.697535019679020540e-01 -7.983640213146645515e-01 2.013990363129352090e-01 7.997154528183108013e-01 -5.655913922675738226e-01 -1.813763631879033722e-01 -6.860750791084474498e-01 3.752275911806434716e-01
1.584057355316158056e+09 9.037598450911856762e-01 -3.736757023446201642e-01 -2.087692795523095057e-01 -3.828210170766186415e-01 -4.874388737896367396e-01 -7.847620106527229966e-01 1.914842330191613984e-01 7.891576610797748081e-01 -5.835785934863532143e-01 -1.907216097574080116e-01 -6.875827691691690502e-01 3.826168663547012683e-01
1.584057355316174030e+09 9.031126809480577444e-01 -3.739385264599839886e-01 -2.110863902446744045e-01 -3.890894787552608425e-01 -5.046706288673385998e-01 -7.706600638681071480e-01 1.816503873965137072e-01 7.781243698987041491e-01 -6.012699909689394051e-01 -1.999193067164722337e-01 -6.886642144377561614e-01 3.902615375145901955e-01
1.584057355316190004e+09 9.022150264599561043e-01 -3.746738116652979511e-01 -2.136061354194604134e-01 -3.955486088253548638e-01 -5.214348386855290896e-01 -7.560734139102586182e-01 1.718992271463408161e-01 7.666324048052787221e-01 -6.186480517388811551e-01 -2.089572525060787445e-01 -6.893441482257954833e-01 3.981394418241888666e-01
1.584057355316206932e+09 9.010717587489063263e-01 -3.758810838454615944e-01 -2.162940050003537007e-01 -4.021832436084535334e-01 -5.377186443671444493e-01 -7.410177448760146834e-01 1.622292339618934820e-01 7.546999871108107660e-01 -6.356961580931778100e-01 -2.178258342627388267e-01 -6.896475946453809458e-01 4.062304447446975497e-01
1.584057355316225052e+09 8.996886475866592292e-01 -3.775550549909990061e-01 -2.191175895751207858e-01 -4.089775929687400335e-01 -5.535105233957198223e-01 -7.255090827138435117e-01 1.526357299524916944e-01 7.423464697676139812e-01 -6.523986918110568078e-01 -2.265177109218531049e-01 -6.895993805167153212e-01 4.145164031023637063e-01
1.584057355316241980e+09 8.980722854955101031e-01 -3.796859531081568373e-01 -2.220467231102519479e-01 -4.159151284788853431e-01 -5.688005148084991358e-01 -7.095636549433528284e-01 1.431110622245675423e-01 7.295920446379379198e-01 -6.687411102821004816e-01 -2.350274827514546583e-01 -6.892237432082436444e-01 4.229810844540550230e-01
1.584057355316258907e+09 8.962300198691718345e-01 -3.822599214929031097e-01 -2.250535583196203171e-01 -4.229784885081364076e-01 -5.835804098840617904e-01 -6.931977377484103142e-01 1.336448650240849856e-01 7.164574361749128650e-01 -6.847100061439967966e-01 -2.433513632300648710e-01 -6.885440302476820706e-01 4.316100562604028301e-01
1.584057355316274881e+09 8.941699034030794468e-01 -3.852594483795521163e-01 -2.281125631989393276e-01 -4.301493783166808194e-01 -5.978439139100889532e-01 -6.764275032071288551e-01 1.242243791829674843e-01 7.029635924164115979e-01 -7.002931469498805406e-01 -2.514868655394725816e-01 -6.875824834138920538e-01 4.403905562590559875e-01
1.584057355316291094e+09 8.919006704537704167e-01 -3.886638013088937749e-01 -2.312004407500445613e-01 -4.374084587624809672e-01 -6.115867810597154230e-01 -6.592688750400992337e-01 1.148348137435537403e-01 6.891313800797860267e-01 -7.154794943624591674e-01 -2.594325117035090056e-01 -6.863600968743597264e-01 4.493113537879092623e-01
1.584057355316308022e+09 8.894317375107482215e-01 -3.924494577427650732e-01 -2.342959829634312929e-01 -4.447352325879946333e-01 -6.248069178544262137e-01 -6.417373983622474132e-01 1.054597430433836108e-01 6.749812876974446985e-01 -7.302592034112752595e-01 -2.671875698538477284e-01 -6.848965389973202811e-01 4.583626090485283799e-01
1.584057355316324949e+09 8.867732262915032360e-01 -3.965905226248649385e-01 -2.373798700468811307e-01 -4.521079348123914765e-01 -6.375044533273488412e-01 -6.238481284960818440e-01 9.608153105775024683e-02 6.605331404043972565e-01 -7.446236029890879182e-01 -2.747518240612881191e-01 -6.832101289421228518e-01 4.675357344580586272e-01
1.584057355316342115e+09 8.839359431026718728e-01 -4.010592439557532640e-01 -2.404344641177900144e-01 -4.595035444945700376e-01 -6.496816993106183658e-01 -6.056155400403669953e-01 8.668183941983344243e-02 6.458058319933440705e-01 -7.585651497330512250e-01 -2.821253793035001234e-01 -6.813178588290421667e-01 4.768232608928928973e-01
1.584057355316359043e+09 8.809312535509218334e-01 -4.058267137330101026e-01 -2.434436385380530088e-01 -4.668980203083631930e-01 -6.613429260365316642e-01 -5.870534668785811760e-01 7.724225103761073186e-02 6.308170993384644154e-01 -7.720773420766835482e-01 -2.893085010796412893e-01 -6.792354509104127080e-01 4.862187113439690456e-01
1.584057355316375971e+09 8.777709220561273895e-01 -4.108635910455008533e-01 -2.463926097769788826e-01 -4.742666313971922176e-01 -6.724940383133666266e-01 -5.681750882753762166e-01 6.774489597653279849e-02 6.155833641347763230e-01 -7.851546033622853749e-01 -2.963014865885211235e-01 -6.769774390393626939e-01 4.957164840529973415e-01
1.584057355316391945e+09 8.744668062004998799e-01 -4.161410111304335580e-01 -2.492678557608599688e-01 -4.815845629109558601e-01 -6.831420327602965026e-01 -5.489929617058719735e-01 5.817313652626956988e-02 6.001196731839860687e-01 -7.977921185093201917e-01 -3.031045644030708197e-01 -6.745572662617984605e-01 5.053117457141490521e-01
1.584057355316407919e+09 8.710303417616278576e-01 -4.216317374642006288e-01 -2.520571798229926386e-01 -4.888278857222326801e-01 -6.932941738091041861e-01 -5.295191090633792896e-01 4.851228776178669044e-02 5.844397888011905184e-01 -8.099856119175727898e-01 -3.097178205487701730e-01 -6.719873928659023665e-01 5.150003340659651263e-01
1.584057355316425085e+09 8.674718421311904404e-01 -4.273114499112045106e-01 -2.547499324653150765e-01 -4.959748190283136959e-01 -7.029569436650003889e-01 -5.097651561293538025e-01 3.875025408025686846e-02 5.685564706644712363e-01 -8.217310738834348038e-01 -3.161411479062733454e-01 -6.692794094418310635e-01 5.247786693948575110e-01
1.584057355316441059e+09 8.637997224914770733e-01 -4.331599337333904010e-01 -2.573373494821757923e-01 -5.030070631506885492e-01 -7.121349369882238323e-01 -4.897425100008055976e-01 2.887791604542271073e-02 5.524819486039412864e-01 -8.330244670734544554e-01 -3.223742136749681020e-01 -6.664441491423539476e-01 5.346436752503410661e-01
1.584057355316457987e+09 8.600197536951527111e-01 -4.391619859844402840e-01 -2.598129587359158110e-01 -5.099109950090517929e-01 -7.208298628557974208e-01 -4.694625503112708209e-01 1.888916655166508057e-02 5.362285511642961300e-01 -8.438614463373537156e-01 -3.284164400360720659e-01 -6.634917952134290475e-01 5.445927082310557665e-01
1.584057355316473007e+09 8.561343533597315369e-01 -4.453080456466110837e-01 -2.621730605658971758e-01 -5.166786912993575065e-01 -7.290396854070336774e-01 -4.489368187388824705e-01 8.780611799835399967e-03 5.198094668090137427e-01 -8.542370978735920328e-01 -3.342669941289605484e-01 -6.604319816547313815e-01 5.546234962441884964e-01
1.584057355316490889e+09 8.521418678792376245e-01 -4.515946400730352916e-01 -2.644173184028784096e-01 -5.233088357571124005e-01 -7.367578574408362169e-01 -4.281772087329210885e-01 -1.449004485796653169e-03 5.032396454521768092e-01 -8.641456821291852997e-01 -3.399247868467484279e-01 -6.572738873812037363e-01 5.647340833930470927e-01
1.584057355316508055e+09 8.480359011884528453e-01 -4.580245830391172501e-01 -2.665494172458665600e-01 -5.298073979907660380e-01 -7.439727174793859810e-01 -4.071961650619799755e-01 -1.179964054741262404e-02 4.865368199578330999e-01 -8.735803864668770791e-01 -3.453884794444802564e-01 -6.540263237492480730e-01 5.749227802688441358e-01
1.584057355316528082e+09 8.438047751593369394e-01 -4.646068370051189556e-01 -2.685777143271184664e-01 -5.361879366598194530e-01 -7.506671449840517374e-01 -3.860069095010729145e-01 -2.227101670880403048e-02 4.697226039316657609e-01 -8.825331027682524754e-01 -3.506564965955502600e-01 -6.506978151380211628e-01 5.851881188455487770e-01
1.584057355316545010e+09 8.394312551549449886e-01 -4.713559128555454558e-01 -2.705157509127492088e-01 -5.424713243314647215e-01 -7.568186137706020000e-01 -3.646237077988796482e-01 -3.286381494436390466e-02 4.528235743195819785e-01 -8.909942651437706695e-01 -3.557270457489099535e-01 -6.472966728401565728e-01 5.955288109271631436e-01
1.584057355316561937e+09 8.348924111857813912e-01 -4.782910438438168210e-01 -2.723827074723426112e-01 -5.486851300065345161e-01 -7.623994648687943965e-01 -3.430622162787383966e-01 -4.358084486271584373e-02 4.358723821695075218e-01 -8.989527110667602239e-01 -3.605981431882089305e-01 -6.438310625008876187e-01 6.059437091545719634e-01
1.584057355316581964e+09 8.301596828897770397e-01 -4.854350831367491570e-01 -2.742037220227724337e-01 -5.548625819989313479e-01 -7.673774610587547063e-01 -3.213399251837382176e-01 -5.442808269543396998e-02 4.189088355587038404e-01 -9.063955933345534399e-01 -3.652676478010999928e-01 -6.403090652215223111e-01 6.164317696143878367e-01
1.584057355316600084e+09 8.251992291279857117e-01 -4.928130769048525428e-01 -2.760099702636296115e-01 -5.610410399993438491e-01 -7.717166972445865802e-01 -2.994766949045510329e-01 -6.541547115452688022e-02 4.019808585172485182e-01 -9.133083848463859900e-01 -3.697333037722435600e-01 -6.367387320849225985e-01 6.269920152751593534e-01
1.584057355316617966e+09 8.199726557692178508e-01 -5.004504755320375864e-01 -2.778383802452654705e-01 -5.672599188250815327e-01 -7.753789510778796856e-01 -2.774953456916364192e-01 -7.655735410760444726e-02 3.851451725683480154e-01 -9.196750338520055523e-01 -3.739927927313111966e-01 -6.331281313094112573e-01 6.376234999420598015e-01
1.584057355316636086e+09 8.144381203479102993e-01 -5.083710767923451668e-01 -2.797309361009854833e-01 -5.735581786370045343e-01 -7.783254456377892705e-01 -2.554222319061722479e-01 -8.787243040164560703e-02 3.684675686410190942e-01 -9.254783018236738545e-01 -3.780437947652220410e-01 -6.294853868451044665e-01 6.483252729570518902e-01
1.584057355316653967e+09 8.085518295119713539e-01 -5.165947863007538388e-01 -2.817335016757892552e-01 -5.799714890212521734e-01 -7.805190122146272724e-01 -2.332876843182378201e-01 -9.938315298165253941e-02 3.520225824061928299e-01 -9.307003227091134034e-01 -3.818840569150381836e-01 -6.258187071968871473e-01 6.590963452042216675e-01
1.584057355316672087e+09 8.022697457658073406e-01 -5.251354826863590120e-01 -2.838943114248879684e-01 -5.865294555933353582e-01 -7.819264151330591606e-01 -2.111262162762836403e-01 -1.111145936898815800e-01 3.358925517567375452e-01 -9.353233350317028405e-01 -3.855114663359621718e-01 -6.221364033899940971e-01 6.699356574491359684e-01
1.584057355316689014e+09 7.955493918951024312e-01 -5.339991655381033375e-01 -2.862622162750818600e-01 -5.932531582942394133e-01 -7.825206812727191208e-01 -1.889763840139326301e-01 -1.230928731049815705e-01 3.201660112646727563e-01 -9.393305435963303918e-01 -3.889241245068442154e-01 -6.184468955311931415e-01 6.808420521946449977e-01
1.584057355316706896e+09 7.883515408366029709e-01 -5.431826189368711422e-01 -2.888849091804824298e-01 -6.001533364626937539e-01 -7.822831659851577912e-01 -1.668802597958380651e-01 -1.353433447667678480e-01 3.049355520181495915e-01 -9.427070003209254700e-01 -3.921204183123321863e-01 -6.147587081496487249e-01 6.918142502480986167e-01
1.584057355316725016e+09 7.806416314774157206e-01 -5.526727136101097226e-01 -2.918073252025999431e-01 -6.072294119377370514e-01 -7.812051524175294137e-01 -1.448825430293311234e-01 -1.478887577230759975e-01 2.902953352195333792e-01 -9.454403915637681344e-01 -3.950990830738000392e-01 -6.110804553828775854e-01 7.028508331975173995e-01
1.584057355316742897e+09 7.723908371989425259e-01 -5.624463505662111729e-01 -2.950703264522661629e-01 -6.144693686640263497e-01 -7.792888844108005753e-01 -1.230293857905263022e-01 -1.607475964457094897e-01 2.763384474721432005e-01 -9.475216477722079311e-01 -3.978592541416680062e-01 -6.074208179635407490e-01 7.139502322809018198e-01
1.584057355316761017e+09 7.635767364430864346e-01 -5.724709960212841509e-01 -2.987097696495771837e-01 -6.218504343148970603e-01 -7.765479735049622967e-01 -1.013670673754624996e-01 -1.739327602355049684e-01 2.631543344548345487e-01 -9.489453047915030748e-01 -4.004005041601239601e-01 -6.037885145734432912e-01 7.251107237935271455e-01
1.584057355316778898e+09 7.541834917569408825e-01 -5.827057366425847373e-01 -3.027561484956335369e-01 -6.293405175767209370e-01 -7.730071088074526031e-01 -7.994074574332751815e-02 -1.874507238582571178e-01 2.508267019269483922e-01 -9.497095303495760588e-01 -4.027228646806210732e-01 -6.001922704651766471e-01 7.363304305768721969e-01
1.584057355316795111e+09 7.442017074028475232e-01 -5.931026022267396058e-01 -3.072346369427369495e-01 -6.369000434421560053e-01 -7.687012895700851001e-01 -5.879338599927139142e-02 -2.013011513606008385e-01 2.394318918352364434e-01 -9.498158852874819535e-01 -4.048268331780237039e-01 -5.966407860292101129e-01 7.476073284322626300e-01
1.584057355316809893e+09 7.336280906227544696e-01 -6.036079776357521354e-01 -3.121653955685477211e-01 -6.444839264321927663e-01 -7.636747559125215412e-01 -3.796493004189317039e-02 -2.154768975934166220e-01 2.290377189443302541e-01 -9.492688924723285959e-01 -4.067133680873086798e-01 -5.931427073410373563e-01 7.589392559781620307e-01
1.584057355316826105e+09 7.224649712994742901e-01 -6.141639891015183705e-01 -3.175641036750517232e-01 -6.520435337251501151e-01 -7.579797280532019066e-01 -1.749177372950769596e-02 -2.299643353847774796e-01 2.197028141247425181e-01 -9.480754601971582707e-01 -4.083838750073359170e-01 -5.897065999704113048e-01 7.703239265112078460e-01
1.584057355316842079e+09 7.107197953692890868e-01 -6.247097595150765681e-01 -3.234425591100065778e-01 -6.595284659249640580e-01 -7.516751137522633686e-01 2.593484292706227379e-03 -2.447438973319663591e-01 2.114763341735100555e-01 -9.462442523548773021e-01 -4.098401864578035680e-01 -5.863409268748558389e-01 7.817589408072911361e-01
1.584057355316859961e+09 6.984046409484909734e-01 -6.351824918956940902e-01 -3.298092777615042603e-01 -6.668880886340894376e-01 -7.448252669013736282e-01 2.226205704466116542e-02 -2.597907521753975990e-01 2.043979548776388433e-01 -9.437850610373776927e-01 -4.110845370327184667e-01 -5.830540308880858280e-01 7.932418000678411740e-01
1.584057355316876888e+09 6.855357674639841470e-01 -6.455183640617316865e-01 -3.366700957813314465e-01 -6.740728049896242968e-01 -7.374988381559896000e-01 4.148876296754241966e-02 -2.750755628501022620e-01 1.984981248317473079e-01 -9.407082063383556125e-01 -4.121195363483025620e-01 -5.798541217064533404e-01 8.047699182154387509e-01
1.584057355316891909e+09 6.721332293723460971e-01 -6.556532280574270954e-01 -3.440287294953079389e-01 -6.810350559734104081e-01 -7.297677651589097314e-01 6.025165251555898716e-02 -2.905652675136004004e-01 1.937984872422072458e-01 -9.370239975415403100e-01 -4.129481413392850353e-01 -5.767492671307615781e-01 8.163406330685420986e-01
