1.584005329993545055e+09 -9.841763237610957893e-02 8.660026668806387606e-01 4.902584530855170764e-01 1.596737614280339113e-01 -4.725250718385641258e-01 8.667319923954649452e-01 9.822516275482926495e-01 1.635831218664137721e-01 -9.177310448339064120e-02 -3.624087797669908184e-01 1.370204318019606404e+00 1.813537748956251638e+00
1.584005329993587971e+09 -8.160006696941436710e-02 8.746959070991726648e-01 4.777535969558396323e-01 1.585313296188490817e-01 -4.618582932403159647e-01 8.726710346637748250e-01 9.839762430423111272e-01 1.469489278213551298e-01 -1.009790375699397141e-01 -3.715019707399410120e-01 1.387329749523347866e+00 1.822716844419149274e+00
1.584005329993603945e+09 -6.566202466252225867e-02 8.833364953567617306e-01 4.641175871711638035e-01 1.571602721370028710e-01 -4.501611288325017002e-01 8.790083089483641254e-01 9.853878158623420314e-01 1.306583115593507594e-01 -1.092669129200056904e-01 -3.803866531933942641e-01 1.404625019486871906e+00 1.831780970100568284e+00
1.584005329993616104e+09 -5.056685786681182349e-02 8.918521560460247466e-01 4.494916293810831687e-01 1.556469646051069078e-01 -4.375307901306821901e-01 8.856301882590925656e-01 9.865176205038909130e-01 1.147455435750389663e-01 -1.166895237532662583e-01 -3.890393641958522775e-01 1.422096825284491217e+00 1.840730211088377422e+00
1.584005329993627071e+09 -3.615793308061563543e-02 9.001488293708844735e-01 4.340791277077388766e-01 1.541234729290407168e-01 -4.241434769470597832e-01 8.923834749288841461e-01 9.873897706765156768e-01 9.916852465061663791e-02 -1.233979123447417753e-01 -3.974357368680202507e-01 1.439750589824821292e+00 1.849565811989522413e+00
1.584005329993638039e+09 -2.220487638263127922e-02 9.081310081021892744e-01 4.180968976853242092e-01 1.527126257124563902e-01 -4.102113956934352879e-01 8.991137108688844748e-01 9.880211524461068873e-01 8.381338384695379007e-02 -1.295743774722593056e-01 -4.055508047787560466e-01 1.457590213698251036e+00 1.858290249658401061e+00
1.584005329993648052e+09 -8.457559522958253001e-03 9.157118799944751197e-01 4.017464658222978935e-01 1.514927739691233066e-01 -3.959501765153543573e-01 9.056894597160627391e-01 9.884221817578174862e-01 6.852160905498833054e-02 -1.353749607405236033e-01 -4.133593162070996474e-01 1.475617874561945042e+00 1.866907262646489318e+00
1.584005329993657112e+09 5.309160123126909110e-03 9.228177603167141418e-01 3.852002003516414308e-01 1.504889340031135836e-01 -3.815559896630077441e-01 9.120132168922698845e-01 9.885974377042826555e-01 5.312634333321481633e-02 -1.408996029499935410e-01 -4.208360527469339196e-01 1.493833874506221182e+00 1.875421842878336465e+00
1.584005329993669033e+09 1.926876364196345587e-02 9.293899152348534809e-01 3.685961211273410254e-01 1.496832932171140718e-01 -3.671911920685685393e-01 9.180226252610849125e-01 9.885462188308691278e-01 3.748352030762495957e-02 -1.461894635694813982e-01 -4.279561458204336755e-01 1.512236535913148883e+00 1.883840194709141880e+00
1.584005329993680954e+09 3.353435785981987577e-02 9.353850305424054046e-01 3.520373443271035407e-01 1.490339406990355831e-01 -3.529773537156257746e-01 9.236860248903182580e-01 9.882632906583096455e-01 2.149029500982998706e-02 -1.512409861584861903e-01 -4.346953842585413730e-01 1.530822145558299541e+00 1.892169666431380959e+00
1.584005329993693113e+09 4.846366212050284145e-02 9.408805479608493005e-01 3.352537371059844395e-01 1.484843154367121720e-01 -3.387051981612791418e-01 9.291023609387002447e-01 9.877265217774140460e-01 4.752218776824328715e-03 -1.561208984434188374e-01 -4.410305087499424848e-01 1.549584944533234365e+00 1.900418659829572698e+00
1.584005329993702888e+09 6.357223767731708108e-02 9.458033567981677381e-01 3.184565609102494865e-01 1.481024946843328416e-01 -3.245096857553373404e-01 9.342157755108273509e-01 9.869266548044384191e-01 -1.222597618167004484e-02 -1.607056435832838748e-01 -4.470012986699833379e-01 1.568493591146133070e+00 1.908606154609901573e+00
1.584005329993711948e+09 7.889051600988455926e-02 9.501364019807377881e-01 3.016904115737835124e-01 1.478877206045885462e-01 -3.104395711616438902e-01 9.390189002599474977e-01 9.858526811221250963e-01 -2.946337826630671813e-02 -1.650042448000822448e-01 -4.526032996097790750e-01 1.587537136018841721e+00 1.916741466769262603e+00
1.584005329993721962e+09 9.445371739087775331e-02 9.538604227900580046e-01 2.850066480392745016e-01 1.478416519211824265e-01 -2.965518887720972607e-01 9.435040135139675099e-01 9.844903968678019313e-01 -4.698160777183776893e-02 -1.690307289898572707e-01 -4.578318397484965052e-01 1.606704738723641945e+00 1.924833913515910711e+00
1.584005329993731022e+09 1.102998276168794950e-01 9.569543662163616515e-01 2.684628267151620840e-01 1.479693876742319281e-01 -2.829115286794810502e-01 9.476635096623692300e-01 9.828219618194624640e-01 -6.480284164822865123e-02 -1.728050445335704011e-01 -4.626821262182049255e-01 1.625985572355842734e+00 1.932892852365894365e+00
1.584005329993741035e+09 1.264669815171882150e-01 9.593960377908399284e-01 2.521216880356298984e-01 1.482802041345858968e-01 -2.695903576034170412e-01 9.514904205734887599e-01 9.808257153757372615e-01 -8.294746603879729618e-02 -1.763537191896085987e-01 -4.671493578905581145e-01 1.645368740172405086e+00 1.940927711814523837e+00
1.584005329993750095e+09 1.429903588853608798e-01 9.611630154727661690e-01 2.360496034182263114e-01 1.487878858010566463e-01 -2.566657668531569514e-01 9.549789785427634792e-01 9.784763270504511778e-01 -1.014314654069824462e-01 -1.797101431857485720e-01 -4.712288521463163238e-01 1.664843206246183316e+00 1.948948012154123388e+00
1.584005329993761063e+09 1.598990047695534877e-01 9.622337425575654413e-01 2.203146233869515969e-01 1.495105470313817242e-01 -2.442187961854054012e-01 9.581251359870357476e-01 9.757453073893440632e-01 -1.202638958001875091e-01 -1.829144357649981900e-01 -4.749161805008083603e-01 1.684397742366461559e+00 1.956963375309089592e+00
1.584005329993771076e+09 1.772128811983509911e-01 9.625887377620138130e-01 2.049841871752040856e-01 1.504699422251711549e-01 -2.323318804647828417e-01 9.609269972794493020e-01 9.726018669091069935e-01 -1.394446829792934939e-01 -1.860128737757566764e-01 -4.782073064552030406e-01 1.704020892898908235e+00 1.964983523244921093e+00
1.584005329993779898e+09 1.949405574318544554e-01 9.622117911226107934e-01 1.901227193513231051e-01 1.516903379268172147e-01 -2.210864523333143927e-01 9.633850851390447501e-01 9.690140456863194363e-01 -1.589630459425739883e-01 -1.890569480973452177e-01 -4.810987178595702018e-01 1.723700958419884133e+00 1.973018265366514035e+00
1.584005329993789911e+09 2.130778016337016578e-01 9.610910270338612893e-01 1.757893299569496248e-01 1.531971012791838727e-01 -2.105606181170108504e-01 9.655023948970220538e-01 9.649499981339368926e-01 -1.787967119599326304e-01 -1.921021531118887182e-01 -4.835875446511997411e-01 1.743425997830164942e+00 1.981077476323191977e+00
1.584005329993798971e+09 2.316071464718608974e-01 9.592197549428139736e-01 1.620357730606939162e-01 1.550151891596868448e-01 -2.008270504923788669e-01 9.672842328986682725e-01 9.603793110638336739e-01 -1.989119349639314194e-01 -1.952066119424549218e-01 -4.856716556310642918e-01 1.763183846887101724e+00 1.989171066493657714e+00
1.584005329993808031e+09 2.504984007278487912e-01 9.565970431950521213e-01 1.489048303583209720e-01 1.571677196072913951e-01 -1.919512599580564249e-01 9.687378499924557129e-01 9.552742325798582179e-01 -2.192642494865325031e-01 -1.984296595841006372e-01 -4.873497288411682837e-01 1.782962150006996316e+00 1.997308948022664676e+00
1.584005329993817091e+09 2.697100515135943954e-01 9.532279414350736113e-01 1.364293960286888097e-01 1.596748140794446158e-01 -1.839905517979229521e-01 9.698718631302991611e-01 9.496106792492537974e-01 -2.397998516834080607e-01 -2.018305956117102395e-01 -4.886212929915067504e-01 1.802748401214965712e+00 2.005500999507385806e+00
1.584005329993827105e+09 2.891911715572955677e-01 9.491234363993973355e-01 1.246321350675038270e-01 1.625527828325654400e-01 -1.769935128947651426e-01 9.706955699294225193e-01 9.433689942794352135e-01 -2.604572886684268784e-01 -2.054676172740853846e-01 -4.894867417965991785e-01 1.822529989762109448e+00 2.013757032010925929e+00
1.584005329993835926e+09 3.088835367174105895e-01 9.443002161521626414e-01 1.135256043396800918e-01 1.658136607476448643e-01 -1.709999050383420316e-01 9.712182363817052355e-01 9.365344579530795466e-01 -2.811692276922355127e-01 -2.093969312145587125e-01 -4.899473260048344825e-01 1.842294246447724104e+00 2.022086758275045693e+00
1.584005329993845940e+09 3.287237669320159372e-01 9.387802911286639018e-01 1.031128040699757220e-01 1.694650844979694593e-01 -1.660409477950838264e-01 9.714483975412452343e-01 9.290975570235057157e-01 -3.018641565212317746e-01 -2.136720872675468841e-01 -4.900051289138498412e-01 1.862028487675396971e+00 2.030499766166124154e+00
1.584005329993855953e+09 3.486452919497083913e-01 9.325905563608912763e-01 9.338798053578482861e-02 1.735104352110253545e-01 -1.621398026787140290e-01 9.713932332244420431e-01 9.210540644006018907e-01 -3.224678882026735804e-01 -2.183434722308665032e-01 -4.896630297753849503e-01 1.881720055199410213e+00 2.039005496964302999e+00
1.584005329993865013e+09 3.685800566089635355e-01 9.257623424850489613e-01 8.433758016148193426e-02 1.779491792650458593e-01 -1.593121662686264040e-01 9.710580433587587823e-01 9.124049713484552182e-01 -3.429048253715902828e-01 -2.234579363819842457e-01 -4.889246584988640731e-01 1.901356350161443665e+00 2.047613228826253629e+00
1.584005329993874073e+09 3.884599393836451475e-01 9.183309817078321169e-01 7.594131846597232394e-02 1.827773628940928541e-01 -1.575669571953019210e-01 9.704458201814988305e-01 9.031563050643282020e-01 -3.630989705069271878e-01 -2.290585658209515763e-01 -4.877943461130655467e-01 1.920924860789422706e+00 2.056332065073096516e+00
1.584005329993884087e+09 4.082178639666503850e-01 9.103354216516947872e-01 6.817327882317693322e-02 1.879882010979630758e-01 -1.569070179510634877e-01 9.695569216192019280e-01 8.933188747887589320e-01 -3.829746834337413031e-01 -2.351845660998243825e-01 -4.862770738846007301e-01 1.940413183618715731e+00 2.065170926881778168e+00
