1.586177203822020054e+09 8.861898650925968957e-01 -4.604935335250322503e-01 -5.111974926670456026e-02 -2.113816411953024083e-02 7.003432129865740097e-02 -9.973205965192295519e-01 4.628398224166738739e-01 8.848959824503228599e-01 5.232971785213118981e-02 9.267091289097371953e-02 -7.497005598668810000e-01 2.904585655915454812e-01
1.586177203822115898e+09 8.844132464018611417e-01 -4.649919439097955909e-01 -3.994623717206536445e-02 -2.704927290034122439e-02 3.437751083416983044e-02 -9.990428038717835690e-01 4.659201075457075625e-01 8.846472060545771399e-01 1.782623197247494226e-02 8.629594181624379579e-02 -7.603907595080872106e-01 2.852223074665145575e-01
1.586177203822143078e+09 8.828896893529378787e-01 -4.686951144912602785e-01 -2.882162838420378181e-02 -3.332091475582132922e-02 -1.308084535275914461e-03 -9.994438483168046616e-01 4.683967477109161059e-01 8.833590317061901231e-01 -1.677224430235469896e-02 7.941583385131661954e-02 -7.709877121945256651e-01 2.804570444153616227e-01
1.586177203822155952e+09 8.817059695569124944e-01 -4.714577053702663223e-01 -1.795036133148087201e-02 -4.008935323432748221e-02 -3.695636513439333470e-02 -9.985124291750850922e-01 4.700929984575117349e-01 8.811139877742409920e-01 -5.148508223155549846e-02 7.201096891763193730e-02 -7.814368143638293907e-01 2.761764763342636209e-01
1.586177203822166920e+09 8.809195301676101542e-01 -4.732057401969841370e-01 -7.557049254082747608e-03 -4.748183890643992849e-02 -7.248232726672189374e-02 -9.962388205608657676e-01 4.708781759015004398e-01 8.779650562559543348e-01 -8.631977639816071357e-02 6.406936100717228189e-02 -7.916806960702403861e-01 2.723906111194276392e-01
1.586177203822176933e+09 8.805581646127386142e-01 -4.739332947676774821e-01 2.133313979889235254e-03 -5.560781272585636759e-02 -1.077862206271666401e-01 -9.926177019338686680e-01 4.706645196951668719e-01 8.739389927692341464e-01 -1.212664304955632100e-01 5.558720290762372146e-02 -8.016607021569013281e-01 2.691055697832368532e-01
1.586177203822186947e+09 8.806217609146690384e-01 -4.736942342495102376e-01 1.091269138523783336e-02 -6.455273921099979884e-02 -1.427597424713945296e-01 -9.876500393244365128e-01 4.694020220167937629e-01 8.690416725909787532e-01 -1.562955961608485933e-01 4.656908301829607716e-02 -8.113184784029092711e-01 2.663235029767178630e-01
1.586177203822196960e+09 8.810858153760122713e-01 -4.725904252625494628e-01 1.860312051922631896e-02 -7.437502012627397741e-02 -1.772926993676799956e-01 -9.813438008782953137e-01 4.670718815588058015e-01 8.632644954103751989e-01 -1.913590049612744759e-01 3.702785753423509102e-02 -8.205975759850983042e-01 2.640426285155182962e-01
1.586177203822207928e+09 8.819061776052519175e-01 -4.707581774357262883e-01 2.506456638389949546e-02 -8.510600413120011920e-02 -2.112787955564134623e-01 -9.737136329544456848e-01 4.636792665089219945e-01 8.565909229408694703e-01 -2.263924223795488189e-01 2.698418969326468742e-02 -8.294449868415678662e-01 2.622573886706615620e-01
1.586177203822221994e+09 8.830242567828333611e-01 -4.683548454754454804e-01 3.019769642689150782e-02 -9.675240544125487951e-02 -2.446197595169485872e-01 -9.647798431188645552e-01 4.592462674972480619e-01 8.490023040701148993e-01 -2.613196392277541968e-01 1.646579185184436633e-02 -8.378125302656200812e-01 2.609587171724134236e-01
1.586177203822232962e+09 8.843720262209419092e-01 -4.655470236770556380e-01 3.394242478072488634e-02 -1.093003170179033673e-01 -2.772275575456993879e-01 -9.545670863958655161e-01 4.538056414087833779e-01 8.404825104803301805e-01 -2.960567340475234177e-01 5.506423770229839851e-03 -8.456580242577217410e-01 2.601343998652360656e-01
1.586177203822242022e+09 8.858577225217599826e-01 -4.625193360280349664e-01 3.649601985752416733e-02 -1.225355525788850014e-01 -3.091080601866946220e-01 -9.430998069531486561e-01 4.474831103412867939e-01 8.309801870480453267e-01 -3.305008246064222166e-01 -5.869522751931994381e-03 -8.529250905254549542e-01 2.597929143831979037e-01
1.586177203822259903e+09 8.874200801779156267e-01 -4.594034494203022012e-01 3.786914541476023993e-02 -1.364163532525960731e-01 -3.402068076114674322e-01 -9.304030884586190764e-01 4.403137291767474371e-01 8.204924125500729915e-01 -3.645764957027102238e-01 -1.761263994161342203e-02 -8.595900074801047230e-01 2.599236981897169452e-01
1.586177203822269917e+09 8.889996143437192133e-01 -4.563210296120741583e-01 3.808941909756301952e-02 -1.508963176388107841e-01 -3.704756757001631540e-01 -9.165031780800406702e-01 4.323308770611010154e-01 8.090234186865051802e-01 -3.982098958200569472e-01 -2.967200418161408323e-02 -8.656366953226946048e-01 2.605138879949648878e-01
1.586177203822278976e+09 8.905395565082856457e-01 -4.533825544132433771e-01 3.719620766211389346e-02 -1.659274246773200234e-01 -3.998711675733307436e-01 -9.014272790839833460e-01 4.235650933164497589e-01 7.965847783070582055e-01 -4.313296918436795302e-01 -4.199647573220056940e-02 -8.710566204827373538e-01 2.615487000558264774e-01
1.586177203822288990e+09 8.919861924601072412e-01 -4.506872691418699062e-01 3.523660186026886243e-02 -1.814620644638954006e-01 -4.283529469907844112e-01 -8.852035203037046385e-01 4.140436593704836521e-01 7.831952110230328001e-01 -4.638675564623240821e-01 -5.453587711566404428e-02 -8.758484549532385977e-01 2.630118333692540444e-01
1.586177203822299004e+09 8.932888604870832250e-01 -4.483236899985416080e-01 3.226268638031858094e-02 -1.974540821333143903e-01 -4.558828020047188678e-01 -8.678610238272466137e-01 4.037906603975618958e-01 7.688801858238843989e-01 -4.957583713824419425e-01 -6.724200932422091936e-02 -8.800175303104293967e-01 2.648858767796915537e-01
1.586177203822309017e+09 8.943998234232952704e-01 -4.463702202643972106e-01 2.832988771927332644e-02 -2.138590324200816128e-01 -4.824240678823259465e-01 -8.494300049877420156e-01 3.928272780248995844e-01 7.536714440110435786e-01 -5.269403044885617726e-01 -8.006947911442324761e-02 -8.835751341104414180e-01 2.671527022519171735e-01
1.586177203822319984e+09 8.952741559449772790e-01 -4.448956274745903272e-01 2.349609686083843282e-02 -2.306338698487797323e-01 -5.079414662627464994e-01 -8.299418565915851476e-01 3.811721448709126103e-01 7.376064993152875449e-01 -5.573548676695991855e-01 -9.297632559758611803e-02 -8.865376962676944084e-01 2.697938313780806063e-01
1.586177203822329044e+09 8.958697178514718473e-01 -4.439592907551567214e-01 1.782125151602104857e-02 -2.477363015754289466e-01 -5.324012732493774713e-01 -8.094291874632579820e-01 3.688416649061231900e-01 7.207281267722003282e-01 -5.869470111358913167e-01 -1.059244466073529511e-01 -8.889259090754524362e-01 2.727907674195570453e-01
1.586177203822338104e+09 8.961472367088754165e-01 -4.436112242831642960e-01 1.136714765162012523e-02 -2.651239677501709413e-01 -5.557717352362815388e-01 -7.879257962715264796e-01 3.558502664299536544e-01 7.030838216934299778e-01 -6.156652726338672776e-01 -1.188798344082363512e-01 -8.907638229012991848e-01 2.761252873897877547e-01
1.586177203822348118e+09 8.960704616522864319e-01 -4.438920041228065494e-01 4.197218935357009684e-03 -2.827536768201517337e-01 -5.780235870911941687e-01 -7.654665841198908804e-01 3.422105875867910152e-01 6.847252162475919723e-01 -6.434619587441309241e-01 -1.318126383502865318e-01 -8.920779592351887333e-01 2.797796890680332993e-01
1.586177203822356939e+09 8.956063538941093638e-01 -4.448326959011738579e-01 -3.623774066894932915e-03 -3.005807620034763872e-01 -5.991306070789859106e-01 -7.420874083070239102e-01 3.279336284042730365e-01 6.657074347191428432e-01 -6.702933291432255913e-01 -1.446970791562948166e-01 -8.928964758948975122e-01 2.837369910942944551e-01
1.586177203822366953e+09 8.947253204252273440e-01 -4.464547896027359353e-01 -1.203004769091593242e-02 -3.185584814246080199e-01 -6.190702359585974479e-01 -7.178248653089933651e-01 3.130289046813836129e-01 6.460883562729142771e-01 -6.961197749634607801e-01 -1.575112437329621862e-01 -8.932484109101316294e-01 2.879810871911511194e-01
1.586177203822376013e+09 8.934014233085608714e-01 -4.487702927671405329e-01 -2.095522313474925194e-02 -3.366376280536721444e-01 -6.378241198055381034e-01 -6.927160312609693671e-01 2.975046293346580994e-01 6.259278048170171527e-01 -7.209059432783447852e-01 -1.702367912871993738e-01 -8.931630250799157400e-01 2.924968564984341546e-01
1.586177203822386026e+09 8.916125132319853153e-01 -4.517820739735348701e-01 -3.033288810859914239e-02 -3.547664088282343475e-01 -6.553784921147240983e-01 -6.667981910846856319e-01 2.813679471540372345e-01 6.052867006858708709e-01 -7.446207683510970288e-01 -1.828586009031001602e-01 -8.926692535868189227e-01 2.972702342819282251e-01
1.586177203822396040e+09 8.893402974565043362e-01 -4.554844159543111060e-01 -4.009716148845179906e-02 -3.728904952223331404e-01 -6.717244248789634442e-01 -6.401085657817188190e-01 2.646252334281736784e-01 5.842261926341801859e-01 -7.672374091804287088e-01 -1.953643875462992008e-01 -8.917952679086265100e-01 3.022882491484097378e-01
1.586177203822406054e+09 8.865703599466099316e-01 -4.598637253351038900e-01 -5.018317648129732439e-02 -3.909531756229934762e-01 -6.868579723689094418e-01 -6.126840463540953463e-01 2.472824531024868655e-01 5.628067876532973912e-01 -7.887331034840840971e-01 -2.077443088135737803e-01 -8.905681426530189793e-01 3.075390335425816635e-01
1.586177203822416067e+09 8.832921527335153566e-01 -4.648993468120521944e-01 -6.052743567849053902e-02 -4.088955644187691196e-01 -7.007802240981476638e-01 -5.845609423360973445e-01 2.293455702646374217e-01 5.410874930724436371e-01 -8.090889534613662226e-01 -2.199905799959194497e-01 -8.890136185287809134e-01 3.130118135131674251e-01
1.586177203822424889e+09 8.794989729616471408e-01 -4.705644407034372256e-01 -7.106802320005545237e-02 -4.266568465445478853e-01 -7.134972729062925012e-01 -5.557747540552788745e-01 2.108209954966517863e-01 5.191249839987643888e-01 -8.282896590074789733e-01 -2.320971098620960016e-01 -8.871559492017602189e-01 3.186968836975715980e-01
1.586177203822433949e+09 8.751879302404560468e-01 -4.768269006716994718e-01 -8.174468651809985165e-02 -4.441745602131420001e-01 -7.250200896735272682e-01 -5.263599814029487067e-01 1.917160585640153569e-01 4.969728128124555888e-01 -8.463232104737512529e-01 -2.440591657239932488e-01 -8.850178200053040456e-01 3.245855717371002869e-01
1.586177203822443962e+09 8.703599092838886220e-01 -4.836502872376179374e-01 -9.249880098144683260e-02 -4.613849164930889368e-01 -7.353643023116062105e-01 -4.963499794617605709e-01 1.720394938345952141e-01 4.746806746096742247e-01 -8.631805547426814051e-01 -2.558730740485721800e-01 -8.826203282975988440e-01 3.306701939390736533e-01
1.586177203822453022e+09 8.650194430944155854e-01 -4.909948808367438633e-01 -1.032733764211928307e-01 -4.782233164262130742e-01 -7.445497403901717437e-01 -4.657769252598310539e-01 1.518019202590285555e-01 4.522938330136253571e-01 -8.788552019508996116e-01 -2.675359603541655473e-01 -8.799830149863487883e-01 3.369440034079690394e-01
1.586177203822462082e+09 8.591744100693647912e-01 -4.988189195145257271e-01 -1.140132397268612402e-01 -4.946251803027181815e-01 -7.525996391438948274e-01 -4.346719620176150989e-01 1.310162753113771616e-01 4.298528457481958220e-01 -8.933427488810515849e-01 -2.790455288114711552e-01 -8.771239351842819998e-01 3.434011328276890818e-01
1.586177203822478056e+09 8.528356480372479842e-01 -5.070798130285191219e-01 -1.246652352203451164e-01 -5.105268559359387170e-01 -7.595397042342233451e-01 -4.030654629873591244e-01 1.096981636753377176e-01 4.073935458638315854e-01 -9.066403984201208965e-01 -2.903998790832911792e-01 -8.740597558239359133e-01 3.500365347359077339e-01
1.586177203822488070e+09 8.460163401281491913e-01 -5.157354657786918928e-01 -1.351787031706628561e-01 -5.258668166765998464e-01 -7.653968682808724999e-01 -3.709875005138476567e-01 8.786605526602803140e-02 3.849474816936823696e-01 -9.187464247779807414e-01 -3.015973573468982982e-01 -8.708058709920427631e-01 3.568459207411304179e-01
1.586177203822496891e+09 8.387310849792809497e-01 -5.247457087792385400e-01 -1.455063861964400740e-01 -5.405871934012792535e-01 -7.701977162004793875e-01 -3.384685578947536078e-01 6.554123692904613441e-02 3.625429896900214111e-01 -9.296595760067628555e-01 -3.126364389441014802e-01 -8.673765286465812130e-01 3.638256995556342077e-01
1.586177203822506905e+09 8.309946894752158197e-01 -5.340736705581925481e-01 -1.556057219294442739e-01 -5.546354507221260555e-01 -7.739667750244000333e-01 -3.055404201637722528e-01 4.274743488454205154e-02 3.402069162559508975e-01 -9.393784707534288403e-01 -3.235156391703003509e-01 -8.637849626042611861e-01 3.709729143651671612e-01
1.586177203822515965e+09 8.228208509371260915e-01 -5.436868179363958387e-01 -1.654402958229789777e-01 -5.679658473954081188e-01 -7.767250272146859480e-01 -2.722370817578349533e-01 1.951009439333505763e-02 3.179667850444968802e-01 -9.479010919910748623e-01 -3.342334467852741686e-01 -8.600435232131471430e-01 3.782851817934633765e-01
1.586177203822525978e+09 8.142208944314565100e-01 -5.535574942344819727e-01 -1.749812443228559444e-01 -5.805404012534199909e-01 -7.784889346112844333e-01 -2.385955188044530106e-01 -4.144624978399475551e-03 2.958531384876310621e-01 -9.552244463493642090e-01 -3.447882750829213139e-01 -8.561638022646054225e-01 3.857606342012279144e-01
1.586177203822535992e+09 8.052025969924786475e-01 -5.636629885316878363e-01 -1.842086137312496097e-01 -5.923293353594017985e-01 -7.792700182785733398e-01 -2.046562910786327294e-01 -2.819107316881608316e-02 2.739019427774825877e-01 -9.613443657238303075e-01 -3.551784261974760271e-01 -8.521567497460914575e-01 3.933978662693889405e-01
1.586177203822547913e+09 7.957690544126164722e-01 -5.739852447946426350e-01 -1.931127935015664043e-01 -6.033110915618380421e-01 -7.790749296004748636e-01 -1.704640174926641272e-01 -5.260550522057287626e-02 2.521570802276009160e-01 -9.662553845046464307e-01 -3.654020673350799053e-01 -8.480327829614854318e-01 4.011958841958604416e-01
1.586177203822561979e+09 7.859176830385010692e-01 -5.845101878069435264e-01 -2.016958999434052824e-01 -6.134718111696250142e-01 -7.779061117637641187e-01 -1.360676984963838376e-01 -7.736751730562070606e-02 2.306727593594121162e-01 -9.699506924210744563e-01 -3.754572173512601974e-01 -8.438018879331425914e-01 4.091540566710035187e-01
1.586177203822576046e+09 7.756394870111734674e-01 -5.952266475642363774e-01 -2.099729135750095510e-01 -6.228041933628470916e-01 -7.757631417021544351e-01 -1.015208604145830390e-01 -1.024613257263012056e-01 2.095155991398809092e-01 -9.724221772564157762e-01 -3.853417419058893789e-01 -8.394737127762091911e-01 4.172720673800984770e-01
1.586177203822585106e+09 7.649187801254727637e-01 -6.061248695319473301e-01 -2.179722518187413027e-01 -6.313056577601731112e-01 -7.726448310154702126e-01 -6.688147709441874533e-02 -1.278766071128079607e-01 1.887660136626383989e-01 -9.736606009343684587e-01 -3.950533565884635778e-01 -8.350576533945583968e-01 4.255498680257027155e-01
1.586177203822602987e+09 7.537332046606229907e-01 -6.171948456190043952e-01 -2.257360825168521767e-01 -6.389761914423212064e-01 -7.685517695687136275e-01 -3.221187135087896086e-02 -1.536088647232866922e-01 1.685191392846317193e-01 -9.736557999343670167e-01 -4.045896379999474601e-01 -8.305629318315267406e-01 4.339876306820896201e-01
1.586177203822613001e+09 7.420541400346362115e-01 -6.284244848566602482e-01 -2.333202098121636425e-01 -6.458159534292490234e-01 -7.634892871170381179e-01 2.421393616822850592e-03 -1.796591437074052944e-01 1.488851085843775346e-01 -9.723969441009068237e-01 -4.139480434198833381e-01 -8.259986674734637324e-01 4.425856980579501720e-01
1.586177203822623014e+09 7.298475976862494052e-01 -6.397976685287474208e-01 -2.407933298774782294e-01 -6.518227654008006411e-01 -7.574707612031142956e-01 3.694764973429472132e-02 -2.060329270407839364e-01 1.299884207629986577e-01 -9.698729008561847165e-01 -4.231259399742069438e-01 -8.213739408922390295e-01 4.513445303215203319e-01
1.586177203822634935e+09 7.170756929760612186e-01 -6.512922766477416969e-01 -2.482354147550215606e-01 -6.569896781835675714e-01 -7.505211284169007735e-01 7.129234849080998138e-02 -2.327380795558967597e-01 1.119660950492467610e-01 -9.660727613677441150e-01 -4.321206437065843176e-01 -8.166978494593630789e-01 4.602646478887252313e-01
1.586177203822644949e+09 7.036986444973715171e-01 -6.628783600968962686e-01 -2.557352100601438805e-01 -6.613029427140334482e-01 -7.426802955898965664e-01 1.053774021957483986e-01 -2.597819009602423956e-01 9.496451187857543608e-02 -9.609865273716322598e-01 -4.409294680208963313e-01 -8.119795533811152710e-01 4.693465705955371381e-01
1.586177203822655916e+09 6.896772431779033541e-01 -6.745166462049476674e-01 -2.633867772908333182e-01 -6.647406724880458029e-01 -7.340061156268159470e-01 1.391217486801927250e-01 -2.871674406382732081e-01 7.913479936330722331e-02 -9.546059631804292289e-01 -4.495497802898555939e-01 -8.072283107433606553e-01 4.785907543625366745e-01
1.586177203822664976e+09 6.749754897263378073e-01 -6.861576036258388855e-01 -2.712855165168812643e-01 -6.672725445564582358e-01 -7.245764768643007114e-01 1.724421086896350819e-01 -3.148895678387275132e-01 6.462718014591409266e-02 -9.469254923305049365e-01 -4.579790641374683058e-01 -8.024535002614030521e-01 4.879975275825800818e-01
1.586177203822674990e+09 6.595631800348850104e-01 -6.977412059094681984e-01 -2.795239190748536329e-01 -6.688606427965442247e-01 -7.144901968647469070e-01 2.052539877693720927e-01 -3.429312649023140147e-01 5.158457530407990765e-02 -9.379430577150399406e-01 -4.662149841581130216e-01 -7.976646310169521747e-01 4.975670299995805235e-01
1.586177203822686911e+09 6.434181303929763507e-01 -7.091974568477300567e-01 -2.881875724229157609e-01 -6.694614171251319634e-01 -7.038665063976313752e-01 2.374728459122518176e-01 -3.712607181662488931e-01 4.013612610068695297e-02 -9.276608059527755579e-01 -4.742554492687159895e-01 -7.928713392795444515e-01 5.072991571494628316e-01
1.586177203822696924e+09 6.265278319867458867e-01 -7.204476194396782773e-01 -2.973518178965497971e-01 -6.690285114055207760e-01 -6.928431279216807903e-01 2.690153367588462574e-01 -3.998296225477722121e-01 3.039124838657697447e-02 -9.160855011009908511e-01 -4.820986701319353029e-01 -7.880833734927762402e-01 5.171935138163722412e-01
1.586177203822710037e+09 6.088904525749507801e-01 -7.314060119568646101e-01 -3.070792449077612840e-01 -6.675160752203750381e-01 -6.815731305507338744e-01 2.998005293973309282e-01 -4.285728718464900111e-01 2.243465232320139557e-02 -9.032286422966396833e-01 -4.897432073835041311e-01 -7.833105695624756892e-01 5.272493786021135165e-01
1.586177203822721004e+09 5.905151675201913974e-01 -7.419821745335681840e-01 -3.174181623973847399e-01 -6.648821469604498935e-01 -6.702208754768940180e-01 3.297509804708841363e-01 -4.574096282130845625e-01 1.632271383522019767e-02 -8.891062936475386813e-01 -4.971880077751575921e-01 -7.785628192947368076e-01 5.374656811749993768e-01
1.586177203822740078e+09 5.714218322729636146e-01 -7.520830951197688963e-01 -3.284023566504545300e-01 -6.610917145826660235e-01 -6.589575485086853757e-01 3.587933870165884165e-01 -4.862456528492249408e-01 1.208170242450672983e-02 -8.737386325008176247e-01 -5.044324267096398362e-01 -7.738500352572710295e-01 5.478409924790206276e-01
1.586177203822757006e+09 5.516402375816087389e-01 -7.616153185325001962e-01 -3.400516947086709707e-01 -6.561191522491507389e-01 -6.479566891960177877e-01 3.868588726800147870e-01 -5.149764137685823862e-01 9.707509228044945357e-03 -8.571493789878630309e-01 -5.114762377984599651e-01 -7.691821151510733756e-01 5.583735264079898730e-01
1.586177203822773933e+09 5.312091287710163368e-01 -7.704868312230048755e-01 -3.523732462020422451e-01 -6.499499032815160282e-01 -6.373900042428042312e-01 4.138829618490800222e-01 -5.434905566263078525e-01 9.166549722160922606e-03 -8.393652301572058771e-01 -5.183196315417725186e-01 -7.645689080905666568e-01 5.690611503922471393e-01
1.586177203822791100e+09 5.101751149368018989e-01 -7.786086106733380863e-01 -3.653628110539570706e-01 -6.425813860935556399e-01 -6.274237167575107410e-01 4.398052322216468579e-01 -5.716734336615607592e-01 1.039765666703463057e-02 -8.204153669660737558e-01 -5.249632057832180898e-01 -7.600201843473763930e-01 5.799014021118701345e-01
1.586177203822808027e+09 4.885915946537334187e-01 -7.858958612799089583e-01 -3.790065290645083795e-01 -6.340232042154368974e-01 -6.182155115798485534e-01 4.645687873197223428e-01 -5.994104024461897051e-01 1.331452936461258521e-02 -8.003311146767553286e-01 -5.314079499613422186e-01 -7.555456095668817706e-01 5.908915102437672928e-01
1.586177203822825909e+09 4.665177592209342472e-01 -7.922689594876125563e-01 -3.932824384339938528e-01 -6.242967809425047365e-01 -6.099120870975177633e-01 4.881196325804126879e-01 -6.265897462040674881e-01 1.780848310365351628e-02 -7.791457811309197012e-01 -5.376552247290545816e-01 -7.511547240956548688e-01 6.020284176463631676e-01
1.586177203822844028e+09 4.440177135943542130e-01 -7.976541014636264748e-01 -4.081619833465517377e-01 -6.134345382190239393e-01 -6.026473325116672441e-01 5.104059759934691520e-01 -6.531051506052379940e-01 2.375136331806732004e-02 -7.568946659648780884e-01 -5.437067390769142472e-01 -7.468569273805834019e-01 6.133088051056883039e-01
1.586177203822861910e+09 4.211597438052204767e-01 -8.019837044579933849e-01 -4.236113881831425898e-01 -6.014787520814826038e-01 -5.965410594236535413e-01 5.313775264437408108e-01 -6.788577033558667040e-01 3.099842624120447213e-02 -7.336152373946498439e-01 -5.495645263612656262e-01 -7.426614672095021019e-01 6.247291144632880489e-01
