1.584057356453986883e+09 6.714437830051305234e-01 -6.169629980681493597e-01 -4.105117604234376216e-01 -2.684712716743720695e-01 3.138057226141126588e-01 -9.107409867161672112e-01 6.907144292524040052e-01 7.217219877784225579e-01 4.506606083016535813e-02 9.663825598332248523e-02 -3.685134177716654080e-01 4.695067431291413129e-01
1.584057356454051018e+09 6.861973237485710087e-01 -6.038256814293798680e-01 -4.056202404893466396e-01 -2.732211705493476361e-01 3.028405814402141405e-01 -9.130376631559928846e-01 6.741538586036408542e-01 7.373480378059722451e-01 4.283043699606684657e-02 9.228173234782857670e-02 -3.759577843722857748e-01 4.604352953708822915e-01
1.584057356454073906e+09 6.999046146170549987e-01 -5.914033603063707512e-01 -4.004692198228628763e-01 -2.786747988450506974e-01 2.901374286397508939e-01 -9.155111299905521749e-01 6.576274683678666744e-01 7.523711438530220619e-01 3.825931268636412197e-02 8.795299443707051135e-02 -3.835083041947427995e-01 4.514385884604427135e-01
1.584057356454092026e+09 7.126275356412089534e-01 -5.796660719917537952e-01 -3.951572352862902093e-01 -2.845735581010856996e-01 2.759955974266427026e-01 -9.180655316360298857e-01 6.412330977900790874e-01 7.666900777832429403e-01 3.172442580383277172e-02 8.364461600254408102e-02 -3.911677285973608753e-01 4.425245461780258904e-01
1.584057356454108953e+09 7.244715141305118067e-01 -5.685321313352547090e-01 -3.897592090340349924e-01 -2.907062636824356283e-01 2.606882802875356009e-01 -9.206147342546410206e-01 6.250047149392756740e-01 7.802645938119056046e-01 2.358538143259468131e-02 7.934867486980770601e-02 -3.989403519674443177e-01 4.337029662492954407e-01
1.584057356454128027e+09 7.355702433353098479e-01 -5.578749383014858232e-01 -3.843331504197159965e-01 -2.969010137051057430e-01 2.444648050605006950e-01 -9.230854496209544013e-01 6.089221669554103489e-01 7.931030907185683265e-01 1.418740142516249948e-02 7.505626929515360479e-02 -4.068318520617020262e-01 4.249858258145969292e-01
1.584057356454147100e+09 7.460749333347503898e-01 -5.475275399675164634e-01 -3.789271526382960720e-01 -3.030165307686148446e-01 2.275559241239148156e-01 -9.254184370525034842e-01 5.929191986793298508e-01 8.052526898987866222e-01 3.863875243816906457e-03 7.075702556877584704e-02 -4.148490081924520179e-01 4.163875255332974423e-01
1.584057356454164982e+09 7.561459249620441359e-01 -5.372860824512232236e-01 -3.735866779622790679e-01 -3.089344546874037700e-01 2.101816514407063019e-01 -9.275684213419488344e-01 5.768906682431810262e-01 8.167908785177174780e-01 -7.058183667762858021e-03 6.643862839411938948e-02 -4.229992946725406600e-01 4.079250594038410505e-01
1.584057356454183102e+09 7.659445822289863148e-01 -5.269136569284488258e-01 -3.683624509687971060e-01 -3.145537064417551765e-01 1.925615878298663763e-01 -9.295030935020562879e-01 5.607003325826653839e-01 8.278176328611833723e-01 -1.825113882851341074e-02 6.208640768686603251e-02 -4.312903541341887026e-01 3.996181005840335754e-01
1.584057356454205036e+09 7.756235943617919570e-01 -5.161464084648289541e-01 -3.633193156030717352e-01 -3.197880832085329139e-01 1.749275911792046168e-01 -9.312013315412179804e-01 5.441907955427985888e-01 8.384469113360920600e-01 -2.937950360214592119e-02 5.768301497780573689e-02 -4.397293637032725910e-01 3.914889981082684267e-01
1.584057356454225063e+09 7.852553923653290413e-01 -5.047751005896523591e-01 -3.585750504120603921e-01 -3.245401387073481581e-01 1.576451996496068542e-01 -9.326423159911492178e-01 5.273022542837276783e-01 8.487344043401037208e-01 -4.002803806325856695e-02 5.320821949926736461e-02 -4.483223143405642430e-01 3.835626836014348617e-01
1.584057356454242945e+09 7.938249609848461175e-01 -4.948916009071248623e-01 -3.534462262652168230e-01 -3.292638792388663527e-01 1.388787247124741719e-01 -9.339689490731979404e-01 5.112995495667710388e-01 8.577849400837304072e-01 -5.270453009764293484e-02 4.864592145115505251e-02 -4.570639531105862852e-01 3.758517663389505103e-01
1.584057356454262018e+09 8.014187204785897523e-01 -4.864880772592918845e-01 -3.479330184721615704e-01 -3.337986102893552021e-01 1.189032464967732655e-01 -9.351152367080255434e-01 4.962927789865937411e-01 8.655584145045654987e-01 -6.709775644946747164e-02 4.397397118806443961e-02 -4.659576142448473290e-01 3.683841877979734392e-01
1.584057356454279900e+09 8.081507318478745594e-01 -4.794902719021418291e-01 -3.420255457668143206e-01 -3.380128568992872284e-01 9.797898291564680062e-02 -9.360274716372812831e-01 4.823273819940962492e-01 8.720603180527454201e-01 -8.289208991762161971e-02 3.916797723747099391e-02 -4.750039810822526132e-01 3.611901120345001326e-01
1.584057356454298019e+09 8.141517099087909326e-01 -4.737663614331393824e-01 -3.357118231744725123e-01 -3.418068371939269601e-01 7.633877274799147350e-02 -9.366645493477900875e-01 4.693879840120389058e-01 8.773356409124957178e-01 -9.978523921011392406e-02 3.420168044522765155e-02 -4.842003607132809861e-01 3.543016031423799062e-01
1.584057356454315901e+09 8.195588012394533495e-01 -4.691389484417762268e-01 -3.289863501089778652e-01 -3.451132685216148910e-01 5.418062252946003604e-02 -9.369958869785565136e-01 4.574059503704753782e-01 8.814607804457194051e-01 -1.175018698410827123e-01 2.904748092323833353e-02 -4.935400124925073406e-01 3.477522376130998127e-01
1.584057356454334021e+09 8.245066657820435685e-01 -4.653988766634239438e-01 -3.218581113993134180e-01 -3.478970592197520029e-01 3.166512064304058405e-02 -9.369978423150152613e-01 4.462694191838020297e-01 8.845344572161438768e-01 -1.358027975158800360e-01 2.367710406827535502e-02 -5.030115647281806490e-01 3.415766560542453645e-01
1.584057356454353094e+09 8.291200881899274400e-01 -4.623197554806550147e-01 -3.143569996745206319e-01 -3.501541947216071926e-01 8.916967760799986847e-03 -9.366496291500358007e-01 4.358347387585370658e-01 8.866684451622696139e-01 -1.544899645907344965e-01 1.806238403306793111e-02 -5.125985524357923317e-01 3.358100589182739792e-01
1.584057356454365015e+09 8.335081784325242271e-01 -4.596722884611588178e-01 -3.065379322353252167e-01 -3.519098827531344509e-01 -1.397046089945815084e-02 -9.359296238633628695e-01 4.259384358511396629e-01 8.879787236819411955e-01 -1.734077145553819255e-01 1.217613809500902276e-02 -5.222791054884426964e-01 3.304876479740292972e-01
1.584057356454375982e+09 8.377601607655991156e-01 -4.572376777848914386e-01 -2.984821925006744814e-01 -3.532158472962779738e-01 -3.692874342364895618e-02 -9.348127263307912660e-01 4.164090278560281799e-01 8.885775003858682464e-01 -1.924410238032557008e-01 5.993099943597336547e-03 -5.320258138099873690e-01 3.256440157605818286e-01
1.584057356454385996e+09 8.419427518559584600e-01 -4.548194859844941207e-01 -2.902957766798353045e-01 -3.541465884150580279e-01 -5.990742054296926966e-02 -9.332691439557762036e-01 4.070781211722891424e-01 8.885664501891917810e-01 -2.115113878150841620e-01 -5.091250257655832723e-04 -5.418057927370900639e-01 3.213124872155735390e-01
1.584057356454397917e+09 8.460991455344955003e-01 -4.522533871136555361e-01 -2.821047854293770030e-01 -3.547944606089660780e-01 -8.286741832338166691e-02 -9.312646680099564422e-01 3.977903051504931287e-01 8.880314550137482499e-01 -2.305710483753066198e-01 -7.349123912004201266e-03 -5.515809669316167341e-01 3.175244215349160015e-01
1.584057356454406977e+09 8.502496257015678127e-01 -4.494142060288137674e-01 -2.740482541560282370e-01 -3.552636079124622537e-01 -1.057756549721370620e-01 -9.287622300084772409e-01 3.884113066207880993e-01 8.870391099065849660e-01 -2.495962233282205400e-01 -1.454080601175543157e-02 -5.613085844779238665e-01 3.143084889578567909e-01
1.584057356454416037e+09 8.543937540844315226e-01 -4.462196826548063266e-01 -2.662692396524398708e-01 -3.556630947746883820e-01 -1.286012792855946996e-01 -9.257242970579757646e-01 3.788338372150372724e-01 8.856351991912950750e-01 -2.685800030694228124e-01 -2.209264926754740677e-02 -5.709419623007894184e-01 3.116899488981043631e-01
1.584057356454428911e+09 8.585139122600582429e-01 -4.426306929028304693e-01 -2.589052574754360236e-01 -3.560997999927218993e-01 -1.513136484627209399e-01 -9.221155634822175706e-01 3.689807516959148770e-01 8.838451503278924593e-01 -2.875255735308219762e-01 -3.000711403244100267e-02 -5.804314492071487308e-01 3.096899632452866924e-01
1.584057356454437971e+09 8.625798036333054419e-01 -4.386480403710433795e-01 -2.520793113976321775e-01 -3.566717960245712193e-01 -1.738818311357817892e-01 -9.179054084727675811e-01 3.588053964257833517e-01 8.816762476942083815e-01 -3.064403401349806710e-01 -3.828026956122733415e-02 -5.897255756955521733e-01 3.083249843904800058e-01
1.584057356454452991e+09 8.665533813311128153e-01 -4.343063703095147443e-01 -2.458926883913431505e-01 -3.574629512473503912e-01 -1.962751873783606382e-01 -9.130697068062262334e-01 3.482893567245058941e-01 8.791211678696371212e-01 -3.253313641664457023e-01 -4.690166891303935992e-02 -5.987723412594933015e-01 3.076062612908204708e-01
1.584057356454473019e+09 8.703936122312039281e-01 -4.296661503527338666e-01 -2.404203802099795506e-01 -3.585393367080089155e-01 -2.184644763521469690e-01 -9.075917676947313772e-01 3.374381484615899818e-01 8.761622407300834192e-01 -3.442023012649663705e-01 -5.585449118988752154e-02 -6.075205738487237106e-01 3.075395029554416904e-01
1.584057356454482079e+09 8.740605517106123656e-01 -4.248048939038525651e-01 -2.357094700066357795e-01 -3.599476985346518054e-01 -2.404229874065934025e-01 -9.014623905788751168e-01 3.262756602608951617e-01 8.727757956710672227e-01 -3.630517928980628861e-01 -6.511594817154202353e-02 -6.159212872068181577e-01 3.081247263895509625e-01
1.584057356454490900e+09 8.775183445439386221e-01 -4.198087740564506176e-01 -2.317803883123376596e-01 -3.617160055077962566e-01 -2.621273152698702646e-01 -8.946791615607115888e-01 3.148381910803043082e-01 8.689360529299610114e-01 -3.818730805781253568e-01 -7.465793055119888944e-02 -6.239289620795601676e-01 3.093562994480300588e-01
1.584057356454499960e+09 8.807370262392634208e-01 -4.147655707351758370e-01 -2.286302957529369462e-01 -3.638555920237525609e-01 -2.835576303766740858e-01 -8.872452753271181658e-01 3.031689281197176289e-01 8.646181769163145958e-01 -4.006544764296229300e-01 -8.444785187828594830e-02 -6.315026848777282042e-01 3.112231738866101383e-01
1.584057356454511881e+09 8.836932025725041662e-01 -4.097594588518029823e-01 -2.262377285086668577e-01 -3.663643314945232987e-01 -3.046974540333484138e-01 -8.791681513204685494e-01 2.913134060549621984e-01 8.598003533684454025e-01 -4.193803191789028939e-01 -9.444963713089703228e-02 -6.386070895553727089e-01 3.137092918855551860e-01
1.584057356454520941e+09 8.863698597260774026e-01 -4.048677244385515683e-01 -2.245675792924156089e-01 -3.692301804748230332e-01 -3.255330788238947060e-01 -8.704580912370504242e-01 2.793162111406312098e-01 8.544649440228280213e-01 -4.380320923683022616e-01 -1.046247971007290278e-01 -6.452130630196550864e-01 3.167941404929270899e-01
1.584057356454534054e+09 8.887555848120477497e-01 -4.001591909116211654e-01 -2.235757871203501168e-01 -3.724346495199321594e-01 -3.460527867347489295e-01 -8.611271107172060457e-01 2.672189037311187287e-01 8.485988987652696158e-01 -4.565894948611455839e-01 -1.149335281190131952e-01 -6.512981919484870375e-01 3.204534201284984785e-01
1.584057356454547882e+09 8.908434911274671908e-01 -3.956939545893192745e-01 -2.232132809879926183e-01 -3.759558360503233443e-01 -3.662460219609328660e-01 -8.511880291214026784e-01 2.550589811457235623e-01 8.421936511050824858e-01 -4.750313363238697906e-01 -1.253357799585375909e-01 -6.568469467466137024e-01 3.246597883463585577e-01
1.584057356454564095e+09 8.926301010920213441e-01 -3.915239518687351206e-01 -2.234289549939053876e-01 -3.797707953827120786e-01 -3.861026432911314199e-01 -8.406538479065371883e-01 2.428696065898004741e-01 8.352447211553766238e-01 -4.933362041158526612e-01 -1.357922421326956675e-01 -6.618506147965280695e-01 3.293836386364107915e-01
1.584057356454581976e+09 8.941143707323133683e-01 -3.876939001487673675e-01 -2.241716575072088546e-01 -3.838571620990735012e-01 -4.056123382120618848e-01 -8.295374074612147375e-01 2.306798026706615712e-01 8.277512133107897130e-01 -5.114829008058683346e-01 -1.462652090812371908e-01 -6.663070100142611807e-01 3.345938748753277681e-01
1.584057356454600096e+09 8.952969603976064228e-01 -3.842422438068318069e-01 -2.253913285138324230e-01 -3.881940485827956033e-01 -4.247642394617480166e-01 -8.178512833648087232e-01 2.185148359984326605e-01 8.197153403512942305e-01 -5.294506847250136650e-01 -1.567192969696816762e-01 -6.702199942175759428e-01 3.402586482816784552e-01
1.584057356454617977e+09 8.961797565044964387e-01 -3.812019033551429237e-01 -2.270395408339482279e-01 -3.927623812209972143e-01 -4.435467330139889475e-01 -8.056078498328532733e-01 2.063965991281119239e-01 8.111420373571778253e-01 -5.472193704674955805e-01 -1.671219968398091893e-01 -6.735988531150779446e-01 3.463460290531901742e-01
1.584057356454633951e+09 8.967656054117097986e-01 -3.786007501738847258e-01 -2.290696861447922006e-01 -3.975448458465258850e-01 -4.619474303107058422e-01 -7.928194418354543860e-01 1.943438825709310758e-01 8.020386797732278472e-01 -5.647693438646612663e-01 -1.774440600756380104e-01 -6.764575699268033926e-01 3.528245941286250464e-01
1.584057356454653025e+09 8.970581971340637617e-01 -3.764618248312980309e-01 -2.314370013446517271e-01 -4.025256032436892450e-01 -4.799532696905506324e-01 -7.794985553730922057e-01 1.823725031029936883e-01 7.924148872980452118e-01 -5.820815379436294901e-01 -1.876597207928020761e-01 -6.788140363384702614e-01 3.596639214969347687e-01
1.584057356454669952e+09 8.970620452468615058e-01 -3.748033528649472035e-01 -2.340985558495473629e-01 -4.076898832408880624e-01 -4.975507201933375701e-01 -7.656580438552228474e-01 1.704952969427693810e-01 7.822823836492750482e-01 -5.991374018260349210e-01 -1.977467667713607713e-01 -6.806892391024859101e-01 3.668349865996761161e-01
1.584057356454689026e+09 8.967824840072321502e-01 -3.736386933466727678e-01 -2.370132979479033231e-01 -4.130235943255821662e-01 -5.147260378403810677e-01 -7.513112648440749552e-01 1.587220435420947096e-01 7.716548665388754946e-01 -6.159188908899758674e-01 -2.076864773341627057e-01 -6.821064602464302906e-01 3.743104594840219734e-01
1.584057356454706907e+09 8.962256573487354938e-01 -3.729762903571751109e-01 -2.401421623400590011e-01 -4.185129785591236162e-01 -5.314655539859023392e-01 -7.364721664028536230e-01 1.470593692504779670e-01 7.605478630603529355e-01 -6.324084836752495997e-01 -2.174634513131633584e-01 -6.830905227147435754e-01 3.820649070827444316e-01
1.584057356454729080e+09 8.953985264144215250e-01 -3.728196046246992079e-01 -2.434481905755255804e-01 -4.241442527713661370e-01 -5.477560111381921670e-01 -7.211553267397253775e-01 1.355106340176281954e-01 7.489785677275550002e-01 -6.485892178161510868e-01 -2.270653505829040297e-01 -6.836671058220489261e-01 3.900749095187673876e-01
1.584057356454746962e+09 8.943088418549276497e-01 -3.731671500373774375e-01 -2.468966862985640109e-01 -4.299033277494581085e-01 -5.635848932163878278e-01 -7.053759260921077523e-01 1.240758814800168724e-01 7.369656345548996068e-01 -6.644447527330599179e-01 -2.364825857129180253e-01 -6.838621489313171375e-01 3.983191012550881260e-01
1.584057356454756021e+09 8.929650629737435619e-01 -3.740126981161183695e-01 -2.504553815519476867e-01 -4.357756355638192081e-01 -5.789407132724182503e-01 -6.891496543905808458e-01 1.127519044244244817e-01 7.245289175768069301e-01 -6.799594517014175832e-01 -2.457079686309663336e-01 -6.837013530803268679e-01 4.067781503391486031e-01
1.584057356454768896e+09 8.913762596238936631e-01 -3.753455986264883082e-01 -2.540945602778071355e-01 -4.417460058056744132e-01 -5.938132651640196658e-01 -6.724925818565307134e-01 1.015324102287434860e-01 7.116891793095259100e-01 -6.951184661921463448e-01 -2.547363534761747927e-01 -6.832097820076958872e-01 4.154346901598731101e-01
1.584057356454778910e+09 8.895520230019003938e-01 -3.771511677962997577e-01 -2.577871121589397352e-01 -4.477985530270706116e-01 -6.081938444316258296e-01 -6.554210125441701784e-01 9.040826550959644992e-02 6.984677834105428307e-01 -7.099078118879632582e-01 -2.635642823603124851e-01 -6.824115580039522566e-01 4.242732175689335472e-01
1.584057356454790115e+09 8.875024021687448750e-01 -3.794111046358930595e-01 -2.615085084960159789e-01 -4.539165548013882612e-01 -6.220754422416215901e-01 -6.379513348361404157e-01 7.936779960100021070e-02 6.848863833320706362e-01 -7.243144307738580423e-01 -2.721896488109963319e-01 -6.813296448315550036e-01 4.332799691579952706e-01
1.584057356454807043e+09 8.852378737537560660e-01 -3.821039099365942660e-01 -2.652367038613398509e-01 -4.600823151238792041e-01 -6.354529131673386511e-01 -6.200998779547358675e-01 6.839715178987673672e-02 6.709666142147984180e-01 -7.383262372085992453e-01 -2.806113871138576910e-01 -6.799857067898558149e-01 4.424427859307206723e-01
1.584057356454823971e+09 8.827693425737255239e-01 -3.852053003558421618e-01 -2.689519744895917386e-01 -4.662770230084931633e-01 -6.483231117616845562e-01 -6.018827799098985798e-01 5.748065601868684177e-02 6.567297918959570380e-01 -7.519321478261190572e-01 -2.888291930589560463e-01 -6.784000330929783606e-01 4.517509737829402683e-01
1.584057356454842091e+09 8.801081711008191810e-01 -3.886886090112732783e-01 -2.726367043862306661e-01 -4.724806137528658745e-01 -6.606849954919703505e-01 -5.833158720123893248e-01 4.660125511861974712e-02 6.421966226824084023e-01 -7.651220955841778748e-01 -2.968432805010775555e-01 -6.765915182360479063e-01 4.611951642301345133e-01
1.584057356454859018e+09 8.772661717975184237e-01 -3.925252893679160859e-01 -2.762751549062868461e-01 -4.786717502501136035e-01 -6.725396220201399489e-01 -5.644145750311414522e-01 3.574100615388445257e-02 6.273869254657993277e-01 -7.778870268542378286e-01 -3.046541761599995679e-01 -6.745776887438136304e-01 4.707671784646771385e-01
1.584057356454876900e+09 8.742555022076239357e-01 -3.966856151486837234e-01 -2.798532468740318468e-01 -4.848280286171540721e-01 -6.838899691226196786e-01 -5.451938123115029899e-01 2.488171446929721142e-02 6.123193881391743032e-01 -7.902188731664043786e-01 -3.122625518463586491e-01 -6.723747653573556304e-01 4.804598976237806629e-01
1.584057356454895020e+09 8.710885305271252044e-01 -4.011394079700543736e-01 -2.833583377097982914e-01 -4.909262836179157374e-01 -6.947406546351422296e-01 -5.256679627220207651e-01 1.400557833935394021e-02 5.970113888293322457e-01 -8.021104946937787084e-01 -3.196690905834074226e-01 -6.699977496623313877e-01 4.902671417348822835e-01
1.584057356454911947e+09 8.677775615598436465e-01 -4.058569657864410374e-01 -2.867790563622240607e-01 -4.969431750025503081e-01 -7.050974425313319971e-01 -5.058508451473061607e-01 3.095909960735753960e-03 5.814789076807447277e-01 -8.135555884992551334e-01 -3.268743831660222976e-01 -6.674605267627106153e-01 5.001835581991540547e-01
1.584057356454930067e+09 8.643343576242298321e-01 -4.108102549237624967e-01 -2.901052444750275572e-01 -5.028561484512558133e-01 -7.149664730411586788e-01 -4.857557375615229600e-01 -7.862085053182470140e-03 5.657365792430483209e-01 -8.245485497164111166e-01 -3.338788527721222588e-01 -6.647759781550983682e-01 5.102045192833313259e-01
1.584057356454948902e+09 8.607694743301699258e-01 -4.159742569436140069e-01 -2.933280242556164374e-01 -5.086447046012460005e-01 -7.243532650590965849e-01 -4.653954362275393719e-01 -1.888059131140413030e-02 5.497979312196608070e-01 -8.350842822211175243e-01 -3.406827042246434734e-01 -6.619560992244589714e-01 5.203260283097624894e-01
1.584057356454967022e+09 8.570915158648462207e-01 -4.213282254017411410e-01 -2.964399772373019215e-01 -5.142917559205103517e-01 -7.332616503576974143e-01 -4.447823536168991621e-01 -2.996870717957527547e-02 5.336758180838608867e-01 -8.451579722732034394e-01 -3.472858922319078112e-01 -6.590121154973200834e-01 5.305446350984625026e-01
1.584057356454986095e+09 8.533064095791930148e-01 -4.268566590844270481e-01 -2.994354089924570750e-01 -5.197848629310858337e-01 -7.416927947397636833e-01 -4.239286433834298928e-01 -4.113232091254311051e-02 5.173830215975160352e-01 -8.547648457051904014e-01 -3.536881034069990770e-01 -6.559545937211819222e-01 5.408573607036695208e-01
1.584057356455003977e+09 8.494167044307813219e-01 -4.325499965012327142e-01 -3.023107059845326905e-01 -5.251173129371754511e-01 -7.496443386782828400e-01 -4.028463395928089663e-01 -5.237432645922093788e-02 5.009329957423861446e-01 -8.638999155104413186e-01 -3.598887479333489070e-01 -6.527935456606767106e-01 5.512616309505692369e-01
1.584057356455022097e+09 8.454208451663779433e-01 -4.384051277527784563e-01 -3.050648106720432740e-01 -5.302890974055376461e-01 -7.571096162546284702e-01 -3.815475099246144475e-01 -6.369511688568900432e-02 4.843407613881396401e-01 -8.725577111328063351e-01 -3.658869603359117262e-01 -6.495385249722781529e-01 5.617552168509368782e-01
1.584057356455039978e+09 8.413124764645716347e-01 -4.444256536339488139e-01 -3.076997814903665862e-01 -5.353076743739093590e-01 -7.640770223740134259e-01 -3.600444386718703593e-01 -7.509334780928030029e-02 4.676239327467270335e-01 -8.807319949631245981e-01 -3.716816082791713494e-01 -6.461987170223570942e-01 5.723361806459228429e-01
1.584057356455056906e+09 8.370798619078436698e-01 -4.506217963957254713e-01 -3.102213751397008279e-01 -5.401883658002790689e-01 -7.705296229365247163e-01 -3.383498630314563105e-01 -8.656693610052079713e-02 4.508038342717240465e-01 -8.884154821335153995e-01 -3.772713079436016415e-01 -6.427830213547970351e-01 5.830028266759716971e-01
1.584057356455076933e+09 8.327055540829991775e-01 -4.570098224203867909e-01 -3.126395410096813876e-01 -5.449541806108717523e-01 -7.764451483968018985e-01 -3.164772863064359565e-01 -9.811422637549947756e-02 4.339066189221100212e-01 -8.955996007998029418e-01 -3.826544458136050819e-01 -6.393001270544246273e-01 5.937536559802584213e-01
1.584057356455095053e+09 8.281661886291902253e-01 -4.636112256448079449e-01 -3.149688804622637894e-01 -5.496353003471745602e-01 -7.817962026993986457e-01 -2.944413935559268003e-01 -1.097351393431317684e-01 4.169644218652511780e-01 -9.022742767065714542e-01 -3.878292072820608283e-01 -6.357585812190575947e-01 6.045873235775244270e-01
1.584057356455112934e+09 8.234324745956921321e-01 -4.704516142461188100e-01 -3.172290002924829100e-01 -5.542681452799046449e-01 -7.865507512628123754e-01 -2.722585884742006468e-01 -1.214322160383920768e-01 4.000164928351772065e-01 -9.084277751600817741e-01 -3.927936131055529412e-01 -6.321668506048615521e-01 6.155025974075567508e-01
1.584057356455132008e+09 8.184694683998114950e-01 -4.775592439853893478e-01 -3.194446712242440811e-01 -5.588939413011313473e-01 -7.906729640331088271e-01 -2.499476475305772438e-01 -1.332114554266398132e-01 3.831102095074531144e-01 -9.140466486064690033e-01 -3.975455649499280986e-01 -6.285333761336132641e-01 6.264983181073400242e-01
1.584057356455148935e+09 8.132372345690395132e-01 -4.849631503936799315e-01 -3.216456796894215930e-01 -5.635567163737768004e-01 -7.941245005054295980e-01 -2.275304491910749016e-01 -1.450828312484838123e-01 3.663018163394619053e-01 -9.191158532730143715e-01 -4.020829005463398276e-01 -6.248666194101634153e-01 6.375733593077507200e-01
1.584057356455168009e+09 8.076919016249294314e-01 -4.926909725081577984e-01 -3.238663271329744187e-01 -5.683008278875170127e-01 -7.968662134339260517e-01 -2.050326976165586790e-01 -1.570603745518943939e-01 3.496567512455544535e-01 -9.236190748184389676e-01 -4.064034578071353265e-01 -6.211751000401246614e-01 6.487265887267578135e-01
1.584057356455184937e+09 8.017871406381754662e-01 -5.007665504297773573e-01 -3.261445128620925615e-01 -5.731681105620842764e-01 -7.988602632567628481e-01 -1.824845116882792551e-01 -1.691617519549001858e-01 3.332493690227380512e-01 -9.275393037688169917e-01 -4.105051464352605928e-01 -6.174674225412741801e-01 6.599568306983463195e-01
1.584057356455203056e+09 7.954758867854825333e-01 -5.092076026246780129e-01 -3.285205186350009243e-01 -5.781950282306310696e-01 -8.000724106825480852e-01 -1.599207527998779688e-01 -1.814073401347552905e-01 3.171620331737475262e-01 -9.308596145352819873e-01 -4.143860240731276345e-01 -6.137522918392961380e-01 6.712628312912521933e-01
1.584057356455220938e+09 7.887121954890428110e-01 -5.180236729969400766e-01 -3.310355677170433442e-01 -5.834100735128797677e-01 -8.004743320552858421e-01 -1.373809667545848601e-01 -1.938188819314833611e-01 3.014835287832038357e-01 -9.335640969926505273e-01 -4.180443732332327911e-01 -6.100385169284040510e-01 6.826432273351145108e-01
1.584057356455240011e+09 7.814530150056036018e-01 -5.272146048615866665e-01 -3.337303491614522777e-01 -5.888317605268587052e-01 -8.000456900520556136e-01 -1.149088848003257113e-01 -2.064178851656185143e-01 2.863069234949658926e-01 -9.356388205696936078e-01 -4.214787746910412802e-01 -6.063350030584105932e-01 6.940965206791219755e-01
1.584057356455260038e+09 7.736597064176482519e-01 -5.367696848270706589e-01 -3.366436755807797887e-01 -5.944674192367312981e-01 -7.987757548581202460e-01 -9.255150511442199190e-02 -2.192239638240362498e-01 2.717270672792491126e-01 -9.370727052409232316e-01 -4.246881722723759300e-01 -6.026507337533990594e-01 7.056210590055269627e-01
1.584057356455277920e+09 7.652992284965024483e-01 -5.466674703570302274e-01 -3.398113710696501477e-01 -6.003128291153073670e-01 -7.966644727941802895e-01 -7.035783658719814426e-02 -2.322533062098924572e-01 2.578379235704515993e-01 -9.378582020955502641e-01 -4.276719255831022415e-01 -5.989947448258453599e-01 7.172150237254606431e-01
1.584057356455296040e+09 7.563449252545139112e-01 -5.568762590923183042e-01 -3.432654749508325387e-01 -6.063526614655336822e-01 -7.937229191756567381e-01 -4.837745023274914874e-02 -2.455174212941142742e-01 2.447299732853142618e-01 -9.379917037646461342e-01 -4.304298477615562946e-01 -5.953760931613515384e-01 7.288764251066947031e-01
1.584057356455313921e+09 7.467768026496904854e-01 -5.673551424058785875e-01 -3.470339314851536572e-01 -6.125617199795932999e-01 -7.899730582721888883e-01 -2.665908103839390725e-02 -2.590222894343875981e-01 2.324880852407189835e-01 -9.374735964877722871e-01 -4.329622269633741083e-01 -5.918038233299950379e-01 7.406031041172456142e-01
1.584057356455332041e+09 7.365814649791714297e-01 -5.780553710914908550e-01 -3.511406179773973180e-01 -6.189066266850297149e-01 -7.854470264963230308e-01 -5.249399539587154551e-03 -2.727679106471879722e-01 2.211898657471543794e-01 -9.363080211801934061e-01 -4.352698327426509639e-01 -5.882869347512821312e-01 7.523927396959749769e-01
1.584057356455343962e+09 7.257518373388218702e-01 -5.889218394308610716e-01 -3.556055930842867419e-01 -6.253476941526623367e-01 -7.801861122236166679e-01 1.580796930130735911e-02 -2.867482034854637596e-01 2.109044748776056355e-01 -9.345024187175261510e-01 -4.373539100939916047e-01 -5.848343514089398010e-01 7.642428598069738177e-01
1.584057356455353022e+09 7.142867256557200450e-01 -5.998945652319198629e-01 -3.604455358987925795e-01 -6.318408401602928492e-01 -7.742395401804086363e-01 3.647310391026666043e-02 -3.009512027605918405e-01 2.016919562473363514e-01 -9.320669121133534629e-01 -4.392161644460710335e-01 -5.814548953107662177e-01 7.761508546842084133e-01
1.584057356455365896e+09 7.021903366225915599e-01 -6.109100443428392424e-01 -3.656742389983380637e-01 -6.383393605329380494e-01 -7.676632202364437330e-01 5.671015140781782149e-02 -3.153594649513986603e-01 1.936029395581457258e-01 -9.290136220607632112e-01 -4.408587400976287651e-01 -5.781572644442934950e-01 7.881139910908998569e-01
1.584057356455385923e+09 6.894718096806321528e-01 -6.219024310002196909e-01 -3.713030974337045986e-01 -6.447954850486462552e-01 -7.605185435633076141e-01 7.648743386538124633e-02 -3.299506119157319950e-01 1.866786313443254686e-01 -9.253559761574403630e-01 -4.422841940165520569e-01 -5.749500156791397254e-01 8.001294267164268392e-01
1.584057356455400944e+09 6.761447703833283196e-01 -6.328045249430045427e-01 -3.773415997303590785e-01 -6.511617029546987734e-01 -7.528712661888382618e-01 9.577731116729504279e-02 -3.446979638411953872e-01 1.809510705883167758e-01 -9.211080414865140398e-01 -4.434954674798429197e-01 -5.718415524151618801e-01 8.121942238353708765e-01
1.584057356455423117e+09 6.622269401880161999e-01 -6.435485540534000570e-01 -3.837977832884492124e-01 -6.573918356001994256e-01 -7.447905279687072611e-01 1.145558558799136123e-01 -3.595712090313248899e-01 1.764435553145648761e-01 -9.162839176467919566e-01 -4.444958571550607918e-01 -5.688401166598987535e-01 8.243053617130525756e-01
