1.589264473924695969e+09 1.924934497025160285e-01 -8.696710452380341794e-01 -4.545531267216547655e-01 -4.537726275428478617e-01 3.318281416414328722e-01 -8.270311282189906077e-01 8.700785449406874816e-01 3.654618415112977359e-01 -3.307581715735739003e-01 2.679551514677130930e-01 -4.284435329268924120e-01 6.922428670280987850e-01
1.589264473924776077e+09 2.091514728257511391e-01 -8.596840605007615155e-01 -4.660461110791375705e-01 -4.396594064112853695e-01 3.430318432266100115e-01 -8.300775632566930184e-01 8.734731065236798209e-01 3.785135014295201716e-01 -3.062225684777312718e-01 2.609571341466822569e-01 -4.318093194790704192e-01 6.857377975415679394e-01
1.589264473924813986e+09 2.260192076586375887e-01 -8.492703213151027164e-01 -4.771323078758776259e-01 -4.257710759962567426e-01 3.544161211209061468e-01 -8.325312030613125636e-01 8.761474240479518727e-01 3.913171789398920408e-01 -2.814898876173823616e-01 2.542690546809273089e-01 -4.353041883290260650e-01 6.789796780286002642e-01
1.589264473924839973e+09 2.430802333872701670e-01 -8.384410931814144652e-01 -4.877791852035694431e-01 -4.121043361998807386e-01 3.659585349074654381e-01 -8.344125879640443832e-01 8.781127582925478681e-01 4.038451239078636457e-01 -2.565679240528039307e-01 2.478934345079819856e-01 -4.389295892631546736e-01 6.719922156811800606e-01
1.589264473924865007e+09 2.603141741151895339e-01 -8.272108488844585050e-01 -4.979545585300532151e-01 -3.986495114283397645e-01 3.776400793452924787e-01 -8.357431050613036705e-01 8.793833622804688721e-01 4.160651175882452146e-01 -2.314621353729965914e-01 2.418305828305651883e-01 -4.426873104692546357e-01 6.647992986468883592e-01
1.589264473924889088e+09 2.776966851124287317e-01 -8.155972064338082861e-01 -5.076275682588358151e-01 -3.853909715452079054e-01 3.894458623477636827e-01 -8.365439136797121478e-01 8.799763350274141249e-01 4.279405534387418220e-01 -2.061759747633343798e-01 2.360785814226849522e-01 -4.465793552442540171e-01 6.574248046395202438e-01
1.589264473924927950e+09 2.951996512228416414e-01 -8.036207104157198078e-01 -5.167696970945342416e-01 -3.723079914059483353e-01 4.013655500069181481e-01 -8.368347835676078761e-01 8.799113168704024712e-01 4.394308241215295063e-01 -1.807114421716747577e-01 2.306332910848592210e-01 -4.506078085055058580e-01 6.498924031601257534e-01
1.589264473924979925e+09 3.127916969135477454e-01 -7.913043925912068843e-01 -5.253557963327909475e-01 -3.593761808900077237e-01 4.133934569706007589e-01 -8.366329007135857587e-01 8.792099380033322475e-01 4.504921843290242700e-01 -1.550699096419209944e-01 2.254883833889355094e-01 -4.547746956850126643e-01 6.422253521879903726e-01
1.589264473925004005e+09 3.304390448121760082e-01 -7.786731126861918817e-01 -5.333649982731543115e-01 -3.465694323762396611e-01 4.255281808796965159e-01 -8.359517905128103221e-01 8.778950201298487688e-01 4.610791157827117681e-01 -1.292531730607650309e-01 2.206354018186011401e-01 -4.590818373737796665e-01 6.344462908744972207e-01
1.589264473925035000e+09 3.481066925018972413e-01 -7.657527274027325914e-01 -5.407813710336589752e-01 -3.338621909203361438e-01 4.377717529785720707e-01 -8.348005330812232616e-01 8.759895937141005673e-01 4.711461057171297817e-01 -1.032646063053811042e-01 2.160638548662960345e-01 -4.635307031021932422e-01 6.265770312671274933e-01
1.589264473925062895e+09 3.657598495946289274e-01 -7.525691418236200025e-01 -5.475942104750126660e-01 -3.212318220660611012e-01 4.501283495501020582e-01 -8.331834045923939280e-01 8.735157978559469072e-01 4.806497226370468612e-01 -7.711027926441105240e-02 2.117613417181324897e-01 -4.681222674359806213e-01 6.186383530290606725e-01
1.589264473925079107e+09 3.834301879493606235e-01 -7.391028078778726362e-01 -5.538125409401094545e-01 -3.087604543454331441e-01 4.625588591027969265e-01 -8.310874105427622505e-01 8.704299357156419781e-01 4.896594136942593600e-01 -5.084668852417650875e-02 2.077118678677401520e-01 -4.728533015732828693e-01 6.106486238649437848e-01
1.589264473925092936e+09 4.011021765447662646e-01 -7.253651389805185756e-01 -5.594304776012851699e-01 -2.964565585333482356e-01 4.750536125553487254e-01 -8.285152831212163616e-01 8.667355727458954107e-01 4.981661173933403242e-01 -2.449421485384579295e-02 2.039097985535995861e-01 -4.777241692758470437e-01 6.026214443263938625e-01
1.589264473925106049e+09 4.187656933053285901e-01 -7.113642920138493198e-01 -5.644432108764533274e-01 -2.843363015235935154e-01 4.875989171103914943e-01 -8.254696626366173628e-01 8.624315404349707226e-01 5.061700704816455287e-01 1.923006704728627558e-03 2.003482380389706718e-01 -4.827349775862345149e-01 5.945701226108655035e-01
1.589264473925117016e+09 4.364171576679199416e-01 -6.971044431208013314e-01 -5.688457260283048544e-01 -2.724245826623342137e-01 5.001755183179964481e-01 -8.219545595112480729e-01 8.575108812406011527e-01 5.136826320109953992e-01 2.837679099970529320e-02 1.970190491783153919e-01 -4.878855121478116730e-01 5.865075430081559960e-01
1.589264473925127029e+09 4.540603640325482915e-01 -6.825852546946076238e-01 -5.726312565993104675e-01 -2.607556826273828565e-01 5.127571306137822527e-01 -8.179771385845703291e-01 8.519598934133790769e-01 5.207278514288153914e-01 5.483470529336610666e-02 1.939128974668596905e-01 -4.931751744612177246e-01 5.784460302006458887e-01
1.589264473925139904e+09 4.717069029457811591e-01 -6.678016031088491733e-01 -5.757895594268174211e-01 -2.493735230644182621e-01 5.253090815396296298e-01 -8.135497619145273251e-01 8.457573197445841240e-01 5.273437094675768044e-01 8.125988140927936643e-02 1.910193225854477650e-01 -4.986029242054825783e-01 5.703972134112341719e-01
1.589264473925149918e+09 4.893760685318642722e-01 -6.527436318687630523e-01 -5.783051225343338597e-01 -2.383315681973481592e-01 5.377870806885001187e-01 -8.086922280508739291e-01 8.388737255056244457e-01 5.335829898708130958e-01 1.076107137791347812e-01 1.883268392736662522e-01 -5.041672299481082531e-01 5.623718953609214699e-01
1.589264473925159931e+09 5.070941681309981686e-01 -6.373971867876792041e-01 -5.801554369900030483e-01 -2.276924199622433476e-01 5.501360900748295535e-01 -8.034341569498210101e-01 8.312711150611615807e-01 5.395137707741075594e-01 1.338402949537003117e-01 1.858230671492897557e-01 -5.098660311250188260e-01 5.543799315918834791e-01
1.589264473925174952e+09 5.248931443776239103e-01 -6.217446943188018604e-01 -5.813094891864131197e-01 -2.175271295432787133e-01 5.622892701641077906e-01 -7.978174758901497299e-01 8.229028709967659561e-01 5.452195080238002589e-01 1.598954443340449560e-01 1.834948875582761985e-01 -5.156967140652868320e-01 5.464301258815237317e-01
1.589264473925185919e+09 5.428084350762475419e-01 -6.057665369359045426e-01 -5.817266589087478623e-01 -2.079142250897991484e-01 5.741669749974013248e-01 -7.918989582594454513e-01 8.137141254844763028e-01 5.507986816781582640e-01 1.857151969868204022e-01 1.813286252662156262e-01 -5.216561056090761594e-01 5.385301477359698552e-01
1.589264473925199032e+09 5.608760554371464702e-01 -5.894429519869581746e-01 -5.813562220674564074e-01 -1.989384628070665628e-01 5.856757445022426900e-01 -7.857527668309277624e-01 8.036426685111173196e-01 5.563640254764760096e-01 2.112286264859905560e-01 1.793102518220829888e-01 -5.277404882926629570e-01 5.306864782764570965e-01
1.589264473925209045e+09 5.791288426592166028e-01 -5.727565072130117452e-01 -5.801377139884337231e-01 -1.906891671824171575e-01 5.967073539436936747e-01 -7.794728831290701487e-01 7.926206061658589430e-01 5.620412061287896055e-01 2.363519778588247522e-01 1.774256050458770662e-01 -5.339456403965457953e-01 5.229043906075228065e-01
1.589264473925220966e+09 5.975918322817933559e-01 -5.556951913621573924e-01 -5.780024709579036912e-01 -1.832579332109464665e-01 6.071380973639034506e-01 -7.731751812554157333e-01 7.805770507165703531e-01 5.679667113665589628e-01 2.609852157063559108e-01 1.756606166737724184e-01 -5.402669030627206270e-01 5.151879698736679947e-01
1.589264473925230980e+09 6.162769510559069630e-01 -5.382560589405439577e-01 -5.748766256836392863e-01 -1.767355551873116271e-01 6.168284503887322412e-01 -7.669988308911699360e-01 7.674420260388628012e-01 5.742848404764951953e-01 2.850081732362574893e-01 1.740015381594853250e-01 -5.466992753476698219e-01 5.075401767369862593e-01
1.589264473925244093e+09 6.351773870263128785e-01 -5.204492961073868829e-01 -5.706857430654187491e-01 -1.712080913602655463e-01 6.256232785311824918e-01 -7.611066305567326662e-01 7.531516956527679607e-01 5.811437375894060731e-01 3.082766285970970355e-01 1.724351536582424127e-01 -5.532375370881754684e-01 4.999629564289155281e-01
1.589264473925259113e+09 6.542621857215529246e-01 -5.023025079794639636e-01 -5.653611084596947833e-01 -1.667520828573585967e-01 6.333527353612189437e-01 -7.556838331855113555e-01 7.376548890908513068e-01 5.886904987239320874e-01 3.306187554506677673e-01 1.709489683623741374e-01 -5.598763979453078576e-01 4.924573935335686548e-01
1.589264473925270081e+09 6.734717502293220415e-01 -4.838649984746442589e-01 -5.588474434410199976e-01 -1.634290919067196146e-01 6.398339529691081662e-01 -7.509350469988887999e-01 7.209207541499825789e-01 5.970654705141608121e-01 3.518324747642552763e-01 1.695313600758698025e-01 -5.666106692274580636e-01 4.850239103907648119e-01
1.589264473925278902e+09 6.927148792031764257e-01 -4.652118253512243506e-01 -5.511116527803493481e-01 -1.612797445639276850e-01 6.448737961464379165e-01 -7.470787316620851604e-01 7.029473240058272676e-01 6.063956998523442055e-01 3.716844293440989544e-01 1.681716823150522511e-01 -5.734354530877631140e-01 4.776625045306972517e-01
1.589264473925295115e+09 7.118680075510679384e-01 -4.464473787751713774e-01 -5.421518956495764430e-01 -1.603177154996700826e-01 6.482728836300203357e-01 -7.443389676160574453e-01 6.837705537134699529e-01 6.167876510906482590e-01 3.899113020671135521e-01 1.668603088526628142e-01 -5.803463422574899333e-01 4.703730186012550774e-01
1.589264473925312996e+09 7.307771600185135608e-01 -4.277081736940457346e-01 -5.320060720489550032e-01 -1.605241670503076978e-01 6.498312656639867457e-01 -7.429342623833545822e-01 6.634732356257625474e-01 6.283192218326304479e-01 4.062243483927762688e-01 1.655886116130947661e-01 -5.873396216823315585e-01 4.631554342680826442e-01
1.589264473925331116e+09 7.492630060547500470e-01 -4.091643945948659766e-01 -5.207585295508797563e-01 -1.618433600698198915e-01 6.493561274887764689e-01 -7.430634877040075414e-01 6.421928641482173017e-01 6.410312925997418976e-01 4.203179835413066723e-01 1.643488664953128009e-01 -5.944124616171049258e-01 4.560101797667127088e-01
1.589264473925348997e+09 7.671291713703072279e-01 -3.910195865847004848e-01 -5.085435256555861372e-01 -1.641803715987830148e-01 6.466716170508113315e-01 -7.448896734062889768e-01 6.201271161771606533e-01 6.549194628433773202e-01 4.318829206092282824e-01 1.631340851154927662e-01 -6.015630901332933433e-01 4.489384393436001708e-01
1.589264473925367117e+09 7.841735333591760559e-01 -3.735077537432162087e-01 -4.955439714284297081e-01 -1.674018125442931215e-01 6.416306332944445856e-01 -7.485230549821486612e-01 5.975353570623251898e-01 6.699269277421100455e-01 4.406238857456934443e-01 1.619377746854236688e-01 -6.087909323151237118e-01 4.419424523983259134e-01
1.589264473925384045e+09 8.002016963885991707e-01 -3.568871347781238379e-01 -4.819842510632973420e-01 -1.713402446605434837e-01 6.341278253826625466e-01 -7.540055847935570599e-01 5.747345177210245737e-01 6.859398474400163481e-01 4.462810325088497621e-01 1.607536326406633354e-01 -6.160967029893612557e-01 4.350257901207482125e-01
1.589264473925401926e+09 8.150412228961624317e-01 -3.414302299677459684e-01 -4.681166555362867299e-01 -1.758025086093036038e-01 6.241122957971673157e-01 -7.612997573007745933e-01 5.520881117628533286e-01 7.027867674464305381e-01 4.486529577474562269e-01 1.595751871529266508e-01 -6.234824395093080396e-01 4.281935974361907316e-01
1.589264473925430059e+09 8.285546820395170986e-01 -3.274102719144359463e-01 -4.542022158264842902e-01 -1.805813756689316485e-01 6.115978946232379920e-01 -7.702846112435925985e-01 5.299882129206534565e-01 7.202433820132214670e-01 4.476181017056233835e-01 1.583953994179047309e-01 -6.309514626073648991e-01 4.214527896619476577e-01
1.589264473925448895e+09 8.406495212611909684e-01 -3.150850022722802568e-01 -4.404881654401012203e-01 -1.854690135329033762e-01 5.966689694234238450e-01 -7.807607739961548443e-01 5.088316299376167695e-01 7.380430762929751642e-01 4.431509788483458112e-01 1.572062477514384882e-01 -6.385082555235721546e-01 4.148121952816437030e-01
1.589264473925467014e+09 8.512832857866388103e-01 -3.046792555150703019e-01 -4.271853447222468958e-01 -1.902701885179030050e-01 5.794798520316667423e-01 -7.924647353134857131e-01 4.889928659026988034e-01 7.558926197143999159e-01 4.353301330034299865e-01 1.559983168142395904e-01 -6.461582548294335648e-01 4.082826387837664717e-01
1.589264473925483942e+09 8.604635981983117521e-01 -2.963684200363902455e-01 -4.144492199620197770e-01 -1.948131533785062985e-01 5.602471591326010358e-01 -8.050906509327543370e-01 4.707974422699795491e-01 7.734913577254859396e-01 4.243358198635213130e-01 1.547604172903870590e-01 -6.539075507374250140e-01 4.018769606552197171e-01
1.589264473925499916e+09 8.682433123682378184e-01 -2.902650683773144169e-01 -4.023676686242597667e-01 -1.989567575584563763e-01 5.392352280418369892e-01 -8.183163066475256375e-01 4.544994602316178578e-01 7.905514272340461446e-01 4.104371836110830007e-01 1.534792615317465414e-01 -6.617625001630518256e-01 3.956099754127117007e-01
1.589264473925517082e+09 8.747121909454189659e-01 -2.864105000162540104e-01 -3.909572977171329455e-01 -2.025932934066559665e-01 5.167365051674586152e-01 -8.318289138751544520e-01 4.402664428262383911e-01 8.068162181605541550e-01 3.939708740217339744e-01 1.521392189964905772e-01 -6.697292611159252340e-01 3.894983716534822782e-01
1.589264473925534964e+09 8.799869127305738337e-01 -2.847720179937213714e-01 -3.801682934399919223e-01 -2.056476748869258686e-01 4.930496767336935426e-01 -8.453467042291907818e-01 4.281729410377266287e-01 8.220747619380301963e-01 3.753145593909885114e-01 1.507221723701033245e-01 -6.778132614122271971e-01 3.835605595434715132e-01
1.589264473925551891e+09 8.842011027809535406e-01 -2.852457828063457157e-01 -3.698962738099959013e-01 -2.080743071751112727e-01 4.684585785556539816e-01 -8.586335907335369555e-01 4.182026933612348896e-01 8.361706785933783470e-01 3.548592730496349379e-01 1.492074912655856067e-01 -6.860186189461472406e-01 3.778164718459142146e-01
1.589264473925571918e+09 8.874965615162924149e-01 -2.876643270079463077e-01 -3.599987339008317022e-01 -2.098532241557040379e-01 4.432145094569812094e-01 -8.715058939462296816e-01 4.102578187042549840e-01 8.490053790995109040e-01 3.329840665787776044e-01 1.475721354825607623e-01 -6.943475346968364104e-01 3.722873246725123542e-01
1.589264473925589085e+09 8.900162699540123956e-01 -2.918073047468178749e-01 -3.503134828406163637e-01 -2.109868032917264768e-01 4.175237410916510239e-01 -8.838317117677573220e-01 4.041727455598639884e-01 8.605361251468485184e-01 3.100354321800431467e-01 1.457908943635051746e-01 -7.027996828533787932e-01 3.669953433612220817e-01
1.589264473925606012e+09 8.918991995039780019e-01 -2.974140273415502578e-01 -3.406768474830969562e-01 -2.114977996797504922e-01 3.915409931714983194e-01 -8.955246125381783884e-01 3.997305328019005177e-01 8.707700885789354528e-01 2.863126859315855421e-01 1.438367621598483914e-01 -7.113716255426457691e-01 3.619634589781143830e-01
1.589264473925623894e+09 8.932765561749962391e-01 -3.041967709323364355e-01 -3.309400533160907765e-01 -2.114287556238568233e-01 3.653687603271481010e-01 -9.065338110280851680e-01 3.966798150682844804e-01 8.797556443035015050e-01 2.620594031450498296e-01 1.416814426146038031e-01 -7.200562811060199353e-01 3.572149802759672643e-01
1.589264473925641060e+09 8.942690207484847997e-01 -3.118541289384287873e-01 -3.209827424332628576e-01 -2.108423044044425987e-01 3.390617637245463833e-01 -9.168329418810047260e-01 3.947511132371001041e-01 8.875720380860074865e-01 2.374603881685067863e-01 1.392959695415080801e-01 -7.288424748777729834e-01 3.527732450516619100e-01
1.589264473925661087e+09 8.949846321043832820e-01 -3.200839363180965624e-01 -3.107229990754999394e-01 -2.098215785975409420e-01 3.126353724327600725e-01 -9.264092126719266629e-01 3.936717079631533167e-01 8.943183984234492900e-01 2.126433369139679175e-01 1.366514261977592459e-01 -7.377145994979809052e-01 3.486612516414883123e-01
1.589264473925678968e+09 8.955171062790386882e-01 -3.285954728850746798e-01 -3.001235207500900781e-01 -2.084698577774058148e-01 2.860765918348219805e-01 -9.352542447202227827e-01 3.931786247477710439e-01 9.001028824212767843e-01 1.876842301355594600e-01 1.337197415502523190e-01 -7.466524104177346688e-01 3.449012708346658740e-01
1.589264473925695896e+09 8.959445315392019493e-01 -3.371207140896296250e-01 -2.891937424687417435e-01 -2.069087154451074995e-01 2.593561318121215820e-01 -9.433573981419040022e-01 3.930294900848743112e-01 9.050326077874182307e-01 1.626154940599021104e-01 1.304745369246377573e-01 -7.556309800562714951e-01 3.415144391648411992e-01
1.589264473925712109e+09 8.963284942681889467e-01 -3.454243446102943649e-01 -2.779878642312437753e-01 -2.052741970176947817e-01 2.324401237946405463e-01 -9.507018949985461820e-01 3.930111125655882387e-01 9.092049335173113533e-01 1.374360011458315989e-01 1.268919917749632698e-01 -7.646208307294715123e-01 3.385203366785399792e-01
1.589264473925729036e+09 8.967137798842853558e-01 -3.533120285956044548e-01 -2.665989639171069681e-01 -2.037109968195370824e-01 2.053002096919075425e-01 -9.572636282341471237e-01 3.929455775787155658e-01 9.127006269733821675e-01 1.121219814618962807e-01 1.229516919932771707e-01 -7.735882613548550335e-01 3.359365564668740922e-01
1.589264473925746918e+09 8.971288106818097186e-01 -3.606362284281194319e-01 -2.551497754969844212e-01 -2.023651259580930284e-01 1.779210009271300352e-01 -9.630121876122894609e-01 3.926935867043406247e-01 9.155793948631872903e-01 8.663786012164176320e-02 1.186374171249924558e-01 -7.824958746328496417e-01 3.337782810854952875e-01
1.589264473925765991e+09 8.975868905765496120e-01 -3.672989697989372804e-01 -2.437811329782089975e-01 -2.013759207547928254e-01 1.503043617393993170e-01 -9.679133936706452168e-01 3.921549599371109140e-01 9.178780233490060336e-01 6.094605641763317649e-02 1.139378204316061488e-01 -7.913032990715911374e-01 3.320578857108282267e-01
1.589264473925784111e+09 8.980882108444143697e-01 -3.732511942704656582e-01 -2.326394456327828264e-01 -2.008684507255993901e-01 1.224704926381255804e-01 -9.719325306834968314e-01 3.912664453326867298e-01 9.196110724244789258e-01 3.501491645342279246e-02 1.088469567608933292e-01 -7.999680854950856901e-01 3.307845916011050158e-01
1.589264473925801992e+09 8.986224457901393903e-01 -3.784887461207392945e-01 -2.218647541374642040e-01 -2.009473719728875341e-01 9.445628449243634317e-02 -9.750375194226262865e-01 3.899972484738434275e-01 9.207737395765813737e-01 8.824218503984935374e-03 1.033646178841226282e-01 -8.084467414078163605e-01 3.299641960130335061e-01
1.589264473925822020e+09 8.991716631163279017e-01 -3.830455319104378309e-01 -2.115808140603621101e-01 -2.016930191345134016e-01 6.631177964600962205e-02 -9.772014501510618567e-01 3.883429495675393417e-01 9.213462261684410848e-01 -1.763193663703286479e-02 9.749644651588140754e-02 -8.166958516502816900e-01 3.295989022043178118e-01
1.589264473925843000e+09 8.997132232583995304e-01 -3.869848357928630245e-01 -2.018882188408502865e-01 -2.031600699646781694e-01 3.809573540599846264e-02 -9.784041604472957232e-01 3.863186535280508926e-01 9.212987853670959737e-01 -4.434462944488765102e-02 9.125381785560070236e-02 -8.246732242734043927e-01 3.296872651314514679e-01
1.589264473925859928e+09 9.002223578146276717e-01 -3.903899432706023909e-01 -1.928610868740170681e-01 -2.053787688308257586e-01 9.871213237669401730e-03 -9.786327813472759374e-01 3.839521688987469483e-01 9.205966822929169124e-01 -7.129151907793392084e-02 8.465349689496533270e-02 -8.323389986387744743e-01 3.302242578319425914e-01
1.589264473925873041e+09 9.006741996620426516e-01 -3.933553044911530239e-01 -1.845469876161351941e-01 -2.083580634305469970e-01 -1.829811170823183661e-02 -9.778814328824019242e-01 3.812779873852565893e-01 9.192044297330541625e-01 -9.843938661834389370e-02 7.771709618920764895e-02 -8.396566572371823023e-01 3.312014540509578553e-01
1.589264473925885916e+09 9.010451630721275640e-01 -3.959790984379576440e-01 -1.769693980635192454e-01 -2.120899190762161879e-01 -4.635057059846424410e-02 -9.761503424658494188e-01 3.783324999635307995e-01 9.170889696795779811e-01 -1.257471323991606882e-01 7.047037079226689538e-02 -8.465938915078393689e-01 3.326073154450338576e-01
1.589264473925896883e+09 9.013137004396505336e-01 -3.983576659732489533e-01 -1.701316652081801550e-01 -2.165539745603946298e-01 -7.422800986752287056e-02 -9.734446974111867767e-01 3.751506226839665392e-01 9.142217305514037662e-01 -1.531686581211892384e-01 6.294239467507239949e-02 -8.531232832098012420e-01 3.344275665665563668e-01
1.589264473925909042e+09 9.014605310573395869e-01 -4.005818506917565025e-01 -1.640216204912195441e-01 -2.217219974161389884e-01 -1.018763450768890022e-01 -9.697734614023660882e-01 3.717637247044952575e-01 9.105797006906102276e-01 -1.806553122032557857e-01 5.516466768366173890e-02 -8.592227771127148861e-01 3.366456358936633086e-01
1.589264473925921917e+09 9.014684903000267369e-01 -4.027350231456349183e-01 -1.586160845389102403e-01 -2.275617038049607688e-01 -1.292454193143429686e-01 -9.651483268453594500e-01 3.681986313885849404e-01 9.061457514201309849e-01 -2.081577410764150482e-01 4.717020252674787584e-02 -8.648759357340831677e-01 3.392431383520952415e-01
1.589264473925935984e+09 9.013221667785489277e-01 -4.048923842180027766e-01 -1.538847264099395262e-01 -2.340396867459105801e-01 -1.562884554101693635e-01 -9.595829010555226857e-01 3.644774024555115788e-01 9.009084726017163591e-01 -2.356271360368797918e-01 3.899263785295470353e-02 -8.700719810490609163e-01 3.422003741655560427e-01
1.589264473925945997e+09 9.010074854732691430e-01 -4.071210761527167543e-01 -1.497929925589634170e-01 -2.411233631112238152e-01 -1.829613665915934273e-01 -9.530921583779938810e-01 3.606175745616287953e-01 8.948617590356573448e-01 -2.630159639187590326e-01 3.066541727521360228e-02 -8.748056413284921451e-01 3.454968195807420761e-01
1.589264473925957918e+09 9.005113628016224725e-01 -4.094806597513104829e-01 -1.463040495036800337e-01 -2.487819876559414223e-01 -2.092221333159003938e-01 -9.456921390248816950e-01 3.566325956544714182e-01 8.880043289968791997e-01 -2.902783208280863558e-01 2.222106489046430863e-02 -8.790768293935108391e-01 3.491115892667955856e-01
1.589264473925971031e+09 8.998214912517648045e-01 -4.120236427841770244e-01 -1.433799212396427714e-01 -2.569869468309433636e-01 -2.350303572268886421e-01 -9.373998296378469597e-01 3.525322584397334036e-01 8.803392806556491479e-01 -3.173700644945766647e-01 1.369057867153980826e-02 -8.828901857827511357e-01 3.530238536349515344e-01
1.589264473925987005e+09 8.989262686411928494e-01 -4.147958818643949774e-01 -1.409820558849244065e-01 -2.657115554754496678e-01 -2.603470363033753010e-01 -9.282331551068511155e-01 3.483230297222568717e-01 8.718737277685648657e-01 -3.442488488510470623e-01 5.102953089250650623e-03 -8.862545215413168975e-01 3.572132004017226636e-01
1.589264473926008940e+09 8.978148534480223653e-01 -4.178367997062933936e-01 -1.390715567098034233e-01 -2.749305651444746701e-01 -2.851345541125266392e-01 -9.182110164146060072e-01 3.440082462374281502e-01 8.626185106749778564e-01 -3.708741453711068559e-01 -3.515166095462584142e-03 -8.891821934098765867e-01 3.616599355770636626e-01
1.589264473926028013e+09 8.964773200491693572e-01 -4.211794279486139048e-01 -1.376092448083216513e-01 -2.846195268520464450e-01 -3.093568581957251706e-01 -9.073533267071547392e-01 3.395881914533994683e-01 8.525879566692093903e-01 -3.972072966490525769e-01 -1.213969830379458582e-02 -8.916884437888902282e-01 3.663453221990974340e-01
1.589264473926047087e+09 8.949048472594258730e-01 -4.248503787504410711e-01 -1.365557401707063745e-01 -2.947541901045583890e-01 -3.329797463154466342e-01 -8.956810013750766686e-01 3.350601169503318877e-01 8.417996461849213130e-01 -4.232116182897016077e-01 -2.074922510265078679e-02 -8.937907383649226212e-01 3.712517567894546011e-01
1.589264473926067114e+09 8.930899108372483131e-01 -4.288698168227498275e-01 -1.358715994073664279e-01 -3.053099825994706751e-01 -3.559712141776163463e-01 -8.832158906330760395e-01 3.304182590142832887e-01 8.302741565252714784e-01 -4.488525362069773483e-01 -2.932498218559873721e-02 -8.955081297484674963e-01 3.763628869839770186e-01
1.589264473926085949e+09 8.910265009840953043e-01 -4.332514270236760834e-01 -1.355174367834904026e-01 -3.162615002125357955e-01 -3.783018779803208331e-01 -8.699806623509697134e-01 3.256538626094239719e-01 8.180347732203832045e-01 -4.740977448934508565e-01 -3.785076432394010593e-02 -8.968606696191416816e-01 3.816636764916236935e-01
1.589264473926105976e+09 8.887102991465390955e-01 -4.380024942164866819e-01 -1.354541228511875750e-01 -3.275821319251533970e-01 -3.999453746227538131e-01 -8.559986240794957846e-01 3.207552824822278437e-01 8.051071434772709701e-01 -4.989173643248270840e-01 -4.631276313506223208e-02 -8.978688871755591272e-01 3.871404244370096337e-01
1.589264473926126003e+09 8.861387780634911726e-01 -4.431241630085390737e-01 -1.356430695483685778e-01 -3.392438614432402022e-01 -4.208786703456210976e-01 -8.412934966977547724e-01 3.157082018133513523e-01 7.915188697101526172e-01 -5.232840627649191223e-01 -5.469935768906003526e-02 -8.985533443973555690e-01 3.927807475374453516e-01
1.589264473926143885e+09 8.833112504119355890e-01 -4.486118387093437354e-01 -1.360465112081294115e-01 -3.512171682046186794e-01 -4.410822877712318735e-01 -8.258891671632326847e-01 3.104959514423049072e-01 7.772990632225112995e-01 -5.471731267108804753e-01 -6.300087631209037864e-02 -8.989342714486419084e-01 3.985735342341120702e-01
1.589264473926163912e+09 8.802288882220677957e-01 -4.544556845515332899e-01 -1.366277250945756305e-01 -3.634709765224471423e-01 -4.605404640871034183e-01 -8.098094408124713039e-01 3.050999078568724654e-01 7.624778762827928436e-01 -5.705624720819160167e-01 -7.120934516639725043e-02 -8.990312801566413548e-01 4.045088794607574756e-01
1.589264473926182985e+09 8.768947301536459404e-01 -4.606411733570088263e-01 -1.373511622936686716e-01 -3.759726227277164212e-01 -4.792412523955451586e-01 -7.930778078009401710e-01 2.994999489119170577e-01 7.470860268505896684e-01 -5.934325987250583800e-01 -7.931823623944106449e-02 -8.988631505296040825e-01 4.105780072873891906e-01
1.589264473926202059e+09 8.733136862571240222e-01 -4.671496624824846289e-01 -1.381824821924738933e-01 -3.886878293999593281e-01 -4.971765728520473049e-01 -7.757172338862881045e-01 2.936749510662065021e-01 7.311543259502216729e-01 -6.157664938138118771e-01 -8.732222400907625748e-02 -8.984476821984606065e-01 4.167731877070556257e-01
1.589264473926220894e+09 8.694925398830002372e-01 -4.739589766750756383e-01 -1.390885029874998902e-01 -4.015806947227208989e-01 -5.143422096939526122e-01 -7.577499833176587485e-01 2.876033186985533785e-01 7.147132151176481818e-01 -6.375494893363100601e-01 -9.521695753642904492e-02 -8.978016025221934315e-01 4.230876519097984678e-01
1.589264473926239967e+09 8.654399473896206008e-01 -4.810439832137134442e-01 -1.400370801699128143e-01 -4.146137015938288206e-01 -5.307377539787190290e-01 -7.391974805267137461e-01 2.812635350107413057e-01 6.977923206975924497e-01 -6.587690803247726601e-01 -1.029988532862469441e-01 -8.969405243201573619e-01 4.295155082751390130e-01
1.589264473926259041e+09 8.611663563601260618e-01 -4.883772550976966942e-01 -1.409970337384542638e-01 -4.277478853899145950e-01 -5.463663789946543448e-01 -7.200802224151690023e-01 2.746347637007366949e-01 6.804200443241325003e-01 -6.794146819080398858e-01 -1.106649122737781293e-01 -8.958789457677179824e-01 4.360516604430386134e-01
1.589264473926278114e+09 8.566837688708763832e-01 -4.959298939026424158e-01 -1.419382282307476983e-01 -4.409432730359121866e-01 -5.612343443402517673e-01 -7.004177617408753331e-01 2.676974978103479064e-01 6.626232347109435317e-01 -6.994773038708987922e-01 -1.182125627388734140e-01 -8.946302834707430263e-01 4.426917289299445168e-01
1.589264473926296949e+09 8.520054399790831789e-01 -5.036723526036955834e-01 -1.428316898138733138e-01 -4.541594218390514470e-01 -5.753503692605100861e-01 -6.802287647632715428e-01 2.604341567815371961e-01 6.444269655501488892e-01 -7.189491888837027389e-01 -1.256395273630246945e-01 -8.932069293240176844e-01 4.494319777407229100e-01
1.589264473926316023e+09 8.471453851733405926e-01 -5.115753968715752720e-01 -1.436499559400614134e-01 -4.673562593500746321e-01 -5.887247098446489746e-01 -6.595311540248820492e-01 2.528296332409623592e-01 6.258544794514028231e-01 -7.378233848618998003e-01 -1.329437135434204387e-01 -8.916203239333744257e-01 4.562692463593824854e-01
1.589264473926333904e+09 8.421176307900718472e-01 -5.196112417608166334e-01 -1.443677716620906382e-01 -4.804953048571963259e-01 -6.013678709249021814e-01 -6.383423423948887399e-01 2.448717177277722479e-01 6.069273773459803456e-01 -7.560932486328636459e-01 -1.401231255606808501e-01 -8.898810416492257680e-01 4.632008864834983308e-01
1.589264473926362991e+09 8.369352548393734770e-01 -5.277547526776866782e-01 -1.449631000615187459e-01 -4.935411574467409856e-01 -6.132890607861460897e-01 -6.166795392186540381e-01 2.365512742189905260e-01 5.876661033826116043e-01 -7.737519277802716866e-01 -1.471757966691155384e-01 -8.879988823083841964e-01 4.702247031838593938e-01
1.589264473926383018e+09 8.316093733557332612e-01 -5.359844933009758616e-01 -1.454182699462480965e-01 -5.064629665993197749e-01 -6.244946568156999334e-01 -5.945600788287175309e-01 2.278620500064420240e-01 5.680907028547538262e-01 -7.907919066607033143e-01 -1.540997375013054282e-01 -8.859829641707654968e-01 4.773389011009551708e-01
1.589264473926400900e+09 8.261482167275832067e-01 -5.442834619974245003e-01 -1.457210936697619641e-01 -5.192356370208235372e-01 -6.349869214082854985e-01 -5.720017160400490130e-01 2.188000856250610915e-01 5.482217824555559726e-01 -8.072046827880373643e-01 -1.608928972254811962e-01 -8.838418141721424703e-01 4.845420359903335750e-01
1.589264473926420927e+09 8.205563180814224866e-01 -5.526395321098160895e-01 -1.458659540553663425e-01 -5.318407296558935737e-01 -6.447630090325215946e-01 -5.490228599313224933e-01 2.093627649825418047e-01 5.280816318115585384e-01 -8.229805726293444312e-01 -1.675531344199382711e-01 -8.815834532486948039e-01 4.918329715299492033e-01
1.589264473926439047e+09 8.148337700365624325e-01 -5.610456848498760474e-01 -1.458549514610842923e-01 -5.442671223316218887e-01 -6.538141973890431169e-01 -5.256427447479228299e-01 1.995475556941219974e-01 5.076955139939837158e-01 -8.381086076578041499e-01 -1.740781969402525609e-01 -8.792154770621725124e-01 4.992108399535735153e-01
1.589264473926457882e+09 8.089756220508372841e-01 -5.694999900319596131e-01 -1.456990199947758025e-01 -5.565113027121458833e-01 -6.621254358710325638e-01 -5.018815372087112037e-01 1.893505033237732615e-01 4.870930800716928299e-01 -8.525765176103095033e-01 -1.804657097850835279e-01 -8.767451319398620324e-01 5.066750056286157822e-01
1.589264473926476955e+09 8.029715146547214966e-01 -5.780052766127933284e-01 -1.454188674390300695e-01 -5.685771404903641191e-01 -6.696753268746226118e-01 -4.777603919873660288e-01 1.787645999463921831e-01 4.663098293114112947e-01 -8.663707988135254112e-01 -1.867131697553662262e-01 -8.741793856356381287e-01 5.142250310863983875e-01
1.589264473926495075e+09 7.968056861345853559e-01 -5.865684120456736705e-01 -1.450454986553836867e-01 -5.804749478937804019e-01 -6.764366995856311293e-01 -4.533014742819231890e-01 1.677782275552841817e-01 4.453884704109029036e-01 -8.794768768572944762e-01 -1.928179465995494279e-01 -8.715249931519850612e-01 5.218606446712338309e-01
1.589264473926512957e+09 7.904571900964928455e-01 -5.951993979978733584e-01 -1.446205635243679732e-01 -5.922201165849753091e-01 -6.823775147027562049e-01 -4.285280168261131895e-01 1.563737969363833968e-01 4.243802589468805841e-01 -8.918792696273943887e-01 -1.987772907989432958e-01 -8.687885579164357219e-01 5.295817089441587910e-01
1.589264473926532030e+09 7.839003761770327872e-01 -6.039102565145795243e-01 -1.441964023558874319e-01 -6.038312844862883111e-01 -6.874621603449997398e-01 -4.034644448203317801e-01 1.445267460983383212e-01 4.033462288217297687e-01 -9.035617519022882682e-01 -2.045883486658791051e-01 -8.659765885780997818e-01 5.373881889127219980e-01
1.589264473926549911e+09 7.771056857962754805e-01 -6.127136893334853562e-01 -1.438356289409179478e-01 -6.153280159756073786e-01 -6.916532029445575658e-01 -3.781365889157130566e-01 1.322050910229891074e-01 3.823581853392462593e-01 -9.145075353188178990e-01 -2.102481856650209591e-01 -8.630955514091763758e-01 5.452801192575084110e-01
1.589264473926568985e+09 7.700408108763796555e-01 -6.216215109198123256e-01 -1.436100515040546199e-01 -6.267280229173203265e-01 -6.949136527607675529e-01 -3.525719795468548745e-01 1.193697411821701415e-01 3.614992565774164945e-01 -9.246994930934557821e-01 -2.157538184406784521e-01 -8.601519177308518671e-01 5.532575701724496975e-01
1.589264473926587105e+09 7.626721551561924661e-01 -6.306429575105388929e-01 -1.435988998500659641e-01 -6.380441479649624492e-01 -6.972096524112191274e-01 -3.268001929268795624e-01 1.059757011446098851e-01 3.408638450554599686e-01 -9.341204365841337953e-01 -2.211022552359033777e-01 -8.571522052914068990e-01 5.613206120129271559e-01
1.589264473926605940e+09 7.549665481124171462e-01 -6.397829719839286389e-01 -1.438862750126387591e-01 -6.492813354399430414e-01 -6.985135053368654035e-01 -3.008531711251895557e-01 9.197422963884789582e-02 3.205567527938701367e-01 -9.427534722629278274e-01 -2.262905437936999220e-01 -8.541030123857185075e-01 5.694692793308631096e-01
1.589264473926624060e+09 7.468929818482044070e-01 -6.490406918371518508e-01 -1.445581341600294945e-01 -6.604340599348749175e-01 -6.988067016806442933e-01 -2.747654389272976561e-01 7.731575765667242361e-02 3.006914933404505330e-01 -9.505824002125651262e-01 -2.313158246998234802e-01 -8.510110434131605839e-01 5.777035354770510001e-01
1.589264473926634073e+09 7.384242319935111487e-01 -6.584082777183258850e-01 -1.456989827801177806e-01 -6.714845048548376827e-01 -6.980827077859150798e-01 -2.485741199217885999e-01 6.195331777948122343e-02 2.813877628200673886e-01 -9.575921436052245994e-01 -2.361753874360554839e-01 -8.478831249119430646e-01 5.860232392251648603e-01
1.589264473926645041e+09 7.295381656632354828e-01 -6.678702291593558993e-01 -1.473886765994288361e-01 -6.824017908899882023e-01 -6.963491878781766786e-01 -2.223187005096379509e-01 4.584605622202386765e-02 2.627682737462164742e-01 -9.637691495293556621e-01 -2.408667258667847866e-01 -8.447262116455878100e-01 5.944281150095737098e-01
1.589264473926662922e+09 7.202186241760297758e-01 -6.774032372616820563e-01 -1.496996582620016003e-01 -6.931423465725556898e-01 -6.936294358636841961e-01 -1.960405400830954048e-01 2.896240699780418953e-02 2.449552203875684508e-01 -9.691017073191999787e-01 -2.453875891657024133e-01 -8.415473829574241504e-01 6.029177285342472992e-01
1.589264473926685095e+09 7.104558670343368298e-01 -6.869765358535923072e-01 -1.526947947032468167e-01 -7.036513083640335564e-01 -6.899629347045259653e-01 -1.697821699597903966e-01 1.128261832301057088e-02 2.280666307582632224e-01 -9.735801531469138181e-01 -2.497360252429443039e-01 -8.383538305752212816e-01 6.114914687600186971e-01
1.589264473926704884e+09 7.002465990295219100e-01 -6.965526689780197067e-01 -1.564259570326019255e-01 -7.138647397222060986e-01 -6.854050318492189708e-01 -1.435864755534850268e-01 -7.199595262432901405e-03 2.122129161967399313e-01 -9.771969321332059089e-01 -2.539104140213196970e-01 -8.351528396343597116e-01 6.201485369657370184e-01
1.589264473926723003e+09 6.895935944772885184e-01 -7.060885498331512800e-01 -1.609336335163987775e-01 -7.237124226167199748e-01 -6.800257601985171263e-01 -1.174959364464165656e-01 -2.647648107132510170e-02 1.974941148657005097e-01 -9.799464631737339060e-01 -2.579094890688139463e-01 -8.319517651894836607e-01 6.288879428813608508e-01
1.589264473926742077e+09 6.785051122781412536e-01 -7.155366277940088393e-01 -1.662472467260290299e-01 -7.331207898887482921e-01 -6.739081080589972572e-01 -9.155200483874786910e-02 -4.652655467371243775e-02 1.839978160829277842e-01 -9.818248741655123402e-01 -2.617323479705754852e-01 -8.287580066288274816e-01 6.377085069601952094e-01
1.589264473926759958e+09 6.669942336160474827e-01 -7.248460428028524749e-01 -1.723859237361539676e-01 -7.420157053763757338e-01 -6.671459766860056151e-01 -6.579467327397217624e-02 -6.731556686838915948e-02 1.717977303996180982e-01 -9.828296670481332376e-01 -2.653784531357650245e-01 -8.255789820804719792e-01 6.466088673259826614e-01
1.589264473926778078e+09 6.550781936368770264e-01 -7.339636781819615097e-01 -1.793596372583100007e-01 -7.503249170670587276e-01 -6.598420020599580216e-01 -4.026228272926684476e-02 -8.879796898187533594e-02 1.609529483193086197e-01 -9.829593426359162223e-01 -2.688476252626983976e-01 -8.224221043374894125e-01 6.555874898408950990e-01
1.589264473926796913e+09 6.427777894032037365e-01 -7.428350672187090664e-01 -1.871704477381161968e-01 -7.579800609811800927e-01 -6.521054218220202481e-01 -1.499153928204625258e-02 -1.109186226510107259e-01 1.515076957971330796e-01 -9.822130509246264074e-01 -2.721400311700104546e-01 -8.192947593337088774e-01 6.646426801296029252e-01
1.589264473926815033e+09 6.301168914474060134e-01 -7.514051415496575403e-01 -1.958137291197361018e-01 -7.649181937660721742e-01 -6.440500841669316578e-01 9.982294073589755012e-03 -1.336145957761529779e-01 1.434914718097420605e-01 -9.805903005112104331e-01 -2.752561673315607749e-01 -8.162042878622176589e-01 6.737725966737239114e-01
1.589264473926832914e+09 6.171220650195290425e-01 -7.596188097525820027e-01 -2.052793727642480137e-01 -7.710828745841922238e-01 -6.357926602869341526e-01 3.462504748004885391e-02 -1.568169558281296283e-01 1.369195279702604684e-01 -9.780907347319144352e-01 -2.781968409790936958e-01 -8.131579707923829448e-01 6.829752639721172747e-01
1.589264473926851034e+09 6.038223092820029780e-01 -7.674213768080112574e-01 -2.155528922975188111e-01 -7.764248376097022675e-01 -6.274511032763909757e-01 5.890318161815011333e-02 -1.804524607818073223e-01 1.317935641787673362e-01 -9.747139918879096365e-01 -2.809631500082714894e-01 -8.101630177993023318e-01 6.922485851420455694e-01
