1.586177202301518917e+09 -8.335119986146852233e-02 -9.958040050357558348e-01 -3.777513782160726863e-02 -8.999901081892091037e-01 9.149891768227599864e-02 -4.261991943044059483e-01 4.278672488568749377e-01 -1.526963849834331484e-03 -9.038402988021843054e-01 5.340981478640227653e-01 -3.434131724186151313e-01 6.711547670559901979e-01
1.586177202301574945e+09 -8.424985891659403370e-02 -9.949611211596076643e-01 -5.435373634319098923e-02 -8.922903924557035182e-01 9.961115533822879897e-02 -4.403356370596128722e-01 4.435310776089835261e-01 1.140110143541555113e-02 -8.961864750613972586e-01 5.284176220837600857e-01 -3.449477819876574092e-01 6.774312745405812741e-01
1.586177202301600933e+09 -8.442477274105344986e-02 -9.939116222025490277e-01 -7.079650415405060182e-02 -8.843036560409898161e-01 1.074795597785585394e-01 -4.543734016693360411e-01 4.592161818380389171e-01 2.424523628364530850e-02 -8.879936187032195782e-01 5.224951883394713947e-01 -3.465706871333373296e-01 6.834569614983035946e-01
1.586177202301620960e+09 -8.388786380585572244e-02 -9.926647197060567418e-01 -8.706078660079789866e-02 -8.760276772006883039e-01 1.151049791088124830e-01 -4.683229148454053359e-01 4.749087650160322416e-01 3.698104976433978092e-02 -8.792576794496957948e-01 5.163410568351153307e-01 -3.482786234445305329e-01 6.892212970953675022e-01
1.586177202301640987e+09 -8.265353095312660825e-02 -9.912304419946381673e-01 -1.031048238490538393e-01 -8.674591750799388601e-01 1.224892579855089564e-01 -4.821939042175657497e-01 4.905945101630779237e-01 4.958419665535040294e-02 -8.699761111903406841e-01 5.099658629338168492e-01 -3.500681704139290695e-01 6.947142353133862747e-01
1.586177202301661968e+09 -8.073858443822361231e-02 -9.896196007625551738e-01 -1.188878749205129343e-01 -8.585938555687782081e-01 1.296351422452461100e-01 -4.959952833527387361e-01 5.062587008490437857e-01 6.203044184077717571e-02 -8.601478664169748267e-01 5.033806664688726951e-01 -3.519357506771756960e-01 6.999262672957274889e-01
1.586177202301680088e+09 -7.816227956797035248e-02 -9.878437403718121068e-01 -1.343703937488722189e-01 -8.494264800818605021e-01 1.365462941203470226e-01 -5.097349944362603580e-01 5.218863027765683338e-01 7.429572144454114901e-02 -8.497734008259225646e-01 4.965969497766704044e-01 -3.538776296196981530e-01 7.048484862990833655e-01
1.586177202301700115e+09 -7.494646074175941031e-02 -9.859150554856146442e-01 -1.495143186016758552e-01 -8.399509711762470632e-01 1.432274544542319061e-01 -5.234197764590319268e-01 5.374619931627393488e-01 8.635623738044917452e-02 -8.388546990826230010e-01 4.896266093766830640e-01 -3.558899172893537632e-01 7.094726617866191631e-01
1.586177202301717043e+09 -7.111578976251767270e-02 -9.838462614067849943e-01 -1.642835306977831478e-01 -8.301605715141493480e-01 1.496847580572464587e-01 -5.370548378004978973e-01 5.529701348300853914e-01 9.818863079262840632e-02 -8.273953243589360351e-01 4.824819374478015455e-01 -3.579685741696719270e-01 7.137913183472313072e-01
1.586177202301737070e+09 -6.669800549420419611e-02 -9.816504009750498527e-01 -1.786445253393307842e-01 -8.200480738609764453e-01 1.559261871286505841e-01 -5.506434243957858410e-01 5.683946979797259713e-01 1.097702807621271370e-01 -8.154004861247060587e-01 4.751755899475607059e-01 -3.601094221774894799e-01 7.177978133103808389e-01
1.586177202301749945e+09 -6.172410353029482433e-02 -9.793405839373927613e-01 -1.925672760404637529e-01 -8.096061280999955478e-01 1.619620771168861773e-01 -5.641863194236558243e-01 5.837191554642430225e-01 1.210797519597113237e-01 -8.028771021843584821e-01 4.677205398438925021e-01 -3.623081617053567904e-01 7.214864063096372293e-01
1.586177202301763058e+09 -5.622831468737998079e-02 -9.769296690933254590e-01 -2.060262079875245234e-01 -7.988276157331168914e-01 1.678055570629158333e-01 -5.776813442260726461e-01 5.989263869935952389e-01 1.320973760881885284e-01 -7.898338218865288418e-01 4.601300159600030804e-01 -3.645603948084636947e-01 7.248523146701182363e-01
1.586177202301773071e+09 -5.024782494146722012e-02 -9.744299004302910960e-01 -2.190011994057589895e-01 -7.877060798655207696e-01 1.734728624348483572e-01 -5.911229126395355360e-01 6.139986057779093231e-01 1.428059356305797223e-01 -7.762809909136801911e-01 4.524174294332599100e-01 -3.668616540906842749e-01 7.278917489361110826e-01
1.586177202301781893e+09 -4.382221009348932772e-02 -9.718525146689674932e-01 -2.314785167984766134e-01 -7.762361922184026763e-01 1.789834741919537897e-01 -6.045016873114145151e-01 6.289173140059548528e-01 1.531914025097121934e-01 -7.622305467134661283e-01 4.445962915389710113e-01 -3.692074361700671825e-01 7.306019250094288875e-01
1.586177202301790953e+09 -3.699258659593811227e-02 -9.692073451236854487e-01 -2.434515779376574540e-01 -7.644142309788043432e-01 1.843600470277982351e-01 -6.178043838003134391e-01 6.436632909182105067e-01 1.632436685545752275e-01 -7.476958423073182258e-01 4.366801271844673038e-01 -3.715932383718608123e-01 7.329810499830797799e-01
1.586177202301800013e+09 -2.980050639971912330e-02 -9.665024579744176947e-01 -2.549214166225058920e-01 -7.522385319406751369e-01 1.896280884670967504e-01 -6.310137710335224082e-01 6.582166215932547804e-01 1.729571822691967908e-01 -7.326914030902293984e-01 4.286823892994134355e-01 -3.740145968937730325e-01 7.350282816515087969e-01
1.586177202301809072e+09 -2.228668362184914667e-02 -9.637438470818920910e-01 -2.658967864605178977e-01 -7.397098865887362651e-01 1.948154165844040164e-01 -6.441088706498444560e-01 6.725567540910755149e-01 1.823314311286688416e-01 -7.172326413037233284e-01 4.206163794784050225e-01 -3.764671245547276390e-01 7.367436648488054907e-01
1.586177202301819086e+09 -1.448966406019881401e-02 -9.609351997293922309e-01 -2.763939067012004536e-01 -7.268318761400125450e-01 1.999514646975423804e-01 -6.570653207238920102e-01 6.866625616105977992e-01 1.913712459872970451e-01 -7.013355635458027315e-01 4.124951792682691742e-01 -3.789465465287865098e-01 7.381280490784928316e-01
1.586177202301829100e+09 -6.444518555751118510e-03 -9.580777733483268888e-01 -2.864357667987584288e-01 -7.136110981211298832e-01 2.050664173712399008e-01 -6.698559286971892401e-01 7.005124330604409755e-01 2.000868431122287405e-01 -6.850164861837931829e-01 4.043315953898815596e-01 -3.814487328019194878e-01 7.391829936216256502e-01
1.586177202301839113e+09 1.818319146062967809e-03 -9.551704033858011700e-01 -2.960509995193146282e-01 -7.000572610836790499e-01 2.101902315058569171e-01 -6.824513886640031224e-01 7.140843962520960764e-01 2.084935662779174859e-01 -6.682917834692136960e-01 3.961381207000863047e-01 -3.839697265779253854e-01 7.399106671494434240e-01
1.586177202301847935e+09 1.027395431087268184e-02 -9.522096512697638682e-01 -3.052723800094417905e-01 -6.861831308867649692e-01 2.153516126407266085e-01 -6.948211236896656429e-01 7.273562791358711976e-01 2.166113179533627753e-01 -6.511776870705837661e-01 3.879269111215016275e-01 -3.865057683885865236e-01 7.403137491079277988e-01
1.586177202301856995e+09 1.890357758258326415e-02 -9.491900907343376881e-01 -3.141350450227022306e-01 -6.720043184129181890e-01 2.205770217655748655e-01 -7.069342074120568142e-01 7.403059170613239814e-01 2.244636924410657874e-01 -6.336901450568583893e-01 3.797097772455135245e-01 -3.890533161979490284e-01 7.403953389190454093e-01
1.586177202301866055e+09 2.769458997861551017e-02 -9.461047224133404265e-01 -3.226745481412943151e-01 -6.575389024166166108e-01 2.258897837571745282e-01 -7.187603199320220515e-01 7.529114167945906155e-01 2.320768405605870277e-01 -6.158447357396549249e-01 3.714981882600651986e-01 -3.916090622004897437e-01 7.401588762818284151e-01
1.586177202301875114e+09 3.664030595058290901e-02 -9.429454442710919482e-01 -3.309250326181698565e-01 -6.428069564381960754e-01 2.313094383876145854e-01 -7.302706077704099741e-01 7.651514260441748538e-01 2.394782515057001238e-01 -5.976566424635515462e-01 3.633032855244118231e-01 -3.941699471574349189e-01 7.396080738991391845e-01
1.586177202301883936e+09 4.573928981034063729e-02 -9.397035486014384542e-01 -3.389176274828529234e-01 -6.278299984699132752e-01 2.368513480931790371e-01 -7.414384209316421392e-01 7.770054120981526591e-01 2.466955203385071127e-01 -5.791406649662588224e-01 3.551359030950257401e-01 -3.967331730966865977e-01 7.387468637558685103e-01
1.586177202301893950e+09 5.499440348444861737e-02 -9.363702154049088344e-01 -3.466791533868891495e-01 -6.126303878322534313e-01 2.425265635127544506e-01 -7.522399045524581496e-01 7.884539450905264646e-01 2.537551690030808160e-01 -5.603112444685277582e-01 3.470065923771372129e-01 -3.992962151710408580e-01 7.375793585303763722e-01
1.586177202301903963e+09 6.441166702117843978e-02 -9.329369667557544377e-01 -3.542312144874036894e-01 -5.972307083533355820e-01 2.483419391688295175e-01 -7.626544186953441162e-01 7.994789666953758811e-01 2.606816015999206537e-01 -5.411824871533277292e-01 3.389256479967330260e-01 -4.018568334379548079e-01 7.361098287122134209e-01
1.586177202301913023e+09 7.399904639676721518e-02 -9.293960509646752577e-01 -3.615897145781827304e-01 -5.816531816028823743e-01 2.543004704183988718e-01 -7.726647702478224300e-01 8.100640206173194136e-01 2.674962640827752147e-01 -5.217681776474382138e-01 3.309031320901789641e-01 -4.044130852091434303e-01 7.343426950766431816e-01
1.586177202301922083e+09 8.376529966618202760e-02 -9.257407212554400466e-01 -3.687648189380166031e-01 -5.659191715564537706e-01 2.604018108403481913e-01 -7.822572392006477138e-01 8.201944073632360110e-01 2.742170928703102084e-01 -5.020817862761931538e-01 3.229488946282061956e-01 -4.069633384184426772e-01 7.322825346844253902e-01
1.586177202301930904e+09 9.371900122807219624e-02 -9.219653885125129733e-01 -3.757613222497482863e-01 -5.500488322358405568e-01 2.666429027759769088e-01 -7.914214077601664510e-01 8.298572353099357146e-01 2.808583003680130696e-01 -4.821364787283865527e-01 3.150725878503869981e-01 -4.095062862072162413e-01 7.299340981917815663e-01
1.586177202301939964e+09 1.038678140487376556e-01 -9.180656560555086054e-01 -3.825793100537465685e-01 -5.340609136016406522e-01 2.730186365292908701e-01 -8.001498389530316002e-01 8.390413683469006845e-01 2.874304705145286909e-01 -4.619451339984264604e-01 3.072836736727120321e-01 -4.120409626407990911e-01 7.273023350594575165e-01
1.586177202301949978e+09 1.142180171062927990e-01 -9.140382667168527320e-01 -3.892149684308833235e-01 -5.179727043957235155e-01 2.795224633543542669e-01 -8.084376723577326729e-01 8.477372954502749858e-01 2.939408776581045601e-01 -4.415203713835901822e-01 2.995914240932174288e-01 -4.145667591575053490e-01 7.243924219614695792e-01
1.586177202301959038e+09 1.247742245495761099e-01 -9.098810117649692719e-01 -3.956613923833146584e-01 -5.018000503698496484e-01 2.861469155696864664e-01 -8.162822136152826369e-01 8.559369733592163687e-01 3.003938868220504266e-01 -4.208745779909643936e-01 2.920049149900980079e-01 -4.170834411758392868e-01 7.212097914265441778e-01
1.586177202301969051e+09 1.355391935833622497e-01 -9.055926509692678872e-01 -4.019092902861552408e-01 -4.855573726117099476e-01 2.928840289750521131e-01 -8.236825745271346699e-01 8.636336983525675359e-01 3.067912909162061053e-01 -4.000199231167134717e-01 2.845330132519547917e-01 -4.195911642570346878e-01 7.177601602522579727e-01
1.586177202301979065e+09 1.465136283503759018e-01 -9.011728735118313960e-01 -4.079475565058969799e-01 -4.692576311856468396e-01 2.997256972353764537e-01 -8.306393814987932389e-01 8.708220439935761004e-01 3.131324936238912837e-01 -3.789683484596054752e-01 2.771843569271201235e-01 -4.220904891904952438e-01 7.140495577443678465e-01
1.586177202301987886e+09 1.576959536033156473e-01 -8.966222945918066456e-01 -4.137637576723702804e-01 -4.529122344756415508e-01 3.066639962197664215e-01 -8.371545265903418409e-01 8.774978598843228283e-01 3.194145493916065170e-01 -3.577315355652300188e-01 2.699673277451020703e-01 -4.245823953320401745e-01 7.100843541628584221e-01
1.586177202301996946e+09 1.690820517327695505e-01 -8.919424775522087900e-01 -4.193445798206529296e-01 -4.365309051525779749e-01 3.136915074913029788e-01 -8.432309334223926367e-01 8.836583212132238518e-01 3.256320852820367429e-01 -3.363208533349760776e-01 2.628900156318545456e-01 -4.270682914241586969e-01 7.058712888006634101e-01
1.586177202302006960e+09 1.806649917796017968e-01 -8.871359615645132424e-01 -4.246762844207081500e-01 -4.201215356902479048e-01 3.208016538448554833e-01 -8.488723073852556533e-01 8.893020049534440252e-01 3.317771611915789065e-01 -3.147472943488300867e-01 2.559601747974153407e-01 -4.295500230461354874e-01 7.014174971529605340e-01
1.586177202302016020e+09 1.924348086952874515e-01 -8.822062695837618040e-01 -4.297452063893283380e-01 -4.036900831095604492e-01 3.279890373693344352e-01 -8.540828462569823865e-01 8.944289581738555928e-01 3.378391471858041006e-01 -2.930214145950207905e-01 2.491851716425779739e-01 -4.320298757362702191e-01 6.967305355825428315e-01
1.586177202302025080e+09 2.043784114005022523e-01 -8.771578706809247672e-01 -4.345383009137496755e-01 -3.872405617148048651e-01 3.352497461006045398e-01 -8.588669019168087004e-01 8.990407178397186172e-01 3.438047087231850263e-01 -2.711532959941230780e-01 2.425719250119112713e-01 -4.345105727851193422e-01 6.918184019291017117e-01
1.586177202302038908e+09 2.164796917178480606e-01 -8.719960794423884387e-01 -4.390437115093948073e-01 -3.707751821533441516e-01 3.425815791254070430e-01 -8.632286059028577707e-01 9.031402479070015366e-01 3.496579745679321283e-01 -2.491525505267771501e-01 2.361268391477626960e-01 -4.369952666841449562e-01 6.866895511506698746e-01
1.586177202302058935e+09 2.287199160612641002e-01 -8.667268776135733654e-01 -4.432513053835820949e-01 -3.542946843663192236e-01 3.499841207385392949e-01 -8.671714893644372202e-01 9.067317556160056080e-01 3.553809715652392343e-01 -2.270283867918948262e-01 2.298557301686438570e-01 -4.394875232057912084e-01 6.813529046870274719e-01
1.586177202302076101e+09 2.410785214249676067e-01 -8.613566384758364336e-01 -4.471530923143149372e-01 -3.377989256137748919e-01 3.574585599122833690e-01 -8.706981474113233421e-01 9.098203297227277497e-01 3.609544561246674776e-01 -2.047897659294522221e-01 2.237637479315973121e-01 -4.419912971702624205e-01 6.758178514592818598e-01
1.586177202302109003e+09 2.535343023222536574e-01 -8.558917792877712705e-01 -4.507434079370178925e-01 -3.212876837314826983e-01 3.650072001540105027e-01 -8.738100298257531762e-01 9.124114104080564003e-01 3.663591217374165265e-01 -1.824456414372165325e-01 2.178552960028014851e-01 -4.445108991632604756e-01 6.700942383104337985e-01
1.586177202302128077e+09 2.660668711487851334e-01 -8.503383924760055113e-01 -4.540187644398790412e-01 -3.047615652435717859e-01 3.726326704447386340e-01 -8.765074337239847635e-01 9.145101467131017126e-01 3.715770596997007291e-01 -1.600052507456354023e-01 2.121339521080804202e-01 -4.470509526987813120e-01 6.641923489561046834e-01
1.586177202302146912e+09 2.786582531023366616e-01 -8.447019044775897489e-01 -4.569773196286470718e-01 -2.882228988124200253e-01 3.803368862066184297e-01 -8.787897437366425368e-01 9.161207008858007761e-01 3.765933425577024374e-01 -1.374784192235046221e-01 2.066023907778269386e-01 -4.496163414917963563e-01 6.581228715926024098e-01
1.586177202302165985e+09 2.912945082621936077e-01 -8.389867974209469503e-01 -4.596179536470756388e-01 -2.716765232537491914e-01 3.881198139494667632e-01 -8.806559355608073458e-01 9.172455375645299780e-01 3.813976453375725328e-01 -1.148758458135536592e-01 2.012623108441389530e-01 -4.522121468334996397e-01 6.518968546631698224e-01
1.586177202302185059e+09 3.039672633541383173e-01 -8.331964267381168909e-01 -4.619389758235661336e-01 -2.551303903844117649e-01 3.959781116428182646e-01 -8.821053333406276842e-01 9.178847349880159268e-01 3.859858153691326788e-01 -9.220934666438854177e-02 1.961143706614237037e-01 -4.548435754243489448e-01 6.455256505915492049e-01
1.586177202302202940e+09 3.166750151576810945e-01 -8.273329667209584626e-01 -4.639365226587310875e-01 -2.385959176769268109e-01 4.039037380228937546e-01 -8.831385840200467463e-01 9.180353603512964034e-01 3.903612848158413140e-01 -6.949204604887315728e-02 1.911581338518177076e-01 -4.575158783904466619e-01 6.390208477951311306e-01
1.586177202302220106e+09 3.294240843459618207e-01 -8.213975064272445170e-01 -4.656027375274169877e-01 -2.220880664349215716e-01 4.118826169303189122e-01 -8.837587910305189087e-01 9.176909411193330257e-01 3.945362421890786786e-01 -4.673853002931844386e-02 1.863920286149066130e-01 -4.602342626760393962e-01 6.323941915023748583e-01
1.586177202302237988e+09 3.422291631010651591e-01 -8.153903023582594889e-01 -4.669238212474771110e-01 -2.056251827117581699e-01 4.198933924881237956e-01 -8.839727503070808901e-01 9.168410353874772989e-01 3.985325505646549749e-01 -2.396501559601281126e-02 1.818133243734803561e-01 -4.630037966950399930e-01 6.256574938942786046e-01
1.586177202302256107e+09 3.551133826386840275e-01 -8.093111933384322665e-01 -4.678780588071315139e-01 -1.892286527275819641e-01 4.279063099212100929e-01 -8.837922306868349898e-01 9.154709184187196369e-01 4.023823832638514508e-01 -1.189609581668672755e-03 1.774181298759196224e-01 -4.658293129198473048e-01 6.188225345478208794e-01
1.586177202302273035e+09 3.681078482226792237e-01 -8.031601741196765509e-01 -4.684339301225041163e-01 -1.729224515583445421e-01 4.358822302303360652e-01 -8.832352502150119244e-01 9.135614034298630282e-01 4.061285709865233295e-01 2.156724354597990695e-02 1.732014163539309093e-01 -4.687153107830387411e-01 6.119009531329365759e-01
1.586177202302292109e+09 3.812506100930434516e-01 -7.969381155005738071e-01 -4.685484099548001269e-01 -1.567326799251188840e-01 4.437717608704931926e-01 -8.823273153446438144e-01 9.110888207855047938e-01 4.098246752089085287e-01 4.428200799488507533e-02 1.691570678103754277e-01 -4.716658636370601454e-01 6.049041375294228473e-01
1.586177202302309990e+09 3.945850269243835751e-01 -7.906476122614348734e-01 -4.681655795308647394e-01 -1.406871760427194362e-01 4.515144906931404245e-01 -8.811025952164329711e-01 9.080252061687487108e-01 4.135347845259303989e-01 6.692687764838410602e-02 1.652779593954393778e-01 -4.746845338652309065e-01 5.978431111285097410e-01
1.586177202302328110e+09 4.081574854815566700e-01 -7.842939290762597215e-01 -4.672156889110115063e-01 -1.248152799919790001e-01 4.590383204605992806e-01 -8.796050058606592614e-01 9.043387711140357110e-01 4.173330244014217261e-01 8.946806025831910425e-02 1.615560648152783718e-01 -4.777743009688839027e-01 5.907284230921325818e-01
1.586177202302345991e+09 4.220144877685335638e-01 -7.778860019694960881e-01 -4.656147980449832913e-01 -1.091478236659665507e-01 4.662588542042754303e-01 -8.778891920800674376e-01 8.999947359386448742e-01 4.213027995502952039e-01 1.118634273401312024e-01 1.579825931446850185e-01 -4.809375081130749519e-01 5.835700457160809540e-01
1.586177202302364111e+09 4.361990464136692447e-01 -7.714374416760092501e-01 -4.632652216530770417e-01 -9.371735838577092970e-02 4.730789270778422151e-01 -8.760213385517300333e-01 8.949566741807273296e-01 4.255356652829460073e-01 1.340594976644332303e-01 1.545481534425851011e-01 -4.841758326327404993e-01 5.763772837908204272e-01
1.586177202302382946e+09 4.507463351521892592e-01 -7.649674563717012710e-01 -4.600570966132079831e-01 -7.855858199987902912e-02 4.793884474583413047e-01 -8.740796678470124093e-01 8.891885573699218615e-01 4.301296400248050267e-01 1.559878271436486996e-01 1.512429432780593719e-01 -4.874902855437430738e-01 5.691587012745291663e-01
1.586177202302401066e+09 4.656787302766619008e-01 -7.585015863924448043e-01 -4.558713236354700604e-01 -6.370892301778385836e-02 4.850646756337459453e-01 -8.721544781093181209e-01 8.826576308589094699e-01 4.351868609967923240e-01 1.775609830586767635e-01 1.480569550295472436e-01 -4.908812442047656988e-01 5.619220705588605647e-01
1.586177202302417994e+09 4.810005151217977559e-01 -7.520721384940569632e-01 -4.505840688025221641e-01 -4.920920527248532489e-02 4.899730594291538122e-01 -8.703475485436720227e-01 8.753381966919145940e-01 4.408105030803144420e-01 1.986684217199476687e-01 1.449801923881115506e-01 -4.943485213522572641e-01 5.546743490751069317e-01
1.586177202302434921e+09 4.966926694432891587e-01 -7.457182301519459378e-01 -4.440728695219329780e-01 -3.510430174741861753e-02 4.939687047004647780e-01 -8.687707447199551902e-01 8.672162822158632212e-01 4.471009282996240564e-01 2.191727167687131939e-01 1.420028879347555728e-01 -4.978914722688350669e-01 5.474216872968354908e-01
1.586177202302457094e+09 5.127082684955437397e-01 -7.394854116112915543e-01 -4.362242055818027486e-01 -2.144369577436847779e-02 4.968985037410724170e-01 -8.675436847774952165e-01 8.582950537836560034e-01 4.541510795805360212e-01 2.389066712522116553e-01 1.391157114071327194e-01 -5.015091399739529665e-01 5.401694712252558261e-01
1.586177202302474022e+09 5.289689727776129002e-01 -7.334248753637854223e-01 -4.269423592726626637e-01 -8.281836742188412176e-03 4.986040958892766772e-01 -8.667902669322647968e-01 8.486007524401696367e-01 4.620410239898522509e-01 2.576719913200777312e-01 1.363099574283732629e-01 -5.052004360438213659e-01 5.329224012096995811e-01
1.586177202302490950e+09 5.453631511764434059e-01 -7.275923419151220095e-01 -4.161591251317966478e-01 4.321767571938729680e-03 4.989257582400435931e-01 -8.666339539826177774e-01 8.381887351240853157e-01 4.708316810069713143e-01 2.752402086790793900e-01 1.335777018235340952e-01 -5.089643526513950578e-01 5.256846075572030319e-01
1.586177202302508116e+09 5.617460953594182183e-01 -7.220467317449927869e-01 -4.038438332201153558e-01 1.630281198139030968e-02 4.977074913652200783e-01 -8.671917155198919369e-01 8.271490450316145715e-01 4.805577699957090387e-01 2.913566319864830390e-01 1.309119162185139462e-01 -5.128001990251722653e-01 5.184598019833588367e-01
1.586177202302526951e+09 5.779427671050597626e-01 -7.168487494188612308e-01 -3.900128568555860653e-01 2.759290822679715330e-02 4.948035373568330231e-01 -8.685666876761086730e-01 8.156106849442164020e-01 4.912202458803621163e-01 3.057480672784871900e-01 1.283065317629772661e-01 -5.167078529963231581e-01 5.112514624966575383e-01
1.586177202302544117e+09 5.937534265380722820e-01 -7.120595306830229676e-01 -3.747373658215384373e-01 3.812083508237186502e-02 4.900863271315267777e-01 -8.708399359223523151e-01 8.037435352383704990e-01 5.027788945531932452e-01 3.181347399402693066e-01 1.257564446877726672e-01 -5.206880158408074832e-01 5.040630478233695255e-01
1.586177202302557945e+09 6.089622219767711897e-01 -7.077394471787173957e-01 -3.581478566421577026e-01 4.781445779717217320e-02 4.834556527595418318e-01 -8.740620169909579795e-01 7.917567744346402092e-01 5.151461023891945601e-01 3.282464064274631665e-01 1.232574593734236251e-01 -5.247424569287730822e-01 4.968982361902765654e-01
1.586177202302567959e+09 6.233484318288614601e-01 -7.039470979204006662e-01 -3.404338643129370401e-01 5.660344307437759070e-02 4.748484025077995829e-01 -8.782454354984204903e-01 7.798928021228136442e-01 5.281831860716057481e-01 3.358418365104931524e-01 1.208061678819912776e-01 -5.288742332510747435e-01 4.897611821536829724e-01
1.586177202302578926e+09 6.366994924975299952e-01 -7.007384470709849822e-01 -3.218375135919153696e-01 6.442280701766406326e-02 4.642476300563557756e-01 -8.833594059208944582e-01 7.684162011732332820e-01 5.417008093641559885e-01 3.407297681611968776e-01 1.183997683004159168e-01 -5.330878675105913400e-01 4.826567839908886270e-01
1.586177202302591085e+09 6.488243554647554756e-01 -6.981659853900336055e-01 -3.026404016406304964e-01 7.121718074367590356e-02 4.516893246764739911e-01 -8.893283236500045819e-01 7.575982239686802622e-01 5.554646801538842826e-01 3.427884480893599317e-01 1.160358286153065077e-01 -5.373894688282845333e-01 4.755909534563080854e-01
1.586177202302599907e+09 6.595654242463639960e-01 -6.962776546293398816e-01 -2.831446254260773232e-01 7.694556849632018525e-02 4.372653341919691683e-01 -8.960348247186922244e-01 7.476983553993196141e-01 5.692068650826346277e-01 3.419805755864205321e-01 1.137120069820654472e-01 -5.417867812752221734e-01 4.685708792305295356e-01
1.586177202302613020e+09 6.688074881067707089e-01 -6.951152302034431241e-01 -2.636500724381087846e-01 8.158621035073465588e-02 4.211212942232329115e-01 -9.033274854327465464e-01 7.389453526300899799e-01 5.826419761473380365e-01 3.383608923324091800e-01 1.114257430686876188e-01 -5.462891477400241280e-01 4.616052752072241638e-01
1.586177202302628040e+09 6.764825837040727707e-01 -6.947120143358134214e-01 -2.444310356473431978e-01 8.514090830017898015e-02 4.034490663719773051e-01 -9.110323137426544760e-01 7.315205668473691025e-01 5.954864129915649062e-01 3.320746786856996202e-01 1.091739383643889755e-01 -5.509073803095639876e-01 4.547046049947208735e-01
1.586177202302637100e+09 6.825704547046475001e-01 -6.950899644788274268e-01 -2.257155638191728486e-01 8.763799340041861230e-02 3.844741457605059254e-01 -9.189663832047239023e-01 7.255461091617464442e-01 6.074780428934968279e-01 3.233469821801424615e-01 1.069526455472142590e-01 -5.556535334837295892e-01 4.478812748589275361e-01
1.586177202302649021e+09 6.870951852072598731e-01 -6.962565497852130081e-01 -2.076704684139909496e-01 8.913323767669220632e-02 3.644396099515059273e-01 -9.269514748602315501e-01 7.210793801306805140e-01 6.183935540200127257e-01 3.124643017999312877e-01 1.047567875186004860e-01 -5.605405818515655225e-01 4.411497882740187948e-01
1.586177202302661896e+09 6.901192341880405534e-01 -6.982017513491023397e-01 -1.903936898162662539e-01 8.970828276908064669e-02 3.435888405022611281e-01 -9.348257232184127297e-01 7.181141041994283380e-01 6.280613211846087784e-01 2.997517475915088547e-01 1.025799255622687894e-01 -5.655820083624910621e-01 4.345268556432190787e-01
1.586177202302679062e+09 6.917363022669115180e-01 -7.008956504167817014e-01 -1.739142761765992973e-01 8.946651309631624416e-02 3.221493403602559424e-01 -9.424518797507555057e-01 7.165867925133150296e-01 6.363686744365369963e-01 2.855490833356523206e-01 1.004140938440566955e-01 -5.707913137721125629e-01 4.280314529619632102e-01
1.586177202302704096e+09 6.920642496791274967e-01 -7.042869778003785219e-01 -1.581990117604067936e-01 8.852667071514369601e-02 3.003195776442075804e-01 -9.497216328807044361e-01 7.163868388881923233e-01 6.432635573817545582e-01 2.701886245103981565e-01 9.824971426955622644e-02 -5.761814621290014538e-01 4.216848233349806407e-01
1.586177202302721977e+09 6.912388935583873018e-01 -7.083028124108214918e-01 -1.431639551988952430e-01 8.701485238550030199e-02 2.782601073107550671e-01 -9.565561814392454787e-01 7.173682509983364541e-01 6.487514459950736168e-01 2.539770733380408707e-01 9.607560171699169871e-02 -5.817642808027286838e-01 4.155104151739637541e-01
1.586177202302738905e+09 6.894090116894758813e-01 -7.128494770496419664e-01 -1.286889186235019022e-01 8.505570232298793887e-02 2.560894305488778389e-01 -9.629038016174766845e-01 7.193613432394645457e-01 6.528888318091321530e-01 2.371822741144200275e-01 9.387906506485366176e-02 -5.875498376304795212e-01 4.095337518237039398e-01
1.586177202302757025e+09 6.867323626508612389e-01 -7.178146718549595073e-01 -1.146331499297514461e-01 8.276362615031881975e-02 2.338843955932344010e-01 -9.687353982333524183e-01 7.221833869022417085e-01 6.557744935854902257e-01 2.200249286957476069e-01 9.164610429263052305e-02 -5.935458203990816584e-01 4.037822283123293499e-01
1.586177202302771091e+09 6.833723216178895221e-01 -7.230708055826171599e-01 -1.008507821773079183e-01 8.023486445689857749e-02 2.116845027772744636e-01 -9.740390330553573284e-01 7.256477358986327397e-01 6.575395664653316263e-01 2.026748181699932760e-01 8.936169873695345989e-02 -5.997569452717927962e-01 3.982848321153791282e-01
1.586177202302781105e+09 6.794946881224515067e-01 -7.284794239315220965e-01 -8.720491859330067874e-02 7.754118967435907894e-02 1.894991718910195300e-01 -9.788142969237817459e-01 7.295713349353279975e-01 6.583371422229798986e-01 1.852508418680773872e-01 8.701017716681423708e-02 -6.061844194684699039e-01 3.930717842900083303e-01
1.586177202302793026e+09 6.752642907589320176e-01 -7.338965848320280205e-01 -7.357948425217812616e-02 7.472583689064485335e-02 1.673168527625809865e-01 -9.830672002404067245e-01 7.337807485674785468e-01 6.583318871381255155e-01 1.678241323867734336e-01 8.457565643659253896e-02 -6.128254835137380008e-01 3.881740988127555525e-01
1.586177202302803993e+09 6.708411593933490957e-01 -7.391789664053479703e-01 -5.988818408336345211e-02 7.180206968445977667e-02 1.451147966444112092e-01 -9.868060390420062555e-01 7.381169295535594532e-01 6.576900116986840183e-01 1.504235580641502257e-01 8.204253194039966279e-02 -6.196730580127409738e-01 3.836230605091724977e-01
1.586177202302813053e+09 6.663762222950668779e-01 -7.441904032411855718e-01 -4.608008451133217137e-02 6.875453240295349711e-02 1.228683436729811895e-01 -9.900384762740304101e-01 7.424389164597343660e-01 6.565698850209211734e-01 1.330430058747102129e-01 7.939599982778697274e-02 -6.267155190928582753e-01 3.794496260020520095e-01
1.586177202302824020e+09 6.620067537868953300e-01 -7.488083740921348541e-01 -3.214151420086849148e-02 6.554324286784338205e-02 1.005586999157679629e-01 -9.927698783159729645e-01 7.466265072272459946e-01 6.551137052684442574e-01 1.156498676071931742e-01 7.662258775676632216e-02 -6.339366251352557269e-01 3.756837583885969112e-01
1.586177202302839994e+09 6.578520567985072232e-01 -7.529297902385366781e-01 -1.809426545679196363e-02 6.210972229597877536e-02 7.817840870752289228e-02 -9.950027733198387736e-01 7.505818101986816426e-01 6.534407910846553591e-01 9.819408713358468432e-02 7.371066736396054975e-02 -6.413156148302978643e-01 3.723537168603603398e-01
1.586177202302850962e+09 6.540099245100976511e-01 -7.564754422493411568e-01 -3.990491329919614721e-03 5.838445459870900828e-02 5.573410765445253878e-02 -9.967371593409506403e-01 7.542295898078895666e-01 6.516430116159336317e-01 8.061706564249757068e-02 7.065091991452669695e-02 -6.488274889352514396e-01 3.694853307548203736e-01
1.586177202302862883e+09 6.505543928386690045e-01 -7.593925698870507279e-01 1.009489295363578260e-02 5.429468446679639598e-02 3.324661429383220929e-02 -9.979713172143488409e-01 7.575163821559984800e-01 6.497827233074354725e-01 6.285971093576392388e-02 6.743672682365593751e-02 -6.564434774903943337e-01 3.671012948960105104e-01
1.586177202302872896e+09 6.475351394282238271e-01 -7.616552540757320910e-01 2.407316451147466577e-02 4.977154866661274296e-02 1.074881342914966662e-02 -9.987027866483033645e-01 7.604084666718846641e-01 6.478933068178854837e-01 4.486899594114666934e-02 6.406445915821259995e-02 -6.641316812236877087e-01 3.652205290887696743e-01
1.586177202302884102e+09 6.449786236934268446e-01 -7.632626617113192902e-01 3.785081664876738250e-02 4.475570707585317665e-02 -1.171787046570159536e-02 -9.989292358829946483e-01 7.628889183226870152e-01 6.459820437288036343e-01 2.660258413888713647e-02 6.053364618263518820e-02 -6.718578608277311348e-01 3.638576445260007786e-01
1.586177202302894115e+09 6.428907481012846592e-01 -7.642355325495396867e-01 5.133748045614958122e-02 3.920098254819672640e-02 -3.410751906247543735e-02 -9.986490675991005483e-01 7.649540960146369306e-01 6.440347257743840315e-01 8.031375325036064355e-03 5.684701229007448064e-02 -6.795863339779294465e-01 3.630225522059833954e-01
1.586177202302903891e+09 6.412606442313641963e-01 -7.646114995457360397e-01 6.445185045823170755e-02 3.307583301079251165e-02 -5.637347160265880619e-02 -9.978617244267866671e-01 7.666099239292947232e-01 6.420212508424230080e-01 -1.085992644171407395e-02 5.301038232308391551e-02 -6.872809308606290246e-01 3.627202358428711637e-01
1.586177202302916050e+09 6.400649285150376011e-01 -7.644400427166860856e-01 7.712527783706768503e-02 2.636297181914080620e-02 -7.847122964381045285e-02 -9.965677397653135428e-01 7.678684008591186716e-01 6.399013105793058820e-01 -3.007377068833673797e-02 4.903246495817577266e-02 -6.949059558565578998e-01 3.629506986899716514e-01
1.586177202302925110e+09 6.392718700914966634e-01 -7.637777346472369722e-01 8.930312576807952762e-02 1.905762226373247659e-02 -1.003602782924329362e-01 -9.947686272096704085e-01 7.687446150570701464e-01 6.376295058025905904e-01 -4.960171522406501415e-02 4.492453146133437714e-02 -7.024271049000306855e-01 3.637090820534964464e-01
1.586177202302936077e+09 6.388450126930741435e-01 -7.626842626053074170e-01 1.009443680275345645e-01 1.116503213905273642e-02 -1.220048759055268606e-01 -9.924667009116754368e-01 7.692544389538976679e-01 6.351594491949180687e-01 -6.942681218809111654e-02 4.070001249930929599e-02 -7.098122934602856260e-01 3.649859435745088088e-01
1.586177202302947044e+09 6.387460431547733464e-01 -7.612194269868880481e-01 1.120199823110505921e-01 2.697723741193935182e-03 -1.433740133023340413e-01 -9.896649002071824519e-01 7.694129025929002941e-01 6.324467379627606300e-01 -8.952602396118763961e-02 3.637403932693482334e-02 -7.170323585573018521e-01 3.667676736275184424e-01
1.586177202302957058e+09 6.389368313039363034e-01 -7.594411398258470447e-01 1.225107376861198222e-01 -6.327106157499553206e-03 -1.644408255391393292e-01 -9.863666573488644174e-01 7.692331852999079178e-01 6.294508480483124169e-01 -1.098723647105389611e-01 3.196295689696538461e-02 -7.240616088932889660e-01 3.690370209753826014e-01
1.586177202302968979e+09 6.393806986646334289e-01 -7.574042943183733057e-01 1.324048988078075362e-01 -1.588974547967397441e-02 -1.851817442084903731e-01 -9.825758177903558543e-01 7.687261139049734737e-01 6.261361326684883322e-01 -1.304365944433341917e-01 2.748383543064655127e-02 -7.308782088060081783e-01 3.717736945758036149e-01
1.586177202302978992e+09 6.400430638061290756e-01 -7.551602843263922615e-01 1.416962298540065668e-01 -2.596952405321103011e-02 -2.055756337260835065e-01 -9.782966026438316698e-01 7.679000327711467122e-01 6.224721711592008377e-01 -1.511884116091262165e-01 2.295400422491113840e-02 -7.374643936680530532e-01 3.749550062684864349e-01
1.586177202302989006e+09 6.408916557530119906e-01 -7.527569224360308731e-01 1.503825169888166891e-01 -3.654572733903620196e-02 -2.256030849174305020e-01 -9.735335936653103373e-01 7.667609115202576042e-01 6.184337182546295608e-01 -1.720971838608792437e-01 1.839062697503566698e-02 -7.438065240504095899e-01 3.785565220832636801e-01
1.586177202303000927e+09 6.418964935586835008e-01 -7.502385330040052258e-01 1.584646183163887501e-01 -4.759797324187989287e-02 -2.452459352824802319e-01 -9.682917247795629345e-01 7.653125665611866246e-01 6.140004681576057832e-01 -1.931323395194044223e-01 1.381033309097678963e-02 -7.498949947084205814e-01 3.825526926073840595e-01
1.586177202303009987e+09 6.430297804917857185e-01 -7.476460661924838602e-01 1.659459587115144352e-01 -5.910619325795345852e-02 -2.644870253730716159e-01 -9.625762678529694583e-01 7.635569129774226749e-01 6.091567722606863189e-01 -2.142635467264537297e-01 9.228914221969572451e-03 -7.557240194702389280e-01 3.869174397190188186e-01
1.586177202303021908e+09 6.442658066303029729e-01 -7.450171499305049405e-01 1.728323373143066943e-01 -7.105036928172571431e-02 -2.833101593589078537e-01 -9.563928056687035495e-01 7.614941992350233724e-01 6.038913809526187393e-01 -2.354607919485069700e-01 4.661090674646681947e-03 -7.612913152526410432e-01 3.916246843044971504e-01
1.586177202303035975e+09 6.455809035626313142e-01 -7.423860503227251995e-01 1.791319327941679473e-01 -8.341013995834653527e-02 -3.017002309081919798e-01 -9.497471870597810062e-01 7.591232084084702514e-01 5.981972275363437452e-01 -2.566944320119360357e-01 1.203486498094355830e-04 -7.665977105329816466e-01 3.966488038162542251e-01
1.586177202303047895e+09 6.469534582601625949e-01 -7.397835678262848491e-01 1.848553372897907277e-01 -9.616442920573053943e-02 -3.196434288602514884e-01 -9.426454694358272768e-01 7.564414223441995322e-01 5.920712383128524658e-01 -2.779352862215200282e-01 -4.381154513289718840e-03 -7.716467058836139481e-01 4.019650112141711085e-01
1.586177202303057909e+09 6.483639648081023221e-01 -7.372369059496172161e-01 1.900155618607247132e-01 -1.092911425337510511e-01 -3.371274819191860672e-01 -9.350938494099884091e-01 7.534451641226306284e-01 5.855141377609822673e-01 -2.991547745644457801e-01 -8.832623246106717854e-03 -7.764440129170038229e-01 4.075496524044264768e-01
1.586177202303066969e+09 6.497950967030928782e-01 -7.347695209161159147e-01 1.946280646217637411e-01 -1.227668822953671413e-01 -3.541419611516413712e-01 -9.270985730056102714e-01 7.501297387454820553e-01 5.785302261441614968e-01 -3.203250731517732763e-01 -1.322460335257182387e-02 -7.809970950465037198e-01 4.133804242008682905e-01
1.586177202303078890e+09 6.512317718590026061e-01 -7.324010126814606281e-01 1.987106842866001033e-01 -1.365667862382252684e-01 -3.706785530478790558e-01 -9.186658387644484058e-01 7.464895794696319031e-01 5.711271023268850167e-01 -3.414193033989382786e-01 -1.754891855585493515e-02 -7.853147305639355258e-01 4.194365176146936935e-01
1.586177202303088903e+09 6.526611785842614255e-01 -7.301471061965669751e-01 2.022834382416805188e-01 -1.506645225750928019e-01 -3.867312484965110264e-01 -9.098017054168689999e-01 7.425184089607504978e-01 5.633153156347736612e-01 -3.624117375695209420e-01 -2.179857480391169527e-02 -7.894066133327393153e-01 4.256986947964254697e-01
1.586177202303100109e+09 6.540727516473519021e-01 -7.280197209124822377e-01 2.053682585505046954e-01 -1.650323746261258273e-01 -4.022964666020302227e-01 -9.005120034684033214e-01 7.382094221274470014e-01 5.551079525663934477e-01 -3.832779801688009358e-01 -2.596764256236735319e-02 -7.932830006293621894e-01 4.321493103815954306e-01
1.586177202303111076e+09 6.554580997667975861e-01 -7.260271150342302304e-01 2.079887203438335885e-01 -1.796413673373837006e-01 -4.173731299780139570e-01 -8.908022505693421467e-01 7.335554911742914186e-01 5.465201722614648761e-01 -4.039951022992869234e-01 -3.005112606066882505e-02 -7.969544127045029569e-01 4.387722886972195702e-01
1.586177202303119898e+09 6.568108920669846196e-01 -7.241740867375345836e-01 2.101697986512894578e-01 -1.944614049497199459e-01 -4.319627040048193978e-01 -8.806775712141872159e-01 7.285493902877101524e-01 5.375687067983513368e-01 -4.245417192515034688e-01 -3.404482711962970864e-02 -8.004313852373318161e-01 4.455530673938878916e-01
1.586177202303131104e+09 6.581267124377294664e-01 -7.224622164006457847e-01 2.119376709187550945e-01 -2.094614052837230345e-01 -4.460692054703840337e-01 -8.701426226392328100e-01 7.231840361309894716e-01 5.282713411567329098e-01 -4.448980107847493315e-01 -3.794520937629399654e-02 -8.037242723905081432e-01 4.524785174387509490e-01
1.586177202303147078e+09 6.594028885439466858e-01 -7.208901405638605819e-01 2.133195629163224527e-01 -2.246094319705477238e-01 -4.596991756034315424e-01 -8.592015311469640704e-01 7.174527396929001322e-01 5.186463855762452058e-01 -4.650456891944243498e-01 -4.174926752324013141e-02 -8.068430969333935110e-01 4.595368473375914808e-01
1.586177202303155899e+09 6.606383024532179737e-01 -7.194538475901931518e-01 2.143436367716372026e-01 -2.398728240568836767e-01 -4.728616155635922969e-01 -8.478578423954448162e-01 7.113494652100940119e-01 5.087121522031331500e-01 -4.849679211542120560e-01 -4.545440568075489324e-02 -8.097974439311493855e-01 4.667174970941292966e-01
1.586177202303168058e+09 6.618331619459445481e-01 -7.181470490377427351e-01 2.150387914124072819e-01 -2.552184243188412305e-01 -4.855677845651373281e-01 -8.361145152349686027e-01 7.048690812354980739e-01 4.984864518085818097e-01 -5.046492204333460352e-01 -4.905832809742078499e-02 -8.125963935163694751e-01 4.740110264393440631e-01
