1.588763394588018894e+09 -8.335119986144831628e-02 -9.958040050357589434e-01 -3.777513782160338979e-02 -8.999901081892122123e-01 9.149891768225591748e-02 -4.261991943044028397e-01 4.278672488568702748e-01 -1.526963849828788392e-03 -9.038402988021874140e-01 5.340981478639885704e-01 -3.434131724186431089e-01 6.711547670559933065e-01
1.588763394588131905e+09 -8.424986535840416069e-02 -9.949611128731703502e-01 -5.435387804317532573e-02 -8.922903255405781886e-01 9.961122553041208694e-02 -4.403357567768204639e-01 4.435312110042763933e-01 1.140121131310724116e-02 -8.961864076449032046e-01 5.284176186354864191e-01 -3.449477829190097933e-01 6.774312783504679025e-01
1.588763394588160038e+09 -8.442535990494062781e-02 -9.939115390651739324e-01 -7.079697111572141877e-02 -8.843035547447974931e-01 1.074802976608960486e-01 -4.543734242687620939e-01 4.592162689537794829e-01 2.424537334822116086e-02 -8.879935699098523427e-01 5.224952252842781641e-01 -3.465706728689512128e-01 6.834570165573139455e-01
1.588763394588176012e+09 -8.388941981195163766e-02 -9.926645037075552125e-01 -8.706175006284920526e-02 -8.760275650404898418e-01 1.151068015151706647e-01 -4.683226767258531487e-01 4.749086970504473038e-01 3.698117528105682866e-02 -8.792577108803946162e-01 5.163411620257087886e-01 -3.482785834403271386e-01 6.892214404334231492e-01
1.588763394588186979e+09 -8.265627112520509967e-02 -9.912300476980197006e-01 -1.031064177732147064e-01 -8.674590647897004736e-01 1.224924083051799895e-01 -4.821933023421827724e-01 4.905942435041122374e-01 4.958429640299594210e-02 -8.699762558788051159e-01 5.099660503201360884e-01 -3.500680990996753450e-01 6.947144924248367381e-01
1.588763394588197947e+09 -8.074256849407308867e-02 -9.896189994835677961e-01 -1.188901740956506831e-01 -8.585937465920766565e-01 1.296397005571643390e-01 -4.959942805667273968e-01 5.062582502515733385e-01 6.203050783938993812e-02 -8.601481268662902746e-01 5.033809382168048518e-01 -3.519356468078008726e-01 6.999266512749171554e-01
1.588763394588207960e+09 -7.816743206552767553e-02 -9.878429243287361050e-01 -1.343733955106092559e-01 -8.494263555698807755e-01 1.365521899083287916e-01 -5.097336224909370106e-01 5.218857336905806665e-01 7.429573532770489264e-02 -8.497737491148511513e-01 4.965972983940929453e-01 -3.538774955955109602e-01 7.048489972374998302e-01
1.588763394588219881e+09 -7.495259413588412079e-02 -9.859140417159666381e-01 -1.495179286355965975e-01 -8.399507947730774360e-01 1.432344815316936026e-01 -5.234181365452070800e-01 5.374614134940219889e-01 8.635615583986409882e-02 -8.388550788760451571e-01 4.896270198205142643e-01 -3.558897584540649528e-01 7.094732864292115915e-01
1.588763394588229895e+09 -7.112262935844904099e-02 -9.838450952385893178e-01 -1.642875533101857133e-01 -8.301602842249441450e-01 1.496925913078179238e-01 -5.370530984994946744e-01 5.529696864130241307e-01 9.818837348192598069e-02 -8.273956545837732879e-01 4.824823891850533730e-01 -3.579683980956606115e-01 7.137920300030744514e-01
1.588763394588242054e+09 -6.670521551651566183e-02 -9.816491588363714937e-01 -1.786486584993964843e-01 -8.200475912890383690e-01 1.559344006625459356e-01 -5.506418170793688782e-01 5.683945480450539600e-01 1.097697210108210114e-01 -8.154006659950109315e-01 4.751760589430530923e-01 -3.601092379482806471e-01 7.177985720100504841e-01
1.588763394588253975e+09 -6.173131346137963882e-02 -9.793393752890275916e-01 -1.925711114153021430e-01 -8.096053383134678150e-01 1.619701634494673803e-01 -5.641851312573722410e-01 5.837194883811775981e-01 1.210787106209114394e-01 -8.028770171836008274e-01 4.677210004476752836e-01 -3.623079792056769222e-01 7.214871591985163590e-01
1.588763394588268995e+09 -5.623552647127080112e-02 -9.769285100887569184e-01 -2.060297350946095896e-01 -7.988265061237244113e-01 1.678135112410762131e-01 -5.776805679305083707e-01 5.989271897984694837e-01 1.320958425754184262e-01 -7.898334695982694997e-01 4.601304683802927009e-01 -3.645602138831195993e-01 7.248530613992876237e-01
1.588763394588280916e+09 -5.025504160584295249e-02 -9.744288070731830231e-01 -2.190044080470135435e-01 -7.877046380283628801e-01 1.734806792064266801e-01 -5.911225398985331392e-01 6.139998648411442161e-01 1.428039001324928614e-01 -7.762803695091406997e-01 4.524178738908148922e-01 -3.668614745824835821e-01 7.278924891690882193e-01
1.588763394588290930e+09 -4.382943567749496977e-02 -9.718515027074563495e-01 -2.314813972187524382e-01 -7.762344059435085653e-01 1.789911479896327540e-01 -6.045017088282645945e-01 6.289190151369054016e-01 1.531888560949713207e-01 -7.622296548749475376e-01 4.445967282662224851e-01 -3.692072579203185545e-01 7.306026584228897391e-01
1.588763394588305950e+09 -3.699982604153436577e-02 -9.692064299490216195e-01 -2.434541209822972396e-01 -7.644120882322604782e-01 1.843675719659456924e-01 -6.178047893770224341e-01 6.436654194845772281e-01 1.632406032761426484e-01 -7.476946791338204834e-01 4.366805564246030169e-01 -3.715930612208726558e-01 7.329817762674726289e-01
1.588763394588320971e+09 -2.980776540791521545e-02 -9.665016545304444540e-01 -2.549236138850115019e-01 -7.522360208356206890e-01 1.896354583525342585e-01 -6.310145496723718050e-01 6.582191626515099259e-01 1.729535912621430194e-01 -7.326899679885858774e-01 4.286828113054402256e-01 -3.740144206813383332e-01 7.350290005115449610e-01
1.588763394588332891e+09 -2.229396847782182459e-02 -9.637431697913771966e-01 -2.658986304118036159e-01 -7.397069953472654724e-01 1.948226249415869471e-01 -6.441100106741088904e-01 6.725596925229895273e-01 1.823273086964812828e-01 -7.172309338700626480e-01 4.206167945122148422e-01 -3.764669491205845375e-01 7.367443760038182576e-01
1.588763394588345051e+09 -1.449698143295088081e-02 -9.609346624418141358e-01 -2.763953907938115351e-01 -7.268285930473941114e-01 1.999585048082153926e-01 -6.570668099128269546e-01 6.866658822606360735e-01 1.913665876737382088e-01 -7.013335834426968063e-01 4.124955875997337040e-01 -3.789463717130460707e-01 7.381287522626643893e-01
1.588763394588360071e+09 -6.451875281472027254e-03 -9.580773893129628238e-01 -2.864368855393873980e-01 -7.136074114756949527e-01 2.050732823273818395e-01 -6.698577544283881302e-01 7.005161208672664452e-01 2.000816457547973104e-01 -6.850142330202866336e-01 4.043319972959952824e-01 -3.814485584454549993e-01 7.391836885840896709e-01
1.588763394588371992e+09 1.810916285591866216e-03 -9.551701852519726144e-01 -2.960517485049077302e-01 -7.000531591468620585e-01 2.101969142737525609e-01 -6.824535380549371366e-01 7.140884363671147206e-01 2.084878280397834127e-01 -6.682892566914908627e-01 3.961385164641743062e-01 -3.839695525227211359e-01 7.399113536542754055e-01
1.588763394588383913e+09 1.026649880221850060e-02 -9.522096111137372532e-01 -3.052727559247036537e-01 -6.861786018385132024e-01 2.153581061331082402e-01 -6.948235837297943585e-01 7.273606570221741174e-01 2.166050383316388828e-01 -6.511748858708104049e-01 3.879273010325003934e-01 -3.865055944780475539e-01 7.403144269340424799e-01
1.588763394588395119e+09 1.889606337400397129e-02 -9.491902401099984177e-01 -3.141350455994742497e-01 -6.719993503179398919e-01 2.205833189180056164e-01 -7.069369650773642544e-01 7.403106185673629103e-01 2.244568722501668334e-01 -6.336870683068445143e-01 3.797101615973276778e-01 -3.890531422771759118e-01 7.403960078600209105e-01
1.588763394588407040e+09 2.768701164030988593e-02 -9.461050724216811814e-01 -3.226741720827515092e-01 -6.575334832066930257e-01 2.258958776042010175e-01 -7.187633622750340123e-01 7.529164281982309026e-01 2.320694818900161105e-01 -6.158413819546071366e-01 3.714985673509973441e-01 -3.916088881165244451e-01 7.401595361456775324e-01
1.588763394588419914e+09 3.663265879501519107e-02 -9.429460056413855318e-01 -3.309242794952625411e-01 -6.428010739126592821e-01 2.313153221350862931e-01 -7.302739219824869732e-01 7.651567340673024464e-01 2.394703576558577796e-01 -5.976530097965518928e-01 3.633036596566606713e-01 -3.941697727594845047e-01 7.396087245080451567e-01
1.588763394588434935e+09 4.573156996839536359e-02 -9.397043317768255521e-01 -3.389164976111226912e-01 -6.278236403151109535e-01 2.368570151833161996e-01 -7.414419943767300847e-01 7.770110038936600683e-01 2.466870957380337959e-01 -5.791367512321621280e-01 3.551362725742444604e-01 -3.967329982363317908e-01 7.387475049459010235e-01
1.588763394588447094e+09 5.498660793597479057e-02 -9.363712306256090079e-01 -3.466776476920204741e-01 -6.126235416593440730e-01 2.425320076789732604e-01 -7.522437247736792898e-01 7.884598082049014689e-01 2.537462191112463961e-01 -5.603070471941966613e-01 3.470069575120403038e-01 -3.992960397024370445e-01 7.375799901512009038e-01
1.588763394588463068e+09 6.440379358187027503e-02 -9.329382241340882231e-01 -3.542293343678530881e-01 -5.972233617520220639e-01 2.483471544781547247e-01 -7.626584733979080433e-01 7.994850890115836606e-01 2.606721327981145198e-01 -5.411780036493211155e-01 3.389260090987378238e-01 -4.018566572180340968e-01 7.361104506268055792e-01
1.588763394588476896e+09 7.399109366651746011e-02 -9.293975605475730539e-01 -3.615874617725947093e-01 -5.816453222072192064e-01 2.543054513003281114e-01 -7.726690472633203077e-01 8.100703902837135262e-01 2.674862835596503174e-01 -5.217634050949535585e-01 3.309034894730667475e-01 -4.044129080978250412e-01 7.343433071610142582e-01
1.588763394588490009e+09 8.375726694771384873e-02 -9.257424930719095890e-01 -3.687621954042327732e-01 -5.659107871174355875e-01 2.604065521025138996e-01 -7.822617264391859004e-01 8.202010127154346630e-01 2.742066085062481173e-01 -5.020767218217936367e-01 3.229492486077872870e-01 -4.069631602788583713e-01 7.322831368273642338e-01
1.588763394588499069e+09 9.371088842711680633e-02 -9.219674326055424807e-01 -3.757583300604788179e-01 -5.500399106949380723e-01 2.666473996083812414e-01 -7.914260931572849600e-01 8.298640647929601544e-01 2.808473206250340914e-01 -4.821311195787793547e-01 3.150729387441557616e-01 -4.095061069059560688e-01 7.299346902946128868e-01
1.588763394588511944e+09 1.038596215669154721e-01 -9.180679824996470506e-01 -3.825759513115006838e-01 -5.340514431602551015e-01 2.730228844997004689e-01 -8.001547104175060765e-01 8.390484104437341273e-01 2.874190043367588210e-01 -4.619394775088526695e-01 3.072840217994796119e-01 -4.120407820481806760e-01 7.273029170358149553e-01
1.588763394588525057e+09 1.142097457355392282e-01 -9.140408856238310120e-01 -3.892112452022951086e-01 -5.179626735772298041e-01 2.795264583975151651e-01 -8.084427177245653295e-01 8.477445386208198874e-01 2.939289343858514370e-01 -4.415144151356934499e-01 2.995917697727151774e-01 -4.145665771478676542e-01 7.243929937370775507e-01
1.588763394588537931e+09 1.247658753725991027e-01 -9.098839332799637525e-01 -3.956573066510795655e-01 -5.017894480731659446e-01 2.861506539721790365e-01 -8.162874206057156856e-01 8.559444059905754187e-01 3.003814761195304772e-01 -4.208683198589973085e-01 2.920052585425472746e-01 -4.170832576278592496e-01 7.212103529390035961e-01
1.588763394588548899e+09 1.355307678800030113e-01 -9.055958852598623432e-01 -4.019048439160169406e-01 -4.855461881572708527e-01 2.928875073562812736e-01 -8.236879307152553675e-01 8.636413087187143622e-01 3.067784227101308381e-01 -4.000133613235349883e-01 2.845333549975992415e-01 -4.195909790540656714e-01 7.177607114508287589e-01
1.588763394588566065e+09 1.465051275067684455e-01 -9.011764307508485228e-01 -4.079427512265434985e-01 -4.692458543555842465e-01 2.997289125240561458e-01 -8.306448742830206955e-01 8.708298202208335503e-01 3.131191780485611531e-01 -3.789614816252258045e-01 2.771846971857165887e-01 -4.220903022209247513e-01 7.140500985897427766e-01
1.588763394588581085e+09 1.576873790210195914e-01 -8.966261849346112145e-01 -4.137585950671969770e-01 -4.528998555495495348e-01 3.066669456250902259e-01 -8.371601431683103334e-01 8.775057899194516065e-01 3.194007967367870626e-01 -3.577243627501305312e-01 2.699676668353658271e-01 -4.245822064896644932e-01 7.100848846269216530e-01
1.588763394588591099e+09 1.690734047358826153e-01 -8.919467111087429068e-01 -4.193390613312910076e-01 -4.365179149396840597e-01 3.136941884680596870e-01 -8.432366607681897053e-01 8.836663927915155980e-01 3.256179059406705267e-01 -3.363133740797201177e-01 2.628903538708546317e-01 -4.270681006085714215e-01 7.058718088662279122e-01
1.588763394588599920e+09 1.806562735197236591e-01 -8.871405483663601377e-01 -4.246704113628539945e-01 -4.201079255580573157e-01 3.208040640523058817e-01 -8.488781322287909381e-01 8.893102055653455684e-01 3.317625656057290873e-01 -3.147395087104083999e-01 2.559605124999164705e-01 -4.295498301631254789e-01 7.014180068134772128e-01
1.588763394588608980e+09 1.924260200566916268e-01 -8.822112195469463680e-01 -4.297389799814841926e-01 -4.036758450083123839e-01 3.279911746246545468e-01 -8.540887550662256134e-01 8.944372750301371466e-01 3.378241457909416656e-01 -2.930133231792122483e-01 2.491855091203273309e-01 -4.320296806982236726e-01 6.967310348417743437e-01
1.588763394588618994e+09 2.043695529105014341e-01 -8.771631935658601442e-01 -4.345317223188642219e-01 -3.872256881965752129e-01 3.352516083289829307e-01 -8.588728808845519369e-01 8.990491378368540287e-01 3.437893118928136982e-01 -2.711448999821267081e-01 2.425722625728700399e-01 -4.345103755114192445e-01 6.918188908007544269e-01
1.588763394588628054e+09 2.164707634691552807e-01 -8.720017848131282889e-01 -4.390367818881411033e-01 -3.707596663845895701e-01 3.425831643100622492e-01 -8.632346409401695508e-01 9.031487575957694025e-01 3.496421925620506466e-01 -2.491438516938808967e-01 2.361271770952841353e-01 -4.369950671015601085e-01 6.866900296579768748e-01
1.588763394588637114e+09 2.287109176547024170e-01 -8.667329747994271250e-01 -4.432440259561033491e-01 -3.542785201328269018e-01 3.499854268751453334e-01 -8.671775661033483962e-01 9.067403411778520717e-01 3.553648144877930015e-01 -2.270193875156294172e-01 2.298560688006010544e-01 -4.394873212488460412e-01 6.813533728622767072e-01
1.588763394588646889e+09 2.410694519428449312e-01 -8.613631365397680373e-01 -4.471454644243241794e-01 -3.377821073171317079e-01 3.574595849738244624e-01 -8.707042512197523676e-01 9.098289769608590705e-01 3.609379338976585472e-01 -2.047804691841694502e-01 2.237640875394672768e-01 -4.419910927815772772e-01 6.758183093432844624e-01
1.588763394588656902e+09 2.535251603399232834e-01 -8.558986870062084140e-01 -4.507354331096680711e-01 -3.212702063773739125e-01 3.650079420715947043e-01 -8.738161458363593592e-01 9.124201047599229675e-01 3.663422440987589845e-01 -1.824360507734670012e-01 2.178556368707161017e-01 -4.445106922938514837e-01 6.700946859519282262e-01
1.588763394588665962e+09 2.660576547862775199e-01 -8.503457183338483105e-01 -4.540104444237082482e-01 -3.047434244235868728e-01 3.726331271078160978e-01 -8.765135468763997073e-01 9.145188732888197558e-01 3.715598362293192070e-01 -1.599953702549916923e-01 2.121342945118569745e-01 -4.470507433083082405e-01 6.641927864110955815e-01
1.588763394588675022e+09 2.786489601123920412e-01 -8.447096566810422535e-01 -4.569686564119837535e-01 -2.882040906818612580e-01 3.803370554835355799e-01 -8.787958388304796253e-01 9.161294445348627802e-01 3.765757827337484764e-01 -1.374682534913100607e-01 2.066027349839921756e-01 -4.496161295487470788e-01 6.581232989236338593e-01
1.588763394588684082e+09 2.912851361470153444e-01 -8.389949839298082024e-01 -4.596089494399898112e-01 -2.716570445081596397e-01 3.881196937271301772e-01 -8.806619973154633518e-01 9.172542829718126622e-01 3.813797586230996406e-01 -1.148653998630342898e-01 2.012626571089625449e-01 -4.522119323153006021e-01 6.518972719385356385e-01
1.588763394588694096e+09 3.039578094996909785e-01 -8.332050553178841357e-01 -4.619296329981079641e-01 -2.551102382376859157e-01 3.959776998821695204e-01 -8.821113464567545970e-01 9.178934667986736740e-01 3.859676113281917953e-01 -9.219862589629361505e-02 1.961147192299788622e-01 -4.548433583173909778e-01 6.455260578844446151e-01
1.588763394588702917e+09 3.166654769714187245e-01 -8.273420450132846771e-01 -4.639268436430418752e-01 -2.385750898441816037e-01 4.039030328250445279e-01 -8.831445332367644507e-01 9.180440633224176139e-01 3.903427732565524222e-01 -6.948105618145983264e-02 1.911584849570880096e-01 -4.575156586900170907e-01 6.390212451827533835e-01
1.588763394588711977e+09 3.294144593825079625e-01 -8.214070420352023172e-01 -4.655927246527858943e-01 -2.220665611238415438e-01 4.118816166071503915e-01 -8.837646611723747325e-01 9.176996002949978637e-01 3.945174333305384029e-01 -4.672727704379587427e-02 1.863923824769591342e-01 -4.602340403861528983e-01 6.323945790649817544e-01
1.588763394588721991e+09 3.422194491612867706e-01 -8.154003029409720993e-01 -4.669134765504333040e-01 -2.056029986269917731e-01 4.198920956313972885e-01 -8.839785263156982875e-01 9.168496362940782296e-01 3.985134552254252505e-01 -2.395350569231370630e-02 1.818136811987268453e-01 -4.630035718281627632e-01 6.256578717142182722e-01
1.588763394588731050e+09 3.551035778289696188e-01 -8.093216667070350923e-01 -4.678673837921461520e-01 -1.892057890942404619e-01 4.279047154649577855e-01 -8.837978976335542081e-01 9.154794472775206193e-01 4.023630130703727548e-01 -1.177849149402197121e-03 1.774184898564880597e-01 -4.658290854965116967e-01 6.188229027085474510e-01
1.588763394588741064e+09 3.680979509637225533e-01 -8.031711283236888654e-01 -4.684229254941061904e-01 -1.728989081725451626e-01 4.358803375027714977e-01 -8.832407932928724170e-01 9.135698473846064482e-01 4.061089386007122881e-01 2.157924793666541469e-02 1.732017796671702636e-01 -4.687150808313502170e-01 6.119013117180314154e-01
1.588763394588749886e+09 3.812406190707814946e-01 -7.969495588906486683e-01 -4.685370753306759006e-01 -1.567084572416987120e-01 4.437695696336995121e-01 -8.823327198406838434e-01 9.110971681444072212e-01 4.098047945751763788e-01 4.429424957803801410e-02 1.691574346185131528e-01 -4.716656311921011979e-01 6.049044866216414240e-01
1.588763394588767052e+09 3.945749409793467555e-01 -7.906595535108704720e-01 -4.681539131503994478e-01 -1.406622753124859571e-01 4.515120011709263803e-01 -8.811078464682690070e-01 9.080334466617343558e-01 4.135146711379222850e-01 6.693934941833104557e-02 1.652783298454082173e-01 -4.746842989683726644e-01 5.978434508088747990e-01
1.588763394588781118e+09 4.081473034370278197e-01 -7.843063771399839679e-01 -4.672036873565231785e-01 -1.247897034627847568e-01 4.590355333570605989e-01 -8.796100892046885278e-01 9.043468961676766060e-01 4.173126955879096767e-01 8.948075489335272081e-02 1.615564390387245752e-01 -4.777740636670199104e-01 5.907287534390975869e-01
1.588763394588795900e+09 4.220042082028021557e-01 -7.778989659561794667e-01 -4.656024559947343211e-01 -1.091215748633166116e-01 4.662557707176988031e-01 -8.778940928023181156e-01 9.000027389735346661e-01 4.212822747783900312e-01 1.118763370911065730e-01 1.579829712581656276e-01 -4.809372684577978840e-01 5.835703668047850234e-01
1.588763394588805914e+09 4.361886673862677699e-01 -7.714509306056671623e-01 -4.632525316890753198e-01 -9.369044248861807533e-02 4.730755489156938109e-01 -8.760260418559557838e-01 8.949645509356790596e-01 4.255149664717780555e-01 1.340726142068628113e-01 1.545485355479555012e-01 -4.841755906794874553e-01 5.763775956924568344e-01
1.588763394588816881e+09 4.507358538996086850e-01 -7.649814787894654300e-01 -4.600440491120050268e-01 -7.853100632431549155e-02 4.793847768592750525e-01 -8.740841588581068633e-01 8.891963062544402385e-01 4.301087918543290978e-01 1.560011413942581915e-01 1.512433294630436964e-01 -4.874900413509408725e-01 5.691590040558450747e-01
1.588763394588825941e+09 4.656681429003002859e-01 -7.585161498121787416e-01 -4.558579067722634548e-01 -6.368069761550686214e-02 4.850607154020817324e-01 -8.721587419330461000e-01 8.826652533324774730e-01 4.351658911880246783e-01 1.775744849613478116e-01 1.480573453684749519e-01 -4.908809978330105350e-01 5.619223642818019782e-01
1.588763394588835955e+09 4.809898162980713598e-01 -7.520872486535787882e-01 -4.505702686986051697e-01 -4.918034364192261365e-02 4.899688129853623231e-01 -8.703515704049646917e-01 8.753456976637005171e-01 4.407894426142257016e-01 1.986821000108765500e-01 1.449805869427938654e-01 -4.943482728635666956e-01 5.546746337966169671e-01
1.588763394588850975e+09 4.966818521916952500e-01 -7.457338900755181577e-01 -4.440586705618502217e-01 -3.507482164409281983e-02 4.939641761478766879e-01 -8.687745102007743414e-01 8.672236704516588235e-01 4.470798115338671108e-01 2.191865587357880174e-01 1.420032867554656408e-01 -4.978912217260113571e-01 5.474219630688068605e-01
1.588763394588867903e+09 5.126973240434831158e-01 -7.395016204940749738e-01 -4.362095909195310983e-01 -2.141362009499818767e-02 4.968936979447103885e-01 -8.675471801710088471e-01 8.583023422982783979e-01 4.541299442178015067e-01 2.389206625080134150e-01 1.391161145336443916e-01 -5.015088874400963626e-01 5.401697380946299809e-01
1.588763394588877916e+09 5.289578905603492531e-01 -7.334416273165136335e-01 -4.269273115392664408e-01 -8.251194442017262959e-03 4.985990185576595901e-01 -8.667934797222631715e-01 8.486079588395970541e-01 4.620199108463435289e-01 2.576861156113617324e-01 1.363103648910052590e-01 -5.052001815820290620e-01 5.329226592186993017e-01
1.588763394588891983e+09 5.453519190055419186e-01 -7.276096246350954866e-01 -4.161436273454687251e-01 4.352940583578403938e-03 4.989204159964673035e-01 -8.666368734456194600e-01 8.381958818480212958e-01 4.708106335312907120e-01 2.752544477572072545e-01 1.335781136441400174e-01 -5.089640963246767624e-01 5.256848567436742670e-01
1.588763394588906050e+09 5.617346997828214228e-01 -7.220645252108375267e-01 -4.038278698862267091e-01 1.633447204011701653e-02 4.977018917915699281e-01 -8.671943334314828888e-01 8.271561594311327426e-01 4.805368334946014119e-01 2.913709655634256213e-01 1.309123324113546927e-01 -5.127999408966077421e-01 5.184600423811931424e-01
1.588763394588922977e+09 5.779311939650441099e-01 -7.168670247396035089e-01 -3.899964152245805060e-01 2.762500329829230272e-02 4.947976889913017207e-01 -8.685689990824259077e-01 8.156177991171787989e-01 4.911994664245542541e-01 3.057624730910011857e-01 1.283069523354108676e-01 -5.167075931294770053e-01 5.112516941362605927e-01
1.588763394588937998e+09 5.937416617080409909e-01 -7.120782492593619173e-01 -3.747204372446107934e-01 3.815330443789236026e-02 4.900802394026830822e-01 -8.708419399138336292e-01 8.037506855453018240e-01 5.027583175688657979e-01 3.181491939389810009e-01 1.257568696406980435e-01 -5.206877543004070352e-01 5.040632707321376360e-01
1.588763394588954926e+09 6.089502522257146389e-01 -7.077585603477128950e-01 -3.581304379324208864e-01 4.784723208883324974e-02 4.834493358430810850e-01 -8.740637173912046975e-01 7.917640006325314950e-01 5.151257709854929479e-01 3.282608830978994141e-01 1.232578887014196684e-01 -5.247421937816431070e-01 4.968984503930423680e-01
1.588763394588973045e+09 6.233362457269093770e-01 -7.039665472413552116e-01 -3.404159589870354163e-01 5.663644490671662646e-02 4.748418670994488111e-01 -8.782468413625229564e-01 7.799001460914219974e-01 5.281631392104266798e-01 3.358563093187450499e-01 1.208066015731006637e-01 -5.288739685673102819e-01 4.897613876730952942e-01
1.588763394588989019e+09 6.366870812455025508e-01 -7.007581653576956393e-01 -3.218191328440488941e-01 6.445595207227609869e-02 4.642408870646855812e-01 -8.833605317339353613e-01 7.684237052691722525e-01 5.416810800350747579e-01 3.407442100985340061e-01 1.184002063355347051e-01 -5.330876013649369360e-01 4.826569808476960377e-01
1.588763394589006901e+09 6.488117135169600980e-01 -6.981858985005591212e-01 -3.026215649008665576e-01 7.125037944674281198e-02 4.516823848513379924e-01 -8.893291891358978685e-01 7.576059291175033517e-01 5.554452937563379988e-01 3.428028322712378118e-01 1.160362709671554915e-01 -5.373892013016761116e-01 4.755911416695257632e-01
1.588763394589020967e+09 6.595525496098924023e-01 -6.962976839073931057e-01 -2.831253603850891754e-01 7.697872814089741500e-02 4.372582077145557578e-01 -8.960354542123178945e-01 7.477062991035046124e-01 5.691878382200180608e-01 3.419948758484631091e-01 1.137124536137366360e-01 -5.417865124564353874e-01 4.685710588174809565e-01
1.588763394589030981e+09 6.687943822447417475e-01 -6.951352953523102229e-01 -2.636304144787298687e-01 8.161923751245402092e-02 4.211139902900404297e-01 -9.033279068285756663e-01 7.389535671122768878e-01 5.826233159972312725e-01 3.383750837630847830e-01 1.114261939317788830e-01 -5.462888777273647856e-01 4.616054461834639411e-01
1.588763394589041948e+09 6.764692510377233736e-01 -6.947320364228398715e-01 -2.444110267011942172e-01 8.517371132951853663e-02 4.034415928073264990e-01 -9.110325571003781153e-01 7.315290775499276865e-01 5.954681173388228776e-01 3.320887380432408498e-01 1.091743933967605357e-01 -5.509071092125302771e-01 4.547047673738604523e-01
1.588763394589051008e+09 6.825569017848065467e-01 -6.951098687402693654e-01 -2.256952507491191695e-01 8.767048475277221253e-02 3.844665086910881158e-01 -9.189664791511765740e-01 7.255549337792386311e-01 6.074601008140170233e-01 3.233608881588362349e-01 1.069531046704207539e-01 -5.556532614245724977e-01 4.478814286524019361e-01
1.588763394589060068e+09 6.870814196894089454e-01 -6.962762679432238366e-01 -2.076499010872351336e-01 8.916533586902440633e-02 3.644318135721735241e-01 -9.269514529581746043e-01 7.210885282676618990e-01 6.183759471080503278e-01 3.124780351356583052e-01 1.047572506350710753e-01 -5.605403089666761707e-01 4.411499334908461356e-01
1.588763394589068890e+09 6.901052637799113265e-01 -6.982212232490720982e-01 -1.903729190634124990e-01 8.973991381833106018e-02 3.435808869569210167e-01 -9.348256104703080993e-01 7.181235776476211363e-01 6.280440251516674621e-01 2.997652910213509658e-01 1.025803925523242482e-01 -5.655817348035478975e-01 4.345269922898166715e-01
1.588763394589078903e+09 6.917221338171243294e-01 -7.009148249130517927e-01 -1.738933518265914913e-01 8.949761137935718924e-02 3.221412297566426663e-01 -9.424516993743911053e-01 7.165965860560300493e-01 6.363516608874710823e-01 2.855624214455437238e-01 1.004145645628666539e-01 -5.707910397069280162e-01 4.280315810420901035e-01
1.588763394589087963e+09 6.920498885444313908e-01 -7.043058129295776126e-01 -1.581779809080364196e-01 8.855717927156293856e-02 3.003113082163197944e-01 -9.497214034453876907e-01 7.163969414838280425e-01 6.432467955903716783e-01 2.702017435150594893e-01 9.825018854415111524e-02 -5.761811877420162098e-01 4.216849428498789520e-01
1.588763394589097023e+09 6.912243433372370349e-01 -7.083212749744914882e-01 -1.431428608118908707e-01 8.704472274935577680e-02 2.782516757366855775e-01 -9.565559163983170521e-01 7.173786471743929249e-01 6.487349045446224594e-01 2.539899608389275532e-01 9.607607934345203937e-02 -5.817640062951118241e-01 4.155105261227673430e-01
1.588763394589106083e+09 6.893942743540663054e-01 -7.128675417707810436e-01 -1.286677985449738992e-01 8.508489400738693254e-02 2.560808324238841305e-01 -9.629035092273016128e-01 7.193720145389563836e-01 6.528724800151002317e-01 2.371949188754647886e-01 9.387954580580333552e-02 -5.875495632198048934e-01 4.095338542041735419e-01
1.588763394589116096e+09 6.867174390571845199e-01 -7.178323202787646462e-01 -1.146120362913213148e-01 8.279210591697699906e-02 2.338756260468203563e-01 -9.687350818177536960e-01 7.221943132528881870e-01 6.557583026624335121e-01 2.200373204656788095e-01 9.164658787515975180e-02 -5.935455463185645986e-01 4.037823221219583592e-01
1.588763394589124918e+09 6.833572123290015954e-01 -7.230880248747479921e-01 -1.008297012073711141e-01 8.026260549292824065e-02 2.116755572085389225e-01 -9.740386915545764523e-01 7.256588968100914361e-01 6.575235104309977707e-01 2.026869475671809750e-01 8.936218485109206910e-02 -5.997566717690838711e-01 3.982849173528943965e-01
1.588763394589133978e+09 6.794793944462995672e-01 -7.284962056975706757e-01 -8.718389078280981697e-02 7.756817077613897826e-02 1.894900467801793054e-01 -9.788139256565056012e-01 7.295827104636791738e-01 6.583211985511395747e-01 1.852627003309217091e-01 8.701066546466858231e-02 -6.061841468040151115e-01 3.930718609572668165e-01
1.588763394589143991e+09 6.752488158796355888e-01 -7.339129240472337390e-01 -7.355852482537444947e-02 7.475204172481801634e-02 1.673075465008010410e-01 -9.830667918037224728e-01 7.337923200152023373e-01 6.583160371786873633e-01 1.678357121809849473e-01 8.457614653224847234e-02 -6.128252119587259683e-01 3.881741669170112319e-01
1.588763394589153051e+09 6.708255094641655258e-01 -7.391948605093461300e-01 -5.986730371084940383e-02 7.182748616363232586e-02 1.451053103116773102e-01 -9.868055842749244855e-01 7.381286798964695750e-01 6.576742408839333365e-01 1.504348523291045014e-01 8.204302341067869209e-02 -6.196727878466703476e-01 3.836231200656604057e-01
1.588763394589162111e+09 6.663604073629881830e-01 -7.442058514218738985e-01 -4.605929019613969749e-02 6.877915218257578400e-02 1.228586816875372328e-01 -9.900379652136863662e-01 7.424508305108183936e-01 6.565541828743385322e-01 1.330540086853751469e-01 7.939649221392146294e-02 -6.267152506007706014e-01 3.794496770368076533e-01
1.588763394589170933e+09 6.619907884359318428e-01 -7.488233767577877620e-01 -3.212081026271848549e-02 6.556706094602933466e-02 1.005488704828804009e-01 -9.927693010810348939e-01 7.466385715638959031e-01 6.550980652330117282e-01 1.156605740268992211e-01 7.662308056703151515e-02 -6.339363586046944388e-01 3.756838009414033008e-01
1.588763394589180946e+09 6.578359604335293209e-01 -7.529443486587028556e-01 -1.807365453674646474e-02 6.213273668299257313e-02 7.816842401342227742e-02 -9.950021208645485338e-01 7.505940128956903878e-01 6.534252101935932311e-01 9.820449323653565599e-02 7.371116007726084829e-02 -6.413153505480713168e-01 3.723537509876927443e-01
1.588763394589190006e+09 6.539937212499172814e-01 -7.564895583326771700e-01 -3.969975341539512537e-03 5.840666601734668950e-02 5.572398378008527192e-02 -9.967364240368788986e-01 7.542419200312832084e-01 6.516274900368135281e-01 8.062716849231472971e-02 7.065141198488672503e-02 -6.488272271840942462e-01 3.694853565326434719e-01
1.588763394589200020e+09 6.505381110395151989e-01 -7.594062460589779961e-01 1.011531198957275890e-02 5.431609604997563595e-02 3.323637085858381635e-02 -9.979704932348703039e-01 7.575288296804659760e-01 6.497672637992301103e-01 6.286950851603212431e-02 6.743721768551479145e-02 -6.564432185456366975e-01 3.671013124222783919e-01
1.588763394589209080e+09 6.475188109076513987e-01 -7.616684932201778224e-01 2.409348379419767525e-02 4.979216563202391171e-02 1.073847301029620324e-02 -9.987018701516935382e-01 7.604210213851366751e-01 6.478779141470205616e-01 4.487848704372474767e-02 6.406494823236641434e-02 -6.641314253500492093e-01 3.652205384854863013e-01
1.588763394589217901e+09 6.449622827600591801e-01 -7.632754671471714270e-01 3.787103211026539296e-02 4.477553637491821226e-02 -1.172828306421145293e-02 -9.989282250112437866e-01 7.629015697724336187e-01 6.459667240919002573e-01 2.661176822343523651e-02 6.053413288262603220e-02 -6.718576082763605406e-01 3.638576459407190655e-01
1.588763394589226961e+09 6.428744305095529521e-01 -7.642479080212855047e-01 5.135758646006279016e-02 3.922003250191320040e-02 -3.411797760526222995e-02 -9.986479623271082851e-01 7.649668330388629256e-01 6.440194862701037470e-01 8.040252367083951246e-03 5.684749602879245883e-02 -6.795860849837994655e-01 3.630225458126524196e-01
1.588763394589236021e+09 6.412443861762346931e-01 -7.646234492169634578e-01 6.447183966596305160e-02 3.309411295623416321e-02 -5.638394919522803084e-02 -9.978605263092631406e-01 7.666227343922249471e-01 6.420060990264031542e-01 -1.085135609638472089e-02 5.301086251933782856e-02 -6.872806856403802511e-01 3.627202218419797730e-01
1.588763394589246035e+09 6.400487657522825335e-01 -7.644515711618964371e-01 7.714514120788056040e-02 2.638049179045950932e-02 -7.848169941497781799e-02 -9.965664516304170162e-01 7.678812714956306795e-01 6.398862541197800624e-01 -3.006550644928605853e-02 4.903294104299496525e-02 -6.949057146068570168e-01 3.629506773079768656e-01
1.588763394589255095e+09 6.392558372347262319e-01 -7.637888468418099208e-01 8.932285265419821763e-02 1.907439272662506471e-02 -1.003707139444893481e-01 -9.947672528434948758e-01 7.687575314136935178e-01 6.376145522404049748e-01 -4.959375635333792415e-02 4.492500288378678541e-02 -7.024268677964826679e-01 3.637090535415655745e-01
1.588763394589265108e+09 6.388291427020925672e-01 -7.626949639151736626e-01 1.009639463265855769e-01 1.118106378795622607e-02 -1.220152521176882526e-01 -9.924652447661007626e-01 7.692673854056706340e-01 6.351446057989393879e-01 -6.941915786636854158e-02 4.070047873165440894e-02 -7.098120606569090496e-01 3.649859082066406746e-01
1.588763394589273930e+09 6.387303670050470394e-01 -7.612297231597876523e-01 1.120393986442586864e-01 2.713027360371260410e-03 -1.433843059923219920e-01 -9.896633671522108155e-01 7.694258624129398649e-01 6.324320116657398128e-01 -8.951867332446261649e-02 3.637449986897347415e-02 -7.170321301865499874e-01 3.667676316981388074e-01
1.588763394589282990e+09 6.389213778089178897e-01 -7.594510369853585408e-01 1.225299775790146817e-01 -6.312519775265552219e-03 -1.644510120027193045e-01 -9.863650524784310925e-01 7.692461407602607659e-01 6.294362454447199884e-01 -1.098653168617930026e-01 3.196341127949699212e-02 -7.240613850665721385e-01 3.690369727965292501e-01
1.588763394589292049e+09 6.393654944135425122e-01 -7.574137989609549537e-01 1.324239468591562330e-01 -1.587586556787346989e-02 -1.851918031652610153e-01 -9.825741462802080051e-01 7.687390463918604144e-01 6.261216600552425016e-01 -1.304298484452202644e-01 2.748428321799415222e-02 -7.308779896146555544e-01 3.717736404740298317e-01
1.588763394589301109e+09 6.400281331784629657e-01 -7.551694033208457002e-01 1.417150698868184233e-01 -2.595633987285759364e-02 -2.055855453022574775e-01 -9.782948696525949339e-01 7.679129229034504789e-01 6.224578346018379005e-01 -1.511819664639700578e-01 2.295444501652240191e-02 -7.374641791846359151e-01 3.749549465816119920e-01
1.588763394589309931e+09 6.408770209755478842e-01 -7.527656630242248736e-01 1.504011321835790338e-01 -3.653322815873006474e-02 -2.256128305940220680e-01 -9.735318042658209770e-01 7.667737392656237549e-01 6.184195236645168015e-01 -1.720910384837273932e-01 1.839106040620833160e-02 -7.438063143303405012e-01 3.785564571570982917e-01
1.588763394589319944e+09 6.418821747803249433e-01 -7.502469028015041896e-01 1.584829913300694337e-01 -4.758614830616268720e-02 -2.452554978302396993e-01 -9.682898839081377496e-01 7.653253113481836012e-01 6.139864213703633000e-01 -1.931264927084393457e-01 1.381075883279028749e-02 -7.498947897917406236e-01 3.825526227925351574e-01
1.588763394589329004e+09 6.430157958608929691e-01 -7.476540731876892831e-01 1.659640717870463911e-01 -5.909503175046439821e-02 -2.644963887882804121e-01 -9.625743802666784088e-01 7.635695538045472741e-01 6.091428791098258966e-01 -2.142579971337328637e-01 9.229331980527208379e-03 -7.557238193835087436e-01 3.869173653678801283e-01
1.588763394589338064e+09 6.442521723670049383e-01 -7.450248024809874581e-01 1.728501723848050176e-01 -7.103986028714490142e-02 -2.833193088076966237e-01 -9.563908759040529173e-01 7.615067147781499068e-01 6.038776473353564267e-01 -2.354555380528273734e-01 4.661500189745429283e-03 -7.612911200108587462e-01 3.916246057684978910e-01
1.588763394589349985e+09 6.455676340236915500e-01 -7.423933571475118676e-01 1.791494715850316388e-01 -8.340027242559749920e-02 -3.017091526827280767e-01 -9.497452193889769356e-01 7.591355771282047860e-01 5.981836594701551713e-01 -2.566894720949084996e-01 1.207496931604186766e-04 -7.665975201414598761e-01 3.966487214434297748e-01
1.588763394589359999e+09 6.469405659987319535e-01 -7.397905379932412373e-01 1.848725614195008138e-01 -9.615519191337383587e-02 -3.196521103454532109e-01 -9.426434678207928908e-01 7.564536225933992108e-01 5.920578419831612482e-01 -2.779306183471105252e-01 -4.380762140166146769e-03 -7.716465203397614436e-01 4.019649253470954364e-01
1.588763394589369059e+09 6.483514606313296458e-01 -7.372435488573386708e-01 1.900324529398975115e-01 -1.092825240583604751e-01 -3.371359115676778595e-01 -9.350918174555237217e-01 7.534571742534148520e-01 5.855009195603856353e-01 -2.991503965620707084e-01 -8.832239714193584890e-03 -7.764438322119691094e-01 4.075495633785247152e-01
1.588763394589378119e+09 6.497829897286638845e-01 -7.347758462698056325e-01 1.946446043502517431e-01 -1.227588709845175291e-01 -3.541501284664132498e-01 -9.270965139117066656e-01 7.501415372148930727e-01 5.785171927022603189e-01 -3.203209826034111862e-01 -1.322422880776973064e-02 -7.809969191666532584e-01 4.133803323431102794e-01
1.588763394589387894e+09 6.512200695735708145e-01 -7.324070304629355377e-01 1.987268545465204761e-01 -1.365593701887932720e-01 -3.706864485695006706e-01 -9.186637552804512996e-01 7.465011449418033074e-01 5.711142605309269538e-01 -3.414154976301326250e-01 -1.754855312140640375e-02 -7.853145594921504546e-01 4.194364232426521233e-01
1.588763394589396954e+09 6.526498869063920294e-01 -7.301528266291505975e-01 2.022992211834513387e-01 -1.506576896171547830e-01 -3.867388637912990701e-01 -9.097995998009923424e-01 7.425297204027846432e-01 5.633026726416905383e-01 -3.624082136438585011e-01 -2.179821858276157279e-02 -7.894064470495268937e-01 4.256985982176696437e-01
1.588763394589406013e+09 6.540618749952139543e-01 -7.280251544217806181e-01 2.053836366699720306e-01 -1.650261123131343821e-01 -4.023037942496427433e-01 -9.005098774541917539e-01 7.382204588967006265e-01 5.550955158059576178e-01 -3.832747348857004632e-01 -2.596729563940321575e-02 -7.932828391137870527e-01 4.321492118933837334e-01
1.588763394589415073e+09 6.554476411295043770e-01 -7.260322722059598943e-01 2.080036765495141549e-01 -1.796356629433923657e-01 -4.173801635581731451e-01 -8.908001053392674562e-01 7.335662330953559573e-01 5.465079494298384910e-01 -4.039921321950764588e-01 -3.005078850480237540e-02 -7.969542559349500621e-01 4.387721885864501736e-01
1.588763394589425087e+09 6.568008530778948195e-01 -7.241789782736686165e-01 2.101843163215334764e-01 -1.944562454743186952e-01 -4.319694380834561143e-01 -8.806754073796453364e-01 7.285598177179367640e-01 5.375567058411399035e-01 -4.245390206038429648e-01 -3.404449898569485156e-02 -8.004312331921171753e-01 4.455529659372661211e-01
1.588763394589433908e+09 6.581170934479754209e-01 -7.224668530752283990e-01 2.119517339491714114e-01 -2.094567774650975267e-01 -4.460756355855787225e-01 -8.701404402257535420e-01 7.231941300138557960e-01 5.282595702407241189e-01 -4.448955796204644986e-01 -3.794489070674962605e-02 -8.037241250483566635e-01 4.524784149031329528e-01
1.588763394589442968e+09 6.593936886947825426e-01 -7.208945331799149203e-01 2.133331557580673554e-01 -2.246053223066818427e-01 -4.597052982512027097e-01 -8.591993295834755573e-01 7.174624815988183135e-01 5.186348530493388731e-01 -4.650435213007457769e-01 -4.174895834967511793e-02 -8.068429542738032589e-01 4.595367439804666776e-01
1.588763394589452028e+09 6.606295197460713142e-01 -7.194580069391641741e-01 2.143567444614135342e-01 -2.398692188345944443e-01 -4.728674281833331050e-01 -8.478556205064464724e-01 7.113588373645589602e-01 5.087008665422525500e-01 -4.849660120933689811e-01 -4.545410602519972532e-02 -8.097973059346621483e-01 4.667173931642051299e-01
1.588763394589461088e+09 6.618247933109520087e-01 -7.181509858634452792e-01 2.150513995936142453e-01 -2.552153096484650052e-01 -4.855732855218898303e-01 -8.361122712374965404e-01 7.048780665340798057e-01 4.984754215578550141e-01 -5.046475655595076271e-01 -4.905803797347556977e-02 -8.125962601647654937e-01 4.740109221771982573e-01
