1.586177206341995955e+09 8.843592974866195666e-01 -4.653685288992602809e-01 3.661646399385042744e-02 -1.109245306932974129e-01 -2.856910755955028303e-01 -9.518804327221124240e-01 4.534361935712733493e-01 8.377426466117994242e-01 -3.042743445469068275e-01 3.140079942607702009e-03 -8.478995283725671017e-01 2.597094048074199968e-01
1.586177206342041969e+09 8.859356235534154855e-01 -4.621240503493745932e-01 3.948965920354131215e-02 -1.246928033443062411e-01 -3.193225791767033694e-01 -9.394066188854302002e-01 4.467323313972057508e-01 8.273297122869008868e-01 -3.405227915921167359e-01 -8.834743050727941749e-03 -8.556154947809413436e-01 2.593517011438550290e-01
1.586177206342060089e+09 8.876156299623293444e-01 -4.587594001350914774e-01 4.096713817891550063e-02 -1.392329624887835293e-01 -3.520435778290337270e-01 -9.255698254856896678e-01 4.390360757468494413e-01 8.158462676340652031e-01 -3.763538124190711209e-01 -2.118426867889480411e-02 -8.627244594262161170e-01 2.594626681627876796e-01
1.586177206342072010e+09 8.893280991314211903e-01 -4.554201183503390205e-01 4.108586220780037490e-02 -1.544811872970558719e-01 -3.837976733841557131e-01 -9.104037066378195542e-01 4.303848220747892306e-01 8.033006050175101054e-01 -4.116758958794548007e-01 -3.386267554617430203e-02 -8.692055867841841366e-01 2.600225455826968290e-01
1.586177206342082977e+09 8.910049170866509716e-01 -4.522371597320148928e-01 3.989723375413945644e-02 -1.703721192127356510e-01 -4.145352494971581425e-01 -8.939428775391471405e-01 4.208129975773581832e-01 7.897101231440343261e-01 -4.464015488501243412e-01 -4.682309433925965075e-02 -8.750461733949443932e-01 2.610102540406199489e-01
1.586177206342122078e+09 8.925816363534747611e-01 -4.493268432567236181e-01 3.746212153366724334e-02 -1.868412071935082186e-01 -4.442115998767947604e-01 -8.762228131092292260e-01 4.103515394741174549e-01 7.751009242529032228e-01 -4.804478864721070108e-01 -6.001884888769115634e-02 -8.802413876406751658e-01 2.624039132838744126e-01
1.586177206342138052e+09 8.939975881611486042e-01 -4.467915283490446199e-01 3.384734456166982319e-02 -2.038259629638974335e-01 -4.727855251129923775e-01 -8.572798985448990550e-01 3.990279305962309286e-01 7.595071940097609664e-01 -5.137368326229942994e-01 -7.340455440900924000e-02 -8.847937706198381047e-01 2.641813193025947526e-01
1.586177206342149019e+09 8.951957847483191788e-01 -4.447205121657151761e-01 2.912341333373206706e-02 -2.212663431803155722e-01 -5.002184561227170922e-01 -8.371515405907682394e-01 3.868665306781371993e-01 7.429704990955269261e-01 -5.461951347795063194e-01 -8.693703915849880504e-02 -8.887125477270776397e-01 2.663203652900401064e-01
1.586177206342164040e+09 8.961227820179094028e-01 -4.431908391015179083e-01 2.336321598746615713e-02 -2.391045015375853622e-01 -5.264740694902871887e-01 -8.158762724105167452e-01 3.738890171028024789e-01 7.255390648361760286e-01 -5.777543324186715790e-01 -1.005760711869922025e-01 -8.920128017295466671e-01 2.687993981846816816e-01
1.586177206342178106e+09 8.967285988790827389e-01 -4.422678904601417549e-01 1.664130994229179664e-02 -2.572841546148954550e-01 -5.515183017312794700e-01 -7.934938103244565388e-01 3.601148205176906147e-01 7.072670473275229908e-01 -6.083507542118413713e-01 -1.142848851651763614e-01 -8.947145548759836142e-01 2.715975090643743539e-01
1.586177206342189074e+09 8.969667364289776179e-01 -4.420057337907873918e-01 9.033560334592337718e-03 -2.757497401176955965e-01 -5.753196695575779618e-01 -7.700450370133316014e-01 3.455615065196019908e-01 6.882137817768930743e-01 -6.379255725601908900e-01 -1.280305143006934543e-01 -8.968418065632171032e-01 2.746947586790772777e-01
1.586177206342204094e+09 8.968077327660805009e-01 -4.424199923327429285e-01 6.640870125832181586e-04 -2.943994391108770148e-01 -5.978816910541100427e-01 -7.455645204388143821e-01 3.302496948198219706e-01 6.684325203020314854e-01 -6.664331213378323904e-01 -1.417830909305935472e-01 -8.983930407920852623e-01 2.780889866699028934e-01
1.586177206342214108e+09 8.962133502862318357e-01 -4.435438289397690692e-01 -8.396591837115467347e-03 -3.131827837574858164e-01 -6.191772592423276933e-01 -7.200944840635510324e-01 3.141944858786754335e-01 6.479879580336186384e-01 -6.938252169162298921e-01 -1.555138036689710235e-01 -8.993982777015089303e-01 2.817656021923473642e-01
1.586177206342227936e+09 8.951491787879396478e-01 -4.454000291227501185e-01 -1.807655799738777311e-02 -3.320470919491371187e-01 -6.391835497080181616e-01 -6.936779648327164871e-01 2.974099471723002375e-01 6.269475290238997189e-01 -7.200584139608351419e-01 -1.691979273750470747e-01 -8.998885303279436920e-01 2.857108380543547654e-01
1.586177206342240095e+09 8.935848836458959443e-01 -4.480011129232527867e-01 -2.830298068013217122e-02 -3.509370716929178236e-01 -6.578825844313177518e-01 -6.663585200155023314e-01 2.799093204391153167e-01 6.053804656821286656e-01 -7.450941312638285074e-01 -1.828145389528288145e-01 -8.998950944929849927e-01 2.899118285684294527e-01
1.586177206342251062e+09 8.914943755001871750e-01 -4.513497138447020718e-01 -3.900274913566145751e-02 -3.697947146241454819e-01 -6.752616144509101526e-01 -6.381799287574608792e-01 2.617052688220298795e-01 5.833568274806305576e-01 -7.688986698158091215e-01 -1.963461662674487462e-01 -8.994489544038324347e-01 2.943566566288689512e-01
1.586177206342261076e+09 8.888559094913301983e-01 -4.554391843769691195e-01 -5.010311040927342696e-02 -3.885593770747622355e-01 -6.913133541890671419e-01 -6.091858970715054999e-01 2.428101787312927362e-01 5.609465179135557644e-01 -7.914431258701614125e-01 -2.097783988343097372e-01 -8.985803057362570234e-01 2.990343754115520891e-01
1.586177206342274904e+09 8.856521313028259401e-01 -4.602543734413996335e-01 -6.153222101573539715e-02 -4.071679757248268250e-01 -7.060360934959284407e-01 -5.794197740920101758e-01 2.232365160838679918e-01 5.382183076716819947e-01 -8.127032124433649640e-01 -2.230994842736233053e-01 -8.973181908017925368e-01 3.039350104580026413e-01
1.586177206342286110e+09 8.818700894389107647e-01 -4.657725210064082577e-01 -7.321956162560071257e-02 -4.255552500317150155e-01 -7.194337054290546041e-01 -5.489242871715054317e-01 2.029972284993171727e-01 5.152388790358563009e-01 -8.326590076937063767e-01 -2.362999295887188433e-01 -8.956902367074728311e-01 3.090495470154779323e-01
1.586177206342298985e+09 8.775012288502749280e-01 -4.719642259998764189e-01 -8.509619802845259928e-02 -4.436540682386735934e-01 -7.315155564183607462e-01 -5.177413049360567454e-01 1.821061815568521536e-01 4.920719057155504284e-01 -8.512946485126327012e-01 -2.493721209938870587e-01 -8.937224835959987068e-01 3.143699074174359787e-01
1.586177206342312098e+09 8.725413709073752688e-01 -4.787944615209864252e-01 -9.709490124722999771e-02 -4.613957785418481006e-01 -7.422963103756733405e-01 -4.859116416902402036e-01 1.605786158346594883e-01 4.687771874970598218e-01 -8.685979835119171932e-01 -2.623099718797314850e-01 -8.914392902863390589e-01 3.198889216422931003e-01
1.586177206342323065e+09 8.669906850942713517e-01 -4.862236100819263829e-01 -1.091501403341619131e-01 -4.787106026889296762e-01 -7.517956250389559170e-01 -4.534749137815317632e-01 1.384316116443330413e-01 4.454098556016292676e-01 -8.845602013274651565e-01 -2.751086059190779864e-01 -8.888633066545644779e-01 3.256002919072564228e-01
1.586177206342338085e+09 8.608535629334543859e-01 -4.942086191357366598e-01 -1.211981193460856809e-01 -4.955282356586444559e-01 -7.600375987801404332e-01 -4.204695190964851115e-01 1.156845327790389233e-01 4.220197738327916004e-01 -8.991753998591222041e-01 -2.877640796352023966e-01 -8.860155017665189980e-01 3.314985516156710998e-01
1.586177206342355967e+09 8.541383012614960357e-01 -5.027043350620662432e-01 -1.331770025351008135e-01 -5.117787645404586749e-01 -7.670498652172390575e-01 -3.869328117636671172e-01 9.235939997167866289e-02 3.986512963365240747e-01 -9.124400722831487176e-01 -3.002731453497748948e-01 -8.829152349490700935e-01 3.375790200069164748e-01
1.586177206342375040e+09 8.468566915569177844e-01 -5.116648003698174296e-01 -1.450271567813730678e-01 -5.273936612100026400e-01 -7.728625526756356390e-01 -3.529014043198036021e-01 6.848116796191745792e-02 3.753433188724281666e-01 -9.243525966612522460e-01 -3.126330524199667504e-01 -8.795803566953060981e-01 3.438377546631067871e-01
1.586177206342392921e+09 8.390233609839851114e-01 -5.210446370581650610e-01 -1.566916912039856835e-01 -5.423070581011250058e-01 -7.775069452121471381e-01 -3.184116914691708655e-01 4.407782601913119713e-02 3.521298576161559502e-01 -9.349126745159948015e-01 -3.248413838980631074e-01 -8.760273294683533774e-01 3.502715028158759347e-01
1.586177206342417002e+09 8.306547703149552708e-01 -5.308005033612455126e-01 -1.681174540634023939e-01 -5.564573406504744746e-01 -7.810138401812473097e-01 -2.835006346822227519e-01 1.918022116660802676e-02 3.290413459713344979e-01 -9.441207084368873348e-01 -3.368959261134857330e-01 -8.722713616589035102e-01 3.568776509400688468e-01
1.586177206342441082e+09 8.217679073058943295e-01 -5.408924433685460276e-01 -1.792564403451050170e-01 -5.697888498014599401e-01 -7.834118227988691174e-01 -2.482067342449895964e-01 -6.178467756259083121e-03 3.061066495264554987e-01 -9.519771772442184865e-01 -3.487945677151090274e-01 -8.683265481067209413e-01 3.636541728593461476e-01
1.586177206342583895e+09 8.123788526588578973e-01 -5.512848598928311583e-01 -1.900673648523650006e-01 -5.822533200965602784e-01 -7.847258362058282533e-01 -2.125710083978447629e-01 -3.196359325759653980e-02 2.833555461238376205e-01 -9.584821143500394935e-01 -3.605352227721372871e-01 -8.642060099007753404e-01 3.705995784611112454e-01
1.586177206342606068e+09 8.025013970052770063e-01 -5.619469467191293699e-01 -2.005171739625554173e-01 -5.938107696775598576e-01 -7.849763393180734239e-01 -1.766378127961882316e-01 -5.814015762868851578e-02 2.608213489257094619e-01 -9.636347577570466560e-01 -3.721157727097995638e-01 -8.599220284714094165e-01 3.777128647271045803e-01
1.586177206342626095e+09 7.921457464877780241e-01 -5.728526221475167546e-01 -2.105825011636494604e-01 -6.044298231463328674e-01 -7.841790941273831805e-01 -1.404554648581884668e-01 -8.467411367654428811e-02 2.385435429857224454e-01 -9.674333428794501533e-01 -3.835340226421951049e-01 -8.554861712305165122e-01 3.849934700774568785e-01
1.586177206342643023e+09 7.813172736034331711e-01 -5.839800766997726988e-01 -2.202511933291820545e-01 -6.140875586709878542e-01 -7.823455158470321580e-01 -1.040767241184476222e-01 -1.115338001383559957e-01 2.165704599337021918e-01 -9.698749649582667498e-01 -3.947876706290160964e-01 -8.509094093951758975e-01 3.924412303675777203e-01
1.586177206342653990e+09 7.700154160521684998e-01 -5.953109240369307553e-01 -2.295237742383230417e-01 -6.227687890811162141e-01 -7.794836775941872409e-01 -6.755910075157617323e-02 -1.386913649504278867e-01 1.949617920177629249e-01 -9.709555114851591284e-01 -4.058742881567967697e-01 -8.462022279132572766e-01 4.000563357205454418e-01
1.586177206342664003e+09 7.582328679008567551e-01 -6.068289545261673634e-01 -2.384146349531082176e-01 -6.304647074637040882e-01 -7.756000411994158350e-01 -3.096496597528881900e-02 -1.661239627664765905e-01 1.737906680360188083e-01 -9.706696827656429161e-01 -4.167913099793662535e-01 -8.413747271235966219e-01 4.078392879816847283e-01
1.586177206342678070e+09 7.459552705929264338e-01 -6.185185055866641024e-01 -2.469526122513728272e-01 -6.371708573445062918e-01 -7.707019562119051814e-01 5.638583659896778677e-03 -1.938144296933588528e-01 1.531448764738330137e-01 -9.690111526677336329e-01 -4.275360326214706075e-01 -8.364367165736117382e-01 4.157908577889800061e-01
1.586177206342688084e+09 7.331612403329635930e-01 -6.303626794826804325e-01 -2.551812849037897735e-01 -6.428848276879605139e-01 -7.648005988741690686e-01 4.217988470839732773e-02 -2.217514246581695214e-01 1.331275197891240436e-01 -9.659727581453141365e-01 -4.381056214672975901e-01 -8.313978014343331724e-01 4.239120400364805308e-01
1.586177206342700958e+09 7.198228337559087198e-01 -6.423414424496105557e-01 -2.631588104010017526e-01 -6.476037766996344258e-01 -7.579142960530257378e-01 7.858287743838718309e-02 -2.499288633745891386e-01 1.138568899719987482e-01 -9.615467602775161771e-01 -4.484971270263242160e-01 -8.262674618506241631e-01 4.322040062219120737e-01
1.586177206342710972e+09 7.059065555826147254e-01 -6.544296681591217357e-01 -2.709570895823435466e-01 -6.513219484128573988e-01 -7.500721199786881677e-01 1.147673068867433449e-01 -2.783444891579286984e-01 9.546530523441369709e-02 -9.557252331051583338e-01 -4.587075112874821059e-01 -8.210551251350491908e-01 4.406680522077720541e-01
1.586177206342724085e+09 6.913750025224918438e-01 -6.665952348390163928e-01 -2.786600060167307991e-01 -6.540284075298538058e-01 -7.413175535787625003e-01 1.506490201881255375e-01 -3.069974729178210349e-01 7.809659327633297621e-02 -9.485006452726851833e-01 -4.687336845863551149e-01 -8.157702299521977229e-01 4.493055406815713582e-01
1.586177206342735052e+09 6.761890834435336783e-01 -6.787973599563934535e-01 -2.863607300666902167e-01 -6.557053380509042517e-01 -7.317118740755025330e-01 1.861403861931777981e-01 -3.358851491710049819e-01 6.190216219474130310e-02 -9.398666337433119189e-01 -4.785725524855104496e-01 -8.104222810223846718e-01 4.581178386766942001e-01
1.586177206342747927e+09 6.603107420865851340e-01 -6.909853719424975393e-01 -2.941580184575207646e-01 -6.563271951433621298e-01 -7.213368644131273877e-01 2.211509469515441917e-01 -3.649990919903176034e-01 4.703556130405352198e-02 -9.298189711772143484e-01 -4.882210714919353878e-01 -8.050208927346056420e-01 4.671062512615198337e-01
1.586177206342767000e+09 6.437058460771737378e-01 -7.030981207534354738e-01 -3.021519758256774879e-01 -6.558610107513095366e-01 -7.102964005082923471e-01 2.555882594817577846e-01 -3.943210857394685021e-01 3.364604346587423550e-02 -9.183565894805438834e-01 -4.976763111260327221e-01 -7.995758200414775363e-01 4.762719537482952847e-01
1.586177206342781067e+09 6.263469913472244910e-01 -7.150641482869514176e-01 -3.104395439392990674e-01 -6.542678971205048155e-01 -6.987166102370865328e-01 2.893589773274504728e-01 -4.238194964686791688e-01 2.187150274692459956e-02 -9.054825631245604356e-01 -5.069355190773338071e-01 -7.940969755598097368e-01 4.856159254149892135e-01
1.586177206342825890e+09 6.082158816960482328e-01 -7.268026390591052488e-01 -3.191102713572881999e-01 -6.515056330501504123e-01 -6.867444494683035972e-01 3.223700848591249946e-01 -4.534466360205261504e-01 1.183153397891789291e-02 -8.912048941895299725e-01 -5.159961855734068736e-01 -7.885944326156638651e-01 4.951388881389774399e-01
1.586177206342850924e+09 5.893050536085919777e-01 -7.382250523162718903e-01 -3.282427852981927852e-01 -6.475320018657124699e-01 -6.745447788437344272e-01 3.545301796435959552e-01 -4.831375173955829161e-01 3.621281363115179050e-03 -8.755369929067069457e-01 -5.248561022754217875e-01 -7.830784149518510429e-01 5.048412538511910519e-01
1.586177206342873096e+09 5.696188597584039837e-01 -7.492372704043560594e-01 -3.379021565791920367e-01 -6.423084365384522654e-01 -6.622962011267559124e-01 3.857507157586058666e-01 -5.128101279470991258e-01 -2.693476943312669500e-03 -8.584978265545188947e-01 -5.335134122849339855e-01 -7.775592750747618576e-01 5.147230833206757339e-01
1.586177206342897892e+09 5.491737003260525052e-01 -7.597420408080101106e-01 -3.481383036601609637e-01 -6.358035229342033912e-01 -6.501860582952808665e-01 4.159470762087187357e-01 -5.423671519021768805e-01 -7.079635022353201676e-03 -8.401117494997130120e-01 -5.419666481989864337e-01 -7.720474640184886717e-01 5.247840582589679004e-01
1.586177206342922926e+09 5.279975331108804903e-01 -7.696413638920595046e-01 -3.589857604299904192e-01 -6.279959507117981454e-01 -6.384051987857798371e-01 4.450391987640570646e-01 -5.716989516237855895e-01 -9.537995147756384018e-03 -8.204080300087409627e-01 -5.502147565182025080e-01 -7.665534958961972567e-01 5.350234673568268207e-01
1.586177206342947960e+09 5.061289312846231070e-01 -7.788386725605083161e-01 -3.704643400074750237e-01 -6.188766572220312234e-01 -6.271429297615023213e-01 4.729518254320665971e-01 -6.006872634182423010e-01 -1.010286956684409813e-02 -7.994202548945179565e-01 -5.582571089088093075e-01 -7.610879106212458112e-01 5.454402048919235746e-01
1.586177206342971087e+09 4.836158921867020344e-01 -7.872407166233127418e-01 -3.825803485428606043e-01 -6.084500861228845370e-01 -6.165824364422941573e-01 4.996144434978025406e-01 -6.292091559195103212e-01 -8.840438797212434030e-03 -7.771857468397935786e-01 -5.660935023414208622e-01 -7.556612375865151554e-01 5.560327793188969414e-01
1.586177206342997074e+09 4.605145420786753152e-01 -7.947590496423797557e-01 -3.953282303629641059e-01 -5.967345833282119427e-01 -6.068969238897792273e-01 5.249609139897075671e-01 -6.571409239776495603e-01 -5.846108067245522552e-03 -7.537450692351259640e-01 -5.737241507285543163e-01 -7.502839622403170150e-01 5.667993289189585671e-01
1.586177206343020916e+09 4.368878743055044089e-01 -8.013111675426251024e-01 -4.086923026343858290e-01 -5.837620633126847647e-01 -5.982464977326719113e-01 5.489289405480365369e-01 -6.843616288878680010e-01 -1.241336110850342796e-03 -7.291417011340126653e-01 -5.811496700658529413e-01 -7.449664968485908423e-01 5.777376423002178463e-01
1.586177206343050957e+09 4.128045877059067226e-01 -8.068213365890385402e-01 -4.226484394504933517e-01 -5.695771012971129199e-01 -5.907757647427330783e-01 5.714594665016039521e-01 -7.107561455374507009e-01 4.829783573718863902e-03 -7.034219040614069218e-01 -5.883710586414786503e-01 -7.397191562896874295e-01 5.888451820523906699e-01
1.586177206343070984e+09 3.883380704361848457e-01 -8.112211099477311116e-01 -4.371657054268729414e-01 -5.542355946469991190e-01 -5.846121556458184765e-01 5.924960198019200153e-01 -7.362176641783437780e-01 1.220403365845473993e-02 -6.766347706527093830e-01 -5.953896744814712871e-01 -7.345521390561213781e-01 6.001191094890019340e-01
1.586177206343091011e+09 3.635655580165090828e-01 -8.144495957571467049e-01 -4.522078517357569494e-01 -5.378031447051027092e-01 -5.798648668842902865e-01 6.119840799254890884e-01 -7.606496321835098939e-01 2.070247123057971164e-02 -6.488324476211373426e-01 -6.022072114617890159e-01 -7.294755133587201845e-01 6.115563091592783884e-01
