1.592830855182066917e+09 2.019966952251900649e-01 -9.769797989843723718e-01 6.861351146501676324e-02 -9.582464702217389219e-01 -2.116283429103822111e-01 -1.922944402103664296e-01 2.023883469148043679e-01 -2.690581388158655787e-02 -9.789356661998928066e-01 -5.979689193956359006e-01 -3.360958795610829997e-01 3.632733020390501721e-01
1.592830855182116985e+09 1.970401701101791303e-01 -9.769186468496844356e-01 8.249324373175602465e-02 -9.612124607197353177e-01 -2.090632685223192400e-01 -1.798976377364352175e-01 1.929916636667423080e-01 -4.384647274244724002e-02 -9.802202349110338275e-01 -5.988392541074111231e-01 -3.523257696242954040e-01 3.695607982371073019e-01
1.592830855182135105e+09 1.955651524157802357e-01 -9.760384541822840765e-01 9.541076238982292013e-02 -9.637424072097756644e-01 -2.092828286362926893e-01 -1.655333052138203143e-01 1.815347052852014365e-01 -5.957885178367387097e-02 -9.815780740947553928e-01 -5.989296531874029883e-01 -3.683541913112557964e-01 3.764004582179984459e-01
1.592830855182147980e+09 1.975418962982605497e-01 -9.744740726022081967e-01 1.066653059680826854e-01 -9.657132630228398851e-01 -2.121454601183991595e-01 -1.496402430007795215e-01 1.684490971972402995e-01 -7.344788329104359748e-02 -9.829701493138731649e-01 -5.982522299762236262e-01 -3.841480832721484440e-01 3.837348632345723431e-01
1.592830855182166100e+09 2.027555483463737429e-01 -9.723752461177982420e-01 1.156571434072515142e-01 -9.670074891399890182e-01 -2.174259238612864242e-01 -1.327497214099320477e-01 1.542294041003046123e-01 -8.492558122582942459e-02 -9.843784541110373043e-01 -5.968212096135874223e-01 -3.996792858605080490e-01 3.915087521777575463e-01
1.592830855182177067e+09 2.108328510271186007e-01 -9.698881379001953462e-01 1.219283205944249465e-01 -9.675331848690111869e-01 -2.248346987863923396e-01 -1.154508525557533388e-01 1.393881295111011887e-01 -9.362886385520963195e-02 -9.858014960254953829e-01 -5.946524634460881309e-01 -4.149240647215488575e-01 3.996691859866511320e-01
1.592830855182188034e+09 2.212845843890510755e-01 -9.671408113645945104e-01 1.251870208310262578e-01 -9.672400699606167329e-01 -2.340378812877523529e-01 -9.835101497016156269e-02 1.244177854659349186e-01 -9.932233919408012257e-02 -9.872463177784502886e-01 -5.917631296729400914e-01 -4.298626605768734454e-01 4.081656279845683466e-01
1.592830855182199001e+09 2.335557265619114531e-01 -9.642345411902703001e-01 1.253135214124392049e-01 -9.661281707389297591e-01 -2.446760157804516167e-01 -8.203663798103745519e-02 1.097637731111693604e-01 -1.019087964886268016e-01 -9.887196345216164861e-01 -5.881713110750096396e-01 -4.444788751456538178e-01 4.169499625208657467e-01
1.592830855182212114e+09 2.470749593291908519e-01 -9.612411732363667083e-01 1.223494087930125235e-01 -9.642482102395858456e-01 -2.563808242564429296e-01 -6.703929423508740715e-02 9.580897215341740991e-02 -1.014114674187832216e-01 -9.902203590684219847e-01 -5.838958367839898189e-01 -4.587596969575897243e-01 4.259764718336448430e-01
1.592830855182229996e+09 2.612970429309232623e-01 -9.582054354117863770e-01 1.164740545640206987e-01 -9.616946741285188338e-01 -2.687894569563079594e-01 -5.381065463544197625e-02 8.286865971537216158e-02 -9.795191288381292771e-02 -9.917349506715634755e-01 -5.789560766219460364e-01 -4.726949676024783109e-01 4.352017861377530106e-01
1.592830855182251930e+09 2.757341154093142510e-01 -9.551504552467107168e-01 1.079736631089391885e-01 -9.585938824405302316e-01 -2.815560341729685945e-01 -4.270799853307146593e-02 7.119320075130344816e-02 -9.172684061148202173e-02 -9.932359836727469027e-01 -5.733717994215110636e-01 -4.862770877193417496e-01 4.445848178280252250e-01
1.592830855182267904e+09 2.900232692187031946e-01 -9.518649088820174686e-01 9.919528736004899760e-02 -9.551690148253468848e-01 -2.943460676156245959e-01 -3.182059972901581796e-02 5.948665519653087430e-02 -8.551955044506021064e-02 -9.945590725187481995e-01 -5.674740200410810509e-01 -4.996829999763886532e-01 4.540292414397049670e-01
1.592830855182279110e+09 3.041587746800045733e-01 -9.483453431934003586e-01 9.015850659958987712e-02 -9.514240840122136778e-01 -3.071564681965587851e-01 -2.114524478119093887e-02 4.774576310316031025e-02 -7.934746273519539816e-02 -9.957029309223371927e-01 -5.612694161429168105e-01 -5.129161944400493223e-01 4.635205467858860562e-01
1.592830855182290077e+09 3.181353898400197111e-01 -9.445890676432123767e-01 8.087875805168873167e-02 -9.473626861473989358e-01 -3.199841365495330603e-01 -1.068167695423765176e-02 3.596971509940127820e-02 -7.322329795538393138e-02 -9.966667109000650893e-01 -5.547637563080082268e-01 -5.259799401061052704e-01 4.730449555184853550e-01
1.592830855182300091e+09 3.319484759534422347e-01 -9.405939361463878656e-01 7.136710082769193164e-02 -9.429880541370628810e-01 -3.328263009483603541e-01 -4.337305007314426475e-04 2.416081276546803991e-02 -6.715434731371910937e-02 -9.974500253885050238e-01 -5.479619922559896272e-01 -5.388772799042150785e-01 4.825892760460703812e-01
1.592830855182310104e+09 3.455942282386130771e-01 -9.363580268341887836e-01 6.163019937547126181e-02 -9.383031097055599679e-01 -3.456809516573124408e-01 9.589522849993698320e-03 1.232515963016221280e-02 -6.114189144377308455e-02 -9.980529865367459008e-01 -5.408683494948658410e-01 -5.516110360319658179e-01 4.921407738174694013e-01
1.592830855182321072e+09 3.590700000503675993e-01 -9.318792265706214994e-01 5.167057802741838179e-02 -9.333105147129918677e-01 -3.585473288470301112e-01 1.937268884666581287e-02 4.733418305708243096e-04 -5.518084514462114065e-02 -9.984762664484247985e-01 -5.334864168002126927e-01 -5.641838234606719737e-01 5.016870562553987778e-01
1.592830855182332039e+09 3.723746781543012530e-01 -9.271547428887403353e-01 4.148720636669452760e-02 -9.280127283990071696e-01 -3.714263956915828668e-01 2.889313903524759475e-02 -1.137896692308157376e-02 -4.925972892380115625e-02 -9.987211836154602507e-01 -5.258192340837529732e-01 -5.765980694143901797e-01 5.112159716718353009e-01
1.592830855182343960e+09 3.855090403565492041e-01 -9.221805887409029179e-01 3.107648687629382608e-02 -9.224120848157135732e-01 -3.843211959838774283e-01 3.812045479490845656e-02 -2.321059035607130061e-02 -4.336110701025212844e-02 -9.987898113608872919e-01 -5.178693797563053147e-01 -5.888560378594993594e-01 5.207155215660007608e-01
1.592830855182353973e+09 3.984760777830543832e-01 -9.169510868517831703e-01 2.043345882823298029e-02 -9.165108875856431414e-01 -3.972370690270438098e-01 4.701604936721093253e-02 -3.499448974135272589e-02 -3.746225846305212270e-02 -9.986851201768945918e-01 -5.096390591103596712e-01 -6.009598585925742809e-01 5.301737861080444425e-01
1.592830855182364941e+09 4.112812309731473936e-01 -9.114584418621988204e-01 9.553234586452231253e-03 -9.103115384213250616e-01 -4.101816511965359346e-01 5.553306230529031495e-02 -4.669751632984678325e-02 -3.153612594441145695e-02 -9.984111473301920947e-01 -5.011301957087900272e-01 -6.129115610311637319e-01 5.395788631866094143e-01
1.592830855182374954e+09 4.239324861096330777e-01 -9.056924407128164045e-01 -1.567335409442743160e-03 -9.038167141677473371e-01 -4.231645942783634484e-01 6.361665120520064443e-02 -5.828036033592789988e-02 -2.555258122547167041e-02 -9.979731807899342444e-01 -4.923445276294374784e-01 -6.247131129517750070e-01 5.489188220240786009e-01
1.592830855182385921e+09 4.364402774517103789e-01 -8.996403517720921172e-01 -1.292780588417465765e-02 -8.970296006468868599e-01 -4.361969406442042785e-01 7.120484187358885886e-02 -6.969781770805866250e-02 -1.948003647109856212e-02 -9.973779357745826690e-01 -4.832837091136715779e-01 -6.363664638866503021e-01 5.581816726778584536e-01
1.592830855182395935e+09 4.488171805603858866e-01 -8.932870788340694368e-01 -2.452222880651947629e-02 -8.899541716257234336e-01 -4.492901599511585076e-01 7.822997857186519965e-02 -8.089942443838292474e-02 -1.328729868728260530e-02 -9.966337016192468035e-01 -4.739494164495040018e-01 -6.478735921162322997e-01 5.673553525713942447e-01
1.592830855182405949e+09 4.610773913755923936e-01 -8.866156116085971428e-01 -3.633734852614228794e-02 -8.825954874819744722e-01 -4.624548858393615069e-01 8.462085446318001747e-02 -9.183055425870770283e-02 -6.945583105185443654e-03 -9.957504268460124486e-01 -4.643434558424803793e-01 -6.592365537600772818e-01 5.764277307556675556e-01
1.592830855182416916e+09 4.732360704569501531e-01 -8.796077498585422871e-01 -4.835115811410461983e-02 -8.749599595327631762e-01 -4.756995127352213748e-01 9.030530310130223393e-02 -1.024338660370015391e-01 -4.303995605307187750e-04 -9.947397258725925173e-01 -4.544678692724430924e-01 -6.704575316599573620e-01 5.853866295323035818e-01
1.592830855182427883e+09 4.853086203107346841e-01 -8.722450504132432947e-01 -6.053198795189347614e-02 -8.670555278980109914e-01 -4.890288114754715032e-01 9.521311915229305201e-02 -1.126510572226161466e-01 6.276847133431954183e-03 -9.936147869676854594e-01 -4.443250336388504529e-01 -6.815388814934334460e-01 5.942198618738770977e-01
1.592830855182439089e+09 4.973100022861175473e-01 -8.645098925163838821e-01 -7.283827188511940443e-02 -8.588917007063532338e-01 -5.024427669808098074e-01 9.927898738774076914e-02 -1.224247287312530547e-01 1.318775360964505143e-02 -9.923901820019980224e-01 -4.339177482248336437e-01 -6.924831724992164261e-01 6.029152817668089748e-01
1.592830855182451963e+09 5.092541735467115416e-01 -8.563865438974334054e-01 -8.521901572057488661e-02 -8.504794275680731541e-01 -5.159357929410426369e-01 1.024451356390316120e-01 -1.317001752120233460e-01 2.030640664422435002e-02 -9.910815900229760222e-01 -4.232493051348833468e-01 -7.032932200525555677e-01 6.114608429744659013e-01
1.592830855182468891e+09 5.211536776662167858e-01 -8.478621257327558780e-01 -9.761488865243833635e-02 -8.418308114542918386e-01 -5.294963976298281416e-01 1.046635311537057744e-01 -1.404269749888432395e-01 2.762943654697771340e-02 -9.897054528069085810e-01 -4.123235398078750613e-01 -7.139721086263618455e-01 6.198446615120102310e-01
1.592830855182487011e+09 5.330194014006015557e-01 -8.389273914853502268e-01 -1.099597927874036707e-01 -8.329586891256579584e-01 -5.431073151991623327e-01 1.058974568039402209e-01 -1.485602440940290980e-01 3.514656560261205515e-02 -9.882785929004089809e-01 -4.011448597261493276e-01 -7.245232041919553723e-01 6.280550766306008947e-01
1.592830855182512045e+09 5.448605248356821473e-01 -8.295772452343326275e-01 -1.221826875990194017e-01 -8.238761339383955384e-01 -5.567460793878313829e-01 1.061222124878707512e-01 -1.560613040082148850e-01 4.284159566170470113e-02 -9.868178512048528805e-01 -3.897182516060284097e-01 -7.349501561995772647e-01 6.360807056479262922e-01
1.592830855182531118e+09 5.566845792414236715e-01 -8.198110214817138086e-01 -1.342094436901761501e-01 -8.145959499614869870e-01 -5.703858825864864812e-01 1.053251547480315020e-01 -1.628978936919015519e-01 5.069357956293543688e-02 -9.853397594768957823e-01 -3.780492701671637756e-01 -7.452568906776646518e-01 6.439104897446820130e-01
1.592830855182550907e+09 5.684975497786024512e-01 -8.096325618273481073e-01 -1.459645751829165838e-01 -8.051302107666525876e-01 -5.839965850606891884e-01 1.035052526136621548e-01 -1.690440352598841511e-01 5.867800640132783685e-02 -9.838602594332028772e-01 -3.661440131129682918e-01 -7.554475967319514984e-01 6.515337296735577155e-01
1.592830855182571888e+09 5.803039999680538186e-01 -7.990501219447929682e-01 -1.573727318337170278e-01 -7.954898818215987433e-01 -5.975457751025045061e-01 1.006722382135479960e-01 -1.744795742016809204e-01 6.676791302608878209e-02 -9.823944871387915168e-01 -3.540090871299808040e-01 -7.655267087874980669e-01 6.589401116502112687e-01
1.592830855182593107e+09 5.921071712356824612e-01 -7.880761657139090381e-01 -1.683599159202098794e-01 -7.856845464701934789e-01 -6.109997820826614801e-01 9.684557141752003773e-02 -1.791895574675975156e-01 7.493482652229953300e-02 -9.809566140522157918e-01 -3.416515684713025136e-01 -7.754988862844690578e-01 6.661197238259958242e-01
1.592830855182609081e+09 6.039090451080669775e-01 -7.767270866302066201e-01 -1.788544229683256825e-01 -7.757222392219559337e-01 -6.243245921335039972e-01 9.205333347645715258e-02 -1.831635311218826889e-01 8.314951241706651508e-02 -9.795597397994242339e-01 -3.290789608073781403e-01 -7.853689920977391381e-01 6.730630638140451261e-01
1.592830855182620049e+09 6.157103773732053309e-01 -7.650228863587401618e-01 -1.887875023035308908e-01 -7.656093829168018061e-01 -6.374866434461831100e-01 8.633109050505886894e-02 -1.863947701218980901e-01 9.138253446181124340e-02 -9.782158383765258147e-01 -3.162991533206225836e-01 -7.951420710862938668e-01 6.797610388894774758e-01
1.592830855182630062e+09 6.275107010621816528e-01 -7.529868421683271196e-01 -1.980937708701073774e-01 -7.553508184453966434e-01 -6.504534865748130557e-01 7.972081188032657806e-02 -1.888795052279255982e-01 9.960462901679628667e-02 -9.769357475123066070e-01 -3.033203808630575149e-01 -8.048233296153252114e-01 6.862049601502787644e-01
