1.584057356836744070e+09 8.077534713041468750e-01 -4.867636151919614296e-01 -3.325590364318750658e-01 -3.448809873691547900e-01 6.732732484972954456e-02 -9.362286772363014320e-01 4.781123658558269485e-01 8.709352527782758813e-01 -1.134916358634971423e-01 3.268758208774753121e-02 -4.870523829751435274e-01 3.516819952337927879e-01
1.584057356836797953e+09 8.133370076239232471e-01 -4.817710971086132665e-01 -3.261587377509145291e-01 -3.486765545623092821e-01 4.513314481085171220e-02 -9.361557881772768486e-01 4.657333706778204463e-01 8.751340523082888900e-01 -1.312738292834375875e-01 2.702571932603626062e-02 -4.972719047394721370e-01 3.445094853632485465e-01
1.584057356836833954e+09 8.185580867070378908e-01 -4.774398544825201318e-01 -3.193960616998399171e-01 -3.519354672450334953e-01 2.261143100407206341e-02 -9.357511155658575497e-01 4.539868784610317509e-01 8.783734449651089404e-01 -1.495192485686145101e-01 2.111987219277312172e-02 -5.076280088705646953e-01 3.377410077108140007e-01
1.584057356836863041e+09 8.235776161906928072e-01 -4.733975061073789625e-01 -3.124335313504528755e-01 -3.547372633062696456e-01 -8.224141591337963810e-05 -9.349660247613849062e-01 4.425848894429477709e-01 8.808489057316508664e-01 -1.679994679614048581e-01 1.493681162397332562e-02 -5.181006696713671422e-01 3.314138163417544303e-01
1.584057356836905003e+09 8.285059522192078640e-01 -4.693515523133513501e-01 -3.054292187554026872e-01 -3.571722800335295767e-01 -2.284437089612090591e-02 -9.337591216656410120e-01 4.312839548869899509e-01 8.827158406537374269e-01 -1.865660613380432375e-01 8.444275349365960859e-03 -5.286636445200217915e-01 3.255648208779118868e-01
1.584057356836935997e+09 8.334037095930950656e-01 -4.651043845310465219e-01 -2.985233131894547975e-01 -3.593262962877480371e-01 -4.560522518443001910e-02 -9.320969780188035347e-01 4.199081683665643605e-01 8.840803556284059228e-01 -2.051317997244134772e-01 1.612046263663261588e-03 -5.392843630085486506e-01 3.202299171886404117e-01
1.584057356836966038e+09 8.382904977342415798e-01 -4.605559740488562870e-01 -2.918171282970412062e-01 -3.612627402750575589e-01 -6.832070097524728380e-02 -9.299578025410540905e-01 4.083604708149412565e-01 8.849974445549554369e-01 -2.236543076584635303e-01 -5.586940072916998269e-03 -5.499240494587427364e-01 3.154432815400602941e-01
1.584057356837006092e+09 8.431586663279133642e-01 -4.556969738797486680e-01 -2.853484389025447432e-01 -3.630033582468965569e-01 -9.097150898615079251e-02 -9.273363719029018570e-01 3.966258003745877225e-01 8.854741401264354383e-01 -2.421229480486231100e-01 -1.317550631774273145e-02 -5.605380980893611698e-01 3.112366383559440619e-01
1.584057356837023020e+09 8.479899690097657539e-01 -4.505938801600837262e-01 -2.790666010332333302e-01 -3.645077074490750135e-01 -1.135650516429440871e-01 -9.242494849635212173e-01 3.847689487115993900e-01 8.854762190431425539e-01 -2.605469668670510330e-01 -2.117121533500438205e-02 -5.710767118994065639e-01 3.076385181333810004e-01
1.584057356837035894e+09 8.527731425338652693e-01 -4.453673790047268377e-01 -2.728110431828622562e-01 -3.656522585409531234e-01 -1.361344397473467915e-01 -9.207420053078685385e-01 3.729294751274895847e-01 8.849380273875940839e-01 -2.789413819992976884e-01 -2.958548218355944517e-02 -5.814858037636716492e-01 3.046735336777024461e-01
1.584057356837049961e+09 8.574788970124380683e-01 -4.402113608966528036e-01 -2.663529596362604335e-01 -3.662075117245210398e-01 -1.585338929344354275e-01 -9.169291484882388099e-01 3.614166567210840286e-01 8.837878494368052174e-01 -2.971481747539604923e-01 -3.842287450083990002e-02 -5.917081410340486736e-01 3.023617095887618511e-01
1.584057356837063074e+09 8.620998531731752790e-01 -4.346719834452192344e-01 -2.604690195737960345e-01 -3.668525003770081172e-01 -1.807639755997568209e-01 -9.125478772603038413e-01 3.495755803042079335e-01 8.822611020648705171e-01 -3.152971007882016119e-01 -4.767974709691528284e-02 -6.016857393941495991e-01 3.007191343063765898e-01
1.584057356837073088e+09 8.665949053141177583e-01 -4.287841260308675739e-01 -2.552595611112464247e-01 -3.676714788250454724e-01 -2.027945397877536915e-01 -9.075748225301626393e-01 3.373884318701876328e-01 8.803513776780765854e-01 -3.333924087133321446e-01 -5.734368991782911457e-02 -6.113616273298912995e-01 2.997570456103749170e-01
1.584057356837080956e+09 8.709203579174825682e-01 -4.226086352867900464e-01 -2.507980696438205648e-01 -3.687316134230892439e-01 -2.245994483513715501e-01 -9.019933953541146021e-01 3.248610897651425522e-01 8.780415875484541832e-01 -3.514373958746900284e-01 -6.739505863962332033e-02 -6.206801031497356513e-01 2.994809875385428533e-01
1.584057356837090969e+09 8.750341796606412315e-01 -4.162235625603780131e-01 -2.471297849032392246e-01 -3.700811953336290983e-01 -2.461570219062663989e-01 -8.957938544254749891e-01 3.120177775394675224e-01 8.753083267162832248e-01 -3.694323212818027002e-01 -7.780745246387212044e-02 -6.295882136269824736e-01 2.998906647463225328e-01
1.584057356837099075e+09 8.788990925311694902e-01 -4.097157629418033409e-01 -2.442731645843406463e-01 -3.717499492065559075e-01 -2.674501069377042684e-01 -8.889726743627796024e-01 2.988952335282821782e-01 8.721258132739632130e-01 -3.873734703390146472e-01 -8.854846179609057732e-02 -6.380371361116398132e-01 3.009799949115556372e-01
1.584057356837109089e+09 8.824843798827166630e-01 -4.031738172124796904e-01 -2.422234352173229244e-01 -3.737509803964413901e-01 -2.884657067172272105e-01 -8.815314747078566437e-01 2.855372552353827031e-01 8.684690031571451474e-01 -4.052530897538823562e-01 -9.958063773963642118e-02 -6.459833927868079417e-01 3.027373541898302212e-01
1.584057356837119102e+09 8.857665119085389449e-01 -3.966827957280368855e-01 -2.409573533758914976e-01 -3.760838068937762957e-01 -3.091942413438028003e-01 -8.734757532478472086e-01 2.719901777341446336e-01 8.643157299129763382e-01 -4.230598805941508389e-01 -1.108626228490987714e-01 -6.533898397826097826e-01 3.051459985621994830e-01
1.584057356837127924e+09 8.887288672200545081e-01 -3.903209563503474699e-01 -2.404382494418358385e-01 -3.787378173838039652e-01 -3.296286018395170325e-01 -8.648136508707853221e-01 2.582995672893669825e-01 8.596479140695985066e-01 -4.407797609930655391e-01 -1.223503762902190400e-01 -6.602263902405864915e-01 3.081846350212376628e-01
1.584057356837136984e+09 8.913608529284570148e-01 -3.841581595347821065e-01 -2.406207358492778170e-01 -3.816957035180790214e-01 -3.497631444584610172e-01 -8.555548684299256745e-01 2.445081184539027730e-01 8.544520182677046716e-01 -4.583966937223349358e-01 -1.339984248419277824e-01 -6.664704499557287942e-01 3.118281080928870241e-01
1.584057356837146044e+09 8.936567351604666198e-01 -3.782555987536359021e-01 -2.414546373648873978e-01 -3.849364901421074014e-01 -3.695927588912580330e-01 -8.457098150855307805e-01 2.306545869161072404e-01 8.487189728444708425e-01 -4.758934407990680349e-01 -1.457610750740810646e-01 -6.721070638277033549e-01 3.160481621662373786e-01
1.584057356837155104e+09 8.956144431836601250e-01 -3.726663668041803046e-01 -2.428879338397441912e-01 -3.884379271843634296e-01 -3.891121020362564020e-01 -8.352890212216489418e-01 2.167734902848285350e-01 8.424437971641779432e-01 -4.932521696419839841e-01 -1.575935305340558923e-01 -6.771287891620073607e-01 3.208142386718350614e-01
1.584057356837163925e+09 8.972345340643765876e-01 -3.674363978647451345e-01 -2.448687088984772275e-01 -3.921781444164758601e-01 -4.083150442926408719e-01 -8.243028131979944773e-01 2.028952787223228527e-01 8.356251063759789766e-01 -5.104548832105680889e-01 -1.694528694972877725e-01 -6.815353277946556432e-01 3.260942679740475025e-01
1.584057356837172985e+09 8.985194200111387142e-01 -3.626054142396714086e-01 -2.473462464200108235e-01 -3.961365877523072565e-01 -4.271943381951907037e-01 -8.127612204440556321e-01 1.890467029839055513e-01 8.282646384183057764e-01 -5.274836804716314109e-01 -1.812988528017480672e-01 -6.853329577585461907e-01 3.318554222856191505e-01
1.584057356837182045e+09 8.994728575401496062e-01 -3.582076739304483892e-01 -2.502715346919041073e-01 -4.002943926002215935e-01 -4.457414775304808785e-01 -8.006740501986701064e-01 1.752511854525171386e-01 8.203668678226204714e-01 -5.443208837657989019e-01 -1.930945449189500895e-01 -6.885338126812758919e-01 3.380648013230206916e-01
1.584057356837191105e+09 9.000996537246410689e-01 -3.542724399227721310e-01 -2.535974208604906965e-01 -4.046343635317610765e-01 -4.639467088287009267e-01 -7.880510665026996264e-01 1.615290853502068247e-01 8.119387230275124656e-01 -5.609490751945028775e-01 -2.048067441809094391e-01 -6.911550567015664059e-01 3.446900319621357123e-01
1.584057356837201118e+09 9.004055226367591036e-01 -3.508241882980709381e-01 -2.572786114339283281e-01 -4.091407204417959464e-01 -4.817991574095777385e-01 -7.749022151185065432e-01 1.478978224336233438e-01 8.029893904007893157e-01 -5.773510832676693738e-01 -2.164062279031454816e-01 -6.932179985307371783e-01 3.516997724118035573e-01
1.584057356837209940e+09 9.003970354040068402e-01 -3.478826085918401145e-01 -2.612716392304342272e-01 -4.137987197724082855e-01 -4.992870427801010536e-01 -7.612378528596673855e-01 1.343718659111040048e-01 7.935301757472086326e-01 -5.935099511864670996e-01 -2.278678260372158371e-01 -6.947471863975296369e-01 3.590641166096110171e-01
1.584057356837219000e+09 9.000815845222954747e-01 -3.454625326288329745e-01 -2.655348940245939038e-01 -4.185942881334664412e-01 -5.163979409636306750e-01 -7.470689316993033291e-01 1.209626526783925266e-01 7.835743776991481724e-01 -6.094089198539756058e-01 -2.391703445544628159e-01 -6.957695249329929332e-01 3.667548975756330654e-01
1.584057356837228060e+09 8.994673378750045467e-01 -3.435738629862967741e-01 -2.700287187687109847e-01 -4.235136981456376626e-01 -5.331190784005771510e-01 -7.324071244383854040e-01 1.076784833442650940e-01 7.731371477199722175e-01 -6.250314355032829949e-01 -2.502963650592441858e-01 -6.963134480163118978e-01 3.747458942710831242e-01
1.584057356837239027e+09 8.985632091361330787e-01 -3.422214784956088551e-01 -2.747155238321987714e-01 -4.285432269988353471e-01 -5.494376727088653434e-01 -7.172649068520430271e-01 9.452439883891596006e-02 7.622353335612420677e-01 -6.403611751364330917e-01 -2.612319496960074372e-01 -6.964081732385074552e-01 3.830129510970589068e-01
1.584057356837249041e+09 8.973787936796399078e-01 -3.414052440248812048e-01 -2.795599402588496707e-01 -4.336688894356361956e-01 -5.653412749830085682e-01 -7.016555688769439136e-01 8.150211766849072004e-02 7.508872767703493878e-01 -6.553821043690086778e-01 -2.719662815073661255e-01 -6.960830570196580025e-01 3.915340210291207157e-01
1.584057356837258101e+09 8.959242553279351817e-01 -3.411201902612756576e-01 -2.845289874553066367e-01 -4.388762752022882241e-01 -5.808180809069684036e-01 -6.855931535217449913e-01 6.861008653011294034e-02 7.391125576989677759e-01 -6.700785650990562781e-01 -2.824912684490895609e-01 -6.953670598745401721e-01 4.002891458565581151e-01
1.584057356837266922e+09 8.942102009488753778e-01 -3.413568126625890486e-01 -2.895922014815940360e-01 -4.441504313984677155e-01 -5.958572144550946525e-01 -6.690923512267566986e-01 5.584362990446328778e-02 7.269317070325184149e-01 -6.844353750625925548e-01 -2.928011350185880657e-01 -6.942883223377074309e-01 4.092603882134124293e-01
1.584057356837275982e+09 8.922475694511238231e-01 -3.421014415959779398e-01 -2.947216969577601264e-01 -4.494757519015592506e-01 -6.104489863997339949e-01 -6.521683706343357478e-01 4.319517859532467918e-02 7.143658998845825447e-01 -6.984379270596622336e-01 -3.028920203635283026e-01 -6.928738456113500144e-01 4.184317295180494667e-01
1.584057356837285995e+09 8.900475519757525822e-01 -3.433366443882844288e-01 -2.998921540042496225e-01 -4.548358533907241319e-01 -6.245851287288171072e-01 -6.348368007928633094e-01 3.065455732116518020e-02 7.014366442133190827e-01 -7.120722804585153387e-01 -3.127615972200399330e-01 -6.911492676978725491e-01 4.277889457961353559e-01
1.584057356837295055e+09 8.876215505883575663e-01 -3.450416339596523718e-01 -3.050807335062618586e-01 -4.602134329984992611e-01 -6.382590037195420285e-01 -6.171134745396930077e-01 1.820931658857270763e-02 6.881654708407201060e-01 -7.253252414325153108e-01 -3.224087208701121865e-01 -6.891387224937540745e-01 4.373194718070413378e-01
1.584057356837304115e+09 8.849811732618134696e-01 -3.471926766484758065e-01 -3.102669309561637001e-01 -4.655901179538600720e-01 -6.514657816237351406e-01 -5.990143384234347668e-01 5.845102837655803685e-03 6.745736289723004431e-01 -7.381844310164958900e-01 -3.318331141976788023e-01 -6.868647695916753060e-01 4.470122609510269185e-01
1.584057356837312937e+09 8.821382629582930068e-01 -3.497634906471365213e-01 -3.154323791661245435e-01 -4.709463152666912844e-01 -6.642025835263654088e-01 -5.805553344629661439e-01 -6.453940857119121362e-03 6.606817909514487441e-01 -7.506383404008805105e-01 -3.410350936150960965e-01 -6.843483843157319724e-01 4.568576452873071014e-01
1.584057356837321997e+09 8.791048987523212288e-01 -3.527257549877703680e-01 -3.205606322509426676e-01 -4.762611805757232530e-01 -6.764685232404878956e-01 -5.617522809399445594e-01 -1.870468007954364728e-02 6.465097671949627811e-01 -7.626763771035693917e-01 -3.500153383832988463e-01 -6.816089973077094077e-01 4.668471986061242252e-01
1.584057356837331057e+09 8.758933127510554195e-01 -3.560498249471243937e-01 -3.256369558638109729e-01 -4.815128127493765731e-01 -6.882645806127032362e-01 -5.426207500934533412e-01 -3.092435975817299509e-02 6.320762528937879932e-01 -7.742888962322036495e-01 -3.587747022543865127e-01 -6.786645716174242171e-01 4.769736054079384835e-01
1.584057356837340117e+09 8.725157854249212530e-01 -3.597054815107970094e-01 -3.306481074292791922e-01 -4.866785500051571955e-01 -6.995933733256781695e-01 -5.231759753309153105e-01 -4.312995872060353120e-02 6.173986384911864800e-01 -7.854672037565777476e-01 -3.673140633728709248e-01 -6.755317052844423964e-01 4.872305383324015970e-01
1.584057356837349892e+09 8.689844145212543003e-01 -3.636628923890361520e-01 -3.355821631278083084e-01 -4.917355521453982692e-01 -7.104587215976791992e-01 -5.034327679659224009e-01 -5.533745806622372698e-02 6.024929093721452800e-01 -7.962035293932360203e-01 -3.756342084443711205e-01 -6.722257502944676277e-01 4.976125449007035018e-01
1.584057356837363958e+09 8.653106937104602103e-01 -3.678938489826220071e-01 -3.404284350964524863e-01 -4.966617660427340986e-01 -7.208649454072210139e-01 -4.834054414610322037e-01 -6.756103678366501275e-02 5.873736856553017915e-01 -8.064909547140697299e-01 -3.837357483593635821e-01 -6.687609415998616580e-01 5.081149429367762815e-01
1.584057356837373018e+09 8.615049154916030183e-01 -3.723731665661865198e-01 -3.451774986820876356e-01 -5.014372096004895418e-01 -7.308159352094539818e-01 -4.631077562207144838e-01 -7.981231484805514920e-02 5.720544501179454233e-01 -8.163232820556074465e-01 -3.916190613669696674e-01 -6.651505302066120784e-01 5.187337243353135063e-01
1.584057356837382078e+09 8.575754913864079843e-01 -3.770799935844931783e-01 -3.498213189655901556e-01 -5.060453528807558055e-01 -7.403141423984798131e-01 -4.425529025917395720e-01 -9.209982405301597730e-02 5.565479756816509305e-01 -8.256948428452540734e-01 -3.992842574476015427e-01 -6.614069140555945969e-01 5.294654679008043985e-01
1.584057356837389946e+09 8.535282785863063104e-01 -3.819988281907190641e-01 -3.543534578715999417e-01 -5.104743856809722535e-01 -7.493596355954380561e-01 -4.217535279089971723e-01 -1.044288245961778466e-01 5.408669263611227684e-01 -8.346002569429998852e-01 -4.067311580820625050e-01 -6.575417625439796687e-01 5.403072614577189015e-01
1.584057356837399006e+09 8.493659141605437446e-01 -3.871202445016090898e-01 -3.587693693034340048e-01 -5.147183345223279582e-01 -7.579492570367348803e-01 -4.007217988377989593e-01 -1.168014561476132113e-01 5.250246092161527933e-01 -8.430341510795468229e-01 -4.139592868081362620e-01 -6.535661325131273403e-01 5.512566328450196895e-01
1.584057356837409019e+09 8.450871092079549340e-01 -3.924414259219571877e-01 -3.630668055083370316e-01 -5.187780871796876525e-01 -7.660758438104217083e-01 -3.794694954698119571e-01 -1.292171594727265505e-01 5.090358818163953636e-01 -8.509908325289959885e-01 -4.209678698841232136e-01 -6.494905761768926533e-01 5.623114877341205409e-01
1.584057356837418079e+09 8.406859530828771909e-01 -3.979664321422946016e-01 -3.672463034098671919e-01 -5.226622106787779387e-01 -7.737275816421979036e-01 -3.580081607090368490e-01 -1.416733637882664487e-01 4.929181965785082720e-01 -8.584639245780206762e-01 -4.277558458102277972e-01 -6.453252409140723955e-01 5.734700529545618819e-01
1.584057356837426901e+09 8.361513090649486113e-01 -4.037061006638822946e-01 -3.713116922840992151e-01 -5.263874109832570314e-01 -7.808875828350173576e-01 -3.363493373446816426e-01 -1.541664104046050754e-01 4.766927390711118151e-01 -8.654459837257486576e-01 -4.343218820732994145e-01 -6.410799606711091725e-01 5.847308245203420851e-01
1.584057356837435007e+09 8.314664350791762804e-01 -4.096774387727444844e-01 -3.752705206760524326e-01 -5.299784205421229633e-01 -7.875338244077917382e-01 -3.145049274225969471e-01 -1.666926551661001010e-01 4.603855686212194875e-01 -8.719281433961063588e-01 -4.406643988824792690e-01 -6.367643392850198536e-01 5.960925191732193706e-01
1.584057356837444067e+09 8.266087125039501826e-01 -4.159027629298112649e-01 -3.791344463261764330e-01 -5.334675552334455784e-01 -7.936392907806779640e-01 -2.924876815220974202e-01 -1.792495582030272094e-01 4.440287920114711628e-01 -8.778997824786393123e-01 -4.467816002904958506e-01 -6.323878259818659364e-01 6.075540282820236504e-01
1.584057356837452888e+09 8.215495575391370542e-01 -4.224085269798018571e-01 -3.829195229198263384e-01 -5.368938556526663408e-01 -7.991723828753759529e-01 -2.703118391996286451e-01 -1.918366817376849220e-01 4.276617109363685110e-01 -8.833482602383054827e-01 -4.526715137800607081e-01 -6.279597831250436357e-01 6.191143729289556585e-01
1.584057356837461948e+09 8.162546062139913738e-01 -4.292237817547989165e-01 -3.866463024544473104e-01 -5.403017271959960066e-01 -8.040976684744156611e-01 -2.479939179552808071e-01 -2.044565029884755081e-01 4.113318428537510174e-01 -8.882587763526175184e-01 -4.583320396184141776e-01 -6.234895458638601839e-01 6.307726592042401936e-01
1.584057356837471008e+09 8.106842820677276906e-01 -4.363782181505043156e-01 -3.903396543054125645e-01 -5.437389975094407690e-01 -8.083770609761570247e-01 -2.255536079843482866e-01 -2.171149409574850697e-01 3.950956570567857873e-01 -8.926144321682700777e-01 -4.637610105066585775e-01 -6.189864727456182436e-01 6.425280333115571674e-01
1.584057356837480068e+09 8.047947647607193167e-01 -4.438998909789546587e-01 -3.940282649680804106e-01 -5.472544828868740607e-01 -8.119714098939743163e-01 -2.030146809341376590e-01 -2.298214910873740968e-01 3.790188867536571915e-01 -8.963965450879333163e-01 -4.689562607901800462e-01 -6.144599859768095085e-01 6.543796367829106675e-01
1.584057356837488890e+09 7.985393968438968537e-01 -4.518127107972986778e-01 -3.977437695820353336e-01 -5.508951387522194043e-01 -8.148425023090675179e-01 -1.804057724399315554e-01 -2.425889073711644806e-01 3.631762258238013241e-01 -8.995852662999948013e-01 -4.739157036235593368e-01 -6.099196000344330182e-01 6.663265625421915805e-01
1.584057356837498903e+09 7.918703600684535715e-01 -4.601340214002308526e-01 -4.015196326286610273e-01 -5.547031728656030003e-01 -8.169552575519182236e-01 -1.577608866953087996e-01 -2.554324236478969778e-01 3.476503843201572130e-01 -9.021604555502291678e-01 -4.786374128893376989e-01 -6.053749375701779067e-01 6.783678132047576970e-01
1.584057356837511063e+09 7.847405185809990247e-01 -4.688724616731846373e-01 -4.053898535643164491e-01 -5.587133586137751351e-01 -8.182799695947281515e-01 -1.351194821864857287e-01 -2.683685927919308156e-01 3.325304591356780248e-01 -9.041027554858368509e-01 -4.831197058175699666e-01 -6.008357322135464695e-01 6.905022632401481841e-01
1.584057356837519884e+09 7.771052128054699581e-01 -4.780263792019096569e-01 -4.093876759366631979e-01 -5.629508986451187136e-01 -8.187943395595863594e-01 -1.125260655120053632e-01 -2.814138840556714705e-01 3.179097521303377860e-01 -9.053947292139032932e-01 -4.873612216628010474e-01 -5.963118187505889178e-01 7.027286266873105092e-01
1.584057356837528944e+09 7.689238312298087852e-01 -4.875829448768210783e-01 -4.135444520523333112e-01 -5.674300577845303728e-01 -8.184850968288532869e-01 -9.002930629236959026e-02 -2.945832165693864080e-01 3.038832314237722154e-01 -9.060219150231793028e-01 -4.913609910052461616e-01 -5.918131122091025986e-01 7.150454321778116906e-01
1.584057356837538004e+09 7.601610704335870494e-01 -4.975179839568329432e-01 -4.178887445576116022e-01 -5.721536148856174453e-01 -8.173491031192263723e-01 -6.768075652129479369e-02 -3.078885970059200838e-01 2.905448321258229383e-01 -9.059736821154864561e-01 -4.951184919940899154e-01 -5.873495783002854465e-01 7.274510060942377399e-01
1.584057356837547064e+09 7.507878121337251409e-01 -5.077964803218720791e-01 -4.224457313257146129e-01 -5.771131198185847078e-01 -8.153938700636317316e-01 -4.553332620939588848e-02 -3.213379969460843366e-01 2.779848403057455508e-01 -9.052437907028449970e-01 -4.986336904320634589e-01 -5.829311983327938318e-01 7.399434642686308905e-01
1.584057356837555885e+09 7.407814912116058581e-01 -5.183736914968208875e-01 -4.272370518031101128e-01 -5.822899738547513415e-01 -8.126374024710462107e-01 -2.363976846591295602e-02 -3.349345739456394133e-01 2.662877546428559228e-01 -9.038305500647275670e-01 -5.019070623557908561e-01 -5.785679319973364709e-01 7.525207118201187040e-01
1.584057356837564945e+09 7.301261180459014399e-01 -5.291965921371950543e-01 -4.322809489310706632e-01 -5.876569845376088397e-01 -8.091075706209687191e-01 -2.051313671062305471e-03 -3.486762401857500526e-01 2.555306365921373168e-01 -9.017366431613694777e-01 -5.049396003999124805e-01 -5.742696810145088149e-01 7.651804497454584020e-01
1.584057356837574005e+09 7.188120774093920140e-01 -5.402054440174323124e-01 -4.375925911341144170e-01 -5.931801379610961433e-01 -8.048411763702698618e-01 1.918345503691838705e-02 -3.625555426396024905e-01 2.457819343955105207e-01 -8.989686977605467755e-01 -5.077328069427228252e-01 -5.700462558044239181e-01 7.779201863810724094e-01
1.584057356837583065e+09 7.068357513998529962e-01 -5.513353629191353189e-01 -4.431845420690750381e-01 -5.988204503309587645e-01 -7.998828140676924603e-01 4.001939810086097005e-02 -3.765598080113310986e-01 2.371008257171932365e-01 -8.955366601998399068e-01 -5.102886775846782186e-01 -5.659073464433950207e-01 7.907372518566633257e-01
1.584057356837591887e+09 6.941990897100511759e-01 -5.625177556612348528e-01 -4.490672539862249901e-01 -6.045357066905965304e-01 -7.942836834329352058e-01 6.041531070918902679e-02 -3.906714775668583273e-01 2.295369360241857060e-01 -8.914530789354790929e-01 -5.126096776450153047e-01 -5.618624986959113166e-01 8.036288141461751522e-01
1.584057356837600946e+09 6.809091802775406599e-01 -5.736815755620532364e-01 -4.552495340640702604e-01 -6.102820068804435394e-01 -7.881004367681566647e-01 8.033413871821223906e-02 -4.048685718793273436e-01 2.231303467199615420e-01 -8.867323656009250543e-01 -5.146987137446157323e-01 -5.579210955886656498e-01 8.165918956690011443e-01
1.584057356837610006e+09 6.669778292896249017e-01 -5.847543746812771115e-01 -4.617389919839496870e-01 -6.160151041814853068e-01 -7.813940996850020637e-01 9.974293256926386464e-02 -4.191252400676270251e-01 2.179118685824426582e-01 -8.813900674482049169e-01 -5.165591031328798932e-01 -5.540923442640790508e-01 8.296233893465124742e-01
1.584057356837619066e+09 6.524211874683071288e-01 -5.956631406597779899e-01 -4.685424390521299998e-01 -6.216915077629185937e-01 -7.742291145695044952e-01 1.186125943067079941e-01 -4.334123481453693305e-01 2.139034857416949598e-01 -8.754421943165970887e-01 -5.181945424724055949e-01 -5.503852677377446545e-01 8.427200734552822148e-01
