1.584057354083372116e+09 1.858852919281388794e-01 -9.089569342901510085e-01 -3.731540565397327702e-01 -4.296945537181957042e-01 2.663323956398457315e-01 -8.628033644347913311e-01 8.836341148331481321e-01 3.207247210287718087e-01 -3.410665691273334632e-01 2.492169193271891459e-01 -2.254528714492480823e-01 6.966417209464409455e-01
1.584057354083420038e+09 2.007719309432249022e-01 -9.034391230063492095e-01 -3.787986045757834597e-01 -4.164160531872344584e-01 2.712957481450905539e-01 -8.677535870446925204e-01 8.867289904708597348e-01 3.319583830853598538e-01 -3.217379826981079383e-01 2.414373112269881660e-01 -2.286529593452654441e-01 6.906037518797264463e-01
1.584057354083435059e+09 2.169951288529029243e-01 -8.971290543269874185e-01 -3.848019932374278640e-01 -4.048926649917415355e-01 2.759706260651970111e-01 -8.717236623655038041e-01 8.882426718187972359e-01 3.449632929363312117e-01 -3.033566920987326720e-01 2.339143031607255618e-01 -2.319514575608037088e-01 6.842994522075978026e-01
1.584057354083446026e+09 2.341078371170623451e-01 -8.901763007016161300e-01 -3.908704060623873766e-01 -3.947987420300236305e-01 2.803556426078377961e-01 -8.749483796729677909e-01 8.884410357723049323e-01 3.591474173256634650e-01 -2.858070306016322060e-01 2.266508153167345885e-01 -2.353531113637845895e-01 6.777503735725048939e-01
1.584057354083455086e+09 2.517202499015658845e-01 -8.827167565179071529e-01 -3.967972323773894527e-01 -3.856560884028590319e-01 2.845516156744196112e-01 -8.776672260245363955e-01 8.876408606093381115e-01 3.739538819542128079e-01 -2.687976876939446869e-01 2.196478540094174703e-01 -2.388627693745145053e-01 6.709783156268697146e-01
1.584057354083465099e+09 2.694960996006369736e-01 -8.748778825709343510e-01 -4.024432170691422117e-01 -3.768959583340848463e-01 2.887466025318078389e-01 -8.800993331779635165e-01 8.861835526868656610e-01 3.888625594861025436e-01 -2.519218548376566114e-01 2.129044908130589275e-01 -2.424852447946724276e-01 6.640051771741626307e-01
1.584057354083475113e+09 2.871171274114103222e-01 -8.667944142468750890e-01 -4.077146044260770985e-01 -3.679129169838235014e-01 2.931993310931478303e-01 -8.824252024423552276e-01 8.844228857462027582e-01 4.033628586532657656e-01 -2.347223116856667069e-01 2.064178633396041573e-01 -2.462251715065879865e-01 6.568527966300181653e-01
1.584057354083483934e+09 3.042322823513844421e-01 -8.586321673630806783e-01 -4.125451728469126667e-01 -3.581137086278825543e-01 2.982168876404828750e-01 -8.847718687669146043e-01 8.827215247429983647e-01 4.169142467814635489e-01 -2.167607454576397918e-01 2.001832007694663851e-01 -2.500868579273087255e-01 6.495427832345150865e-01
1.584057354083492994e+09 3.204073183304694816e-01 -8.506152474941878205e-01 -4.168846977236921880e-01 -3.469687595777423139e-01 3.041196309531052910e-01 -8.872000507713225792e-01 8.814487111699185196e-01 4.289113555082538776e-01 -1.976947619159691028e-01 1.941938756679949529e-01 -2.540741413870897802e-01 6.420963417597123080e-01
1.584057354083502054e+09 3.350910320352847860e-01 -8.430479326088203829e-01 -4.206948819391831962e-01 -3.340725709108583463e-01 3.111870848540628787e-01 -8.896955185499726415e-01 8.809707814730197706e-01 4.386716102490013092e-01 -1.773631888502019971e-01 1.884414840980197514e-01 -2.581902465796948598e-01 6.345340931220168068e-01
1.584057354083512068e+09 3.479412282950510860e-01 -8.361417811158797786e-01 -4.240328096282135473e-01 -3.188262256940344597e-01 3.198047335929601886e-01 -8.922302227139009556e-01 8.816386672883449460e-01 4.456364598398819266e-01 -1.553106764203777135e-01 1.829159554259291443e-01 -2.624376519519009965e-01 6.268758938751862742e-01
1.584057354083522081e+09 3.608244359479135799e-01 -8.291197103679497360e-01 -4.270435954543031487e-01 -3.035937150433674070e-01 3.285305447660520906e-01 -8.943704699310864870e-01 8.818370500301253578e-01 4.523584719336350979e-01 -1.331736846031521537e-01 1.776236476977842704e-01 -2.668263473785514317e-01 6.191331058392788300e-01
1.584057354083532095e+09 3.737460776694407905e-01 -8.219797446997133550e-01 -4.297245266986790546e-01 -2.883924086850262469e-01 3.373528908290863715e-01 -8.961154199125088704e-01 8.815575354095537275e-01 4.588489146201040203e-01 -1.109683987508735259e-01 1.725590039026147493e-01 -2.713572079730202646e-01 6.113202561217960795e-01
1.584057354083542109e+09 3.867199306819766869e-01 -8.147162738110531599e-01 -4.320706985171079983e-01 -2.732454398105364501e-01 3.462545150093916946e-01 -8.974657322712785712e-01 8.807863674210946181e-01 4.651292337822004463e-01 -8.871398454067289108e-02 1.677151627117175192e-01 -2.760306645099599998e-01 6.034515877642362414e-01
1.584057354083550930e+09 3.997686844185576183e-01 -8.073198965711041453e-01 -4.340732469007724803e-01 -2.581818432551435394e-01 3.552112912248732157e-01 -8.984247740031435780e-01 8.795039141307539055e-01 4.712319209083368765e-01 -6.643298843548690880e-02 1.630840040356515419e-01 -2.808466331012658967e-01 5.955409145279482175e-01
1.584057354083559990e+09 4.129240056468636566e-01 -7.997774859781630052e-01 -4.357174986149853213e-01 -2.432365350593216902e-01 3.641910421015983612e-01 -8.989999293704933336e-01 8.776843132775126177e-01 4.772010665034427390e-01 -4.415188060892872440e-02 1.586562247607574139e-01 -2.858044539411934148e-01 5.876014738411773353e-01
1.584057354083568096e+09 4.262260461564044700e-01 -7.920724920874586683e-01 -4.369811494475968061e-01 -2.284502086356815509e-01 3.731524061525656188e-01 -8.992039724666085476e-01 8.752952987155301345e-01 4.830925885976867229e-01 -2.190185141088116932e-02 1.544214453402478482e-01 -2.909028425375189131e-01 5.796457832874098992e-01
1.584057354083579063e+09 4.397223172832774307e-01 -7.841855012784512136e-01 -4.378325974433500689e-01 -2.138692097400933245e-01 3.820437447479075321e-01 -8.990564711779838181e-01 8.722982546183358776e-01 4.889741064527660663e-01 2.800272683857775446e-04 1.503683464143849846e-01 -2.961398567469127885e-01 5.716855065036142713e-01
1.584057354083587885e+09 4.534658622481111401e-01 -7.760950647907468580e-01 -4.382295771617031321e-01 -1.995454388263747381e-01 3.908020798315640643e-01 -8.985851948400765954e-01 8.686485651987273515e-01 4.949244234274168819e-01 2.234917179625191611e-02 1.464848343972233735e-01 -3.015128837424296271e-01 5.637313346092628352e-01
1.584057354083596945e+09 4.675127062580482495e-01 -7.677787905525932377e-01 -4.381182470306100862e-01 -1.855363295361624199e-01 3.993520320413256330e-01 -8.978275029589913858e-01 8.642963265643825999e-01 5.010326170828387493e-01 4.425129052561872778e-02 1.427582340419381868e-01 -3.070186514990672078e-01 5.557928897736011953e-01
1.584057354083606005e+09 4.819184914531838282e-01 -7.592147212372232223e-01 -4.374329374526736980e-01 -1.719048553958720527e-01 4.076048202938725162e-01 -8.968316627480262815e-01 8.591875746834233274e-01 5.073966078221204823e-01 6.591960320700682163e-02 1.391755035817002495e-01 -3.126532686648026971e-01 5.478786578429744036e-01
1.584057354083616972e+09 4.967341987810124371e-01 -7.503830248683746040e-01 -4.360968377173532473e-01 -1.587194352697002819e-01 4.154574822752387653e-01 -8.956579823973280785e-01 8.532662402983667294e-01 5.141209940385479404e-01 8.727156961263324297e-02 1.357234654654876915e-01 -3.184122954888167767e-01 5.399959566504045627e-01
1.584057354083626032e+09 5.120010474775207321e-01 -7.412679672698662126e-01 -4.340238797552776195e-01 -1.460536239078221166e-01 4.227924489536631913e-01 -8.943796085522197625e-01 8.464769734194296236e-01 5.213140568874909953e-01 1.082053037929993494e-01 1.323890434005624839e-01 -3.242908469785256709e-01 5.321509456827527851e-01
1.584057354083635092e+09 5.277448074088266772e-01 -7.318601067942361871e-01 -4.311220273338526865e-01 -1.339854509522926118e-01 4.294776209485026142e-01 -8.930827913359378201e-01 8.387689296761822177e-01 5.290838849271657374e-01 1.285959778803230369e-01 1.291594951419608728e-01 -3.302837283081787034e-01 5.243486814844063870e-01
1.584057354083643913e+09 5.439699290249374597e-01 -7.221586275697053914e-01 -4.272980611464854972e-01 -1.225962865669740220e-01 4.353670720682158435e-01 -8.918663931450733218e-01 8.301005162270505000e-01 5.375336540985350409e-01 1.482926292093040554e-01 1.260226292402409354e-01 -3.363856007850841712e-01 5.165932214853554694e-01
1.584057354083652973e+09 5.606540272589264351e-01 -7.121737269750121335e-01 -4.224637788511215186e-01 -1.119691611026326916e-01 4.403024647599561026e-01 -8.908404159169841519e-01 8.204449822406051362e-01 5.467561817091198817e-01 1.671158552795770635e-01 1.229669932566499202e-01 -3.425911746836884375e-01 5.088877768822623882e-01
1.584057354083662987e+09 5.777432219368678901e-01 -7.019290110041173092e-01 -4.165434348697508726e-01 -1.021864328537916145e-01 4.441154042982857764e-01 -8.901232727821764001e-01 8.097967045188217972e-01 5.568277752423609339e-01 1.848570428083460004e-01 1.199820208990488857e-01 -3.488954230008399771e-01 5.012349128179690583e-01
1.584057354083673000e+09 5.951489317893406961e-01 -6.914638389302611987e-01 -4.094820002858907126e-01 -9.332682864120669941e-02 4.466308983345000927e-01 -8.898375940875713486e-01 7.981778324709054573e-01 5.678015500258670745e-01 2.012797748086425087e-01 1.170581268026347488e-01 -3.552938085612080688e-01 4.936367919489492162e-01
1.584057354083682060e+09 6.127466428647904140e-01 -6.808355420408492842e-01 -4.012536809403417504e-01 -8.546188746204241848e-02 4.476722484926846657e-01 -8.901043893071161062e-01 7.856448419295929408e-01 5.797003732377984386e-01 2.161241768616597447e-01 1.141867393126909658e-01 -3.617825149086577041e-01 4.860954552620305735e-01
1.584057354083690882e+09 6.303771853810892223e-01 -6.701213403949434211e-01 -3.918698679595077339e-01 -7.865193990613800201e-02 4.470676847936015941e-01 -8.910355535584173481e-01 7.722942941004349304e-01 5.925098095988480251e-01 2.291149253885386983e-01 1.113602639760787882e-01 -3.683586694272127371e-01 4.786131318176849447e-01
1.584057354083699942e+09 6.478510109295985142e-01 -6.594196472535110987e-01 -3.813853649130417578e-01 -7.294193366397676292e-02 4.446588197759320793e-01 -8.927250463898166455e-01 7.582668014291494840e-01 6.061718097401419536e-01 2.399733217120514905e-01 1.085719736135277863e-01 -3.750205453912984765e-01 4.711925671020238959e-01
1.584057354083709002e+09 6.649557266522032606e-01 -6.488502980203938453e-01 -3.699015713234916070e-01 -6.835748329820379166e-02 4.403107778072178347e-01 -8.952394504079920212e-01 7.437480327818082326e-01 6.205801397238610573e-01 2.484333997679280537e-01 1.058158250058510164e-01 -3.817677289319696410e-01 4.638373584491821688e-01
1.584057354083718061e+09 6.814667836394233680e-01 -6.385531240886165305e-01 -3.575652816327517525e-01 -6.490161841543710952e-02 4.339233578128853797e-01 -8.986090916601682244e-01 7.289655704618633880e-01 6.355788128761968858e-01 2.542612237657215224e-01 1.030862066390879350e-01 -3.886012364816909814e-01 4.565522851245323310e-01
1.584057354083726883e+09 6.971606566634360735e-01 -6.286843257441765420e-01 -3.445620952462683517e-01 -6.255274985226835782e-02 4.254419465713941140e-01 -9.028213022112003827e-01 7.141807701698347222e-01 6.509647984179103286e-01 2.572754534484371636e-01 1.003776264936429852e-01 -3.955235679476020727e-01 4.493436197919352670e-01
1.584057354083735943e+09 7.118291875914801725e-01 -6.194103453651462754e-01 -3.311042613192787809e-01 -6.126427306378882942e-02 4.148663935233390387e-01 -9.078174731264916364e-01 6.996755653378720075e-01 6.664958362209114640e-01 2.573662832930236344e-01 9.768435391746493890e-02 -4.025386825404547175e-01 4.422194085875286174e-01
1.584057354083745956e+09 7.252933143518491832e-01 -6.108993121182942909e-01 -3.174139863430822106e-01 -6.096589670962557217e-02 4.022560604371060444e-01 -9.134950582367019623e-01 6.857352023814586861e-01 6.819032867037307932e-01 2.545096068997344529e-01 9.500003413064311841e-02 -4.096518866095221201e-01 4.351897079993737871e-01
1.584057354083755016e+09 7.374143973215268044e-01 -6.033105899586869159e-01 -3.037043608230417524e-01 -6.156646774965428282e-02 3.877296332812115720e-01 -9.197147936547031000e-01 6.726288552093340201e-01 6.969089349719158610e-01 2.487737118403764436e-01 9.231729764673893279e-02 -4.168696263381964640e-01 4.282667683512171308e-01
1.584057354083764076e+09 7.481017280513627687e-01 -5.967834872210118213e-01 -2.901607726471568394e-01 -6.295792121584796452e-02 3.714589593487973018e-01 -9.263123349165510723e-01 6.605907241473331082e-01 7.112437774955542302e-01 2.403168415885670317e-01 8.962738944690958054e-02 -4.241991828880665172e-01 4.214651560523994256e-01
1.584057354083772898e+09 7.573154641181432112e-01 -5.914265882344535985e-01 -2.769257637945179984e-01 -6.501996173370765131e-02 3.536572082476680534e-01 -9.331125247115042987e-01 6.498043494536098752e-01 7.246662472558855761e-01 2.293755386391284901e-01 8.691984357917484361e-02 -4.316482734879512617e-01 4.148018100600950886e-01
1.584057354083781958e+09 7.650651432451180955e-01 -5.873091147433058268e-01 -2.640896257846247486e-01 -6.762507543060201909e-02 3.345629019568681084e-01 -9.399438887242521634e-01 6.403922047839430975e-01 7.369773866974311805e-01 2.162455912968706540e-01 8.418222768089059227e-02 -4.392245676359183837e-01 4.082960309844674285e-01
1.584057354083790064e+09 7.714046947262521714e-01 -5.844553444920957963e-01 -2.516877974102543214e-01 -7.064360608383428441e-02 3.144221498601277864e-01 -9.466510406372944386e-01 6.324114784348741081e-01 7.480311905951158025e-01 2.012586893712131342e-01 8.139997917411792572e-02 -4.469351321942654498e-01 4.019694029219378906e-01
1.584057354083798885e+09 7.764252456023442717e-01 -5.828425577821514381e-01 -2.397047995881619598e-01 -7.394879333471818250e-02 2.934715992312185717e-01 -9.531033504042861759e-01 6.258557454693270961e-01 7.577393835713305270e-01 1.847582546321570318e-01 7.855635093357914156e-02 -4.547858235262363658e-01 3.958456492330112986e-01
1.584057354083808899e+09 7.802469864757832774e-01 -5.824024323646782575e-01 -2.280834211148792534e-01 -7.742176113934294557e-02 2.719242357717390202e-01 -9.591991873666820823e-01 6.206613498340906032e-01 7.660708954849645425e-01 1.670774434797738517e-01 7.563247923423327412e-02 -4.627806488239914473e-01 3.899504242206456306e-01
1.584057354083817959e+09 7.830111097842036294e-01 -5.830253290004511202e-01 -2.167373244614956285e-01 -8.095641191969886463e-02 2.499594616444973105e-01 -9.648659632541434217e-01 6.167168406190485230e-01 7.730470447603019490e-01 1.485213967446131211e-01 7.260758111012557969e-02 -4.709211219549538918e-01 3.843110427169340593e-01
1.584057354083827019e+09 7.848724187841310540e-01 -5.845667114781862850e-01 -2.055651871787356755e-01 -8.446410772088296104e-02 2.277180168665157156e-01 -9.700568640261050257e-01 6.138738477226126644e-01 7.787337573015374881e-01 1.293546849867168169e-01 6.945928157191083585e-02 -4.792056422974206864e-01 3.789561507559640052e-01
1.584057354083834887e+09 7.859927317714077155e-01 -5.868550728610353318e-01 -1.944647761834794042e-01 -8.787791140396394862e-02 2.053015586015361216e-01 -9.747454759402179869e-01 6.119582489583677010e-01 7.832320177499088043e-01 1.097939347594528714e-01 6.616406424700696509e-02 -4.876289264421915237e-01 3.739153410791453691e-01
1.584057354083843946e+09 7.865349969186878898e-01 -5.897008180093581409e-01 -1.833456952794793593e-01 -9.115601593336956909e-02 1.827762160587859674e-01 -9.789195246521811278e-01 6.107808768775194741e-01 7.866675283868573842e-01 9.000511335023834991e-02 6.269783238764338462e-02 -4.961815225430025178e-01 3.692187176290169237e-01
1.584057354083853006e+09 7.866579687204314775e-01 -5.929056461571351466e-01 -1.721398708026029845e-01 -9.428392206803840048e-02 1.601791068073292468e-01 -9.825747787953541534e-01 6.101473448813786726e-01 7.891803017268529397e-01 7.010470103541532882e-02 5.903656259688208618e-02 -5.048494348496530559e-01 3.648964109576764980e-01
1.584057354083862066e+09 7.865113269434931276e-01 -5.962720539857304658e-01 -1.608091115003308647e-01 -9.727495078643509652e-02 1.375266246172137663e-01 -9.857099023616215927e-01 6.098668024384589215e-01 7.909147016547343201e-01 5.016391329073054128e-02 5.515702885247968784e-02 -5.136138845002150566e-01 3.609780470841675304e-01
1.584057354083872080e+09 7.862312089644921675e-01 -5.996126017486409499e-01 -1.493493019426632429e-01 -1.001687893367690513e-01 1.148232743268353673e-01 -9.883227354758845618e-01 6.097595426643540595e-01 7.920103178834848601e-01 3.021517338369070216e-02 5.103756997110892729e-02 -5.224512304525364970e-01 3.574921741319799784e-01
1.584057354083884954e+09 7.859362401924777641e-01 -6.027585485589007641e-01 -1.377909961049017529e-01 -1.030279523228320310e-01 9.206991571889054649e-02 -9.904081844383887390e-01 6.096634051419348443e-01 7.925940088694433117e-01 1.026010437341945761e-02 4.665886939420621493e-02 -5.313330712026591574e-01 3.544656544573312473e-01
1.584057354083897114e+09 7.857243037981795908e-01 -6.055673182541713162e-01 -1.261964405188162608e-01 -1.059323127286801169e-01 6.927046523730107097e-02 -9.919576341299187749e-01 6.094388104785920524e-01 7.927735022347625060e-01 -9.721658480714169201e-03 4.200471179637706165e-02 -5.402265430747523745e-01 3.519230356681308236e-01
1.584057354083905935e+09 7.856703993699680755e-01 -6.079281318219346142e-01 -1.146534352282102681e-01 -1.089722032881696306e-01 4.643639678865006670e-02 -9.929595762701891593e-01 6.089721525987994433e-01 7.926329842558811345e-01 -2.976356557183022084e-02 3.706267569912670423e-02 -5.490948230661414353e-01 3.498859238894770352e-01
1.584057354083914995e+09 7.858258703841428661e-01 -6.097652517442377906e-01 -1.032668355116619502e-01 -1.122408448564585354e-01 2.358878074957804563e-02 -9.934010078067776472e-01 6.081773543605739629e-01 7.922309684214394743e-01 -4.990389287169087751e-02 3.182472004998421200e-02 -5.578978320737548735e-01 3.483723888819427184e-01
1.584057354083923101e+09 7.862191447013869849e-01 -6.110385004993048597e-01 -9.214883357309872070e-02 -1.158270020684687152e-01 7.580269727604643792e-04 -9.932691131459814304e-01 6.069955208010562320e-01 7.916005156901950723e-01 -7.017878235777573470e-02 2.628762480201959906e-02 -5.665931196570247463e-01 3.473964353751550771e-01
1.584057354083931923e+09 7.868579322336670678e-01 -6.117410515686606542e-01 -8.140933867148944514e-02 -1.198087482013136251e-01 -2.201813435038634664e-02 -9.925528025032359647e-01 6.053928133952218849e-01 7.907515967256268929e-01 -9.061707329216771301e-02 2.045325109489751908e-02 -5.751368951674012964e-01 3.469675779852076092e-01
1.584057354083940983e+09 7.877326009739121782e-01 -6.118948868088255333e-01 -7.114771237638052581e-02 -1.242490246042405044e-01 -4.469767307943350865e-02 -9.912438136246016773e-01 6.033568839603666856e-01 7.896751013281870790e-01 -1.112371571315202007e-01 1.432859802084879633e-02 -5.834851546825318147e-01 3.470905534968277140e-01
1.584057354083950043e+09 7.888202652841775908e-01 -6.115446694894896007e-01 -6.144677707002044881e-02 -1.291933245437708877e-01 -6.723748702844942193e-02 -9.893372556283788199e-01 6.008923981414893145e-01 7.883477898090118785e-01 -1.320457813251310897e-01 7.925649201380828568e-03 -5.915948428659507652e-01 3.477651935252353832e-01
1.584057354083959103e+09 7.900890690211397338e-01 -6.107509200253030679e-01 -5.236961731631042949e-02 -1.346695447001824419e-01 -8.959616643694885696e-02 -9.868316172645227313e-01 5.980162012158805052e-01 7.867374662415730358e-01 -1.530385000640877569e-01 1.261019747602007586e-03 -5.994249860613954928e-01 3.489864662084825042e-01
1.584057354083969116e+09 7.915021252125989948e-01 -6.095834578469053744e-01 -4.395900157705502631e-02 -1.406895523100859247e-01 -1.117359094243813716e-01 -9.837283855611564931e-01 5.947527518448063599e-01 7.848076800115959539e-01 -1.742012335622089292e-01 -5.644571326538195058e-03 -6.069377367369434007e-01 3.507446824601014868e-01
1.584057354083977938e+09 7.930207568709979338e-01 -6.081157953098533797e-01 -3.623891254875249990e-02 -1.472519082982094440e-01 -1.336234750496748669e-01 -9.800314497816128290e-01 5.911302350967733155e-01 7.825215310465796215e-01 -1.955124006545342907e-01 -1.276696777951827344e-02 -6.140992777599062480e-01 3.530258519247219118e-01
1.584057354083992004e+09 7.946068620310813291e-01 -6.064208760531428766e-01 -2.921739236069705384e-02 -1.543450835858534431e-01 -1.552303016046897299e-01 -9.757464572210643450e-01 5.871775967765051618e-01 7.798443913322175014e-01 -2.169451436612482575e-01 -2.007934007895442741e-02 -6.208805460410975474e-01 3.558121661633096844e-01
1.584057354084007025e+09 7.962244144678157776e-01 -6.045682169310061527e-01 -2.289001962755701780e-02 -1.619507085483045394e-01 -1.765320068777029017e-01 -9.708802288085273124e-01 5.829225076930942828e-01 7.767455965544498575e-01 -2.384693449163118872e-01 -2.755300131473223738e-02 -6.272577491517468129e-01 3.590825795013558586e-01
1.584057354084019899e+09 7.978402194776891276e-01 -6.026223109740552752e-01 -1.724339341266517556e-02 -1.700464716289726563e-01 -1.975075353516783094e-01 -9.654402990908905746e-01 5.783901640227477881e-01 7.731992782835324096e-01 -2.600532530661985309e-01 -3.515823024748818137e-02 -6.332126635084517341e-01 3.628134538048261026e-01
1.584057354084028959e+09 7.994241161294152187e-01 -6.006420064747413079e-01 -1.225816972480744255e-02 -1.786084195267213515e-01 -2.181381993372564776e-01 -9.594346036113831078e-01 5.736027503347141954e-01 7.691845722522613338e-01 -2.816646566829180687e-01 -4.286506050524819394e-02 -6.387327171168382112e-01 3.669792323302288883e-01
1.584057354084043980e+09 8.009488416211767436e-01 -5.986805183703756139e-01 -7.911393415558956241e-03 -1.876125457152944542e-01 -2.384068080401782197e-01 -9.528713064801489496e-01 5.685793576637202529e-01 7.646854457535158245e-01 -3.032716328610490231e-01 -5.064400128815625679e-02 -6.438108733778256099e-01 3.715531086370097991e-01
1.584057354084058046e+09 8.023897568882925047e-01 -5.967857421425935005e-01 -4.178053657275719243e-03 -1.970356711646000236e-01 -2.582970112442742883e-01 -9.457587421820939921e-01 5.633361540798386136e-01 7.596903527762591812e-01 -3.248429553060493968e-01 -5.846666358231718263e-02 -6.484453410800901096e-01 3.765076619906100319e-01
1.584057354084069967e+09 8.037245733297169181e-01 -5.950006263346880875e-01 -1.031990114151462579e-03 -2.068557625969764668e-01 -2.777928908337031766e-01 -9.381054330007597697e-01 5.578866406977079917e-01 7.541918619340968188e-01 -3.463482809689625852e-01 -6.630627452974723057e-02 -6.526391433101769168e-01 3.818154353687989166e-01
1.584057354084080935e+09 8.049331587982966330e-01 -5.933634603578977762e-01 1.553671586879836570e-03 -2.170518538193830504e-01 -2.968787878461108254e-01 -9.299201461542052627e-01 5.522418879274644254e-01 7.481863333310972974e-01 -3.677582195432574363e-01 -7.413807144276629568e-02 -6.563995797405960397e-01 3.874494401747339833e-01
1.584057354084094048e+09 8.059974475502917901e-01 -5.919080239082558093e-01 3.606368220315693193e-03 -2.276037330386900814e-01 -3.155393235313949107e-01 -9.212119604928433736e-01 5.464107021361220839e-01 7.416736658955278561e-01 -3.890443652270880737e-01 -8.193957416745184519e-02 -6.597376152698805063e-01 3.933835794746026737e-01
1.584057354084105968e+09 8.069014495997890446e-01 -5.906635980477064063e-01 5.154094624555063606e-03 -2.384915115972006117e-01 -3.337595740189422955e-01 -9.119903211052418079e-01 5.403997128866041555e-01 7.346571042580086752e-01 -4.101793384387638630e-01 -8.969074024769821407e-02 -6.626672278283727291e-01 3.995929860358505281e-01
1.584057354084120035e+09 8.076313099751298852e-01 -5.896549090915299551e-01 6.225387411024959489e-03 -2.496952226262962038e-01 -3.515253178752736352e-01 -9.022650646196812563e-01 5.342134059549319414e-01 7.271430665431908302e-01 -4.311368667638442176e-01 -9.737401282352335652e-02 -6.652047488079373405e-01 4.060542742196550647e-01
1.584057354084131956e+09 8.081753850072329604e-01 -5.889020587732325396e-01 6.849259621378877942e-03 -2.611944875410460165e-01 -3.688233209371907795e-01 -8.920464100896867699e-01 5.278541341142317656e-01 7.191409620168500716e-01 -4.518919008510142166e-01 -1.049742757124809411e-01 -6.673682252366941459e-01 4.127457097123048424e-01
1.584057354084146023e+09 8.085243419273439036e-01 -5.884204394454027875e-01 7.055144940857566507e-03 -2.729681949713241296e-01 -3.856416792344327105e-01 -8.813449154072481306e-01 5.213221203807916204e-01 7.106629875160430654e-01 -4.724207501615446669e-01 -1.124787328921371676e-01 -6.691768270810068975e-01 4.196473049626650575e-01
1.584057354084161997e+09 8.086712226075716270e-01 -5.882207229724435438e-01 6.872765706268314095e-03 -2.849942908212238502e-01 -4.019701389946391812e-01 -8.701713978859587639e-01 5.146154953723199865e-01 7.017238691733171940e-01 -4.927012315408596521e-01 -1.198767312205529095e-01 -6.706503183435069682e-01 4.267408498751469326e-01
1.584057354084173918e+09 8.086114343101302726e-01 -5.883089794598878042e-01 6.331911724051769892e-03 -2.972497092123356777e-01 -4.178003425687093486e-01 -8.585368275534348559e-01 5.077303997458025853e-01 6.923405365725285865e-01 -5.127128073289953791e-01 -1.271595449737277506e-01 -6.718086033225462161e-01 4.340098893535187519e-01
1.584057354084186077e+09 8.083426838285769911e-01 -5.886869031407816477e-01 5.462205381658536731e-03 -3.097103779105338517e-01 -4.331260175038795790e-01 -8.464522047455536047e-01 5.006611503437901067e-01 6.825317451789068013e-01 -5.324366906649253828e-01 -1.343201388294788801e-01 -6.726713521521137107e-01 4.414396602305491468e-01
1.584057354084197044e+09 8.078648739093661213e-01 -5.893521159823166267e-01 4.292901917370520702e-03 -3.223512531279862925e-01 -4.479431231357344223e-01 -8.339284310929123700e-01 4.934004613463056632e-01 6.723176644769857102e-01 -5.518559078076564761e-01 -1.413529231188614121e-01 -6.732577042181961957e-01 4.490169995782068990e-01
1.584057354084211111e+09 8.071799792510694349e-01 -5.902985202580161017e-01 2.852751959365433174e-03 -3.351463563584104466e-01 -4.622499651484679450e-01 -8.209761809472834182e-01 4.859397092857548062e-01 6.617194472332224020e-01 -5.709553155014702730e-01 -1.482535124420566730e-01 -6.735860449077564205e-01 4.567302346051538287e-01
1.584057354084223032e+09 8.062919141297256731e-01 -5.915166781905355498e-01 1.169934938251435391e-03 -3.480688021511328389e-01 -4.760472821325681392e-01 -8.076057790073914999e-01 4.782692320452574530e-01 6.507587915209531726e-01 -5.897215759523956047e-01 -1.550184955045222912e-01 -6.736738479377397670e-01 4.645690629608434374e-01
1.584057354084237099e+09 8.052063954562098669e-01 -5.929942081755095185e-01 -7.279443801144823249e-04 -3.610908214444340514e-01 -4.893382984765110022e-01 -7.938270897717978336e-01 4.703786554748388138e-01 6.394575035602969582e-01 -6.081430932115110544e-01 -1.616452218929557427e-01 -6.735375752058008203e-01 4.725244298482695893e-01
1.584057354084249973e+09 8.039308055971907674e-01 -5.947161864608150328e-01 -2.813803415210966875e-03 -3.741837830327343628e-01 -5.021287409995318640e-01 -7.796494238569036117e-01 4.622572405779348803e-01 6.278370689668254512e-01 -6.262099157400558003e-01 -1.681316105062764521e-01 -6.731926271713920551e-01 4.805884058408794179e-01
1.584057354084261894e+09 8.024739934773562622e-01 -5.966656311737356111e-01 -5.061075464198087903e-03 -3.873183200943201010e-01 -5.144267207225087235e-01 -7.650814780589483277e-01 4.538942705626777263e-01 6.159182362358099905e-01 -6.439135948473929671e-01 -1.744759828191773110e-01 -6.726533362713373876e-01 4.887540681214224136e-01
1.584057354084275961e+09 8.008459600017865387e-01 -5.988241292480802613e-01 -7.443836067372016502e-03 -4.004646473310583543e-01 -5.262423889128697851e-01 -7.501313314961268741e-01 4.452794793417710340e-01 6.037206394406529064e-01 -6.612469848681652440e-01 -1.806769216996292060e-01 -6.719329943430868424e-01 4.970153876109080771e-01
1.584057354084287882e+09 7.990575095350960222e-01 -6.011724822955897274e-01 -9.936956396759032140e-03 -4.135929364296150323e-01 -5.375874831688565170e-01 -7.348064922267413257e-01 4.364034595708355946e-01 5.912625006000279404e-01 -6.782040077038450354e-01 -1.867331543070717415e-01 -6.710439046173485300e-01 5.053671240330384062e-01
1.584057354084300041e+09 7.971197727472856265e-01 -6.036914829022090867e-01 -1.251644849586520600e-02 -4.266739077320386708e-01 -5.484746169375662728e-01 -7.191140182048509910e-01 4.272580537433229297e-01 5.785604447173928744e-01 -6.947793660771952595e-01 -1.926434573553963414e-01 -6.699974509653932042e-01 5.138047296076309056e-01
1.584057354084310055e+09 7.950435596999412269e-01 -6.063628532546357919e-01 -1.516009527823606456e-02 -4.396797042686886314e-01 -5.589162459371421754e-01 -7.030607284044498861e-01 4.178366857573014848e-01 5.656294903605282309e-01 -7.109682017337991544e-01 -1.984065835999449245e-01 -6.688041793061892948e-01 5.223242609232812139e-01
1.584057354084325075e+09 7.928385938366385721e-01 -6.091702564011663990e-01 -1.784833201117350804e-02 -4.525849678475361015e-01 -5.689233943860231291e-01 -6.866534921935484315e-01 4.081345502780356349e-01 5.524832759292706008e-01 -7.267657249035317513e-01 -2.040212075356620802e-01 -6.674738861591485994e-01 5.309222986881134698e-01
1.584057354084336996e+09 7.905127564360355796e-01 -6.121001989374491581e-01 -2.056522523432622457e-02 -4.653679111778685207e-01 -5.785043620150087662e-01 -6.698995525587552180e-01 3.981485768971121941e-01 5.391345376949175927e-01 -7.421668688280559367e-01 -2.094858864534812071e-01 -6.660157087937011999e-01 5.395958757067692568e-01
1.584057354084348917e+09 7.880714512676146866e-01 -6.151426870286044180e-01 -2.329940789990656708e-02 -4.780112080345892411e-01 -5.876636126448689934e-01 -6.528068347599920163e-01 3.878771362376359222e-01 5.255958077398018569e-01 -7.571660150040970816e-01 -2.147990331430129074e-01 -6.644382130653736507e-01 5.483424130036402833e-01
1.584057354084358931e+09 7.855170959794981478e-01 -6.182916394341368971e-01 -2.604497352821309730e-02 -4.905026818047687476e-01 -5.964008785167073112e-01 -6.353842234346831486e-01 3.773195080965457970e-01 5.118802993432057802e-01 -7.717567934011594355e-01 -2.199588971706165075e-01 -6.627494766561208284e-01 5.571596635819119347e-01
1.584057354084373951e+09 7.828486951183974973e-01 -6.215451245811727254e-01 -2.880240922386115981e-02 -5.028358474772153253e-01 -6.047104221687562564e-01 -6.176418184961416369e-01 3.664751439942125488e-01 4.980029754683429344e-01 -7.859319343720849727e-01 -2.249635543028671858e-01 -6.609571679312756798e-01 5.660456622104939051e-01
1.584057354084386110e+09 7.800615365811223167e-01 -6.249053808192873705e-01 -3.157949154279973691e-02 -5.150102131061640165e-01 -6.125805375358501781e-01 -5.995911653547755238e-01 3.553427636292632585e-01 4.839817663931142988e-01 -7.996831687250067766e-01 -2.298109032527283213e-01 -6.590686201506397168e-01 5.749986801733151243e-01
1.584057354084398985e+09 7.771470667357551765e-01 -6.283785686600035225e-01 -3.439202275410637583e-02 -5.270312223039284039e-01 -6.199933940267855492e-01 -5.812454578083510182e-01 3.439193619147639103e-01 4.698388723357503349e-01 -8.130011726616150902e-01 -2.344986686316268831e-01 -6.570909005942194847e-01 5.840171842794825707e-01
1.584057354084408998e+09 7.740930235065905940e-01 -6.319741846351883963e-01 -3.726420573976713113e-02 -5.389096833736815029e-01 -6.269253703717174719e-01 -5.626197057455670780e-01 3.321992538250609361e-01 4.556020303784238945e-01 -8.258755631933175634e-01 -2.390244099721612059e-01 -6.550308747753789129e-01 5.930997992195217172e-01
1.584057354084425926e+09 7.708836936394505290e-01 -6.357043102245736321e-01 -4.022885729173611424e-02 -5.506608960204555370e-01 -6.333476504302608667e-01 -5.437309366141328537e-01 3.201732477747047390e-01 4.413057713225024825e-01 -8.382948811806008038e-01 -2.433855371557360758e-01 -6.528952659644025047e-01 6.022452724112276057e-01
1.584057354084440947e+09 7.675003217030523794e-01 -6.395826741203286536e-01 -4.332735010478281495e-02 -5.623034270124521727e-01 -6.392271356848874264e-01 -5.245984417790537924e-01 3.078280563400266345e-01 4.269925902350047431e-01 -8.502465617813879106e-01 -2.475793331114752860e-01 -6.506907102096759488e-01 6.114524405215248093e-01
1.584057354084456921e+09 7.639216994000437300e-01 -6.436235114794153223e-01 -4.660914902632408430e-02 -5.738575045397613650e-01 -6.445277353984826263e-01 -5.052440627344035873e-01 2.951460685524243677e-01 4.127139129223482139e-01 -8.617169050825919108e-01 -2.516029848650639944e-01 -6.484238067655285764e-01 6.207201970216917886e-01
1.584057354084474087e+09 7.601249630927146006e-01 -6.478402160648910613e-01 -5.013077945331188140e-02 -5.853430298747457350e-01 -6.492120986236193936e-01 -4.856924834920064993e-01 2.821056149240537825e-01 3.985306833816449346e-01 -8.726910774371590129e-01 -2.554536234862960220e-01 -6.461011633003013177e-01 6.300474605404318140e-01
1.584057354084490061e+09 7.560865575497569546e-01 -6.522438659376866843e-01 -5.395421165693168458e-02 -5.967773538686789170e-01 -6.532437221715747810e-01 -4.659714900031854401e-01 2.686817960188905841e-01 3.845134314133800135e-01 -8.831531655140687498e-01 -2.591283725591859710e-01 -6.437294348107209796e-01 6.394331442357825690e-01
1.584057354084506989e+09 7.517833372313971196e-01 -6.568416995337976738e-01 -5.814461050757528671e-02 -6.081729688677548484e-01 -6.565893875354810172e-01 -4.461121117580509332e-01 2.548479034802439980e-01 3.707416325108626731e-01 -8.930863274183822309e-01 -2.626244041215083369e-01 -6.413153550631958133e-01 6.488761266827771657e-01
1.584057354084523916e+09 7.471936627749771187e-01 -6.616357324495160119e-01 -6.276773033341301322e-02 -6.195354673950034252e-01 -6.592216430923006909e-01 -4.261486009142902431e-01 2.405772953868863528e-01 3.573023691111583133e-01 -9.024730368153022209e-01 -2.659389997647117476e-01 -6.388657593452383709e-01 6.583752251530148314e-01
1.584057354084539890e+09 7.422984162425715349e-01 -6.666216319865391204e-01 -6.788712048448483638e-02 -6.308619888025223110e-01 -6.611211525377407305e-01 -4.061181760204293223e-01 2.258455499532140975e-01 3.442882826684856012e-01 -9.112954329910056828e-01 -2.690696138451308950e-01 -6.363875976839505899e-01 6.679291722675260168e-01
1.584057354084553003e+09 7.370818218981751713e-01 -6.717879838524769553e-01 -7.356148921135817476e-02 -6.421403960737518402e-01 -6.622786307847664533e-01 -3.860605225595655776e-01 2.106326177542490186e-01 3.317949971075301874e-01 -9.195357417953669010e-01 -2.720139351937564398e-01 -6.338879382500636206e-01 6.775365969858202497e-01
1.584057354084570885e+09 7.315320127645901227e-01 -6.771160091492948174e-01 -7.984249852441596684e-02 -6.533492736780183163e-01 -6.626961776295599016e-01 -3.660170800419582648e-01 1.949247059463393716e-01 3.199182496473996218e-01 -9.271767214296453563e-01 -2.747699429744576149e-01 -6.313739613350093371e-01 6.871960108598900163e-01
1.584057354084587097e+09 7.256413411864581775e-01 -6.825797165284607226e-01 -8.677312176789406251e-02 -6.644586825485397918e-01 -6.623879390234242992e-01 -3.460301685764175517e-01 1.787157050991630691e-01 3.087509497459103303e-01 -9.342020916207885994e-01 -2.773359535671150455e-01 -6.288529452033876366e-01 6.969057998642887997e-01
1.584057354084598064e+09 7.194064481481555751e-01 -6.881464380474490161e-01 -9.438666368595217959e-02 -6.754315358959238624e-01 -6.613800738676445246e-01 -3.261420524111648400e-01 1.620080330760006182e-01 2.983804246970698237e-01 -9.405968953718647496e-01 -2.797106557158818285e-01 -6.263322456920846770e-01 7.066642218107924700e-01
1.584057354084613085e+09 7.128280996668181491e-01 -6.937776630584973070e-01 -1.027066438103423351e-01 -6.862254385482030594e-01 -6.597100007649300268e-01 -3.063941293871784155e-01 1.448128030069748551e-01 2.888862566494766471e-01 -9.463477072466889295e-01 -2.818931324943604877e-01 -6.238192718731107034e-01 7.164694088515561887e-01
1.584057354084623098e+09 7.059109052789535044e-01 -6.994300148095159431e-01 -1.117472519040640100e-01 -6.967946680855233721e-01 -6.574251831128381518e-01 -2.868262876367874692e-01 1.271494570768248733e-01 2.803386936222786452e-01 -9.514427111655078262e-01 -2.838828707094622761e-01 -6.213214601562216943e-01 7.263193740124231912e-01
1.584057354084635019e+09 6.986629926307807992e-01 -7.050562625706027209e-01 -1.215141533093023196e-01 -7.070920786750017895e-01 -6.545816517083751229e-01 -2.674764544117206322e-01 1.090450141067474676e-01 2.727975953083357497e-01 -9.558716739705167553e-01 -2.856797597806431388e-01 -6.188462488253816396e-01 7.362120204602474738e-01
1.584057354084646940e+09 6.910956775410158626e-01 -7.106062884334449770e-01 -1.320055583650539544e-01 -7.170707998864175314e-01 -6.512423921521562908e-01 -2.483803831969326747e-01 9.053304662902265931e-02 2.663119404985444527e-01 -9.596258218820062913e-01 -2.872840826666642755e-01 -6.164010544207225717e-01 7.461451522729759533e-01
1.584057354084660053e+09 6.832231740710015266e-01 -7.160279570549693551e-01 -1.432133347294692327e-01 -7.266856319136749676e-01 -6.474757594762654556e-01 -2.295716302240345674e-01 7.165254272889955145e-02 2.609197304835462194e-01 -9.626976719467156274e-01 -2.886965008067339800e-01 -6.139932509090734181e-01 7.561164858074252981e-01
1.584057354084670067e+09 6.750623581599470846e-01 -7.212678673132844054e-01 -1.551240674208214376e-01 -7.358941168949568734e-01 -6.433540009572070728e-01 -2.110816863553302281e-01 5.244674833944480696e-02 2.566481895180640627e-01 -9.650808492621061330e-01 -2.899180346089445526e-01 -6.116301522659123302e-01 7.661236609923210983e-01
1.584057354084682941e+09 6.666325897520181121e-01 -7.262719684239705709e-01 -1.677200592606336305e-01 -7.446572996620474116e-01 -6.389519257611295799e-01 -1.929402569943244328e-01 3.296204539521915833e-02 2.535142295745474450e-01 -9.667698998072584704e-01 -2.909500415610905555e-01 -6.093189986349486498e-01 7.761642518989035899e-01
1.584057354084697008e+09 6.579555990871327475e-01 -7.309860408276412924e-01 -1.809802140050789376e-01 -7.529402026811491400e-01 -6.343457607323845782e-01 -1.751756466241434218e-01 1.324692085781545639e-02 2.515250764930896943e-01 -9.677601227523695560e-01 -2.917941933279417643e-01 -6.070669460205597723e-01 7.862357762137811568e-01
