1.584057354311893940e+09 3.204073183304695926e-01 -8.506152474941881536e-01 -4.168846977236923546e-01 -3.469687595777423694e-01 3.041196309531055131e-01 -8.872000507713230233e-01 8.814487111699189636e-01 4.289113555082540441e-01 -1.976947619159690750e-01 1.941938756679933431e-01 -2.540741413870908350e-01 6.420963417597131961e-01
1.584057354311945915e+09 3.350365041840833724e-01 -8.430763478559143431e-01 -4.206813671366781415e-01 -3.341204264776930777e-01 3.111605818764796028e-01 -8.896868173911588462e-01 8.809733717096968064e-01 4.386357988782694783e-01 -1.774388753281286590e-01 1.881552181905931931e-01 -2.583950832239981232e-01 6.341577602624914878e-01
1.584057354311994076e+09 3.512839077659516973e-01 -8.346356869865213524e-01 -4.242438994979153555e-01 -3.232377289447076474e-01 3.171488040872541547e-01 -8.915907170871634202e-01 8.787018760198543887e-01 4.503331057806078674e-01 -1.583764727363611569e-01 1.823286319917413467e-01 -2.628376804307251957e-01 6.261283628993493666e-01
1.584057354312012911e+09 3.685302722827898947e-01 -8.255217082421236752e-01 -4.274334424731575099e-01 -3.139327102280283222e-01 3.222667467611504133e-01 -8.930791664371768857e-01 8.750038240221881258e-01 4.633120473769237191e-01 -1.403932153112243397e-01 1.767095130047574847e-01 -2.674050624385536645e-01 6.180214817405758065e-01
1.584057354312026024e+09 3.862829396205432197e-01 -8.159074963976276074e-01 -4.302097720871348452e-01 -3.056782953120561475e-01 3.268178040589982403e-01 -8.942879306286715124e-01 8.702564395237779582e-01 4.769539604306282654e-01 -1.231610705816479634e-01 1.712921693440704329e-01 -2.720999385059486020e-01 6.098503419727806518e-01
1.584057354312037945e+09 4.041554577943444748e-01 -8.059272173858484933e-01 -4.325964474424600636e-01 -2.978864180278772422e-01 3.311897022061768281e-01 -8.953083621019970462e-01 8.648248655636804338e-01 4.907083670946666420e-01 -1.062226462894398510e-01 1.660698483705711492e-01 -2.769245212143569557e-01 6.016279479147281783e-01
1.584057354312047005e+09 4.218165533484981577e-01 -7.957045947100485073e-01 -4.346550280602657912e-01 -2.899675655961955756e-01 3.358239171432966796e-01 -8.961814033549505565e-01 8.590632144619938515e-01 5.040600110610282680e-01 -8.907243702390806039e-02 1.610347871965381872e-01 -2.818804578819953388e-01 5.933669643540101513e-01
1.584057354312056065e+09 4.389302036990508915e-01 -7.853880216598407848e-01 -4.364698521859411984e-01 -2.813769829994485772e-01 3.411849497354640381e-01 -8.968945443331551859e-01 8.533271763807981358e-01 5.164866751812030587e-01 -7.123373255622959810e-02 1.561782884776789782e-01 -2.869687739992499154e-01 5.850795969824997833e-01
1.584057354312064886e+09 4.551032314025246217e-01 -7.751856819347284766e-01 -4.381417663939983775e-01 -2.716566672936719939e-01 3.477209510783477175e-01 -8.973810759306806162e-01 8.479880330093597651e-01 5.274251594788379460e-01 -5.233543045122686366e-02 1.514908212123323716e-01 -2.921898321913014018e-01 5.767774767310190898e-01
1.584057354312077999e+09 4.698539346133410177e-01 -7.653911072672324734e-01 -4.397882822770784461e-01 -2.604797494927711399e-01 3.558093035159231032e-01 -8.975243950881549582e-01 8.434379529587707758e-01 5.362613100043146508e-01 -3.219048268290426729e-02 1.469621448532285879e-01 -2.975433099049820673e-01 5.684715532131293658e-01
1.584057354312088966e+09 4.829936245323011024e-01 -7.561162765369906502e-01 -4.415940842001949695e-01 -2.473171406257182736e-01 3.659839790901985856e-01 -8.971565967793388996e-01 8.399710654978327362e-01 5.425347026367439707e-01 -1.023258693972620842e-02 1.425814549202401582e-01 -3.030281996642115172e-01 5.601720026998998625e-01
1.584057354312100887e+09 4.964413166649556119e-01 -7.465524669330687590e-01 -4.429508250446494433e-01 -2.344998223898489831e-01 3.759645120974347554e-01 -8.964711479379180448e-01 8.357965378413645396e-01 5.489172067987639902e-01 1.157789647627045088e-02 1.383577444019973846e-01 -3.086609655616712744e-01 5.518901420101717248e-01
1.584057354312114000e+09 5.102542787684757331e-01 -7.366664408676765197e-01 -4.438052794654810951e-01 -2.220973540457360507e-01 3.856636659877183959e-01 -8.955089626605967634e-01 8.308509713453625656e-01 5.555052581181255666e-01 3.317486837601901772e-02 1.342775688005531376e-01 -3.144367129535718952e-01 5.436348462669585713e-01
1.584057354312127113e+09 5.244863039524146897e-01 -7.264263664320423919e-01 -4.440932912151413503e-01 -2.101854266344673206e-01 3.949793457373634853e-01 -8.943228740304213220e-01 8.250673934040241297e-01 5.624020365844132341e-01 5.447702140698862383e-02 1.303273714767624047e-01 -3.203499753562868979e-01 5.354137595053838350e-01
1.584057354312139988e+09 5.391826958285639293e-01 -7.158043845286089502e-01 -4.437410323513958921e-01 -1.988452517703760969e-01 4.037938459563799598e-01 -8.929787768803874037e-01 8.183780218391885075e-01 5.697145014996667367e-01 7.538435133200099836e-02 1.264937262957897823e-01 -3.263948359037408542e-01 5.272333057117476462e-01
1.584057354312149048e+09 5.543745765480408982e-01 -7.047795830100441750e-01 -4.426675597251162886e-01 -1.881624599649759921e-01 4.119735856553093378e-01 -8.915563097891786581e-01 8.107180260727089305e-01 5.775495686578274723e-01 9.577462199409317312e-02 1.227635740222205729e-01 -3.325650819520481472e-01 5.190987481699453898e-01
1.584057354312164068e+09 5.700729062542553294e-01 -6.933412735030825003e-01 -4.407887931828253780e-01 -1.782253747918267073e-01 4.193694862717105010e-01 -8.901488358174580728e-01 8.020302971815699289e-01 5.860094816677822172e-01 1.155001734738240193e-01 1.191244402051718915e-01 -3.388543903640005572e-01 5.110142999239311035e-01
1.584057354312180996e+09 5.862627468709231682e-01 -6.814924401504676155e-01 -4.380228827729691354e-01 -1.691225889430381102e-01 4.258181147629095387e-01 -8.888624658470101192e-01 7.922711289717966343e-01 5.951865147344957974e-01 1.343855317738555932e-01 1.155646216693201889e-01 -3.452565388930530221e-01 5.029832859851284255e-01
1.584057354312197924e+09 6.028982830249332014e-01 -6.692532621456972475e-01 -4.342968243224339941e-01 -1.609397402188064707e-01 4.311438521586570261e-01 -8.878138199570665412e-01 7.814167010020900417e-01 6.051570457481866283e-01 1.522264420214854141e-01 1.120733287952537793e-01 -3.517656367394111916e-01 4.950083553913574019e-01
1.584057354312213898e+09 6.198992231886871762e-01 -6.566645675083829792e-01 -4.295539535992093372e-01 -1.537555398921820471e-01 4.351622888985438586e-01 -8.871262685862172370e-01 7.694700691403070225e-01 6.159751847815251313e-01 1.687909497122414282e-01 1.086407721949309846e-01 -3.583763657397980862e-01 4.870917389455263757e-01
1.584057354312230110e+09 6.371491390715396941e-01 -6.437910490737663860e-01 -4.237617961738835981e-01 -1.476371350419092565e-01 4.376852016112451338e-01 -8.869244278910137780e-01 7.564682750758174867e-01 6.276661131459772003e-01 1.838232833082418249e-01 1.052581842111926652e-01 -3.650842216760506465e-01 4.792355461047119736e-01
1.584057354312244892e+09 6.544963242195094288e-01 -6.307239414466023764e-01 -4.169195023656659949e-01 -1.426350338356815184e-01 4.385274475206858424e-01 -8.873268422832408797e-01 7.424889285125193528e-01 6.402194839488953848e-01 1.970512717104976885e-01 1.019177682442622412e-01 -3.718857432524534379e-01 4.714420921788300967e-01
1.584057354312262058e+09 6.717577214474278469e-01 -6.175826880513349826e-01 -4.090637936540807429e-01 -1.387780561651875133e-01 4.375158706209431592e-01 -8.884371188916363460e-01 7.276552858730649387e-01 6.535835727334716738e-01 2.081977393444091884e-01 9.861257232346094803e-02 -3.787787146611196198e-01 4.637142448870166245e-01
1.584057354312278032e+09 6.887262325654792683e-01 -6.045149700351579725e-01 -4.002721920932982291e-01 -1.360688864652566388e-01 4.345000756332419445e-01 -8.903341746521210576e-01 7.121386346538890466e-01 6.676610932602932147e-01 2.169959212841302276e-01 9.533628774362233604e-02 -3.857623271540535081e-01 4.560557780312080034e-01
1.584057354312297106e+09 7.051813552060903767e-01 -5.916943727235474126e-01 -3.906622911679731858e-01 -1.344809257968915539e-01 4.293644038368572002e-01 -8.930627578492412733e-01 6.961566900626373622e-01 6.823078324211306889e-01 2.232081651104968201e-01 9.208297823376145053e-02 -3.928372848536281214e-01 4.484717191269504410e-01
1.584057354312313080e+09 7.209025094188535876e-01 -5.793150746655374439e-01 -3.803861411283057659e-01 -1.339571525178767097e-01 4.220397681687881875e-01 -8.966258503500772470e-01 6.799669502654011044e-01 6.973352698166608299e-01 2.266461301030263664e-01 8.884674990168814346e-02 -4.000058399704034540e-01 4.409686769172000420e-01
1.584057354312333107e+09 7.356837131947510100e-01 -5.675833306129434153e-01 -3.696195843484519350e-01 -1.344114877281656351e-01 4.125134611832278475e-01 -9.009806859483704411e-01 6.638546726165258649e-01 7.125179347475567582e-01 2.271897149574893526e-01 8.562137740250508333e-02 -4.072717446368605554e-01 4.335551352332140396e-01
1.584057354312350035e+09 7.493477597127629064e-01 -5.567060562879623253e-01 -3.585474893084435455e-01 -1.357326592081558037e-01 4.008350355826487132e-01 -9.060396898681650768e-01 6.481161782301063656e-01 7.276054159562046486e-01 2.248016424801717317e-01 8.239990636725216810e-02 -4.146401093517154135e-01 4.262417007132030533e-01
1.584057354312366962e+09 7.617579940711730613e-01 -5.468774125857570612e-01 -3.473468788628900072e-01 -1.377900571775324823e-01 3.871167418329088394e-01 -9.116767675433803397e-01 6.330392237889259643e-01 7.423380119502834829e-01 2.195350027503552570e-01 7.917425584902905433e-02 -4.221171618997545671e-01 4.190412935991185139e-01
1.584057354312385082e+09 7.728261504357970546e-01 -5.382648713221919179e-01 -3.361705961066669968e-01 -1.404407813621317280e-01 3.715277109889965068e-01 -9.177382780729657075e-01 6.188829682374653585e-01 7.564642017048262002e-01 2.115319915257455052e-01 7.593484695154059660e-02 -4.297099056961013464e-01 4.119692733560671449e-01
1.584057354312402010e+09 7.825153958685800992e-01 -5.309966140904360810e-01 -3.251342049627394259e-01 -1.435369954904695822e-01 3.542821473656289077e-01 -9.240569739611456113e-01 6.058603687266382876e-01 7.697575956614718384e-01 2.010135761635900298e-01 7.267028434960931538e-02 -4.374256827146081328e-01 4.050434943602608251e-01
1.584057354312417984e+09 7.908386798697540909e-01 -5.251519238443118631e-01 -3.143081918883175452e-01 -1.469327784256873326e-01 3.356230994299533310e-01 -9.304664926238888079e-01 5.941253582228450680e-01 7.820310685710718523e-01 1.882616975923330216e-01 6.936711586143357033e-02 -4.452716520112354193e-01 3.982842900864683733e-01
1.584057354312434912e+09 7.978533122012724244e-01 -5.207556528019634534e-01 -3.037163849183655007e-01 -1.504899837388959105e-01 3.158042117722051900e-01 -9.368139968872503109e-01 5.837660980559178370e-01 7.931464241254607694e-01 1.735969266195312166e-01 6.600969209159700257e-02 -4.532541995168295479e-01 3.917143860057271110e-01
1.584057354312447071e+09 8.036531241276938520e-01 -5.177771131545200189e-01 -2.933402757154049412e-01 -1.540830050733723866e-01 2.950720542494572052e-01 -9.429691991211731628e-01 5.748043874758642646e-01 8.030188939856292007e-01 1.573549246600730034e-01 6.258014377685722218e-02 -4.613782991191599514e-01 3.853587426325157383e-01
1.584057354312463045e+09 8.083595691238696368e-01 -5.161330703916282570e-01 -2.831279937371137256e-01 -1.576026197499344472e-01 2.736512432899136371e-01 -9.488289684851027861e-01 5.672003362892245049e-01 8.116166896383526508e-01 1.398646770562763375e-01 5.905848900735564955e-02 -4.696468489583013328e-01 3.792443309747257629e-01
1.584057354312479973e+09 8.121128715146976873e-01 -5.156939956565668171e-01 -2.730062031301444536e-01 -1.609591655672982236e-01 2.517338476668286584e-01 -9.543176709573154559e-01 5.608607948249119124e-01 8.189565147123973876e-01 1.214306226315036430e-01 5.542287636694102904e-02 -4.780600098685007793e-01 3.733998427245505125e-01
1.584057354312496901e+09 8.150639096372360726e-01 -5.162925604275901970e-01 -2.628931635429256897e-01 -1.640852512718105893e-01 2.294736836725134732e-01 -9.593841039747823540e-01 5.556499381377875135e-01 8.250962493901153882e-01 1.023197232405417822e-01 5.164996285253172642e-02 -4.866145758059297055e-01 3.678553387870374114e-01
1.584057354312515020e+09 8.173670449862727727e-01 -5.177335563061949975e-01 -2.527114532991519558e-01 -1.669380313381663705e-01 2.069853238903615611e-01 -9.639962497487225557e-01 5.514007686729273106e-01 8.301259185078773140e-01 8.275356187223339988e-02 4.771541813780107860e-02 -4.953034071805409444e-01 3.626418403542064350e-01
1.584057354312532902e+09 8.191738855534035357e-01 -5.198045607152780301e-01 -2.423991833124805040e-01 -1.695008591929332009e-01 1.843471371033021389e-01 -9.681351103628749177e-01 5.479266412479240067e-01 8.341578698978260320e-01 6.290504091465118353e-02 4.359453981412249324e-02 -5.041149575333895294e-01 3.577908671633829307e-01
1.584057354312550068e+09 8.206278924548775500e-01 -5.222868102153014336e-01 -2.319188439601513607e-01 -1.717839898578953639e-01 1.616073440598475297e-01 -9.717887256585595601e-01 5.450322221502074127e-01 8.373168781488911083e-01 4.289898202971180463e-02 3.926295955053075298e-02 -5.130329214037744334e-01 3.533339252180904833e-01
1.584057354312567949e+09 8.218597532661738869e-01 -5.249658524217686306e-01 -2.212631915524378989e-01 -1.738239621874535512e-01 1.387919032530101071e-01 -9.749471974950870701e-01 5.425235260876788423e-01 8.397307077838734868e-01 2.281583486024606200e-02 3.469741519707211092e-02 -5.220360294272569091e-01 3.493019468760112378e-01
1.584057354312586069e+09 8.229835150412933009e-01 -5.276415892537038577e-01 -2.104578044257907066e-01 -1.756813533759317980e-01 1.159130154677284058e-01 -9.775992200609826543e-01 5.402168048790025878e-01 8.415215542981436814e-01 2.697712390475726085e-03 2.987655933011352030e-02 -5.310980141359993301e-01 3.457246880755820428e-01
1.584057354312602997e+09 8.240935557835531444e-01 -5.301373000978083505e-01 -1.995601526974950801e-01 -1.774367491479414138e-01 9.297713235669592680e-02 -9.797302960780575054e-01 5.379461047305342802e-01 8.427987281182003354e-01 -1.744398354081961450e-02 2.478177045677430745e-02 -5.401877662723955087e-01 3.426300909916912274e-01
1.584057354312621117e+09 8.252625803112402236e-01 -5.323070990479316089e-01 -1.886553100891433243e-01 -1.791850385010249347e-01 6.999154948648111940e-02 -9.813225285911507667e-01 5.355692259100176544e-01 8.436529710242732794e-01 -3.762006132696679023e-02 1.939792878335541010e-02 -5.492696960296246100e-01 3.400436263395051895e-01
1.584057354312638998e+09 8.265408725375910093e-01 -5.340411776270458377e-01 -1.778488313347522942e-01 -1.810284909588927571e-01 4.696895413150584120e-02 -9.823556397515110783e-01 5.329717363161494692e-01 8.441527931372311278e-01 -5.785490818368937971e-02 1.371411332665117312e-02 -5.583043050637325200e-01 3.379876399261685926e-01
1.584057354312657118e+09 8.279569299128659576e-01 -5.352683323745672794e-01 -1.672576896583014561e-01 -1.830693274567271045e-01 2.392967744021143664e-02 -9.828087260626103827e-01 5.300688104191022543e-01 8.443430482391894865e-01 -7.817847136657779528e-02 7.724176557927902795e-03 -5.672489622523019248e-01 3.364807345001748495e-01
1.584057354312674999e+09 8.295194522974737028e-01 -5.359555324623214156e-01 -1.570004639061619300e-01 -1.854026437808476147e-01 9.018014533664214794e-04 -9.826622240504989669e-01 5.268048387817115819e-01 8.442457309295844370e-01 -9.861951083599047874e-02 1.427155778157977555e-03 -5.760588608703239855e-01 3.355372228060023443e-01
1.584057354312694073e+09 8.312204716543594163e-01 -5.361046495234564890e-01 -1.471880852707086740e-01 -1.881105322317422890e-01 -2.208038829751435977e-02 -9.818996304402929365e-01 5.231509871825674729e-01 8.438627029487387743e-01 -1.192006017440234711e-01 -5.172512816154485778e-03 -5.846881180297618386e-01 3.351666907562069753e-01
1.584057354312711000e+09 8.330392358639249206e-01 -5.357468794144890634e-01 -1.379163256924515191e-01 -1.912580535760845524e-01 -4.497890791583150638e-02 -9.805086715208840564e-01 5.191011353065857481e-01 8.431798024482112242e-01 -1.399351004608660465e-01 -1.206499861738410603e-02 -5.930909617723528759e-01 3.353737057234609242e-01
1.584057354312727928e+09 8.349463521538550426e-01 -5.349357260339618891e-01 -1.292608147162557786e-01 -1.948913554062224884e-01 -6.775481444938347142e-02 -9.784818060901884218e-01 5.146668328491732503e-01 8.421716299828317931e-01 -1.608259838808540065e-01 -1.923530328018800695e-02 -6.012229414084641066e-01 3.361576935554123624e-01
1.584057354312746048e+09 8.369077054763250922e-01 -5.337395229664054774e-01 -1.212749533975084892e-01 -1.990379531641947586e-01 -9.037057042250640215e-02 -9.758160960674816531e-01 5.098719309156141133e-01 8.408063283787508002e-01 -1.818662489215925882e-01 -2.666369489007694785e-02 -6.090420948607144780e-01 3.375129928070959018e-01
1.584057354312763929e+09 8.388877413012807427e-01 -5.322344857070923085e-01 -1.139903939030119523e-01 -2.037086873092668060e-01 -1.127916828985657399e-01 -9.725126256899222499e-01 5.047475888293928570e-01 8.390497534173724237e-01 -2.030403485402444141e-01 -3.432631996252649698e-02 -6.165100117010413605e-01 3.394290809437902623e-01
1.584057354312782049e+09 8.408518946322618426e-01 -5.304989637026623628e-01 -1.074194627958932058e-01 -2.089007762579092042e-01 -1.349875113646607783e-01 -9.685756746878791956e-01 4.993281057489772912e-01 8.368687002766439509e-01 -2.243261500151103871e-01 -4.219595319855594384e-02 -6.235927400218218564e-01 3.418909564378511678e-01
1.584057354312798977e+09 8.427681291717331602e-01 -5.286092283534320480e-01 -1.015586743493006594e-01 -2.146012887786348800e-01 -1.569313534737103999e-01 -9.640118449967927106e-01 4.936478172992288527e-01 8.342330814665407379e-01 -2.456969648504638837e-01 -5.024283887834208456e-02 -6.302614973023711320e-01 3.448796527882361240e-01
1.584057354312822104e+09 8.446076875644752402e-01 -5.266367934858541267e-01 -9.639264514240006299e-02 -2.207905773440529407e-01 -1.785999970701540873e-01 -9.588292664209215888e-01 4.877390442429657136e-01 8.311171572106839101e-01 -2.671233722181053927e-01 -5.843557495082141173e-02 -6.364931604352396244e-01 3.483728531735224565e-01
1.584057354312839985e+09 8.463452338868501235e-01 -5.246470598745825997e-01 -9.189781186508255706e-02 -2.274452950694586528e-01 -1.999729687645944165e-01 -9.530369613277878127e-01 4.816309614656069660e-01 8.275000148306075332e-01 -2.885746743691173233e-01 -6.674199219411242057e-02 -6.422705258044137944e-01 3.523455702109452026e-01
1.584057354312858105e+09 8.479586057774815000e-01 -5.226989427233023067e-01 -8.804554700535668910e-02 -2.345407607223082835e-01 -2.210316932619021402e-01 -9.466444011751399268e-01 4.753491713053493717e-01 8.233655361172120823e-01 -3.100199341137862552e-01 -7.512998567690294671e-02 -6.475823451887113835e-01 3.567708542527461835e-01
1.584057354312875986e+09 8.494283874266272960e-01 -5.208450981047939576e-01 -8.480447274541423608e-02 -2.420525735334085604e-01 -2.417587315589299068e-01 -9.396612514643418734e-01 4.689157349578180201e-01 8.187020823905587497e-01 -3.314286259098856990e-01 -8.356826316843721236e-02 -6.524231570612543107e-01 3.616204946601537240e-01
1.584057354312895060e+09 8.507374766522254328e-01 -5.191323965773229077e-01 -8.214195533897367119e-02 -2.499574967149072180e-01 -2.621372082550096350e-01 -9.320972771266682333e-01 4.623494304799654064e-01 8.135020830256192159e-01 -3.527709814058023752e-01 -9.202698468656586583e-02 -6.567929413522312077e-01 3.668656842869394419e-01
1.584057354312912941e+09 8.518707434285357483e-01 -5.176024002132781909e-01 -8.002494590805987740e-02 -2.582337679223337124e-01 -2.821504576702259515e-01 -9.239623588024451495e-01 4.556660595251452173e-01 8.077616447592488313e-01 -3.740181382324159198e-01 -1.004782768635441997e-01 -6.606966331845163243e-01 3.724776223934121444e-01
1.584057354312931061e+09 8.528148197381913986e-01 -5.162917094309340538e-01 -7.842036847287092716e-02 -2.668610101049085359e-01 -3.017818794199379484e-01 -9.152665724706764427e-01 4.488786971186976005e-01 8.014802357139976241e-01 -3.951421861900323851e-01 -1.088966151691606737e-01 -6.641435323304601956e-01 3.784280396177662209e-01
1.584057354312948942e+09 8.535580155261821567e-01 -5.152321405820077249e-01 -7.729524969821123526e-02 -2.758199089817613969e-01 -3.210149688612038976e-01 -9.060202910084272920e-01 4.419978417874689258e-01 7.946604503126052377e-01 -4.161161818992021311e-01 -1.172590745054595263e-01 -6.671466431012121889e-01 3.846896367177292664e-01
1.584057354312967062e+09 8.540903385464876374e-01 -5.144507469633127217e-01 -7.661672620294186775e-02 -2.850917723878389487e-01 -3.398334887444287578e-01 -8.962342781813320558e-01 4.350314645183195328e-01 7.873078362930946428e-01 -4.369141747125111497e-01 -1.255454546991723319e-01 -6.697219788459711776e-01 3.912364334751324280e-01
1.584057354312984943e+09 8.544035548246040612e-01 -5.139697716630072799e-01 -7.635207595983685425e-02 -2.946581177886498093e-01 -3.582217119284070161e-01 -8.859197474190276811e-01 4.279849989486836370e-01 7.794307404321746402e-01 -4.575112696081158892e-01 -1.337382931989792578e-01 -6.718878655783735443e-01 3.980440270789635249e-01
1.584057354313007116e+09 8.544912575512629838e-01 -5.138065913145934971e-01 -7.646880196367739080e-02 -3.045003230394081051e-01 -3.761647035880463230e-01 -8.750883779288097797e-01 4.208613123538735845e-01 7.710401433817054562e-01 -4.778837236523934551e-01 -1.418227817687090497e-01 -6.736642744004491812e-01 4.050897644399357178e-01
1.584057354313021898e+09 8.543489586927500712e-01 -5.139736445340753468e-01 -7.693471055768177913e-02 -3.145992828135096286e-01 -3.936486612598280588e-01 -8.637522925493353876e-01 4.136606679765033601e-01 7.621494764293499369e-01 -4.980090637949111110e-01 -1.497866065426569082e-01 -6.750722061868966728e-01 4.123528369132153926e-01
1.584057354313040018e+09 8.539741415177638517e-01 -5.144784444332478612e-01 -7.771805463445688456e-02 -3.249351676317593918e-01 -4.106612395871462873e-01 -8.519239891442962342e-01 4.063807360715776529e-01 7.527743863349877218e-01 -5.178662191165672724e-01 -1.576197322382938970e-01 -6.761331469447811049e-01 4.198143076290046238e-01
1.584057354313056946e+09 8.533662406181015125e-01 -5.153237339977069231e-01 -7.878774483135002338e-02 -3.354873151126394615e-01 -4.271918114981310133e-01 -8.396162324122372622e-01 3.990166925891734384e-01 7.429324367492569081e-01 -5.374356461337408408e-01 -1.653141506363876301e-01 -6.768686046042696747e-01 4.274570837113249033e-01
1.584057354313079119e+09 8.525265735673610568e-01 -5.165077535563484812e-01 -8.011355728770215567e-02 -3.462341885431731159e-01 -4.432316787043106832e-01 -8.268419231143709913e-01 3.915613977862030248e-01 7.326427640498106575e-01 -5.566994272705437785e-01 -1.728636109842333068e-01 -6.772997305021519754e-01 4.352658465848576741e-01
1.584057354313095093e+09 8.514582466953339868e-01 -5.180245850600513347e-01 -8.166629409670793371e-02 -3.571533596602018412e-01 -4.587742426967373333e-01 -8.136139576384662231e-01 3.840056405924697214e-01 7.219257051218087584e-01 -5.756413332551174600e-01 -1.802633467216633589e-01 -6.774470231945353138e-01 4.432269529512972150e-01
1.584057354313112020e+09 8.501660530781873781e-01 -5.198645406797296475e-01 -8.341787410939563441e-02 -3.682214903407837747e-01 -4.738151446523767296e-01 -7.999450874228315467e-01 3.763384333701483286e-01 7.108024115356701422e-01 -5.942468473603890189e-01 -1.875098098975068184e-01 -6.773301091144979802e-01 4.513283171103744662e-01
1.584057354313129902e+09 8.486563738329526707e-01 -5.220145721022203533e-01 -8.534134900070367014e-02 -3.794143039799923733e-01 -4.883523774174430843e-01 -7.858477852286479548e-01 3.685473446829131139e-01 6.992944602851399738e-01 -6.125031533109621673e-01 -1.946004210660903233e-01 -6.769675914231992886e-01 4.595592838141407954e-01
1.584057354313148022e+09 8.469370844968309164e-01 -5.244586901984266136e-01 -8.741085380534227567e-02 -3.907065529305486229e-01 -5.023863641746940667e-01 -7.713341239249836834e-01 3.606188633221785178e-01 6.874234674255017552e-01 -6.303990895639867142e-01 -2.015333401985282546e-01 -6.763769582254945956e-01 4.679104983023434916e-01
1.584057354313165903e+09 8.450174688161360415e-01 -5.271783840898741635e-01 -8.960150069937401762e-02 -4.020719861726532729e-01 -5.159200013383322680e-01 -7.564156729582584004e-01 3.525387858254440676e-01 6.752107106428866246e-01 -6.479250735972741371e-01 -2.083072631529542251e-01 -6.755745425192419829e-01 4.763737775451081791e-01
1.584057354313184977e+09 8.429080720073476307e-01 -5.301531271959043501e-01 -9.188930325603532345e-02 -4.134834279576154459e-01 -5.289585737042101776e-01 -7.411034221024007662e-01 3.442926620299670004e-01 6.626767607419673523e-01 -6.650729839040491198e-01 -2.149212466083159911e-01 -6.745755258164425339e-01 4.849419854778604377e-01
1.584057354313201904e+09 8.406204331624822501e-01 -5.333610389442323685e-01 -9.425120513643432674e-02 -4.249130592737156986e-01 -5.415094547892428389e-01 -7.254077491832926494e-01 3.358663120717022554e-01 6.498411442093320334e-01 -6.818359831970174367e-01 -2.213745617052451098e-01 -6.733939759109492940e-01 4.936089147368136199e-01
1.584057354313219070e+09 8.381667803550405527e-01 -5.367795648622714078e-01 -9.666512938571120150e-02 -4.363327716399030276e-01 -5.535816975348804014e-01 -7.093384359317507215e-01 3.272463305775062947e-01 6.367220768095452899e-01 -6.982083043770537234e-01 -2.276665743140123543e-01 -6.720429089642269149e-01 5.023691769552440789e-01
1.584057354313235044e+09 8.355595814279601630e-01 -5.403863027269212305e-01 -9.911019066009776890e-02 -4.477147593516175306e-01 -5.651853758190046317e-01 -6.929047447966536488e-01 3.184206028426162516e-01 6.233362936492348183e-01 -7.141849795250271304e-01 -2.337966497164163937e-01 -6.705343683326858706e-01 5.112181022811145281e-01
1.584057354313251019e+09 8.328108984798139325e-01 -5.441600138058073632e-01 -1.015671547879984093e-01 -4.590324256027427663e-01 -5.763306092581860218e-01 -6.761155679467916180e-01 3.093787966043778370e-01 6.096990309987490031e-01 -7.297615035646900505e-01 -2.397640802177750663e-01 -6.688795148648692956e-01 5.201516475969687470e-01
1.584057354313267946e+09 8.299315913253285659e-01 -5.480817230567005538e-01 -1.040191268711035122e-01 -4.702615264088367830e-01 -5.870263438213045859e-01 -6.589796420088290807e-01 3.001127299325646036e-01 5.958242162784680440e-01 -7.449334553520580160e-01 -2.455680332954914558e-01 -6.670887235292799478e-01 5.291663130795504211e-01
1.584057354313283920e+09 8.269305026372590905e-01 -5.521357095675055726e-01 -1.064523471422682832e-01 -4.813813408291310325e-01 -5.972790937880819717e-01 -6.415057980781604385e-01 2.906164975965031538e-01 5.817248856082929409e-01 -7.596961294247482899e-01 -2.512075159311259465e-01 -6.651716807715220003e-01 5.382590674128637787e-01
1.584057354313301086e+09 8.238137412132887638e-01 -5.563102352266363626e-01 -1.088569802716845281e-01 -4.923756786181264777e-01 -6.070918356194212606e-01 -6.237032101666969419e-01 2.808862956020116153e-01 5.674138044648978640e-01 -7.740442259456715712e-01 -2.566813510137343490e-01 -6.631374787127920500e-01 5.474272815340115450e-01
1.584057354313318014e+09 8.205840710223119006e-01 -5.605980168959786569e-01 -1.112279012674718681e-01 -5.032336995390348511e-01 -6.164630880622656850e-01 -6.055816252559628188e-01 2.709199627087970352e-01 5.529042635928798077e-01 -7.879716044254787555e-01 -2.619881624666208775e-01 -6.609947039759517251e-01 5.566686703543715087e-01
1.584057354313337088e+09 8.172403575773244944e-01 -5.649965177180578113e-01 -1.135655453778842278e-01 -5.139505992294512993e-01 -6.253861236975042370e-01 -5.871515800719262490e-01 2.607162819195194547e-01 5.382110473062020617e-01 -8.014710781892298019e-01 -2.671263686599584797e-01 -6.587515214008168307e-01 5.659812407700840486e-01
1.584057354313364029e+09 8.137771219796122724e-01 -5.695080100897694786e-01 -1.158767550882897068e-01 -5.245280594156351839e-01 -6.338483909078992395e-01 -5.684246057058019996e-01 2.502740713409321582e-01 5.233515491289639776e-01 -8.145342506690135265e-01 -2.720941832328165333e-01 -6.564157524298379620e-01 5.753632448407498545e-01
1.584057354313380003e+09 8.101842728101943392e-01 -5.741393490879268535e-01 -1.181755139761588719e-01 -5.349743312466275214e-01 -6.418312490507620538e-01 -5.494134261117250562e-01 2.395911291211299254e-01 5.083469836231846450e-01 -8.271513980897665652e-01 -2.768896221295553683e-01 -6.539949477731206162e-01 5.848131373956713119e-01
1.584057354313390970e+09 8.064471202780763015e-01 -5.789013704124450488e-01 -1.204833835572858419e-01 -5.453037765285930760e-01 -6.493101656164536051e-01 -5.301321535932803641e-01 2.286631444989615236e-01 4.932235926525471159e-01 -8.393114167416914073e-01 -2.815105167192315516e-01 -6.514964545498982407e-01 5.943295371089203361e-01
1.584057354313400030e+09 8.025465301557649367e-01 -5.838081063528672843e-01 -1.228298093918659545e-01 -5.555360856528935853e-01 -6.562551611926258355e-01 -5.105965345438245873e-01 2.174826995963854703e-01 4.780138685765806250e-01 -8.510017726767105106e-01 -2.859545333616740348e-01 -6.489274781291084482e-01 6.039111901462953513e-01
1.584057354313410044e+09 7.984592611282400609e-01 -5.888757904064050308e-01 -1.252521934953540750e-01 -5.656951107632957054e-01 -6.626315622693659257e-01 -4.908242602863304160e-01 2.060384675890136741e-01 4.627577296426965692e-01 -8.622084630782115289e-01 -2.902192003395561715e-01 -6.462951388237031525e-01 6.135569355320233953e-01
1.584057354313422918e+09 7.941585338179331099e-01 -5.941216260646140501e-01 -1.277956055195592633e-01 -5.758072669199649773e-01 -6.684011319946968621e-01 -4.708353409133913536e-01 1.943147309746990348e-01 4.475035423061350937e-01 -8.729160126975992195e-01 -2.943019432824640624e-01 -6.436065232881745812e-01 6.232656715600216613e-01
1.584057354313433886e+09 7.896148830596892987e-01 -5.995623074689754306e-01 -1.305119768325199436e-01 -5.858994781673378949e-01 -6.735236571448142140e-01 -4.506525101363325070e-01 1.822913549223718066e-01 4.323088281708389879e-01 -8.831075468369101733e-01 -2.982001296229245257e-01 -6.408687299337585408e-01 6.330363229968729577e-01
1.584057354313445091e+09 7.847972603421917714e-01 -6.052123779430378381e-01 -1.334587499100189922e-01 -5.959968053917857889e-01 -6.779589441224437296e-01 -4.303016130458128252e-01 1.699443093070819588e-01 4.172405155954850842e-01 -8.927649657966738594e-01 -3.019111216291680555e-01 -6.380889072549065233e-01 6.428678092985666837e-01
1.584057354313453913e+09 7.796743684760514270e-01 -6.110825071040242307e-01 -1.366969232885359431e-01 -6.061198939625377369e-01 -6.816691970396362432e-01 -4.098118837867456010e-01 1.572467914653526422e-01 4.023745462925440441e-01 -9.018692651065923771e-01 -3.054323368435801767e-01 -6.352742838858633778e-01 6.527590143515745735e-01
1.584057354313466072e+09 7.742160581055335111e-01 -6.171779051039411046e-01 -1.402887344253312130e-01 -6.162826131845458022e-01 -6.846215098385128872e-01 -3.892160442421714328e-01 1.441708576584410650e-01 3.877948193351999362e-01 -9.104009787851684576e-01 -3.087613134369057710e-01 -6.324321892345953211e-01 6.627087586463041857e-01
1.584057354313474894e+09 7.683946892138323603e-01 -6.234970080038511053e-01 -1.442951239018320508e-01 -6.264901262523170367e-01 -6.867903017100958074e-01 -3.685501367900615444e-01 1.306894159240037379e-01 3.735914381680825458e-01 -9.183407396860547856e-01 -3.118957772336245493e-01 -6.295700639739789661e-01 6.727157749046869251e-01
1.584057354313487053e+09 7.621862998525832378e-01 -6.300305947887423486e-01 -1.487732977748127960e-01 -6.367376746883485206e-01 -6.881594133442340278e-01 -3.478530661081719599e-01 1.167783288370449757e-01 3.598584049890353187e-01 -9.256698928597376641e-01 -3.148337066048588762e-01 -6.266954602908590966e-01 6.827786881692599064e-01
1.584057354313497066e+09 7.555714831337411175e-01 -6.367614097591060007e-01 -1.537746438795949688e-01 -6.470102101862627020e-01 -6.887236597480901334e-01 -3.271658731600635139e-01 1.024183671250843558e-01 3.466909686310629679e-01 -9.323710906175022295e-01 -3.175733906901290760e-01 -6.238160325368561354e-01 6.928960013312523980e-01
1.584057354313508034e+09 7.485359473131824037e-01 -6.436642773333898226e-01 -1.593431324170054564e-01 -6.572828418506158066e-01 -6.884897493023258708e-01 -3.065307995243877204e-01 8.759681228128353425e-02 3.341828292660781186e-01 -9.384288120982116066e-01 -3.201134777472243176e-01 -6.209395198200107213e-01 7.030660864354874029e-01
1.584057354313523054e+09 7.410707548422655888e-01 -6.507066552999046793e-01 -1.655143052716213370e-01 -6.675219911382994642e-01 -6.874765223399930125e-01 -2.859902493455515615e-01 7.230855963019268418e-02 3.224234485358827285e-01 -9.438297475247425794e-01 -3.224530108431833964e-01 -6.180737226548380647e-01 7.132871817875482412e-01
1.584057354313539982e+09 7.331722173534116482e-01 -6.578495417871390583e-01 -1.723150610224032930e-01 -6.776871335182882428e-01 -6.857144508604670063e-01 -2.655858450436612284e-01 5.655659903896590596e-02 3.114958626337557823e-01 -9.485629546537127643e-01 -3.245914494998106137e-01 -6.152264761860427589e-01 7.235573943633636373e-01
1.584057354313555956e+09 7.248415932709184606e-01 -6.650485528165008819e-01 -1.797639764935559659e-01 -6.877327847327304733e-01 -6.832446442166577594e-01 -2.453576432387592765e-01 4.035197141189025838e-02 3.014750051540713849e-01 -9.526198297037020701e-01 -3.265286780807287736e-01 -6.124056224509614177e-01 7.338747064321612390e-01
1.584057354313571930e+09 7.160846884404397095e-01 -6.722550438235529446e-01 -1.878719649617067167e-01 -6.976104913260986473e-01 -6.801175528274663318e-01 -2.253435529816631422e-01 2.371331904618413644e-02 2.924265216714396765e-01 -9.559939373223768078e-01 -3.282650031687022740e-01 -6.096189836674664742e-01 7.442369850509470419e-01
1.584057354313587904e+09 7.069114094263189152e-01 -6.794171852665851219e-01 -1.966431991474596741e-01 -7.072706851799904770e-01 -6.763914906362401558e-01 -2.055790101702354711e-01 6.666125860693098565e-03 2.844061179840872144e-01 -9.586807201010221213e-01 -3.298011427102385262e-01 -6.068743378926977350e-01 7.546419931515623292e-01
1.584057354313600063e+09 6.973353432924079831e-01 -6.864809274106362658e-01 -2.060760914815535361e-01 -7.166642729122011390e-01 -6.721311447252338311e-01 -1.860968682279062758e-01 -1.075820856293551592e-02 2.774592957167184570e-01 -9.606771572401846537e-01 -3.311382090432295477e-01 -6.041793979380921664e-01 7.650874012793426049e-01
1.584057354313610077e+09 6.873733911089546789e-01 -6.933908291714683259e-01 -2.161642417235119518e-01 -7.257439209699824145e-01 -6.674061583639373518e-01 -1.669274725611951671e-01 -2.852336751789909947e-02 2.716213872046809308e-01 -9.619814134340783918e-01 -3.322776874502293976e-01 -6.015417941129697077e-01 7.755707992835718656e-01
1.584057354313621998e+09 6.770454618739880637e-01 -7.000907345599217679e-01 -2.268973471039458512e-01 -7.344650403414364481e-01 -6.622898293066628028e-01 -1.480989083547380458e-01 -4.658913173029349819e-02 2.669178629632024125e-01 -9.625924929636414662e-01 -3.332214124224260332e-01 -5.989690608593615240e-01 7.860897072818284759e-01
1.584057354313632011e+09 6.663742412131564707e-01 -7.065242962873847787e-01 -2.382620187667913447e-01 -7.427864818229678034e-01 -6.568579703854392493e-01 -1.296373761877369080e-01 -6.491235006780278483e-02 2.633648148207954898e-01 -9.625099279473779967e-01 -3.339715430619181746e-01 -5.964686271573694798e-01 7.966415855041431016e-01
