1.586177206863635063e+09 8.893480634261861084e-01 -4.553809780702514076e-01 4.108755369257673096e-02 -1.546547096667520993e-01 -3.841631329398745298e-01 -9.102200879192209326e-01 4.302812371738959918e-01 8.031480887212527620e-01 -4.120815512269018766e-01 -3.399919511867668942e-02 -8.692817596806792224e-01 2.600248265514076840e-01
1.586177206863712072e+09 8.910547024589968723e-01 -4.521419317516081615e-01 3.986465795914039684e-02 -1.708279321327167977e-01 -4.154308606376758695e-01 -8.934399912792510001e-01 4.205226926538292442e-01 7.892939084373159497e-01 -4.474100931013911264e-01 -4.717485433392584748e-02 -8.752229346047741831e-01 2.610259785109650954e-01
1.586177206863733053e+09 8.926573808308199132e-01 -4.491863478732351367e-01 3.734200730108766519e-02 -1.876051778934041958e-01 -4.455940028790757457e-01 -8.753572311975951203e-01 4.098378922036037264e-01 7.743885392983635985e-01 -4.820324601721019397e-01 -6.058849703366221001e-02 -8.805132064663173663e-01 2.624349049315238824e-01
1.586177206863745928e+09 8.940936381558328705e-01 -4.466182134286687533e-01 3.359669359634172986e-02 -2.049132401132591208e-01 -4.746128253970716138e-01 -8.560100644150800964e-01 3.982551072471101072e-01 7.584687453788817590e-01 -5.158662929260183772e-01 -7.419517714301859801e-02 -8.851543144428110077e-01 2.642282910277335417e-01
1.586177206863764048e+09 8.953052675161877749e-01 -4.445270515023338476e-01 2.870851128146053102e-02 -2.226823505012487936e-01 -5.024505286323392994e-01 -8.354376322858754200e-01 3.857992339930247927e-01 7.415788340255717870e-01 -5.488349335804444395e-01 -8.795201113802909865e-02 -8.891548755765955603e-01 2.663830275795019409e-01
1.586177206863784075e+09 8.962380931955126195e-01 -4.429890866129035931e-01 2.275850676191590663e-02 -2.408459261382072114e-01 -5.290727123529967990e-01 -8.136801000986758625e-01 3.724923091679030462e-01 7.237698076750173071e-01 -5.808672356502778689e-01 -1.018189349277136280e-01 -8.925295581613189588e-01 2.688765797898374776e-01
1.586177206863797903e+09 8.968417963561799988e-01 -4.420681617234142324e-01 1.582823067228528516e-02 -2.593399016152933001e-01 -5.544472839216488813e-01 -7.907787460326429763e-01 3.583540260212396134e-01 7.050985392562806320e-01 -6.118974115953195181e-01 -1.157592603055105779e-01 -8.952981568036645355e-01 2.716872826324984169e-01
1.586177206863811970e+09 8.970698420109353144e-01 -4.418163737970949856e-01 7.999411901573855177e-03 -2.781018337437542454e-01 -5.785447077096118607e-01 -7.667759722689363455e-01 3.434021969287493481e-01 6.856269491111992576e-01 -6.418649531966226229e-01 -1.297400345776484887e-01 -8.974846169947914287e-01 2.747945649039626459e-01
1.586177206863823891e+09 8.968794890906928163e-01 -4.422745353072468077e-01 -6.462679566905877096e-04 -2.970700305696897803e-01 -6.013384202749468832e-01 -7.417152429615888609e-01 3.276531385839129840e-01 6.654211749288315714e-01 -6.707146047901446639e-01 -1.437322162780448609e-01 -8.991160574513084036e-01 2.781791053167671501e-01
1.586177206863842010e+09 8.962318597885808868e-01 -4.434725526130789408e-01 -1.002740123427224746e-02 -3.161827854853234698e-01 -6.228053240266121504e-01 -7.156409539226601391e-01 3.111220016412232781e-01 6.445507146589954939e-01 -6.983963607256773454e-01 -1.577106885044498863e-01 -9.002218314539119914e-01 2.818229272877657010e-01
1.586177206863856077e+09 8.950920804558467614e-01 -4.454297288463751614e-01 -2.006300979016506850e-02 -3.353776453133147095e-01 -6.429263760897999669e-01 -6.885982212848215100e-01 2.938230807408017675e-01 6.230874994026012192e-01 -7.248654810788903724e-01 -1.716541370516494192e-01 -9.008326595432785133e-01 2.857094414255235693e-01
1.586177206863867998e+09 8.934355869652270687e-01 -4.481440182299475383e-01 -3.065601189959409056e-02 -3.545740664477680104e-01 -6.616998790724476498e-01 -6.606288684599610495e-01 2.757717962334266804e-01 6.010991675950304591e-01 -7.500864666598675567e-01 -1.855394093836787994e-01 -9.009436538280406470e-01 2.898428120864106616e-01
1.586177206863882065e+09 8.912348151209938951e-01 -4.516182117087768622e-01 -4.173122770762442701e-02 -3.737116718502561108e-01 -6.791133124322665804e-01 -6.317789926902031006e-01 2.569826665257558540e-01 5.786588805614458764e-01 -7.740244242917790896e-01 -1.993481219862339171e-01 -9.005863499436572717e-01 2.942119825660778343e-01
1.586177206863898039e+09 8.884667114284451328e-01 -4.558455909694596464e-01 -5.321372073065035874e-02 -3.927274345672342459e-01 -6.951598601316114623e-01 -6.020946199763983486e-01 2.374701351371522329e-01 5.558395149473489560e-01 -7.966494642492217837e-01 -2.130650263774682696e-01 -8.997915049728758552e-01 2.988068292316715113e-01
1.586177206863909960e+09 8.851127916520185046e-01 -4.608107275352080201e-01 -6.502937520239894520e-02 -4.115558902352306481e-01 -7.098385082397798973e-01 -5.716214147817567648e-01 2.172489252720995467e-01 5.327126485532778233e-01 -8.179365127483937403e-01 -2.266776047873772792e-01 -8.985887200483785309e-01 3.036181573171010117e-01
1.586177206863928080e+09 8.811591632256617901e-01 -4.664904036677459120e-01 -7.710533409646060099e-02 -4.301294197270951747e-01 -7.231540332645901570e-01 -5.404044104768900292e-01 1.963344381890550494e-01 5.093475706999928132e-01 -8.378650493668642341e-01 -2.401756689301167702e-01 -8.970061681087071470e-01 3.086376846098746185e-01
1.586177206863939047e+09 8.765965267617923384e-01 -4.728546102938144258e-01 -8.937028023800240584e-02 -4.483785780728892778e-01 -7.351168882028449314e-01 -5.084877695764044025e-01 1.747431837585654846e-01 4.858103318377067215e-01 -8.564187886526026805e-01 -2.535509760793552836e-01 -8.950704137761709145e-01 3.138580173879422786e-01
1.586177206863951921e+09 8.714201617807656453e-01 -4.798675948977414452e-01 -1.017545733901586424e-01 -4.662324707811553171e-01 -7.457429779941984194e-01 -4.759145872592372428e-01 1.524932297259552760e-01 4.621628527425262201e-01 -8.735853208360193634e-01 -2.667968724297025696e-01 -8.928063125400550470e-01 3.192726213397238388e-01
1.586177206863962889e+09 8.656299021768526503e-01 -4.874889310313612611e-01 -1.141902569222306985e-01 -4.836191743070685223e-01 -7.550533230013962704e-01 -4.427267487645004662e-01 1.296046564993088845e-01 4.384621099482389206e-01 -8.893557283230194566e-01 -2.799079710433280410e-01 -8.902369785029676796e-01 3.248757879654656788e-01
1.586177206863972902e+09 8.592300107201922277e-01 -4.956747074065320779e-01 -1.266111105393166181e-01 -5.004663647100792145e-01 -7.630734679346128368e-01 -4.089649138160974529e-01 1.060999847487788528e-01 4.147595294666699961e-01 -9.037241428115270203e-01 -2.928798689549654277e-01 -8.873838095859729602e-01 3.306625964284551911e-01
1.586177206863982916e+09 8.522288579546505316e-01 -5.043788915064622014e-01 -1.389528973026342984e-01 -5.167022664365634732e-01 -7.698325351791065474e-01 -3.746687017132801500e-01 8.200452320628776048e-02 3.911007567007015462e-01 -9.166872185371529591e-01 -3.057089045880292399e-01 -8.842665571489651821e-01 3.366288718541892155e-01
1.586177206863997936e+09 8.446385030958691864e-01 -5.135546513558109094e-01 -1.511536283241412815e-01 -5.322566721426752467e-01 -7.753621450972075779e-01 -3.398770061571515511e-01 5.734661586251620091e-02 3.675257328787164823e-01 -9.282436111649857713e-01 -3.183919535900347486e-01 -8.809034266147017789e-01 3.427711419156889150e-01
1.586177206864008904e+09 8.364740202444062023e-01 -5.231557536281796761e-01 -1.631541329499914539e-01 -5.470622413546759599e-01 -7.796950425521906869e-01 -3.046285362667497387e-01 3.215770279592872205e-02 3.440693220407559094e-01 -9.383934058425800195e-01 -3.309262603429694583e-01 -8.773111989269415378e-01 3.490865924102122819e-01
1.586177206864018917e+09 8.277524731763800103e-01 -5.331380203221840475e-01 -1.748990984370715485e-01 -5.610561072556871087e-01 -7.828634314053317667e-01 -2.689626232097149239e-01 6.472092091691923621e-03 3.207626838594225260e-01 -9.471374836921990781e-01 -3.433093027103529815e-01 -8.735053659622524780e-01 3.555730211393824391e-01
1.586177206864028931e+09 8.184915775879700872e-01 -5.434606608900295344e-01 -1.863385297765865756e-01 -5.741815795005551504e-01 -7.848972462709078446e-01 -2.329202158746215834e-01 -1.967362447322032123e-02 2.976353862695237384e-01 -9.544768858845203985e-01 -3.555386866100270216e-01 -8.695002731361689552e-01 3.622287901689504874e-01
1.586177206864043951e+09 8.087082310984274880e-01 -5.540872121814788276e-01 -1.974293758471132310e-01 -5.863895649491109863e-01 -7.858227464541507334e-01 -1.965448795530805037e-01 -4.624149000642176210e-02 2.747179876665234444e-01 -9.604122824089534882e-01 -3.676120650608140084e-01 -8.653092616529065584e-01 3.690527784468795591e-01
1.586177206864054918e+09 7.984170934741168235e-01 -5.649859271295832874e-01 -2.081370874943724025e-01 -5.976394226677741450e-01 -7.856617254455547927e-01 -1.598836265779898791e-01 -7.319334431893449733e-02 2.520447492162019021e-01 -9.649436144601846177e-01 -3.795270764910536054e-01 -8.609448051977411920e-01 3.760443364244883679e-01
1.586177206864064932e+09 7.876292568511593650e-01 -5.761296571598740757e-01 -2.184371124367555650e-01 -6.078992360576765952e-01 -7.844313758019756389e-01 -1.229875435253485055e-01 -1.004921533688852425e-01 2.296563412728400422e-01 -9.680698799012346090e-01 -3.912812978526158947e-01 -8.564186381828516881e-01 3.832032436611210180e-01
1.586177206864073992e+09 7.763509635119701935e-01 -5.874953420500235168e-01 -2.283164574014163728e-01 -6.171455951172180043e-01 -7.821447416921412099e-01 -8.591226847915864329e-02 -1.281034590580842070e-01 2.076025683796481891e-01 -9.697889861856859861e-01 -4.028722110152200830e-01 -8.517418762151013345e-01 3.905296677574934816e-01
1.586177206864084005e+09 7.645824772169432793e-01 -5.990631013212857070e-01 -2.377751802962135841e-01 -6.253628028186164478e-01 -7.788118472523382074e-01 -4.871829055633490613e-02 -1.559967971778284113e-01 1.859449044635760329e-01 -9.700976714340800999e-01 -4.142971807064152467e-01 -8.469251286982008020e-01 3.980241238017683258e-01
1.586177206864094019e+09 7.523172564574376331e-01 -6.108149337262660517e-01 -2.468275968567996415e-01 -6.325414439567812463e-01 -7.744415647385535229e-01 -1.147104558693844839e-02 -1.841468643888292400e-01 1.647585500654907553e-01 -9.689915133083533139e-01 -4.255534421047749705e-01 -8.419786031714027175e-01 4.056874341197910794e-01
1.586177206864104033e+09 7.395416420405159785e-01 -6.227330494052754073e-01 -2.555028552936263186e-01 -6.386762894820954273e-01 -7.690442504824619441e-01 2.575924023991453884e-02 -2.125341320746977070e-01 1.441335847460056552e-01 -9.664650810034753903e-01 -4.366380973614623628e-01 -8.369122018314409939e-01 4.135206873257401550e-01
1.586177206864121914e+09 7.262348941065323027e-01 -6.347980617179185270e-01 -2.638452190546933807e-01 -6.437639419900981208e-01 -7.626348163501452948e-01 6.289772880189110904e-02 -2.411449065087696852e-01 1.241755128806584785e-01 -9.625121175409874219e-01 -4.475481209507581881e-01 -8.317356107180357006e-01 4.215251954437443382e-01
1.586177206864132881e+09 7.123696823887962770e-01 -6.469870780814560574e-01 -2.719138771848120251e-01 -6.478003374202234710e-01 -7.552361704882794013e-01 9.986515923448739673e-02 -2.699706628790266572e-01 1.050049896296626484e-01 -9.571257982548933008e-01 -4.582803744305629090e-01 -8.264583819584760960e-01 4.297024475708307589e-01
1.586177206864146948e+09 6.979131343217718220e-01 -6.592717592346390987e-01 -2.797820662830197147e-01 -6.507782793761099915e-01 -7.468828980546934337e-01 1.365780659190140023e-01 -2.990065022723769617e-01 8.675646563931049826e-02 -9.502991253369370561e-01 -4.688316315250240507e-01 -8.210900090346776592e-01 4.380540585748769478e-01
1.586177206864157915e+09 6.828285344484454900e-01 -6.716164637826864681e-01 -2.875352470842471586e-01 -6.526852440982930936e-01 -7.376249617782684176e-01 1.729490916496700947e-01 -3.282486329762412947e-01 6.957543815590239156e-02 -9.420255270968915795e-01 -4.791986139672786416e-01 -8.156399942328323993e-01 4.465817120731598311e-01
1.586177206864168882e+09 6.670776103983814265e-01 -6.839766636522103260e-01 -2.952683279343519263e-01 -6.535018064774021918e-01 -7.275310540065388354e-01 2.088874213335808194e-01 -3.576909993428133427e-01 5.361426384891160302e-02 -9.322996621519350491e-01 -4.893780376215924321e-01 -8.101179067623983654e-01 4.552870980220884434e-01
1.586177206864178896e+09 6.506233249172078681e-01 -6.962978323204401798e-01 -3.030818667889997875e-01 -6.532009765046181693e-01 -7.166911921647323158e-01 2.442994469322312678e-01 -3.873212797474793190e-01 3.902645292504262897e-02 -9.211184302652931644e-01 -4.993666677269102405e-01 -8.045334298577581089e-01 4.641718460098139820e-01
1.586177206864191055e+09 6.334328270600643185e-01 -7.085149958398823111e-01 -3.110777305907281298e-01 -6.517487279784635046e-01 -7.052181080552587522e-01 2.790896201113585162e-01 -4.171168296320119651e-01 2.595998816296585937e-02 -9.084820470432265482e-01 -5.091613807859562968e-01 -7.988963951019139031e-01 4.732374566200722721e-01
1.586177206864202023e+09 6.154803024125128363e-01 -7.205530590505774269e-01 -3.193544842832622410e-01 -6.491057414448262453e-01 -6.932471311513196399e-01 3.131615429427975217e-01 -4.470410877641803338e-01 1.455006817027041863e-02 -8.943950814457739540e-01 -5.187592298296984650e-01 -7.932168027405444022e-01 4.824852339112060129e-01
1.586177206864212036e+09 5.967493741845656396e-01 -7.323279102200439539e-01 -3.280030739487723723e-01 -6.452302134555186752e-01 -6.809344343905966435e-01 3.464192086328213849e-01 -4.770410427213881421e-01 4.912047482873908508e-03 -8.788672912882528054e-01 -5.281575091593830873e-01 -7.875048275617375637e-01 4.919162224957508434e-01
1.586177206864223003e+09 5.772348218927607633e-01 -7.437481902628635400e-01 -3.371032335530456114e-01 -6.400813711952142437e-01 -6.684537552810960737e-01 3.787682876165069379e-01 -5.070461507906655063e-01 -2.864745050490193762e-03 -8.619141456964837245e-01 -5.373538138314798429e-01 -7.817708108839415138e-01 5.015311532599473487e-01
1.586177206864237070e+09 5.569435320783349130e-01 -7.547175519561757362e-01 -3.467208084931694412e-01 -6.336232274653631480e-01 -6.559918796329274882e-01 4.101173732927215210e-01 -5.369688148138694883e-01 -8.721860716792949331e-03 -8.435570054303140886e-01 -5.463460904081129943e-01 -7.760252405342652482e-01 5.113304003641617745e-01
1.586177206864248037e+09 5.358946748957996720e-01 -7.651371788810260588e-01 -3.569061432773065201e-01 -6.258281151405038489e-01 -6.437433162479886395e-01 4.403790565980771343e-01 -5.667063332181637714e-01 -1.263489241158211041e-02 -8.238229735396463971e-01 -5.551326758355925595e-01 -7.702787215337372206e-01 5.213139516554095021e-01
1.586177206864258051e+09 5.141191468033935452e-01 -7.749082052403484244e-01 -3.676938625243886816e-01 -6.166795853332004418e-01 -6.319048108957906473e-01 4.694705522229409844e-01 -5.961441036495073176e-01 -1.461450106072753954e-02 -8.027444327992596662e-01 -5.637123226799151121e-01 -7.645419408689456686e-01 5.314813932270707753e-01
1.586177206864268064e+09 4.916585563431646877e-01 -7.839338937565266674e-01 -3.791035668403255898e-01 -6.061744334515705157e-01 -6.206701143033309664e-01 4.973139509855355467e-01 -6.251595161217605723e-01 -1.470576931519844595e-02 -7.803584561589551605e-01 -5.720842111598245516e-01 -7.588256298338829087e-01 5.418319068332777544e-01
1.586177206864276886e+09 4.685639626195715612e-01 -7.921214937292411218e-01 -3.911410900214547515e-01 -5.943237945056510929e-01 -6.102252826206835401e-01 5.238361691783011143e-01 -6.536260709399289714e-01 -1.298629435810262460e-02 -7.567062282643173265e-01 -5.802479499617828607e-01 -7.531405268817171761e-01 5.523642775862499521e-01
1.586177206864288092e+09 4.448945171475578442e-01 -7.993836816781679788e-01 -4.038001959824561449e-01 -5.811533472090648633e-01 -6.007447655570355982e-01 5.489685911671164931e-01 -6.814173875338369601e-01 -9.563280770784398505e-03 -7.318325546017977468e-01 -5.882035684404219866e-01 -7.474973430816100883e-01 5.630769089950771189e-01
1.586177206864300966e+09 4.207161481923581414e-01 -8.056396444743142427e-01 -4.170643668527169723e-01 -5.667027790894748618e-01 -5.923882826958614123e-01 5.726465603680862548e-01 -7.084108152871202435e-01 -4.570119372582759007e-03 -7.057855418898091315e-01 -5.959515021987480399e-01 -7.419067315863027146e-01 5.739678431177955842e-01
1.586177206864315033e+09 3.961003551994184413e-01 -8.108158480941394242e-01 -4.309085393526648766e-01 -5.510246807283328829e-01 -5.852984581957523247e-01 5.948088066483213643e-01 -7.344905106478245571e-01 1.837260756649084382e-03 -6.786164709088214897e-01 -6.034925736070696489e-01 -7.363792620439334469e-01 5.850347841112419900e-01
1.586177206864326000e+09 3.711231595392731619e-01 -8.148464933598185134e-01 -4.453007892532481193e-01 -5.341830206389577285e-01 -5.795992099880529214e-01 6.153968285965972784e-01 -7.595499333856287061e-01 9.484105322085826378e-03 -6.503798511544310879e-01 -6.108279694398546233e-01 -7.309254002251045490e-01 5.962751230614906639e-01
1.586177206864336014e+09 3.458642393925561165e-01 -8.176737255023571738e-01 -4.602038751784646164e-01 -5.162513585539451055e-01 -5.753947789518916167e-01 6.343543044313609824e-01 -7.834937543405817717e-01 1.818040678924499540e-02 -6.211336491173304886e-01 -6.179592170727769007e-01 -7.255554928195412367e-01 6.076859627383910389e-01
