1.589264474707401991e+09 8.514985563523451706e-01 -2.818142815825575576e-01 -4.421887825289060325e-01 -1.844053404130981955e-01 6.284871112608925170e-01 -7.556445076036856223e-01 4.908613645718625240e-01 7.249721802141503302e-01 4.831878092914672074e-01 1.529418530578967594e-01 -6.503935536505565107e-01 4.031548742036340505e-01
1.589264474707448006e+09 8.641679518119822490e-01 -2.651142099961480980e-01 -4.277010718803747613e-01 -1.917926025732725470e-01 6.122679141563985850e-01 -7.670355919762094077e-01 4.652196781383769464e-01 7.448774780868386847e-01 4.782553649186982447e-01 1.511797568952098769e-01 -6.598117571789917646e-01 3.950320327535310483e-01
1.589264474707464933e+09 8.751339297293591057e-01 -2.504937694274584348e-01 -4.139969525045463783e-01 -1.991503885453227152e-01 5.932981493648511462e-01 -7.799592484021696803e-01 4.409985578693023656e-01 7.650164559307941481e-01 4.693294093429176139e-01 1.493660040228044494e-01 -6.693292107317260209e-01 3.870372549407640195e-01
1.589264474707479954e+09 8.844442311906450804e-01 -2.381865167561574015e-01 -4.012799338598664889e-01 -2.062623231762738540e-01 5.718190127041712367e-01 -7.940269965270732033e-01 4.185860200876567183e-01 7.850415277872943021e-01 4.566131226755474337e-01 1.474832022940606169e-01 -6.789511582902102438e-01 3.791847854634550763e-01
1.589264474707490921e+09 8.922003044411820349e-01 -2.283575397404296048e-01 -3.896555542658813320e-01 -2.129515859566583069e-01 5.481296157620505483e-01 -8.088297390857019931e-01 3.982841185053218602e-01 8.046159076057323167e-01 4.404123097049875146e-01 1.455107594659537651e-01 -6.886825424025231346e-01 3.714907795620925324e-01
1.589264474707504034e+09 8.985434864876064021e-01 -2.210905545864267074e-01 -3.791286981201476558e-01 -2.190843251472500142e-01 5.225649953075517384e-01 -8.239708032575542296e-01 3.802915481912059192e-01 8.234347531865767733e-01 4.211098977561981149e-01 1.434246566225824693e-01 -6.985273490245107464e-01 3.639730636906566286e-01
1.589264474707515001e+09 9.036401092675707680e-01 -2.163815222195856480e-01 -3.696127567387691992e-01 -2.245682133004776593e-01 4.954709600760173194e-01 -8.390933474671831149e-01 3.646966832308785600e-01 8.412416804739896170e-01 3.991350205728379508e-01 1.411973797578731926e-01 -7.084878916947775496e-01 3.566508425818764039e-01
1.589264474707525969e+09 9.076678329318100813e-01 -2.141391043185119636e-01 -3.609481254223654845e-01 -2.293479347210581332e-01 4.671794049380743052e-01 -8.538986643087940198e-01 3.514806255879099339e-01 8.578390571699088252e-01 3.749313566621300109e-01 1.387980273732199732e-01 -7.185640620939566237e-01 3.495443671793738161e-01
1.589264474707536936e+09 9.108046145937517268e-01 -2.141912577117359162e-01 -3.529264219932282121e-01 -2.333996628304219056e-01 4.379873423115805964e-01 -8.681541832145249771e-01 3.405283419781223175e-01 8.730917440312430111e-01 3.489287250935776408e-01 1.361926042807131976e-01 -7.287525780815858889e-01 3.426745777548159677e-01
1.589264474707546949e+09 9.132207887413208436e-01 -2.162964904328890936e-01 -3.453166943899501629e-01 -2.367262198488190306e-01 4.081419572229282311e-01 -8.816920324339900805e-01 3.316451237569916222e-01 8.869250088804179200e-01 3.215206694645079133e-01 1.333445037772315045e-01 -7.390462631926218995e-01 3.360627350159382520e-01
1.589264474707559109e+09 9.150739795089029016e-01 -2.201581079466743973e-01 -3.378905439907837205e-01 -2.393538764891898485e-01 3.778327538742463632e-01 -8.944004317846984131e-01 3.245756215423001856e-01 8.993179737987699873e-01 2.930492250205236626e-01 1.302151707737291830e-01 -7.494333938512145465e-01 3.297300511031135972e-01
1.589264474707581043e+09 9.164881421256356742e-01 -2.255090349637204339e-01 -3.304469105319935429e-01 -2.413121903394211121e-01 3.471958263874707074e-01 -9.062138188087657253e-01 3.190891919202396565e-01 9.102750868152855723e-01 2.637827786367754057e-01 1.267608609695008437e-01 -7.598991436329977089e-01 3.237031182857590395e-01
1.589264474707593918e+09 9.175869274843068135e-01 -2.320015321799206720e-01 -3.228149930895187203e-01 -2.426639982257437489e-01 3.163161469179578411e-01 -9.170922961356328118e-01 3.148784126264232430e-01 9.198474790138284618e-01 2.339491419005285400e-01 1.229442315995904200e-01 -7.704224641853978373e-01 3.180038938906945556e-01
1.589264474707602978e+09 9.184758235253414060e-01 -2.392793710228151016e-01 -3.148770305844476036e-01 -2.434949431352351479e-01 2.852341351579174011e-01 -9.270122444043216170e-01 3.116285842629530345e-01 9.281092991247057444e-01 2.037173402799588029e-01 1.187290115453417394e-01 -7.809769246469154824e-01 3.126538118203964212e-01
1.589264474707612991e+09 9.192418043178521847e-01 -2.469941873149195666e-01 -3.065752384234730066e-01 -2.439125282201574929e-01 2.539577762160250551e-01 -9.359551949446706098e-01 3.090326585234259849e-01 9.351466835236676989e-01 1.732036276838746502e-01 1.140810839667823068e-01 -7.915306493092685303e-01 3.076734745957808714e-01
1.589264474707626104e+09 9.199532314841589731e-01 -2.548208115148695163e-01 -2.979134204564540811e-01 -2.440438124069317649e-01 2.224761330892714994e-01 -9.438998825610632748e-01 3.068039598338488383e-01 9.410476739214649333e-01 1.424801951833850056e-01 1.089695997535188171e-01 -8.020464605401605995e-01 3.030823377882748693e-01
1.589264474707634926e+09 9.206600252890594360e-01 -2.624710687277020393e-01 -2.889533805010651712e-01 -2.440312033867969854e-01 1.907725078695507448e-01 -9.508178703000949028e-01 3.046865436312544695e-01 9.458936455468126558e-01 1.115854911107436176e-01 1.033680792393657094e-01 -8.124822449471853503e-01 2.988983844392550382e-01
1.589264474707648039e+09 9.213942474230089053e-01 -2.697053028239617123e-01 -2.798065235689281005e-01 -2.440262598382125503e-01 1.588357105204854791e-01 -9.566725678308539704e-01 3.024629325824886306e-01 9.497527399545967475e-01 8.053513360367953178e-02 9.725545344042106632e-02 -8.227915531643351654e-01 2.951377908945812534e-01
1.589264474707658052e+09 9.221712665972469081e-01 -2.763406609190891539e-01 -2.706214965085692037e-01 -2.441819701102421747e-01 1.266682583433959564e-01 -9.614209890930121016e-01 2.999588651737957190e-01 9.526757012781762457e-01 4.933242118535687004e-02 9.061698772184767492e-02 -8.329244315606308957e-01 2.918145933099796085e-01
1.589264474707672119e+09 9.229915926680863913e-01 -2.822553387740624475e-01 -2.615691950228006823e-01 -2.446443586078033416e-01 9.429089644609298104e-02 -9.650172874700343462e-01 2.970448752728093167e-01 9.546942709221757362e-01 1.797752832739518691e-02 8.344502951972457283e-02 -8.428284683136268995e-01 2.889403689948418230e-01
1.589264474707689047e+09 9.238433454329458838e-01 -2.873883268124392543e-01 -2.528268634827331995e-01 -2.455445011665845501e-01 6.174346550873351103e-02 -9.674169953443443326e-01 2.936347583412791673e-01 9.558219993418072269e-01 -1.352533364891336451e-02 7.573952532708229379e-02 -8.524500182764147560e-01 2.865239511261357674e-01
1.589264474707705021e+09 9.247051917746137439e-01 -2.917347350185603982e-01 -2.445631879004536990e-01 -2.469920301372084959e-01 2.908272778121906432e-02 -9.685809891076521128e-01 2.896812828151134056e-01 9.560570274161300786e-01 -4.516320512373807328e-02 6.750826073074732425e-02 -8.617355519975941069e-01 2.845711990893288190e-01
1.589264474707724094e+09 9.255494757266541361e-01 -2.953374119341246051e-01 -2.369261093283651920e-01 -2.490709596380102642e-01 -3.621827143552254491e-03 -9.684784664102742413e-01 2.851698183651166230e-01 9.553861501091005515e-01 -7.691215284688809883e-02 5.876679489490503616e-02 -8.706330585317362258e-01 2.830848457098218418e-01
1.589264474707741976e+09 9.263452186937741750e-01 -2.982761383722608572e-01 -2.300345219053507029e-01 -2.518381921913498966e-01 -3.629302600319266742e-02 -9.670885904014058232e-01 2.801108013196701996e-01 9.537893697659146630e-01 -1.087371945923615718e-01 4.953808578888792974e-02 -8.790934241791361625e-01 2.820644363822710221e-01
1.589264474707760096e+09 9.270606797057850956e-01 -3.006558841705368468e-01 -2.239744084586186290e-01 -2.553247170027562740e-01 -6.885084982490524697e-02 -9.644007724141994142e-01 2.745319385602411622e-01 9.512442378940553223e-01 -1.405937941942656533e-01 3.985182843123043911e-02 -8.870717115883997028e-01 2.815063662635091668e-01
1.589264474707778931e+09 9.276652751277555398e-01 -3.025957042919426576e-01 -2.187989425329025517e-01 -2.595388394595963821e-01 -1.012163229622940891e-01 -9.604138937172932433e-01 2.684710941473807955e-01 9.477294424266929918e-01 -1.724302060171701012e-01 2.974354923526616873e-02 -8.945282730958490358e-01 2.814040138450086825e-01
1.589264474707798004e+09 9.281307821411781678e-01 -3.042193733318359627e-01 -2.145316394355333833e-01 -2.644706856391799144e-01 -1.333141151218278364e-01 -9.551348614798226278e-01 2.619704333280219455e-01 9.432273956630242706e-01 -2.041900401951650124e-01 1.925351362370557318e-02 -9.014296458236449316e-01 2.817479632172934512e-01
1.589264474707817078e+09 9.284318883925645194e-01 -3.056483554557515303e-01 -2.111712850041856382e-01 -2.700971053963224233e-01 -1.650738764400695169e-01 -9.485769180413522461e-01 2.550721124131802853e-01 9.377258119796685332e-01 -2.358145869075433110e-01 8.425511923163741743e-03 -9.077491917052302739e-01 2.825263030207311177e-01
1.589264474707829952e+09 9.285462058233575622e-01 -3.069971608585239098e-01 -2.086975971667147101e-01 -2.763864045446296491e-01 -1.964305277989382148e-01 -9.407579941721339045e-01 2.478154541038312675e-01 9.312184444590214660e-01 -2.672446627883489634e-01 -2.694407741725754826e-03 -9.134674642504738706e-01 2.837249854502905677e-01
1.589264474707839012e+09 9.284539203324188028e-01 -3.083708093688695140e-01 -2.070767054399375584e-01 -2.833024365294478653e-01 -2.273238321405349205e-01 -9.316993105421265131e-01 2.402354002533495514e-01 9.237052124981025569e-01 -2.984219047777393885e-01 -1.405919290700031500e-02 -9.185723024012791837e-01 2.853282257380695408e-01
1.589264474707856894e+09 9.281372621749892637e-01 -3.098638981475825838e-01 -2.062658172708404791e-01 -2.908077639348060073e-01 -2.576975876685755340e-01 -9.214243312460815849e-01 2.323619316003169566e-01 9.151919570557960348e-01 -3.292895608208338820e-01 -2.562196695176478800e-02 -9.230586685073454145e-01 2.873189214377685485e-01
1.589264474707869053e+09 9.275799647611606691e-01 -3.115606880627014297e-01 -2.062167471736665592e-01 -2.988657724486962763e-01 -2.874987402398312408e-01 -9.099580896318292256e-01 2.242201134875597690e-01 9.056900200060908901e-01 -3.597928970271904725e-01 -3.733708680058745594e-02 -9.269282622962410345e-01 2.896790707236661100e-01
1.589264474707880020e+09 9.267668395509209844e-01 -3.135356615353886989e-01 -2.068782594708093725e-01 -3.074417672194915130e-01 -3.166766371818255932e-01 -8.973268455247621622e-01 2.158304546131353252e-01 8.952157822180978330e-01 -3.898793640491280965e-01 -4.916104276042833343e-02 -9.301889504716238655e-01 2.923901723257302243e-01
1.589264474707895994e+09 9.256835154182047054e-01 -3.158541592156269284e-01 -2.081974533381508174e-01 -3.165032687629434349e-01 -3.451825279864296769e-01 -8.835579798193912149e-01 2.072093395747092448e-01 8.837902312212850831e-01 -4.194986497869407915e-01 -6.105317839454502127e-02 -9.328540582826631011e-01 2.954335921503634665e-01
1.589264474707914114e+09 9.243163471165184442e-01 -3.185728729117313640e-01 -2.101204780245117532e-01 -3.260197437835050671e-01 -3.729693436213756819e-01 -8.686800307646261876e-01 1.983693962766154839e-01 8.714385771160894079e-01 -4.486027076567443705e-01 -7.297622191684920157e-02 -9.349415684557504935e-01 2.987908869328213535e-01
1.589264474707936049e+09 9.226524644829490196e-01 -3.217401201127620958e-01 -2.125928622524130562e-01 -3.359619984177432683e-01 -3.999917320361494610e-01 -8.527227863667836694e-01 1.893197445236582954e-01 8.581899030721455990e-01 -4.771458110271366015e-01 -8.489663153063704837e-02 -9.364732684291353637e-01 3.024440805555999034e-01
1.589264474707953930e+09 9.206799306790162118e-01 -3.253959112145902166e-01 -2.155596585565484613e-01 -3.463013931226871511e-01 -4.262063121912335606e-01 -8.357173715059946772e-01 1.800661284953525842e-01 8.440768215840369626e-01 -5.050846552960314151e-01 -9.678476537589249251e-02 -9.374738848359259746e-01 3.063758911180840538e-01
1.589264474707972050e+09 9.183879348578803947e-01 -3.295719324434447928e-01 -2.189656197677584404e-01 -3.570090926605197224e-01 -4.515720468270039700e-01 -8.176962729213312908e-01 1.706109877230041760e-01 8.291351085269879073e-01 -5.323784960517722320e-01 -1.086148941747114294e-01 -9.379702435165694352e-01 3.105699076273969461e-01
1.589264474707989931e+09 9.157669905227484586e-01 -3.342915326699185674e-01 -2.227554498579386588e-01 -3.680554085095479877e-01 -4.760506792546763677e-01 -7.986932875110975827e-01 1.609535200114044218e-01 8.134032962118818988e-01 -5.589893044502817210e-01 -1.203650808026559410e-01 -9.379904864958568123e-01 3.150107181670151468e-01
1.589264474708007097e+09 9.128091687056242298e-01 -3.395697129230817457e-01 -2.268740438648519930e-01 -3.794091551711998300e-01 -4.996072492094728590e-01 -7.787434044516037268e-01 1.510897573276355765e-01 7.969222088288141492e-01 -5.848819356830109450e-01 -1.320169544557623087e-01 -9.375633693385998502e-01 3.196839937983443347e-01
1.589264474708024025e+09 9.095082955926603319e-01 -3.454132578864979597e-01 -2.312668193054882859e-01 -3.910371758250354990e-01 -5.222105738145884635e-01 -7.578826058079657368e-01 1.410127215643727228e-01 7.797344408157902418e-01 -6.100242737341859955e-01 -1.435554085528410184e-01 -9.367176561147630975e-01 3.245765330179071206e-01
1.589264474708043098e+09 9.058600773888046964e-01 -3.518210900814779940e-01 -2.358801410766431794e-01 -4.029040954347550829e-01 -5.438336146954639849e-01 -7.361476006049474385e-01 1.307127015605669684e-01 7.618837971914710350e-01 -6.343873182922787901e-01 -1.549682504629597002e-01 -9.354816201775317808e-01 3.296762730623505888e-01
1.589264474708062887e+09 9.018621830549928831e-01 -3.587848018814574491e-01 -2.406617312774791406e-01 -4.149722136648488213e-01 -5.644537437552582526e-01 -7.135755275470300196e-01 1.201776390926187904e-01 7.434147142888595239e-01 -6.579452089826045569e-01 -1.662458277603127976e-01 -9.338826504884868429e-01 3.349722753340879655e-01
1.589264474708081007e+09 8.975143102049456534e-01 -3.662893118502424938e-01 -2.455609968804580157e-01 -4.272014780238020393e-01 -5.840529218721297600e-01 -6.902036526230216351e-01 1.093936032432958200e-01 7.243716758670056821e-01 -6.806751906403666341e-01 -1.773806511267892461e-01 -9.319469572301622984e-01 3.404546921401771509e-01
1.589264474708101034e+09 8.928182526313768186e-01 -3.743135949354879366e-01 -2.505292410119711599e-01 -4.395495010719135953e-01 -6.026178031503393040e-01 -6.660690804270565923e-01 9.834533114079131721e-02 7.047986352810213795e-01 -7.025575278445485017e-01 -1.883670295430177055e-01 -9.296993675135405422e-01 3.461147207259653302e-01
1.589264474708120108e+09 8.877779788635378200e-01 -3.828314481950260695e-01 -2.555197501274195648e-01 -4.519716077164909751e-01 -6.201397709327134411e-01 -6.412084924522960527e-01 8.701681646297308725e-02 6.847384516013459432e-01 -7.235753775063563653e-01 -1.992007285014474050e-01 -9.271631989764900217e-01 3.519445500427358375e-01
1.589264474708138943e+09 8.823997193954490337e-01 -3.918122718467698107e-01 -2.604877713606033596e-01 -4.644209211237227963e-01 -6.366149001258541995e-01 -6.156579224111352611e-01 7.539193272796264333e-02 6.642323485713937936e-01 -7.437146253591483402e-01 -2.098786585167946583e-01 -9.243601995287753503e-01 3.579373038770271021e-01
1.589264474708158970e+09 8.766920610008707149e-01 -4.012218450561590988e-01 -2.653903943534601795e-01 -4.768484912548427435e-01 -6.520438451229488841e-01 -5.894525773058543194e-01 6.345507746421302775e-02 6.433194038790107649e-01 -7.629636938406639812e-01 -2.203985992826202889e-01 -9.213105434237057745e-01 3.640869817353635796e-01
1.589264474708178043e+09 8.706659524304173337e-01 -4.110232011498128890e-01 -2.701864681702297877e-01 -4.892036321325179959e-01 -6.664315290048837825e-01 -5.626267181034143583e-01 5.119185364661683890e-02 6.220361288418198020e-01 -7.813132847443028384e-01 -2.307589625037327341e-01 -9.180328737181325804e-01 3.703883981687337013e-01
1.589264474708195925e+09 8.643345271308199296e-01 -4.211776746845692365e-01 -2.748366637553089631e-01 -5.014345971453012529e-01 -6.797865258789977938e-01 -5.352136250940797702e-01 3.858976925779505213e-02 6.004162272122862687e-01 -7.987560229450667570e-01 -2.409585932457062318e-01 -9.145443798090630017e-01 3.768371218265326172e-01
1.589264474708215952e+09 8.577128379372975786e-01 -4.316459308475204537e-01 -2.793035592462660976e-01 -5.134893736557561983e-01 -6.921203008070648810e-01 -5.072456533284552815e-01 2.563885877803082081e-02 5.784905184288158253e-01 -8.152860659858880421e-01 -2.509966069217663964e-01 -9.108608986819646258e-01 3.834294159695673665e-01
1.589264474708233118e+09 8.508173427474803319e-01 -4.423891220815300840e-01 -2.835519601966409731e-01 -5.253168247232159471e-01 -7.034461369169161538e-01 -4.787543906708736641e-01 1.233220358793564106e-02 5.562871537599949345e-01 -8.308986217935947494e-01 -2.608722586737276528e-01 -9.069970313320234734e-01 3.901621810345766717e-01
1.589264474708333969e+09 8.436650428274832247e-01 -4.533701967288331636e-01 -2.875495790577125566e-01 -5.368682491531977519e-01 -7.137776944189154760e-01 -4.497709266598403088e-01 -1.333742045105643786e-03 5.338322470449547996e-01 -8.455893527766992213e-01 -2.705848425625471676e-01 -9.029662685877909434e-01 3.970328985916212750e-01
1.589264474708359957e+09 8.362723085502177245e-01 -4.645552201299206763e-01 -2.912680442297745365e-01 -5.480991905859440294e-01 -7.231273431796343409e-01 -4.203262105701363049e-01 -1.535915167477605245e-02 5.111509496343623615e-01 -8.593537126992274455e-01 -2.801336170876627119e-01 -8.987811207720902695e-01 4.040395765974444386e-01
1.589264474708384991e+09 8.286535656680652506e-01 -4.759144611483661080e-01 -2.946840578700676283e-01 -5.589711320209671541e-01 -7.315045775802972994e-01 -3.904514400197844903e-01 -2.974125056449302903e-02 4.882688593020022005e-01 -8.721863215122140911e-01 -2.895177516467816181e-01 -8.944532451660052175e-01 4.111806973193142811e-01
1.589264474708400965e+09 8.208200172510173864e-01 -4.874230753267012606e-01 -2.977805317787046158e-01 -5.694527717610288198e-01 -7.389147791351553529e-01 -3.601784146455480617e-01 -4.447516531001829976e-02 4.652136016163089249e-01 -8.840804629240792689e-01 -2.987362888890454649e-01 -8.899935672475609572e-01 4.184551689721612844e-01
1.589264474708419085e+09 8.127784355230197599e-01 -4.990614113117651796e-01 -3.005477044922639229e-01 -5.795208369831141848e-01 -7.453583734756284995e-01 -3.295398231768206787e-01 -5.955513890553745804e-02 4.420165190830246948e-01 -8.950276993869483722e-01 -3.077881188119376832e-01 -8.854123935907288745e-01 4.258622815557463470e-01
1.589264474708437920e+09 8.045299763629033540e-01 -5.108150434482120472e-01 -3.029843373968608700e-01 -5.891605123838210556e-01 -7.508303163823285553e-01 -2.985694678229835475e-01 -7.497605019819013339e-02 4.187144942559525851e-01 -9.050175493209431377e-01 -3.166719635018505064e-01 -8.807195170651447302e-01 4.334016653034804545e-01
1.589264474708457947e+09 7.960691188155377684e-01 -5.226744921559289825e-01 -3.050988913534465330e-01 -5.983653511402045044e-01 -7.553200104928650127e-01 -2.673024294150203040e-01 -9.073513624029687363e-02 3.953518146020359447e-01 -9.140372411037515077e-01 -3.253863710989012281e-01 -8.759243143686636923e-01 4.410732508754534598e-01
1.589264474708476067e+09 7.873828732645522521e-01 -5.346345857851875216e-01 -3.069105256573426144e-01 -6.071365262734619295e-01 -7.588117678692801737e-01 -2.357751892692388496e-01 -1.068337478651688877e-01 3.719819363014072455e-01 -9.220715751853337805e-01 -3.339297173492845605e-01 -8.710358356895367971e-01 4.488772309438056052e-01
1.589264474708493948e+09 7.784504673724363943e-01 -5.466934041601985150e-01 -3.084496585873884311e-01 -6.154812661190478540e-01 -7.612859610640256847e-01 -2.040257263449157532e-01 -1.232788758710006705e-01 3.486689083388713195e-01 -9.291029606582833500e-01 -3.423002142530899850e-01 -8.660628869066759883e-01 4.568140222252572435e-01
1.589264474708512068e+09 7.692433262249130932e-01 -5.588510295135843409e-01 -3.097583446129352214e-01 -6.234108463109172549e-01 -7.627205814817429319e-01 -1.720936714504970877e-01 -1.400843392226331918e-01 3.254886199267563174e-01 -9.351115102408692481e-01 -3.504959258760615426e-01 -8.610141047093985422e-01 4.648842268805220557e-01
1.589264474708532095e+09 7.597254432512933198e-01 -5.711080930322910421e-01 -3.108903297578631264e-01 -6.309381465894385865e-01 -7.630932455442068774e-01 -1.400205493859620620e-01 -1.572714417598798375e-01 3.025297423100215544e-01 -9.400752358225517025e-01 -3.585147919989056797e-01 -8.558980248820392545e-01 4.730885920092625097e-01
1.589264474708551884e+09 7.498542445939402334e-01 -5.834641223227173823e-01 -3.119106122175701046e-01 -6.380748274085685789e-01 -7.623836746150208787e-01 -1.078501171778559475e-01 -1.748688846922931139e-01 2.798941781194291267e-01 -9.439704034574115665e-01 -3.663546605248080290e-01 -8.507231436009937697e-01 4.814279660317363763e-01
1.589264474708570004e+09 7.395820505619201679e-01 -5.959157257114142681e-01 -3.128942928910194432e-01 -6.448282401562535071e-01 -7.605766435924726787e-01 -7.562876692008027590e-02 -1.929117195206478952e-01 2.576967546786286811e-01 -9.467721222564144945e-01 -3.740133290236580255e-01 -8.454979709603954730e-01 4.899032513700042335e-01
1.589264474708584070e+09 7.288580853191017894e-01 -6.084547524577632593e-01 -3.139246818328281230e-01 -6.511983782796056941e-01 -7.576652277559194903e-01 -4.340593557149165227e-02 -2.114392677320379166e-01 2.360640107246256281e-01 -9.484551751578822465e-01 -3.814885948471797850e-01 -8.402310754689503725e-01 4.985153537042534833e-01
1.589264474708600998e+09 7.176309933442464040e-01 -6.210665747454809926e-01 -3.150905700159455369e-01 -6.571751614989073120e-01 -7.536541618824542654e-01 -1.123440489722393049e-02 -2.304920060479808686e-01 2.151318533064637550e-01 -9.489951112746205508e-01 -3.887783125827733444e-01 -8.349311181886862610e-01 5.072651286744870314e-01
1.589264474708622932e+09 7.058515421115163502e-01 -6.337287349432733086e-01 -3.164830030085344914e-01 -6.627365336895943981e-01 -7.485628998451937521e-01 2.082960286970635469e-02 -2.501077523121398860e-01 1.950422410041350307e-01 -9.483694622032491361e-01 -3.958804563575606394e-01 -8.296068752672949298e-01 5.161533278725526364e-01
1.589264474708642960e+09 6.934752976257656520e-01 -6.464101089486279372e-01 -3.181917390806777157e-01 -6.678476258769306950e-01 -7.424280772378005766e-01 5.272664607941221493e-02 -2.703175180256027765e-01 1.759389708638965100e-01 -9.465589883161306117e-01 -4.027931838020658573e-01 -8.242672481563169118e-01 5.251805464620820096e-01
1.589264474708661079e+09 6.804649479629570896e-01 -6.590707075589469222e-01 -3.203018220660419635e-01 -6.724611788275099977e-01 -7.353050449286913093e-01 8.439463454263387843e-02 -2.911415771153593735e-01 1.579629501747450426e-01 -9.435487739534708096e-01 -4.095148979683394530e-01 -8.189212615671715989e-01 5.343471750640403917e-01
1.589264474708678961e+09 6.667920548709936890e-01 -6.716621223394353413e-01 -3.228906148569675172e-01 -6.765191781664410264e-01 -7.272682964619148205e-01 1.157697153906906001e-01 -3.125862400984543710e-01 1.412473669154589162e-01 -9.393290287342273004e-01 -4.160443028055690329e-01 -8.135780501350623473e-01 5.436533589186151039e-01
1.589264474708697081e+09 6.524381563274238571e-01 -6.841285309313535068e-01 -3.260254675958420556e-01 -6.799554533361876762e-01 -7.184107769258731846e-01 1.467873889078913918e-01 -3.346416501496186635e-01 1.259131011608202177e-01 -9.338955280562333261e-01 -4.223804491142012507e-01 -8.082468357726378949e-01 5.530989662178003030e-01
1.589264474708714962e+09 6.373951985220639438e-01 -6.964081214286506061e-01 -3.297621711120664045e-01 -6.826989083683261406e-01 -7.088421690394877128e-01 1.773837094305561468e-01 -3.572807884361431929e-01 1.120647494876332306e-01 -9.272496592174879204e-01 -4.285227683065462312e-01 -8.029368983720370778e-01 5.626835670762126984e-01
1.589264474708734035e+09 6.216652599337905150e-01 -7.084347173129144082e-01 -3.341445137729048831e-01 -6.846770274754341301e-01 -6.986863699028227348e-01 2.074963253329402124e-01 -3.804598178705498324e-01 9.978781535058428576e-02 -9.193980200520834867e-01 -4.344710926584423039e-01 -7.976575429334128442e-01 5.724064235203034645e-01
1.589264474708754063e+09 6.052598434451014198e-01 -7.201394096254362109e-01 -3.392045884189170413e-01 -6.858192197376861143e-01 -6.880785236738995447e-01 2.370652727929421222e-01 -4.041194379509397971e-01 8.914693620192805368e-02 -9.103517474131916920e-01 -4.402256628326123855e-01 -7.924180660490149908e-01 5.822664893397857533e-01
1.589264474708771944e+09 5.881989381242194170e-01 -7.314520737443712672e-01 -3.449635824140094842e-01 -6.860597354597437469e-01 -6.771618917445876296e-01 2.660334795040871780e-01 -4.281869322530728605e-01 8.018501388336583824e-02 -9.001257217624949458e-01 -4.457871248547677911e-01 -7.872277240400249454e-01 5.922624177050216376e-01
1.589264474708791018e+09 5.705099631136595351e-01 -7.423026672113839375e-01 -3.514329700330116046e-01 -6.853400113287102524e-01 -6.660847952987734022e-01 2.943469293385071461e-01 -4.525786685704890067e-01 7.292321980393978720e-02 -8.887377302391382683e-01 -4.511565192211925424e-01 -7.820957042541478721e-01 6.023925742158168228e-01
1.589264474708808899e+09 5.522267453580506080e-01 -7.526222930928310184e-01 -3.586158192805370959e-01 -6.836103890231445268e-01 -6.549977871930156015e-01 3.219545546488382093e-01 -4.772027432014145920e-01 6.736158380165278847e-02 -8.762077146949822648e-01 -4.563352641712240532e-01 -7.770311005080949851e-01 6.126550536197877816e-01
1.589264474708826065e+09 5.333885950457932790e-01 -7.623440341013885124e-01 -3.665080906779590308e-01 -6.808312378874750159e-01 -6.440511349125186413e-01 3.488079150503308190e-01 -5.019615847678711162e-01 6.347999326325064195e-02 -8.625571623114903774e-01 -4.613251346983662793e-01 -7.720428933024026108e-01 6.230476988497199997e-01
1.589264474708843946e+09 5.140395008555262990e-01 -7.714035494674484905e-01 -3.750999275080310613e-01 -6.769735420603292253e-01 -6.333926783016886608e-01 3.748606926464267408e-01 -5.267544165018830382e-01 6.123952315429537913e-02 -8.478086493318058858e-01 -4.661282393900344490e-01 -7.671399348028942189e-01 6.335681207592058772e-01
1.589264474708861113e+09 4.942274758366972942e-01 -7.797394659669312222e-01 -3.843768561308015252e-01 -6.720190370103513722e-01 -6.231660715206066570e-01 4.000680712935082983e-01 -5.514794796001906141e-01 6.058393160877050682e-02 -8.319855594858318604e-01 -4.707469964567763121e-01 -7.623309383923306815e-01 6.442137175279646355e-01
