1.584005329743484020e+09 -2.106955512043747758e-01 -7.259825970332701994e-02 9.748522336844208658e-01 3.853329735091750030e-01 -9.226625576789423411e-01 1.457066690933055651e-02 8.984018501987188765e-01 3.787126846726038831e-01 2.223753993905352722e-01 -3.223753467272872514e-02 1.489645784166272691e+00 1.525585177205406762e+00
1.584005329743525982e+09 -2.284357865987606262e-01 -7.976985047646306670e-02 9.702854541243483011e-01 3.957525683644667613e-01 -9.181868611220324050e-01 1.768595053279883519e-02 8.894925498546901732e-01 3.880330645770548315e-01 2.413158610104256530e-01 -3.619924534825307016e-02 1.483588928487609593e+00 1.519548906417847345e+00
1.584005329743540049e+09 -2.459654180689415659e-01 -8.353526554898078882e-02 9.656722387303681154e-01 4.068267500931592728e-01 -9.131732740399012282e-01 2.462858378535456166e-02 8.797687245743246454e-01 3.989190784832848946e-01 2.585934266610488419e-01 -4.017329059387726026e-02 1.477550276589324918e+00 1.513502513703623764e+00
1.584005329743551016e+09 -2.629784578916083970e-01 -8.410063430116321292e-02 9.611292390348521453e-01 4.179561316993899989e-01 -9.077956426399250711e-01 3.492482401482387838e-02 8.695717353275929096e-01 4.108943352081996792e-01 2.738810739093109348e-01 -4.402898533155318733e-02 1.471289068109020048e+00 1.507607761485487696e+00
1.584005329743561029e+09 -2.793086975351407042e-01 -8.181185170869652301e-02 9.567097117393159600e-01 4.286849964088128573e-01 -9.021777638544419275e-01 4.800475412031302014e-02 8.591948705394300001e-01 4.235352447236705453e-01 2.870576094652737553e-01 -4.770106554055698889e-02 1.464593248918353963e+00 1.502085167019674428e+00
1.584005329743571043e+09 -2.949097687501432419e-01 -7.709567735020823875e-02 9.524098303608214966e-01 4.387150868614866916e-01 -8.963950532505192692e-01 6.328492104411645447e-02 8.488564667171540901e-01 4.364999029146600651e-01 2.981786945916639620e-01 -5.117486560486216030e-02 1.457324717264932845e+00 1.497194525127496290e+00
1.584005329743581057e+09 -3.098267843785737496e-01 -7.041368045551989197e-02 9.481820908605194109e-01 4.478936676141573314e-01 -8.904803697115070138e-01 8.022452144305934618e-02 8.386886349713865707e-01 4.495404597735484509e-01 3.074325110348185564e-01 -5.446076359173022963e-02 1.449445987277395265e+00 1.493201317690435515e+00
1.584005329743590117e+09 -3.241679895989308391e-01 -6.223285526596519096e-02 9.439503092811816209e-01 4.561885403331386590e-01 -8.844312058071168714e-01 9.835373934865039580e-02 8.287382761954352750e-01 4.625024477117772870e-01 3.150942012774166634e-01 -5.756736734337707107e-02 1.441021911543096001e+00 1.490337547699762677e+00
1.584005329743599892e+09 -3.380805213744793591e-01 -5.301220220802425193e-02 9.396229390756810629e-01 4.636602568287930271e-01 -8.782167947663055418e-01 1.172792727606118690e-01 8.189754132782277596e-01 4.753156509491088810e-01 3.214876430958213960e-01 -6.048204775045557674e-02 1.432198313569843284e+00 1.488767205612550493e+00
1.584005329743608952e+09 -3.517307957799775120e-01 -4.320223567903928169e-02 9.351037452025620089e-01 4.704377051906161733e-01 -8.717847098802281591e-01 1.366740112730089607e-01 8.093045243244197939e-01 4.879805187631828245e-01 3.269574903206534100e-01 -6.316359142912313096e-02 1.423165847602806400e+00 1.488564475941765552e+00
1.584005329743618965e+09 -3.654295086313266161e-01 -3.315057517122416142e-02 9.302485225716974337e-01 4.767631549194278340e-01 -8.649951675678768659e-01 1.564616707021746767e-01 7.994736822375904106e-01 5.006839319310375513e-01 3.318997318117102857e-01 -6.554709427099857100e-02 1.414119980295085677e+00 1.489708336105050712e+00
1.584005329743628979e+09 -3.782099880526821334e-01 -2.083689029688632482e-02 9.254852938320993205e-01 4.814481958981964849e-01 -8.583287479902292905e-01 1.774243366714913228e-01 7.906736620516156000e-01 5.126768813036678418e-01 3.346603887163420166e-01 -6.790544638917563047e-02 1.405082373658473216e+00 1.490964146117632616e+00
1.584005329743638039e+09 -3.899188971216993038e-01 -6.380570955197822219e-03 9.208270967674795360e-01 4.844034266886716456e-01 -8.518606995101787316e-01 1.992151325721093491e-01 7.831453084446964308e-01 5.237295458483530730e-01 3.352473548406905146e-01 -7.024345878801395437e-02 1.396057255507276329e+00 1.492341882521599494e+00
1.584005329743647099e+09 -4.004199223688964526e-01 1.003556680348799066e-02 9.162767995145142397e-01 4.855943607071567247e-01 -8.456647599119871961e-01 2.214706095531188967e-01 7.770855827252390879e-01 5.336200909780776103e-01 3.337478028186318668e-01 -7.256665668754275211e-02 1.387049785199255814e+00 1.493853652143123378e+00
1.584005329743655920e+09 -4.096054755693567251e-01 2.817529183226665304e-02 9.118275645500684146e-01 4.850402480630569557e-01 -8.398092805959121998e-01 2.438366875335328809e-01 7.726314207971699544e-01 5.421499104601794627e-01 3.303243291768057643e-01 -7.488162959966332410e-02 1.378066313255432718e+00 1.495513576680342238e+00
1.584005329743669987e+09 -4.174064137319237200e-01 4.776435896089087363e-02 9.074637469056550110e-01 4.828074563949366071e-01 -8.343527659272368391e-01 2.659932748067927455e-01 7.698498854230936272e-01 5.491575623286327756e-01 3.252032071066709440e-01 -7.719635057200315009e-02 1.369114646674383096e+00 1.497337569405162494e+00
1.584005329743679047e+09 -4.237982477097367862e-01 6.850929840224104228e-02 9.031619574750314738e-01 4.789990140228925219e-01 -8.293391961327949424e-01 2.876741950998162878e-01 7.687359690197559381e-01 5.545295069277165201e-01 3.186566116415936456e-01 -7.952044186372973777e-02 1.360204313615002825e+00 1.499343007426276797e+00
1.584005329743689060e+09 -4.288029247497581187e-01 9.011702298249639476e-02 8.988920814282250760e-01 4.737425941822973052e-01 -8.247936171805301253e-01 3.086801641166874721e-01 7.692177886953354138e-01 5.582064237298611786e-01 3.109816430635705675e-01 -8.186536639116298586e-02 1.351346819718869607e+00 1.501548307419031447e+00
1.584005329743699074e+09 -4.324860317493894324e-01 1.123127627210419449e-01 8.946181732064102388e-01 4.671792014273000171e-01 -8.207185142278710099e-01 3.288840439437081820e-01 7.711675734609059196e-01 5.601847588096509067e-01 3.024791065527212552e-01 -8.424452748968883076e-02 1.342555886704935642e+00 1.503972416828417868e+00
1.584005329743707895e+09 -4.349499620266275013e-01 1.348544037193393774e-01 8.902992870322194996e-01 4.594542385739009971e-01 -8.170914300154014098e-01 3.482289445972061581e-01 7.744161242199976147e-01 5.605139472524834909e-01 2.934344590273236242e-01 -8.667326373946916684e-02 1.333847662159507008e+00 1.506634236264748461e+00
1.584005329743716955e+09 -4.363241275088975413e-01 1.575420975667169987e-01 8.858903676005399630e-01 4.507118276845624161e-01 -8.138641177297974982e-01 3.667206654397326404e-01 7.787683252427824998e-01 5.592903410932889008e-01 2.841024642966777369e-01 -8.916873051837771735e-02 1.325240887706494952e+00 1.509551991615321054e+00
1.584005329743726015e+09 -4.367535108389872800e-01 1.802228488877486989e-01 8.813433472081944053e-01 4.410924122867029840e-01 -8.109633531604309997e-01 3.844163418187473980e-01 7.840177643750696479e-01 5.566490499819752857e-01 2.746961604384436928e-01 -9.174966571365020251e-02 1.316757011826451329e+00 1.512742577891284634e+00
1.584005329743736029e+09 -4.363867618632874534e-01 2.027904385459949332e-01 8.766085969600909689e-01 4.307329484132220165e-01 -8.082934663512432172e-01 4.014110108212840533e-01 7.899593163477619528e-01 5.527546567569298075e-01 2.653800448602838813e-01 -9.443604312756026520e-02 1.308420233223142271e+00 1.516220898768224190e+00
1.584005329743745089e+09 -4.353649464010056480e-01 2.251814102687972885e-01 8.716367913724998306e-01 4.197686711220627309e-01 -8.057405114105806732e-01 4.178235168341463690e-01 7.963991627649249505e-01 5.477915306220421110e-01 2.562670731624100418e-01 -9.724862308994128290e-02 1.300257460995675629e+00 1.519999226537231740e+00
1.584005329743753910e+09 -4.338118891273531896e-01 2.473680768565220123e-01 8.663811398937564245e-01 4.083353505706721620e-01 -8.031778565655205426e-01 4.337828631937447610e-01 8.031621795062227065e-01 5.419542098340356384e-01 2.474189728277141898e-01 -1.002084142361612390e-01 1.292298177551506111e+00 1.524086604747914908e+00
1.584005329743762970e+09 -4.318268379282119707e-01 2.693496187746700632e-01 8.607998403057492975e-01 3.965710566591765796e-01 -8.004728592677355925e-01 4.494158417316648779e-01 8.100968950244998856e-01 5.354381240861344482e-01 2.388494006857175278e-01 -1.033360647960927664e-01 1.284574191459807890e+00 1.528488315556206789e+00
1.584005329743772984e+09 -4.294799381562458551e-01 2.911423756383978989e-01 8.548585263003926071e-01 3.846166796207002303e-01 -7.974941873584820984e-01 4.648365638484162066e-01 8.170783271768534695e-01 5.284308266193573633e-01 2.305295404007871585e-01 -1.066512058085360010e-01 1.277119269974270166e+00 1.533205433629796444e+00
1.584005329743782043e+09 -4.268107488789568138e-01 3.127703852226326187e-01 8.485324218488129455e-01 3.726147548380845942e-01 -7.941192581658413907e-01 4.801383639020199712e-01 8.240089983620833003e-01 5.211039149954552752e-01 2.223957748156789316e-01 -1.101717725666144787e-01 1.269968645199056390e+00 1.538234488434878644e+00
1.584005329743791103e+09 -4.238297648929714168e-01 3.342571257387008110e-01 8.418078785822883381e-01 3.607065449106910959e-01 -7.902411453813943387e-01 4.953884544560099856e-01 8.308183430285920323e-01 5.136059835380287764e-01 2.143589858678650872e-01 -1.139133345799818176e-01 1.263158394686411334e+00 1.543567256839752488e+00
1.584005329743799925e+09 -4.205225834772129412e-01 3.556192366402588512e-01 8.346830029877162493e-01 3.490277705683184628e-01 -7.857742266624437866e-01 5.106255773936204667e-01 8.374606691787007673e-01 5.060571346520694735e-01 2.063148184392985807e-01 -1.178884691298755089e-01 1.256724708776641553e+00 1.549190708460236321e+00
1.584005329743808985e+09 -4.168560178476045097e-01 3.768626711785045269e-01 8.271672065646593630e-01 3.377036544200414658e-01 -7.806579695760103021e-01 5.258606056097288040e-01 8.439119044302658690e-01 4.985455464632300715e-01 1.981540711761983764e-01 -1.221062150891695230e-01 1.250703068301862730e+00 1.555087121116846660e+00
1.584005329743818045e+09 -4.127852280277992669e-01 3.979813415357502104e-01 8.192796881840682666e-01 3.268441076092142294e-01 -7.748584730730990744e-01 5.410797318615641061e-01 8.501654457261531572e-01 4.911264590567107624e-01 1.897722750266990777e-01 -1.265716425495229669e-01 1.245127367922818751e+00 1.561234375795127027e+00
1.584005329743828058e+09 -4.082608597458247113e-01 4.189579281439721470e-01 8.110470547412476083e-01 3.165398844170880244e-01 -7.683676916099818621e-01 5.562495773181178604e-01 8.562275236386774901e-01 4.838236716254825653e-01 1.810775601767266596e-01 -1.312855697209275030e-01 1.240029031685865091e+00 1.567606430050743294e+00
1.584005329743837118e+09 -4.032352816746929691e-01 4.397662250959223362e-01 8.025004517364183743e-01 3.068603360843941141e-01 -7.612006169529886845e-01 5.713233367297212428e-01 8.621125460254744910e-01 4.766332849325311538e-01 1.719961335060750385e-01 -1.362444495367745312e-01 1.235436173449475428e+00 1.574173954804418241e+00
1.584005329743845940e+09 -3.976672837998028731e-01 4.603742532054713177e-01 7.936726520048007494e-01 2.978530364043032175e-01 -7.533910008785017487e-01 5.862470202085861004e-01 8.678388677419598407e-01 4.695290694635805284e-01 1.624750837087275968e-01 -1.414404350208632311e-01 1.231372852891208236e+00 1.580905104638341552e+00
1.584005329743855953e+09 -3.915249064789188549e-01 4.807474214919585376e-01 7.845955419801013964e-01 2.895452732891915515e-01 -7.449863288599217759e-01 6.009649779572218131e-01 8.734253159750796636e-01 4.624686874062544639e-01 1.524825591459860186e-01 -1.468616177790083299e-01 1.227858469070683300e+00 1.587766380107306086e+00
1.584005329743865013e+09 -3.847865014492732882e-01 5.008511890359865770e-01 7.752982876952643210e-01 2.819469046021576553e-01 -7.360428350752203919e-01 6.154241530222176459e-01 8.788886684622010392e-01 4.553998590976801597e-01 1.420059049606503532e-01 -1.524924213342002954e-01 1.224907321963966123e+00 1.594723534645851482e+00
1.584005329743875027e+09 -3.774403552309372745e-01 5.206529497453609157e-01 7.658062968689539618e-01 2.750540052498952615e-01 -7.266211377442970409e-01 6.295768551833795801e-01 8.842420894204520154e-01 4.482658010543356109e-01 1.310484611264433330e-01 -1.583141216266388818e-01 1.222528360226298627e+00 1.601742477867700742e+00
1.584005329743884087e+09 -3.694833756559574023e-01 5.401231012606237947e-01 7.561409066820987679e-01 2.688526649173643146e-01 -7.167828472180424182e-01 6.433821529264298622e-01 8.894943956788819994e-01 4.410095075034197731e-01 1.196258107959669720e-01 -1.643054608980365761e-01 1.220725121759885567e+00 1.608790130098360249e+00
1.584005329743892908e+09 -3.609192760131861855e-01 5.592354180078098480e-01 7.463196524327156967e-01 2.633225223165452933e-01 -7.065882312307806279e-01 6.568061517148185979e-01 8.946499459041443725e-01 4.335767740792682567e-01 1.077620319679780808e-01 -1.704433174745000334e-01 1.219495860672723531e+00 1.615835188722882343e+00
1.584005329743901968e+09 -3.517566553360759185e-01 5.779669236070986704e-01 7.363569044983994116e-01 2.584397212760013440e-01 -6.960948583223705022e-01 6.698215127086929455e-01 8.997089341318866840e-01 4.259180481286642395e-01 9.548638846806485614e-02 -1.767033935592696170e-01 1.218833842803624279e+00 1.622848775319715831e+00
1.584005329743911028e+09 -3.420072787660770608e-01 5.962974738353513660e-01 7.262646515755415422e-01 2.541791278483480077e-01 -6.853570185722166475e-01 6.824065710875559798e-01 9.046678907202759801e-01 4.179893301017127971e-01 8.283071701964950240e-02 -1.830608856989993094e-01 1.218727783103223272e+00 1.629804942528146006e+00
1.584005329743921041e+09 -3.316847527314245592e-01 6.142092355962521788e-01 7.160532381557273007e-01 2.505157875820837599e-01 -6.744256620930106916e-01 6.945443590483997287e-01 9.095202390493570821e-01 4.097524148862250470e-01 6.982759852413827906e-02 -1.894911073470350593e-01 1.219162391179356097e+00 1.636681030265872527e+00
1.584005329743930101e+09 -3.208036822731761828e-01 6.316862001013184846e-01 7.057319194999397416e-01 2.474257099861973952e-01 -6.633485941812805597e-01 7.062217504714541905e-01 9.142568106064671296e-01 4.011747592813908470e-01 5.650926504874742573e-02 -1.959700398621735118e-01 1.220118990380633095e+00 1.643457870874398985e+00
1.584005329743938923e+09 -3.093792629890037560e-01 6.487138026212188047e-01 6.953091931512488388e-01 2.448861697638300972e-01 -6.521707244507016776e-01 7.174288189299811158e-01 9.188662774054652260e-01 3.922292043461683142e-01 4.290705963050094052e-02 -2.024747953144702961e-01 1.221576174885297350e+00 1.650119851587942055e+00
1.584005329743948936e+09 -2.974272139838821660e-01 6.652786751944679278e-01 6.847929153202603203e-01 2.428757063566467089e-01 -6.409342430012254788e-01 7.281584220577457245e-01 9.233354991038568160e-01 3.828936938137568746e-01 2.905125803523083902e-02 -2.089839818998038834e-01 1.223510474027785788e+00 1.656654849218289760e+00
1.584005329743957996e+09 -2.849639356385451072e-01 6.813685264593820623e-01 6.741902451797289197e-01 2.413739745616043930e-01 -6.296786676669984262e-01 7.384059724114288015e-01 9.276498046413372833e-01 3.731510510725155050e-01 1.497108190834850472e-02 -2.154779689628534001e-01 1.225896999467131820e+00 1.663054055853321334e+00
1.584005329743968010e+09 -2.720067969277087383e-01 6.969721314105828958e-01 6.635074608635981308e-01 2.403615423053663824e-01 -6.184407509669217484e-01 7.481693436164541522e-01 9.317932343962339603e-01 3.629888233260668007e-01 6.947912660437635668e-04 -2.219390535892318550e-01 1.228710054093885118e+00 1.669311717263526784e+00
1.584005329743977070e+09 -2.585744179720183555e-01 7.120793861415829484e-01 6.527497363938190578e-01 2.398197311011719124e-01 -6.072542998600281017e-01 7.574488181253496988e-01 9.357487735526532902e-01 3.523991535335784797e-01 -1.375025980349015020e-02 -2.283515354888419613e-01 1.231923683209040110e+00 1.675424808217049311e+00
1.584005329743985891e+09 -2.446869003724204406e-01 7.266814014666111987e-01 6.419209154624896385e-01 2.397305100071678574e-01 -5.961499518193783542e-01 7.662470343961380603e-01 9.394985915995196502e-01 3.413786401987154440e-01 -2.833761916138808484e-02 -2.347017110017514951e-01 1.235512154485094438e+00 1.681392668978353155e+00
1.584005329743995905e+09 -2.303660393422050368e-01 7.407706395375370789e-01 6.310232544656936282e-01 2.400763979901262557e-01 -5.851549037487662197e-01 7.745689523536809507e-01 9.430242898805766272e-01 3.299281717157805383e-01 -4.304172934092712066e-02 -2.409777997432167029e-01 1.239450359230049870e+00 1.687216625598008557e+00
1.584005329744004965e+09 -2.156354221932683668e-01 7.543410439258084743e-01 6.200572185726037633e-01 2.408404179300369097e-01 -5.742926763555508129e-01 7.824217629763910997e-01 9.463071689704514178e-01 3.180526868385262218e-01 -5.783796859386318434e-02 -2.471698191026227009e-01 1.243714131332218642e+00 1.692899614329867131e+00
1.584005329744014978e+09 -2.005203802110366862e-01 7.673881291112714109e-01 6.090213761262122105e-01 2.420061021078335761e-01 -5.635829763526396530e-01 7.898147096069388917e-01 9.493285121177560404e-01 3.057608351875527597e-01 -7.270273727198021951e-02 -2.532694219687922077e-01 1.248280485833287656e+00 1.698445826430011296e+00
1.584005329744024038e+09 -1.850478502724087759e-01 7.799090344706988143e-01 5.979123608189446104e-01 2.435575023346188972e-01 -5.530416482854588756e-01 7.967588584519441630e-01 9.520698695065203943e-01 2.930645551422730311e-01 -8.761352839738617559e-02 -2.592697117391326023e-01 1.253127783819417473e+00 1.703860384779591453e+00
1.584005329744034052e+09 -1.692461884311848852e-01 7.919025485898353311e-01 5.867248770914530454e-01 2.454791776465455044e-01 -5.426806991985607675e-01 8.032668499712640742e-01 9.545133321742700350e-01 2.799785929681045116e-01 -1.025489465685176932e-01 -2.651650465419210789e-01 1.258235833032704365e+00 1.709149059284056804e+00
1.584005329744043112e+09 -1.531449642171412162e-01 8.033691087901649874e-01 5.754517313695109992e-01 2.477561467621035851e-01 -5.325083772545892158e-01 8.093526549648795143e-01 9.566417887225130423e-01 2.665199869795173426e-01 -1.174886584797409650e-01 -2.709508424545735150e-01 1.263585934085189821e+00 1.714318024519272177e+00
1.584005329744051933e+09 -1.367747508017753966e-01 8.143107777917415468e-01 5.640838810627922806e-01 2.503738032469778330e-01 -5.225292896245656848e-01 8.150313492961547279e-01 9.584391615762966055e-01 2.527075363318619372e-01 -1.324132731230028004e-01 -2.766233828679914852e-01 1.269160882961912762e+00 1.719373659741334048e+00
1.584005329744061947e+09 -1.201669126352945122e-01 8.247311943958444136e-01 5.526105050192645640e-01 2.533178000440781674e-01 -5.127445549021218962e-01 8.203189098164648252e-01 9.598906216540342706e-01 2.385612681660554402e-01 -1.473041616953695010e-01 -2.821796393718378759e-01 1.274944938936885430e+00 1.724322389614867612e+00
1.584005329744071007e+09 -1.033533937437449285e-01 8.346354970561546960e-01 5.410190969041824838e-01 2.565739091364885316e-01 -5.031519835624923553e-01 8.252320345157296844e-01 9.609827810118730662e-01 2.241019159879191203e-01 -1.621432271492418697e-01 -2.876171086950460865e-01 1.280923764629966266e+00 1.729170563282454109e+00
1.584005329744081020e+09 -8.636642564272321854e-02 8.440301681588938676e-01 5.292956791047046528e-01 2.601279157041807011e-01 -4.937463786103095109e-01 8.297879134357306619e-01 9.617038568294439260e-01 2.093503979063439380e-01 -1.769126985746601322e-01 -2.929336689457089360e-01 1.287084344370162503e+00 1.733924368241288594e+00
1.584005329744090080e+09 -6.923810135509174402e-02 8.529227553948435236e-01 5.174252205004613581e-01 2.639656010328247926e-01 -4.845200429620939442e-01 8.340038906640725447e-01 9.620437864452012766e-01 1.943273052161166581e-01 -1.915950199529279363e-01 -2.981274562908260983e-01 1.293414887707977190e+00 1.738589774041784830e+00
1.584005329744098902e+09 -5.199993999835171576e-02 8.613215406751182357e-01 5.053921348505036049e-01 2.680727605022131255e-01 -4.754633727177018376e-01 8.378971156914498675e-01 9.619942835384429625e-01 1.790524644512909158e-01 -2.061727762688799481e-01 -3.031967612815624213e-01 1.299904724843744974e+00 1.743172500095594435e+00
1.584005329744108915e+09 -3.468233447906782230e-02 8.692350885146634676e-01 4.931809979404399580e-01 2.724353598036301505e-01 -4.665656794710280608e-01 8.414840709554902709e-01 9.615488082491899791e-01 1.635445746152275337e-01 -2.206287871734499695e-01 -3.081399437394237162e-01 1.306544198576989224e+00 1.747678002615465909e+00
1.584005329744117975e+09 -1.731386135930910314e-02 8.766716562799561352e-01 4.807775342502290106e-01 2.770398984353329430e-01 -4.578163065969355627e-01 8.447799265443640682e-01 9.607024123625815815e-01 1.478209617716051694e-01 -2.349464585874292966e-01 -3.129553655504981324e-01 1.313324555316731868e+00 1.752111476703185344e+00
1.584005329744127035e+09 7.945423045207025692e-05 8.836385307111337406e-01 4.681697778469205984e-01 2.818739769167497577e-01 -4.492059578396137565e-01 8.477977758769781325e-01 9.594514344464684097e-01 1.318975160200155372e-01 -2.491103981521136934e-01 -3.176413399109735969e-01 1.320237837751994547e+00 1.756477869663849223e+00
1.584005329744136095e+09 1.747474868748717311e-02 8.901414210993255915e-01 4.553491888222961914e-01 2.869269834679005760e-01 -4.407280237679154222e-01 8.505478913189186141e-01 9.577930567461574451e-01 1.157888585121458064e-01 -2.631072042997814053e-01 -3.221960939007229574e-01 1.327276782543334699e+00 1.760781901441314190e+00
1.584005329744146109e+09 3.485268068052155971e-02 8.961840168117166661e-01 4.423115404555245100e-01 2.921908097599137388e-01 -4.323797167857134083e-01 8.530371102171184772e-01 9.557247624570321953e-01 9.950873714747218712e-02 -2.769263257960590807e-01 -3.266177412998813590e-01 1.334434725169001856e+00 1.765028089010139745e+00
1.584005329744154930e+09 5.219754224527864417e-02 9.017677240333076272e-01 4.290575586502136662e-01 2.976605859792857967e-01 -4.241629927083099827e-01 8.552683388122225283e-01 9.532437213890967431e-01 8.307061906750937141e-02 -2.905609749108562512e-01 -3.309042630551897735e-01 1.341705512837243264e+00 1.769220772536168607e+00
1.584005329744163990e+09 6.949716441381982579e-02 9.068915504961930774e-01 4.155933829316706407e-01 3.033354729923961046e-01 -4.160853286060952061e-01 8.572401007574583787e-01 9.503461133660290328e-01 6.648845914709299032e-02 -3.040091279410346847e-01 -3.350534950838370274e-01 1.349083424193604275e+00 1.773364142519074926e+00
1.584005329744173050e+09 8.674256123204715507e-02 9.115521733016589412e-01 4.019307945150105144e-01 3.092194433750061755e-01 -4.081602914392294390e-01 8.589461639325918219e-01 9.470264326479690409e-01 4.977762632316014291e-02 -3.172745247334459728e-01 -3.390631227489064869e-01 1.356563095206467562e+00 1.777462267059915169e+00
1.584005329744183064e+09 1.039272537350918596e-01 9.157442276262887093e-01 3.880871495679218408e-01 3.153219415695414640e-01 -4.004078109671719288e-01 8.603753008337189367e-01 9.432768412916529011e-01 3.295595129117215999e-02 -3.303675320283095407e-01 -3.429306810656669313e-01 1.364139450973556267e+00 1.781519118447702388e+00
1.584005329744191885e+09 1.210462182872761860e-01 9.194608621840197893e-01 3.740849316795701318e-01 3.216582482381250552e-01 -3.928540274153704548e-01 8.615112794893194925e-01 9.390866757637265083e-01 1.604482141118507982e-02 -3.433056646343856655e-01 -3.466535605564804445e-01 1.371807642697229657e+00 1.785538598664311083e+00
1.584005329744200945e+09 1.380946132329188836e-01 9.226944407774362311e-01 3.599511729582298147e-01 3.282496518721076950e-01 -3.855309389460258584e-01 8.623329179410095247e-01 9.344421031059099159e-01 -9.296835771947283694e-04 -3.561138748948022847e-01 -3.502290190905442691e-01 1.379562989090835190e+00 1.789524563517693956e+00
1.584005329744210958e+09 1.550662900070113315e-01 9.254373997415222819e-01 3.457167410216807624e-01 3.351233217379048224e-01 -3.784758003205248023e-01 8.628142488406823629e-01 9.293259950860514040e-01 -1.793566191139352867e-02 -3.688244936962038478e-01 -3.536542005265933541e-01 1.387400921530244524e+00 1.793480845159789006e+00
1.584005329744220972e+09 1.719521300339139080e-01 9.276832658151979993e-01 3.314154846454661074e-01 3.423117615565508531e-01 -3.717302110874231014e-01 8.629248566754644800e-01 9.237180971948992791e-01 -3.493434881795476343e-02 -3.814766945023518319e-01 -3.569261611785522481e-01 1.395316932543861910e+00 1.797411272662061910e+00
1.584005329744230032e+09 1.887382982511765506e-01 9.294278277988883286e-01 3.170832191173639791e-01 3.498517135868491335e-01 -3.653388173328975252e-01 8.626304696992594945e-01 9.175955718499541058e-01 -5.187929932172533065e-02 -3.941153448983977237e-01 -3.600419046582173932e-01 1.403306527825779249e+00 1.801319690120124939e+00
1.584005329744240046e+09 2.054045961186184155e-01 9.306703935036607644e-01 3.027566195950615047e-01 3.577825088197375547e-01 -3.593476594046508543e-01 8.618938079986846468e-01 9.109339320046594413e-01 -6.871592661691169890e-02 -4.067892491362696261e-01 -3.629984248164166982e-01 1.411365182533223184e+00 1.805209971612103503e+00
1.584005329744249105e+09 2.219231171132947655e-01 9.314150605956401652e-01 2.884720352926420928e-01 3.661438625226658972e-01 -3.538021649766331933e-01 8.606757230213074594e-01 9.037083612678770139e-01 -8.538157405248168741e-02 -4.195487872083401570e-01 -3.657927558825163072e-01 1.419488302884883701e+00 1.809086032353629303e+00
1.584005329744256973e+09 2.382574512760028407e-01 9.316718462829138847e-01 2.742643941797591189e-01 3.749733853894506863e-01 -3.487449998960615583e-01 8.589364851375743681e-01 8.958952770022808876e-01 -1.018061693865042056e-01 -4.324432411091577722e-01 -3.684220277456083381e-01 1.427671194366696206e+00 1.812951835464677197e+00
1.584005329744266987e+09 2.543625910537880008e-01 9.314575673616599660e-01 2.601662403861096373e-01 3.843040168296597003e-01 -3.442138917011665633e-01 8.566371575013229656e-01 8.874739968647091803e-01 -1.179135157575002396e-01 -4.455180220280930414e-01 -3.708835236184617190e-01 1.435909037715398684e+00 1.816811394021911719e+00
1.584005329744276047e+09 2.701856055921851851e-01 9.307963494599267307e-01 2.462070155832263296e-01 3.941617229392430088e-01 -3.402396478203005836e-01 8.537408965395212324e-01 8.784282980906006344e-01 -1.336231196940214361e-01 -4.588121481151393732e-01 -3.731747367767938584e-01 1.444196873520139368e+00 1.820668768409144933e+00
1.584005329744285107e+09 2.856670113364166430e-01 9.297197034328849030e-01 2.324126327081408594e-01 4.045637272436086174e-01 -3.368445331679353338e-01 8.502140620320597364e-01 8.687476903075759260e-01 -1.488523891549947409e-01 -4.723562396002012331e-01 -3.752934223539963199e-01 1.452529595880447388e+00 1.824528059369603383e+00
1.584005329744294882e+09 3.007426671627149717e-01 9.282661688141453649e-01 2.188053201878465415e-01 4.155174060968186978e-01 -3.340410883812626741e-01 8.460270898186731392e-01 8.584282926116109103e-01 -1.635190244036615059e-01 -4.861711585060655150e-01 -3.772376412539573676e-01 1.460901954604900688e+00 1.828393397580490687e+00
1.584005329744303942e+09 3.153459596813292243e-01 9.264805646899300084e-01 2.054037222740399959e-01 4.270199180371396785e-01 -3.318314524218544115e-01 8.411550849793262286e-01 8.474732535517536247e-01 -1.775433768672911583e-01 -5.002673626233324899e-01 -3.790057935517838761e-01 1.469308564899143299e+00 1.832268930839126231e+00
1.584005329744313002e+09 3.294099616186918489e-01 9.244129326139888247e-01 1.922233267892268782e-01 4.390586620659489014e-01 -3.302072857020924568e-01 8.355780274382135220e-01 8.358926776927065871e-01 -1.908504092728657564e-01 -5.146450747080333343e-01 -3.805966399379064891e-01 1.477743922882713390e+00 1.836158810103454275e+00
1.584005329744322062e+09 3.428693538739691071e-01 9.221173147750644228e-01 1.792770596747187417e-01 4.516122833341098541e-01 -3.291501196257043960e-01 8.292807392527313803e-01 8.237031940453416468e-01 -2.033712289808909945e-01 -5.292949948785127257e-01 -3.820093116638304531e-01 1.486202424842653969e+00 1.840067175543713685e+00
1.584005329744330883e+09 3.556619929835508342e-01 9.196504782260903621e-01 1.665759430561112309e-01 4.646519960600521415e-01 -3.286320009539243081e-01 8.222527170583565637e-01 8.109272898754369407e-01 -2.150441956501707719e-01 -5.441993428088561791e-01 -3.832433107694460661e-01 1.494678388179229156e+00 1.843998143484362195e+00
1.584005329744340897e+09 3.677300361045097721e-01 9.170706772243246707e-01 1.541297949179046001e-01 4.781430943145844603e-01 -3.286163559307091475e-01 8.144878588275681341e-01 7.975925037648351479e-01 -2.258155526662747326e-01 -5.593331157488418137e-01 -3.842985028935869685e-01 1.503166072373986140e+00 1.847955794784959416e+00
1.584005329744354963e+09 3.790206566129687427e-01 9.144365161197364200e-01 1.419478777827058169e-01 4.920464463819105294e-01 -3.290589414338451202e-01 8.059841858676829451e-01 7.837305893068919893e-01 -2.356397065132658231e-01 -5.746653742484881811e-01 -3.851751044352878517e-01 1.511659698806094632e+00 1.851944165002808118e+00
1.584005329744364023e+09 3.894864002158772709e-01 9.118059451903735013e-01 1.300394652477010193e-01 5.063198754121867040e-01 -3.299088129362599542e-01 7.967435968446788808e-01 7.693767139425070622e-01 -2.444792295871125454e-01 -5.901604685207767487e-01 -3.858736654491656259e-01 1.520153468588558043e+00 1.855967236543061283e+00
1.584005329744374037e+09 3.990852134857332256e-01 9.092354133114796122e-01 1.184143391523614225e-01 5.209194004268329348e-01 -3.311092713641535790e-01 7.867716497682595289e-01 7.545687316470141015e-01 -2.523046052585030119e-01 -6.057791805989277689e-01 -3.863950501797501214e-01 1.528641577871386215e+00 1.860028932739344887e+00
1.584005329744383097e+09 4.077802185456497197e-01 9.067791802146901725e-01 1.070832006039107998e-01 5.358002917101969409e-01 -3.325987388606582162e-01 7.760773972452671421e-01 7.393465634636604555e-01 -2.590938005351156592e-01 -6.214797356952889151e-01 -3.867404164947526035e-01 1.537118230370973171e+00 1.864133113745948256e+00
