1.586177205083133936e+09 8.804982938959231564e-01 -4.740413919734153270e-01 2.741043336927922926e-03 -5.596063444559638833e-02 -1.096811981086630583e-01 -9.923902672625936061e-01 4.707347045139910757e-01 8.736445465982956016e-01 -1.231017648416620341e-01 5.515343020815044461e-02 -8.022097070002430774e-01 2.689122835144020507e-01
1.586177205083183050e+09 8.805460850445089305e-01 -4.738129670706018870e-01 1.182643331024453917e-02 -6.508873179164183231e-02 -1.456031886803832720e-01 -9.871996600604663330e-01 4.694699663478637541e-01 8.685050281971418151e-01 -1.590502028781391741e-01 4.588814605182344603e-02 -8.121296845353682681e-01 2.660640646075627114e-01
1.586177205083206892e+09 8.809993272999236957e-01 -4.727014545823756686e-01 1.983734632964219077e-02 -7.507705554200368170e-02 -1.810769110819388517e-01 -9.805990966689710486e-01 4.671227046779564684e-01 8.624178148839702907e-01 -1.950176701922075595e-01 3.608693667908975666e-02 -8.216623734948561575e-01 2.637342723660675015e-01
1.586177205083228111e+09 8.818141325829425003e-01 -4.708439276531456441e-01 2.664266405018823891e-02 -8.594594392554842643e-02 -2.159974916626500319e-01 -9.726039166604053543e-01 4.636993966998813610e-01 8.553660501256564741e-01 -2.309367665302995420e-01 2.577163047742877730e-02 -8.307540946932269188e-01 2.619179960368491211e-01
1.586177205083247900e+09 8.829331740052085431e-01 -4.683964871304163169e-01 3.215184704757956258e-02 -9.769174112077216865e-02 -2.502688833761996245e-01 -9.632350752118536974e-01 4.592225322904870399e-01 8.473312322687654996e-01 -2.667291678904641361e-01 1.497118495042580252e-02 -8.393561119173776897e-01 2.606067094985223265e-01
1.586177205083267927e+09 8.842906905665653960e-01 -4.655226695261674985e-01 3.631279288556887863e-02 -1.102911364496580310e-01 -2.838057425018829516e-01 -9.525178035800082599e-01 4.537244097598327475e-01 8.382976470220456777e-01 -3.023098002613009982e-01 3.720653331750355466e-03 -8.474258117478542518e-01 2.597886145578586214e-01
1.586177205083287001e+09 8.858167215736861833e-01 -4.623844492675253659e-01 3.910699504148584110e-02 -1.237060373429689220e-01 -3.165336475663766969e-01 -9.404803382760189567e-01 4.472421629616473715e-01 8.282554384726208418e-01 -3.375905458745488419e-01 -7.940027255522882910e-03 -8.549276134948952111e-01 2.594490631783402113e-01
1.586177205083306074e+09 8.874403463860508490e-01 -4.591360082293223788e-01 4.054328270995529587e-02 -1.378883686168662637e-01 -3.483881058967146505e-01 -9.271529139674150599e-01 4.398140853180710907e-01 8.172024559106068065e-01 -3.724831764926185840e-01 -1.996735276590963504e-02 -8.618335790285633902e-01 2.595710357503446253e-01
1.586177205083324909e+09 8.890918916031178565e-01 -4.559200350970737392e-01 4.065132366005279330e-02 -1.527842975429652417e-01 -3.793128772921763869e-01 -9.125670934015249758e-01 4.314771917021586467e-01 8.051451192491452247e-01 -4.069014258487902991e-01 -3.231560029325204059e-02 -8.681237133000709871e-01 2.601356505106293127e-01
1.586177205083343983e+09 8.907042304335610616e-01 -4.528660264284910530e-01 3.947576770862779028e-02 -1.683375650905104548e-01 -4.092581003970431341e-01 -8.967554136194896275e-01 4.222658384532637088e-01 7.920985858483190478e-01 -4.407622855316090105e-01 -4.493813823429235882e-02 -8.737859660178136645e-01 2.611226793246034239e-01
1.586177205083364010e+09 8.922133991723021351e-01 -4.500899363833190669e-01 3.707154900223047500e-02 -1.844917762065073352e-01 -4.381785976083754641e-01 -8.797512725351327445e-01 4.122111535473269028e-01 7.780864772629388915e-01 -4.739867077949808105e-01 -5.778863873812115776e-02 -8.788159630402390121e-01 2.625110461733700107e-01
1.586177205083384037e+09 8.935715904242560459e-01 -4.476600715747098835e-01 3.361953815789120448e-02 -2.010868884770728449e-01 -4.660935402295457441e-01 -8.615804521087732093e-01 4.013650163261168191e-01 7.631233664405833172e-01 -5.065065168746790691e-01 -7.082722049518802576e-02 -8.831947426628187214e-01 2.642958348252141265e-01
1.586177205083405018e+09 8.947278470409225637e-01 -4.456577041689833152e-01 2.917688615848298278e-02 -2.180759307482945386e-01 -4.929648720056341582e-01 -8.422758003254003922e-01 3.897498793086535129e-01 7.472448367272949143e-01 -5.382566171798363053e-01 -8.400672540014517131e-02 -8.869339292074149839e-01 2.664598427260468916e-01
1.586177205083424091e+09 8.956341549417957681e-01 -4.441540887822038597e-01 2.380349052774147212e-02 -2.354133495099538509e-01 -5.187561053080843587e-01 -8.218714367193643566e-01 3.773857650201899450e-01 7.304924701561101852e-01 -5.691754876836695454e-01 -9.728344933225489821e-02 -8.900504817390070267e-01 2.689856094804644604e-01
1.586177205083441019e+09 8.962454234154899613e-01 -4.432107097889981251e-01 1.756154824269596376e-02 -2.530543400599595261e-01 -5.434325048012028647e-01 -8.004027824285526727e-01 3.642906013773059559e-01 7.129133045356257359e-01 -5.992052889776987579e-01 -1.106175981630509314e-01 -8.925657848788688398e-01 2.718557176354963745e-01
1.586177205083466053e+09 8.965195765930469296e-01 -4.428793024343233298e-01 1.051534603663096569e-02 -2.709540037607006679e-01 -5.669615255298590117e-01 -7.779065219111880314e-01 3.504804943252590177e-01 6.945592504410696977e-01 -6.282920269260576784e-01 -1.239735473838603774e-01 -8.945047135648219738e-01 2.750530558581817941e-01
1.586177205083479881e+09 8.964177190521726013e-01 -4.432017765644744034e-01 2.731018299640782659e-03 -2.890665631387268064e-01 -5.893133537230718089e-01 -7.544205018528395978e-01 3.359699321642813374e-01 6.754864593032078313e-01 -6.563857466110429861e-01 -1.373199228084125978e-01 -8.958947149418436950e-01 2.785610403146226988e-01
1.586177205083493948e+09 8.959043404984542436e-01 -4.442101430276139684e-01 -5.723787991843328968e-03 -3.073447029593393554e-01 -6.104614818366186357e-01 -7.299835704820590854e-01 3.207719540672117620e-01 6.557546251095828227e-01 -6.834407256711334533e-01 -1.506295272341793279e-01 -8.967649434907959405e-01 2.823637930083484071e-01
1.586177205083508015e+09 8.949475656061522955e-01 -4.459264508022091067e-01 -1.478024127428215553e-02 -3.257389590282852021e-01 -6.303833456013197001e-01 -7.046353443992974253e-01 3.048983202109757928e-01 6.354261864213698319e-01 -7.094156583534877436e-01 -1.638791424300338750e-01 -8.971454769549059849e-01 2.864462784267607920e-01
1.586177205083520889e+09 8.935193800579058765e-01 -4.483628889208080004e-01 -2.436878210091598940e-02 -3.441973247609769748e-01 -6.490608774861039709e-01 -6.784159338941085915e-01 2.883597048352659620e-01 6.145654541880243293e-01 -7.342737796766123370e-01 -1.770492378587350257e-01 -8.970666339163141378e-01 2.907944005410679766e-01
1.586177205083537102e+09 8.915957794679545412e-01 -4.515221470143504501e-01 -3.441971865139616810e-02 -3.626651365459708787e-01 -6.664808897873497617e-01 -6.513656597483590271e-01 2.711659363881803175e-01 5.932377049958891257e-01 -7.579828894431088759e-01 -1.901236170686146643e-01 -8.965584039232904479e-01 2.953950642211179978e-01
1.586177205083547115e+09 8.891568504430259479e-01 -4.553979937109593479e-01 -4.486382591610755394e-02 -3.810851383336099074e-01 -6.826353186143926388e-01 -6.235247705893811609e-01 2.533262973792045347e-01 5.715082584078841066e-01 -7.805152772382629722e-01 -2.030890295679732838e-01 -8.956499915783751042e-01 3.002362068010575036e-01
1.586177205083555937e+09 8.861868014202246568e-01 -4.599760189601805327e-01 -5.563286089798349932e-02 -3.993976541986622442e-01 -6.975213536327681263e-01 -5.949331689055311623e-01 2.348498820648561025e-01 5.494415560650176555e-01 -8.018475601618850757e-01 -2.159347713171218541e-01 -8.943694691255364981e-01 3.053068060662291749e-01
1.586177205083565950e+09 8.826739625882767948e-01 -4.652344868042496140e-01 -6.665994523141417771e-02 -4.175408224646273703e-01 -7.111414707674682534e-01 -5.656301534990025859e-01 2.157460026175667123e-01 5.271002572234725347e-01 -8.219604501215874715e-01 -2.286522921196097458e-01 -8.927435285379793362e-01 3.105968701102487239e-01
1.586177205083575010e+09 8.786107697042446762e-01 -4.711452561822372931e-01 -7.787979955192537995e-02 -4.354508691937709619e-01 -7.235033741079235359e-01 -5.356541875033742350e-01 1.960246315746541346e-01 5.045443643058867833e-01 -8.408384676248954470e-01 -2.412348229358210194e-01 -8.907973204859871430e-01 3.160974144672270558e-01
1.586177205083585024e+09 8.739937366235646099e-01 -4.776747452764792401e-01 -8.922884236271035052e-02 -4.530624232334946044e-01 -7.346198385032226552e-01 -5.050427050738913737e-01 1.756968676650203232e-01 4.818303964289800123e-01 -8.584696151550064158e-01 -2.536770321512988313e-01 -8.885543678017068236e-01 3.218004302343309142e-01
1.586177205083595991e+09 8.688234217205166310e-01 -4.847849136821129057e-01 -1.006451666879201734e-01 -4.703088708259762218e-01 -7.445084507522159445e-01 -4.738319672605375010e-01 1.547754121557204376e-01 4.590106257419184210e-01 -8.748450249173460591e-01 -2.659747173975323120e-01 -8.860365429814776039e-01 3.276988445555314988e-01
1.586177205083607912e+09 8.631043010610318644e-01 -4.924343648968912968e-01 -1.120685593737271862e-01 -4.871229121039867827e-01 -7.531911091326842778e-01 -4.420570348313316300e-01 1.332750325984894679e-01 4.361324910048275938e-01 -8.899585475461134765e-01 -2.781245369180650462e-01 -8.832640989749602767e-01 3.337864742744298119e-01
1.586177205083617926e+09 8.568444585999085428e-01 -5.005796312501931133e-01 -1.234407014951308668e-01 -5.034374336042185538e-01 -7.606931765851486782e-01 -4.097519273412321694e-01 1.112129692918352453e-01 4.132383382394511084e-01 -9.038062578036195616e-01 -2.901237811071066264e-01 -8.802557408364150016e-01 3.400579745691829636e-01
1.586177205083626986e+09 8.500551883027491762e-01 -5.091764292074862919e-01 -1.347053860120335789e-01 -5.191864575893252454e-01 -7.670424963814521657e-01 -3.769499057140328069e-01 8.860925136133689095e-02 3.903654352010365591e-01 -9.163859601434765079e-01 -3.019701819007893362e-01 -8.770287256149998933e-01 3.465087851183439316e-01
1.586177205083636045e+09 8.427503584157969296e-01 -5.181810134996497341e-01 -1.458090219433668400e-01 -5.343063785794385234e-01 -7.722681037837062501e-01 -3.436839683556757175e-01 6.548685010086918723e-02 3.675464779324514875e-01 -9.276966419028953581e-01 -3.136617570280942346e-01 -8.735989809106167181e-01 3.531350750342933664e-01
1.586177205083647013e+09 8.349454466742554093e-01 -5.275516242654422205e-01 -1.567015796167389730e-01 -5.487375264379328321e-01 -7.763986190855496350e-01 -3.099875993937358798e-01 4.187157148800310646e-02 3.448107717706684894e-01 -9.377378650489877066e-01 -3.251966865720702371e-01 -8.699812355620860638e-01 3.599336862714113683e-01
1.586177205083659887e+09 8.266562847553187154e-01 -5.372498517243686766e-01 -1.673379333511577638e-01 -5.624258580770045146e-01 -7.794605294551957275e-01 -2.758957005914225991e-01 1.779161005820863520e-02 3.221860955317448205e-01 -9.465091541195672642e-01 -3.365732183451345949e-01 -8.661891561307791809e-01 3.669020759094690498e-01
1.586177205083668947e+09 8.178976838454620202e-01 -5.472416481723982873e-01 -1.776793671402082386e-01 -5.753244103896199002e-01 -7.814767280303547281e-01 -2.414455358333797985e-01 -6.723237542642306053e-03 2.997010216217654288e-01 -9.540094842769687444e-01 -3.477895966471790112e-01 -8.622354822726688850e-01 3.740382595221360962e-01
1.586177205083678961e+09 8.086821131553626474e-01 -5.574978181982334080e-01 -1.876950260618167610e-01 -5.873942323436252000e-01 -7.824656001230783087e-01 -2.066775286540238066e-01 -3.164262995363326114e-02 2.773873963159158573e-01 -9.602369377967538977e-01 -3.588440091987679104e-01 -8.581321563089674420e-01 3.813407573769365122e-01
1.586177205083688974e+09 7.990184658150725205e-01 -5.679940245716510461e-01 -1.973633187271272849e-01 -5.986047748362041121e-01 -7.824407003051603304e-01 -1.716358775615641208e-01 -5.693694050004971530e-02 2.552828604930856837e-01 -9.651885029980176167e-01 -3.697345478617770076e-01 -8.538904444450186038e-01 3.888085444545865688e-01
1.586177205083698034e+09 7.889108680544755225e-01 -5.787104207145633561e-01 -2.066733932161226306e-01 -6.089338270464952352e-01 -7.814109549739473026e-01 -1.363690365965566920e-01 -8.257867105356418713e-02 2.334334352778560107e-01 -9.688599458931094199e-01 -3.804591817569066281e-01 -8.495210502186267831e-01 3.964410026204781001e-01
1.586177205083707094e+09 7.783576290757669991e-01 -5.896308921096153899e-01 -2.156265581303211665e-01 -6.183669035484995469e-01 -7.793814863762393852e-01 -1.009300337207145598e-01 -1.085438815847499239e-01 2.118959887876818438e-01 -9.712457547298721794e-01 -3.910157411383901604e-01 -8.450342200980555107e-01 4.042378741237486750e-01
1.586177205083715916e+09 7.673504688880879998e-01 -6.007418964025988961e-01 -2.242374456806885408e-01 -6.268960019963718544e-01 -7.763551398191658182e-01 -6.537660112294520209e-02 -1.348134301816933389e-01 1.907403236889966547e-01 -9.723391735069893960e-01 -4.014019102081234913e-01 -8.404398408979141255e-01 4.121992161942966137e-01
1.586177205083725929e+09 7.558742225251254832e-01 -6.120309019159632102e-01 -2.325345889615750283e-01 -6.345176734792451478e-01 -7.723347757342605702e-01 -2.977107070724135246e-02 -1.613737343827559012e-01 1.700504912872633778e-01 -9.721323719735480706e-01 -4.116152282186875122e-01 -8.357475293983264164e-01 4.203253557297624288e-01
1.586177205083734989e+09 7.439068600652153362e-01 -6.234846582728786890e-01 -2.405607297291533775e-01 -6.412307958670387942e-01 -7.673260045969537702e-01 5.819752405358986913e-03 -1.882170299643094180e-01 1.499255944150884867e-01 -9.706166422152926465e-01 -4.216530988201440677e-01 -8.309667145500385654e-01 4.286168428652895601e-01
1.586177205083744049e+09 7.314199201073090517e-01 -6.350873251526368835e-01 -2.483726839695649946e-01 -6.470341378531756504e-01 -7.613403258062084733e-01 4.132472832281102598e-02 -2.153409513224869010e-01 1.304798759282751464e-01 -9.677826600202450447e-01 -4.315128082614375082e-01 -8.261067125257692823e-01 4.370744019576659478e-01
1.586177205083756924e+09 7.183794572437987025e-01 -6.468185126700168874e-01 -2.560405579571551904e-01 -6.519238592412783806e-01 -7.543985786696059126e-01 7.666855072515843528e-02 -2.427472709636377957e-01 1.118418367894459808e-01 -9.636208623508843996e-01 -4.411915533584311322e-01 -8.211767944563566068e-01 4.456988785748193238e-01
1.586177205083766937e+09 7.047475968125097578e-01 -6.586513311748841693e-01 -2.636460676173726925e-01 -6.558911541697723946e-01 -7.465345351783662098e-01 1.117720093982583207e-01 -2.704396773247103591e-01 9.415206855204619196e-02 -9.581220012558265831e-01 -4.506864796391109040e-01 -8.161862459872015751e-01 4.544911818364703038e-01
1.586177205083775997e+09 6.904846429468942670e-01 -6.705506301173813632e-01 -2.712799486604969834e-01 -6.589203743740794650e-01 -7.377983073373148848e-01 1.465523740577951151e-01 -2.984206737076873228e-01 7.755972164476576669e-02 -9.512778728935248340e-01 -4.599947291452636811e-01 -8.111444172473146752e-01 4.634522225032709497e-01
1.586177205083785057e+09 6.755516752225693144e-01 -6.824716201620069089e-01 -2.790383880740864853e-01 -6.609879209885684004e-01 -7.282592067344458853e-01 1.809240076131008457e-01 -3.266877757465312393e-01 6.221748756848886203e-02 -9.430822243012757511e-01 -4.691134966955923247e-01 -8.060607617286735804e-01 4.725828479294877926e-01
1.586177205083794117e+09 6.599133154934077039e-01 -6.943590943748870759e-01 -2.870189267887114370e-01 -6.620622305434947785e-01 -7.180076036734199807e-01 2.147991721864526971e-01 -3.552295304971241907e-01 4.827555698824599617e-02 -9.335317089605794649e-01 -4.780400921176473639e-01 -8.009448626278885541e-01 4.818837761790953911e-01
1.586177205083803892e+09 6.435404295688282872e-01 -7.061473801137563289e-01 -2.953160905037260919e-01 -6.621049309344366751e-01 -7.071554781304165704e-01 2.480890779528732715e-01 -3.840218435991791246e-01 3.587488790528579885e-02 -9.226268023589296874e-01 -4.867720051961194061e-01 -7.958064457763653898e-01 4.913555321932986386e-01
1.586177205083812952e+09 6.264124390670360309e-01 -7.177610652890090703e-01 -3.040172850001009452e-01 -6.610730991714547367e-01 -6.958354757521350020e-01 2.807050919625574403e-01 -4.130251979674433582e-01 2.514048747979544252e-02 -9.103725293020573650e-01 -4.953069695005526962e-01 -7.906553791042741919e-01 5.009983892493838908e-01
1.586177205083822012e+09 6.085190223654338704e-01 -7.291164217668976155e-01 -3.131993664917138709e-01 -6.589223338902341354e-01 -6.841985105642698350e-01 3.125600045740678512e-01 -4.421831721644197133e-01 1.617534912763012728e-02 -8.967789029129773493e-01 -5.036430204733834959e-01 -7.855016595697543735e-01 5.108123193938265416e-01
1.586177205083832026e+09 5.898611192858586039e-01 -7.401233754600904380e-01 -3.229260740385559436e-01 -6.556102291088898859e-01 -6.724101334310285116e-01 3.435692657443548681e-01 -4.714224091734281474e-01 9.055485743136967164e-03 -8.818610495319937348e-01 -5.117785444455793531e-01 -7.803553896328067063e-01 5.207969551496142158e-01
1.586177205083841085e+09 5.704512239571359888e-01 -7.506878134766229449e-01 -3.332464673857040149e-01 -6.510998189492425148e-01 -6.606460211897500212e-01 3.736520585618067769e-01 -5.006539995655134856e-01 3.826440442763314256e-03 -8.656390306861085904e-01 -5.197123156148760748e-01 -7.752267461060865505e-01 5.309515642681693626e-01
1.586177205083854914e+09 5.503129857662214519e-01 -7.607138985883213911e-01 -3.441946868171882890e-01 -6.453625914079259562e-01 -6.490871382112639587e-01 4.027319369469197219e-01 -5.297761260584255005e-01 5.017603528272400470e-04 -8.481373738196357204e-01 -5.274435193889297491e-01 -7.701259447133907976e-01 5.412750379615345331e-01
1.586177205083864927e+09 5.294803731932948843e-01 -7.701062241643807926e-01 -3.557905818707523538e-01 -6.383807910947933983e-01 -6.379149832571926471e-01 4.307370893180912375e-01 -5.586774564982545099e-01 -9.369616764127826000e-04 -8.293844838662288721e-01 -5.349717626695590367e-01 -7.650632035840696510e-01 5.517658911730749516e-01
1.586177205083873987e+09 5.079965928415692833e-01 -7.787717108504195185e-01 -3.680408731133353872e-01 -6.301489052636344290e-01 -6.273072072692780221e-01 4.576002899038877914e-01 -5.872408528815324935e-01 -5.388348640801253475e-04 -8.094120648585320099e-01 -5.422970731466907335e-01 -7.600487082598037514e-01 5.624222723035123828e-01
1.586177205083884001e+09 4.859128989007143740e-01 -7.866211373913635230e-01 -3.809407317845918683e-01 -6.206743314295323222e-01 -6.174338561023643424e-01 4.832585312854061343e-01 -6.153470804547538364e-01 1.618580165325930569e-03 -7.882546232967188038e-01 -5.494198902438395260e-01 -7.550925799400333149e-01 5.732419795277756691e-01
1.586177205083893061e+09 4.632874256088743148e-01 -7.935703401288696224e-01 -3.944754450938746104e-01 -6.099773321062980092e-01 -6.084542778029160548e-01 5.076524860146701679e-01 -6.428782279932303556e-01 5.432066236143588342e-03 -7.659491347362976654e-01 -5.563410497311842562e-01 -7.502048480998916302e-01 5.842224815449632569e-01
1.586177205083901882e+09 4.401841070250205323e-01 -7.995411108574639325e-01 -4.086220309931369865e-01 -5.980904137637899076e-01 -6.005146909048189041e-01 5.307258834731998220e-01 -6.697206950104770407e-01 1.077582050368411891e-02 -7.425348966491398528e-01 -5.630617635758482509e-01 -7.453954282107780882e-01 5.953609411102619431e-01
1.586177205083911896e+09 4.166717269682937430e-01 -8.044617890765171087e-01 -4.233508026479070319e-01 -5.850572609696828019e-01 -5.937464249813277917e-01 5.524248226008720009e-01 -6.957676866388089465e-01 1.750465617838250706e-02 -7.180535590162823167e-01 -5.695835971803039355e-01 -7.406741046153590968e-01 6.066542393743725725e-01
1.586177205083923101e+09 3.928231283592880652e-01 -8.082676055003497062e-01 -4.386267980485363260e-01 -5.709313670756751558e-01 -5.882647469610319257e-01 5.726970944478709802e-01 -7.209211914997823989e-01 2.545713320690298070e-02 -6.925493270446609895e-01 -5.759084454234986161e-01 -7.360505183793438766e-01 6.180989997806579650e-01
