1.592830854052390099e+09 3.061744854096907220e-01 -9.510301847137399012e-01 -4.241201136538823996e-02 -9.263630479266562467e-01 -2.873764354605412019e-01 -2.434466938142113013e-01 2.193369411413872982e-01 1.138260857109405222e-01 -9.689865493431263355e-01 -5.817648373112549454e-01 -2.567865579126102915e-01 3.435892497434150372e-01
1.592830854052443027e+09 2.533683371031991705e-01 -9.671507680897698522e-01 2.058844330018545429e-02 -9.436760177716911890e-01 -2.517881557126465664e-01 -2.146585732656121626e-01 2.127911297926748380e-01 3.495886522096484927e-02 -9.764721282092250210e-01 -5.865884010769683021e-01 -2.722045736880974731e-01 3.457533368154676046e-01
1.592830854052460909e+09 1.788440771219641234e-01 -9.817258131216990424e-01 6.503253331624850309e-02 -9.600900053908026921e-01 -1.885851098160919448e-01 -2.065498556169489686e-01 2.150394919809700545e-01 -2.549686711151528604e-02 -9.762724676039459260e-01 -5.905709318163291366e-01 -2.877084540398670010e-01 3.488248826247555834e-01
1.592830854052474976e+09 9.618462964124468995e-02 -9.907343159955881440e-01 9.588554943331002722e-02 -9.704217135581149067e-01 -1.147682878363661396e-01 -2.123910142004183654e-01 2.214276860573093364e-01 -7.262066816215580201e-02 -9.724690343390998137e-01 -5.937052401725204653e-01 -3.032167167726937396e-01 3.527408944797444379e-01
1.592830854052485943e+09 1.079800331220405821e-02 -9.927832705814700898e-01 1.194352847303774556e-01 -9.737035164578948798e-01 -3.762160095389225495e-02 -2.246910815547365492e-01 2.275628929343292695e-01 -1.138683415822912409e-01 -9.670827962951731305e-01 -5.959913278106900858e-01 -3.186566707441619295e-01 3.574363045129604344e-01
1.592830854052498102e+09 -7.498838128617352217e-02 -9.871985132724637735e-01 1.407687626048969576e-01 -9.701538838642617124e-01 3.957969027423150626e-02 -2.392381547578176504e-01 2.306039661283435793e-01 -1.545074435073166830e-01 -9.607024851909902186e-01 -5.974352673322518292e-01 -3.339642924261348456e-01 3.628452792596311149e-01
1.592830854052509069e+09 -1.594340798775977508e-01 -9.735010234334507961e-01 1.639406539214873781e-01 -9.603996629721264222e-01 1.145129278997885774e-01 -2.540064598743209667e-01 2.285022237998438899e-01 -1.979458346239945377e-01 -9.532073146063084756e-01 -5.980481352580919729e-01 -3.490838897000265173e-01 3.689022935316332852e-01
1.592830854052520990e+09 -2.405218005834197925e-01 -9.514163201070606757e-01 1.922400991953699956e-01 -9.454290607694718629e-01 1.847835520679237398e-01 -2.683634380625581350e-01 2.198025457504241276e-01 -2.462966332391451074e-01 -9.439411071047433266e-01 -5.978450312262535427e-01 -3.639676155876822028e-01 3.755429789754549108e-01
1.592830854052531958e+09 -3.163388921170087742e-01 -9.211188390179735341e-01 2.268695576778889667e-01 -9.263485316276384163e-01 2.483934428085023682e-01 -2.831591433665859303e-01 2.044703103568286939e-01 -2.997345306335685300e-01 -9.318535870370893148e-01 -5.968442036098636772e-01 -3.785748871855942888e-01 3.827047672477703055e-01
1.592830854052542925e+09 -3.874544139711720847e-01 -8.832907865814544346e-01 2.639630085734896991e-01 -9.032952904998154953e-01 3.065284787948308054e-01 -3.001631469711463773e-01 1.842191622189760514e-01 -3.547360778299584183e-01 -9.166382163659717586e-01 -5.950662892435878426e-01 -3.928717552060944640e-01 3.903273544739632173e-01
1.592830854052555084e+09 -4.581331056096497600e-01 -8.388845134341802456e-01 2.939163777766615193e-01 -8.744583317512670817e-01 3.660181874928734591e-01 -3.183603577807129215e-01 1.594888335262034940e-01 -4.028690437462443263e-01 -9.012545977230138616e-01 -5.925336678564708803e-01 -4.068302599570787770e-01 3.983530148665134774e-01
1.592830854052566051e+09 -5.246755574305231873e-01 -7.877840682796265481e-01 3.226636447763638893e-01 -8.411506327251496717e-01 4.213789607248976665e-01 -3.389769748456765708e-01 1.310769886279632701e-01 -4.492616609796351024e-01 -8.837323052664071144e-01 -5.896442432687132307e-01 -4.206184414813132766e-01 4.065507295795707798e-01
1.592830854052577019e+09 -5.866411066036458788e-01 -7.304180997364838612e-01 3.497736669344775895e-01 -8.037519274136086800e-01 4.722322987980383524e-01 -3.619109007778990583e-01 9.917184933723083295e-02 -4.934430689083169619e-01 -8.641058305501760906e-01 -5.864106941225191161e-01 -4.342389287269144416e-01 4.148988873297446700e-01
1.592830854052587986e+09 -6.436334277709293561e-01 -6.672629411137999123e-01 3.748282066928829148e-01 -7.626540391205344216e-01 5.182428994210008799e-01 -3.870182408671324903e-01 6.399087285111239309e-02 -5.349621212645037094e-01 -8.424492277575956756e-01 -5.828444724230128493e-01 -4.476946927137591681e-01 4.233776684349798702e-01
1.592830854052598953e+09 -6.952995343080700108e-01 -5.988380132243139586e-01 3.974312493616154462e-01 -7.182576938617342144e-01 5.591189981281756705e-01 -4.141157278969362920e-01 2.577687768303095484e-02 -5.733925237215919957e-01 -8.188751862540052384e-01 -5.789558301954547126e-01 -4.609888770133107050e-01 4.319688485719436200e-01
1.592830854052608967e+09 -7.413280639287822549e-01 -5.257011500408835802e-01 4.172181790597014328e-01 -6.709705754038008951e-01 5.946115057992918951e-01 -4.429849309676706093e-01 -1.520504200874051720e-02 -6.083382810913168237e-01 -7.935321964493996516e-01 -5.747538663021767302e-01 -4.741246701214643089e-01 4.406556022561158303e-01
1.592830854052619934e+09 -7.814473387550366912e-01 -4.484439750369759725e-01 4.338641082946415040e-01 -6.212068527761209769e-01 6.245116949271034557e-01 -4.733784890701141501e-01 -5.866947814925669441e-02 -6.394397158240403556e-01 -7.665994694141123889e-01 -5.702465904974035604e-01 -4.871052142283475717e-01 4.494223114573511202e-01
1.592830854052630901e+09 -8.154240533000077784e-01 -3.676874558613447697e-01 4.470900966948329058e-01 -5.693880314864243619e-01 6.486477530415174497e-01 -5.050280853826312200e-01 -1.043114944861487092e-01 -6.663797964244149163e-01 -7.382798137433095320e-01 -5.654410008012956679e-01 -4.999335443677597191e-01 4.582543839331019719e-01
1.592830854052644968e+09 -8.430634882278323916e-01 -2.840776898199633971e-01 4.566659910966322511e-01 -5.159444867484226371e-01 6.668810388358422658e-01 -5.376532075475563000e-01 -1.518066089869606616e-01 -6.888900868610606798e-01 -7.087913698951719965e-01 -5.603431674713603705e-01 -5.126125506247104502e-01 4.671380850979515720e-01
1.592830854052658081e+09 -8.642117163542279989e-01 -1.982818801475229598e-01 4.624093552057960133e-01 -4.613168442488783660e-01 6.791027772193061196e-01 -5.709695194459357692e-01 -2.008105669276822880e-01 -7.067557706523435179e-01 -6.783593451889853299e-01 -5.549583182159586459e-01 -5.251449570481623308e-01 4.760603851626153959e-01
1.592830854052670002e+09 -8.787597204141680551e-01 -1.109844511348070245e-01 4.641807965055383400e-01 -4.059566136994911534e-01 6.852312682696802826e-01 -6.046960738504996158e-01 -2.509593332983508507e-01 -7.198198147861027962e-01 -6.472085070649040706e-01 -5.492909211547589710e-01 -5.375333122998627866e-01 4.850088216415864295e-01
1.592830854052680969e+09 -8.866491255540709382e-01 -2.288331545070168907e-02 4.618762696748800467e-01 -3.503257290908531885e-01 6.852093291365319860e-01 -6.385609319025611352e-01 -3.018695367504122817e-01 -7.279866304518110010e-01 -6.155568641571175226e-01 -5.433447670229271109e-01 -5.497799901392881328e-01 4.939713761684809690e-01
1.592830854052691936e+09 -8.878792073744461444e-01 6.531367850455402357e-02 4.554169989942477570e-01 -2.948945044978735774e-01 6.790022670540964977e-01 -6.723043637396626249e-01 -3.531398447803181240e-01 -7.312250334529903917e-01 -5.836113474099352549e-01 -5.371230508957242078e-01 -5.618871977073123247e-01 5.029363649608289411e-01
1.592830854052701950e+09 -8.825145757016596981e-01 1.528921056306658810e-01 4.447381636092618828e-01 -2.401375843671263166e-01 6.665968208818739971e-01 -7.056788390730883709e-01 -4.043537683634894631e-01 -7.295702071092616814e-01 -5.515662673280781192e-01 -5.306284529250455684e-01 -5.738569895655361019e-01 5.118923423379556636e-01
1.592830854052712917e+09 -8.706926135952645085e-01 2.391341880751702564e-01 4.297781045898850794e-01 -1.865275662778302923e-01 6.480017482921743843e-01 -7.384451273993191123e-01 -4.550844377358996273e-01 -7.231241794290583780e-01 -5.196052155252923743e-01 -5.238632190713271575e-01 -5.856912865447481131e-01 5.208280167177525843e-01
1.592830854052722931e+09 -8.526298889713198603e-01 3.233217920569533277e-01 4.104696062736349349e-01 -1.345267292898470191e-01 6.232492955529956857e-01 -7.703654195577008812e-01 -5.049008193855523130e-01 -7.120557133235811964e-01 -4.879055523894744728e-01 -5.168292432361165645e-01 -5.973918989575177640e-01 5.297321788807608511e-01
1.592830854052735090e+09 -8.286268007299331106e-01 4.047392638335077231e-01 3.867347409842873951e-01 -8.457697127728536213e-02 5.923979461253140455e-01 -8.011937433025251298e-01 -5.533754303826747822e-01 -6.965994589516056879e-01 -4.566451917874030375e-01 -5.095281526630965896e-01 -6.089605541999661975e-01 5.385936428137202414e-01
1.592830854052746058e+09 -7.990695910061446083e-01 4.826763206951507623e-01 3.584848178515555039e-01 -3.708819130975103684e-02 5.555368945370563472e-01 -8.306643304154431862e-01 -6.000935433018079745e-01 -6.770541579020821210e-01 -4.260110455145712516e-01 -5.019613983658389733e-01 -6.203989289085479752e-01 5.474012000312514781e-01
1.592830854052772045e+09 -7.644286905835190327e-01 5.564314262672067635e-01 3.256268590512871319e-01 7.574449185213792679e-03 5.127926845876839002e-01 -8.584790593275637427e-01 -6.446637965905721579e-01 -6.537795767917597978e-01 -3.962081002211479963e-01 -4.941303511107866808e-01 -6.317086853920259593e-01 5.561435885997432216e-01
1.592830854052782059e+09 -7.252525281299729842e-01 6.253161785365559666e-01 2.880771663324240284e-01 4.910359939700157522e-02 4.643378368710141535e-01 -8.842958864131666985e-01 -6.867296504677310454e-01 -6.271921991967351895e-01 -3.674674635674091694e-01 -4.860364018462704494e-01 -6.428915113989839281e-01 5.648094779661216869e-01
1.592830854052793026e+09 -6.821559846077150935e-01 6.886614177199223974e-01 2.457817545475327603e-01 8.726212348886261405e-02 4.104011996292921127e-01 -9.077203215187453766e-01 -7.259810880966912627e-01 -5.977594096569945892e-01 -3.400516905382177102e-01 -4.776810644361521030e-01 -6.539491619130487488e-01 5.733874703058521316e-01
1.592830854052803040e+09 -6.358035853205535881e-01 7.458254766982158612e-01 1.987414543118951049e-01 1.218935694429869737e-01 3.512786037434603159e-01 -9.283023781244637007e-01 -7.621651818028392089e-01 -5.659926728868426293e-01 -3.142555237880262919e-01 -4.690660768639950406e-01 -6.648835009703126797e-01 5.818661181473879784e-01
1.592830854052813053e+09 -5.868878637500528628e-01 7.962048910671162272e-01 1.470388155702404553e-01 1.529294888047551815e-01 2.873426347493236999e-01 -9.455404733062857670e-01 -7.950944676441473735e-01 -5.324396555278545495e-01 -2.904011106874134773e-01 -4.601934963894581676e-01 -6.756965412716320341e-01 5.902339569288845844e-01
1.592830854052824020e+09 -5.361043361069628421e-01 8.392473328764471496e-01 9.086287210781301971e-02 1.803925587573507183e-01 2.190498466899072905e-01 -9.588929525036388180e-01 -8.246518484153085859e-01 -4.976756817522408616e-01 -2.688275451717904718e-01 -4.510657838546672793e-01 -6.863904793091010204e-01 5.984795499239931038e-01
1.592830854052834988e+09 -4.841250397417941609e-01 8.744661154172090889e-01 3.052810742153827528e-02 2.043948643670468468e-01 1.469441360846067968e-01 -9.677965515756743464e-01 -8.507912145483376154e-01 -4.622947537580572308e-01 -2.498757175889158300e-01 -4.416858719484904050e-01 -6.969677235935208826e-01 6.065915414604668987e-01
1.592830854052845001e+09 -4.315727172777996667e-01 9.014553485932658150e-01 -3.351493181625611606e-02 2.251311280920765823e-01 7.165560409387877749e-02 -9.716899991854254237e-01 -8.735336113709333272e-01 -4.269001459419083933e-01 -2.338702622084868898e-01 -4.320572145676330189e-01 -7.074309146871774479e-01 6.145587141011965571e-01
1.592830854052855968e+09 -3.789978491209050060e-01 9.199045690523988128e-01 -1.006787994507594153e-01 2.428672243465787028e-01 -6.105352007549719184e-03 -9.700403295565056538e-01 -8.929592078710441028e-01 -3.920947773632306732e-01 -2.211007530250172770e-01 -4.221838153749304379e-01 -7.177829361876419956e-01 6.223700449700495518e-01
1.592830854052866936e+09 -3.268609397300304975e-01 9.296114011303211466e-01 -1.702485695326702020e-01 2.579252287024990098e-01 -8.555863497579284382e-02 -9.623691086744650125e-01 -9.091955277028387350e-01 -3.584722708806805103e-01 -2.118044564220458725e-01 -4.120702357300423668e-01 -7.280269167451782764e-01 6.300147568554167465e-01
1.592830854052876949e+09 -2.755207065807793176e-01 9.304916190973104850e-01 -2.413994480016303790e-01 2.706660817579762957e-01 -1.658684623085246168e-01 -9.482760833998882255e-01 -9.224035003451090953e-01 -3.266083377681754385e-01 -2.061523237725778612e-01 -4.017215848850481663e-01 -7.381662244106443893e-01 6.374823613213795870e-01
1.592830854052886963e+09 -2.252283573706626019e-01 9.225861978493894444e-01 -3.132202117273379383e-01 2.814710109031757779e-01 -2.461596888371258007e-01 -9.274586150140584628e-01 -9.327627040048142026e-01 -2.970523886085451593e-01 -2.042391264792796646e-01 -3.911434968375027132e-01 -7.482044552603818177e-01 6.447626927267540164e-01
1.592830854052896976e+09 -1.761279116765306352e-01 9.060650592019017235e-01 -3.847402678204045468e-01 2.907230742983182847e-01 -3.255355036018158232e-01 -8.997259221097770876e-01 -9.404568345431386645e-01 -2.703197198743896301e-01 -2.060781302165880791e-01 -3.803420984273656602e-01 -7.581454183064983976e-01 6.518459332850875532e-01
1.592830854052907944e+09 -1.282616707025303060e-01 8.812276838012527147e-01 -4.549579316722294764e-01 2.987896467590080984e-01 -4.030955549265723969e-01 -8.650079338012500729e-01 -9.456604546987235071e-01 -2.468840811865655460e-01 -2.115999981595058643e-01 -3.693239720818833893e-01 -7.679931181585348821e-01 6.587226294514760827e-01
1.592830854052920103e+09 -8.157995278676107020e-02 8.485007777158047881e-01 -5.228681936966356192e-01 3.060065925240502138e-01 -4.779538773680132024e-01 -8.233590112409922002e-01 -9.485276386742875765e-01 -2.271707023446156992e-01 -2.206553761245537981e-01 -3.580961157733491551e-01 -7.777517365248461934e-01 6.653837000111429978e-01
1.592830854052931070e+09 -3.595422971431658926e-02 8.084332207773687884e-01 -5.874887465899059080e-01 3.126648575996007762e-01 -5.492561364069524776e-01 -7.749570235778050487e-01 -9.491827984224247006e-01 -2.115500669729378780e-01 -2.330205756755276414e-01 -3.466659030576254574e-01 -7.874256137670733180e-01 6.718204373120199024e-01
1.592830854052941084e+09 8.807401053020920412e-03 7.616886769430329940e-01 -6.478833194056330402e-01 3.189997757989083693e-01 -6.161958139138346002e-01 -7.200985119456608796e-01 -9.477138689009720895e-01 -2.003324361101897488e-01 -2.484055999375654189e-01 -3.350410449517270406e-01 -7.970192312363496567e-01 6.780245027996972818e-01
