1.589264476040832043e+09 9.215733721383519983e-01 -2.724186837018407470e-01 -2.765693054591578659e-01 -2.445356747806849140e-01 1.459512056181608564e-01 -9.585930052976675553e-01 3.015042682705387778e-01 9.510448499968897629e-01 6.788865804016819272e-02 9.484933475762000188e-02 -8.284846112923621719e-01 2.919948590567842950e-01
1.589264476040873051e+09 9.224465376010632101e-01 -2.790654651525339980e-01 -2.668611092187635481e-01 -2.449548012370476868e-01 1.113092557103023267e-01 -9.631237695185388414e-01 2.984786941785709247e-01 9.537990963010445356e-01 3.431841194211185386e-02 8.759869658768369705e-02 -8.395636150253418251e-01 2.882005925453153261e-01
1.589264476040889025e+09 9.233798424690907725e-01 -2.848125186353008820e-01 -2.573936594732660899e-01 -2.457806097645708066e-01 7.644429946456951508e-02 -9.663064531558753778e-01 2.948924526756140363e-01 9.555302709261048744e-01 5.857306610711571432e-04 7.975962024079515100e-02 -8.503851538561342238e-01 2.848605752629021493e-01
1.589264476040899992e+09 9.243571626234211580e-01 -2.896048667885199324e-01 -2.483804686909241444e-01 -2.471561553352575880e-01 4.141549741878534224e-02 -9.680901775772945417e-01 2.906504275704923090e-01 9.562498512684167729e-01 -3.329491379222725839e-02 7.132892346230453040e-02 -8.608894555041630703e-01 2.819803782073916354e-01
1.589264476040913105e+09 9.253511430033577456e-01 -2.934518892774642951e-01 -2.400234384665674570e-01 -2.491996102069585495e-01 6.301369597758105408e-03 -9.684316431653172685e-01 2.857005717148479729e-01 9.559530750846498837e-01 -6.729711689236789196e-02 6.231214430531253901e-02 -8.710168397267002982e-01 2.795624619437429570e-01
1.589264476040921926e+09 9.263265434177418989e-01 -2.964177855494231073e-01 -2.324986700344332802e-01 -2.519998535833815057e-01 -2.880579176247169415e-02 -9.672984547844102332e-01 2.800271576520285688e-01 9.546238647309492897e-01 -1.013808080993098548e-01 5.272352474470211325e-02 -8.807092975747736752e-01 2.776061458830255679e-01
1.589264476040930986e+09 9.272435777954569636e-01 -2.986091505167445814e-01 -2.259467257400144813e-01 -2.556149807138889396e-01 -6.380628996958294386e-02 -9.646707933141728253e-01 2.736427038120669564e-01 9.522401655738769177e-01 -1.354929448741997722e-01 4.258564602943086530e-02 -8.899120426055573407e-01 2.761076680675239592e-01
1.589264476040941000e+09 9.280608884374865752e-01 -3.001613603957568599e-01 -2.204680142286188915e-01 -2.600737317145668248e-01 -9.859893066187058741e-02 -9.605414647107518578e-01 2.665795223069467590e-01 9.487789041415651825e-01 -1.695698963298542528e-01 3.192873851021191950e-02 -8.985749492586251330e-01 2.750603347982449876e-01
1.589264476040950060e+09 9.287378962690480133e-01 -3.012255837174536155e-01 -2.161228076348551408e-01 -2.653791233151611140e-01 -1.330856305590915334e-01 -9.549147272592571900e-01 2.588819059761045538e-01 9.442199759599055886e-01 -2.035406499015085524e-01 2.078971221733913466e-02 -9.066538043476825015e-01 2.744547524635497227e-01
1.589264476040960073e+09 9.292363975736264159e-01 -3.019577138854199205e-01 -2.129348649033949159e-01 -2.715134643720635843e-01 -1.671743787634628886e-01 -9.478043923942395255e-01 2.505995937689643460e-01 9.385490218745442537e-01 -2.373301025030374323e-01 9.210970608180090238e-03 -9.141113129979836494e-01 2.742791292577254625e-01
1.589264476040970087e+09 9.295214317927894543e-01 -3.025099532014162151e-01 -2.108972173688084262e-01 -2.784438112967050905e-01 -2.007806280109356856e-01 -9.392316987081421598e-01 2.417828614618177385e-01 9.317590181897869028e-01 -2.708619211669954785e-01 -2.760920858175702416e-03 -9.209178179200032677e-01 2.745196317098945182e-01
1.589264476040978909e+09 9.295932089768660367e-01 -3.030217351840311935e-01 -2.098434989988929023e-01 -2.860002283743178775e-01 -2.338650118065654093e-01 -9.292529397933784185e-01 2.325087858606250113e-01 9.238425107150907145e-01 -3.040636122691954268e-01 -1.508017493086165166e-02 -9.270438945284019683e-01 2.751674746265102001e-01
1.589264476040988922e+09 9.294263454869934327e-01 -3.036092078575645670e-01 -2.097334438298786574e-01 -2.941423376864906736e-01 -2.663634990007268666e-01 -9.178947499972419655e-01 2.228159639788671598e-01 9.148070483152771493e-01 -3.368695755953546866e-01 -2.769390972470033713e-02 -9.324773043191100230e-01 2.762087664010447474e-01
1.589264476040997982e+09 9.289980334019077857e-01 -3.043768908404994034e-01 -2.105168936204536712e-01 -3.028285565317750949e-01 -2.982163595282495416e-01 -9.051860961982802767e-01 2.127381479509060369e-01 9.046666300759320656e-01 -3.692164260246434959e-01 -4.054940437386144597e-02 -9.372136724789336126e-01 2.776284881842157604e-01
1.589264476041007996e+09 9.282874603291739746e-01 -3.054177642468138831e-01 -2.121376452212965780e-01 -3.120182724697282417e-01 -3.293671282666391642e-01 -8.911576139799719520e-01 2.023041990433567250e-01 8.934412596466235756e-01 -4.010432981903777616e-01 -5.359528582806906416e-02 -9.412560376737777457e-01 2.794108452401335430e-01
1.589264476041016102e+09 9.272753364399035636e-01 -3.068138727732619975e-01 -2.145360066424352175e-01 -3.216729571485809069e-01 -3.597617847401526903e-01 -8.758412912006091622e-01 1.915384018422957024e-01 8.811564594621824620e-01 -4.322919557205595065e-01 -6.678253951935436694e-02 -9.446142018843773913e-01 2.815396029003194855e-01
1.589264476041029930e+09 9.259435902253221329e-01 -3.086370163216420326e-01 -2.176503161464784231e-01 -3.317564430281818577e-01 -3.893482388219460244e-01 -8.592703951188011002e-01 1.804608836884922518e-01 8.678428091644506681e-01 -4.629068248069573843e-01 -8.006531900881015684e-02 -9.473039319179674678e-01 2.839983947458023517e-01
1.589264476041039944e+09 9.242752440006249959e-01 -3.109492848831142964e-01 -2.214177404821295880e-01 -3.422346067443990392e-01 -4.180761376344461211e-01 -8.414795407965977025e-01 1.690879877073150905e-01 8.535355210571732298e-01 -4.928350303293043133e-01 -9.340154499895593487e-02 -9.493460628341309215e-01 2.867709952613219926e-01
1.589264476041050911e+09 9.222544418388530785e-01 -3.138033569621045404e-01 -2.257746617974792369e-01 -3.530746964746069305e-01 -4.458969556696631975e-01 -8.225048110047584737e-01 1.574325364464747301e-01 8.382740353953000989e-01 -5.220264729523247382e-01 -1.067532964475930157e-01 -9.507655483202753777e-01 2.898415538693472349e-01
1.589264476041059971e+09 9.198665972811812530e-01 -3.172425746055196893e-01 -2.306568713607918819e-01 -3.642444703570689724e-01 -4.727643193908173669e-01 -8.023838636321884987e-01 1.455039839186398898e-01 8.221016041232070970e-01 -5.504339593219059745e-01 -1.200870057092771059e-01 -9.515905006912539488e-01 2.931947891528738359e-01
1.589264476041069031e+09 9.170985804814659748e-01 -3.213009290731222434e-01 -2.359998027490173012e-01 -3.757113736066730603e-01 -4.986344527260913040e-01 -7.811559682862452281e-01 1.333085058751087293e-01 8.050648395403251500e-01 -5.780133621381018383e-01 -1.333734778065197579e-01 -9.518512623683047513e-01 2.968161422856915865e-01
1.589264476041079044e+09 9.139389138044611283e-01 -3.260030539174402775e-01 -2.417388485791450992e-01 -3.874418169373791687e-01 -5.234666838431876190e-01 -7.588619570689795202e-01 1.208490820866177512e-01 7.872132113189485025e-01 -6.047237879368285718e-01 -1.465877608162457213e-01 -9.515795430080962181e-01 3.006918911273012140e-01
1.589264476041088104e+09 9.103780081116593648e-01 -3.313642261376897880e-01 -2.478096693528402394e-01 -3.994004736137700129e-01 -5.472240306991644765e-01 -7.355440995579660690e-01 1.081255952340676174e-01 7.685984713708516880e-01 -6.305277518671201786e-01 -1.597088982310102823e-01 -9.508076475286253437e-01 3.048092284059663593e-01
1.589264476041096926e+09 9.064083637060266208e-01 -3.373905262990192777e-01 -2.541486006441519563e-01 -4.115497640452044914e-01 -5.698737403759878140e-01 -7.112458873247007318e-01 9.513501059671417015e-02 7.492740173831226036e-01 -6.553913159679911615e-01 -1.727195957410301297e-01 -9.495678134675781257e-01 3.091563076274798094e-01
1.589264476041106939e+09 9.020246956577121500e-01 -3.440792447109391472e-01 -2.606931568428830226e-01 -4.238495926881964970e-01 -5.913876978070941037e-01 -6.860117449086118313e-01 8.187167719749488537e-02 7.292942235979684718e-01 -6.792841557937602248e-01 -1.856058337583810502e-01 -9.478916661587704073e-01 3.137222616256425956e-01
1.589264476041115999e+09 8.972240171438292666e-01 -3.514194853901773663e-01 -2.673825136211023246e-01 -4.362572444417804340e-01 -6.117427193537211538e-01 -6.598867042772281755e-01 6.832774004987549055e-02 7.087137581122363583e-01 -7.021795563921261474e-01 -1.983564532895339960e-01 -9.458097909136793380e-01 3.184971996346007694e-01
1.589264476041126966e+09 8.920057086986908912e-01 -3.593929098370490238e-01 -2.741578965664703826e-01 -4.487273769283500746e-01 -6.309207470786564187e-01 -6.329160707335494962e-01 5.449364343278920858e-02 6.875869018504744412e-01 -7.240543457793909843e-01 -2.109627376808449473e-01 -9.433514148665084198e-01 3.234721887812848640e-01
1.589264476041136026e+09 8.863715937734852890e-01 -3.679745657037635231e-01 -2.809628391594247709e-01 -4.612120696580803147e-01 -6.489089569274224534e-01 -6.051451007098690438e-01 4.035870273695021243e-02 6.659668797667817053e-01 -7.448887773218381136e-01 -2.234180077318564939e-01 -9.405441880180624992e-01 3.286392248108787606e-01
1.589264476041152954e+09 8.803260309550302587e-01 -3.771337583264562920e-01 -2.877433019124370217e-01 -4.736609146438593432e-01 -6.656997867153852111e-01 -5.766187062504269933e-01 2.591172510881830510e-02 6.439052124571836844e-01 -7.646663718807632515e-01 -2.357172422283544677e-01 -9.374140497762050162e-01 3.339911965354188661e-01
1.589264476041169882e+09 8.738760201060592481e-01 -3.868349423002931942e-01 -2.944476679158282706e-01 -4.860211570952855942e-01 -6.812908773545677255e-01 -5.473811978697168401e-01 1.114166409736048850e-02 6.214510987848710366e-01 -7.833737266165834434e-01 -2.478567320213445890e-01 -9.339851679041817345e-01 3.395218468251016697e-01
1.589264476041188955e+09 8.670313203113917400e-01 -3.970386097807013237e-01 -3.010266303575805935e-01 -4.982378897844497168e-01 -6.956849261858125688e-01 -5.174760759233822949e-01 -3.961707326899488457e-03 5.986508382632307335e-01 -8.010002990852892468e-01 -2.598337735080036848e-01 -9.302799390146090364e-01 3.452257307699086453e-01
1.589264476041202068e+09 8.598044733392039563e-01 -4.077022838067533850e-01 -3.074331075967555171e-01 -5.102544782789270039e-01 -7.088893208088395959e-01 -4.869458889153549519e-01 -1.940709582184038315e-02 5.755473733360408906e-01 -8.175381251603386357e-01 -2.716464047751955269e-01 -9.263190396674936267e-01 3.510981710514645693e-01
1.589264476041217089e+09 8.522106260902903019e-01 -4.187816881039352346e-01 -3.136222994775089701e-01 -5.220133520912191294e-01 -7.209154430803160762e-01 -4.558321891429821804e-01 -3.520098530926887848e-02 5.521800629950718298e-01 -8.329814338128737061e-01 -2.832931842152447421e-01 -9.221215156214923603e-01 3.571352114282648760e-01
1.589264476041249990e+09 8.442672537750371964e-01 -4.302318884717859504e-01 -3.195517588546560317e-01 -5.334569218466849172e-01 -7.317778236036868167e-01 -4.241755885335625753e-01 -5.134702610634843400e-02 5.285846567542160646e-01 -8.473262323137394914e-01 -2.947730084844732423e-01 -9.177048967290364345e-01 3.633335699415689013e-01
1.589264476041270018e+09 8.359936022880775086e-01 -4.420085519198346247e-01 -3.251816987548362126e-01 -5.445288593680994715e-01 -7.414929734817825580e-01 -3.920159334574345178e-01 -6.784554963428109098e-02 5.047936317337738954e-01 -8.605697944785098974e-01 -3.060849662143043104e-01 -9.130853281176544156e-01 3.696905923669076555e-01
1.589264476041343927e+09 8.274097349975743088e-01 -4.540693402414295865e-01 -3.304756646500666140e-01 -5.551758046667993884e-01 -7.500778478368658186e-01 -3.593926106489532257e-01 -8.469330967616231498e-02 4.808370376428676152e-01 -8.727100245441578030e-01 -3.172282245318567284e-01 -9.082777113857212203e-01 3.762042051417162636e-01
1.589264476041358948e+09 8.185352161469999777e-01 -4.663752832274264404e-01 -3.354015434724002542e-01 -5.653493046720888815e-01 -7.575481050239366576e-01 -3.263449597795419210e-01 -1.018835806087984297e-01 4.567438714434208236e-01 -8.837447438679008060e-01 -3.282019445155909820e-01 -9.032958497463919878e-01 3.828728676971464573e-01
1.589264476041369915e+09 8.093876191897849681e-01 -4.788918705531053366e-01 -3.399327263774200580e-01 -5.750075855199702213e-01 -7.639164963937633557e-01 -2.929127235612239422e-01 -1.194066952231230827e-01 4.325438280537934332e-01 -8.936710123761415492e-01 -3.390052197426138836e-01 -8.981525904852621922e-01 3.896955258664405730e-01
1.589264476041379929e+09 7.999810548680758027e-01 -4.915896905312601151e-01 -3.440492526622999647e-01 -5.841168319365929174e-01 -7.691916683334456550e-01 -2.591364592388555876e-01 -1.372510068140071759e-01 4.082692173816286907e-01 -9.024845747601832890e-01 -3.496370324518098260e-01 -8.928599603075323410e-01 3.966715677435669329e-01
1.589264476041388988e+09 7.903247592856872394e-01 -5.044446497424003306e-01 -3.477389400803914676e-01 -5.926519286807689912e-01 -7.733774263323619502e-01 -2.250578778060862706e-01 -1.554042041436705657e-01 3.839569664912649283e-01 -9.101794227679689264e-01 -3.600962228030678558e-01 -8.874292912664955013e-01 4.038007827716013076e-01
1.589264476041398048e+09 7.804216913864147065e-01 -5.174378847332031794e-01 -3.509986029863120249e-01 -6.005967481214764536e-01 -7.764723965640891734e-01 -1.907201195784284375e-01 -1.738549111690482762e-01 3.596507377274762440e-01 -9.167474118465890331e-01 -3.703814699054825410e-01 -8.818713380570116778e-01 4.110833224465055280e-01
1.589264476041420937e+09 7.702672586146875888e-01 -5.305553334882820993e-01 -3.538352563768883963e-01 -6.079438527342787557e-01 -7.784701909167373035e-01 -1.561679681264460939e-01 -1.925944511414844351e-01 3.354030415662423992e-01 -9.221779532772179655e-01 -3.804912829912611705e-01 -8.761963867600762734e-01 4.185196618081231112e-01
1.589264476041440964e+09 7.598483392340938947e-01 -5.437869299811676216e-01 -3.562671418848398774e-01 -6.146934820696388080e-01 -7.793601883554261978e-01 -1.214480152154815834e-01 -2.116185834218934636e-01 3.112771625392307118e-01 -9.264578261556062344e-01 -3.904240009145563128e-01 -8.704143548443792344e-01 4.261105614606833236e-01
1.589264476041459084e+09 7.491428477302239930e-01 -5.571253772779974911e-01 -3.583243055242636976e-01 -6.208516931844419995e-01 -7.791290609481993368e-01 -8.660878678327871283e-02 -2.309289266275535712e-01 2.873486048486754707e-01 -9.295711971393589845e-01 -4.001777993635194375e-01 -8.645348829199905882e-01 4.338570291499251885e-01
1.589264476041476965e+09 7.381196439818260568e-01 -5.705647340509671928e-01 -3.600489906491033398e-01 -6.264280663707444408e-01 -7.777627482482341037e-01 -5.170092448348754394e-02 -2.505339682025511383e-01 2.637062608730940672e-01 -9.314997258002548630e-01 -4.097507057752683979e-01 -8.585674187117831035e-01 4.417602797285669070e-01
1.589264476041549921e+09 7.267389040039035075e-01 -5.840988122544539252e-01 -3.614957028404183759e-01 -6.314330171629377597e-01 -7.752489036446278403e-01 -1.677744695699635857e-02 -2.704494604160525006e-01 2.404531456414668311e-01 -9.322228137761513489e-01 -4.191406225877792324e-01 -8.525212935756235622e-01 4.498216920766090476e-01
1.589264476041568041e+09 7.149530779821554605e-01 -5.977194045084550655e-01 -3.627307679255326600e-01 -6.358748100384751245e-01 -7.715798094647303706e-01 1.810591276314767878e-02 -2.906979921524066590e-01 2.177064799852790888e-01 -9.317180723501685691e-01 -4.283453597336528973e-01 -8.464057914398127602e-01 4.580427615724471102e-01
1.589264476041585922e+09 7.027085626976141697e-01 -6.114143956532190893e-01 -3.638311599374206562e-01 -6.397564335481576991e-01 -7.667557093711416805e-01 5.289034290475201627e-02 -3.113075361241743888e-01 1.955968283504541105e-01 -9.299620955202820838e-01 -4.373626767324705900e-01 -8.402302093376666781e-01 4.664250474060130380e-01
1.589264476041608095e+09 6.899480384619498530e-01 -6.251659136885376888e-01 -3.648825630616381877e-01 -6.430726827119660483e-01 -7.607883342674722771e-01 8.751363141958516667e-02 -3.323089366509719977e-01 1.742661502677313179e-01 -9.269315400317869047e-01 -4.461903337721976892e-01 -8.340039081450463243e-01 4.749701150242835457e-01
1.589264476041625023e+09 6.766134254367431877e-01 -6.389486849864471907e-01 -3.659765712648743174e-01 -6.458077660541314824e-01 -7.537043696397262016e-01 1.219100200239432025e-01 -3.537323878758369955e-01 1.538645555777650997e-01 -9.226045180452189243e-01 -4.548261504899045460e-01 -8.277363520352679638e-01 4.836794747012057027e-01
1.589264476041637897e+09 6.626490862219637235e-01 -6.527288372603379241e-01 -3.672073716306779589e-01 -6.479339041275293809e-01 -7.455484132604940362e-01 1.560103197192427849e-01 -3.756033077917856344e-01 1.345460100293314754e-01 -9.169621185054438461e-01 -4.632680698700059607e-01 -8.214371352163947204e-01 4.925545183969674556e-01
1.589264476041647911e+09 6.480050192850738133e-01 -6.664633000917014050e-01 -3.686680957910201673e-01 -6.494111320075884874e-01 -7.363850938403965207e-01 1.897423929604979687e-01 -3.979380316359803493e-01 1.164631423233361412e-01 -9.099899229501342557e-01 -4.715142239572711058e-01 -8.151159950903639206e-01 5.015964576927758323e-01
1.589264476041657925e+09 6.326396539342057368e-01 -6.800999046201090525e-01 -3.704472813338952619e-01 -6.501884264778740041e-01 -7.263000306828981678e-01 2.230320066634619014e-01 -4.207399181965543189e-01 9.976164334443266002e-02 -9.016792867567217096e-01 -4.795629975523176269e-01 -8.087828117955485618e-01 5.108062659927778970e-01
1.589264476041666985e+09 6.165219767833222120e-01 -6.935781620433482120e-01 -3.726257982503397015e-01 -6.502060260294301175e-01 -7.153994993309341632e-01 2.558039885618431097e-01 -4.439963696714805397e-01 8.457475869435898685e-02 -8.920282138605662992e-01 -4.874130853418440212e-01 -8.024475950877911767e-01 5.201846286918427875e-01
1.589264476041676998e+09 5.996328868128125711e-01 -7.068306106494983698e-01 -3.752744184504679392e-01 -6.493986197060476195e-01 -7.038088475656074650e-01 2.879835747127502676e-01 -4.676770618739751750e-01 7.101826701039977430e-02 -8.810417538123268555e-01 -4.950635392755592390e-01 -7.961204606656514526e-01 5.297319037253215290e-01
1.589264476041692972e+09 5.819657439890939532e-01 -7.197845627828306503e-01 -3.784521848856163828e-01 -6.476990121813128720e-01 -6.916698346293247424e-01 3.194977777313584566e-01 -4.917335283185212957e-01 5.918634430729245721e-02 -8.687319000634728949e-01 -5.025138034187822678e-01 -7.898115988038283408e-01 5.394480944478788897e-01
1.589264476041709900e+09 5.635260611686255805e-01 -7.323639912661722429e-01 -3.822059169118182664e-01 -6.450418619722811941e-01 -6.791372262470939392e-01 3.502764975284790583e-01 -5.161001599693439967e-01 4.914888125047417455e-02 -8.551169585292877073e-01 -5.097637349075532232e-01 -7.835312386588344502e-01 5.493328355071888103e-01
1.589264476041728973e+09 5.443306608049083284e-01 -7.444913628813417672e-01 -3.865704884554968523e-01 -6.413670714245369719e-01 -6.663750478213891215e-01 3.802533048185599007e-01 -5.406962287980521253e-01 4.095004931717999286e-02 -8.402206150990466638e-01 -5.168136117960925313e-01 -7.772896115037563058e-01 5.593853905190032672e-01
1.589264476041759014e+09 5.244065353687593634e-01 -7.560893000248063434e-01 -3.915696059354962233e-01 -6.366225887595622357e-01 -6.535528002674776404e-01 4.093658720945049234e-01 -5.654285680641342182e-01 3.460791745056374102e-02 -8.240708870477181369e-01 -5.236641300329262227e-01 -7.710969154901130551e-01 5.696046591778328727e-01
1.589264476041790009e+09 5.037895476321669896e-01 -7.670819644744137911e-01 -3.972170083425405340e-01 -6.307665095234503694e-01 -6.408419028984552179e-01 4.375560152085359866e-01 -5.901946311196718531e-01 3.011503883446593061e-02 -8.066990654800886285e-01 -5.303163923178038086e-01 -7.649632836776828482e-01 5.799891910996112232e-01
1.589264476041861057e+09 4.825231547720796876e-01 -7.773961643983343661e-01 -4.035177925810768396e-01 -6.237684656983455422e-01 -6.284124991250622516e-01 4.647694402989596130e-01 -6.148856046079684834e-01 2.743965771073439419e-02 -7.881387941495749949e-01 -5.367718909276357753e-01 -7.588987564773805872e-01 5.905372043479293342e-01
1.589264476041887999e+09 4.606572367867564632e-01 -7.869621996677519382e-01 -4.104697391185264110e-01 -6.156103661859851917e-01 -6.164306915709808488e-01 4.909552729381383984e-01 -6.393893865930080356e-01 2.652732691496354628e-02 -7.684253468307111756e-01 -5.430324861272166626e-01 -7.529132592457805639e-01 6.012466070665062334e-01
1.589264476041909933e+09 4.382470592231825224e-01 -7.957144410071030904e-01 -4.180646405724040005e-01 -6.062865746119995292e-01 -6.050562652094242377e-01 5.160654085173249639e-01 -6.635933280083129437e-01 2.730283117510971108e-02 -7.475951115715044892e-01 -5.491003823156940244e-01 -7.470165850850316591e-01 6.121150202735337054e-01
1.589264476041930914e+09 4.153524099104650147e-01 -8.035916849264478357e-01 -4.262895491805881454e-01 -5.958036334073520957e-01 -5.944408826573356341e-01 5.400537639311918658e-01 -6.873866498935095048e-01 2.967222988076624254e-02 -7.256852986901526359e-01 -5.549781033094260962e-01 -7.412183826707633427e-01 6.231398005721865418e-01
