1.592833324638389111e+09 1.890357836000655656e-02 -9.491900905079208028e-01 -3.141350456601941787e-01 -6.720043194632141503e-01 2.205770214262460782e-01 -7.069342065195876046e-01 7.403059160881013678e-01 2.244636937321302927e-01 -6.336901457365051726e-01 3.797097772593480691e-01 -3.890533162123682720e-01 7.403953389166594290e-01
1.592833324638461113e+09 2.835576594972875203e-02 -9.458710545596819008e-01 -3.233015601396666550e-01 -6.564528432417437998e-01 2.262909844298486850e-01 -7.196263301683584190e-01 7.538339440368099220e-01 2.326377841522146717e-01 -6.145030888491395116e-01 3.709920301681692845e-01 -3.917665970789213636e-01 7.401443008446616512e-01
1.592833324638494015e+09 3.791723869798192120e-02 -9.425793535480273544e-01 -3.318229126804103091e-01 -6.404506851772319154e-01 2.319727827016303257e-01 -7.321280953819959691e-01 7.670627111965440115e-01 2.402764875174860648e-01 -5.948798253770081201e-01 3.623358578244103567e-01 -3.944829944013649170e-01 7.390879422583713776e-01
1.592833324638518095e+09 4.759265958459691498e-02 -9.392672429673049050e-01 -3.398705417471736268e-01 -6.240738657953526225e-01 2.377109288380330199e-01 -7.443287744325230992e-01 7.799145779028644476e-01 2.475289088216585665e-01 -5.748588439562621888e-01 3.538068947009970766e-01 -3.971827305439822320e-01 7.372461387067424932e-01
1.592833324638541937e+09 5.741927789847212776e-02 -9.358801956171552971e-01 -3.476079488194933065e-01 -6.074067051498025505e-01 2.435768565742339742e-01 -7.561265830444938718e-01 7.923131458603162036e-01 2.545556412567950288e-01 -5.544738987580187795e-01 3.454615591806435293e-01 -3.998622984734789831e-01 7.346772248722464038e-01
1.592833324638565063e+09 6.746279623918230439e-02 -9.323596789816263053e-01 -3.551819255510147433e-01 -5.905421525804906979e-01 2.496221495132597001e-01 -7.674299633218321093e-01 8.041820298822791591e-01 2.615228700974658871e-01 -5.337574835382972172e-01 3.373366549672528469e-01 -4.025323925784113910e-01 7.314708941781263851e-01
1.592833324638586998e+09 7.781104604315781936e-02 -9.286457531958327571e-01 -3.627154618846813450e-01 -5.735818454060853666e-01 2.558770649884965498e-01 -7.781585920233813347e-01 8.154442395214949180e-01 2.685963379986097688e-01 -5.127442827061612363e-01 3.294424603659981132e-01 -4.052120089418075888e-01 7.277392222649100573e-01
1.592833324638608932e+09 8.856614188655592690e-02 -9.246793206467505133e-01 -3.703028390180030938e-01 -5.566357592521284925e-01 2.623503897146062802e-01 -7.882441909999776675e-01 8.260221970783642176e-01 2.759355487911334115e-01 -4.914742138204774569e-01 3.217603616816347989e-01 -4.079203436985223696e-01 7.236071150333753810e-01
1.592833324638633966e+09 9.983589782316641681e-02 -9.204039230820099116e-01 -3.780071586443818910e-01 -5.398213418702944022e-01 2.690305213230901327e-01 -7.976311789075553049e-01 8.358383291038097296e-01 2.836885564727240627e-01 -4.699947771319681888e-01 3.142451068128351843e-01 -4.106683583138163174e-01 7.192033226389525913e-01
1.592833324638695002e+09 1.117252742756171535e-01 -9.157670610992537652e-01 -3.858602765240261023e-01 -5.232620600373720787e-01 2.758875539156270262e-01 -8.062771696062273064e-01 8.448161217948348956e-01 2.919875810745664602e-01 -4.483625462263554073e-01 3.068309117130477714e-01 -4.134516879538703282e-01 7.146528485253140772e-01
1.592833324638808966e+09 1.243285185369306378e-01 -9.107210753853509644e-01 -3.938648783947180654e-01 -5.070853424610822779e-01 2.828760887976732863e-01 -8.141532865228692240e-01 8.528815128544757762e-01 3.009455786961669488e-01 -4.266437433024329318e-01 2.994401010103859839e-01 -4.162460729149821681e-01 7.100712159156657988e-01
1.592833324638844013e+09 1.371629943017677045e-01 -9.054862645576113866e-01 -4.015979803201217835e-01 -4.908581945125294332e-01 2.900168103427739896e-01 -8.215524832333200855e-01 8.603746543814368986e-01 3.098142580918204492e-01 -4.046857788282907098e-01 2.922348129923106885e-01 -4.191376025772063363e-01 7.052600925216452321e-01
1.592833324638864040e+09 1.502284364791184046e-01 -9.000617138590752964e-01 -4.090480756874768642e-01 -4.745970015325916558e-01 2.972996995520529318e-01 -8.284748486772930409e-01 8.672883621009849220e-01 3.185934713577421307e-01 -3.825037215207673369e-01 2.852222866288011138e-01 -4.221252821731049654e-01 7.002279685012207100e-01
1.592833324638883114e+09 1.635223147676995448e-01 -8.944474748329694913e-01 -4.162020752512677335e-01 -4.583162932777153364e-01 3.047148231805792973e-01 -8.349221831754950474e-01 8.736169800973250243e-01 3.272806004011983849e-01 -3.601121779272166701e-01 2.784093619958650789e-01 -4.252083887192895650e-01 6.949836821346537796e-01
1.592833324638926983e+09 1.770396524526537119e-01 -8.886445794460554604e-01 -4.230458284702863780e-01 -4.420286663634837576e-01 3.122526859334939786e-01 -8.408976860168958511e-01 8.793563666661688982e-01 3.358706174228844321e-01 -3.375252712915983722e-01 2.718024419637573019e-01 -4.283864716345626711e-01 6.895364420814822370e-01
1.592833324638950109e+09 1.907728065728315769e-01 -8.826550763333640415e-01 -4.295646081799482374e-01 -4.257446581576108113e-01 3.199045915405102081e-01 -8.464056583399532929e-01 8.845039413962074715e-01 3.443560201787546626e-01 -3.147565869462400356e-01 2.654074464557029112e-01 -4.316593501991062842e-01 6.838958458472407242e-01
1.592833324638964891e+09 2.047112415764153481e-01 -8.764820699583741881e-01 -4.357436043354513955e-01 -4.094726127713979591e-01 3.276630204011611869e-01 -8.514511874206790454e-01 8.890587646405772038e-01 3.527267018552908140e-01 -2.918190994758261825e-01 2.592297591774682108e-01 -4.350271071549948743e-01 6.780718935378086121e-01
1.592833324638978004e+09 2.188413570810021358e-01 -8.701297378337402577e-01 -4.415684543463857525e-01 -3.932185980341749154e-01 3.355220051152620342e-01 -8.560397878322031362e-01 8.930216092636775738e-01 3.609698374088654016e-01 -2.687251046589274606e-01 2.532741677089686005e-01 -4.384900780782074459e-01 6.720749951586830750e-01
1.592833324638988972e+09 2.331464485255412555e-01 -8.636033000977654250e-01 -4.470258087691365012e-01 -3.769864407519782912e-01 3.434774579800275451e-01 -8.601769930991325364e-01 8.963949782596816185e-01 3.690698795858388115e-01 -2.454861848213503173e-01 2.475447981272348164e-01 -4.420488361215278439e-01 6.659159698373087188e-01
1.592833324638998985e+09 2.476068702135151844e-01 -8.569089241652753097e-01 -4.521038969247028749e-01 -3.607779328719219469e-01 3.515273891788221472e-01 -8.638679169399192670e-01 8.991830297526282045e-01 3.770087405355748711e-01 -2.221132336658183104e-01 2.420450449774134982e-01 -4.457041714711154623e-01 6.596060358996609363e-01
1.592833324639008999e+09 2.622004782421102909e-01 -8.500535497821946063e-01 -4.567930295197410451e-01 -3.445932581047405630e-01 3.596719336689573887e-01 -8.671168241407406496e-01 9.013913665534812880e-01 3.847662442707521224e-01 -1.986165692419696593e-01 2.367774979938838398e-01 -4.494570650369330567e-01 6.531567905031515631e-01
1.592833324639018059e+09 2.769034690214705052e-01 -8.430446154060623476e-01 -4.610859414298428272e-01 -3.284317018846551472e-01 3.679130650610695774e-01 -8.699267750005454936e-01 9.030266253324503722e-01 3.923209822179004602e-01 -1.750061737685018048e-01 2.317438682183041443e-01 -4.533086563498111565e-01 6.465801771523883579e-01
1.592833324639028072e+09 2.916915913006264960e-01 -8.358897110726981605e-01 -4.649778560241702996e-01 -3.122925896007949231e-01 3.762539432160200148e-01 -8.722994375804430378e-01 9.040958765876756509e-01 3.996515497691844887e-01 -1.512920510439144106e-01 2.269449170186868814e-01 -4.572602059687798648e-01 6.398884396712095635e-01
1.592833324639038086e+09 3.065416073263798613e-01 -8.285962080694606602e-01 -4.684661856059573193e-01 -2.961763194850970948e-01 3.846979233331792591e-01 -8.742351489546349441e-01 9.046058980415934148e-01 4.067380383628724227e-01 -1.274846554762885664e-01 2.223803907544025238e-01 -4.613130524523011977e-01 6.330940623716950766e-01
1.592833324639046907e+09 3.214328616443787312e-01 -8.211709142620077229e-01 -4.715498331361476225e-01 -2.800853502344185508e-01 3.932472962995560151e-01 -8.757332702629746501e-01 9.045623870450322235e-01 4.135636512290876143e-01 -1.035953393270267336e-01 2.180489628319783324e-01 -4.654685636740803489e-01 6.262096970296333609e-01
1.592833324639056921e+09 3.363488508635651963e-01 -8.136197908858885386e-01 -4.742280954425694972e-01 -2.640250394733604233e-01 4.019018307068989437e-01 -8.767928473213416618e-01 9.039691527210508282e-01 4.201163582241486116e-01 -7.963677847632542883e-02 2.139481859619904447e-01 -4.697280829100528021e-01 6.192480770697832426e-01
1.592833324639066935e+09 3.512786792719040929e-01 -8.059477651894518813e-01 -4.764992018677884911e-01 -2.480042437136600608e-01 4.106572061769842019e-01 -8.774135594024412566e-01 9.028273282341420236e-01 4.263905004744538152e-01 -5.562334495127588263e-02 2.100744574819079502e-01 -4.740928703968412261e-01 6.122219198425253861e-01
1.592833324639075994e+09 3.662182656395499003e-01 -7.981586732307972554e-01 -4.783585625489920612e-01 -2.320356085023798365e-01 4.195034499570391429e-01 -8.775969074520512114e-01 9.011346504914927724e-01 4.323882374833497022e-01 -3.157140754607697108e-02 2.064230003229899357e-01 -4.785640412473299854e-01 6.051438184469088988e-01
1.592833324639085054e+09 3.811711835745706933e-01 -7.902553590778905734e-01 -4.797968282164435938e-01 -2.161355236478278707e-01 4.284234766759905111e-01 -8.773475708968868636e-01 8.988848448203020647e-01 4.381207506777711203e-01 -7.499572171177283642e-03 2.029878622851924719e-01 -4.831425010231964468e-01 5.980261249815885805e-01
1.592833324639095068e+09 3.961490808936595776e-01 -7.822399427011772488e-01 -4.807978555021767963e-01 -2.003237855377433541e-01 4.373917689212956095e-01 -8.766748664904565613e-01 8.960671217453896054e-01 4.436091890563724216e-01 1.657108072829481180e-02 1.997619368833461750e-01 -4.878288810251134033e-01 5.908808275557658751e-01
1.592833324639103889e+09 4.111716050172610215e-01 -7.741142690625000267e-01 -4.813366906510299637e-01 -1.846230226172356215e-01 4.463732342109019702e-01 -8.755942413059297769e-01 8.926658113570813402e-01 4.488853242265822829e-01 4.061668293968397070e-02 1.967370090898292734e-01 -4.926234760269566637e-01 5.837194241921571658e-01
1.592833324639113903e+09 4.262657817357869972e-01 -7.658805431340427461e-01 -4.813776865159066776e-01 -1.690579677000641490e-01 4.553222413421005865e-01 -8.741287434952941249e-01 8.886601638970132999e-01 4.539919055220794086e-01 6.461008301950668664e-02 1.939038283599693602e-01 -4.975261874822082819e-01 5.765527977290039185e-01
1.592833324639123917e+09 4.414648148496803093e-01 -7.575421474037722369e-01 -4.808728649675954592e-01 -1.536546760610637830e-01 4.641818078367267453e-01 -8.723104320746882800e-01 8.840243536205093511e-01 4.589827276396755695e-01 8.852004258418995353e-02 1.912522093782674792e-01 -5.025364750236275269e-01 5.693910966006463514e-01
1.592833324639132977e+09 4.568062634358739382e-01 -7.491046312723914635e-01 -4.797606582427678679e-01 -1.384397785957689753e-01 4.728829165221326014e-01 -8.701816908394520711e-01 8.787277538628041063e-01 4.639224059674296741e-01 1.123099988311162534e-01 1.887711596039435002e-01 -5.076533191053610450e-01 5.622436266857634424e-01
1.592833324639142990e+09 4.723295630383577692e-01 -7.405768490110786750e-01 -4.779651814665379916e-01 -1.234398495781273419e-01 4.813439415976597524e-01 -8.677964124906772936e-01 8.727355770436499016e-01 4.688858503798760680e-01 1.359362787509307835e-01 1.864490325327538001e-01 -5.128751983616144372e-01 5.551187596398590163e-01
1.592833324639152050e+09 4.880729074340773299e-01 -7.319722085323744354e-01 -4.753961748590427860e-01 -1.086809646859159401e-01 4.894701340836277170e-01 -8.652210329525201749e-01 8.660099797152637224e-01 4.739574599754315387e-01 1.593456656832209217e-01 1.842737047809413498e-01 -5.182000857246654713e-01 5.480238634978197299e-01
1.592833324639161110e+09 5.040694464345125692e-01 -7.233099757827615717e-01 -4.719498619661517402e-01 -9.418846789521954921e-02 4.971532411900839721e-01 -8.625353253044638624e-01 8.585118087193611691e-01 4.792299383352833786e-01 1.824723006305187523e-01 1.822327729011311293e-01 -5.236254669096339631e-01 5.409652613994628823e-01
1.592833324639174938e+09 5.203427746901047035e-01 -7.146165407515848722e-01 -4.675110657701762040e-01 -7.998692853160135896e-02 5.042714461248892777e-01 -8.598327744367070258e-01 8.502032040148045366e-01 4.848025457816377282e-01 2.052340212816254894e-01 1.803137635120716509e-01 -5.291483840467260391e-01 5.339482237920009089e-01
1.592833324639184952e+09 5.369018842206186859e-01 -7.059265178449269929e-01 -4.619568358940149833e-01 -6.610027996111222937e-02 5.106897498185980488e-01 -8.572203523759873711e-01 8.410511992358292721e-01 4.907786985210503827e-01 2.275283484464746819e-01 1.785043482593045849e-01 -5.347655061397820209e-01 5.269769984077780078e-01
1.592833324639194965e+09 5.537358981724572748e-01 -6.972835383510163076e-01 -4.551617540230650794e-01 -5.255211235427059702e-02 5.162609149988446333e-01 -8.548174911874413251e-01 8.310323884124229954e-01 4.972628428478303442e-01 2.492284785839307126e-01 1.767925540220151581e-01 -5.404732271573997604e-01 5.200548810440686065e-01
1.592833324639204979e+09 5.708090552922475691e-01 -6.887406091360760430e-01 -4.470049170073669975e-01 -3.936608980854993528e-02 5.208270497579233771e-01 -8.527540649694812513e-01 8.201386062120821219e-01 5.043565778836656133e-01 2.701797715425867108e-01 1.751669577017931356e-01 -5.462677911972890765e-01 5.131843285398000054e-01
1.592833324639214993e+09 5.880565110721116540e-01 -6.803599681984823233e-01 -4.373783871708566973e-01 -2.656647902792085014e-02 5.242218536482784463e-01 -8.511672400051315535e-01 8.083834251204999877e-01 5.121540411994965902e-01 2.901973054290760690e-01 1.736168543172085243e-01 -5.521454425180030157e-01 5.063671134213155733e-01
1.592833324639225006e+09 6.053814745666478148e-01 -6.722124018100014142e-01 -4.261968526512890376e-01 -1.417876153147464013e-02 5.262737237934348444e-01 -8.501969950984044067e-01 7.958091687123954872e-01 5.207364540562128274e-01 3.090652235614206877e-01 1.721323870861918293e-01 -5.581025963096766240e-01 4.996045175244168690e-01
1.592833324639234066e+09 6.226542373839680788e-01 -6.643760729071277460e-01 -4.134079516915659114e-01 -2.230353607844182129e-03 5.268098406161476621e-01 -8.499802453357986343e-01 7.824939144980066486e-01 5.301658473187177423e-01 3.265385859515466116e-01 1.707046293298880579e-01 -5.641360245917621530e-01 4.928975600564963200e-01
1.592833324639244080e+09 6.397135467776216000e-01 -6.569349229023686565e-01 -3.990026130816425876e-01 9.248570801759874865e-03 5.256615429958623187e-01 -8.506435247867731864e-01 7.685577675395051100e-01 5.404779823176013576e-01 3.423485191868224642e-01 1.693256094761208252e-01 -5.702430497896189276e-01 4.862472536727422412e-01
1.592833324639252901e+09 6.563707190448806461e-01 -6.499767242040563886e-01 -3.830244604186458512e-01 2.022419281236567667e-02 5.226712774150865659e-01 -8.522943845284336462e-01 7.541673960373612706e-01 5.516747174202589754e-01 3.562113767390465147e-01 1.679882725081194017e-01 -5.764217366455064440e-01 4.796548803449536824e-01
1.592833324639261961e+09 6.724167338881216205e-01 -6.435909029113670021e-01 -3.655769218406529353e-01 3.065818551419371985e-02 5.177011471275909660e-01 -8.550120455479474080e-01 7.395375661118165356e-01 5.637164819603086574e-01 3.678422437411550949e-01 1.666863739903817754e-01 -5.826710713684436493e-01 4.731222772426565970e-01
1.592833324639271975e+09 6.876322246600609089e-01 -6.378662119132513242e-01 -3.468264975661735638e-01 4.050710609543309998e-02 5.106428690468526321e-01 -8.588381889248427603e-01 7.249283399132495642e-01 5.765158766858419215e-01 3.769726063318113995e-01 1.654143064826510412e-01 -5.889911159802777574e-01 4.666521220758896304e-01
1.592833324639281034e+09 7.017998300549804780e-01 -6.328883127088738014e-01 -3.270005845206388484e-01 4.972239994106224942e-02 5.014284405282039003e-01 -8.637691833365473970e-01 7.106368140798415833e-01 5.899338121724145845e-01 3.833711201107858901e-01 1.641668620470347340e-01 -5.953831250928095509e-01 4.602482069134987142e-01
1.592833324639291048e+09 7.147177864517717527e-01 -6.287373229059552981e-01 -3.063786295093970380e-01 5.825142869485022690e-02 4.900401859871157950e-01 -8.697513364640798716e-01 6.969829673909605505e-01 6.037797570136724801e-01 3.868652842944497738e-01 1.629389385682335212e-01 -6.018496117153675495e-01 4.539156890720609239e-01
1.592833324639301062e+09 7.262130856672972534e-01 -6.254853744898551948e-01 -2.852763583096095124e-01 6.603987214703710418e-02 4.765183880805035632e-01 -8.766806495048768966e-01 6.842903547053824642e-01 6.178173453339738108e-01 3.873608631063376051e-01 1.617252021248753446e-01 -6.083943497294098668e-01 4.476613085515654400e-01
1.592833324639309883e+09 7.361523545686549097e-01 -6.231941139676683283e-01 -2.640242551066143695e-01 7.303570403122632004e-02 4.609647714831596188e-01 -8.844078615076149674e-01 6.728636539832810737e-01 6.317757322348837024e-01 3.848557227223825539e-01 1.605197217115214570e-01 -6.150223023937468891e-01 4.414935627742362922e-01
1.592833324639318943e+09 7.444489492519072993e-01 -6.219120206943740126e-01 -2.429427928115919233e-01 7.919461620060772034e-02 4.435405201362113692e-01 -8.927485759554414368e-01 6.629660434562204552e-01 6.453659780193357065e-01 3.794453579159647316e-01 1.593155960378269120e-01 -6.217394689705918465e-01 4.354228311822294084e-01
1.592833324639328003e+09 7.510654361971526027e-01 -6.216715461276981491e-01 -2.223177891908394432e-01 8.448626464403111158e-02 4.244582072795825556e-01 -9.014972553856349657e-01 6.547998027573277424e-01 6.583006297112895533e-01 3.713185953268536288e-01 1.581045945587382373e-01 -6.285526454500089955e-01 4.294614446657242235e-01
1.592833324639337063e+09 7.560114919250041643e-01 -6.224862848766250512e-01 -2.023794686309628998e-01 8.890024378253119641e-02 4.039680745970449238e-01 -9.104430468019918399e-01 6.484931540025377084e-01 6.703138219635519368e-01 3.607436892050638333e-01 1.568768358395686013e-01 -6.354691003925644344e-01 4.236236979192308794e-01
1.592833324639345884e+09 7.593381944728172517e-01 -6.243484386575941514e-01 -1.832881165436279214e-01 9.245057306248612161e-02 3.823403396158076006e-01 -9.193849881041227246e-01 6.440950225014993036e-01 6.811790454171331444e-01 3.480469940657718864e-01 1.556205255558651412e-01 -6.424961719194069998e-01 4.179258055239090108e-01
1.592833324639355898e+09 7.611302570228989373e-01 -6.272268612965913315e-01 -1.651278184250200565e-01 9.517765418988237414e-02 3.598459697237496591e-01 -9.281444350556740108e-01 6.415777007062682946e-01 6.907223339428298914e-01 3.335876366921455838e-01 1.543217742674107273e-01 -6.496407961203628512e-01 4.123858039319689417e-01
1.592833324639364958e+09 7.614978139127587253e-01 -6.310659509414053847e-01 -1.479082319346474439e-01 9.714708621979734060e-02 3.367384989292854791e-01 -9.365733431430693923e-01 6.408459433448691067e-01 6.988296995448919358e-01 3.177318491074572204e-01 1.529645119162160727e-01 -6.569089812911145243e-01 4.070234023473785490e-01
1.592833324639374971e+09 7.605690015020585282e-01 -6.357855826758267437e-01 -1.315731238560724770e-01 9.844528464722461514e-02 3.132390606292638213e-01 -9.445580008316873943e-01 6.417502005774972096e-01 7.054487818555531531e-01 3.008300122030401758e-01 1.515305118982799570e-01 -6.643052463242333783e-01 4.018597858793372946e-01
1.592833324639384985e+09 7.584840639630771042e-01 -6.412821133209511970e-01 -1.160136886500626463e-01 9.917242083614376258e-02 2.895260767086966780e-01 -9.520186353005383184e-01 6.441015104124616641e-01 7.105856050493881693e-01 2.831984148716290006e-01 1.499995328496694647e-01 -6.718320448427679281e-01 3.969173740455667621e-01
1.592833324639394999e+09 7.553911470225322944e-01 -6.474304068907714704e-01 -1.010845356063799910e-01 9.943357561076966722e-02 2.657301756298777184e-01 -9.589058545599261629e-01 6.476860189141229185e-01 7.142977964795714785e-01 2.651065424549650662e-01 1.483495806035410036e-01 -6.794891999586194498e-01 3.922195383058160734e-01
1.592833324639404058e+09 7.514434174854437432e-01 -6.540868960182313341e-01 -8.662056846128877996e-02 9.932915082680365826e-02 2.419341911978963311e-01 -9.651950927319183915e-01 6.522779393546848103e-01 7.166855514442371788e-01 2.467697513616670113e-01 1.465572868231419523e-01 -6.872733763362495196e-01 3.877902823133270171e-01
1.592833324639413118e+09 7.467969577343225307e-01 -6.610936523407161536e-01 -7.245334263577679623e-02 9.894565451463020744e-02 2.181776007289621400e-01 -9.708801636150342640e-01 6.576504097358094603e-01 7.178814090343018650e-01 2.283467125711916013e-01 1.445983949863210161e-01 -6.951776167054247724e-01 3.836538884154752083e-01
1.592833324639421940e+09 7.416088719752478298e-01 -6.682834017032547314e-01 -5.842581724761039541e-02 9.834790615293818872e-02 1.944644141894592559e-01 -9.759668442511835185e-01 6.635841848751170557e-01 7.180396135896418564e-01 2.099408080971573720e-01 1.424483403731771070e-01 -7.031909684283158546e-01 3.798345315526054922e-01
1.592833324639431000e+09 7.360351368090078950e-01 -6.754853821123771862e-01 -4.440468489433785360e-02 9.757352462991723818e-02 1.707733158644631766e-01 -9.804671753752299823e-01 6.698743798104382918e-01 7.173255698797679214e-01 1.916046504526179584e-01 1.400829063687579479e-01 -7.112982248330621537e-01 3.763558618242983655e-01
1.592833324639441013e+09 7.302278923099716490e-01 -6.825318762085830215e-01 -3.028965759549820738e-02 9.663029855038672566e-02 1.470687712353871690e-01 -9.843949217858183331e-01 6.763355755438921202e-01 7.159057302109528287e-01 1.733469777921078647e-01 1.374789351887890088e-01 -7.194798044295148687e-01 3.732405581599625988e-01
1.592833324639451027e+09 7.243320661220581380e-01 -6.892651463045166293e-01 -1.601924413598154046e-02 9.549672382676747950e-02 1.233118297721500917e-01 -9.877624048752459140e-01 6.828055607392879978e-01 7.139381981591211845e-01 1.551412757380730145e-01 1.346150668753530177e-01 -7.277117885661568142e-01 3.705098580706720490e-01
1.592833324639460087e+09 7.184814948041181593e-01 -6.955442964476050705e-01 -1.572707464952940309e-03 9.412562307538316353e-02 9.946945041921120834e-02 -9.905787175294559210e-01 6.891478134294637403e-01 7.115644455532148527e-01 1.369354996878380804e-01 1.314724757264622568e-01 -7.359661340570581300e-01 3.681830729692681103e-01
1.592833324639472961e+09 7.127949752221530710e-01 -7.012513776233916252e-01 1.303183735587761134e-02 9.245032720215616562e-02 7.552139160314752520e-02 -9.928491610103061804e-01 6.952526593601074945e-01 7.089026906811072282e-01 1.186621877541776393e-01 1.280355672392381738e-01 -7.442110706807645304e-01 3.662771066416558585e-01
1.592833324639482021e+09 7.073727663423095002e-01 -7.062960473388216753e-01 2.774280188282782916e-02 9.039252816244011668e-02 5.146411174631535662e-02 -9.945756060566214307e-01 7.010370606022502393e-01 7.060434397254745642e-01 1.002481964306596030e-01 1.242925960860275097e-01 -7.524116827426055032e-01 3.648059994810295970e-01
1.592833324639491081e+09 7.022940679715502510e-01 -7.106181977302804542e-01 4.248316433675626558e-02 8.787068023858519983e-02 2.731161664567795938e-02 -9.957574098438526367e-01 7.064430519821208732e-01 7.030475465534350432e-01 8.162329077049693127e-02 1.202361658814648931e-01 -7.605306607320065915e-01 3.637805249938166341e-01
1.592833324639501095e+09 6.976158904566192032e-01 -7.141882133630149676e-01 5.715999808683699945e-02 8.480779165461840852e-02 3.093677713316100170e-03 -9.963925269396610718e-01 7.114349639312032014e-01 6.999468730667857130e-01 6.272692392473552814e-02 1.158635747961646728e-01 -7.685291942418609468e-01 3.632078676674288520e-01
1.592833324639509916e+09 6.933735052513438912e-01 -7.170048810794742433e-01 7.167414337958939730e-02 8.113763286535830010e-02 -2.114777787525090602e-02 -9.964785276824963400e-01 7.159957170224601208e-01 6.967472799114164950e-01 4.351276992284530687e-02 1.111769800613455900e-01 -7.763679629327392417e-01 3.630914085602616748e-01
1.592833324639520884e+09 6.895823698748532182e-01 -7.190913714201803142e-01 8.592877755647332361e-02 7.680877312923128919e-02 -4.536312815965694301e-02 -9.960133528634458333e-01 7.201226059315066763e-01 6.934333322085274309e-01 2.395091258004428125e-02 1.061833686364937746e-01 -7.840081721500216094e-01 3.634306364705371939e-01
1.592833324639532089e+09 6.862412391390654287e-01 -7.204899382369021055e-01 9.983591893596938105e-02 7.178621881096064472e-02 -6.949944724574975974e-02 -9.949957616641844638e-01 7.238229759675817165e-01 6.899739674781484311e-01 4.027861556653116598e-03 1.008943374057185427e-01 -7.914125762043611179e-01 3.642211911881400588e-01
1.592833324639540911e+09 6.833358855578580693e-01 -7.212562219596903024e-01 1.133204743142922355e-01 6.605098823840374611e-02 -9.350413540319443828e-02 -9.934255099017549329e-01 7.271102629628776182e-01 6.863282297945929589e-01 -1.625504493682973506e-02 9.532570030836701180e-02 -7.985464347481799896e-01 3.654550350504353617e-01
1.592833324639550924e+09 6.808429082132047006e-01 -7.214538875167887388e-01 1.263219008257188969e-01 5.959815901229290058e-02 -1.173274424968311636e-01 -9.913033495292088437e-01 7.300006806997076936e-01 6.824504080814681739e-01 -3.688423365374512292e-02 8.949695040968326520e-02 -8.053783543881586349e-01 3.671207409588638781e-01
1.592833324639559984e+09 6.787331676868265662e-01 -7.211501378841196352e-01 1.387939689505479635e-01 5.243408595952728235e-02 -1.409238565504850327e-01 -9.886309389215258703e-01 7.325107192081906637e-01 6.782941436807727875e-01 -5.783684723676843498e-02 8.343061199820332730e-02 -8.118809770183460506e-01 3.692038791513094775e-01
1.592833324639569044e+09 6.769746116452500795e-01 -7.204123266129397463e-01 1.507032015499940869e-01 4.457332359317642961e-02 -1.642525267148537416e-01 -9.854107399455187544e-01 7.346554253898740505e-01 6.738153954900522047e-01 -7.908361872493281652e-02 7.715152253492418843e-02 -8.180314885748958265e-01 3.716874794869214349e-01
1.592833324639579058e+09 6.755343730510439126e-01 -7.193056960972246117e-01 1.620266227943550075e-01 3.603571800816524756e-02 -1.872769966564561406e-01 -9.816459410904240235e-01 7.364473761899248405e-01 6.689743209970638871e-01 -1.005913512898376910e-01 7.068608544623397605e-02 -8.238119352049227961e-01 3.745525427553078601e-01
1.592833324639588118e+09 6.743801527368439297e-01 -7.178920967186226409e-01 1.727493767545773551e-01 2.684399330456441884e-02 -2.099645504284862740e-01 -9.773404154618586803e-01 7.378962052082254086e-01 6.637362617041244750e-01 -1.223248349402414198e-01 6.406153264421519944e-02 -8.292093468264788436e-01 3.777785736731819055e-01
1.592833324639596939e+09 6.734809942920887416e-01 -7.162294383366687445e-01 1.828626317561996839e-01 1.702201126116733437e-02 -2.322854409917580465e-01 -9.724987018727683230e-01 7.390085260011313162e-01 6.580720823986683232e-01 -1.442481641822115079e-01 5.730523114002512852e-02 -8.342156804315939977e-01 3.813441088842174365e-01
1.592833324639606953e+09 6.728076138522933736e-01 -7.143715912630963505e-01 1.923620140363969111e-01 6.593748947926424825e-03 -2.542122063765571149e-01 -9.671259880244686968e-01 7.397881029453236001e-01 6.519581150621659438e-01 -1.663255210422304453e-01 5.044406082487518095e-02 -8.388276036521016277e-01 3.852272176435778683e-01
1.592833324639616966e+09 6.723324704848961941e-01 -7.123684853643308390e-01 2.012465907709478918e-01 -4.417125090363963752e-03 -2.757191750035358213e-01 -9.612280820126073433e-01 7.402361367697148919e-01 6.453759196513849661e-01 -1.885215747844248835e-01 4.350388317575562547e-02 -8.430461464050549303e-01 3.894059565397681166e-01
1.592833324639626026e+09 6.720297234059557923e-01 -7.102662343107611909e-01 2.095183222595332351e-01 -1.598723364395280427e-02 -2.967821934692279617e-01 -9.548113625781468050e-01 7.403515781447435051e-01 6.383119974661155549e-01 -2.108016476079537238e-01 3.650911241106682276e-02 -8.468762505127019891e-01 3.938587659895854132e-01
1.592833324639636040e+09 6.718751744896457323e-01 -7.081071918983742330e-01 2.171818472889277540e-01 -2.809320089116144198e-02 -3.173785602248583859e-01 -9.478827046009515866e-01 7.401314221206095612e-01 6.307575242229211954e-01 -2.331317731042202301e-01 2.948239357085432125e-02 -8.503262463178357100e-01 3.985648024118271238e-01
1.592833324639652014e+09 6.718462458937878301e-01 -7.059299076102012460e-01 2.242444815940871361e-01 -4.071121635173065995e-02 -3.374871335382889082e-01 -9.404493775146016699e-01 7.395709694030132564e-01 6.227081180704987506e-01 -2.554787288801317335e-01 2.244438659980966047e-02 -8.534072855557053305e-01 4.035042034496542085e-01
1.592833324639667034e+09 6.719220114773846175e-01 -7.037690123692742494e-01 2.307162495934906854e-01 -5.381662169573379201e-02 -3.570885307642088780e-01 -9.325189287806693317e-01 7.386640520315512770e-01 6.141636251844688754e-01 -2.778101145412520956e-01 1.541365054639563109e-02 -8.561327607061630651e-01 4.086582856447358303e-01
1.592833324639683008e+09 6.720832656566111396e-01 -7.016550756712323089e-01 2.366098876096827397e-01 -6.738357156398161463e-02 -3.761653748942582753e-01 -9.240990559037889351e-01 7.374032399915321223e-01 6.051278919292610858e-01 -3.000944785631052825e-01 8.406617294057953244e-03 -8.585177375096766372e-01 4.140096778158881552e-01
1.592833324639700890e+09 6.723126095580870265e-01 -6.996144433011926012e-01 2.419408726509061913e-01 -8.138471572055765157e-02 -3.947026028417824350e-01 -9.151974559980683432e-01 7.357800507752799701e-01 5.956085007037900114e-01 -3.223014594682013789e-01 1.437641040062160105e-03 -8.605784224376642477e-01 4.195423964171617337e-01
1.592833324639734983e+09 6.725945357403315672e-01 -6.976691230107188169e-01 2.467273503185786476e-01 -9.579101830660174954e-02 -4.126877449663328146e-01 -9.058216745445636375e-01 7.337851670256742009e-01 5.856164444663988222e-01 -3.444019579335452219e-01 -5.480892197270141424e-03 -8.623316828678502244e-01 4.252418703604201600e-01
1.592833324639753103e+09 6.729154837174451398e-01 -6.958367722338609784e-01 2.509899167018528332e-01 -1.105717515513333776e-01 -4.301111162690415823e-01 -8.959789704725212856e-01 7.314086679657149093e-01 5.751657275494436172e-01 -3.663683205217950212e-01 -1.233841129536121344e-02 -8.637946312365741841e-01 4.310949243847491674e-01
1.592833324639766932e+09 6.732638505689092501e-01 -6.941307847754817351e-01 2.547513321841978207e-01 -1.256945909911218184e-01 -4.469659346646214226e-01 -8.856761954310874430e-01 7.286402798063563724e-01 5.642729011356244495e-01 -3.881744912955039650e-01 -1.912597818117019177e-02 -8.649842778944725197e-01 4.370897308138105286e-01
1.592833324639777899e+09 6.736299539204934073e-01 -6.925604606617606906e-01 2.580362253920328586e-01 -1.411257602244252729e-01 -4.632483816942237209e-01 -8.749196858952772438e-01 7.254696444553629942e-01 5.529565491668172461e-01 -4.097961074878058718e-01 -2.583609058534037592e-02 -8.659172523206069005e-01 4.432157391198304763e-01
1.592833324639789104e+09 6.740059518334001742e-01 -6.911312386825355647e-01 2.608708261109711213e-01 -1.568301916967882181e-01 -4.789576182369492119e-01 -8.637151677569794295e-01 7.218866032210716766e-01 5.412367420380259642e-01 -4.312105299767494682e-01 -3.246248029002702512e-02 -8.666095894060479310e-01 4.494635912598499705e-01
1.592833324639805079e+09 6.743857268365289759e-01 -6.898449733437744813e-01 2.632827459159028383e-01 -1.727716876356219233e-01 -4.940957613377180424e-01 -8.520676749460512900e-01 7.178814912197162279e-01 5.291344738945169546e-01 -4.523968093447964245e-01 -3.899991507923028511e-02 -8.670765744609216785e-01 4.558250296865897777e-01
1.592833324639822006e+09 6.747647406674189829e-01 -6.887002454892042769e-01 2.653008042216695728e-01 -1.889130825108722433e-01 -5.086678180002158767e-01 -8.399814868766273257e-01 7.134454373349486955e-01 5.166710973902183257e-01 -4.733355945545973387e-01 -4.544401056337073197e-02 -8.673326402061302121e-01 4.622928029701196539e-01
1.592833324639834881e+09 6.751398664850623010e-01 -6.876926951238938601e-01 2.669548985527172569e-01 -2.052164061638845349e-01 -5.226815750139460759e-01 -8.274600883972893506e-01 7.085706650505718684e-01 5.038677686653384447e-01 -4.940089921598856959e-01 -5.179105688378390915e-02 -8.673913099199984655e-01 4.688605718753804941e-01
1.592833324639846087e+09 6.755091879817399780e-01 -6.868154362714219419e-01 2.682757789236117629e-01 -2.216431578343248943e-01 -5.361473446893740835e-01 -8.145061911834015067e-01 7.032507714782508801e-01 4.907449249545509651e-01 -5.144003995443819921e-01 -5.803786390471428469e-02 -8.672651803649504831e-01 4.755228178105204151e-01
1.592833324639857054e+09 6.758717576371873204e-01 -6.860596051652264604e-01 2.692946072510116196e-01 -2.381547711901206288e-01 -5.490774798542272794e-01 -8.011218547665778233e-01 6.974809475791582392e-01 4.773218404446663010e-01 -5.344943296270026067e-01 -6.418162645684896694e-02 -8.669659365751990476e-01 4.822747554863999753e-01
1.592833324639872074e+09 6.762273444222066665e-01 -6.854149431837593953e-01 2.700424678113023114e-01 -2.547131163988693991e-01 -5.614857884335455740e-01 -7.873086674423604991e-01 6.912581334343158579e-01 4.636162908448906994e-01 -5.542762197938443380e-01 -7.021980927655377402e-02 -8.665043900507819474e-01 4.891122514142448585e-01
1.592833324639884949e+09 6.765761623487815957e-01 -6.848705032544037952e-01 2.705496080554892768e-01 -2.712811929603251571e-01 -5.733867090656127319e-01 -7.730680411977066679e-01 6.845810477492180190e-01 4.496443880772387769e-01 -5.737322662514729998e-01 -7.615005079150530265e-02 -8.658905337775905098e-01 4.960317487639001599e-01
1.592833324639897108e+09 6.769185915937626641e-01 -6.844155067211858956e-01 2.708442995889391858e-01 -2.878240600193365806e-01 -5.847942008950319792e-01 -7.584016437098857200e-01 6.774500209459981548e-01 4.354206665406137322e-01 -5.928493166685925297e-01 -8.197008513404165087e-02 -8.651336095156917372e-01 5.030301981232321307e-01
1.592833324639914036e+09 6.772549302777572944e-01 -6.840402759017604195e-01 2.709513987124580470e-01 -3.043098971822284504e-01 -5.957204561759227301e-01 -7.433119295953901640e-01 6.698665881677742240e-01 4.209584767295731500e-01 -6.116148419804787739e-01 -8.767768100611075810e-02 -8.642421827925395039e-01 5.101049938997964661e-01
1.592833324639925957e+09 6.775852267724590261e-01 -6.837370871183259258e-01 2.708908567378857657e-01 -3.207109716679669154e-01 -6.061746755638361961e-01 -7.278026761871631001e-01 6.618328589340173318e-01 4.062706714714078848e-01 -6.300169905186838726e-01 -9.327059450582393663e-02 -8.632242203994814345e-01 5.172539168027776579e-01
1.592833324639935970e+09 6.779092241062933955e-01 -6.835008207398829416e-01 2.706763972440768828e-01 -3.370043344188293211e-01 -6.161621102889145440e-01 -7.118794367978075188e-01 6.533507193758946174e-01 3.913705175241364298e-01 -6.480447172137997480e-01 -9.874653298116289890e-02 -8.620871666496979779e-01 5.244750825054989019e-01
1.592833324639947891e+09 6.782264186560879038e-01 -6.833294026159538737e-01 2.703143589656017975e-01 -3.531722357304500903e-01 -6.256834004027609364e-01 -6.955498935934962823e-01 6.444209005004579716e-01 3.762727867876081711e-01 -6.656879846640535447e-01 -1.041031273699399018e-01 -8.608380161483056847e-01 5.317668962099746377e-01
1.592833324639961958e+09 6.785362252542858075e-01 -6.832240875471192743e-01 2.698025895327820778e-01 -3.692023210976906333e-01 -6.347341479265128372e-01 -6.788241360326043861e-01 6.350419176485728734e-01 3.609950245479648379e-01 -6.829380316585544897e-01 -1.093379125038869554e-01 -8.594833832613456570e-01 5.391280117412511341e-01
1.592833324639971972e+09 6.788382430963459946e-01 -6.831895496343861618e-01 2.691294838655812205e-01 -3.850875237577270904e-01 -6.433047953860077106e-01 -6.617148474893389531e-01 6.252089561213877156e-01 3.455589379566031405e-01 -6.997876689316070431e-01 -1.144483145933859192e-01 -8.580295680083780407e-01 5.465572942917911181e-01
1.592833324639981031e+09 6.791326017200877141e-01 -6.832337375068971985e-01 2.682733108581327186e-01 -4.008255577956972293e-01 -6.513808901977590216e-01 -6.442373849841948052e-01 6.149128243568028340e-01 3.299918118930286193e-01 -7.162315425404824909e-01 -1.194316448956718735e-01 -8.564826179151266983e-01 5.540537862733272423e-01
1.592833324639991999e+09 6.794203436717217715e-01 -6.833674381645192808e-01 2.672020605590173514e-01 -4.164179002462814472e-01 -6.589438392949659162e-01 -6.264097294247741310e-01 6.041391636210245997e-01 3.143277926170231495e-01 -7.322662833782679348e-01 -1.242850993608803634e-01 -8.548483859871763846e-01 5.616166754885546508e-01
1.592833324640002012e+09 6.797038063629504689e-01 -6.836036936948216569e-01 2.658735144538402762e-01 -4.318684829613554932e-01 -6.659719177707438265e-01 -6.082524297310661909e-01 5.928679018998241901e-01 2.986091003439635405e-01 -7.478905375076573270e-01 -1.290057644615916210e-01 -8.531325850478602701e-01 5.692452648513151026e-01
1.592833324640012026e+09 6.799869596336794997e-01 -6.839570561169729945e-01 2.642356528204927169e-01 -4.471820791385097138e-01 -6.724415557252836351e-01 -5.897885573147808591e-01 5.810730787859365032e-01 2.828870792790840194e-01 -7.631048273284644079e-01 -1.335906298832360561e-01 -8.513408386957002083e-01 5.769389428792193186e-01
1.592833324640021086e+09 6.802756438799812955e-01 -6.844426684329374400e-01 2.622275387475547781e-01 -4.623624015962036760e-01 -6.783289234594213069e-01 -5.710436772234711578e-01 5.687231822246332502e-01 2.672229506030984192e-01 -7.779112010223814266e-01 -1.380366089747668834e-01 -8.494787289065263147e-01 5.846971543079532152e-01
1.592833324640029907e+09 6.805776418086288970e-01 -6.850751675887817305e-01 2.597808467322631487e-01 -4.774099753374499433e-01 -6.836118253771062969e-01 -5.520458203457450086e-01 5.557821416580202012e-01 2.516880749275337004e-01 -7.923126428109801278e-01 -1.423405674717716785e-01 -8.475518397817265459e-01 5.925193705590598992e-01
1.592833324640041113e+09 6.809025353432326400e-01 -6.858674699352349524e-01 2.568220223293181115e-01 -4.923199822178747076e-01 -6.882717967282935279e-01 -5.328254583310829684e-01 5.422110037073200051e-01 2.363635919862325241e-01 -8.063122719188201559e-01 -1.464993602682234941e-01 -8.455657964634138990e-01 6.004050602521905367e-01
1.592833324640052080e+09 6.812613055175126275e-01 -6.868294941403180198e-01 2.532751067299203185e-01 -5.070802839357710923e-01 -6.922963099590728753e-01 -5.134154311753782451e-01 5.279702826097917301e-01 2.213392538619806948e-01 -8.199123827492675876e-01 -1.505098754516185910e-01 -8.435262980817205269e-01 6.083536602444725716e-01
1.592833324640062094e+09 6.816657127309208031e-01 -6.879669642598190693e-01 2.490648756442745693e-01 -5.216699595852186677e-01 -6.956808204828136555e-01 -4.938508371837045385e-01 5.130227182357901539e-01 2.067115192827533865e-01 -8.331134606850377766e-01 -1.543690837511698943e-01 -8.414391434527208613e-01 6.163645481089917721e-01
1.592833324640070915e+09 6.821275070914226690e-01 -6.892803799071065551e-01 2.441200975951785812e-01 -5.360585579594867589e-01 -6.984304840709800732e-01 -4.741688322392167421e-01 4.973361907021055517e-01 1.925809359740769944e-01 -8.459132913733478087e-01 -1.580740908794356636e-01 -8.393102485091179510e-01 6.244370171254262081e-01
1.592833324640083075e+09 6.826575830357369812e-01 -6.907642578515950094e-01 2.383765183571249224e-01 -5.502062203031066190e-01 -7.005613290419802075e-01 -4.544083400412387008e-01 4.808864102258079698e-01 1.790490559350572386e-01 -8.583062949983086831e-01 -1.616221897075179603e-01 -8.371456548919232743e-01 6.325702549002222286e-01
1.592833324640093088e+09 6.832651981928005158e-01 -6.924066968953048740e-01 2.317792810813985305e-01 -5.640646606524390982e-01 -7.021007649070956091e-01 -4.346096807806404949e-01 4.636590639896586152e-01 1.662151681325121366e-01 -8.702831667151429418e-01 -1.650109085117908714e-01 -8.349515296575404921e-01 6.407633267810456390e-01
