1.583561773082967997e+09 -4.227931378919883576e-01 5.755614291809080241e-01 6.999821455511364698e-01 1.397264032811512680e-01 -7.217755009349419160e-01 6.778765806306120689e-01 8.953895772353728244e-01 3.844075541514394567e-01 2.247406005336340107e-01 -2.950946043440726974e-01 1.505761024785763569e+00 1.469979906547101534e+00
1.583561773083005905e+09 -4.141890826523809688e-01 5.944512196234500445e-01 6.892569561491359575e-01 1.301433991558212377e-01 -7.108066883370212086e-01 6.912427558847257236e-01 9.008385536330074661e-01 3.760074460804311847e-01 2.170444678384147452e-01 -3.052399264654019895e-01 1.502808035575215140e+00 1.472512949876459309e+00
1.583561773083020926e+09 -4.051292894432775293e-01 6.130252513616467613e-01 6.782848224233590795e-01 1.213944262038107319e-01 -6.992575732618337980e-01 7.044872174960277178e-01 9.061642524210175020e-01 3.677484026334105760e-01 2.088718751629124182e-01 -3.153226709846285725e-01 1.500250838316875335e+00 1.475653494407969557e+00
1.583561773083033085e+09 -3.955763627749205869e-01 6.312485009223450794e-01 6.671166851468366410e-01 1.135028863735206006e-01 -6.871955451569859985e-01 7.175509581874847109e-01 9.113925807482613495e-01 3.595658674252537601e-01 2.001897874011679124e-01 -3.253038377037623663e-01 1.498124708341611822e+00 1.479384432255849813e+00
1.583561773083043098e+09 -3.855235798211255061e-01 6.490911311833611474e-01 6.557837091060001455e-01 1.064235142766087050e-01 -6.747002364575243050e-01 7.303790978870057238e-01 9.165400183603797934e-01 3.513691713412050999e-01 1.910342912044278862e-01 -3.351434158522919593e-01 1.496459220238919530e+00 1.483682439509525386e+00
1.583561773083054066e+09 -3.749981652087621131e-01 6.665343968913514106e-01 6.442889679042798079e-01 1.000572658899360062e-01 -6.618449319814014853e-01 7.429332605648195642e-01 9.216099608180077229e-01 3.430644021260496057e-01 1.814990257751978864e-01 -3.448014782947670387e-01 1.495277580146801899e+00 1.488518716148962140e+00
1.583561773083062887e+09 -3.640611038770728003e-01 6.835726540680799879e-01 6.326040938629611254e-01 9.426798011556594692e-02 -6.486830304730923924e-01 7.551979038671834399e-01 9.265921761036634008e-01 3.345724926403363386e-01 1.717212467811929100e-01 -3.542392514285312433e-01 1.494596215002565343e+00 1.493859895323564446e+00
1.583561773083072901e+09 -3.528055345760043870e-01 7.002121480177740942e-01 6.206699629155347786e-01 8.889852051003589717e-02 -6.352397971438281665e-01 7.671814995713269747e-01 9.314640669791387495e-01 3.258425204743165549e-01 1.618682922130312840e-01 -3.634201048107699172e-01 1.494424627293745589e+00 1.499669069437497004e+00
1.583561773083081961e+09 -3.413550945239867684e-01 7.164675849614572378e-01 6.084002789893857566e-01 8.378497717057226124e-02 -6.215088884696914340e-01 7.789138458568254375e-01 9.361927030771733937e-01 3.168610129389251573e-01 1.521260051184618878e-01 -3.723104134690987110e-01 1.494765506265651522e+00 1.505906875814067902e+00
1.583561773083091974e+09 -3.298630784895213996e-01 7.323573944466341690e-01 5.956869954848319493e-01 7.876819927826124446e-02 -6.074528318312920616e-01 7.904407808317864825e-01 9.407369029045451470e-01 3.076584212732808576e-01 1.426897879498867372e-01 -3.808802578130861538e-01 1.495615071125896867e+00 1.512532585001940211e+00
1.583561773083102942e+09 -3.186376165710358976e-01 7.477308227272222441e-01 5.825535910030886777e-01 7.375665829238002569e-02 -5.931658777016134421e-01 8.016945783821765037e-01 9.450026586828051967e-01 2.984172558000335873e-01 1.338548347098217628e-01 -3.891039395701987869e-01 1.496963609776388981e+00 1.519505139526886150e+00
1.583561773083112001e+09 -3.068222573456824143e-01 7.626370790163393698e-01 5.694249629650236511e-01 6.932309255328224229e-02 -5.787859635668212155e-01 8.125276101993307298e-01 9.492388590285343319e-01 2.887758549058354052e-01 1.247160550434348592e-01 -3.969844760595660493e-01 1.498762829922805739e+00 1.526766266590993126e+00
1.583561773083121061e+09 -2.944353624099527167e-01 7.770617113846366442e-01 5.563118859088779233e-01 6.544251105967685556e-02 -5.643557164481036725e-01 8.229337173660535854e-01 9.534280756102813115e-01 2.787072340385226554e-01 1.153134102550905093e-01 -4.045068071416515476e-01 1.500991531773026910e+00 1.534283675578810513e+00
1.583561773083129883e+09 -2.814954904990880080e-01 7.909915546685821752e-01 5.432243087460739694e-01 6.209165393278989059e-02 -5.499150072116650856e-01 8.329094257328614193e-01 9.575515211169269847e-01 2.681899431060710270e-01 1.056846208083683375e-01 -4.116601495673233857e-01 1.503625782569856462e+00 1.542026700156811092e+00
1.583561773083138943e+09 -2.680213763539543992e-01 8.044145144953663840e-01 5.301715109542464166e-01 5.924893608907057935e-02 -5.355011705283800882e-01 8.424535951934728484e-01 9.615893643557058557e-01 2.572076700497408219e-01 9.586505660333254075e-02 -4.184378181926408646e-01 1.506639672792993601e+00 1.549966705727501504e+00
1.583561773083148003e+09 -2.540321252902250637e-01 8.173194548987300356e-01 5.171620522675335341e-01 5.689428388401720355e-02 -5.211490598725805334e-01 8.515672010913820644e-01 9.655209578428841644e-01 2.457489905206898528e-01 8.588779817999854516e-02 -4.248369305915794536e-01 1.510006038395806716e+00 1.558077375112185026e+00
1.583561773083157063e+09 -2.395475240622286228e-01 8.296961770404845948e-01 5.042035678781472408e-01 5.500894812588344451e-02 -5.068909461632201685e-01 8.602532094931115703e-01 9.693250226798922897e-01 2.338072342966185935e-01 7.578375715929562551e-02 -4.308580201139516896e-01 1.513697125579664959e+00 1.566334879038788541e+00
1.583561773083167076e+09 -2.245883343645243002e-01 8.415354552602407612e-01 4.913025116446083640e-01 5.357536680277467239e-02 -4.927563336842760155e-01 8.685164798697481148e-01 9.729798355519165831e-01 2.213803818416943958e-01 6.558175353692100029e-02 -4.365045863022551376e-01 1.517685178148436176e+00 1.574717941827679102e+00
1.583561773083177090e+09 -2.091765253492668952e-01 8.528291087320402086e-01 4.784638887973823862e-01 5.257707851523223813e-02 -4.787717399008346586e-01 8.763636642436121171e-01 9.764634311169317904e-01 2.084709396654599312e-01 5.530854597922189864e-02 -4.417826109284639924e-01 1.521942934596286490e+00 1.583207817021589747e+00
1.583561773083185911e+09 -1.933354820841307331e-01 8.635701088738332309e-01 4.656909476980680695e-01 5.199864578209213023e-02 -4.649604264697565492e-01 8.838031131271548713e-01 9.797538121665716471e-01 1.950857995673441481e-01 4.498887200438306255e-02 -4.467000653340517102e-01 1.526444028993605428e+00 1.591788190330911679e+00
1.583561773083194971e+09 -1.770900993283038571e-01 8.737526842833553964e-01 4.529849266460365120e-01 5.182561343604132065e-02 -4.513421734535571495e-01 8.908447386461666451e-01 9.828291829013232617e-01 1.812360049454154465e-01 3.464546147663655207e-02 -4.512664325855579306e-01 1.531163294780373496e+00 1.600445027818695465e+00
1.583561773083204031e+09 -1.604667327056459036e-01 8.833723957691764772e-01 4.403449084851472906e-01 5.204449396334007855e-02 -4.379331594031897201e-01 8.974998154109004034e-01 9.856681990372541113e-01 1.669363909077339891e-01 2.429903391789080269e-02 -4.554922625869205488e-01 1.536076976454145981e+00 1.609166387112975549e+00
1.583561773083213091e+09 -1.434930655826090751e-01 8.924261831680223578e-01 4.277677501482003430e-01 5.264274141438704535e-02 -4.247459289941551974e-01 9.037807464748461861e-01 9.882502123230015867e-01 1.522051369777274454e-01 1.396833465807510721e-02 -4.593887719612459453e-01 1.541162858691075943e+00 1.617942207946337252e+00
1.583561773083223104e+09 -1.261979343191717562e-01 9.009123872492401652e-01 4.152480610616285928e-01 5.360869382612666600e-02 -4.117894253077245548e-01 9.097008174506334699e-01 9.905554954520023880e-01 1.370632701748233928e-01 3.670238521937379747e-03 -4.629674950350427531e-01 1.546400324856124220e+00 1.626764095729707371e+00
1.583561773083231926e+09 -1.086111403120836316e-01 9.088307500747834222e-01 4.027782122454099389e-01 5.493147654168759747e-02 -3.990690647432901805e-01 9.152739560203960734e-01 9.925654403289484451e-01 1.215341499772662204e-01 -6.580068836303643205e-03 -4.662399887090489248e-01 1.551770357285195301e+00 1.635625108741526557e+00
1.583561773083241940e+09 -9.076326347381664938e-02 9.161823954799379610e-01 3.903483682010445710e-01 5.660086733917778223e-02 -3.865868391319829400e-01 9.205145070805540453e-01 9.942627278895846965e-01 1.056429569424740533e-01 -1.676883508174684817e-02 -4.692175898778515597e-01 1.557255491904671052e+00 1.644519556684885142e+00
1.583561773083251953e+09 -7.268547848196411920e-02 9.229697878983256221e-01 3.779465467308318893e-01 5.860713048912391532e-02 -3.743414416210895102e-01 9.254370261991009539e-01 9.956314708385818335e-01 8.941619563840411122e-02 -2.688342398846077855e-02 -4.719112229296058003e-01 1.562839738249587773e+00 1.653442815533153087e+00
1.583561773083261013e+09 -5.440937654806930757e-02 9.291966693495803398e-01 3.655587090390409188e-01 6.094082621620592471e-02 -3.623284110870355623e-01 9.300560941892648259e-01 9.966573311296242910e-01 7.288122200278215890e-02 -3.691194978516158104e-02 -4.743312554985696372e-01 1.568508474101393713e+00 1.662391161242786408e+00
1.583561773083270073e+09 -3.596671472551397908e-02 9.348679368120516031e-01 3.531689914100960559e-01 6.359263886396600285e-02 -3.505404015065097245e-01 9.343861104026174313e-01 9.973276151621806029e-01 5.606574681070609911e-02 -4.684293246010602652e-02 -4.764873994797766965e-01 1.574248323179995079e+00 1.671361623350103853e+00
1.583561773083278894e+09 -1.738904071621308681e-02 9.399894285132989191e-01 3.407601735637613705e-01 6.655326649165752007e-02 -3.389676766774362138e-01 9.384410354447164648e-01 9.976313368341268584e-01 3.899729202358030722e-02 -5.666504419276060384e-02 -4.783886515053249466e-01 1.580047023849670662e+00 1.680351858386554653e+00
1.583561773083287954e+09 1.292689618272378684e-03 9.445676718065716404e-01 3.283142437855185447e-01 6.981334222135485157e-02 -3.275986974889861791e-01 9.422341485908710679e-01 9.975592345585032605e-01 2.170269836508481251e-02 -6.636690954620592942e-02 -4.800432652269360778e-01 1.585893295589938079e+00 1.689360042160387598e+00
1.583561773083297014e+09 2.004860831818800274e-02 9.486095431626614394e-01 3.158132173710024859e-01 7.336346884437450200e-02 -3.164209709323901332e-01 9.457777596838931045e-01 9.971037333174069817e-01 4.207625284575306455e-03 -7.593708676227445276e-02 -4.814587492933073420e-01 1.591776707963541648e+00 1.698384779188805593e+00
1.583561773083306074e+09 3.885057044967661632e-02 9.521218278020735504e-01 3.032402653665354220e-01 7.719443081352851677e-02 -3.054222444237085776e-01 9.490828586492959795e-01 9.962588284574530606e-01 -1.346395076463302587e-02 -8.536433097247334012e-02 -4.826418870946265760e-01 1.597687555296835482e+00 1.707425027165376363e+00
1.583561773083314896e+09 5.767284626973610828e-02 9.551107266159056808e-01 2.905810438541672758e-01 8.129759848544546030e-02 -2.945919650738756390e-01 9.521587444926247201e-01 9.950198709254092222e-01 -3.129016384967515246e-02 -9.463816546103287486e-02 -4.835987736641567114e-01 1.603616739653796808e+00 1.716480034381647757e+00
1.583561773083324909e+09 7.649271332487861397e-02 9.575814062738937649e-01 2.778249727934896107e-01 8.566547530487314543e-02 -2.839227710164404783e-01 9.550127153910024091e-01 9.933832550442277531e-01 -4.925150549709119557e-02 -1.037496894260034330e-01 -4.843348631457387587e-01 1.609555663948487148e+00 1.725549288222496536e+00
1.583561773083334923e+09 9.529083159887352661e-02 9.595376717754628970e-01 2.649662510545679472e-01 9.029232348901622407e-02 -2.734118057460033779e-01 9.576498738667615918e-01 9.913460314067793488e-01 -6.733083438850094582e-02 -1.126925241822386986e-01 -4.848550214970255290e-01 1.615496135782127363e+00 1.734632472929207525e+00
1.583561773083343983e+09 1.140514014384289704e-01 9.609817732300709459e-01 2.520045826776013409e-01 9.517485791026628061e-02 -2.630618348444815346e-01 9.600730272168754853e-01 9.889054679321434005e-01 -8.551317386739144821e-02 -1.214638746336586389e-01 -4.851635807473644868e-01 1.621430281677835872e+00 1.743729434972142167e+00
1.583561773083353996e+09 1.327621460060521286e-01 9.619143262670993844e-01 2.389456880777998948e-01 1.003130342621680465e-01 -2.528822501047724991e-01 9.622826314853782925e-01 9.860585722967966094e-01 -1.037853402026266830e-01 -1.300657349612713842e-01 -4.852643950971432529e-01 1.627350471051699277e+00 1.752840154426597685e+00
1.583561773083363056e+09 1.514140596445114062e-01 9.623343759077269688e-01 2.258015319461921799e-01 1.057108709334388802e-01 -2.428898862128766600e-01 9.642767834296072094e-01 9.828016048847876274e-01 -1.221353857751865390e-01 -1.385061487061846897e-01 -4.851608983744198356e-01 1.633249249438759376e+00 1.761964721084924745e+00
1.583561773083372116e+09 1.700008568797070907e-01 9.622396374998758439e-01 2.125901903316949892e-01 1.113772025432894081e-01 -2.331095444749237966e-01 9.660512714901237086e-01 9.791296276132763765e-01 -1.405518432291294473e-01 -1.468003812895886662e-01 -4.848561619112103371e-01 1.639119280480227259e+00 1.771103314302368004e+00
1.583561773083380938e+09 1.885180535553329095e-01 9.616269551676647209e-01 1.993352525763273930e-01 1.173261985541941832e-01 -2.235740570741625022e-01 9.675997128232216582e-01 9.750361567006285979e-01 -1.590227670309533325e-01 -1.549717811224805564e-01 -4.843529531210484795e-01 1.644953296328295567e+00 1.780256185695099136e+00
1.583561773083389997e+09 2.069618229569232526e-01 9.604928980828592033e-01 1.860650340921980173e-01 1.235777140004850339e-01 -2.143241507947620250e-01 9.689136737129261379e-01 9.705129327826937935e-01 -1.775346486004979463e-01 -1.630524335906084477e-01 -4.836537954426469166e-01 1.650744056409443772e+00 1.789423643955563525e+00
1.583561773083399057e+09 2.253276214894558704e-01 9.588345099156047047e-01 1.728115908433225378e-01 1.301573641895655553e-01 -2.054080396353098192e-01 9.699827822800588528e-01 9.655498556778652208e-01 -1.960712120189159191e-01 -1.710834774894252619e-01 -4.827610306982040300e-01 1.656484314880145137e+00 1.798606041166249447e+00
1.583561773083408117e+09 2.436086112714440088e-01 9.566502204582483238e-01 1.596095252564100064e-01 1.370961978970472450e-01 -1.968806524627466359e-01 9.707948502785627154e-01 9.601351349136783009e-01 -2.146121262107088812e-01 -1.791149302531736542e-01 -4.816768848567543060e-01 1.662166797494435633e+00 1.807803760115373137e+00
1.583561773083416939e+09 2.617939543241353251e-01 9.539409139808612270e-01 1.464945680006085327e-01 1.444298307620945354e-01 -1.888023737636341515e-01 9.713360323629561810e-01 9.542557045809139105e-01 -2.331317151897026041e-01 -1.872048447542922767e-01 -4.804035373177335533e-01 1.667784188721187277e+00 1.817017202283471855e+00
1.583561773083425999e+09 2.798671498157572213e-01 9.507110955609310299e-01 1.335020283453848544e-01 1.521970135567440041e-01 -1.812373043909387138e-01 9.715910192467170914e-01 9.478979099982075551e-01 -2.515977992871213931e-01 -1.954177572967595589e-01 -4.789431926830653996e-01 1.673329129736988552e+00 1.826246776348062761e+00
1.583561773083435059e+09 2.978046082413425832e-01 9.469700817034752971e-01 1.206651565686082950e-01 1.604376174519114850e-01 -1.742510011007070703e-01 9.715432875796711221e-01 9.410484506537472038e-01 -2.699708378778584161e-01 -2.038223748014356962e-01 -4.772981533025321133e-01 1.678794227581894116e+00 1.835492887190824263e+00
1.583561773083445072e+09 3.155747175244171809e-01 9.427330750194061748e-01 1.080136438827613010e-01 1.691902771882277390e-01 -1.679079342940142938e-01 9.711753579171208406e-01 9.336954792791138935e-01 -2.882035308509008353e-01 -2.124887691874742524e-01 -4.754708897482128882e-01 1.684172074994826795e+00 1.844755925560646714e+00
1.583561773083453894e+09 3.331375647064622192e-01 9.380220092461878378e-01 9.557234690110630315e-02 1.784898878157720470e-01 -1.622687857802272982e-01 9.704690624786984632e-01 9.258297484913048381e-01 -3.062410025767889898e-01 -2.214852712964869019e-01 -4.734641059908488159e-01 1.689455279662529508e+00 1.854036258643292134e+00
1.583561773083462954e+09 3.504454047075206691e-01 9.328660480651831399e-01 8.336039243922996334e-02 1.883652899515347867e-01 -1.573878664812895511e-01 9.694057855951253577e-01 9.174456584037685714e-01 -3.240215983209548956e-01 -2.308754381687175838e-01 -4.712807959617294484e-01 1.694636500787556566e+00 1.863334221845237781e+00
1.583561773083472967e+09 3.674438289683998882e-01 9.273016747652451652e-01 7.139073379371885242e-02 1.988374191770582167e-01 -1.533108768421802270e-01 9.679666605293018034e-01 9.085420813322856448e-01 -3.414782267507388558e-01 -2.407154073912953218e-01 -4.689242880291732973e-01 1.699708489847907122e+00 1.872650112144601087e+00
1.583561773083482027e+09 3.840734805889055581e-01 9.213723658755813561e-01 5.967013700462126674e-02 2.099180695671771513e-01 -1.500731315141359823e-01 9.661327338342752258e-01 8.991228869523155698e-01 -3.585401217748765412e-01 -2.510518183327463126e-01 -4.663982756431645504e-01 1.704664132445366853e+00 1.881984183207437322e+00
1.583561773083491087e+09 4.002720965730612313e-01 9.151278877481462404e-01 4.819956547122824370e-02 2.216093609170236567e-01 -1.476983581669000234e-01 9.638851001380351891e-01 8.891971323183661680e-01 -3.751348349366681600e-01 -2.619204378161828495e-01 -4.637068331347694028e-01 1.709496487895754147e+00 1.891336642389865430e+00
1.583561773083498955e+09 4.159765793785963339e-01 9.086233188383603387e-01 3.697499442378338746e-02 2.339040249050080844e-01 -1.461982556843937908e-01 9.612049611229842583e-01 8.787789214621350986e-01 -3.911901517409598905e-01 -2.733457016796120298e-01 -4.608544171221220509e-01 1.714198823682517858e+00 1.900707649580817948e+00
1.583561773083508015e+09 4.311248771451607342e-01 9.019179238349311900e-01 2.598844575672683982e-02 2.467862518307291086e-01 -1.455726011800989317e-01 9.580736734783810160e-01 8.678870240292771987e-01 -4.066358036014938171e-01 -2.853409136506019905e-01 -4.578458558146094592e-01 1.718764643175048068e+00 1.910097317623607349e+00
1.583561773083517075e+09 4.456575427963388458e-01 8.950739798221111210e-01 1.522910158642471271e-02 2.602328793704515864e-01 -1.458097454548097915e-01 9.544728213754057888e-01 8.565443382030409891e-01 -4.214048992288631501e-01 -2.979088918616134007e-01 -4.546863294569919445e-01 1.723187706241473993e+00 1.919505713928967960e+00
1.583561773083525896e+09 4.595188789799453111e-01 8.881556486476330781e-01 4.684439914180124273e-03 2.742147991952462172e-01 -1.468874239872772769e-01 9.503843057921633752e-01 8.447772748052985170e-01 -4.354349879908381293e-01 -3.110429672214756747e-01 -4.513813451950468569e-01 1.727462043217467880e+00 1.928932862871052256e+00
1.583561773083535910e+09 4.726576870327801050e-01 8.812279444811506046e-01 -5.658718524670830301e-03 2.886983770315510456e-01 -1.487737036442312588e-01 9.457904801395954353e-01 8.326151321300219177e-01 -4.486688035567645838e-01 -3.247281119876068156e-01 -4.479367087761157440e-01 1.731581962696763899e+00 1.938378748650439354e+00
1.583561773083545923e+09 4.850276620361449464e-01 8.743558241114769425e-01 -1.581329323967295419e-02 3.036467850911815924e-01 -1.514279742656246541e-01 9.406743318667512010e-01 8.200895056191530585e-01 -4.610547275176835602e-01 -3.389420913060458562e-01 -4.443584948856492134e-01 1.735542053599480328e+00 1.947843318377975974e+00
1.583561773083555937e+09 4.965874639606397412e-01 8.676034274934708579e-01 -2.579115312882705041e-02 3.190212174400186007e-01 -1.548019487957500162e-01 9.350196894138037562e-01 8.072337664658056910e-01 -4.725469813295078980e-01 -3.536566088252657836e-01 -4.406530180564788846e-01 1.739337182705789298e+00 1.957326485109893044e+00
1.583561773083564997e+09 5.073005333060228716e-01 8.610334683008070700e-01 -3.560246781194340016e-02 3.347819375388253471e-01 -1.588406033236213211e-01 9.288114540383842765e-01 7.940826301251903141e-01 -4.831056090685502680e-01 -3.688383755413113807e-01 -4.368268053127055128e-01 1.742962488564135048e+00 1.966828130662241936e+00
