1.586175950694948912e+09 3.415039736776064316e-01 -8.092122565630520681e-01 -4.780696182926095217e-01 -2.609286933787061669e-01 4.070278699668993250e-01 -8.753539457234449372e-01 9.029348000436698829e-01 4.236789316389399929e-01 -7.214506178248884793e-02 2.069494804861018444e-01 -4.589549059874218906e-01 6.311106908458193887e-01
1.586175950694992065e+09 3.608344496095539089e-01 -7.988830671111200044e-01 -4.812321115657277049e-01 -2.431900010078890950e-01 4.175467028532702241e-01 -8.755074954549870725e-01 9.003649946436700358e-01 4.329441029022694787e-01 -4.361513919131366351e-02 2.022142128568541752e-01 -4.629634409283542862e-01 6.223851133708545591e-01
1.586175950695010900e+09 3.801578512895402717e-01 -7.883229982567520056e-01 -4.837632258308906530e-01 -2.255738492080195112e-01 4.282164807925573635e-01 -8.750697597237264702e-01 8.969930026764192377e-01 4.417889724942423713e-01 -1.503519591985819776e-02 1.977836361314670444e-01 -4.671402745882862750e-01 6.135788164974826930e-01
1.586175950695023060e+09 3.994619506505976414e-01 -7.775386504913199825e-01 -4.856581072302619262e-01 -2.081016528292889134e-01 4.390233904050844238e-01 -8.740435715793950511e-01 8.928179278361170201e-01 4.502134048338223282e-01 1.356606159481568707e-02 1.936455165269209966e-01 -4.714863102123409977e-01 6.047123203092470423e-01
1.586175950695034981e+09 4.187428800788339234e-01 -7.665332165252908281e-01 -4.869098771751059207e-01 -1.908025493856869148e-01 4.499474724041929719e-01 -8.724343296080089294e-01 8.878337613115454552e-01 4.582293096976848834e-01 4.215580856219289241e-02 1.897857270924606377e-01 -4.760017425127756607e-01 5.958050361651294757e-01
1.586175950695051908e+09 4.380058377620563159e-01 -7.553060550396065720e-01 -4.875075891214534773e-01 -1.737137913999594052e-01 4.609611443261019681e-01 -8.702518844305026091e-01 8.820285737763396972e-01 4.658621972978490566e-01 7.069659369041997321e-02 1.861884115374928816e-01 -4.806859318592813790e-01 5.868750582745543287e-01
1.586175950695060968e+09 4.572652333117598333e-01 -7.438524897193911078e-01 -4.874340776832790101e-01 -1.568807641748272974e-01 4.720278501347046074e-01 -8.675126136190154380e-01 8.753838771828840182e-01 4.731523882099604728e-01 9.914577798043737455e-02 1.828361904197078613e-01 -4.855372918089581602e-01 5.779389666020794403e-01
1.586175950695074081e+09 4.765441850992195860e-01 -7.321638742406291200e-01 -4.866638481021984264e-01 -1.403566869774852677e-01 4.831008472174408985e-01 -8.642416167374946667e-01 8.678742076279890583e-01 4.801558423185232072e-01 1.274548038214718682e-01 1.797104094824104881e-01 -4.905531960266293345e-01 5.690116482715251722e-01
1.586175950695087910e+09 4.958733065997557588e-01 -7.202279524908783426e-01 -4.851611695069864560e-01 -1.242020781225703502e-01 4.941221050670104864e-01 -8.604749789157190021e-01 8.594669905180788438e-01 4.869445984679702799e-01 1.555681536557433908e-01 1.767914264472085217e-01 -4.957299098023518757e-01 5.601061451027338212e-01
1.586175950695101976e+09 5.152887137387335281e-01 -7.080295432814663892e-01 -4.828785639050257594e-01 -1.084840403197169095e-01 5.050212874671191621e-01 -8.562620582911676381e-01 8.501227880065459486e-01 4.936067921851203244e-01 1.834218640790356014e-01 1.740589320014840624e-01 -5.010625523133799275e-01 5.512335348825764259e-01
1.586175950695112944e+09 5.348292052057771473e-01 -6.955515701250157834e-01 -4.797559115846748434e-01 -9.327540114929330772e-02 5.157147868784126565e-01 -8.516677511820295310e-01 8.397960591691944199e-01 5.002462115191261827e-01 2.109414778230877807e-01 1.714922989845894530e-01 -5.065450959758451832e-01 5.424028540415233302e-01
1.586175950695126057e+09 5.545230410292983914e-01 -6.827795474853501911e-01 -4.757271136357268948e-01 -7.864491766433991116e-02 5.261150618838252857e-01 -8.467691059861663927e-01 8.284438267546612167e-01 5.069664993313797163e-01 2.380457827169275564e-01 1.690742565393199281e-01 -5.121722936845761742e-01 5.336213660781700119e-01
1.586175950695138931e+09 5.744041053097822536e-01 -6.696966586614279127e-01 -4.707083059877396058e-01 -6.467418226115688451e-02 5.361094333547300472e-01 -8.416673487102754869e-01 8.160129742502680861e-01 5.138998551247943025e-01 2.646313756142354978e-01 1.667900595142967901e-01 -5.179393392377782401e-01 5.248949439184901200e-01
1.586175950695147991e+09 5.944958440492784657e-01 -6.562892084037489360e-01 -4.646064641024448827e-01 -5.144694398032388649e-02 5.455694607318364309e-01 -8.364850122625762108e-01 8.024511845300817958e-01 5.211894460776914650e-01 2.905747028649150465e-01 1.646250952064486628e-01 -5.238408721698279980e-01 5.162282460024177899e-01
1.586175950695157051e+09 6.148053928021126602e-01 -6.425490511882570033e-01 -4.573237867675049584e-01 -3.904713247147680033e-02 5.543505656784050162e-01 -8.313668095647377410e-01 7.877116544875419901e-01 5.289859803471881339e-01 3.157280193175121541e-01 1.625651158208301639e-01 -5.298710959549373101e-01 5.076247757605274469e-01
1.586175950695167065e+09 6.353175421081002083e-01 -6.284762778046757425e-01 -4.487640683826659149e-01 -2.755631202347774700e-02 5.622921170921183487e-01 -8.264794159516568595e-01 7.717592050266922632e-01 5.374431537837059958e-01 3.399155573214139303e-01 1.605964554993628557e-01 -5.360239285658852104e-01 4.990869867275818383e-01
1.586175950695174932e+09 6.559891627690921379e-01 -6.140820648004045035e-01 -4.388410146793906841e-01 -1.705055267908317865e-02 5.692180892004307102e-01 -8.220097601904809981e-01 7.545776945859061779e-01 5.467119761581497039e-01 3.629304591243415201e-01 1.587062195240251106e-01 -5.422931830066766157e-01 4.906164335647187902e-01
1.586175950695184946e+09 6.767448270485394435e-01 -5.993916078386345436e-01 -4.274881748779945090e-01 -7.596824776628548215e-03 5.749383694113583410e-01 -8.181614509985087880e-01 7.361784617181851287e-01 5.569340823556849784e-01 3.845330943032255755e-01 1.568824331190473431e-01 -5.486727733751262104e-01 4.822139670190837002e-01
1.586175950695198059e+09 6.974742832344973387e-01 -5.844471071871008006e-01 -4.146699932138970257e-01 7.509692157606114027e-04 5.792509952370481496e-01 -8.151488948837444237e-01 7.166094197335146632e-01 5.682339867310390868e-01 4.044515744492538367e-01 1.551141378300795737e-01 -5.551569397164196618e-01 4.738799684109637478e-01
1.586175950695208073e+09 7.180324449671331433e-01 -5.693107764399626403e-01 -4.003931167599008023e-01 7.956001347082703595e-03 5.819455568612686980e-01 -8.131888287231059387e-01 6.959641586991265338e-01 5.807104346727005595e-01 4.223852282810041103e-01 1.533914252739537187e-01 -5.617404833495049932e-01 4.656146173082639783e-01
1.586175950695218086e+09 7.382423617023317064e-01 -5.540678084774813827e-01 -3.847168818000901158e-01 1.400220838734105369e-02 5.828082422216711578e-01 -8.124890714507040368e-01 6.743902087981594740e-01 5.944269649556399582e-01 4.380119060166481892e-01 1.517054002692312664e-01 -5.684190024073911829e-01 4.574181841176895857e-01
1.586175950695229053e+09 7.579014817917237856e-01 -5.388290877892378816e-01 -3.677615507295278197e-01 1.889718955903688796e-02 5.816290275519410136e-01 -8.132346345328740345e-01 6.520952693409252099e-01 6.094020747582704622e-01 4.509998571895973973e-01 1.500480682898531759e-01 -5.751891154277424256e-01 4.492913375845979385e-01
1.586175950695238113e+09 7.767912455611163391e-01 -5.237332445023339389e-01 -3.497125241788284766e-01 2.267370797146776168e-02 5.782112753136874339e-01 -8.155719614693773822e-01 6.293498740417878823e-01 6.255998800837749840e-01 4.610244313312340525e-01 1.484121458898629564e-01 -5.820486592194901165e-01 4.412354558177830621e-01
1.586175950695246935e+09 7.946895792631374356e-01 -5.089473928597819663e-01 -3.308187178148601637e-01 2.538929894314709973e-02 5.723837592152276610e-01 -8.195927134582661200e-01 6.064848359833131530e-01 6.429225332373347257e-01 4.677892262328383066e-01 1.467907972465169186e-01 -5.889968467223621884e-01 4.332529290766931052e-01
1.586175950695255995e+09 8.113853070360421693e-01 -4.946656943155255393e-01 -3.113835810350739086e-01 2.712368027496875333e-02 5.640145158154213911e-01 -8.253192910540143590e-01 5.838819997743144308e-01 6.612060776124668582e-01 4.710502451643771016e-01 1.451773046350182672e-01 -5.960343703725762277e-01 4.253474425871817122e-01
1.586175950695265055e+09 8.266928835988355262e-01 -4.811048916355291083e-01 -2.917481098418083230e-01 2.797400684591922274e-02 5.530250656920944197e-01 -8.326948612338753719e-01 5.619575885353136346e-01 6.802215523000326725e-01 4.706403177328147835e-01 1.435646854370900838e-01 -6.031634364057681941e-01 4.175242277117386935e-01
1.586175950695275068e+09 8.404653920439885129e-01 -4.684962723507011262e-01 -2.722667216438728333e-01 2.804851141824499933e-02 5.394027878231184570e-01 -8.415806044366352934e-01 5.411388046947691599e-01 6.996826963221679518e-01 4.664899985234336466e-01 1.419452732095601577e-01 -6.103877175045845371e-01 4.097902713624269611e-01
1.586175950695283890e+09 8.526038182484095840e-01 -4.570740225148900993e-01 -2.532786354889617897e-01 2.745962813915777193e-02 5.232090490012065720e-01 -8.517618564679779736e-01 5.218358919165591026e-01 7.192604738432243350e-01 4.586411155533327011e-01 1.403102845714701841e-01 -6.177122139098762954e-01 4.021544754816702150e-01
1.586175950695292950e+09 8.630612838457161207e-01 -4.470606175461266374e-01 -2.350787627811577185e-01 2.631791602521655477e-02 5.045809801901290914e-01 -8.629631521649822057e-01 5.044131122238003639e-01 7.386033028050993376e-01 4.472500123014355178e-01 1.386493969372337709e-01 -6.251430168941038978e-01 3.946277608300858830e-01
1.586175950695303917e+09 8.718419214613056800e-01 -4.386507276733808691e-01 -2.178926415442511422e-01 2.472781772638333112e-02 4.837255411452657805e-01 -8.748703539052370415e-01 4.891627532559794100e-01 7.573606407763486814e-01 4.325790804366341780e-01 1.369503639691498076e-01 -6.326869734723793437e-01 3.872231122706518147e-01
1.586175950695313931e+09 8.789951189310644120e-01 -4.319957791726207197e-01 -2.018594258816364118e-01 2.278565562486695173e-02 4.609058409103324871e-01 -8.871564799856609396e-01 4.762860432054924487e-01 7.752067161927289618e-01 4.149772914496374643e-01 1.351986954823236053e-01 -6.403512573169400923e-01 3.799555662726924465e-01
1.586175950695322990e+09 8.846067645804179813e-01 -4.271912947674039174e-01 -1.870253188163930880e-01 2.057957934983071363e-02 4.364213916557801443e-01 -8.995070039121876304e-01 4.658834115218150607e-01 7.918610779772583541e-01 3.948527323636307762e-01 1.333774264347933058e-01 -6.481428565907750849e-01 3.728421441720030649e-01
1.586175950695332050e+09 8.887894714568539412e-01 -4.242686114665908392e-01 -1.733476878891576090e-01 1.819057153735661667e-02 4.105851917049067046e-01 -9.116407755952196101e-01 4.579545596380228956e-01 8.071034294986589863e-01 3.726414840027654773e-01 1.314669962726730812e-01 -6.560679940146912914e-01 3.659017358570920142e-01
1.586175950695341110e+09 8.916734936057011396e-01 -4.231917494762130194e-01 -1.607081955630305925e-01 1.569335296495569590e-02 3.837009755287684176e-01 -9.233240386338119610e-01 4.524070066128078049e-01 8.207815207359701049e-01 3.487772867999332504e-01 1.294452554421281210e-01 -6.641314987780123635e-01 3.591549389047702379e-01
1.586175950695350885e+09 8.933993891199807358e-01 -4.238593579843226156e-01 -1.489321198198105545e-01 1.315618371257323317e-02 3.560436451148734638e-01 -9.343767108995704174e-01 4.490706475699832723e-01 8.328122043095991245e-01 3.236655465841217771e-01 1.272876104671467890e-01 -6.723361537731951110e-01 3.526238579267343409e-01
1.586175950695358992e+09 8.941127997211156808e-01 -4.261109150284347891e-01 -1.378107021002263344e-01 1.063903355255406240e-02 3.278450469349685203e-01 -9.446716024277115320e-01 4.477154369674213874e-01 8.431767984918029368e-01 2.976638610710414801e-01 1.249673130734307719e-01 -6.806820446317242146e-01 3.463318677843579829e-01
1.586175950695369005e+09 8.939611259910223984e-01 -4.297360340543452950e-01 -1.271237444263070004e-01 8.190150213370014573e-03 2.992861264682342703e-01 -9.541282598326007447e-01 4.480696673684442244e-01 8.519124108477412749e-01 2.710697652440360872e-01 1.224558916701090211e-01 -6.891659399323932789e-01 3.403033441482138932e-01
1.586175950695378065e+09 8.930914508054025314e-01 -4.344859041337060801e-01 -1.166604463915524303e-01 5.841551459168340017e-03 2.704954568995714959e-01 -9.627035287882278469e-01 4.498372338241621304e-01 8.591008131295388983e-01 2.441152517708123360e-01 1.197237163457191139e-01 -6.977807330519604223e-01 3.345633640373640305e-01
1.586175950695386887e+09 8.916490155032720244e-01 -4.400860199305419718e-01 -1.062371326730878474e-01 3.604327030610881936e-03 2.415533952424985253e-01 -9.703808357245838900e-01 4.527129798656943094e-01 8.648562033766442614e-01 2.169670609645527604e-01 1.167406817584975692e-01 -7.065149756940476422e-01 3.291373780173461050e-01
1.586175950695395947e+09 8.897756782527380670e-01 -4.462495281531059232e-01 -9.571102944733834994e-02 1.464766887546931941e-03 2.125005906008327894e-01 -9.771598404152345152e-01 4.563957679563943604e-01 8.693128653278523466e-01 1.897315086339331214e-01 1.134769882295032367e-01 -7.153525306163311948e-01 3.240508525123489414e-01
1.586175950695405006e+09 8.876079815512681881e-01 -4.526906676834885346e-01 -8.498959126634089700e-02 -6.177485322301466686e-04 1.833492599039849291e-01 -9.830476425623917436e-01 4.605992722903585190e-01 8.726134358859063411e-01 1.624626174802104861e-01 1.099039964710701311e-01 -7.242723693230271875e-01 3.193288803069080362e-01
1.586175950695414066e+09 8.852746718630660760e-01 -4.591378437063631801e-01 -7.403509964382297415e-02 -2.710403194045641218e-03 1.540955409953077837e-01 -9.880522345645259552e-01 4.650606511348482908e-01 8.748982826147941871e-01 1.351724307884203113e-01 1.059951266368620165e-01 -7.332485379713290508e-01 3.149957582010367019e-01
1.586175950695424080e+09 8.828937167359245386e-01 -4.653458379143005086e-01 -6.286442737289162086e-02 -4.903801405000242711e-03 1.247313058440330524e-01 -9.921784387610358413e-01 4.695472690179900432e-01 8.762963840363743317e-01 1.078425226154235972e-01 1.017267675389157827e-01 -7.422503111351770322e-01 3.110745333050135564e-01
1.586175950695432901e+09 8.805690915079565917e-01 -4.711064432362613297e-01 -5.154410118520165451e-02 -7.306139460865012508e-03 9.525403048026383213e-02 -9.954261852450473347e-01 4.738614729747923637e-01 8.769181199018628581e-01 8.043578568944141638e-02 9.707915652366631842e-02 -7.512425477376868388e-01 3.075865242880179706e-01
1.586175950695441961e+09 8.783877930946506485e-01 -4.762566065464099996e-01 -4.018121212788937358e-02 -1.003533057738559969e-02 6.567368747020363440e-02 -9.977906890637597837e-01 4.778432559384998002e-01 8.768503929892776938e-01 5.290757290008991226e-02 9.203718346864921129e-02 -7.601862549820979087e-01 3.045508328337335757e-01
1.586175950695451021e+09 8.764175509196286962e-01 -4.806832829527699635e-01 -2.891121018993361019e-02 -1.321009118288334755e-02 3.601617403844743076e-02 -9.992638935569703174e-01 4.813707200225110783e-01 8.761543339416769660e-01 2.521533703445595631e-02 8.659107046748551473e-02 -7.690393533954192895e-01 3.019838665641639830e-01
1.586175950695460081e+09 8.747056412151309468e-01 -4.843244799578342308e-01 -1.788405672266145385e-02 -1.694119422676882911e-02 6.323393885100676848e-03 -9.998364920805845601e-01 4.843583769578730935e-01 8.748655970992307296e-01 -2.673926789743787807e-03 8.073688065283961268e-02 -7.777576209759190506e-01 2.998988998557822194e-01
1.586175950695468903e+09 8.732790524484985717e-01 -4.871664268708445489e-01 -7.250464082109510031e-03 -2.132406094175936032e-02 -2.334934582963733851e-02 -9.994999213318349618e-01 4.867535116924991412e-01 8.729969534659636210e-01 -3.077886118266481147e-02 7.447681546918659412e-02 -7.862957778075411186e-01 2.983057030754462935e-01
1.586175950695478916e+09 8.721460183449357695e-01 -4.892373654777135705e-01 2.850096552826497133e-03 -2.643358766952250138e-02 -5.293759817993788641e-02 -9.982479032835086530e-01 4.885310515147798793e-01 8.705425957977830365e-01 -5.910161426777509053e-02 6.781927276717822362e-02 -7.946086572360664402e-01 2.972102693972743515e-01
1.586175950695487976e+09 8.712986805653409883e-01 -4.905989807186785789e-01 1.229835386337274628e-02 -3.232162682436491574e-02 -8.237257708433722014e-02 -9.960773420031074910e-01 4.896875757577531241e-01 8.674833709292478767e-01 -8.762807490330605520e-02 6.077865728677532553e-02 -8.026524000323701502e-01 2.966146607595722684e-01
1.586175950695497036e+09 8.707164985083389874e-01 -4.913367094640512245e-01 2.100041197870434334e-02 -3.901716405279384570e-02 -1.115855110376849230e-01 -9.929885874992724348e-01 4.902350867722092276e-01 8.637921693519128308e-01 -1.163299104499621178e-01 5.337495576109402284e-02 -8.103856061621493856e-01 2.965169835460423897e-01
1.586175950695507050e+09 8.703698648732400844e-01 -4.915503092522153228e-01 2.888930493190236190e-02 -4.652859829084058513e-02 -1.405109184461945937e-01 -9.889852231487387124e-01 4.901952550061364766e-01 8.594387560748706356e-01 -1.451676159736856320e-01 4.563310605162632094e-02 -8.177703836469261134e-01 2.969114943079540492e-01
1.586175950695516109e+09 8.702234819970757762e-01 -4.913456916253635676e-01 3.592356951831967432e-02 -5.484740630466003464e-02 -1.690885624281106003e-01 -9.840735848226546123e-01 4.895945808243130082e-01 8.543936268180538640e-01 -1.740938743370740727e-01 3.758220194627080041e-02 -8.247732433259016283e-01 2.977888275215961889e-01
1.586175950695524931e+09 8.702391704202190326e-01 -4.908286194190728535e-01 4.208387779607600937e-02 -6.395235264818878440e-02 -1.972641883356860693e-01 -9.782622025096792129e-01 4.884607282354213043e-01 8.486307244778402703e-01 -2.030566685570148466e-01 2.925458269151074570e-02 -8.313658001873970305e-01 2.991363310430989464e-01
1.586175950695533991e+09 8.703779768859347676e-01 -4.901003858993330242e-01 4.736865248380112137e-02 -7.381367583208235661e-02 -2.249893090108437965e-01 -9.715612962438567868e-01 4.868200065574327939e-01 8.421291009927794891e-01 -2.320018505918642338e-01 2.068486056038892559e-02 -8.375252567491283662e-01 3.009384885346281235e-01
1.586175950695543051e+09 8.706015705439207331e-01 -4.892553018380084717e-01 5.178952726871445533e-02 -8.439678021820289089e-02 -2.522203877010532613e-01 -9.639823959932020125e-01 4.846958727172364090e-01 8.348737184848110671e-01 -2.608750378164926831e-01 1.190893938792725142e-02 -8.432346594928673555e-01 3.031774039080516459e-01
1.586175950695552111e+09 8.708730239722665134e-01 -4.883796051132704430e-01 5.536729695104397608e-02 -9.566513455928503384e-02 -2.789177626379804043e-01 -9.555381017954444056e-01 4.821082433670995648e-01 8.268556362258611125e-01 -2.896228560051006817e-01 2.963072586702230823e-03 -8.484829340496385930e-01 3.058333209843964173e-01
1.586175950695560932e+09 8.711571414810933556e-01 -4.875513146339407466e-01 5.812874151454805460e-02 -1.075822437688252475e-01 -3.050445972786769988e-01 -9.462419641745016818e-01 4.790733720935743123e-01 8.180718241283639891e-01 -3.181936437449970900e-01 -6.116998145151731139e-03 -8.532647184553118214e-01 3.088851511840087216e-01
1.586175950695574999e+09 8.714205189881321090e-01 -4.868405627668165314e-01 6.010445637556897924e-02 -1.201127038803795621e-01 -3.305660543298976628e-01 -9.361084458327312285e-01 4.756040555248181589e-01 8.085247988352256554e-01 -3.465377789481818294e-01 -1.529679252720587100e-02 -8.575800221783360655e-01 3.123109858336257094e-01
1.586175950695586920e+09 8.716314957429392996e-01 -4.863100534119568219e-01 6.132754458027045441e-02 -1.332225285797256076e-01 -3.554487671600338738e-01 -9.251529236138750223e-01 4.717099677643198929e-01 7.982222159498335579e-01 -3.746077955374887969e-01 -2.454370902699077803e-02 -8.614337459703270694e-01 3.160885726753158709e-01
1.586175950695596933e+09 8.717601073545028223e-01 -4.860154340144497431e-01 6.183294647573088498e-02 -1.468789600208277590e-01 -3.796606132420631829e-01 -9.133916958917049911e-01 4.673979958352920683e-01 7.871764839047216133e-01 -4.023584184257705809e-01 -3.382749971902777181e-02 -8.648350988053628008e-01 3.201957424360795113e-01
1.586175950695605993e+09 8.717780976264428716e-01 -4.860054969274271164e-01 6.165716179004430281e-02 -1.610499742208292284e-01 -4.031707468427991325e-01 -9.008419700267933372e-01 4.626725132171751187e-01 7.754044144870653188e-01 -4.297465994150624358e-01 -4.312060139153189864e-02 -8.677969461544191576e-01 3.246107776286142887e-01
1.586175950695616007e+09 8.716590096290780521e-01 -4.863222047299297079e-01 6.083818097160723082e-02 -1.757036315784695768e-01 -4.259498415023025841e-01 -8.875218119248476922e-01 4.575355778178688548e-01 7.629268941842541896e-01 -4.567315944433585351e-01 -5.239832834673265050e-02 -8.703351233171816581e-01 3.293127190788402991e-01
1.586175950695627928e+09 8.713783304073231539e-01 -4.870006313931801722e-01 5.941540594869806902e-02 -1.908074706292505751e-01 -4.479704350389501766e-01 -8.734500550982553513e-01 4.519870735290902330e-01 7.497685472943836915e-01 -4.832750883836389733e-01 -6.163893849474132158e-02 -8.724677478804659936e-01 3.342816073580260894e-01
1.586175950695640087e+09 8.709136625649117613e-01 -4.880688929835956258e-01 5.742950639172621219e-02 -2.063279996559241602e-01 -4.692073244874526705e-01 -8.586461689621489590e-01 4.460248301461224862e-01 7.359573645985464374e-01 -5.093413478089329205e-01 -7.082358970157885680e-02 -8.742145605889768412e-01 3.394986603323411067e-01
1.586175950695648909e+09 8.702449240056285840e-01 -4.895480715016075624e-01 5.492229125185478511e-02 -2.222302171845604857e-01 -4.896380316123472576e-01 -8.431300782423511997e-01 4.396447463647308318e-01 7.215242780704561598e-01 -5.348973858137039405e-01 -7.993620665633204003e-02 -8.755963177872163605e-01 3.449463913690197225e-01
1.586175950695658922e+09 8.693545248289206162e-01 -4.914522489130609961e-01 5.193647410669598175e-02 -2.384772986816316720e-01 -5.092432269544300283e-01 -8.269219516270049919e-01 4.328409504299546295e-01 7.065026701974393974e-01 -5.599131082912041091e-01 -8.896328026211969275e-02 -8.766342536161543242e-01 3.506086740798946000e-01
1.586175950695667982e+09 8.682274812495062166e-01 -4.937887255172662693e-01 4.851531201622197309e-02 -2.550304946320160471e-01 -5.280070401572263261e-01 -8.100419820109439062e-01 4.256060241698185753e-01 6.909278256466132584e-01 -5.843614054154662174e-01 -9.789362133624404660e-02 -8.773496225864991782e-01 3.564707615667442875e-01
1.586175950695677042e+09 8.668514713956116946e-01 -4.965583932599525463e-01 4.470222329164705299e-02 -2.718491540931741723e-01 -5.459172763568375109e-01 -7.925101671663410396e-01 4.179312911945813336e-01 6.748363428373470585e-01 -6.082181733785012590e-01 -1.067180882486550991e-01 -8.777633257497952091e-01 3.625192694465496079e-01
1.586175950695686102e+09 8.652168447803839646e-01 -4.997562238310495619e-01 4.054045381179315760e-02 -2.888908140111557388e-01 -5.629655566510295417e-01 -7.743460982484718924e-01 4.098071611045150942e-01 6.582655231151935959e-01 -6.314622648954365536e-01 -1.154293048868123422e-01 -8.778956181342196796e-01 3.687421319370720596e-01
1.586175950695698023e+09 8.633165991478661816e-01 -5.033718313563299018e-01 3.607283157164824228e-02 -3.061113168301828336e-01 -5.791473965845662653e-01 -7.555687625927069995e-01 4.012235181933314077e-01 6.412527524940588863e-01 -6.540753749140039153e-01 -1.240213820457398558e-01 -8.777658920345098315e-01 3.751285390179058266e-01
1.586175950695710897e+09 8.611463357060995527e-01 -5.073900780548429301e-01 3.134162306450426205e-02 -3.234649398007919952e-01 -5.944622286923609833e-01 -7.361963675853372413e-01 3.921701434706156286e-01 6.238348880144678477e-01 -6.760418709427317152e-01 -1.324896516088724663e-01 -8.773925276161587128e-01 3.816688619293110429e-01
1.586175950695723057e+09 8.587041970880159303e-01 -5.117917057626314437e-01 2.638848159446284536e-02 -3.409045398924382408e-01 -6.089133629029083172e-01 -7.162461947033714749e-01 3.826371607636926964e-01 6.060476602914436350e-01 -6.973485762941679100e-01 -1.408304202086845536e-01 -8.767928021239199676e-01 3.883545722630560304e-01
1.586175950695734024e+09 8.559907929586180186e-01 -5.165539755717254433e-01 2.125447802184170232e-02 -3.583817150327416878e-01 -6.225078830366709282e-01 -6.957344911354167438e-01 3.726154974185574842e-01 5.879251023995983871e-01 -7.179845160262712245e-01 -1.490407475778607327e-01 -8.759828501769475473e-01 3.951781575745411113e-01
1.586175950695745945e+09 8.530090549400960453e-01 -5.216514063471991980e-01 1.598006855594547027e-02 -3.758471194439033658e-01 -6.352563567935534117e-01 -6.746764441027757186e-01 3.620973559903992722e-01 5.694990531705158565e-01 -7.379406029106843068e-01 -1.571182529764418856e-01 -8.749776672076553519e-01 4.021330355679250124e-01
1.586175950695755959e+09 8.497639642873490162e-01 -5.270566779261330881e-01 1.060487609435496921e-02 -3.932510359681966050e-01 -6.471722542012992019e-01 -6.530862855473335005e-01 3.510766695908918433e-01 5.507988124511531414e-01 -7.572092448411492649e-01 -1.650609504638891334e-01 -8.737911466471638411e-01 4.092134691529037416e-01
1.586175950695765018e+09 8.462622247252832297e-01 -5.327415365387040413e-01 5.167435945815332041e-03 -4.105440175417323645e-01 -6.582712352204167505e-01 -6.309774883544931878e-01 3.395494910750090356e-01 5.318509530679035313e-01 -7.757839306359738396e-01 -1.728671114557158162e-01 -8.724361411516642351e-01 4.164144846955791235e-01
1.586175950695774078e+09 8.425117862637262478e-01 -5.386778285139600664e-01 -2.953287136387549444e-04 -4.276777888210058221e-01 -6.685701389014441220e-01 -6.083631140910360502e-01 3.275142732532771439e-01 5.126793994179712488e-01 -7.936587644758560378e-01 -1.805351525903824694e-01 -8.709245403908126848e-01 4.237317944789616431e-01
1.586175950695782900e+09 8.385211719780814033e-01 -5.448386852200980401e-01 -5.749032701158818780e-03 -4.446064667283791128e-01 -6.780856199568168208e-01 -5.852563387261604522e-01 3.149719576719494651e-01 4.933058881115034433e-01 -8.108279514399814314e-01 -1.880635473936746460e-01 -8.692673602012632728e-01 4.311617231242706461e-01
1.586175950695791960e+09 8.342986495014629300e-01 -5.511997357131569464e-01 -1.116310595848588744e-02 -4.612879635189034433e-01 -6.868325695187003088e-01 -5.616711105522400604e-01 3.019257829130160831e-01 4.737508553526850741e-01 -8.272852886800887706e-01 -1.954507593803161691e-01 -8.674748380328537456e-01 4.387011380557856444e-01
1.586175950695801973e+09 8.298513731890706513e-01 -5.577401239191467353e-01 -1.651219948183775543e-02 -4.776852831716158487e-01 -6.948226175303526819e-01 -5.376228238064179044e-01 2.883807706758408917e-01 4.540346732216155035e-01 -8.430237522267596262e-01 -2.026951924770613866e-01 -8.655565291443744202e-01 4.463473851276925641e-01
1.586175950695811033e+09 8.251846128259350266e-01 -5.644431722291747278e-01 -2.177751648000664925e-02 -4.937674760602415169e-01 -7.020629710428571979e-01 -5.131288966172529165e-01 2.743429142179649172e-01 4.341790991769043928e-01 -8.580352413845613313e-01 -2.097951547911690862e-01 -8.635213996976267570e-01 4.540982300779425329e-01
1.586175950695820093e+09 8.203010878120744476e-01 -5.712967066106537928e-01 -2.694807033921052530e-02 -5.095102285825238164e-01 -7.085556305681118827e-01 -4.882092232107808627e-01 2.598181143575927776e-01 4.142088743049007760e-01 -8.723104700164201475e-01 -2.167488323927227456e-01 -8.613779145546072158e-01 4.619518059147819655e-01
1.586175950695832968e+09 8.152003738958736312e-01 -5.782931292563441295e-01 -3.202197994803295672e-02 -5.248961572342757398e-01 -7.142969189982804057e-01 -4.628865259416383160e-01 2.448108959338242685e-01 3.941534831895926461e-01 -8.858389566524639269e-01 -2.235542723547234711e-01 -8.591341200444753134e-01 4.699065646974027732e-01
1.586175950695846081e+09 8.098784358531345706e-01 -5.854292014830647650e-01 -3.700769292783113312e-02 -5.399146994982830794e-01 -7.192774194295039614e-01 -4.371865865195049827e-01 2.293229963520644343e-01 3.740489862235367169e-01 -8.986091026974919460e-01 -2.302093739848165566e-01 -8.567977214875022174e-01 4.779612328001847654e-01
1.586175950695854902e+09 8.043273558720345218e-01 -5.927054935660250878e-01 -4.192496436987531300e-02 -5.545614828794697138e-01 -7.234824301133456759e-01 -4.111383408195786182e-01 2.133519780911918295e-01 3.539397849325978673e-01 -9.106083473634415393e-01 -2.367118869508875734e-01 -8.543761550892260415e-01 4.861147691786386060e-01
1.586175950695863962e+09 7.985353537524897405e-01 -6.001254466886021266e-01 -4.680531154742115230e-02 -5.688370394702461086e-01 -7.268930698403346380e-01 -3.847738138346794567e-01 1.968901002841954850e-01 3.338800883522826668e-01 -9.218233969766052027e-01 -2.430594159837378143e-01 -8.518766544047076117e-01 4.943663257393881016e-01
1.586175950695877075e+09 7.924869792456917805e-01 -6.076942496946300398e-01 -5.169223112788137037e-02 -5.827451598506142583e-01 -7.294877547676678065e-01 -3.581280421619806309e-01 1.799235022315771870e-01 3.139352077648140393e-01 -9.322404297561456277e-01 -2.492494323298097003e-01 -8.493063116002588231e-01 5.027152088786523976e-01
1.586175950695885897e+09 7.861635127697518266e-01 -6.154175206928858000e-01 -5.664103246415118365e-02 -5.962908853566841749e-01 -7.312440784607132649e-01 -3.312390043831620057e-01 1.624318672284016940e-01 2.941825506068593832e-01 -9.418452715964941158e-01 -2.552792926722449729e-01 -8.466721336758040728e-01 5.111608411867288870e-01
1.586175950695899963e+09 7.795436087556930627e-01 -6.232997971720575237e-01 -6.171810948402559754e-02 -6.094781795635242361e-01 -7.321411123775085628e-01 -3.041475636440661989e-01 1.443887493814510758e-01 2.747121303328546871e-01 -9.506235504665248026e-01 -2.611462664741664996e-01 -8.439810935104399281e-01 5.197027224435842863e-01
1.586175950695909977e+09 7.726042093623687324e-01 -6.313428633051179073e-01 -6.699943861035957682e-02 -6.223073743436693395e-01 -7.321621160980568144e-01 -2.768973959003013241e-01 1.257627440041008682e-01 2.556263383212207807e-01 -9.585608523085948907e-01 -2.668475722181165022e-01 -8.412401750607058082e-01 5.283403895497091884e-01
1.586175950695919037e+09 7.653216782760090542e-01 -6.395440341711378096e-01 -7.256829377736831455e-02 -6.347726493371479428e-01 -7.312974913096160767e-01 -2.495348936037296850e-01 1.065195413206855846e-01 2.370388316251554883e-01 -9.656428842072767305e-01 -2.723804221507216128e-01 -8.384564116178263582e-01 5.370733756877804632e-01
1.586175950695928097e+09 7.576731065628432571e-01 -6.478945212519261476e-01 -7.851212051655924451e-02 -6.468597999998920711e-01 -7.295478079013089090e-01 -2.221089719001888285e-01 8.662484058734365444e-02 2.190723292768633756e-01 -9.718556743364535899e-01 -2.777420745081684572e-01 -8.356369159506366051e-01 5.459011694297655204e-01
1.586175950695944071e+09 7.496376239962255772e-01 -6.563780945097728026e-01 -8.491896067352934507e-02 -6.585447002809281525e-01 -7.269265199837769975e-01 -1.946707798932401090e-01 6.604779099088789462e-02 2.018554723742370105e-01 -9.771857846793176039e-01 -2.829298910037372217e-01 -8.327889011788779383e-01 5.548231751481370599e-01
1.586175950695952892e+09 7.411976094618616395e-01 -6.649701765021928113e-01 -9.187365365284731744e-02 -6.697926790981352241e-01 -7.234621107402121609e-01 -1.672732543412830120e-01 4.476461806329798399e-02 1.855188368337127580e-01 -9.816205429548879868e-01 -2.879413966511170098e-01 -8.299196916427302728e-01 5.638386763518705713e-01
1.586175950695961952e+09 7.323396640814076042e-01 -6.736374859297969975e-01 -9.945428149744378610e-02 -6.805589693533079521e-01 -7.191993740844562222e-01 -1.399705319606728837e-01 2.276194024642783434e-02 1.701904756430365484e-01 -9.851482610643693683e-01 -2.927743384523839310e-01 -8.270367236427744739e-01 5.729468036691302002e-01
1.586175950695975065e+09 7.230552728975576660e-01 -6.823382508134666624e-01 -1.077292158920522824e-01 -6.907901787561558926e-01 -7.141996891417690119e-01 -1.128172559137244624e-01 3.935655758100647938e-05 1.559913960390717502e-01 -9.877584132845331766e-01 -2.974267387613095948e-01 -8.241475366527595270e-01 5.821465093205572261e-01
1.586175950695986986e+09 7.133411471898224443e-01 -6.910229329437250767e-01 -1.167549314445407854e-01 -7.004265595668354161e-01 -7.085402973267573845e-01 -8.586781693708622765e-02 -2.338894313497621655e-02 1.430313019596135826e-01 -9.894417639256505304e-01 -3.018969402938203594e-01 -8.212597565009923661e-01 5.914365490526847235e-01
1.586175950695997000e+09 7.031992682474191847e-01 -6.996353568235232911e-01 -1.265747082302567383e-01 -7.094047791362402267e-01 -7.023126840827909056e-01 -5.917561476784542751e-02 -4.749367071865749634e-02 1.314049519152659939e-01 -9.901904312077302039e-01 -3.061836400926414847e-01 -8.183810725903341021e-01 6.008154721224223671e-01
1.586175950696008921e+09 6.926366714984164563e-01 -7.081140646924681814e-01 -1.372184857268318181e-01 -7.176608596551163899e-01 -6.956202558542958769e-01 -3.279253622926248113e-02 -7.223110202369746602e-02 1.211896495483226477e-01 -9.899978469392410885e-01 -3.102859109992137099e-01 -8.155192116297839133e-01 6.102816191433788617e-01
1.586175950696017981e+09 6.816650949675361337e-01 -7.163937298035926160e-01 -1.487034711963918510e-01 -7.251329217078521516e-01 -6.885756542300165428e-01 -6.768642788842177405e-03 -9.754457670490998544e-02 1.124437300443460325e-01 -9.888586670150139035e-01 -3.142032111672911632e-01 -8.126819103172476799e-01 6.198331266069101453e-01
1.586175950696027994e+09 6.703005744727268400e-01 -7.244065174979408273e-01 -1.610352055076679501e-01 -7.317635133168034489e-01 -6.812979641180693102e-01 1.884794245764439061e-02 -1.233665300116294633e-01 1.052059010719362253e-01 -9.867686749456874296e-01 -3.179353835151951246e-01 -8.098768889517938829e-01 6.294679363546817896e-01
1.586175950696036100e+09 6.585630422372694692e-01 -7.320832961141348072e-01 -1.742089753563673404e-01 -7.375014078711359389e-01 -6.739100183498334395e-01 4.401091709887178238e-02 -1.496208310213776593e-01 9.949540111239463247e-02 -9.837246933382794989e-01 -3.214826475384946480e-01 -8.071118273245155850e-01 6.391838082310117297e-01
1.586175950696048021e+09 6.464759704037706944e-01 -7.393546736553258114e-01 -1.882112812224289999e-01 -7.423028451504154468e-01 -6.665359389371402488e-01 6.867553024802593165e-02 -1.762251572875981331e-01 9.531268946077070536e-02 -9.797245456597747371e-01 -3.248455853353943157e-01 -8.043943437782077321e-01 6.489783345963170413e-01
1.586175950696065903e+09 6.340660740470182022e-01 -7.461518547319542227e-01 -2.030212392030071034e-01 -7.461322568862883697e-01 -6.592989820808592416e-01 9.279820972939610557e-02 -2.030932526347986877e-01 9.264049886103678522e-02 -9.747670844394225043e-01 -3.280251232894044189e-01 -8.017319780133270735e-01 6.588489557066605773e-01
1.586175950696077108e+09 6.213630877667650765e-01 -7.524073005172757789e-01 -2.186119105495309689e-01 -7.489625355416432706e-01 -6.523197329146470658e-01 1.163360935963584919e-01 -2.301369892164925324e-01 9.144517646953678747e-02 -9.688522829081631649e-01 -3.310225113837249600e-01 -7.991321777186819464e-01 6.687929748745309322e-01
1.586175950696090937e+09 6.083996201624588540e-01 -7.580552104924305201e-01 -2.349514847288935449e-01 -7.507749296792307625e-01 -6.457146532039887976e-01 1.392465147530201619e-01 -2.572681625094340729e-01 9.167815772120258000e-02 -9.619813969913356688e-01 -3.338393014476392362e-01 -7.966022889185471190e-01 6.788075727479252475e-01
