1.592830855377084970e+09 1.970401701101800462e-01 -9.769186468496842135e-01 8.249324373175560832e-02 -9.612124607197352066e-01 -2.090632685223200726e-01 -1.798976377364347734e-01 1.929916636667418084e-01 -4.384647274244676818e-02 -9.802202349110339386e-01 -5.988392541074097908e-01 -3.523257696242970138e-01 3.695607982371084677e-01
1.592830855377131939e+09 1.955603847592252142e-01 -9.760351048475487401e-01 9.545478761773629195e-02 -9.637507460400803749e-01 -2.092831838780182530e-01 -1.654842995706426456e-01 1.814955672642653561e-01 -5.963244951222573115e-02 -9.815820568727442463e-01 -5.989303534358976222e-01 -3.684783499686183350e-01 3.764534392895615422e-01
1.592830855377149105e+09 1.972946355142531361e-01 -9.744982471882468467e-01 1.069018217148601096e-01 -9.657589102224553024e-01 -2.119403001833723710e-01 -1.496363640149927787e-01 1.684771783931485467e-01 -7.371893491930905928e-02 -9.829450459418100916e-01 -5.982692004854884837e-01 -3.844018505273437691e-01 3.838309495946259919e-01
1.592830855377161980e+09 2.020718365852639808e-01 -9.724388150566790623e-01 1.163173688394017330e-01 -9.671283614308481269e-01 -2.168536954825615870e-01 -1.328051664051259351e-01 1.543687497469639902e-01 -8.565764238115727847e-02 -9.842931787591937542e-01 -5.968695340022526219e-01 -4.000699239800967755e-01 3.916396024624989591e-01
1.592830855377172947e+09 2.095902010608389487e-01 -9.699847064297610899e-01 1.232948635525306369e-01 -9.677701859209955071e-01 -2.237917452564465726e-01 -1.154908089479890765e-01 1.396166909767987963e-01 -9.511535105235120746e-02 -9.856268330093422847e-01 -5.947465631135970821e-01 -4.154603802634627141e-01 3.998279784666985415e-01
1.592830855377183914e+09 2.194483072245917987e-01 -9.672493711507098579e-01 1.275582256674288595e-01 -9.676282350215574812e-01 -2.324862847761952622e-01 -9.821268317722271768e-02 1.246516939451427636e-01 -1.018763335638226269e-01 -9.869565199217079643e-01 -5.919166197522328643e-01 -4.305547492456846537e-01 4.083470216736902469e-01
1.592830855377197027e+09 2.311827400198844806e-01 -9.643244142278005748e-01 1.289688773115137410e-01 -9.666870647128054106e-01 -2.426462424402345552e-01 -8.147959810467791941e-02 1.098665791654687002e-01 -1.058358685539415728e-01 -9.882955570460122408e-01 -5.883968852807457406e-01 -4.453378819332642347e-01 4.171500386981211173e-01
1.592830855377207041e+09 2.443064704345438154e-01 -9.612767061479964292e-01 1.275203873781666497e-01 -9.649738134743460760e-01 -2.539700236802971411e-01 -6.576299373824685823e-02 9.560278984278654246e-02 -1.069875094616353495e-01 -9.896533654601090690e-01 -5.842051783315573843e-01 -4.597975930240821296e-01 4.261926599749235045e-01
1.592830855377218008e+09 2.583432083352266151e-01 -9.581493748143042888e-01 1.233230259393295891e-01 -9.625544204983355057e-01 -2.661563784755073825e-01 -5.147596277968408823e-02 8.214487160578802516e-02 -1.054066582337385011e-01 -9.910306054031505774e-01 -5.793597925420080896e-01 -4.739243446504519119e-01 4.354327777540100697e-01
1.592830855377228975e+09 2.728544259947321970e-01 -9.549655422063401122e-01 1.165816533165193042e-01 -9.595256112321474129e-01 -2.789135138418901705e-01 -3.895969912859021528e-02 6.972136890914210072e-02 -1.012327556668162348e-01 -9.924166787572513693e-01 -5.738793758105275034e-01 -4.877109700932549807e-01 4.448304712414603568e-01
1.592830855377239943e+09 2.874575161939755819e-01 -9.517335300440663559e-01 1.075707704249992958e-01 -9.560045739647892171e-01 -2.919662387239194135e-01 -2.847762233852577790e-02 5.851014144679896750e-02 -9.465204183743836097e-02 -9.937894941595604159e-01 -5.677828418472191663e-01 -5.011524341159767637e-01 4.543479273150224373e-01
1.592830855377249956e+09 3.019033585952360377e-01 -9.482566342630776024e-01 9.830424264167662851e-02 -9.521664225539834270e-01 -3.050365456389960706e-01 -1.821577765631100798e-02 4.725961882466327840e-02 -8.810259447299129132e-02 -9.949896811795139184e-01 -5.613781010657941106e-01 -5.144174939236327848e-01 4.639103608637074050e-01
1.592830855377262115e+09 3.161869687080321456e-01 -9.445320425959848887e-01 8.879767905221291890e-02 -9.480147997124227510e-01 -3.181212603989259091e-01 -8.173627019889712422e-03 3.596868246489066945e-02 -8.159711947754411110e-02 -9.960161486405443299e-01 -5.546710239587402391e-01 -5.275095221845566007e-01 4.735039297640248335e-01
1.592830855377273083e+09 3.303037981058832839e-01 -9.405575755318680287e-01 7.906234592281818907e-02 -9.435530220581905825e-01 -3.312174404585923604e-01 1.645196389770585410e-03 2.463942622840447488e-02 -7.514292996694577065e-02 -9.968683178480260976e-01 -5.476666560499118264e-01 -5.404316562655272493e-01 4.831153777579637598e-01
1.592830855377283096e+09 3.442499488961222043e-01 -9.363313807130047017e-01 6.910517096044685448e-02 -9.387841481484965334e-01 -3.443227794281810139e-01 1.123172837101481247e-02 1.327786515038191506e-02 -6.874136091210669708e-02 -9.975461533057181640e-01 -5.403693099688745560e-01 -5.531868046095762548e-01 4.927319042848880004e-01
1.592830855377293110e+09 3.580224872064133312e-01 -9.318515309113956091e-01 5.892902060104969475e-02 -9.337110446392117291e-01 -3.574360661923608462e-01 2.057057787055516923e-02 1.894633216589686892e-03 -6.238740679614351164e-02 -9.980502122720393832e-01 -5.327826561997849319e-01 -5.657776613012478473e-01 5.023410490910169557e-01
1.592830855377302885e+09 3.716198158811655494e-01 -9.271155466552437607e-01 4.853330888136735827e-02 -9.283364555676970609e-01 -3.705576329449667972e-01 2.963900977554208629e-02 -9.494398260696399611e-03 -5.606968327513247446e-02 -9.983817162774613063e-01 -5.249098120812660806e-01 -5.782067266023934726e-01 5.119305909347182659e-01
1.592830855377314091e+09 3.850420415517800121e-01 -9.221198864396774608e-01 3.791500687710491757e-02 -9.226630865225462497e-01 -3.836896959046290911e-01 3.840639263908758594e-02 -2.086770048578845405e-02 -4.977085309340329583e-02 -9.985426408705968537e-01 -5.167534301813314634e-01 -5.904763324980353278e-01 5.214884597878778338e-01
1.592830855377324104e+09 3.982913108406509473e-01 -9.168594551162656536e-01 2.706986791836112766e-02 -9.166937023945883611e-01 -3.968365573015076864e-01 4.683383124873481684e-02 -3.219772729184622317e-02 -4.346828549405872683e-02 -9.985358375599157066e-01 -5.083157875885234711e-01 -6.025886728484534105e-01 5.310026623428636405e-01
1.592830855377334118e+09 4.113720662599485989e-01 -9.113271779598495215e-01 1.599388286609634141e-02 -9.104312538058133564e-01 -4.100046003668474937e-01 5.487408078357267766e-02 -4.345067507235243764e-02 -3.713499485260919608e-02 -9.983651813695673116e-01 -4.995988781180846772e-01 -6.145458382663434582e-01 5.404612212182200448e-01
1.592830855377343893e+09 4.242911699151363791e-01 -9.055136999342161541e-01 4.684958897182567306e-03 -9.038790453925225066e-01 -4.232020106108861368e-01 6.247186955303488110e-02 -5.458644911605142758e-02 -3.074089883745946897e-02 -9.980357313691736731e-01 -4.906045092894432136e-01 -6.263498559760115603e-01 5.498521288862270318e-01
1.592830855377353907e+09 4.370578433779871985e-01 -8.994072792622868073e-01 -6.855219046141937562e-03 -8.970409524382310096e-01 -4.364381676650421205e-01 6.956479299284701323e-02 -6.555895979713066701e-02 -2.425442623749374249e-02 -9.975538832445312032e-01 -4.813344046216646022e-01 -6.380027343644522064e-01 5.591633176533599148e-01
1.592830855377363920e+09 4.496834070285027907e-01 -8.929939316967147045e-01 -1.861928764636555308e-02 -8.899216740497428724e-01 -4.497227138978907579e-01 7.608481866354679934e-02 -7.631679725175573303e-02 -1.764437292455695028e-02 -9.969274933210383605e-01 -4.717903100694299523e-01 -6.495065111414741743e-01 5.683826468364825413e-01
1.592830855377374887e+09 4.621808139825242523e-01 -8.862578661445921213e-01 -3.059242323946525371e-02 -8.825269973187278572e-01 -4.630643408590934818e-01 8.196047949206392014e-02 -8.680437924660809601e-02 -1.088192179821421621e-02 -9.961659439569413577e-01 -4.619741023422289650e-01 -6.608633035818970436e-01 5.774979078237375552e-01
1.592830855377384901e+09 4.745640507224146987e-01 -8.791821914365058888e-01 -4.275093565307763743e-02 -8.748640219757176650e-01 -4.764694490693325291e-01 8.711952781255873079e-02 -9.696345138070011638e-02 -3.942540619727635115e-03 -9.952801363675655155e-01 -4.518878950930034222e-01 -6.720753584976624229e-01 5.864968466187089335e-01
1.592830855377394915e+09 4.868474689291351631e-01 -8.717498435949730951e-01 -5.506140813502524711e-02 -8.669412962324941629e-01 -4.899408372240419696e-01 9.149191153961816481e-02 -1.067348911830792030e-01 3.192402848951551853e-03 -9.942823924550919790e-01 -4.415341382706271522e-01 -6.831450993283958439e-01 5.953672022568784472e-01
1.592830855377404928e+09 4.990451479853874606e-01 -8.639446311235364773e-01 -6.748052386752939613e-02 -8.587688164828063409e-01 -5.034766165447522868e-01 9.501274335379547575e-02 -1.160606145218844865e-01 1.053452089899608798e-02 -9.931862675270266561e-01 -4.309157056641478301e-01 -6.940751676830380079e-01 6.040967581613158055e-01
1.592830855377414942e+09 5.111703639474806105e-01 -8.557522818162132117e-01 -7.995559808119703793e-02 -8.503578679370232818e-01 -5.170694981947983049e-01 9.762497346696412392e-02 -1.248853939255005069e-01 1.808787852559907289e-02 -9.920062859743132844e-01 -4.200359652991815240e-01 -7.048684565225779020e-01 6.126734018615943578e-01
1.592830855377424955e+09 5.232351971770397014e-01 -8.471613890687369475e-01 -9.242573117162612706e-02 -8.417207129102360907e-01 -5.307065229279023244e-01 9.928158414280870148e-02 -1.331584622613818658e-01 2.584903288651931030e-02 -9.907576170815196592e-01 -4.088988298042822156e-01 -7.155281334997202203e-01 6.210851883101317084e-01
1.592830855377434969e+09 5.352502904291744912e-01 -8.381641731012575702e-01 -1.048234325012622759e-01 -8.328701587201533529e-01 -5.443692424688524323e-01 9.994714371906937567e-02 -1.408347666955290511e-01 3.380757094904053572e-02 -9.894557195824261742e-01 -3.975087848911061927e-01 -7.260576535022174038e-01 6.293204015397751983e-01
1.592830855377444983e+09 5.472247814368017549e-01 -8.287569860287423706e-01 -1.170764842586968363e-01 -8.238190609181507140e-01 -5.580343223124633045e-01 9.959846866017683931e-02 -1.478756223087923094e-01 4.194708883922358689e-02 -9.881160085955176253e-01 -3.858708962624384786e-01 -7.364607605555238967e-01 6.373676099656444549e-01
1.592830855377469063e+09 5.591663318343113032e-01 -8.189405802711224869e-01 -1.291098207129708908e-01 -8.145798276137414806e-01 -5.716744130240699606e-01 9.822461457597314594e-02 -1.542489028629633052e-01 5.024635781482147262e-02 -9.867535578197589308e-01 -3.739907980751193128e-01 -7.467414806657904913e-01 6.452157124509368957e-01
1.592830855377481937e+09 5.710811950936595105e-01 -8.087201744690941663e-01 -1.408472736457931362e-01 -8.051639754032818841e-01 -5.852591584104362976e-01 9.582638039567918653e-02 -1.599288829232668185e-01 5.868050665648622682e-02 -9.853828468790641892e-01 -3.618746676154114272e-01 -7.569041079383139747e-01 6.528539741084888881e-01
1.592830855377500057e+09 5.829743026310602039e-01 -7.981053512120540594e-01 -1.522130655196542448e-01 -7.955817738751924661e-01 -5.987562427831626399e-01 9.241540875870701832e-02 -1.648957544721088020e-01 6.722213189783596277e-02 -9.840175707365287350e-01 -3.495291910130365332e-01 -7.669531863668431759e-01 6.602720521442180246e-01
1.592830855377523899e+09 5.948493264166976324e-01 -7.871098420029151166e-01 -1.631330192208950702e-01 -7.858419956787545679e-01 -6.121323844224983990e-01 8.801310549631392866e-02 -1.691349845737123714e-01 7.584224054053882724e-02 -9.826705022137769419e-01 -3.369615235716675872e-01 -7.768934890426073547e-01 6.674600121708630374e-01
1.592830855377558947e+09 6.067087077500998848e-01 -7.757512394793174559e-01 -1.735354858894403718e-01 -7.759517741108939992e-01 -6.253542278098817020e-01 8.264949476378626037e-02 -1.726365967469181140e-01 8.451099963489323852e-02 -9.813534025937794558e-01 -3.241792474077868080e-01 -7.867299960811913184e-01 6.744083354864650603e-01
1.592830855377662897e+09 6.185536615462602361e-01 -7.640506676470727454e-01 -1.833519880779986844e-01 -7.659165638027199963e-01 -6.383891128234621126e-01 7.636205138256466074e-02 -1.753943883004985826e-01 9.319829781824089110e-02 -9.800769817797537753e-01 -3.111903293775392099e-01 -7.964678727014050663e-01 6.811079189721523930e-01
1.592830855377768993e+09 6.303841540178548586e-01 -7.520324415572323673e-01 -1.925176139604860004e-01 -7.557401920866727574e-01 -6.512057086540147255e-01 6.919459553655871176e-02 -1.774051487989983522e-01 1.018741215906189823e-01 -9.788508982004258119e-01 -2.980030811110315758e-01 -8.061124483153552234e-01 6.875500689186961889e-01
