1.584057358153798103e+09 8.638850775287395534e-01 -3.549713822571347599e-01 -3.573484165309305238e-01 -5.018468427617819305e-01 -5.459692910376230390e-01 -6.708705388388735980e-01 4.303858087775205149e-02 7.588892220259516597e-01 -6.497959907582731010e-01 -3.253513323014667336e-01 -7.044223269817272426e-01 4.121004064831865210e-01
1.584057358153858900e+09 8.610011091936931038e-01 -3.549684002178124520e-01 -3.642451441125577616e-01 -5.078044872796636522e-01 -5.598560681836217690e-01 -6.547486432553089042e-01 2.849022422105424932e-02 7.487046267038364178e-01 -6.622912421531436111e-01 -3.393426145719798392e-01 -7.028923099894055504e-01 4.225218125630866295e-01
1.584057358153896093e+09 8.579403266616385526e-01 -3.552912771374882039e-01 -3.710882704603777338e-01 -5.135594140374737382e-01 -5.734629932657343554e-01 -6.382765261516709643e-01 1.396869181748610494e-02 7.381790460489517924e-01 -6.744602078550062663e-01 -3.531436384558728769e-01 -7.009555843472906611e-01 4.331276350109465323e-01
1.584057358153925896e+09 8.547430393848177710e-01 -3.558448150794905063e-01 -3.778740589135325956e-01 -5.190510486034328741e-01 -5.868085197598470470e-01 -6.214835237630905729e-01 -5.880275596530994435e-04 7.273446425164356022e-01 -6.862721221081898859e-01 -3.667559125680786569e-01 -6.986437142564326797e-01 4.439009300699941485e-01
1.584057358153954983e+09 8.514466596121952335e-01 -3.565387513888686466e-01 -3.846020083005834422e-01 -5.242198413953156333e-01 -5.999131778034002549e-01 -6.043986575211347523e-01 -1.523627027644006496e-02 7.162292217809642647e-01 -6.976987589868198780e-01 -3.801824287703463590e-01 -6.959873621142091960e-01 4.548268209819000263e-01
1.584057358153984070e+09 8.480905848797223312e-01 -3.572771559541061959e-01 -3.912740649049677999e-01 -5.289994264154548320e-01 -6.128026500783747554e-01 -5.870541023935484937e-01 -3.003276376687869301e-02 7.048588129301774918e-01 -7.087115684760867396e-01 -3.934273975466471840e-01 -6.930159425351951619e-01 4.658922673828535532e-01
1.584057358154021025e+09 8.447211373874393692e-01 -3.579477333753620649e-01 -3.978939813792775060e-01 -5.333081829972633470e-01 -6.255112825890377648e-01 -5.694892602411645299e-01 -4.503978472217457646e-02 6.932597318453813662e-01 -7.192790573556979705e-01 -4.064959901947082233e-01 -6.897573634935446618e-01 4.770858452326947052e-01
1.584057358154047966e+09 8.413972001817420221e-01 -3.584099996125754695e-01 -4.044663445820691483e-01 -5.370392276095951045e-01 -6.380859514469313654e-01 -5.517564560588378297e-01 -6.032926108828482598e-02 6.814606305685353416e-01 -7.293639623660653770e-01 -4.193940916477374992e-01 -6.862378403980701203e-01 4.883975459156096322e-01
1.584057358154071093e+09 8.381970478068442310e-01 -3.584816089516835169e-01 -4.109947022612889800e-01 -5.400481373732309853e-01 -6.505898058848083032e-01 -5.339296901526698891e-01 -7.598498915005250098e-02 6.694952134192715398e-01 -7.389197798064429668e-01 -4.321280668063162134e-01 -6.824817714874394925e-01 4.998185992493151542e-01
1.584057358154094934e+09 8.352268709963537319e-01 -3.579220105821950826e-01 -4.174780335562365274e-01 -5.421378112814118078e-01 -6.631047894823826061e-01 -5.161188157513539876e-01 -9.210139930052235746e-02 6.574069308834241676e-01 -7.478859938720435752e-01 -4.447045434638542960e-01 -6.785116661620683720e-01 5.113413217939175581e-01
1.584057358154119015e+09 8.325583817906810902e-01 -3.563728284671676128e-01 -4.240812990877293465e-01 -5.430600163513216172e-01 -6.760748067481560097e-01 -4.980046933001742726e-01 -1.092353411631400290e-01 6.449195787663210000e-01 -7.564035811136111676e-01 -4.571302130494293015e-01 -6.743481173662454475e-01 5.229589907953532402e-01
1.584057358154143095e+09 8.297148072644390249e-01 -3.550962893280679156e-01 -4.306738488776799545e-01 -5.437106182276281174e-01 -6.887223925370932198e-01 -4.796250930388937794e-01 -1.263016327731465438e-01 6.321139862294661294e-01 -7.645127901667725379e-01 -4.693430567983054025e-01 -6.699295659093893462e-01 5.347074156617177554e-01
1.584057358154166937e+09 8.267035684062288281e-01 -3.540807802220323208e-01 -4.372505131584266125e-01 -5.440825154087797211e-01 -7.010415660753260836e-01 -4.609934265140492315e-01 -1.433018723516884252e-01 6.190052697462211651e-01 -7.722027258198203015e-01 -4.813390000734016350e-01 -6.652708062447089121e-01 5.465857968468509354e-01
1.584057358154190063e+09 8.235288448064207456e-01 -3.533212164451473014e-01 -4.438066695950686480e-01 -5.441738404766574000e-01 -7.130245980899297953e-01 -4.421207460498028374e-01 -1.602344323843903628e-01 6.056071670547492625e-01 -7.794644868414630778e-01 -4.931138473489525276e-01 -6.603856988954655005e-01 5.585937664535606251e-01
1.584057358154220104e+09 8.201910527467335399e-01 -3.528199190154137077e-01 -4.503384748560849693e-01 -5.439891086474244464e-01 -7.246611962557988340e-01 -4.230153667919757665e-01 -1.770945704315977642e-01 5.919326445169339479e-01 -7.862908226829873337e-01 -5.046632419232026656e-01 -6.552873154526246413e-01 5.707313365353281487e-01
1.584057358154268980e+09 8.166863229952313619e-01 -3.525872415846335040e-01 -4.568431756082285689e-01 -5.435402622663417782e-01 -7.359377230825941973e-01 -4.036826120450294764e-01 -1.938747877820137799e-01 5.779947275465054934e-01 -7.926756347634080768e-01 -5.159826397878154447e-01 -6.499880752733699918e-01 5.829988514326844840e-01
1.584057358154301882e+09 8.130060435510652050e-01 -3.526418232969871780e-01 -4.633194554589335490e-01 -5.428474669624966387e-01 -7.468365214769780991e-01 -3.841247688298982665e-01 -2.105654315690778933e-01 5.638075513008248274e-01 -7.986133260101208053e-01 -5.270672955860191689e-01 -6.444998732265113661e-01 5.953969432366597037e-01
1.584057358154335022e+09 8.091365811001547392e-01 -3.530102814521987598e-01 -4.697677452849811086e-01 -5.419394437540516751e-01 -7.573354654651169859e-01 -3.643413677862259448e-01 -2.271555252237621447e-01 5.493875992318573154e-01 -8.040980248248498219e-01 -5.379122600989455494e-01 -6.388341990395289827e-01 6.079264889974529407e-01
1.584057358154369116e+09 8.050590641731435460e-01 -3.537266254622749018e-01 -4.761904848138783786e-01 -5.408535449093985203e-01 -7.674076446032837007e-01 -3.443297114560864847e-01 -2.436336314280471427e-01 5.347550670106570037e-01 -8.091227794965744069e-01 -5.485123894930574728e-01 -6.330022489279650832e-01 6.205885682491270039e-01
1.584057358154397964e+09 8.007492936455674615e-01 -3.548313101080098342e-01 -4.825922816298462426e-01 -5.396354752087278994e-01 -7.770212408464378662e-01 -3.240857068705229604e-01 -2.599886975126273203e-01 5.199353160621615899e-01 -8.136787723872852540e-01 -5.588623674580793788e-01 -6.270150301842621898e-01 6.333844192989726007e-01
1.584057358154428005e+09 7.961778632751681517e-01 -3.563698354793979894e-01 -4.889799081624081611e-01 -5.383385442182374581e-01 -7.861396770665681766e-01 -3.036050397781873134e-01 -2.762108289917611925e-01 5.049603437383424209e-01 -8.177546267408034586e-01 -5.689567417938601324e-01 -6.208834589163273465e-01 6.463153928433902351e-01
1.584057358154465914e+09 7.913105925390143680e-01 -3.583907947947891359e-01 -4.953620741815584205e-01 -5.370223170842745031e-01 -7.947221413104453847e-01 -2.828846925735490903e-01 -2.922919384837985857e-01 4.898701425497675732e-01 -8.213359035694868249e-01 -5.787899763077145598e-01 -6.146184500426717934e-01 6.593829021339721042e-01
1.584057358154489040e+09 7.861092926572491590e-01 -3.609434351774980509e-01 -5.017489579418468182e-01 -5.357506841654854357e-01 -8.027245206679204381e-01 -2.619247001768367777e-01 -3.082261906923729478e-01 4.747137882591202507e-01 -8.244048974651932982e-01 -5.883565175464151586e-01 -6.082309976466290236e-01 6.725883698222900886e-01
1.584057358154509068e+09 7.805329098941440336e-01 -3.640747726948946328e-01 -5.081514898678183290e-01 -5.345893385584216118e-01 -8.101008007728757176e-01 -2.407299979538679857e-01 -3.240102095420828721e-01 4.595500546350845816e-01 -8.269408272385867509e-01 -5.976508748735331888e-01 -6.017322434432036404e-01 6.859331722535653153e-01
1.584057358154527903e+09 7.745388992324181432e-01 -3.678266042313780293e-01 -5.145804922371134404e-01 -5.336029699654174507e-01 -8.168047987748926486e-01 -2.193120866948452263e-01 -3.396429952710937061e-01 4.444474211388377283e-01 -8.289204581640919889e-01 -6.066677104655628927e-01 -5.951335307684519904e-01 6.994185830071385501e-01
1.584057358154546976e+09 7.680847480149830542e-01 -3.722326277357767554e-01 -5.210457666186546488e-01 -5.328523610830784296e-01 -8.227921423977511139e-01 -1.976902929452071800e-01 -3.551255853539469487e-01 4.294833657951890316e-01 -8.303191299066305930e-01 -6.154019345919877759e-01 -5.884464419915912403e-01 7.130457180270060036e-01
1.584057358154567003e+09 7.611294610856357279e-01 -3.773160104048016161e-01 -5.275552785777395393e-01 -5.323917357870312506e-01 -8.280222815973455885e-01 -1.758924133442158755e-01 -3.704605017441420234e-01 4.147429682420057384e-01 -8.311120786620423972e-01 -6.238488005717209850e-01 -5.816828181131631359e-01 7.268154850330672545e-01
1.584057358154587030e+09 7.536348589341345106e-01 -3.830876346267170773e-01 -5.341145605494919124e-01 -5.322666227438691555e-01 -8.324603341609729812e-01 -1.539546510810615443e-01 -3.856510624034880652e-01 4.003169450307538235e-01 -8.312758879848237692e-01 -6.320039925264158143e-01 -5.748547603360435465e-01 7.407285403202314988e-01
1.584057358154607058e+09 7.455666180325557502e-01 -3.895451041460940567e-01 -5.407263911691831959e-01 -5.325123556032659300e-01 -8.360786289043484754e-01 -1.319208764651754462e-01 -4.007006481497665806e-01 3.862992859917405153e-01 -8.307898967676967672e-01 -6.398637008003185134e-01 -5.679746152645187562e-01 7.547852549396878441e-01
1.584057358154625893e+09 7.368949952667152026e-01 -3.966725391949535995e-01 -5.473907770460134659e-01 -5.331532943321060092e-01 -8.388578228208630749e-01 -1.098413313062008567e-01 -4.156119956372502089e-01 3.727847233617226919e-01 -8.296374024037236339e-01 -6.474246803739935885e-01 -5.610549464711892531e-01 7.689856918317558021e-01
1.584057358154644012e+09 7.275951116184858902e-01 -4.044412070865170961e-01 -5.541052821935799066e-01 -5.342029342622371946e-01 -8.407874164031473585e-01 -8.777098422480422713e-02 -4.303865457935242000e-01 3.598664066818508811e-01 -8.278064936314908362e-01 -6.546842895583574462e-01 -5.541084962382931689e-01 7.833295943655947946e-01
1.584057358154663086e+09 7.176469538132187465e-01 -4.128106790270670290e-01 -5.608655749458709705e-01 -5.356646137892513426e-01 -8.418657969653819961e-01 -6.576778589787631024e-02 -4.450238998570637539e-01 3.476338927798737766e-01 -8.252904976451462815e-01 -6.616405094709993939e-01 -5.471481418223949067e-01 7.978163851482230617e-01
1.584057358154683113e+09 7.070352096681818965e-01 -4.217302819230038802e-01 -5.676660830049267137e-01 -5.375325987332660871e-01 -8.420999259423347372e-01 -4.389100426089909135e-02 -4.595214008267509698e-01 3.361715101908742120e-01 -8.220880720913418260e-01 -6.682919470732660017e-01 -5.401868502164619557e-01 8.124451729738563222e-01
1.584057358154705048e+09 6.957489717867124668e-01 -4.311407087910766878e-01 -5.745007029381279384e-01 -5.397934434965071526e-01 -8.415047287095841488e-01 -2.219977805399757712e-02 -4.738738300931280012e-01 3.255571854656023056e-01 -8.182029775680582651e-01 -6.746378254905457394e-01 -5.332376344675203717e-01 8.272147655150973167e-01
1.584057358154723883e+09 6.837814246989364353e-01 -4.409756008704113772e-01 -5.813634688120807859e-01 -5.424274122844343626e-01 -8.401023373393008420e-01 -7.519491407795668436e-04 -4.880732177372298919e-01 3.158616508198409112e-01 -8.136436271646471097e-01 -6.806779644836868925e-01 -5.263135136510119771e-01 8.421236859356995286e-01
1.584057358154742956e+09 6.711295591082012679e-01 -4.511630143688103445e-01 -5.882491390154540589e-01 -5.454098597168134388e-01 -8.379212702809870628e-01 2.039681255581998406e-02 -5.021087532102197493e-01 3.071479765518458915e-01 -8.084224890528696195e-01 -6.864127533254600344e-01 -5.194274779432694888e-01 8.571701920224044091e-01
1.584057358154762983e+09 6.577939087150672659e-01 -4.616267363232053333e-01 -5.951537029746875040e-01 -5.487125485344621634e-01 -8.349955855124818749e-01 4.119358546590871223e-02 -5.159667750696619315e-01 2.994714155120775656e-01 -8.025553928994915154e-01 -6.918431192689024067e-01 -5.125924595394997230e-01 8.723522961382713659e-01
1.584057358154781103e+09 6.437783381929362836e-01 -4.722874058470539760e-01 -6.020747941471594755e-01 -5.523048433812337565e-01 -8.313640697325908047e-01 6.158850349983176209e-02 -5.296308256616837351e-01 2.928794804310375088e-01 -7.960608009492871062e-01 -6.969704937300049696e-01 -5.058213096375601125e-01 8.876677849122206476e-01
