1.588763394204140902e+09 -8.335119986144903792e-02 -9.958040050357588324e-01 -3.777513782160352857e-02 -8.999901081892121013e-01 9.149891768225663913e-02 -4.261991943044029507e-01 4.278672488568704413e-01 -1.526963849828987018e-03 -9.038402988021873030e-01 5.340981478639897917e-01 -3.434131724186421097e-01 6.711547670559931955e-01
1.588763394204193115e+09 -8.424985925155524524e-02 -9.949611207287085701e-01 -5.435374371174769154e-02 -8.922903889760476215e-01 9.961115898827879733e-02 -4.403356432850401014e-01 4.435310845456839068e-01 1.140110714918894826e-02 -8.961864715556707717e-01 5.284176220834828630e-01 -3.449477819875235163e-01 6.774312745407204961e-01
1.588763394204219103e+09 -8.442477519335309100e-02 -9.939116209152915049e-01 -7.079651930150003547e-02 -8.843036488851819810e-01 1.074795692489828314e-01 -4.543734133558243737e-01 4.592161951669924691e-01 2.424524707109513427e-02 -8.879936115157636145e-01 5.224951883389947760e-01 -3.465706871330231365e-01 6.834569614986304442e-01
1.588763394204237938e+09 -8.388786910866291580e-02 -9.926647172726411616e-01 -8.706080923700082463e-02 -8.760276658936934080e-01 1.151049953005264942e-01 -4.683229320162349274e-01 4.749087849364863057e-01 3.698106468603357816e-02 -8.792576680625698859e-01 5.163410568344657392e-01 -3.482786234440238271e-01 6.892212970959205043e-01
1.588763394204256058e+09 -8.265353905451833239e-02 -9.912304383004458819e-01 -1.031048528698807615e-01 -8.674591588341570292e-01 1.224892807335588307e-01 -4.821939276648962158e-01 4.905945375236408501e-01 4.958421431026421855e-02 -8.699760947550080337e-01 5.099658629330047210e-01 -3.500681704132241334e-01 6.947142353141897431e-01
1.588763394204273939e+09 -8.073859478461552219e-02 -9.896195959030509304e-01 -1.188879083445054385e-01 -8.585938332511037219e-01 1.296351705422737477e-01 -4.959953145899866356e-01 5.062587370488422778e-01 6.203046023129375752e-02 -8.601478437845461178e-01 5.033806664678953657e-01 -3.519357506762723076e-01 6.999262672967907495e-01
1.588763394204286098e+09 -7.816229139815873694e-02 -9.878437346805516439e-01 -1.343704287074755921e-01 -8.494264501854117411e-01 1.365463263550621142e-01 -5.097350356209986444e-01 5.218863496644779998e-01 7.429573787274813823e-02 -8.497733705935047732e-01 4.965969497755141071e-01 -3.538776296186010861e-01 7.048484863003998679e-01
1.588763394204296112e+09 -7.494647338163937245e-02 -9.859150495530588643e-01 -1.495143513857027928e-01 -8.399509318007525316e-01 1.432274886593350449e-01 -5.234198302865200603e-01 5.374620529365778943e-01 8.635624838007614767e-02 -8.388546596526060828e-01 4.896266093753259829e-01 -3.558899172880716222e-01 7.094726617881657038e-01
1.588763394204304934e+09 -7.111580290889679690e-02 -9.838462560876225504e-01 -1.642835568618611353e-01 -8.301605203592247184e-01 1.496847921604622933e-01 -5.370549073689336872e-01 5.529702099370088497e-01 9.818863210139208708e-02 -8.273952740076786494e-01 4.824819374462158139e-01 -3.579685741682163691e-01 7.137913183489685842e-01
1.588763394204315901e+09 -6.669801947397806241e-02 -9.816503973818060391e-01 -1.786445398647707461e-01 -8.200480082365687595e-01 1.559262191995874069e-01 -5.506435130456470706e-01 5.683947910184946606e-01 1.097702673396357964e-01 -8.154004230767205597e-01 4.751755899457152377e-01 -3.601094221758743830e-01 7.177978133122532300e-01
1.588763394204325914e+09 -6.172411952105018307e-02 -9.793405834183134262e-01 -1.925672735548099590e-01 -8.096060449578470486e-01 1.619621056016583016e-01 -5.641864305552579673e-01 5.837192690897257119e-01 1.210797180556205110e-01 -8.028770246877139360e-01 4.677205398417549342e-01 -3.623081617035972535e-01 7.214864063115737913e-01
1.588763394204336882e+09 -5.622833700299067344e-02 -9.769296723943509120e-01 -2.060261862444885406e-01 -7.988275126231871859e-01 1.678055843491767785e-01 -5.776814788820704427e-01 5.989265224230564399e-01 1.320973170131427288e-01 -7.898337290712657000e-01 4.601300159575739679e-01 -3.645603948065625488e-01 7.248523146721136401e-01
1.588763394204345942e+09 -5.024785801536832408e-02 -9.744299083617299351e-01 -2.190011565269061045e-01 -7.877059543449536072e-01 1.734728909837047750e-01 -5.911230715250036516e-01 6.139987641030303367e-01 1.428058468311340923e-01 -7.762808820222628636e-01 4.524174294305402522e-01 -3.668616540886446287e-01 7.278917489381597772e-01
1.588763394204355955e+09 -4.382225841051120424e-02 -9.718525280923157039e-01 -2.314784512940280259e-01 -7.762360418873903711e-01 1.789835064892399685e-01 -6.045018707875988717e-01 6.289174961840953149e-01 1.531912796163684143e-01 -7.622304210968601224e-01 4.445962915359622514e-01 -3.692074361678922556e-01 7.306019250115253216e-01
1.588763394204365015e+09 -3.699265461459998183e-02 -9.692073649381226508e-01 -2.434514887187391174e-01 -7.644140535157669669e-01 1.843600855291901985e-01 -6.178045918874001119e-01 6.436634977640085520e-01 1.632435074308343226e-01 -7.476956994194563499e-01 4.366801271811713292e-01 -3.715932383695540464e-01 7.329810499852182915e-01
1.588763394204374075e+09 -2.980059846807057641e-02 -9.665024851037177234e-01 -2.549213030022939308e-01 -7.522383251345520216e-01 1.896281355390310452e-01 -6.310140034235752760e-01 6.582168537718329215e-01 1.729569790586803768e-01 -7.326912424808101898e-01 4.286823892958325777e-01 -3.740145968913380359e-01 7.350282816536838348e-01
1.588763394204384089e+09 -2.228680389060322745e-02 -9.637438824625608191e-01 -2.658966481425371065e-01 -7.397096483663094801e-01 1.948154744432277485e-01 -6.441091267302023748e-01 6.725570121139456958e-01 1.823311822975937080e-01 -7.172324626094334077e-01 4.206163794745420015e-01 -3.764671245521681309e-01 7.367436648510115038e-01
1.588763394204392910e+09 -1.448981639680907429e-02 -9.609352443008395417e-01 -2.763937437540457953e-01 -7.268316045866178854e-01 1.999515353492689607e-01 -6.570655996104236563e-01 6.866628458350173547e-01 1.913709483603646677e-01 -7.013353664801730281e-01 4.124951792641271542e-01 -3.789465465261063759e-01 7.381280490807241579e-01
1.588763394204404116e+09 -6.444706464239021056e-03 -9.580778280458103202e-01 -2.864355796173323476e-01 -7.136107914933308427e-01 2.050665025550239273e-01 -6.698562292761077730e-01 7.005127436929106111e-01 2.000864938996481934e-01 -6.850162705259236207e-01 4.043315953854640932e-01 -3.814487327991227250e-01 7.391829936238767385e-01
1.588763394204412937e+09 1.818092594640262696e-03 -9.551704691366810218e-01 -2.960507887738768606e-01 -7.000569178131020864e-01 2.101903326443926578e-01 -6.824517096401417904e-01 7.140847333563116184e-01 2.084931630917810641e-01 -6.682915490516830870e-01 3.961381206953972778e-01 -3.839697265750161570e-01 7.399106671517087230e-01
1.588763394204422951e+09 1.027368653281701336e-02 -9.522097289933246778e-01 -3.052721465849597693e-01 -6.861827495750391082e-01 2.153517308005774844e-01 -6.948214636384861809e-01 7.273566426449862288e-01 2.166108588122810374e-01 -6.511774337669331558e-01 3.879269111165452588e-01 -3.865057683855691040e-01 7.403137491102018686e-01
1.588763394204438925e+09 1.890326651707899958e-02 -9.491901813450691616e-01 -3.141347899520259279e-01 -6.720038978184271761e-01 2.205771576300336323e-01 -7.069345648322690190e-01 7.403063067939246178e-01 2.244631757627025825e-01 -6.336898727691095967e-01 3.797097772402944216e-01 -3.890533161948278029e-01 7.403953389213226988e-01
1.588763394204447985e+09 2.769423410162981727e-02 -9.461048268271796680e-01 -3.226742725364711850e-01 -6.575384414344613848e-01 2.258899376137311066e-01 -7.187606932955482586e-01 7.529118324733837797e-01 2.320762651424043421e-01 -6.158444443863989592e-01 3.714981882545882463e-01 -3.916090621972692087e-01 7.401588762841035951e-01
1.588763394204457998e+09 3.663990426767430725e-02 -9.429455634138809161e-01 -3.309247376042453448e-01 -6.428064540754985234e-01 2.313096101299241258e-01 -7.302709955669329789e-01 7.651518673159317663e-01 2.394776164960898956e-01 -5.976563319691035048e-01 3.633032855186822396e-01 -3.941699471541196820e-01 7.396080739014069261e-01
1.588763394204468012e+09 4.573884182999013448e-02 -9.397036834186534016e-01 -3.389173141380808496e-01 -6.278294538187001450e-01 2.368515372367474836e-01 -7.414388217056046004e-01 7.770058785534783574e-01 2.466948252006569975e-01 -5.791403352513304625e-01 3.551359030890490209e-01 -3.967331730932813771e-01 7.387468637581235953e-01
1.588763394204479933e+09 5.499390917451362631e-02 -9.363703668716143458e-01 -3.466788226926010297e-01 -6.126298000420902223e-01 2.425267692229257643e-01 -7.522403169310797333e-01 7.884544362821535035e-01 2.537544134739938562e-01 -5.603108954428155375e-01 3.470065923709192424e-01 -3.992962151675504834e-01 7.375793585326134716e-01
1.588763394204493046e+09 6.441112675211947691e-02 -9.329371358857668772e-01 -3.542308672898069055e-01 -5.972300766056557464e-01 2.483421602989122623e-01 -7.626548414070186688e-01 7.994794821539172869e-01 2.606807856471063389e-01 -5.411821187103104114e-01 3.389256479902799102e-01 -4.018568334343842197e-01 7.361098287144274277e-01
1.588763394204502106e+09 7.399846087603441369e-02 -9.293962388180819767e-01 -3.615893515631855570e-01 -5.816525050885642534e-01 2.543007055551726459e-01 -7.726652021310602692e-01 8.100645598637488121e-01 2.674953878610565328e-01 -5.217677896615340316e-01 3.309031320834971424e-01 -4.044130852054977354e-01 7.343426950788289886e-01
1.588763394204510927e+09 8.376466986888508881e-02 -9.257409289439525457e-01 -3.687644406187352009e-01 -5.659184494576671165e-01 2.604020583534777944e-01 -7.822576792046178618e-01 8.201949699177714104e-01 2.742161566811438522e-01 -5.020813786021918190e-01 3.229488946213024403e-01 -4.069633384147271493e-01 7.322825346865780016e-01
1.588763394204520941e+09 9.371832832910412248e-02 -9.219656172025526564e-01 -3.757609289649720408e-01 -5.500480637125378935e-01 2.666431608675868259e-01 -7.914218549386433654e-01 8.298578206974517313e-01 2.808573046233521220e-01 -4.821360512028224909e-01 3.150725878432683591e-01 -4.095062862034362650e-01 7.299340981938960971e-01
1.588763394204530001e+09 1.038670993605294857e-01 -9.180659069692675978e-01 -3.825789019747827813e-01 -5.340600977824607742e-01 2.730189032804659077e-01 -8.001502924538695938e-01 8.390419760993651499e-01 2.874294157064905542e-01 -4.619446864423994992e-01 3.072836736653858924e-01 -4.120409626369601619e-01 7.273023350615289706e-01
1.588763394204540014e+09 1.142172620247441234e-01 -9.140385411317532016e-01 -3.892145455740466109e-01 -5.179718403726732978e-01 2.795227367664159801e-01 -8.084381314098512128e-01 8.477379251069067090e-01 2.939397643348029554e-01 -4.415199036065149962e-01 2.995914240856913935e-01 -4.145667591536132401e-01 7.243924219634931827e-01
1.588763394204549074e+09 1.247734305086873607e-01 -9.098813110118475489e-01 -3.956609546260027033e-01 -5.017991371960577318e-01 2.861471935996400262e-01 -8.162826775144964575e-01 8.559376244650300780e-01 3.003927155690668815e-01 -4.208740897948837212e-01 2.920049149823800705e-01 -4.170834411718998824e-01 7.212097914285152678e-01
1.588763394204557896e+09 1.355383620174274439e-01 -9.055929764292981465e-01 -4.019088373856213314e-01 -4.855564093018016059e-01 2.928843095660305096e-01 -8.236830426212891076e-01 8.636343704557544187e-01 3.067900623426221829e-01 -4.000194143010707415e-01 2.845330132440532789e-01 -4.195911642530540941e-01 7.177601602541718862e-01
1.588763394204567909e+09 1.465127606618475409e-01 -9.011732266118509527e-01 -4.079470881209153466e-01 -4.692566167186990600e-01 2.997259783437001834e-01 -8.306398531719538791e-01 8.708227366418805904e-01 3.131312083517310274e-01 -3.789678188266115133e-01 2.771843569190436396e-01 -4.220904891864796782e-01 7.140495577462200316e-01
1.588763394204576969e+09 1.576950511349125006e-01 -8.966226767975826739e-01 -4.137632733882976033e-01 -4.529111678009403175e-01 3.066642758399890645e-01 -8.371550012456575596e-01 8.774985726204189707e-01 3.194132080479240576e-01 -3.577309849260050800e-01 2.699673277368594970e-01 -4.245823953279961871e-01 7.100843541646443269e-01
1.588763394204586983e+09 1.690811157429537026e-01 -8.919428903591194446e-01 -4.193440791784731614e-01 -4.365297851985787680e-01 3.136917836802560755e-01 -8.432314104632697704e-01 8.836590535689923254e-01 3.256306884932414492e-01 -3.363202815166504989e-01 2.628900156234550423e-01 -4.270682914200930047e-01 7.058712888023787047e-01
1.588763394204596996e+09 1.806640234213000851e-01 -8.871364064852157449e-01 -4.246757669503051225e-01 -4.201203613771334333e-01 3.208019247450943912e-01 -8.488727861947764630e-01 8.893027564430611154e-01 3.317757095799337974e-01 -3.147467012026870514e-01 2.559601747888683998e-01 -4.295500230420549737e-01 7.014174971546008885e-01
1.588763394204606056e+09 1.924338089984788669e-01 -8.822067481327054983e-01 -4.297446716464998206e-01 -4.036888533655550448e-01 3.279893012316517087e-01 -8.540833261760056860e-01 8.944297282857299747e-01 3.378376413682725454e-01 -2.930208000055736783e-01 2.491851716338934486e-01 -4.320298757321821004e-01 6.967305355841040271e-01
1.588763394204616070e+09 2.043773812598674022e-01 -8.771583843560418758e-01 -4.345377485194595324e-01 -3.872392754959330108e-01 3.352500013045371374e-01 -8.588673822218340081e-01 8.990415060275414039e-01 3.438031493128738125e-01 -2.711526598887581407e-01 2.425719250030992369e-01 -4.345105727810310570e-01 6.918184019305796406e-01
1.588763394204624891e+09 2.164786318868375248e-01 -8.719966297048373782e-01 -4.390431411887807944e-01 -3.707738384657252584e-01 3.425818241961748334e-01 -8.632290857852894517e-01 9.031410535804436091e-01 3.496563621782450282e-01 -2.491518928853453940e-01 2.361268391388335053e-01 -4.369952666800641095e-01 6.866895511520606510e-01
1.588763394204634905e+09 2.287188271538785067e-01 -8.667274658671393350e-01 -4.432507170010950293e-01 -3.542932822892698730e-01 3.499843543583924799e-01 -8.671719679134743952e-01 9.067325781319497402e-01 3.553793068165582159e-01 -2.270277076553403051e-01 2.298557301596081404e-01 -4.394875232017257383e-01 6.813529046883270990e-01
1.588763394204643965e+09 2.410774039263813562e-01 -8.613572660487270882e-01 -4.471524858997012464e-01 -3.377974643207223293e-01 3.574587809235291735e-01 -8.706986236035105797e-01 9.098211683785036863e-01 3.609527396528975363e-01 -2.047890654061166049e-01 2.237637479224658943e-01 -4.419912971662203760e-01 6.758178514604866738e-01
1.588763394204653978e+09 2.535331566080598065e-01 -8.558924474200332311e-01 -4.507427836968692092e-01 -3.212861625050642544e-01 3.650074075516142602e-01 -8.738105025239238932e-01 9.124122644383351188e-01 3.663573542030484909e-01 -1.824449197054288374e-01 2.178552959935854683e-01 -4.445108991592502390e-01 6.700942383115401357e-01
1.588763394204663038e+09 2.660656975108993127e-01 -8.503391023156184891e-01 -4.540181227508554573e-01 -3.047599834813931041e-01 3.726328633577525307e-01 -8.765079016872105999e-01 9.145110152919263546e-01 3.715752417955133780e-01 -1.600045080515065943e-01 2.121339520987910454e-01 -4.470509526948114876e-01 6.641923489571092132e-01
1.588763394204673052e+09 2.786570517782537282e-01 -8.447026570878708451e-01 -4.569766610102168336e-01 -2.882212560203954443e-01 3.803370638689230199e-01 -8.787902056415316521e-01 9.161215831349150962e-01 3.765914750129747968e-01 -1.374776558732270781e-01 2.066023907684756133e-01 -4.496163414878756592e-01 6.581228715935018014e-01
1.588763394204683065e+09 2.912932794635712530e-01 -8.389875938015413093e-01 -4.596172787130198278e-01 -2.716748190244015482e-01 3.881199756610070883e-01 -8.806563900335084849e-01 9.172464325689101416e-01 3.813957289166506892e-01 -1.148750621597795368e-01 2.012623108347371681e-01 -4.522121468296370073e-01 6.518968546639608563e-01
1.588763394204691887e+09 3.039660072903145327e-01 -8.331972678612984406e-01 -4.619382852130317074e-01 -2.551286243582214786e-01 3.959782567230927253e-01 -8.821057789979130925e-01 9.178856418191573274e-01 3.859838508623827380e-01 -9.220854308657340515e-02 1.961143706519830332e-01 -4.548435754205534254e-01 6.455256505922287724e-01
1.588763394204701900e+09 3.166737320497433616e-01 -8.273338535840999430e-01 -4.639358169493648099e-01 -2.385940894858931405e-01 4.039038657590036108e-01 -8.831390195168729029e-01 9.180362780983142290e-01 3.903592730214720530e-01 -6.949122292787367206e-02 1.911581338423496979e-01 -4.575158783867274703e-01 6.390208477956964561e-01
1.588763394204710960e+09 3.294227744274911274e-01 -8.213984401213831887e-01 -4.656020171345446879e-01 -2.220861756286467981e-01 4.118827265221512990e-01 -8.837592151107753757e-01 9.176918689274593532e-01 3.945341838849608651e-01 -4.673768771690854640e-02 1.863920286054227826e-01 -4.602342626724058028e-01 6.323941915028232774e-01
1.588763394204720974e+09 3.422278266026009264e-01 -8.153912841520901678e-01 -4.669230863137625587e-01 -2.056232286671053344e-01 4.198934829929633072e-01 -8.839731618541630809e-01 9.168419725033472023e-01 3.985304464698829485e-01 -2.396415438015628285e-02 1.818133243639921681e-01 -4.630037966915013237e-01 6.256574938946076747e-01
1.588763394204730034e+09 3.551120197539796020e-01 -8.093122247762335464e-01 -4.678773090876456320e-01 -1.892266345438891328e-01 4.279063801999422600e-01 -8.837926287706120432e-01 9.154718642416121988e-01 4.023802339905356851e-01 -1.188729648648662041e-03 1.774181298664383455e-01 -4.658293129164128299e-01 6.188225345480282691e-01
1.588763394204741001e+09 3.681064590559657845e-01 -8.031612571308996973e-01 -4.684331648701820505e-01 -1.729203679409826444e-01 4.358822788971746243e-01 -8.832356341319420601e-01 9.135623575680126285e-01 4.061263769830592563e-01 2.156814215126951276e-02 1.732014163444676180e-01 -4.687153107797177309e-01 6.119009531330200646e-01
1.588763394204752922e+09 3.812491945876714805e-01 -7.969392525181226983e-01 -4.685476278108889336e-01 -1.567305290608431434e-01 4.437717862478798292e-01 -8.823276846481512559e-01 9.110897831167248384e-01 4.098224366966796706e-01 4.428292540905564428e-02 1.691570678009408912e-01 -4.716658636338617039e-01 6.049041375293806588e-01
1.588763394204761982e+09 3.945835847743298652e-01 -7.906488063447353332e-01 -4.681647784246354971e-01 -1.406849554711288863e-01 4.515144907733957824e-01 -8.811029497349448514e-01 9.080261769047670573e-01 4.135325014322072668e-01 6.692781422848763373e-02 1.652779593860440877e-01 -4.746845338621640265e-01 5.978431111283399879e-01
1.588763394204773903e+09 4.081560160283959626e-01 -7.842951840341368941e-01 -4.672148659725960940e-01 -1.248129864784004173e-01 4.590382928759296766e-01 -8.796053457010070131e-01 9.043397508681618735e-01 4.173306962920463326e-01 8.946901661790776505e-02 1.615560648059324034e-01 -4.777743009659573548e-01 5.907284230918337098e-01
1.588763394204782963e+09 4.220129898874564467e-01 -7.778873224769982109e-01 -4.656139495342894730e-01 -1.091454530818680435e-01 4.662587962066360725e-01 -8.778895176144806412e-01 8.999957257968507207e-01 4.213004255663431730e-01 1.118644043808692257e-01 1.579825931353980306e-01 -4.809375081102972849e-01 5.835700457156515197e-01
1.588763394204792023e+09 4.361975183933699540e-01 -7.714388333772908002e-01 -4.632643429080786079e-01 -9.371490560485448706e-02 4.730788355307573023e-01 -8.760216503866949944e-01 8.949576757760893120e-01 4.255332440866221866e-01 1.340604966015118693e-01 1.545481534333662810e-01 -4.841758326301199289e-01 5.763772837902592094e-01
1.588763394204802036e+09 4.507447745751899104e-01 -7.649689259582023171e-01 -4.600561820219562503e-01 -7.855604082097855656e-02 4.793883188436889320e-01 -8.740799667722899402e-01 8.891895729596863696e-01 4.301271697611574463e-01 1.559888495229563854e-01 1.512429432689173792e-01 -4.874902855412875380e-01 5.691587012738349438e-01
1.588763394204812050e+09 4.656771339082245720e-01 -7.585031416436953666e-01 -4.558703666359213980e-01 -6.370628612764439591e-02 4.850645060766736183e-01 -8.721547650264307450e-01 8.826586634030441081e-01 4.351843392781897246e-01 1.775620307639720896e-01 1.480569550204902385e-01 -4.908812442024826916e-01 5.619220705580324493e-01
1.588763394204821110e+09 4.809988788168533258e-01 -7.520737882671841845e-01 -4.505830619136503845e-01 -4.920646426277171942e-02 4.899728447441203394e-01 -8.703478243748322685e-01 8.753392499314169850e-01 4.408079270000706540e-01 1.986694969688939938e-01 1.449801923791471658e-01 -4.943485213501539466e-01 5.546743490741440352e-01
1.588763394204830885e+09 4.966909880813940581e-01 -7.457199843059529876e-01 -4.440718044084331351e-01 -3.510144720026689424e-02 4.939684404607587731e-01 -8.687710103008190465e-01 8.672173607483451008e-01 4.470982944792747382e-01 2.191738220975923135e-01 1.420028879258909138e-01 -4.978914722669182114e-01 5.474216872957371471e-01
1.588763394204839945e+09 5.127065359535277755e-01 -7.394872808536560038e-01 -4.362230731532938943e-01 -2.144071742920339307e-02 4.968981853731273546e-01 -8.675439407401260850e-01 8.582961631326793128e-01 4.541483842520566139e-01 2.389078094902643279e-01 1.391157113983743365e-01 -5.015091399722290122e-01 5.401694712240214802e-01
1.588763394204849958e+09 5.289671819492595128e-01 -7.334268710084675957e-01 -4.269411498186744258e-01 -8.278723754895061376e-03 4.986037187925057568e-01 -8.667905135874337530e-01 8.486018991122232791e-01 4.620382631109047344e-01 2.576731655548469280e-01 1.363099574197272623e-01 -5.052004360422963636e-01 5.329224012083287887e-01
1.588763394204859018e+09 5.453612940470954351e-01 -7.275944755451041468e-01 -4.161578284937418326e-01 4.325026270671737672e-03 4.989253179316384679e-01 -8.666341912136080738e-01 8.381899266442957019e-01 4.708288504030250787e-01 2.752414222145085909e-01 1.335777018150061390e-01 -5.089643526500746695e-01 5.256846075556954601e-01
1.588763394204868078e+09 5.617441631418597092e-01 -7.220490147776845724e-01 -4.038424390028011457e-01 1.630622722721426776e-02 4.977069836481573528e-01 -8.671919427020527982e-01 8.271502899451862456e-01 4.805548655193856988e-01 2.913578882949777737e-01 1.309119162101093359e-01 -5.128001990240618202e-01 5.184598019817141523e-01
1.588763394204879045e+09 5.779407504401627982e-01 -7.168511925813407792e-01 -3.900113546814699128e-01 2.759649007000901724e-02 4.948029585072183933e-01 -8.685669036373725449e-01 8.156119927668374903e-01 4.912172635750800542e-01 3.057493699473274318e-01 1.283065317547009976e-01 -5.167078529954278743e-01 5.112514624948754083e-01
1.588763394204888105e+09 5.937513157583230727e-01 -7.120621434172381692e-01 -3.747357456293876621e-01 3.812459216468654100e-02 4.900856740980170101e-01 -8.708401389589605079e-01 8.037449163373070471e-01 5.027758308052034941e-01 3.181360926121739596e-01 1.257564446796294588e-01 -5.206880158401323566e-01 5.040630478214498389e-01
1.588763394204896927e+09 6.089600074233856297e-01 -7.077422370127602891e-01 -3.581461090284080995e-01 4.781839669464213460e-02 4.834549233635457299e-01 -8.740622049482491551e-01 7.917582398238171004e-01 5.151429540510933380e-01 3.282478127346364905e-01 1.232574593654180567e-01 -5.247424569283232199e-01 4.968982361882191556e-01
1.588763394204906940e+09 6.233461042034462718e-01 -7.039500698593024186e-01 -3.404319809074554115e-01 5.660756766167544113e-02 4.748475956287657729e-01 -8.782456059183570973e-01 7.798943631621788608e-01 5.281799505416463481e-01 3.358433000018793968e-01 1.208061678741278178e-01 -5.288742332508551414e-01 4.897611821514878394e-01
1.588763394204916000e+09 6.366970432184985151e-01 -7.007416030745515778e-01 -3.218354874503952523e-01 6.442711792290277406e-02 4.642467457830227739e-01 -8.833595562464442441e-01 7.684178691760733537e-01 5.416974846097767360e-01 3.407312922242580200e-01 1.183997682926990203e-01 -5.330878675106069942e-01 4.826567839885557154e-01
1.588763394204925060e+09 6.488217769901751808e-01 -6.981693240095816488e-01 -3.026382276256912029e-01 7.122167496676155840e-02 4.516883644043476753e-01 -8.893284514635451110e-01 7.576000097386809129e-01 5.554612646751446725e-01 3.427900358702223316e-01 1.160358286077406431e-01 -5.373894688285406618e-01 4.755909534538375061e-01
1.588763394204935074e+09 6.595627103226313626e-01 -6.962811708649497833e-01 -2.831423005414481775e-01 7.695023925281760380e-02 4.372643006506755081e-01 -8.960349279806578693e-01 7.477002687375018386e-01 5.692033578210520250e-01 3.419822299149120615e-01 1.137120069746551942e-01 -5.417867812757243273e-01 4.685708792279213997e-01
1.588763394204943895e+09 6.688046339081793468e-01 -6.951189156187043139e-01 -2.636475960768983606e-01 8.159104717789636418e-02 4.211201914244443456e-01 -9.033275626819690096e-01 7.389474018656739807e-01 5.826383763550342376e-01 3.383626156607856816e-01 1.114257430614376404e-01 -5.462891477407780805e-01 4.616052752044788043e-01
1.588763394204953909e+09 6.764795858416924323e-01 -6.947158574318156310e-01 -2.444284097181298743e-01 8.514589742630342128e-02 4.034478994782960126e-01 -9.110323642241877629e-01 7.315227584516522663e-01 5.954827200816467103e-01 3.320764730508889429e-01 1.091739383573040734e-01 -5.509073803105758449e-01 4.547046049918386235e-01
1.588763394204962969e+09 6.825673111021959283e-01 -6.950939512904636963e-01 -2.257127927239235832e-01 8.764311834030613646e-02 3.844729208862392444e-01 -9.189664069043457229e-01 7.255484474967844877e-01 6.074742562938633128e-01 3.233488491980328061e-01 1.069526455402993181e-01 -5.556535334850059016e-01 4.478812748559089507e-01
1.588763394204972029e+09 6.870918948628711442e-01 -6.962606646312157199e-01 -2.076675588678964512e-01 8.913847998514835835e-02 3.644383339147088119e-01 -9.269514724435692354e-01 7.210818673653085487e-01 6.183896730498452676e-01 3.124662426962848127e-01 1.047567875118604330e-01 -5.605405818531131734e-01 4.411497882708645957e-01
1.588763394204982042e+09 6.901157968584515912e-01 -6.982059776506612803e-01 -1.903906505173321995e-01 8.971362286889970894e-02 3.435875205516151221e-01 -9.348256958913907511e-01 7.181167403994650478e-01 6.280573449669120123e-01 2.997537632685020603e-01 1.025799255557085510e-01 -5.655820083643171570e-01 4.345268556399302096e-01
1.588763394204991102e+09 6.917327181208132725e-01 -7.008999715001593689e-01 -1.739111173484070849e-01 8.947193109860766824e-02 3.221479838998910217e-01 -9.424518290717114333e-01 7.165895758875444610e-01 6.363646018534899751e-01 2.855511744672522556e-01 1.004140938376810732e-01 -5.707913137742243181e-01 4.280314529585408367e-01
1.588763394205001116e+09 6.920605189680799629e-01 -7.042913776132917469e-01 -1.581957446023989911e-01 8.853214716450077959e-02 3.003181919755481544e-01 -9.497215605601853072e-01 7.163897661525545635e-01 6.432593870742501219e-01 2.701907916551132827e-01 9.824971426336980007e-02 -5.761814621314064189e-01 4.216848233314262617e-01
1.588763394205012083e+09 6.912350163477991583e-01 -7.083072761049047372e-01 -1.431605912833980865e-01 8.702036888468638043e-02 2.782586994043790285e-01 -9.565560891609280469e-01 7.173713178108778177e-01 6.487471764046619516e-01 2.539793170550148083e-01 9.607560171099865931e-02 -5.817642808054344084e-01 4.155104151702792570e-01
1.588763394205022097e+09 6.894049876811523259e-01 -7.128539914049830672e-01 -1.286854692785422971e-01 8.506124201455651790e-02 2.560880068533449849e-01 -9.629036909051262860e-01 7.193645446579034486e-01 6.528844612592443752e-01 2.371845950685293192e-01 9.387906505905765919e-02 -5.875498376334933326e-01 4.095337518198915450e-01
1.588763394205030918e+09 6.867281911152737228e-01 -7.178192255416243617e-01 -1.146296256448166156e-01 8.276917405010826567e-02 2.338829618838396962e-01 -9.687352703775153895e-01 7.221867178214796956e-01 6.557700203980413312e-01 2.200273277387601867e-01 9.164610428703452716e-02 -5.935458204024104401e-01 4.037822283083917219e-01
1.588763394205039978e+09 6.833680014404657221e-01 -7.230753892678171146e-01 -1.008471920658302601e-01 8.024040764660728131e-02 2.116830640454648860e-01 -9.740388891019303719e-01 7.256511914347004710e-01 6.575349891077387765e-01 2.026772963875191624e-01 8.936169873155955234e-02 -5.997569452754430985e-01 3.982848321113194312e-01
1.588763394205049038e+09 6.794902179550814658e-01 -7.284840302498493125e-01 -8.720126994142203547e-02 7.754671736786936109e-02 1.894977322744685888e-01 -9.788141377167548507e-01 7.295749107328594052e-01 6.583324594785674444e-01 1.852534005855475674e-01 8.701017716162347260e-02 -6.061844194724474999e-01 3.930717842858302835e-01
1.588763394205059052e+09 6.752596692564524217e-01 -7.339012082409847038e-01 -7.357578217860402670e-02 7.473134039249251792e-02 1.673154155160371526e-01 -9.830670265041594469e-01 7.337844410180721644e-01 6.583270982896570755e-01 1.678267731316558931e-01 8.457565643160473712e-02 -6.128254835180474425e-01 3.881740988084633748e-01
1.588763394205068111e+09 6.708363855056727054e-01 -7.391836029506494432e-01 -5.988443132973086253e-02 7.180754226015914621e-02 1.451133641516140771e-01 -9.868058514850066576e-01 7.381207359212824670e-01 6.576851167108528351e-01 1.504262824858909608e-01 8.204253193561329704e-02 -6.196730580173859249e-01 3.836230605047710740e-01
1.588763394205077887e+09 6.663712955794179882e-01 -7.441950502573004833e-01 -4.607628137606288588e-02 6.875996908087811388e-02 1.228669174994204277e-01 -9.900382756954801966e-01 7.424428349171929842e-01 6.565648847039873282e-01 1.330458156284149429e-01 7.939599982319903160e-02 -6.267155190978407342e-01 3.794496259975468355e-01
1.588763394205086946e+09 6.620016747022609005e-01 -7.488130298645420124e-01 -3.213765862023401643e-02 6.554864019249317941e-02 1.005572808999806722e-01 -9.927696656993553193e-01 7.466305368117123198e-01 6.551086014035570892e-01 1.156527642116615823e-01 7.662258775237222597e-02 -6.339366251405763597e-01 3.756837583839940931e-01
1.588763394205096960e+09 6.578468269471596797e-01 -7.529344536550827138e-01 -1.809035322430632350e-02 6.211507805303519841e-02 7.817699708497694022e-02 -9.950025499018246844e-01 7.505859507030719913e-01 6.534355864933887315e-01 9.819707181823306152e-02 7.371066735975406736e-02 -6.413156148359554498e-01 3.723537168556665389e-01
1.588763394205106020e+09 6.540045467987111172e-01 -7.564801124672423382e-01 -3.986516432304723981e-03 5.838976753171408463e-02 5.573270320422142599e-02 -9.967369266496726166e-01 7.542338416250293776e-01 6.516377101621667611e-01 8.062013919999454215e-02 7.065091991049993192e-02 -6.488274889412428692e-01 3.694853307500429174e-01
1.588763394205116987e+09 6.505488715433596081e-01 -7.593972460390615575e-01 1.009893791715762122e-02 5.429995400363921837e-02 3.324521649517374333e-02 -9.979710770765272132e-01 7.575207460964950013e-01 6.497773298284610366e-01 6.286287359700931665e-02 6.743672681979934191e-02 -6.564434774967146113e-01 3.671012948911572260e-01
1.588763394205127001e+09 6.475294801619694285e-01 -7.616599350334867236e-01 2.407728786759042588e-02 4.977677467118233473e-02 1.074742161379785288e-02 -9.987025411692320720e-01 7.604129437757934928e-01 6.478878269918308952e-01 4.487224728609209151e-02 6.406445915451508544e-02 -6.641316812303298400e-01 3.652205290838489438e-01
1.588763394205136061e+09 6.449728332880967363e-01 -7.632673459161820606e-01 3.785502718921996551e-02 4.476088963627176259e-02 -1.171925697860317674e-02 -9.989289874063776997e-01 7.628935096828098894e-01 6.459764838946682186e-01 2.660592305098439386e-02 6.053364617908418149e-02 -6.718578608346862380e-01 3.638576445210214283e-01
1.588763394205144882e+09 6.428848344268380810e-01 -7.642402179126053241e-01 5.134178701579156234e-02 3.920612180817820841e-02 -3.410890085840370678e-02 -9.986488186549293822e-01 7.649588026248587136e-01 6.440290927266637544e-01 8.034799990152666910e-03 5.684701228665611089e-02 -6.795863339851866414e-01 3.630225522009545291e-01
1.588763394205153942e+09 6.412546159811781665e-01 -7.646161834106647293e-01 6.445626156119343975e-02 3.308092904638869347e-02 -5.637484909575818381e-02 -9.978614776755090343e-01 7.666147465660276827e-01 6.420155516242329607e-01 -1.085641849811460648e-02 5.301038231978317389e-02 -6.872809308681757656e-01 3.627202358378021629e-01
1.588763394205163002e+09 6.400587949849773084e-01 -7.644447218730161531e-01 7.712980142571625175e-02 2.636802455809123674e-02 -7.847260303275345461e-02 -9.965674979448506665e-01 7.678733399977454299e-01 6.398955522938183371e-01 -3.007018253628003165e-02 4.903246495497674134e-02 -6.949059558643800871e-01 3.629506986848721195e-01
1.588763394205173016e+09 6.392656409754103874e-01 -7.637824053790887024e-01 8.930776901667428214e-02 1.906263144156148878e-02 -1.003616475440396866e-01 -9.947683930898997273e-01 7.687496708205233675e-01 6.376236954564051818e-01 -4.959805044881832048e-02 4.492453145822044441e-02 -7.024271049081127760e-01 3.637090820483760978e-01
1.588763394205182076e+09 6.388386979090729945e-01 -7.626889207606886156e-01 1.009491372317800340e-01 1.116999728405523168e-02 -1.220062407597663351e-01 -9.924664772586709871e-01 7.692596110873379800e-01 6.351535935793257703e-01 -6.942307480582599055e-02 4.070001249626339912e-02 -7.098122934686108554e-01 3.649859435693773024e-01
1.588763394205190897e+09 6.387396527095607901e-01 -7.612240680551284333e-01 1.120248828393739238e-01 2.702644180466996088e-03 -1.433753732918893187e-01 -9.896646897579689517e-01 7.694181904572896524e-01 6.324408435731078137e-01 -8.952221833955326113e-02 3.637403932393967060e-02 -7.170323585658527898e-01 3.667676736223853817e-01
1.588763394205200911e+09 6.389303751956334487e-01 -7.594457590141037162e-01 1.225157739761031372e-01 -6.322231278245698388e-03 -1.644421800173474224e-01 -9.863664627960028186e-01 7.692385878774464780e-01 6.294449210371001469e-01 -1.098684954997555946e-01 3.196295689400370510e-02 -7.240616089020474044e-01 3.690370209702573678e-01
1.588763394205209970e+09 6.393741868193513200e-01 -7.574088866218523508e-01 1.324100743918066592e-01 -1.588491716864464526e-02 -1.851830923808155949e-01 -9.825756417745735716e-01 7.687316298106474655e-01 6.261301788251707467e-01 -1.304326665199103119e-01 2.748383542770129265e-02 -7.308782088149554657e-01 3.717736945706953677e-01
1.588763394205219030e+09 6.400365060403683248e-01 -7.551648445902324758e-01 1.417015474006970976e-01 -2.596474344205915163e-02 -2.055769746818905674e-01 -9.782964477521733926e-01 7.679056602665524922e-01 6.224661959087846030e-01 -1.511844300313547051e-01 2.295400422196566467e-02 -7.374643936771704267e-01 3.749550062634040004e-01
1.588763394205229044e+09 6.408850617528003557e-01 -7.527614454092644847e-01 1.503879783512253043e-01 -3.654099565254199239e-02 -2.256044176603239082e-01 -9.735334624319590402e-01 7.667666485279280852e-01 6.184277266677401519e-01 -1.720931538332904076e-01 1.839062697207392155e-02 -7.438065240596785088e-01 3.785565220782154960e-01
1.588763394205238104e+09 6.418898728676432075e-01 -7.502430133871829110e-01 1.584702245811007437e-01 -4.759329176942067585e-02 -2.452472587586084773e-01 -9.682916196868743830e-01 7.653184106792528807e-01 6.139944649665037835e-01 -1.931282663629230179e-01 1.381033308798344100e-02 -7.498949947178226161e-01 3.825526926023781749e-01
1.588763394205246925e+09 6.430231425022718827e-01 -7.476504986808510944e-01 1.659517102469325045e-01 -5.910156332735894830e-02 -2.644883384974532348e-01 -9.625761913308525930e-01 7.635628614954397264e-01 6.091507618775813260e-01 -2.142594358513230934e-01 9.228914218930109672e-03 -7.557240194797562038e-01 3.869174397140628385e-01
1.588763394205255985e+09 6.442591605739302896e-01 -7.450215292542771151e-01 1.728382338179178801e-01 -7.104579223549073452e-02 -2.833114610400939148e-01 -9.563927600911930060e-01 7.615002491521759564e-01 6.038853674882400657e-01 -2.354566488278388436e-01 4.661090671547507384e-03 -7.612913152622562407e-01 3.916246842995982913e-01
1.588763394205275059e+09 6.455742584981338794e-01 -7.423903712854860171e-01 1.791379733397896468e-01 -8.340561713195193683e-02 -3.017015200715807421e-01 -9.497471747382180141e-01 7.591293564553884821e-01 5.981912148177662703e-01 -2.566902621544917551e-01 1.203486466379135103e-04 -7.665977105426783345e-01 3.966488038114191483e-01
1.588763394205285072e+09 6.469468230586865598e-01 -7.397878253415947070e-01 1.848615203760130554e-01 -9.615996190773198893e-02 -3.196447044701650753e-01 -9.426454926089531394e-01 7.564476650089574372e-01 5.920652299005871866e-01 -2.779310951436163024e-01 -4.381154516545234488e-03 -7.716467058933764722e-01 4.019650112094060868e-01
1.588763394205295086e+09 6.483573481366090574e-01 -7.372410950754786363e-01 1.900218854613267006e-01 -1.092867320274909099e-01 -3.371287429996288609e-01 -9.350939102315516394e-01 7.534514976810192666e-01 5.855081369654753232e-01 -2.991505677613129355e-01 -8.832623249456873077e-03 -7.764440129268173063e-01 4.075496523997372833e-01
1.588763394205303907e+09 6.497885070057543011e-01 -7.347736368870777524e-01 1.946345262384708563e-01 -1.227625297824682382e-01 -3.541432068055859750e-01 -9.270986735298223369e-01 7.501361592956807822e-01 5.785242360414102336e-01 -3.203208560682497819e-01 -1.322460335602628455e-02 -7.809970950563542846e-01 4.133804241962603099e-01
1.588763394205312967e+09 6.512252173378602071e-01 -7.324050509374911977e-01 1.987172810039730397e-01 -1.365624928440570818e-01 -3.706797824747092296e-01 -9.186659809302893942e-01 7.464960829704573309e-01 5.711211257733486146e-01 -3.414150814003619194e-01 -1.754891855942240786e-02 -7.853147305738101824e-01 4.194365176101718662e-01
1.588763394205322981e+09 6.526546671808270972e-01 -7.301510624076437139e-01 2.022901667832059103e-01 -1.506602893364656914e-01 -3.867324610071566360e-01 -9.098018910324886521e-01 7.425249912719966705e-01 5.633093552817981520e-01 -3.624075159140536240e-01 -2.179857480759997412e-02 -7.894066133426261844e-01 4.256986947919943476e-01
1.588763394205332041e+09 6.540662910258477902e-01 -7.280235909983114873e-01 2.053751153346445590e-01 -1.650282024815571680e-01 -4.022976616314219434e-01 -9.005122341964533206e-01 7.382160790509590953e-01 5.551020108739439518e-01 -3.832737639818315500e-01 -2.596764256618336320e-02 -7.932830006392500577e-01 4.321493103772591771e-01
1.588763394205341101e+09 6.554516972990529489e-01 -7.260308951789087306e-01 2.079957015387754460e-01 -1.796372571202707324e-01 -4.173743070945904465e-01 -8.908025279137392616e-01 7.335622184946251068e-01 5.465142515107532795e-01 -4.039908965501002314e-01 -3.005112606461866898e-02 -7.969544127143817214e-01 4.387722886929820154e-01
1.588763394205349922e+09 6.568045548185849070e-01 -7.241777733992617039e-01 2.101769002272908249e-01 -1.944573573846958003e-01 -4.319638629169157973e-01 -8.806778965085637623e-01 7.285561838114610334e-01 5.375628091028962219e-01 -4.245375287320929392e-01 -3.404482712371873637e-02 -8.004313852471920399e-01 4.455530673897526439e-01
1.588763394205359936e+09 6.581204471548351975e-01 -7.224658063167861410e-01 2.119448886971807278e-01 -2.094574209863863112e-01 -4.460703460293970468e-01 -8.701429970371752365e-01 7.231908917240604806e-01 5.282654684714503945e-01 -4.448938400904943191e-01 -3.794520938052683284e-02 -8.037242724003412775e-01 4.524785174347212835e-01
1.588763394205368996e+09 6.593967016402620951e-01 -7.208936307517400666e-01 2.133268926146479894e-01 -2.246055114506521067e-01 -4.597002978037028065e-01 -8.592019556140860770e-01 7.174596533150627842e-01 5.186405397043178933e-01 -4.650415427063619433e-01 -4.174926752762075921e-02 -8.068430969431916733e-01 4.595368473336703952e-01
1.588763394205378056e+09 6.606321999966350278e-01 -7.194572353440799040e-01 2.143510740438772377e-01 -2.398689677249755681e-01 -4.728627195389928928e-01 -8.478583177032790186e-01 7.113564329463082370e-01 5.087063348005343988e-01 -4.849638030226380847e-01 -4.545440568528669179e-02 -8.097974439409054703e-01 4.667174970903195108e-01
1.588763394205388069e+09 6.618271496460285119e-01 -7.181503319220479131e-01 2.150463318840153959e-01 -2.552146324959822521e-01 -4.855688705823607565e-01 -8.361150419572677128e-01 7.048760993225982041e-01 4.984806643868062159e-01 -5.046451345636020491e-01 -4.905832810210657147e-02 -8.125963935260770432e-01 4.740110264356481307e-01
