1.586177204555208921e+09 8.816835985331260561e-01 -4.715063482498358938e-01 -1.777064472887908073e-02 -4.019139320757299932e-02 -3.752299625291849461e-02 -9.984871942332773642e-01 4.701262428143133110e-01 8.810640093886135116e-01 -5.203390739974825263e-02 7.189375995396293795e-02 -7.816053968163094723e-01 2.761062057427551286e-01
1.586177204555263996e+09 8.808787321714509622e-01 -4.732873333147921691e-01 -7.194408112477379200e-03 -4.769000463425712710e-02 -7.361792782522720568e-02 -9.961456040882376017e-01 4.709334590576710888e-01 8.778265780619807224e-01 -8.741954203670428136e-02 6.382175047477825491e-02 -7.920143407772066713e-01 2.722623723690799080e-01
1.586177204555290937e+09 8.805001213139903582e-01 -4.740383039178350244e-01 2.687556755322880429e-03 -5.591618729355345152e-02 -1.094877323655982226e-01 -9.924141357536835351e-01 4.707365681141125746e-01 8.736704889166739818e-01 -1.229103762028433550e-01 5.519978293502438016e-02 -8.021551885821552874e-01 2.689301976911286363e-01
1.586177204555315018e+09 8.805471195732358369e-01 -4.738148510451659079e-01 1.167293101662170672e-02 -6.494841369704534850e-02 -1.450244839201522140e-01 -9.872940813184267750e-01 4.694874587965268686e-01 8.686008210424558396e-01 -1.584744145283950023e-01 4.603323334151709217e-02 -8.119691235436119481e-01 2.661124759313293620e-01
1.586177204555335999e+09 8.809953567492684323e-01 -4.727191676853278457e-01 1.959005032417529199e-02 -7.483807103459665100e-02 -1.801191857553646192e-01 -9.807937308288098288e-01 4.671685399432333186e-01 8.626086411282414268e-01 -1.940615569440874710e-01 3.633581918339946759e-02 -8.213992988797659267e-01 2.638080326594876013e-01
1.586177204555356979e+09 8.818015420719012010e-01 -4.708864790934755296e-01 2.630521615939928476e-02 -8.560982084982200757e-02 -2.146673513406357481e-01 -9.729279969414830198e-01 4.637855098905835360e-01 8.556774230986829988e-01 -2.296065085412167250e-01 2.612911662631311679e-02 -8.303923793596257319e-01 2.620118607517893383e-01
1.586177204555377960e+09 8.829086812285258379e-01 -4.684717568271402621e-01 3.172497232082974183e-02 -9.726427399066209234e-02 -2.485728908463409603e-01 -9.637173752385216341e-01 4.593603398621285971e-01 8.477887303570694755e-01 -2.650327285401494204e-01 1.544177995922503890e-02 -8.388999318457318610e-01 2.607153682712737841e-01
1.586177204555397034e+09 8.842510443402876730e-01 -4.656381251723236137e-01 3.579423396116911821e-02 -1.097821713231402208e-01 -2.817500928280876615e-01 -9.531866346376864918e-01 4.539250661477413074e-01 8.389267083068067121e-01 -3.002565782398183836e-01 4.308517796687024067e-03 -8.468795981154693120e-01 2.599067232505312131e-01
1.586177204555417061e+09 8.857583886639955884e-01 -4.625477999436905518e-01 3.849168621290259551e-02 -1.231291457021621710e-01 -3.141239553352476732e-01 -9.413635613135068470e-01 4.475168048651016472e-01 8.290812226732486856e-01 -3.351910439532329589e-01 -7.231108261300968690e-03 -8.542959997084849100e-01 2.595712764669732553e-01
1.586177204555437088e+09 8.873592105067648061e-01 -4.593557481344951454e-01 3.982371684324866046e-02 -1.372604508700760173e-01 -3.456292955502338615e-01 -9.282779535741545462e-01 4.401740569497566979e-01 8.182497705803495336e-01 -3.697487159059789086e-01 -1.913398976563283546e-02 -8.611213447340372307e-01 2.596920393034524155e-01
1.586177204555458069e+09 8.889829845417265286e-01 -4.562058480596908883e-01 3.981805658271921761e-02 -1.521251491065024330e-01 -3.762091572905474357e-01 -9.139609452200285755e-01 4.319342455302915829e-01 8.064384009372397299e-01 -4.038439220942765528e-01 -3.135480887197701627e-02 -8.673357274503985526e-01 2.602501918467856057e-01
1.586177204555476904e+09 8.905668870145243554e-01 -4.532048993225404332e-01 3.867737351356011211e-02 -1.675338139085713052e-01 -4.058854163668476622e-01 -8.984372267361735442e-01 4.228747346546317121e-01 7.936386761921644384e-01 -4.373952569738798757e-01 -4.385521359422361182e-02 -8.729062820814119661e-01 2.612438262456908133e-01
1.586177204555495977e+09 8.920551457038572440e-01 -4.504542798669298187e-01 3.644940344419913408e-02 -1.834373270647819132e-01 -4.346167522315496634e-01 -8.817363699691963541e-01 4.130234428249526801e-01 7.798712847416994220e-01 -4.703322392659011753e-01 -5.658400766192461795e-02 -8.778316399503982570e-01 2.626570346093138886e-01
1.586177204555516005e+09 8.933951087267827385e-01 -4.480444131060920543e-01 3.318710330956514687e-02 -1.997880517680587220e-01 -4.623640769272807649e-01 -8.638889946893261174e-01 4.024051619151916559e-01 7.651638155226970772e-01 -5.025877251378897403e-01 -6.949194572077606324e-02 -8.821172339674624441e-01 2.644728885195025136e-01
1.586177204555532932e+09 8.945371254936516081e-01 -4.460553831762207322e-01 2.894695997289415193e-02 -2.165400805992879762e-01 -4.890899508864317569e-01 -8.449268689320922343e-01 3.910418454230004115e-01 7.495502754408439605e-01 -5.340979873536800815e-01 -8.253258393257797976e-02 -8.857745816415075746e-01 2.666738132007145934e-01
1.586177204555543900e+09 8.954344384862251705e-01 -4.445574130750525876e-01 2.378808717569052406e-02 -2.336489152465800467e-01 -5.147584247597871698e-01 -8.248829910662156539e-01 3.789529667958399517e-01 7.330705770588138437e-01 -5.648027783109884625e-01 -9.566292701493893380e-02 -8.888204554728582618e-01 2.692419349996814093e-01
1.586177204555553913e+09 8.960431601820444403e-01 -4.436111121094554188e-01 1.777179064106287898e-02 -2.510708065731115379e-01 -5.393352168548252168e-01 -8.037916237149484999e-01 3.661558485761347015e-01 7.157700087334242234e-01 -5.946454317757493557e-01 -1.088438718150768481e-01 -8.912759852402393213e-01 2.721593952252329141e-01
1.586177204555572987e+09 8.963223604962152757e-01 -4.432674979549486305e-01 1.096136715263620019e-02 -2.687619213290200482e-01 -5.627881422723243210e-01 -7.816882607335402522e-01 3.526659268903489797e-01 6.976986688407468273e-01 -6.235730204947482758e-01 -1.220404567814035030e-01 -8.931657350606677648e-01 2.754086254836742853e-01
1.586177204555583954e+09 8.962342271702129493e-01 -4.435679216129781444e-01 3.421871294580745154e-03 -2.866775654839299192e-01 -5.850876445886687982e-01 -7.586095319763114242e-01 3.384969479493479816e-01 6.789108537886695549e-01 -6.515365448057683917e-01 -1.352219348744954919e-01 -8.945167977878252241e-01 2.789725799190702626e-01
1.586177204555597067e+09 8.957442642731885396e-01 -4.445439942857542515e-01 -4.780209697717315021e-03 -3.047715315406067660e-01 -6.062073627842985424e-01 -7.345930487527950747e-01 3.236611296731429777e-01 6.594643817339643777e-01 -6.784911220815406097e-01 -1.483616947439835854e-01 -8.953579423156562411e-01 2.828349228458226228e-01
1.586177204555607080e+09 8.948215350697726889e-01 -4.462175234598602103e-01 -1.357727407571378449e-02 -3.229954918819835652e-01 -6.261247610771264460e-01 -7.096771774528572996e-01 3.081693250142391594e-01 6.394198195610045765e-01 -7.043961682557362547e-01 -1.614370593648123131e-01 -8.957188409093584935e-01 2.869801729788369893e-01
1.586177204555617094e+09 8.934388808175898200e-01 -4.486006111972818400e-01 -2.290105053136548205e-02 -3.412986066136175500e-01 -6.448216781665898623e-01 -6.839007712361885316e-01 2.920312100630491625e-01 6.188396361922912092e-01 -7.292155219186071680e-01 -1.744289933024681383e-01 -8.956293970495022849e-01 2.913938062647902782e-01
1.586177204555625916e+09 8.915730629828946263e-01 -4.516960076877271080e-01 -3.268317978518201633e-02 -3.596274062712093711e-01 -6.622847100671546139e-01 -6.573028920348175097e-01 2.752555218509756263e-01 5.977873198486083339e-01 -7.529174711077486482e-01 -1.873217492358768554e-01 -8.951191844608958892e-01 2.960623214444749185e-01
1.586177204555639029e+09 8.892048385165716162e-01 -4.554976792984767320e-01 -4.285579950277552952e-02 -3.779258505756269981e-01 -6.785054571781543586e-01 -6.299225321050041515e-01 2.578503576044747225e-01 5.763264778348178297e-01 -7.754746832813308455e-01 -2.001024812128262831e-01 -8.942169986497050527e-01 3.009732742361541091e-01
1.586177204555651903e+09 8.863189859139470883e-01 -4.599915375462474421e-01 -5.335204619238147206e-02 -3.961354926412449240e-01 -6.934806599954000950e-01 -6.017983433756276535e-01 2.398235329856718279e-01 5.545199364470563275e-01 -7.968640495652602462e-01 -2.127608474419598605e-01 -8.929505155069270561e-01 3.061152866130883443e-01
1.586177204555664062e+09 8.829043012782848976e-01 -4.651562760286953591e-01 -6.410642630830411248e-02 -4.141957027609580733e-01 -7.072122403731974094e-01 -5.729683824506430767e-01 2.211829896222825553e-01 5.324288555809167933e-01 -8.170664594921682733e-01 -2.252886206114071421e-01 -8.913460480529498131e-01 3.114780368431593338e-01
1.586177204555681944e+09 8.789535790636131551e-01 -4.709642734549954191e-01 -7.505504126223236372e-02 -4.320439299550388190e-01 -7.197072544471011524e-01 -5.434698803914056464e-01 2.019372396172718354e-01 5.101118713984618136e-01 -8.360665226491480473e-01 -2.376793185025306010e-01 -8.894283888425656981e-01 3.170522359201268792e-01
1.586177204555696011e+09 8.744635822394617453e-01 -4.773825388238239764e-01 -8.613567902820996880e-02 -4.496160036974496954e-01 -7.309777487069678559e-01 -5.133390502600162497e-01 1.820958342867136370e-01 4.876242845023429084e-01 -8.538522499118489373e-01 -2.499278637347322474e-01 -8.872207257831301597e-01 3.228295943075285557e-01
1.586177204555706978e+09 8.694350069784317903e-01 -4.843736735892972267e-01 -9.728778552637451504e-02 -4.668464740959555326e-01 -7.410405170091469707e-01 -4.826109428747116237e-01 1.616698443673947327e-01 4.650173080627857947e-01 -8.704147086330659144e-01 -2.620302790990325370e-01 -8.847446210024481061e-01 3.288027805502859446e-01
1.586177204555717945e+09 8.638723556808406423e-01 -4.918969539159344095e-01 -1.084524783361951877e-01 -4.836691522179885072e-01 -7.499166188980642689e-01 -4.513194171544755995e-01 1.406723306167790011e-01 4.423374862485772718e-01 -8.857476187033503923e-01 -2.739834223643105582e-01 -8.820200421211200625e-01 3.349653727341549980e-01
1.586177204555727005e+09 8.577836298578648266e-01 -4.999095964377069934e-01 -1.195727392675993428e-01 -5.000179649329076215e-01 -7.576305538697565289e-01 -4.194972931912521741e-01 1.191187618098475814e-01 4.196264285562396612e-01 -8.998468655402130922e-01 -2.857847610928492266e-01 -8.790654336602208296e-01 3.413118047618780015e-01
1.586177204555741072e+09 8.511799370361725625e-01 -5.083679969317070890e-01 -1.305936243518180662e-01 -5.158278875106733219e-01 -7.642092973600232986e-01 -3.871766272674569409e-01 9.702734450272729183e-02 3.969208105312905799e-01 -9.127100114310430223e-01 -2.974321850791356026e-01 -8.758978161448923716e-01 3.478373101205167739e-01
1.586177204555751085e+09 8.440748637703310298e-01 -5.172290721101812094e-01 -1.414627567727313462e-01 -5.310361645773760131e-01 -7.696810308769219677e-01 -3.543891971076660319e-01 7.441919507070693385e-02 3.742528530007201426e-01 -9.243357538288625719e-01 -3.089238533878106985e-01 -8.725329034668023453e-01 3.545378644690402870e-01
1.586177204555763960e+09 8.364835250397035793e-01 -5.264517012394619444e-01 -1.521312552956516628e-01 -5.455838608140489709e-01 -7.740735481929612583e-01 -3.211672355870428541e-01 5.131825693064955007e-02 3.516514589122051726e-01 -9.347233218076028693e-01 -3.202580734351174740e-01 -8.689852320524736884e-01 3.614101268243660736e-01
1.586177204555773973e+09 8.284213282913720500e-01 -5.359980942292599249e-01 -1.625550554524931579e-01 -5.594175467999813467e-01 -7.774125401908095201e-01 -2.875443463081675533e-01 2.775088300158955537e-02 3.291440196020460340e-01 -9.438718680167144104e-01 -3.314332086167869895e-01 -8.652682955933597153e-01 3.684513797991937900e-01
1.586177204555783987e+09 8.199026219961198514e-01 -5.458348162753731136e-01 -1.726963926204609368e-01 -5.724907555514244795e-01 -7.797201229946396639e-01 -2.535564335859193386e-01 3.745076804305552676e-03 3.067586729661694878e-01 -9.517799595181054562e-01 -3.424476090526764605e-01 -8.613946785648451954e-01 3.756594711262679076e-01
1.586177204555794001e+09 8.109393980421375492e-01 -5.559332984154857771e-01 -1.825252329255787898e-01 -5.847649285899844118e-01 -7.810138982015649711e-01 -2.192424902124895381e-01 -2.067054299029726788e-02 2.845267277917908344e-01 -9.584452358925388271e-01 -3.532995602557673087e-01 -8.573761839470657176e-01 3.830327582166869194e-01
1.586177204555804014e+09 8.015400812865451918e-01 -5.662698698471870795e-01 -1.920206573080383006e-01 -5.962098293362460000e-01 -7.813065896459155946e-01 -1.846452078612948744e-01 -4.546798711574525503e-02 2.624851382002265088e-01 -9.638642097060001745e-01 -3.639872453625698778e-01 -8.532239526620086778e-01 3.905700567273152624e-01
1.586177204555814981e+09 7.917083620116082132e-01 -5.768254220932252929e-01 -2.011723196328748797e-01 -6.068035115263988866e-01 -7.806061916358089103e-01 -1.498114561256835842e-01 -7.062130191009372004e-02 2.406790524774723439e-01 -9.680321408897492041e-01 -3.745087195664726365e-01 -8.489485752864219803e-01 3.982705914683573600e-01
1.586177204555828094e+09 7.814421666567440417e-01 -5.875846850591783799e-01 -2.099818522951983346e-01 -6.165317450068138472e-01 -7.789167260289107109e-01 -1.147926030660650909e-01 -9.610800142518804989e-02 2.191642582371660930e-01 -9.709429851201000217e-01 -3.848618951384177866e-01 -8.445601959591578778e-01 4.061339488226656247e-01
1.586177204555836916e+09 7.707329013244552662e-01 -5.985351013226368755e-01 -2.184640188664742078e-01 -6.253868148909674796e-01 -7.762396934114745850e-01 -7.964465167491188713e-02 -1.219103233924336838e-01 1.980092703565204670e-01 -9.725894315093870368e-01 -3.950445352367209506e-01 -8.400686081614191503e-01 4.141600304387865750e-01
1.586177204555846930e+09 7.595651627684784080e-01 -6.096652931988698620e-01 -2.266472898929830504e-01 -6.333656296748191306e-01 -7.725762870884149702e-01 -4.442814628955619322e-02 -1.480160228928298072e-01 1.772966756172451863e-01 -9.729630754363624012e-01 -4.050542558730638731e-01 -8.354833427408134838e-01 4.223490071898792220e-01
1.586177204555856943e+09 7.479167574405255481e-01 -6.209633569369026329e-01 -2.345741535632300534e-01 -6.404675246065232308e-01 -7.679300502041458421e-01 -9.208057627857819949e-03 -1.744186751658539924e-01 1.571239880479850526e-01 -9.720546170425852228e-01 -4.148885360022592783e-01 -8.308137485414044399e-01 4.307012721987427684e-01
1.586177204555867910e+09 7.357591243633051503e-01 -6.324150071483780611e-01 -2.423009902750340450e-01 -6.466918419696658926e-01 -7.623099429990994880e-01 2.594634351922715798e-02 -2.011173111225514620e-01 1.376038147023301850e-01 -9.698541218795349028e-01 -4.245447363538170094e-01 -8.260690658737793735e-01 4.392173914780271304e-01
1.586177204555879116e+09 7.230582607926404615e-01 -6.440016213575926463e-01 -2.498973057616204196e-01 -6.520354269499814004e-01 -7.557337366239704757e-01 6.096164152935937275e-02 -2.281152206523837933e-01 1.188630779381155134e-01 -9.663513932262496331e-01 -4.340201279184796590e-01 -8.212584926411417019e-01 4.478980508017527673e-01
1.586177204555888891e+09 7.097762430859669847e-01 -6.556982780095446106e-01 -2.574440778201959046e-01 -6.564902387453890320e-01 -7.482315744243973610e-01 9.576052356705679058e-02 -2.554177980853178931e-01 1.010409794428153152e-01 -9.615365147902634746e-01 -4.433119304965677521e-01 -8.163912422550453352e-01 4.567439981763224410e-01
1.586177204555898905e+09 6.958732907031879300e-01 -6.674719655364462767e-01 -2.650312033467615014e-01 -6.600414106502142664e-01 -7.398493831104834273e-01 1.302621470164658790e-01 -2.830295036086859506e-01 8.428562041216473844e-02 -9.554005624131061136e-01 -4.524173607819226839e-01 -8.114765919565343211e-01 4.657559823189292292e-01
1.586177204555916071e+09 6.813103116691364702e-01 -6.792801541866687609e-01 -2.727539762864010231e-01 -6.626660470726104535e-01 -7.306517824088583080e-01 1.643827342738475583e-01 -3.109501080153294628e-01 6.874914735786037678e-02 -9.479364880852220177e-01 -4.613336887815825960e-01 -8.065239200783770324e-01 4.749346882568282746e-01
1.586177204555926085e+09 6.660516180012857612e-01 -6.910699508840855154e-01 -2.807090404342899581e-01 -6.643330920730576850e-01 -7.207240408830108969e-01 1.980363604930702459e-01 -3.391707318486394396e-01 5.458186646757076654e-02 -9.391400507329547009e-01 -4.700583000780307330e-01 -8.015427308610810764e-01 4.842806723212234599e-01
1.586177204555936098e+09 6.500675818368394365e-01 -7.027779721567718463e-01 -2.889900709966043979e-01 -6.650043567564353220e-01 -7.101727693805596209e-01 2.311359849368618546e-01 -3.676701578205110454e-01 4.192564546355916771e-02 -9.290107080552013619e-01 -4.785887606874078548e-01 -7.965426660155602301e-01 4.937942993770258471e-01
1.586177204555946112e+09 6.333369141677578362e-01 -7.143309870150728047e-01 -2.976837153442168926e-01 -6.646366545907076429e-01 -6.991251538281151312e-01 2.635946453680606538e-01 -3.964119964664469808e-01 3.090728940095540528e-02 -9.175523248839235757e-01 -4.869228806904405960e-01 -7.915335030436031483e-01 5.034756854616603272e-01
1.586177204555954933e+09 6.158483491998497650e-01 -7.256472604944651517e-01 -3.068661994474148336e-01 -6.631847739765538430e-01 -6.877267535968738521e-01 2.953267146063813242e-01 -4.253431165217532728e-01 2.163252145553599959e-02 -9.047736002025921209e-01 -4.950587720408003989e-01 -7.865251413130950331e-01 5.133246494242161839e-01
1.586177204555968046e+09 5.976016500992701319e-01 -7.366384531113427947e-01 -3.166007855880340616e-01 -6.606048862763742591e-01 -6.761380692652499969e-01 3.262491316853819434e-01 -4.543934995667199273e-01 1.418100652034115158e-02 -8.906881872945781042e-01 -5.029948972461183443e-01 -7.815275779946253554e-01 5.233406757833798384e-01
1.586177204555978060e+09 5.786079194348192622e-01 -7.472118718629043865e-01 -3.269362236783301956e-01 -6.568579662211054826e-01 -6.645302179820138377e-01 3.562824750223863024e-01 -4.834774950337734634e-01 8.602801367562355750e-03 -8.753145171794078916e-01 -5.107301059892517259e-01 -7.765508767014989155e-01 5.335228904915385595e-01
1.586177204555986881e+09 5.588892307833508433e-01 -7.572727504930735209e-01 -3.379065097236990667e-01 -6.519128261149695902e-01 -6.530802457796347493e-01 3.853516058441074366e-01 -5.124963368539470210e-01 4.916725148416387081e-03 -8.586753349815183789e-01 -5.182636581239987716e-01 -7.716051321426379284e-01 5.438700499768883700e-01
1.586177204555996895e+09 5.384778307942749143e-01 -7.667263880165896550e-01 -3.495315034452960434e-01 -6.457484747025065142e-01 -6.419664885215872197e-01 4.133859400633700942e-01 -5.413414205400031154e-01 3.110270928096119103e-03 -8.407971176229184218e-01 -5.255952336451700235e-01 -7.667004339588655570e-01 5.543805419980539773e-01
1.586177204556005955e+09 5.174150995892340399e-01 -7.754800430074521023e-01 -3.618180728664972534e-01 -6.383556851129690290e-01 -6.313642681238269549e-01 4.403194075075994585e-01 -5.698979157996054701e-01 3.140713708908781342e-03 -8.217094996805056617e-01 -5.327249317153264219e-01 -7.618468322445515195e-01 5.650523957381745621e-01
1.586177204556015968e+09 4.957504009240284448e-01 -7.834444744566876340e-01 -3.747616518075885805e-01 -6.297377612474799324e-01 -6.214421772029363744e-01 4.660900909263290259e-01 -5.980484031213315621e-01 4.937214172154685138e-03 -8.014447777737190304e-01 -5.396532613952264024e-01 -7.570543064086532326e-01 5.758832983036092923e-01
1.586177204556025982e+09 4.735399523682345957e-01 -7.905351584114450603e-01 -3.883478814994155703e-01 -6.199105980626175016e-01 -6.123590002769535579e-01 4.906396901972824853e-01 -6.256762456376705472e-01 8.403471955575841576e-03 -7.800375745336652900e-01 -5.463811260967715855e-01 -7.523327384562328302e-01 5.868706154944072217e-01
1.586177204556035995e+09 4.508457785560738840e-01 -7.966732071873632304e-01 -4.025542015015750041e-01 -6.089021660323964413e-01 -6.042612737404637890e-01 5.139128969641020284e-01 -6.526685503336131511e-01 1.342066510263585123e-02 -7.575246857589162941e-01 -5.529098033290966718e-01 -7.476918913815426837e-01 5.980114152165103558e-01
1.586177204556046009e+09 4.277347893132598666e-01 -8.017859860372317238e-01 -4.173513901307238649e-01 -5.967515461054592185e-01 -5.972814990610728625e-01 5.358567005343209955e-01 -6.789186568858687210e-01 1.985053442881024380e-02 -7.339451028487762319e-01 -5.592409218824933026e-01 -7.431413926851563323e-01 6.093024916000658875e-01
1.586177204556055069e+09 4.042780117982323063e-01 -8.058074817964447911e-01 -4.327049707317249250e-01 -5.835076528185028089e-01 -5.915369290003066327e-01 5.564196987333887012e-01 -7.043281257444111709e-01 2.753841230872064796e-02 -7.093402057640618708e-01 -5.653764378590880879e-01 -7.386907228145905835e-01 6.207403886019687844e-01
