1.583561773219630957e+09 -3.955763627749207534e-01 6.312485009223454124e-01 6.671166851468369741e-01 1.135028863735206561e-01 -6.871955451569863316e-01 7.175509581874850440e-01 9.113925807482617936e-01 3.595658674252539266e-01 2.001897874011679956e-01 -3.253038377037626439e-01 1.498124708341612932e+00 1.479384432255851811e+00
1.583561773219671011e+09 -3.855160859728508638e-01 6.491041686154126467e-01 6.557752099973157556e-01 1.064183625904516761e-01 -6.746908904560346976e-01 7.303884819286652341e-01 9.165437686241370008e-01 3.513630328369762301e-01 1.910275885625127290e-01 -3.354804484728017844e-01 1.496402172686106757e+00 1.483829658074713675e+00
1.583561773219696045e+09 -3.749291349717799871e-01 6.665498384434873635e-01 6.443131668114153721e-01 1.001456673572451023e-01 -6.618238494370017877e-01 7.429401306443482733e-01 9.216284442783234665e-01 3.430750725658295308e-01 1.813849649825114430e-01 -3.454722923674176105e-01 1.495173933592937043e+00 1.488824160332239188e+00
1.583561773219717026e+09 -3.638173273878144709e-01 6.835641780304660964e-01 6.327534805236139093e-01 9.463223787793248465e-02 -6.486666868692310128e-01 7.551663849761158787e-01 9.266507929586793590e-01 3.346214937736559092e-01 1.713089724889543530e-01 -3.552406581741933134e-01 1.494457858966246722e+00 1.494333864065122919e+00
1.583561773219734907e+09 -3.522140040085806612e-01 7.001367048243073432e-01 6.210908872704522521e-01 8.978873732129689922e-02 -6.352772569873484931e-01 7.670467974672853240e-01 9.316025323471066599e-01 3.259315903007636850e-01 1.608891556668069212e-01 -3.647489141644826294e-01 1.494264697936944053e+00 1.500321044169056650e+00
1.583561773219752073e+09 -3.401803051910933795e-01 7.162679305496388871e-01 6.092927145003539380e-01 8.550552366072206034e-02 -6.216904981960318377e-01 7.785818710830534339e-01 9.364647167030506481e-01 3.169561111121063091e-01 1.502419989327270222e-01 -3.739633817440867758e-01 1.494598168419356998e+00 1.506745447135666272e+00
1.583561773219769001e+09 -3.278010119783395515e-01 7.319676581452732034e-01 5.973021381996482804e-01 8.166632131116108306e-02 -6.079145676547522692e-01 7.897914221508754995e-01 9.412104487079732129e-01 3.076738957476692904e-01 1.394979045175874233e-01 -3.828540487894980249e-01 1.495455286688774255e+00 1.513565414624558292e+00
1.583561773219785929e+09 -3.151811337826954662e-01 7.472523022564480089e-01 5.850426052938864085e-01 7.815859828209105464e-02 -5.939304042595178190e-01 8.007108769844891727e-01 9.458076372452746128e-01 2.980950719840859131e-01 1.287914656965509219e-01 -3.913951000836977667e-01 1.496826902287478500e+00 1.520738955042731044e+00
1.583561773219804049e+09 -3.024438805845720002e-01 7.621418608531560501e-01 5.724224693082829996e-01 7.488078555388735791e-02 -5.796935325074713541e-01 8.113866380703083081e-01 9.502213254308354839e-01 2.882623676242417332e-01 1.182549802761534291e-01 -3.995652566497503444e-01 1.498698392103129162e+00 1.528224717269416777e+00
1.583561773219822884e+09 -2.897303056951103795e-01 7.766568554592352402e-01 5.593393238235133680e-01 7.174686866796201046e-02 -5.651371826115759722e-01 8.218712501277484206e-01 9.544153902010705792e-01 2.782518535326035103e-01 1.080146712651022523e-01 -4.073479274558938767e-01 1.501050464911959814e+00 1.535982832831106482e+00
1.583561773219841003e+09 -2.773471963510074634e-01 7.906528189568959863e-01 5.458448982056204324e-01 6.872333085854197277e-02 -5.503517827817815400e-01 8.320997651153241303e-01 9.583087376864142248e-01 2.682928164610174915e-01 9.830222868676734282e-02 -4.147311881324062255e-01 1.503860026688570883e+00 1.543975604116509359e+00
1.583561773219857931e+09 -2.644144643677568962e-01 8.041512392733536352e-01 5.323774748743566043e-01 6.614167771131555795e-02 -5.356039014729797598e-01 8.418751328533291556e-01 9.621383838910763098e-01 2.578163016682582520e-01 8.843350661977059102e-02 -4.217313914955577725e-01 1.507074376759560908e+00 1.552158248854609957e+00
1.583561773219875097e+09 -2.509511559679591386e-01 8.171410760600189560e-01 5.189450640281432214e-01 6.398221319220669112e-02 -5.209258962091327660e-01 8.512006151161395362e-01 9.658829090355538494e-01 2.468130320334688821e-01 7.844446128925432193e-02 -4.283452680310093075e-01 1.510664751241968640e+00 1.560504290830532215e+00
1.583561773219892979e+09 -2.369768400246857198e-01 8.296119989859243038e-01 5.055550501931984630e-01 6.222688425884889685e-02 -5.063476828758746162e-01 8.600812979259716551e-01 9.695203929885716221e-01 2.352784637308037996e-01 6.836850400043995024e-02 -4.345730494697143120e-01 1.514601784075932489e+00 1.568989871495972022e+00
1.583561773219909906e+09 -2.225119374594091703e-01 8.415544412725323165e-01 4.922139376408291023e-01 6.085916627870126272e-02 -4.918965525284843543e-01 8.685240028984858585e-01 9.730285709171488939e-01 2.232126884810811396e-01 5.823655325891698153e-02 -4.404180141862792941e-01 1.518856124201751978e+00 1.577593797690992394e+00
1.583561773219927073e+09 -2.075779860239206354e-01 8.529596885184225208e-01 4.789270819510656474e-01 5.986399542792907036e-02 -4.775969572619154779e-01 8.765371917870459217e-01 9.763850070656679980e-01 2.106203135824872841e-01 4.807703962693679611e-02 -4.458859961072095257e-01 1.523398957532495546e+00 1.586297498481727519e+00
1.583561773219943047e+09 -1.921978814790691603e-01 8.638200028895982596e-01 4.656983758916562466e-01 5.922771190304909616e-02 -4.634702495820041124e-01 8.841308760672709210e-01 9.795672783175802811e-01 1.975103305649562879e-01 3.791591783287880796e-02 -4.509848834380573157e-01 1.528202427605582558e+00 1.595084909457507916e+00
1.583561773219958067e+09 -1.763960010872621109e-01 8.741287470513499080e-01 4.525299821273879863e-01 5.893802355476321364e-02 -4.495344669878582056e-01 8.913164827881038255e-01 9.825531845313038026e-01 1.838958860079800139e-01 2.777666164666938581e-02 -4.557241313620697953e-01 1.533239954066325073e+00 1.603942303243769407e+00
1.583561773219974995e+09 -1.601981803602567089e-01 8.838804814358444117e-01 4.394221636323740743e-01 5.898397527132825252e-02 -4.358042221973185137e-01 8.981066588643785709e-01 9.853209801496797260e-01 1.697939185496160353e-01 1.768025893307558633e-02 -4.601143074183046688e-01 1.538486454306363216e+00 1.612858084636292988e+00
1.583561773219990015e+09 -1.436316039716385440e-01 8.930710352014704645e-01 4.263731801720911374e-01 5.935589375885111374e-02 -4.222906778435630004e-01 9.045150421097858384e-01 9.878496041752954371e-01 1.552247074970216079e-01 7.645257920824835574e-03 -4.641666818189090216e-01 1.543918478358158985e+00 1.621822567043587515e+00
1.583561773220005035e+09 -1.267246549547391410e-01 9.016975530236925884e-01 4.133792266709123697e-01 6.004529410498665731e-02 -4.090015813351364771e-01 9.105560220225655810e-01 9.901188942420791061e-01 1.402113749502087725e-01 -2.312110489174873384e-03 -4.678928693643714110e-01 1.549514269673119005e+00 1.630827744129467849e+00
1.583561773220020056e+09 -1.095067512697169981e-01 9.097585202727093145e-01 4.004343973273486457e-01 6.104474517721776572e-02 -3.959413374208364811e-01 9.162445069565238187e-01 9.921097775777669714e-01 1.247793750723928813e-01 -1.217772748244155996e-02 -4.713045259787788654e-01 1.555253764828999463e+00 1.639867067274127566e+00
1.583561773220036030e+09 -9.200818439428332107e-02 9.172537678505860992e-01 3.875306693846630179e-01 6.234769738521687282e-02 -3.831111031528873223e-01 9.215957071254698985e-01 9.938044369432966763e-01 1.089559926640450149e-01 -2.193930331412948312e-02 -4.744130986509018100e-01 1.561118545396998902e+00 1.648935236507436786e+00
1.583561773220052004e+09 -7.425996058554976131e-02 9.241844549104888396e-01 3.746579131701207599e-01 6.394828027637872170e-02 -3.705089022308721836e-01 9.266249354176280262e-01 9.951864528603081572e-01 9.276986042623547313e-02 -3.158603006574410565e-02 -4.772296263925718818e-01 1.567091753585336811e+00 1.658028009672527281e+00
1.583561773220068932e+09 -5.629364702144110805e-02 9.305530292863127828e-01 3.618039321738316660e-01 6.584107699988180074e-02 -3.581297539579496036e-01 9.313474282081148914e-01 9.962409237418090591e-01 7.625050394217658400e-02 -4.110818368805349565e-02 -4.797645904739910039e-01 1.573157981296547492e+00 1.667142032213332570e+00
1.583561773220086098e+09 -3.814113795456607753e-02 9.363631292306845433e-01 3.489546448440046245e-01 6.802090415851463900e-02 -3.459659242613572494e-01 9.357781446303383710e-01 9.969545678950021417e-01 5.942785377084035953e-02 -5.049673261688256143e-02 -4.820278109906637187e-01 1.579303141400449029e+00 1.676274688376959920e+00
1.583561773220103025e+09 -1.983428136999640032e-02 9.416193948816614645e-01 3.360945057726826835e-01 7.048262850500530696e-02 -3.340074003829368587e-01 9.399315164887351859e-01 9.973157978371970378e-01 4.233169037039832827e-02 -5.974301323367939287e-02 -4.840283839110490760e-01 1.585514329554452928e+00 1.685423973492123695e+00
1.583561773220119953e+09 -1.404488765761659555e-03 9.463272385887172566e-01 3.232070315783894809e-01 7.322101167357247808e-02 -3.222424571001480942e-01 9.438212131605823174e-01 9.973147502746073645e-01 2.499113213571474423e-02 -6.883845186211177969e-02 -4.857746508208976022e-01 1.591779683662582823e+00 1.694588386086073983e+00
1.583561773220135927e+09 1.711779075248206702e-02 9.504925245915746279e-01 3.102755908553607167e-01 7.623064313371827327e-02 -3.106584867145772977e-01 9.474598639520219745e-01 9.969432634519049818e-01 7.434088156745678223e-03 -7.777444340297620662e-02 -4.872741951456290299e-01 1.598088245928121820e+00 1.703766837882151108e+00
1.583561773220150948e+09 3.570376679713676421e-02 9.541211425904511101e-01 2.972845213658825703e-01 7.950601828148137762e-02 -2.992431800987508939e-01 9.508587236502418216e-01 9.961947773146535567e-01 -1.031332951915750820e-02 -8.654248171121774191e-02 -4.885338608655962478e-01 1.604429830835845783e+00 1.712958579368130341e+00
1.583561773220166922e+09 5.432709214693627608e-02 9.572185178935301852e-01 2.842204714757996520e-01 8.304179041303234865e-02 -2.879859820466472708e-01 9.540273241946384264e-01 9.950641327873720465e-01 -2.822735351036100709e-02 -9.513458051316336928e-02 -4.895597890214160586e-01 1.610794901757768294e+00 1.722163138672685889e+00
1.583561773220181942e+09 7.296456634636859506e-02 9.597891497330139909e-01 2.710737177559243705e-01 8.683317749265491436e-02 -2.768795901062635068e-01 9.569731929314803098e-01 9.935472669184107763e-01 -4.628694175946130446e-02 -1.035439408029835556e-01 -4.903574652428415726e-01 1.617174458156740879e+00 1.731380271698267581e+00
1.583561773220196962e+09 9.159662771851342922e-02 9.618362558084342373e-01 2.578392428401122261e-01 9.087648283467986143e-02 -2.659212884605972049e-01 9.597016897616725828e-01 9.916408235422048412e-01 -6.447391484954631546e-02 -1.117657892380773538e-01 -4.909317728147722937e-01 1.623559934040305297e+00 1.740609921581469210e+00
1.583561773220211983e+09 1.102076299868597065e-01 9.633615360545809692e-01 2.445175443369903834e-01 9.516971875259377933e-02 -2.551140974769082193e-01 9.622159435498096602e-01 9.893417019327431783e-01 -8.277287272532310447e-02 -1.197983664876937082e-01 -4.912870474812561783e-01 1.629943107347416209e+00 1.749852185744327437e+00
1.583561773220227957e+09 1.287859488364918314e-01 9.643650360972573221e-01 2.311152458856285674e-01 9.971334765643527498e-02 -2.444678263983794120e-01 9.645168377356377887e-01 9.866465567466842224e-01 -1.011709412286832949e-01 -1.276440870793219828e-01 -4.914271342847939539e-01 1.636316019534230781e+00 1.759107288896642585e+00
1.583561773220242977e+09 1.473238507638441053e-01 9.648451416044711015e-01 2.176454365791186119e-01 1.045110883076523500e-01 -2.339999538214119212e-01 9.666030489051249397e-01 9.835512776038987104e-01 -1.196573218545868150e-01 -1.353107900569108235e-01 -4.913554459415916953e-01 1.642670904834677703e+00 1.768375560688785431e+00
1.583561773220258951e+09 1.658170451282000579e-01 9.647987404245441656e-01 2.041276521334627614e-01 1.095706957393261793e-01 -2.237362275148438717e-01 9.684711473518363700e-01 9.800504938217833306e-01 -1.382226150518559571e-01 -1.428129493547563300e-01 -4.910750217821644448e-01 1.649000128674477761e+00 1.777657416984266714e+00
1.583561773220276117e+09 1.842638291970020714e-01 9.642215993677077934e-01 1.905873786686632931e-01 1.149045630085814562e-01 -2.137108097465497125e-01 9.701157824289002862e-01 9.761371742283089237e-01 -1.568578893419433629e-01 -1.501726336462863576e-01 -4.905885875492506654e-01 1.655296134853609491e+00 1.786953343852677900e+00
1.583561773220293999e+09 2.026639833773282995e-01 9.631088787068280421e-01 1.770553527659220472e-01 1.205301792783028680e-01 -2.039662298467792845e-01 9.715298518756835255e-01 9.718023389488993358e-01 -1.755535963061426730e-01 -1.574202944125294712e-01 -4.898986167453288632e-01 1.661551401403455364e+00 1.796263883530568428e+00
1.583561773220312119e+09 2.210173993839725515e-01 9.614558047429954124e-01 1.635666379213658872e-01 1.264703398593323147e-01 -1.945530681266371409e-01 9.727046606954927732e-01 9.670349334786297879e-01 -1.942983261521855631e-01 -1.645952555268225814e-01 -4.890073946251157766e-01 1.667758405427390622e+00 1.805589621710075976e+00
1.583561773220330954e+09 2.393224547260860979e-01 9.592585165236554579e-01 1.501594535354694171e-01 1.327529857641545907e-01 -1.855292690543761114e-01 9.736300813015217326e-01 9.618219209905910505e-01 -2.130774252169288230e-01 -1.717457522630251310e-01 -4.879170858744217854e-01 1.673909597636613400e+00 1.814931175630422056e+00
1.583561773220347881e+09 2.575741921840811188e-01 9.565150910591260214e-01 1.368737244405379139e-01 1.394105363814928666e-01 -1.769589493417344783e-01 9.742947360599104600e-01 9.561486485535792834e-01 -2.318715402093649292e-01 -1.789283403086275037e-01 -4.866298061125530761e-01 1.679997387435943512e+00 1.824289182607719439e+00
1.583561773220366955e+09 2.757624744653167648e-01 9.532266968787165284e-01 1.237494338565297836e-01 1.464786761477975541e-01 -1.689106979915767637e-01 9.746861924016076983e-01 9.499995028292860244e-01 -2.506552229569107837e-01 -1.862066166494363295e-01 -4.851476961641901786e-01 1.686014139221093666e+00 1.833664288818852572e+00
1.583561773220385075e+09 2.938703055004094344e-01 9.493988121016807558e-01 1.108248143258916407e-01 1.539945669936545747e-01 -1.614553132532769719e-01 9.747911854746531546e-01 9.433588485552575342e-01 -2.693957641367868416e-01 -1.936491811837970090e-01 -4.834729973325071484e-01 1.691952180215145596e+00 1.843057138300726150e+00
1.583561773220402002e+09 3.118726039298647112e-01 9.450423676491344072e-01 9.813461474667796447e-02 1.619946939090376459e-01 -1.546632163697745921e-01 9.745958181563421086e-01 9.362121545515751375e-01 -2.880524486644366333e-01 -2.013270690786992667e-01 -4.816081247223121808e-01 1.697803819400772962e+00 1.852468362312606365e+00
1.583561773220417976e+09 3.297356144165302094e-01 9.401747020068743632e-01 8.570854471400954355e-02 1.705125229719263169e-01 -1.486016612935609216e-01 9.740857384701299138e-01 9.285472009341583233e-01 -3.065763792221600781e-01 -2.093108205417715528e-01 -4.795557352508194038e-01 1.703561376305178898e+00 1.861898569328489073e+00
1.583561773220444918e+09 3.474170879933878853e-01 9.348202021112710369e-01 7.357008250771333857e-02 1.795762852498079820e-01 -1.433320307228238000e-01 9.732462621891272425e-01 9.203552167583817223e-01 -3.249109401388745599e-01 -2.176675359790809228e-01 -4.773187868756388341e-01 1.709217217541587397e+00 1.871348336007492064e+00
1.583561773220463037e+09 3.648672163899748799e-01 9.290105553506174951e-01 6.173574974294390727e-02 1.892071551940459617e-01 -1.389074541256552497e-01 9.720624320135313745e-01 9.116318155352952646e-01 -3.429928680925460882e-01 -2.264582204225988882e-01 -4.749005853903906504e-01 1.714763797947500557e+00 1.880818199564556537e+00
1.583561773220479965e+09 3.820301839417810097e-01 9.227845940742264164e-01 5.021485678590546092e-02 1.994179809852194007e-01 -1.353708796700073824e-01 9.705190332587523283e-01 9.023776413934270213e-01 -3.607538193865038600e-01 -2.357356026712661978e-01 -4.723048169232670901e-01 1.720193703149509812e+00 1.890308651817943053e+00
1.583561773220495939e+09 3.988461288612069611e-01 9.161877582714683665e-01 3.900970944887693914e-02 2.102126678663280013e-01 -1.327537231722548949e-01 9.686005798949230972e-01 8.925986780356816030e-01 -3.781222565535242719e-01 -2.455425814870490497e-01 -4.695355650280239601e-01 1.725499690116840013e+00 1.899820135122574305e+00
1.583561773220513105e+09 4.152532331390353382e-01 9.092712601635286607e-01 2.811633250552846713e-02 2.215863381228588835e-01 -1.310753065117811200e-01 9.662912391719696847e-01 8.823062095414461181e-01 -3.950253660027279734e-01 -2.559115336879452807e-01 -4.665973127819088573e-01 1.730674722718535952e+00 1.909353040226482889e+00
1.583561773220530033e+09 4.311896894977950145e-01 9.020910759188951467e-01 1.752548897007771139e-02 2.335260402126133894e-01 -1.303428698318042367e-01 9.635747635482065920e-01 8.715165176198490515e-01 -4.113908450026717012e-01 -2.668642584147579710e-01 -4.634949322328541510e-01 1.735712000582724235e+00 1.918907705843748701e+00
1.583561773220545053e+09 4.465953899302328445e-01 8.947068649421512365e-01 7.223839962612478571e-03 2.460118077713372708e-01 -1.305519927414873493e-01 9.604344682218881601e-01 8.602503986637449751e-01 -4.271484558505775908e-01 -2.784123713465959105e-01 -4.602336645443694807e-01 1.740604980805404045e+00 1.928484419581446563e+00
1.583561773220561028e+09 4.614132292289457316e-01 8.871809089559856698e-01 -2.804821189012446196e-03 2.590179529381260726e-01 -1.316873556131111789e-01 9.568532492225360064e-01 8.485325758150247255e-01 -4.422312466040868029e-01 -2.905580708967047121e-01 -4.568190942432697743e-01 1.745347392914686546e+00 1.938083419813406039e+00
1.583561773220577002e+09 4.755900166264133699e-01 8.795771259479527870e-01 -1.257839178042566980e-02 2.725143988571118170e-01 -1.337236501679254785e-01 9.528136690464034109e-01 8.363910800407509116e-01 -4.565764615162649087e-01 -3.032950647027621849e-01 -4.532571200769324182e-01 1.749933247519130930e+00 1.947704898181776834e+00
1.583561773220592976e+09 4.890770251517061462e-01 8.719601901297753255e-01 -2.211539380066177701e-02 2.864679511967254677e-01 -1.366265440336236481e-01 9.482981074129246402e-01 8.238566481351714543e-01 -4.701261688191614163e-01 -3.166095528729314101e-01 -4.495539243528995366e-01 1.754356839071969487e+00 1.957349002474560562e+00
1.583561773220608950e+09 5.018302051058970426e-01 8.643947869752458546e-01 -3.143402358508180089e-02 3.008434766455501119e-01 -1.403536650208248582e-01 9.432889543482402273e-01 8.109621742555828128e-01 -4.828276103104472416e-01 -3.304812413799918525e-01 -4.457159427875607705e-01 1.758612743936012635e+00 1.967015839583891035e+00
1.583561773220624924e+09 5.138101231724210294e-01 8.569450077137084065e-01 -4.055134307823506090e-02 3.156049357892923846e-01 -1.448555319573498756e-01 9.377688411795018775e-01 7.977422403887648450e-01 -4.946333277563915165e-01 -3.448843128175767547e-01 -4.417498360835086513e-01 1.762695814663130189e+00 1.976705478351896028e+00
