1.586175951005824089e+09 3.415039736776064316e-01 -8.092122565630520681e-01 -4.780696182926094662e-01 -2.609286933787064999e-01 4.070278699668991029e-01 -8.753539457234449372e-01 9.029348000436697719e-01 4.236789316389401039e-01 -7.214506178248918100e-02 2.069494804860998738e-01 -4.589549059874231118e-01 6.311106908458196108e-01
1.586175951005870104e+09 3.608344489972710178e-01 -7.988830674420426270e-01 -4.812321114754681273e-01 -2.431900015685257710e-01 4.175467025172739377e-01 -8.755074954595019054e-01 9.003649947376225482e-01 4.329441026156864436e-01 -4.361514009656955460e-02 2.022142128567130659e-01 -4.629634409284732466e-01 6.223851133705983196e-01
1.586175951005888939e+09 3.801578492871485193e-01 -7.883229992732694313e-01 -4.837632257479592690e-01 -2.255738495399076671e-01 4.282164805742950109e-01 -8.750697597449798026e-01 8.969930034415977138e-01 4.417889708919376379e-01 -1.503519735122424254e-02 1.977836361304240453e-01 -4.671402745880963714e-01 6.135788164971512915e-01
1.586175951005904913e+09 3.994619468154038122e-01 -7.775386524401617372e-01 -4.856581072646772856e-01 -2.081016524511966337e-01 4.390233905689215343e-01 -8.740435715871213151e-01 8.928179296401753673e-01 4.502134013083205488e-01 1.356605986494684168e-02 1.936455165245610788e-01 -4.714863102115796067e-01 6.047123203088702326e-01
1.586175951005918980e+09 4.187428743040325085e-01 -7.665332195434708673e-01 -4.869098773899744326e-01 -1.908025481094040854e-01 4.499474729953837904e-01 -8.724343295822338806e-01 8.878337643094883491e-01 4.582293040683196872e-01 4.215580661382931776e-02 1.897857270888631265e-01 -4.760017425114367873e-01 5.958050361646181070e-01
1.586175951005932093e+09 4.380058302714374685e-01 -7.553060591617599684e-01 -4.875075894649294472e-01 -1.737137893030439861e-01 4.609611451376203761e-01 -8.702518844192236314e-01 8.820285779090830669e-01 4.658621898115880566e-01 7.069659146072357347e-02 1.861884115330661171e-01 -4.806859318575314455e-01 5.868750582737842780e-01
1.586175951005944967e+09 4.572652246461908487e-01 -7.438524948965736794e-01 -4.874340779118290223e-01 -1.568807615609289219e-01 4.720278506694628451e-01 -8.675126138007411836e-01 8.753838821778741064e-01 4.731523795373190344e-01 9.914577526672824215e-02 1.828361904148895212e-01 -4.855372918069611465e-01 5.779389666009452364e-01
1.586175951005959988e+09 4.765441760924160053e-01 -7.321638803729247913e-01 -4.866638476959513349e-01 -1.403566843239953399e-01 4.831008466446282679e-01 -8.642416174886284885e-01 8.678742130027019552e-01 4.801558335440401781e-01 1.274548002793876866e-01 1.797104094773712690e-01 -4.905531960243587064e-01 5.690116482699372202e-01
1.586175951005973101e+09 4.958732983407124761e-01 -7.202279594760814252e-01 -4.851611675787617650e-01 -1.242020760152080239e-01 4.941221021712371986e-01 -8.604749808827769630e-01 8.594669955877065615e-01 4.869445910747819406e-01 1.555681487890354375e-01 1.767914264418196935e-01 -4.957299097995759851e-01 5.601061451005884262e-01
1.586175951005985975e+09 5.152887075181706855e-01 -7.080295510819540894e-01 -4.828785591054954307e-01 -1.084840393733690761e-01 5.050212805891068912e-01 -8.562620624676995362e-01 8.501227918978067066e-01 4.936067880331647673e-01 1.834218572171706918e-01 1.740589319954848058e-01 -5.010625523097973488e-01 5.512335348797546830e-01
1.586175951005999088e+09 5.348292024440550740e-01 -6.955515788547285139e-01 -4.797559020070623625e-01 -9.327540191399191771e-02 5.157147738462044551e-01 -8.516677589897390099e-01 8.397960608430794505e-01 5.002462128163607247e-01 2.109414680826665611e-01 1.714922989776327678e-01 -5.065450959711206291e-01 5.424028540378894592e-01
1.586175951006011963e+09 5.545230414018017528e-01 -6.827795580301071476e-01 -4.757270980673343752e-01 -7.864491895245967479e-02 5.261150419207041296e-01 -8.467691182700274322e-01 8.284438263830420368e-01 5.069665058469066121e-01 2.380457701341031074e-01 1.690742565314109491e-01 -5.121722936787242997e-01 5.336213660736923714e-01
1.586175951006026030e+09 5.744041083988227214e-01 -6.696966721856870697e-01 -4.707082829766543464e-01 -6.467418253427761887e-02 5.361094055216628629e-01 -8.416673664178713210e-01 8.160129720541986487e-01 5.138998665363915253e-01 2.646313602252924335e-01 1.667900595054408186e-01 -5.179393392308141442e-01 5.248949439131392891e-01
1.586175951006038904e+09 5.944958493272822775e-01 -6.562892263846531460e-01 -4.646064319495877837e-01 -5.144694129825382045e-02 5.455694239288089165e-01 -8.364850364310796316e-01 8.024511807918272011e-01 5.211894619604641177e-01 2.905746847003365385e-01 1.646250951966510834e-01 -5.238408721617668906e-01 5.162282459961665682e-01
1.586175951006051064e+09 6.148053996175374403e-01 -6.425490754438504259e-01 -4.573237435255613770e-01 -3.904712444628553880e-02 5.543505186532745599e-01 -8.313668412977418543e-01 7.877116495659455264e-01 5.289860001643437171e-01 3.157279983938102719e-01 1.625651158100963889e-01 -5.298710959457942904e-01 5.076247757533505212e-01
1.586175951006063938e+09 6.353175496758638463e-01 -6.284763105127224581e-01 -4.487640118626187169e-01 -2.755629578313516237e-02 5.622920584581306835e-01 -8.264794563845452302e-01 7.717591993767320968e-01 5.374431768804648346e-01 3.399155336308636866e-01 1.605964554876982420e-01 -5.360239285556752664e-01 4.990869867194561715e-01
1.586175951006076097e+09 6.559891701672742048e-01 -6.140821085038902227e-01 -4.388409424649523660e-01 -1.705052484605621560e-02 5.692180174631821243e-01 -8.220098104437814079e-01 7.545776887832447155e-01 5.467120017595803461e-01 3.629304326232575817e-01 1.587062195114349317e-01 -5.422931829954145133e-01 4.906164335556232881e-01
1.586175951006098986e+09 6.767448332228297447e-01 -5.993916654340237793e-01 -4.274880843477301129e-01 -7.596781467186695946e-03 5.749382830054129423e-01 -8.181615121198200224e-01 7.361784564892828175e-01 5.569341095687695420e-01 3.845330649000610612e-01 1.568824331055367338e-01 -5.486727733628263826e-01 4.822139670089992114e-01
1.586175951006114960e+09 6.974742870114546411e-01 -5.844471818913574701e-01 -4.146698815708390606e-01 7.510323652866988942e-04 5.792508925720056823e-01 -8.151489677801131428e-01 7.166094159912312911e-01 5.682340145507980278e-01 4.044515419944957890e-01 1.551141378156535300e-01 -5.551569397030960973e-01 4.738799683998728418e-01
1.586175951006128073e+09 7.180324450766218947e-01 -5.693108717329208313e-01 -4.003929810684119794e-01 7.956089121130039549e-03 5.819454363763733040e-01 -8.131889140874166699e-01 6.959641575827609783e-01 5.807104619915290922e-01 4.223851925615267344e-01 1.533914252586170424e-01 -5.617404833351713478e-01 4.656146172961508345e-01
1.586175951006141901e+09 7.382423568086994292e-01 -5.540679280169683585e-01 -3.847167190302239748e-01 1.400232589369515730e-02 5.828081024474524030e-01 -8.124891696873438596e-01 6.743902117153601772e-01 5.944269905745440674e-01 4.380118667576690661e-01 1.517054002529886481e-01 -5.684190023920607793e-01 4.574181841045397157e-01
1.586175951006154060e+09 7.579014705322908441e-01 -5.388292352980291744e-01 -3.677613578096429192e-01 1.889734208964953879e-02 5.816288671765480478e-01 -8.132347456896655835e-01 6.520952780070358168e-01 6.094020973983834688e-01 4.509998140674928990e-01 1.500480682727092230e-01 -5.751891154114284754e-01 4.492913375703980750e-01
1.586175951006166935e+09 7.767912265893115453e-01 -5.237334236290369649e-01 -3.497122980573323936e-01 2.267390082173607185e-02 5.782110932504529455e-01 -8.155720851842005459e-01 6.293498905103425134e-01 6.255998983963940718e-01 4.610243839999970117e-01 1.484121458718222208e-01 -5.820486592022057204e-01 4.412354558025209372e-01
1.586175951006179094e+09 7.946895512924028182e-01 -5.089476070197216373e-01 -3.308184555317891240e-01 2.538953719525153044e-02 5.723835546669239216e-01 -8.195928489292291230e-01 6.064848626599383952e-01 6.429225458110732205e-01 4.677891743656532597e-01 1.467907972275839801e-01 -5.889968467041206690e-01 4.332529290603571726e-01
1.586175951006189108e+09 8.113852688795921697e-01 -4.946659465225283769e-01 -3.113832798032402094e-01 2.712396855787085892e-02 5.640142883297700749e-01 -8.253194370409540070e-01 5.838820394060325603e-01 6.612060829769051962e-01 4.710501885095955132e-01 1.451773046151977609e-01 -5.960343703533911297e-01 4.253474425697609806e-01
1.586175951006201029e+09 8.266928341998381891e-01 -4.811051843402298078e-01 -2.917477671353326252e-01 2.797434909212759974e-02 5.530248152027587016e-01 -8.326950160958627167e-01 5.619576441689437818e-01 6.802215489263429005e-01 4.706402561807403462e-01 1.435646854163868946e-01 -6.031634363856539505e-01 4.175242276932226160e-01
1.586175951006222010e+09 8.404653304911678946e-01 -4.684966073039554257e-01 -2.722663352893915922e-01 2.804891064320827465e-02 5.394025146711116658e-01 -8.415807662050465154e-01 5.411388796021038283e-01 6.996826826223994100e-01 4.664899321773599006e-01 1.419452731879794205e-01 -6.103877174835562469e-01 4.097902713428053234e-01
1.586175951006233931e+09 8.526037437737470359e-01 -4.570744006743661658e-01 -2.532782037523557128e-01 2.746008627054677409e-02 5.232087539335935622e-01 -8.517620229485070027e-01 5.218359894896711371e-01 7.192604481711011299e-01 4.586410447960123649e-01 1.403102845490174222e-01 -6.177122138879503899e-01 4.021544754609331362e-01
1.586175951006243944e+09 8.630611958036117359e-01 -4.470610390397426470e-01 -2.350782844407489081e-01 2.631843380534205218e-02 5.045806643356113286e-01 -8.629633210564222612e-01 5.044132358500326152e-01 7.386032634617146764e-01 4.472499378474407150e-01 1.386493969139149796e-01 -6.251430168712981406e-01 3.946277608082238153e-01
1.586175951006253004e+09 8.718418192916074227e-01 -4.386511918256303932e-01 -2.178921159406973507e-01 2.472839470188615760e-02 4.837252059691071193e-01 -8.748705229196349631e-01 4.891629061872839190e-01 7.573605860235443910e-01 4.325790033624137276e-01 1.369503639449715926e-01 -6.326869734487133856e-01 3.872231122476557097e-01
1.586175951006262064e+09 8.789950021111000433e-01 -4.319962845904369297e-01 -2.018588529359700845e-01 2.278629022516329150e-02 4.609054881534920822e-01 -8.871566469546562361e-01 4.762862284390740886e-01 7.752066442753077213e-01 4.149772131963802013e-01 1.351986954572932109e-01 -6.403512572924354718e-01 3.799555662485538665e-01
1.586175951006270885e+09 8.846066325729876612e-01 -4.271918394733553170e-01 -1.870246990108801188e-01 2.058026904264643325e-02 4.364210232644424314e-01 -8.995071668680644228e-01 4.658836317073912214e-01 7.918609871532453770e-01 3.948526547123054065e-01 1.333774264089188089e-01 -6.481428565654556717e-01 3.728421441467145714e-01
1.586175951006280899e+09 8.887893236616422055e-01 -4.242691930612525475e-01 -1.733470222100576552e-01 1.819131303958926305e-02 4.105848097565532595e-01 -9.116409328212140561e-01 4.579548170219871484e-01 8.071033180751825409e-01 3.726414090247144872e-01 1.314669962459634189e-01 -6.560679939885831757e-01 3.659017358306474454e-01
1.586175951006289959e+09 8.916733293208112254e-01 -4.231923653096200111e-01 -1.607074854088919036e-01 1.569414248213219301e-02 3.837005821597774813e-01 -9.233241886845925395e-01 4.524073030227643288e-01 8.207813871074409739e-01 3.487772167891551867e-01 1.294452554145932022e-01 -6.641314987511441892e-01 3.591549388771653195e-01
1.586175951006299019e+09 8.933992075186684145e-01 -4.238600053181701410e-01 -1.489313668827220716e-01 1.315701718048305040e-02 3.560432424529563211e-01 -9.343768525977944606e-01 4.490709844364098036e-01 8.328120469949071847e-01 3.236654839784464111e-01 1.272876104387976326e-01 -6.723361537455980752e-01 3.526238578979671856e-01
1.586175951006311893e+09 8.941125998468368863e-01 -4.261115911749996377e-01 -1.378099082297784272e-01 1.063990685909330797e-02 3.278446370380802555e-01 -9.446717348452116081e-01 4.477158153741657154e-01 8.431766161681235605e-01 2.976638083688615266e-01 1.249673130442796182e-01 -6.806820446034322902e-01 3.463318677544295898e-01
1.586175951006323099e+09 8.939609067719793689e-01 -4.297367364833907244e-01 -1.271229114868174803e-01 8.191059385221736988e-03 2.992857112704109812e-01 -9.541283822649730961e-01 4.480700881211460707e-01 8.519122023797386367e-01 2.710697249217388638e-01 1.224558916401694147e-01 -6.891659399034429923e-01 3.403033441171288143e-01
1.586175951006333113e+09 8.930912110879939414e-01 -4.344866305434919029e-01 -1.166595761230225514e-01 5.842492804543509416e-03 2.704950381637873380e-01 -9.627036407299303100e-01 4.498376975253770560e-01 8.591005775936604305e-01 2.441152262044339605e-01 1.197237163150060291e-01 -6.977807330223910753e-01 3.345633640051311475e-01
1.586175951006345987e+09 8.916487541023115915e-01 -4.400867682830036376e-01 -1.062362265655048266e-01 3.605297235051167261e-03 2.415529745208650769e-01 -9.703809368490458054e-01 4.527134869868775224e-01 8.648559400807115383e-01 2.169670523577864607e-01 1.167406817270275343e-01 -7.065149756639008682e-01 3.291373779839791847e-01
1.586175951006356001e+09 8.897753940149512042e-01 -4.462502966761781598e-01 -9.571008863657544385e-02 1.465763064352167827e-03 2.125001692030058509e-01 -9.771599305617252318e-01 4.563963188993094278e-01 8.693125738261292534e-01 1.897315189537199243e-01 1.134769881972944594e-01 -7.153525305856510697e-01 3.240508524778673016e-01
1.586175951006367922e+09 8.876076734273907753e-01 -4.526914548455595044e-01 -8.498861645823500843e-02 -6.167288321057163430e-04 1.833488388752109177e-01 -9.830477217290737313e-01 4.605998674332595355e-01 8.726131159893202316e-01 1.624626484008195038e-01 1.099039964381426093e-01 -7.242723692918601186e-01 3.193288802713372121e-01
1.586175951006377935e+09 8.852743389828438003e-01 -4.591386481691813182e-01 -7.403409107111152965e-02 -2.709362005646869138e-03 1.540951211058513570e-01 -9.880523029055486850e-01 4.650612908614464858e-01 8.748979343952247856e-01 1.351724836451165257e-01 1.059951266032376493e-01 -7.332485379397234437e-01 3.149957581644087790e-01
1.586175951006390095e+09 8.828933584795476408e-01 -4.653466584715287291e-01 -6.286338478754824322e-02 -4.902740398406458047e-03 1.247308875915786319e-01 -9.921784965847958437e-01 4.695479537294770522e-01 8.762960078232377992e-01 1.078425983693468704e-01 1.017267675046184816e-01 -7.422503111031829581e-01 3.110745332673676145e-01
1.586175951006402016e+09 8.805687075672493647e-01 -4.711072787453943200e-01 -5.154302388600823931e-02 -7.305060006878357631e-03 9.525361410605531765e-02 -9.954262330108110124e-01 4.738622030869845680e-01 8.769177162690452443e-01 8.043588490572667338e-02 9.707915648872204872e-02 -7.512425477053560341e-01 3.075865242494003615e-01
1.586175951006412029e+09 8.783873835180344702e-01 -4.762574558618072329e-01 -4.018009901979295584e-02 -1.003423382112742825e-02 6.567327298821240555e-02 -9.977907273745840744e-01 4.778440318674703202e-01 8.768499627311054923e-01 5.290769574111571505e-02 9.203718343308604777e-02 -7.601862549494832200e-01 3.045508327941979787e-01
1.586175951006423950e+09 8.764171161364389118e-01 -4.806841448668149885e-01 -2.891005986861466814e-02 -1.320897811736722327e-02 3.601576127522811838e-02 -9.992639231478956940e-01 4.813715421628021462e-01 8.761538780378870239e-01 2.521548326946111002e-02 8.659107043133364157e-02 -7.690393533625743405e-01 3.019838665237713493e-01
1.586175951006437063e+09 8.747051820372241382e-01 -4.843253531556792613e-01 -1.788286757523357973e-02 -1.694006575999843986e-02 6.322982526564820821e-03 -9.998365138021708676e-01 4.843592456575407379e-01 8.748651166705879723e-01 -2.673757758696909681e-03 8.073688061613128186e-02 -7.777576209428981313e-01 2.998988998146004392e-01
1.586175951006449938e+09 8.732785700499340331e-01 -4.871673099019580566e-01 -7.249234393525851028e-03 -2.132291795283924180e-02 -2.334975618915353934e-02 -9.994999361300362928e-01 4.867544272288594209e-01 8.729964497238396071e-01 -3.077867028011740599e-02 7.447681543195602827e-02 -7.862957777743984078e-01 2.983057030335496962e-01
1.586175951006458998e+09 8.721455142232822366e-01 -4.892382567448667063e-01 2.851368497868806903e-03 -2.643243105139829116e-02 -5.293800799097243825e-02 -9.982479121774929798e-01 4.885320140738622086e-01 8.705420699921216920e-01 -5.910140269319482526e-02 6.781927272946146334e-02 -7.946086572028558948e-01 2.972102693547430952e-01
1.586175951006468058e+09 8.712981564901870479e-01 -4.905998784826022807e-01 1.229966969139320403e-02 -3.232045751283944141e-02 -8.237298680181316668e-02 -9.960773460628304932e-01 4.896885854192905563e-01 8.674828242995340499e-01 -8.762784407306489776e-02 6.077865724861006291e-02 -8.026523999991450609e-01 2.966146607164915627e-01
1.586175951006480932e+09 8.707159564638021765e-01 -4.913376118601684439e-01 2.100177315686869300e-02 -3.901598304297946435e-02 -1.115859210892412301e-01 -9.929885878246125230e-01 4.902361435006780677e-01 8.637916030851412463e-01 -1.163296619384742298e-01 5.337495572251935161e-02 -8.103856061289620438e-01 2.965169835025013856e-01
1.586175951006489992e+09 8.703693070007132437e-01 -4.915512143150590485e-01 2.889071271791376905e-02 -4.652740664336153797e-02 -1.405113292102384004e-01 -9.889852208514937626e-01 4.901963586472730672e-01 8.594381712729689538e-01 -1.451673514584609359e-01 4.563310601268248667e-02 -8.177703836138274784e-01 2.969114942640450616e-01
1.586175951006499052e+09 8.702229105431823486e-01 -4.913465973164006795e-01 3.592502492980730738e-02 -5.484620514432168858e-02 -1.690889742211401925e-01 -9.840735810121985505e-01 4.895957311057952399e-01 8.543930244755962855e-01 -1.740935955512449007e-01 3.758220190699889524e-02 -8.247732432929411051e-01 2.977888274774134203e-01
1.586175951006508112e+09 8.702385876929584763e-01 -4.908295236545098805e-01 4.208538159637133930e-02 -6.395114315777516989e-02 -1.972646014074285747e-01 -9.782621982824668549e-01 4.884619247701577072e-01 8.486301054694023183e-01 -2.030563772511446985e-01 2.925458265195240992e-02 -8.313658001546221366e-01 2.991363309987374874e-01
1.586175951006516933e+09 8.703773852203706696e-01 -4.901012865755465797e-01 4.737020518009971842e-02 -7.381245924348225906e-02 -2.249897235453882371e-01 -9.715612926766182822e-01 4.868212488479281563e-01 8.421284660684035250e-01 -2.320015485055147431e-01 2.068486052058603891e-02 -8.375252567165846207e-01 3.009384884901828983e-01
1.586175951006526947e+09 8.706009722772312109e-01 -4.892561968533766792e-01 5.179112911850865947e-02 -8.439555780252194772e-02 -2.522208038221031012e-01 -9.639823941393306228e-01 4.846971601598329404e-01 8.348730682715951312e-01 -2.608747266587952973e-01 1.190893934792162587e-02 -8.432346594605979462e-01 3.031774038636163016e-01
1.586175951006535053e+09 8.708724214268468433e-01 -4.883804923861478908e-01 5.536894797325311868e-02 -9.566390761704424150e-02 -2.789181804165465905e-01 -9.555381026838348779e-01 4.821095752553938296e-01 8.268549712336683566e-01 -2.896225374427355836e-01 2.963072546535324564e-03 -8.484829340176845980e-01 3.058333209400625474e-01
1.586175951006545067e+09 8.711565369537657144e-01 -4.875521921171973583e-01 5.813044150269550125e-02 -1.075810136208478485e-01 -3.050450167418692349e-01 -9.462419688099478199e-01 4.790747476208571110e-01 8.180711447579427364e-01 -3.181933193955785444e-01 -6.116998185439079250e-03 -8.532647184237120985e-01 3.088851511398650329e-01
1.586175951006553888e+09 8.714199147433504544e-01 -4.868414284597214481e-01 6.010620491139440774e-02 -1.201114718595736458e-01 -3.305664754698451890e-01 -9.361084551969572898e-01 4.756054737858639858e-01 8.085241053874840933e-01 -3.465374503770522474e-01 -1.529679256757367385e-02 -8.575800221471271412e-01 3.123109857897573005e-01
1.586175951006562948e+09 8.716308940082454493e-01 -4.863109053701948903e-01 6.132934104707851025e-02 -1.332212960237046662e-01 -3.554491899423560808e-01 -9.251529386664402166e-01 4.717114277570748637e-01 7.982215086355007871e-01 -3.746074642563635426e-01 -2.454370906740010669e-02 -8.614337459395432495e-01 3.160885726318037325e-01
1.586175951006572008e+09 8.717595103169826221e-01 -4.860162703589058775e-01 6.183479007140117029e-02 -1.468777282651859417e-01 -3.796610376135928222e-01 -9.133917175702278568e-01 4.673994964630754922e-01 7.871757628540035912e-01 -4.023580858921773085e-01 -3.382749975944090992e-02 -8.648350987750362817e-01 3.201957423930000823e-01
1.586175951006581068e+09 8.717775074294371596e-01 -4.860063158521408244e-01 6.165905153996120713e-02 -1.610487445928662498e-01 -4.031711727384471033e-01 -9.008419992461661474e-01 4.626740532919345061e-01 7.754036797591420394e-01 -4.297462670319891487e-01 -4.312060143191247252e-02 -8.677969461245800264e-01 3.246107775860392342e-01
1.586175951006589890e+09 8.716584283687670576e-01 -4.863230045094160681e-01 6.084011574188681604e-02 -1.757024053912039363e-01 -4.259502688510419244e-01 -8.875218495752839054e-01 4.575371560649218461e-01 7.629261457765800225e-01 -4.567312635588368086e-01 -5.239832838704572976e-02 -8.703351232878583366e-01 3.293127190368362878e-01
1.586175951006598949e+09 8.713777601292402863e-01 -4.870014103890711876e-01 5.941738445997431228e-02 -1.908062491756518930e-01 -4.479708637689736594e-01 -8.734501020422754669e-01 4.519886885934721321e-01 7.497677851517811076e-01 -4.832747602903360029e-01 -6.163893853495346076e-02 -8.724677478516850160e-01 3.342816073166548496e-01
1.586175951006608963e+09 8.709131052605295631e-01 -4.880696496504752790e-01 5.743152723361028694e-02 -2.063267842033785493e-01 -4.692077545305501918e-01 -8.586462260306942929e-01 4.460264806005104776e-01 7.359565886220497122e-01 -5.093410237438698029e-01 -7.082358974165811616e-02 -8.742145605607630765e-01 3.394986602916594820e-01
1.586175951006617069e+09 8.702443816089764361e-01 -4.895488043919526411e-01 5.492435289815196520e-02 -2.222290089696248028e-01 -4.896384629074808092e-01 -8.431301462301301619e-01 4.396464307190018350e-01 7.215234881258255628e-01 -5.348970669580450643e-01 -7.993620669624799946e-02 -8.755963177595931235e-01 3.449463913290797268e-01
1.586175951006628036e+09 8.693539992134323713e-01 -4.914529566810920125e-01 5.193857493121259439e-02 -2.384760989052112368e-01 -5.092436594505322933e-01 -8.269220312873789558e-01 4.328426671420899097e-01 7.065018661232398411e-01 -5.599127957702318970e-01 -8.896328030184341706e-02 -8.766342535891438192e-01 3.506086740407435842e-01
1.586175951006640911e+09 8.682269742253391209e-01 -4.937894069215213455e-01 4.851745030878862330e-02 -2.550293044551353305e-01 -5.280074738152626956e-01 -8.100420740507355832e-01 4.256077716576574521e-01 6.909270072617178515e-01 -5.843611002988694514e-01 -9.789362137574803002e-02 -8.773496225601223886e-01 3.564707615284252729e-01
1.586175951006649971e+09 8.668509847074595820e-01 -4.965590471645220383e-01 4.470439727399145441e-02 -2.718479746334844793e-01 -5.459177111511410718e-01 -7.925102722408300382e-01 4.179330678480267514e-01 6.748355099477350016e-01 -6.082178766809250847e-01 -1.067180882879131959e-01 -8.777633257240718967e-01 3.625192694091014523e-01
1.586175951006661892e+09 8.652163801056657055e-01 -4.997568492054949574e-01 4.054266165294914681e-02 -2.888896463402884085e-01 -5.629659925699026513e-01 -7.743462169567500997e-01 4.098089652978887387e-01 6.582646755199407229e-01 -6.314619775771435073e-01 -1.154293049257996973e-01 -8.778956181091688293e-01 3.687421319005298459e-01
1.586175951006671906e+09 8.633161580950903247e-01 -5.033724272743661521e-01 3.607507140265930889e-02 -3.061101619720206224e-01 -5.791478336301414398e-01 -7.555688954734970375e-01 4.012253482976598229e-01 6.412518899904615655e-01 -6.540750978814423577e-01 -1.240213820844328213e-01 -8.777658920101495399e-01 3.751285389823010852e-01
1.586175951006683111e+09 8.611459198131770076e-01 -5.073906436918886875e-01 3.134389299224370207e-02 -3.234637987306973050e-01 -5.944626668797151625e-01 -7.361965151133403884e-01 3.921719978656830752e-01 6.238340104022853660e-01 -6.760416050488133877e-01 -1.324896516472485186e-01 -8.773925275925064104e-01 3.816688618946720291e-01
1.586175951006692886e+09 8.587038078203187430e-01 -5.117922403923396146e-01 2.639077971442993498e-02 -3.409034135374508501e-01 -6.089138022584422716e-01 -7.162463572861950123e-01 3.826390378497069311e-01 6.060467673762817142e-01 -6.973483223380877449e-01 -1.408304202467222099e-01 -8.767928021009924189e-01 3.883545722294080016e-01
1.586175951006705999e+09 8.559904317066038271e-01 -5.165544785616149603e-01 2.125680242983445795e-02 -3.583806042727305519e-01 -6.225083235957721284e-01 -6.957346691111182535e-01 3.726173956272946231e-01 5.879241939954918950e-01 -7.179842747527409585e-01 -1.490407476155394262e-01 -8.759828501547610724e-01 3.951781575419065495e-01
1.586175951006725073e+09 8.530087230166537582e-01 -5.216518771534751631e-01 1.598241735827870061e-02 -3.758460251136315211e-01 -6.352567985976790288e-01 -6.746766377382387159e-01 3.620992737953170337e-01 5.694981291017781055e-01 -7.379403750087227820e-01 -1.571182530137419098e-01 -8.749776671862258270e-01 4.021330355363239573e-01
1.586175951006737947e+09 8.497636629253422225e-01 -5.270571160878296801e-01 1.060724741609266226e-02 -3.932499588601807705e-01 -6.471726972947479117e-01 -6.530864950378088007e-01 3.510786055153686802e-01 5.507978725535733755e-01 -7.572090309428286536e-01 -1.650609505007915312e-01 -8.737911466265069205e-01 4.092134691223539567e-01
1.586175951006751060e+09 8.462619550754679754e-01 -5.327419416713975453e-01 5.169827936865416945e-03 -4.105429584096933482e-01 -6.582716796469944009e-01 -6.309777138243510830e-01 3.395514436983802509e-01 5.318499971894167233e-01 -7.757837313153059799e-01 -1.728671114922022967e-01 -8.724361411317951287e-01 4.164144846660962074e-01
1.586175951006764889e+09 8.425115493938133415e-01 -5.386782003033123711e-01 -2.929178750626587960e-04 -4.276767483836149686e-01 -6.685705847014498104e-01 -6.083633555960145101e-01 3.275162412137710977e-01 5.126784274189117863e-01 -7.936585802484655838e-01 -1.805351526264353801e-01 -8.709245403717464917e-01 4.237317944505592515e-01
1.586175951006776094e+09 8.385209688741164236e-01 -5.448390234155876533e-01 -5.746604808311753243e-03 -4.446054456728593118e-01 -6.780860671649631133e-01 -5.852565962574487468e-01 3.149739396653967183e-01 4.933048998645420125e-01 -8.108277827645207214e-01 -1.880635474292768061e-01 -8.692673601830147589e-01 4.311617230969607140e-01
1.586175951006784916e+09 8.342984810726792322e-01 -5.512000401224633750e-01 -1.116066277942117171e-02 -4.612869625039229815e-01 -6.868330181636084220e-01 -5.616713840425161530e-01 3.019277776865603169e-01 4.737498507425382255e-01 -8.272851359623315526e-01 -1.954507594154508976e-01 -8.674748380154376770e-01 4.387011380295783858e-01
1.586175951006793976e+09 8.298512402768877250e-01 -5.577403944036795069e-01 -1.650974276601414881e-02 -4.776843028289136650e-01 -6.948230676360762637e-01 -5.376231131375495131e-01 2.883827770167476934e-01 4.540336521445902385e-01 -8.430236158269170943e-01 -2.026951925117123909e-01 -8.655565291278055629e-01 4.463473851025966388e-01
1.586175951006805897e+09 8.251845162172529724e-01 -5.644434087011515055e-01 -2.177504796742279342e-02 -4.937665169945354982e-01 -7.020634226326413208e-01 -5.131292016290723845e-01 2.743449309383697021e-01 4.341780615402978660e-01 -8.580351216279353821e-01 -2.097951548253204623e-01 -8.635213996819197657e-01 4.540982300539651573e-01
1.586175951006818056e+09 8.203010282569555001e-01 -5.712969090320163534e-01 -2.694559177130771005e-02 -5.095092913693584080e-01 -7.085560836705074861e-01 -4.882095437103518010e-01 2.598201402761139978e-01 4.142078200262070964e-01 -8.723103672074367099e-01 -2.167488324263588950e-01 -8.613779145397768566e-01 4.619518058919289683e-01
1.586175951006834030e+09 8.152003521299118205e-01 -5.782932976397349156e-01 -3.201949307982629445e-02 -5.248952424155008956e-01 -7.142973736557634012e-01 -4.628868617125725393e-01 2.448129298547033483e-01 3.941524121954066429e-01 -8.858388710922736609e-01 -2.235542723878290172e-01 -8.591341200305364634e-01 4.699065646756785952e-01
1.586175951006850004e+09 8.098784526244321436e-01 -5.854293358950123372e-01 -3.700519954061119027e-02 -5.399138075749831955e-01 -7.192778757095685815e-01 -4.371869373307913920e-01 2.293250370427733498e-01 3.740478984480130054e-01 -8.986090347050218474e-01 -2.302093740173763725e-01 -8.567977214744697534e-01 4.779612327795925153e-01
1.586175951006864071e+09 8.043274119721004478e-01 -5.927055941323802202e-01 -4.192246628366981531e-02 -5.545606143023602552e-01 -7.234828881217707508e-01 -4.111387064332829855e-01 2.133540242597994629e-01 3.539386803153248273e-01 -9.106082972993001512e-01 -2.367118869828867544e-01 -8.543761550771150626e-01 4.861147691591801712e-01
1.586175951006875038e+09 7.985354500494135088e-01 -6.001255136020873238e-01 -4.680281063218073856e-02 -5.688361946278810422e-01 -7.268935297359114811e-01 -3.847741940117633819e-01 1.968921505582705567e-01 3.338789668354769646e-01 -9.218233652685037249e-01 -2.430594160151616223e-01 -8.518766543935332169e-01 4.943663257210641482e-01
1.586175951006889105e+09 7.924871167185274512e-01 -6.076942832243620307e-01 -5.168972931293401574e-02 -5.827443390556930058e-01 -7.294882167779161986e-01 -3.581284366659291396e-01 1.799255551394921548e-01 3.139340692897689689e-01 -9.322404169249730588e-01 -2.492494323606435080e-01 -8.493063115900364446e-01 5.027152088614623704e-01
1.586175951006897926e+09 7.861636925424709821e-01 -6.154175211956290914e-01 -5.663853174540382091e-02 -5.962900888309373704e-01 -7.312445428978984197e-01 -3.312394129811536692e-01 1.624339211840281350e-01 2.941813951096564628e-01 -9.418452782817636759e-01 -2.552792927024742919e-01 -8.466721336665491426e-01 5.111608411706709543e-01
1.586175951006907940e+09 7.795438321284221539e-01 -6.232997651048072241e-01 -6.171561192832093756e-02 -6.094774074219119209e-01 -7.321415796540216014e-01 -3.041479861055171319e-01 1.443908026733534689e-01 2.747109577394473701e-01 -9.506235774494319335e-01 -2.611462665037770359e-01 -8.439810935021682115e-01 5.197027224286554503e-01
1.586175951006917000e+09 7.726044778369181021e-01 -6.313427992383613407e-01 -6.699694635633492157e-02 -6.223066265789447549e-01 -7.321625867399251808e-01 -2.768978319927738463e-01 1.257647947904370900e-01 2.556251485421092151e-01 -9.585609005304147612e-01 -2.668475722470940448e-01 -8.412401750534332923e-01 5.283403895359051194e-01
1.586175951006926060e+09 7.653219935726758294e-01 -6.395439388019283911e-01 -7.256580903235804181e-02 -6.347719258060081637e-01 -7.312979659668665811e-01 -2.495353430865424604e-01 1.065215876306531140e-01 2.370376245499616619e-01 -9.656429547808508262e-01 -2.723804221790520619e-01 -8.384564116115691412e-01 5.370733756750957211e-01
1.586175951006934881e+09 7.576734706254508733e-01 -6.478943954156246576e-01 -7.850964554923525740e-02 -6.468591004121325705e-01 -7.295482873538172708e-01 -2.221094345163704964e-01 8.662688032974216745e-02 2.190711047691867863e-01 -9.718557685485434972e-01 -2.777420745358378795e-01 -8.356369159454110074e-01 5.459011694181933327e-01
1.586175951006943941e+09 7.496380389837791203e-01 -6.563779391892822224e-01 -8.491649780251937785e-02 -6.585440241927261740e-01 -7.269270051417250356e-01 -1.946712553609178942e-01 6.604982196935932359e-02 2.018542302671511302e-01 -9.771859039827618387e-01 -2.829298910307317949e-01 -8.327889011747005021e-01 5.548231751376694332e-01
1.586175951006953955e+09 7.411980777262734410e-01 -6.649699928334960042e-01 -9.187120523187770893e-02 -6.697920259103470331e-01 -7.234626026386016262e-01 -1.672737423457636152e-01 4.476663799727742532e-02 1.855175769262168428e-01 -9.816206889503610311e-01 -2.879413966774230782e-01 -8.299196916396176515e-01 5.638386763424981796e-01
1.586175951006963015e+09 7.323401881325326546e-01 -6.736372752028644273e-01 -9.945184989796546082e-02 -6.805583383150625165e-01 -7.191998738717766404e-01 -1.399710321485294895e-01 2.276394679610040800e-02 1.701891976976638299e-01 -9.851484354729622694e-01 -2.927743384779880609e-01 -8.270367236407436540e-01 5.729468036608424963e-01
1.586175951006972075e+09 7.230558553581912795e-01 -6.823380144679798143e-01 -1.077268034845078742e-01 -6.907895689734272482e-01 -7.142001980634641312e-01 -1.128177678899849878e-01 4.134735080700210896e-05 1.559900997807313616e-01 -9.877586179134705269e-01 -2.974267387861985745e-01 -8.241475366518274948e-01 5.821465093133424418e-01
1.586175951006980896e+09 7.133417907440224859e-01 -6.910226725594644792e-01 -1.167525405794096749e-01 -7.004259700152307699e-01 -7.085408167044546790e-01 -8.586834026619380444e-02 -2.338697047570118329e-02 1.430299870756440439e-01 -9.894420006299738946e-01 -3.018969403179811439e-01 -8.212597565011761080e-01 5.914365490465296471e-01
1.586175951006993055e+09 7.031999755859190682e-01 -6.996350741057335565e-01 -1.265723412199038500e-01 -7.094042086768450606e-01 -7.023132152905193770e-01 -5.917614897858088086e-02 -4.749171855090135452e-02 1.314036180565942014e-01 -9.901907018510395231e-01 -3.061836401160613064e-01 -8.183810725916507156e-01 6.008154721173127877e-01
1.586175951007004023e+09 6.926374452654350256e-01 -7.081137614531241020e-01 -1.372161448290237507e-01 -7.176603070516550664e-01 -6.956208002933055301e-01 -3.279308082337904773e-02 -7.222917266298672923e-02 1.211882963315326217e-01 -9.899981533569730541e-01 -3.102859110218801897e-01 -8.155192116322506068e-01 6.102816191392992362e-01
1.586175951007013083e+09 6.816659377118903240e-01 -7.163934079395795074e-01 -1.487011585998730956e-01 -7.251323856437437154e-01 -6.885762133033861421e-01 -6.769197252708927803e-03 -9.754267240643096915e-02 1.124423570544881013e-01 -9.888590109825455832e-01 -3.142032111891921442e-01 -8.126819103208815509e-01 6.198331266038438203e-01
1.586175951007023096e+09 6.703014886050223664e-01 -7.244061789671651930e-01 -1.610329233198688759e-01 -7.317629924110221618e-01 -6.812985392059458523e-01 1.884737863932506308e-02 -1.233646529557278354e-01 1.052045078659386984e-01 -9.867690581525820903e-01 -3.179353835363188385e-01 -8.098768889566120288e-01 6.294679363526110016e-01
1.586175951007031918e+09 6.585640299942985276e-01 -7.320829429106104902e-01 -1.742067255930975778e-01 -7.375009006919421850e-01 -6.739106107859875738e-01 4.401034442826608911e-02 -1.496189833025410310e-01 9.949398722295767217e-02 -9.837251173694444573e-01 -3.214826475588296595e-01 -8.071118273305349922e-01 6.391838082299173829e-01
1.586175951007042885e+09 6.464770338202280309e-01 -7.393543077840536437e-01 -1.882090657992402660e-01 -7.423023502264943785e-01 -6.665365499871462873e-01 6.867494919924370389e-02 -1.762233409062504974e-01 9.531125440066917642e-02 -9.797250119834368665e-01 -3.248455853549296890e-01 -8.043943437854451650e-01 6.489783345961790406e-01
1.586175951007056952e+09 6.340672149341434194e-01 -7.461514781842433219e-01 -2.030190599278489105e-01 -7.461317727151108858e-01 -6.592996129220228818e-01 9.279762073426423008e-02 -2.030914694911440666e-01 9.263904212778688307e-02 -9.747675944014085880e-01 -3.280251233081296069e-01 -8.017319780217991854e-01 6.588489557074578284e-01
1.586175951007070065e+09 6.213643076973659474e-01 -7.524069152470347355e-01 -2.186097691162832701e-01 -7.489620605949642851e-01 -6.523203846177346721e-01 1.163354970315563786e-01 -2.301352411056731273e-01 9.144369755039208347e-02 -9.688528377318617046e-01 -3.310225114016298598e-01 -7.991321777284052796e-01 6.687929748762413418e-01
1.586175951007078886e+09 6.084009204615077326e-01 -7.580548183937644291e-01 -2.349493827113557365e-01 -7.507744624058346750e-01 -6.457153267166767519e-01 1.392459109290785646e-01 -2.572664511172783608e-01 9.167665609846796515e-02 -9.619819977825256885e-01 -3.338393014647141332e-01 -7.966022889295379938e-01 6.788075727505256118e-01
