1.583561771604799986e+09 -2.056591978928730968e-01 8.530373173642050166e-02 9.748987474977303114e-01 2.748534761720147213e-01 -9.510616473309096985e-01 1.411995383313768004e-01 9.392336563047635201e-01 2.969932934702483873e-01 1.721485483322080234e-01 -4.187681168208912119e-02 1.594440748037720734e+00 1.595371967582044359e+00
1.583561771604836941e+09 -2.265732425113719528e-01 8.207548637482364740e-02 9.705298452461916803e-01 2.817030655346702273e-01 -9.483344366666591752e-01 1.459629374643527377e-01 9.323668531344653232e-01 3.064725286350080680e-01 1.917462921772245532e-01 -4.777483260746438060e-02 1.593811801442276188e+00 1.590359062386960565e+00
1.583561771604851961e+09 -2.473090178440239817e-01 7.968580527703963967e-02 9.656544010833233438e-01 2.886043955952384277e-01 -9.453187734286071509e-01 1.519207670455555992e-01 9.249571626380307388e-01 3.162634804746060069e-01 2.107881837301691097e-01 -5.367918264246571841e-02 1.593200009922549176e+00 1.585351487629174771e+00
1.583561771604863882e+09 -2.678366340568308357e-01 7.811720377426328854e-02 9.602922680808165801e-01 2.954607403119492992e-01 -9.420242479891042242e-01 1.590385712619200032e-01 9.170422501573987084e-01 3.263250200618122432e-01 2.292280369169110432e-01 -5.958072987895996625e-02 1.592579218894872639e+00 1.580341716988273859e+00
1.583561771604873896e+09 -2.881297339768402188e-01 7.735371797646235781e-02 9.544619735337510624e-01 3.021823545196252736e-01 -9.384581685642536808e-01 1.672784818434899234e-01 9.086622481440125298e-01 3.366194709405206931e-01 2.470227738223502723e-01 -6.547246466164347023e-02 1.591920606085395429e+00 1.575325230809722976e+00
1.583561771604883909e+09 -3.081647407967323948e-01 7.738017561969090519e-02 9.481807850638004354e-01 3.086861140812865445e-01 -9.346259712428279798e-01 1.765989152577261134e-01 8.998596422195253020e-01 3.471118009357851975e-01 2.641325844465622352e-01 -7.134961635406029956e-02 1.591193308113349136e+00 1.570301132004282563e+00
1.583561771604892969e+09 -3.279203864080724729e-01 7.818103070789957088e-02 9.414647878891237998e-01 3.148954266742965968e-01 -9.305316194256902929e-01 1.869539395960261863e-01 8.906790053867926771e-01 3.577689641932843001e-01 2.805214391814706554e-01 -7.720966848608622202e-02 1.590365171847927916e+00 1.565272670758683260e+00
1.583561771604902029e+09 -3.473775357527708607e-01 7.973882503084997464e-02 9.343289397551498565e-01 3.207404659675107128e-01 -9.261779833455225930e-01 1.982924524110136477e-01 8.811665003576043542e-01 3.685594429762372726e-01 2.961579576258689395e-01 -8.305226618072505951e-02 1.589403598807912710e+00 1.560247646118862130e+00
1.583561771604911089e+09 -3.665193023830702890e-01 8.203242396210221055e-02 9.267870751336479973e-01 3.261587271179341441e-01 -9.215671837572673164e-01 2.105573807253966756e-01 8.713690870817741851e-01 3.794530370207440106e-01 3.110165703091119505e-01 -8.887901693719107987e-02 1.588276443183028963e+00 1.555238660294743669e+00
1.583561771604921103e+09 -3.853314880733604841e-01 8.503493445294384168e-02 9.188518403237538879e-01 3.310958894641575223e-01 -9.167009224062090400e-01 2.236848919283091486e-01 8.613333596846508566e-01 3.904208996095556716e-01 3.250790132944760824e-01 -9.469319303783521602e-02 1.586952920516179200e+00 1.550263211852936918e+00
1.583561771604932070e+09 -4.038667392034052117e-01 8.872339840049492388e-02 9.105052530249739817e-01 3.355216216666347395e-01 -9.115629337876708371e-01 2.376515499129797371e-01 8.510680928020128988e-01 4.014737555462940533e-01 3.383813311398723989e-01 -1.004993500173930465e-01 1.585404484942082082e+00 1.545343625325266590e+00
1.583561771604940891e+09 -4.216359557891384280e-01 9.446077393475728334e-02 9.018316268672453839e-01 3.389822380237115240e-01 -9.060280056927999537e-01 2.533856650290204349e-01 8.410197163659627329e-01 4.125414102390520532e-01 3.499934596014370736e-01 -1.063051007351042548e-01 1.583775751289158151e+00 1.540449554576574620e+00
1.583561771604949951e+09 -4.384380911481788323e-01 1.023308586936781256e-01 8.929168135016564145e-01 3.413310695615762724e-01 -9.001029611105550998e-01 2.707540588604290255e-01 8.314235631784109293e-01 4.234891437045752438e-01 3.597107226622159315e-01 -1.121132163621492289e-01 1.582068346992875796e+00 1.535585193710704122e+00
1.583561771604959011e+09 -4.540584782700065603e-01 1.123658433814550411e-01 8.838579160684687519e-01 3.424490235628045443e-01 -8.938047211507264000e-01 2.895544624884751617e-01 8.225324095730481844e-01 4.341509389247910078e-01 3.673600382115221885e-01 -1.179265554991712761e-01 1.580282600002928195e+00 1.530755324254158278e+00
1.583561771604968071e+09 -4.682799617296243277e-01 1.245378239329061471e-01 8.747595144364843645e-01 3.422551470125173578e-01 -8.871629352804718538e-01 3.095211473315077066e-01 8.146013086241287171e-01 4.443334972260085669e-01 3.728169141453415714e-01 -1.237482130102307010e-01 1.578417549514179896e+00 1.525965613020727307e+00
1.583561771604978085e+09 -4.808964923090280341e-01 1.387542388506784463e-01 8.657284938884926007e-01 3.407139830134822689e-01 -8.802221432248178434e-01 3.303376460430029193e-01 8.078691389640056952e-01 4.538240186057526104e-01 3.760202317537911232e-01 -1.295816713959118960e-01 1.576471028040524303e+00 1.521222906977094613e+00
1.583561771604986906e+09 -4.917278485839096658e-01 1.548586634956019559e-01 8.568678530041791142e-01 3.378380811350525370e-01 -8.730427092651141807e-01 3.516558811842204202e-01 8.025391916217525790e-01 4.624015811269132636e-01 3.769822594294429674e-01 -1.354309415412567608e-01 1.574439817476996906e+00 1.516535512646080219e+00
1.583561771604996920e+09 -5.006337195371134419e-01 1.726376251248220028e-01 8.482700805158062130e-01 3.336848719052920020e-01 -8.656997847571989979e-01 3.731196711114596054e-01 7.987617200087488989e-01 4.698511819241492637e-01 3.757919394229187193e-01 -1.413006785273799859e-01 1.572319877941851907e+00 1.511913447384542586e+00
1.583561771605012894e+09 -5.075251716783861777e-01 1.918331891797277755e-01 8.400108498624024866e-01 3.283482546496350740e-01 -8.582798212681245209e-01 3.943896196782191166e-01 7.966213805875839160e-01 4.759787558596971224e-01 3.726105207895775706e-01 -1.471962581101753931e-01 1.570106643822133607e+00 1.507368650434748769e+00
1.583561771605027914e+09 -5.123717096871484022e-01 2.121600220664079384e-01 8.321438315541647146e-01 3.219464092451257975e-01 -8.508746716218886785e-01 4.151659942769263534e-01 7.961317359049017162e-01 4.806250288213892996e-01 3.676599529423626445e-01 -1.531238007111397903e-01 1.567795376749635095e+00 1.502915143228774397e+00
1.583561771605046988e+09 -5.152029402747400066e-01 2.333246524875773054e-01 8.246972396694499663e-01 3.146082304187368672e-01 -8.435738802358614397e-01 4.352065831005305641e-01 7.972374752319485447e-01 4.836762504295415432e-01 3.612058874081392479e-01 -1.590901321795035739e-01 1.565381561457859672e+00 1.498569130372514380e+00
1.583561771605063915e+09 -5.161048278296971326e-01 2.550443292461977984e-01 8.176724264978195711e-01 3.064609606845153933e-01 -8.364561893949470361e-01 4.543376749034179762e-01 7.998234095705285540e-01 4.850705448181643065e-01 3.535379474609163242e-01 -1.651026737772773312e-01 1.562861328194823596e+00 1.494349034279478072e+00
1.583561771605082035e+09 -5.152113815191068369e-01 2.770631829832411186e-01 8.110445272813107120e-01 2.976210762868617410e-01 -8.295814609620562052e-01 4.724577172777960632e-01 8.037281428029738883e-01 4.847995383401816349e-01 3.449499678703028538e-01 -1.711692577579693730e-01 1.560231883777262851e+00 1.490275457956496075e+00
1.583561771605098963e+09 -5.126931452608831652e-01 2.991641188438665666e-01 8.047649153904959940e-01 2.881895300500547652e-01 -8.229841186970435762e-01 4.895344065327938976e-01 8.087598740066137548e-01 4.829057573522617663e-01 3.357223495016953829e-01 -1.772978693839980247e-01 1.557491932463544559e+00 1.486371072020899575e+00
1.583561771605115891e+09 -5.087440974922433634e-01 3.211757162907736829e-01 7.987650485446314841e-01 2.782514554825030739e-01 -8.166688862394815285e-01 5.055967343720378926e-01 8.147119558595483646e-01 4.794768916559287719e-01 3.261078649612301206e-01 -1.834963209145879792e-01 1.554642067816736084e+00 1.482660423382816228e+00
1.583561771605133057e+09 -5.035684189622019469e-01 3.429742120672048533e-01 7.929612459164598892e-01 2.678796029777567034e-01 -8.106092054380592549e-01 5.207237601694332252e-01 8.213765068254916812e-01 4.746381843444722470e-01 3.163214002236168776e-01 -1.897718681589855017e-01 1.551685116863506853e+00 1.479169665436458336e+00
1.583561771605153084e+09 -4.973681730057185613e-01 3.644811839128732633e-01 7.872600379156939887e-01 2.571402263059317517e-01 -8.047484386905436882e-01 5.350316387634492798e-01 8.285552514644786148e-01 4.685439329707047351e-01 3.065334865705084400e-01 -1.961307847887715228e-01 1.548626419276649013e+00 1.475926211789043041e+00
1.583561771605170965e+09 -4.903326649903562151e-01 3.856578213405281175e-01 7.815637675371910342e-01 2.460999668872122792e-01 -7.990036788770926712e-01 5.486601201804450767e-01 8.360673921253224394e-01 4.613687962009515586e-01 2.968672261448556671e-01 -2.025779134686656324e-01 1.545474026612519758e+00 1.472958317675367557e+00
1.583561771605190039e+09 -4.826299993810198030e-01 4.064968036703144327e-01 7.757761484783420869e-01 2.348323505078490081e-01 -7.932717680289402828e-01 5.617594407223018838e-01 8.437547339640035782e-01 4.532992949313764397e-01 2.873981530388537431e-01 -2.091162151567665661e-01 1.542238810135915461e+00 1.470294593106795444e+00
1.583561771605209112e+09 -4.744011359848655518e-01 4.270128456134156258e-01 7.698075032772792037e-01 2.234227338016959163e-01 -7.874369663160719623e-01 5.744782903965590659e-01 8.514844945338713167e-01 4.445256504346429272e-01 2.781566140075570903e-01 -2.157463400899717887e-01 1.538934468230940933e+00 1.467963453656746742e+00
1.583561771605226994e+09 -4.657565652273013002e-01 4.472329460738931339e-01 7.635794091895935498e-01 2.119708580588562652e-01 -7.813795997446009167e-01 5.869533852651288575e-01 8.591502648062804282e-01 4.352339752206390022e-01 2.691323271906075898e-01 -2.224662454060532257e-01 1.535577426957394076e+00 1.465992517427711084e+00
1.583561771605245113e+09 -4.567755609457975763e-01 4.671873010229896650e-01 7.570284756401850501e-01 2.005905428102174315e-01 -7.749849387165335113e-01 5.993010753661872636e-01 8.666715186813515048e-01 4.255988377167151393e-01 2.602808258071169223e-01 -2.292708849582780206e-01 1.532186630126712190e+00 1.464407960517002394e+00
1.583561771605262995e+09 -4.475078344387776186e-01 4.869017324970028593e-01 7.501089529207929374e-01 1.894065158868799836e-01 -7.681514680156865671e-01 6.116113912954648235e-01 8.739919393744955967e-01 4.157764125348846762e-01 2.515314392479064409e-01 -2.361519964484308787e-01 1.528783218662584042e+00 1.463233848831834161e+00
1.583561771605282068e+09 -4.379772404898755744e-01 5.063923007915533958e-01 7.427938978993474661e-01 1.785488922603113426e-01 -7.607976749649342230e-01 6.239448620495255948e-01 8.810767447401638419e-01 4.058986765362493920e-01 2.427962819037627618e-01 -2.430980091249383968e-01 1.525390103673882392e+00 1.462491473083482596e+00
1.583561771605300903e+09 -4.281869658863777239e-01 5.256624430669747383e-01 7.350747706447782193e-01 1.681461886862523625e-01 -7.528666613549538367e-01 6.363321848594238883e-01 8.879092192966829833e-01 3.960691686048979365e-01 2.339795551125652129e-01 -2.500940899120167593e-01 1.522031444404701173e+00 1.462198719412760362e+00
1.583561771605319023e+09 -4.181254918776530771e-01 5.447025959409268481e-01 7.269595279394044374e-01 1.583180051413368150e-01 -7.443281693577532554e-01 6.487765297743429693e-01 8.944867145615642556e-01 3.863607879036161097e-01 2.249863535538318970e-01 -2.571223377468760396e-01 1.518732049695415087e+00 1.462369511972701819e+00
1.583561771605336905e+09 -4.077725851609079188e-01 5.634918834669490062e-01 7.184694957356618783e-01 1.491685382782792779e-01 -7.351779839859488019e-01 6.612579520033864400e-01 9.008164442417443407e-01 3.768159090146732670e-01 2.157301665025081472e-01 -2.641621253852466378e-01 1.515516729235858673e+00 1.463013365620863038e+00
1.583561771605354071e+09 -3.971046531600928575e-01 5.820011723707905205e-01 7.096354909685841372e-01 1.407818844790128809e-01 -7.254350687517709950e-01 6.737391350256317635e-01 9.069114376159124191e-01 3.674487672385398085e-01 2.061384195593106983e-01 -2.711905755754524527e-01 1.512409627299553749e+00 1.464135082452030723e+00
1.583561771605372906e+09 -3.860989898079512095e-01 6.001966847309768704e-01 7.004937615366889636e-01 1.332196600204164638e-01 -7.151371189518752614e-01 6.861715698851792444e-01 9.127869918501861912e-01 3.582496907184357093e-01 1.961557209242884015e-01 -2.781831466571437206e-01 1.509433574677636836e+00 1.465734614766228461e+00
1.583561771605390072e+09 -3.747366686703216265e-01 6.180434339779175001e-01 6.910822983663008623e-01 1.265210871511127655e-01 -7.043353393534245166e-01 6.985013559624863033e-01 9.184578617975378556e-01 3.491905548882014987e-01 1.857447515308547625e-01 -2.851142938574942054e-01 1.506609493223282525e+00 1.467807102543869036e+00
1.583561771605407953e+09 -3.630041095841510801e-01 6.355079612791454391e-01 6.814379266084605868e-01 1.207050654547704022e-01 -6.930893018011464735e-01 7.106739807674079534e-01 9.239363094047368108e-01 3.402305851210865040e-01 1.748852348078923369e-01 -2.919581679171177613e-01 1.503955882698196245e+00 1.470343080106223166e+00
1.583561771605426073e+09 -3.508935260852417137e-01 6.525601383750367912e-01 6.715943711795198112e-01 1.157735795106471788e-01 -6.814624942250012696e-01 7.226377704558262227e-01 9.292309787543411304e-01 3.313217996820574940e-01 1.635715544365398677e-01 -2.986893118168407746e-01 1.501488412900924496e+00 1.473328835916406732e+00
1.583561771605443954e+09 -3.384025793283273464e-01 6.691740566939102797e-01 6.615812696837377604e-01 1.117156562484951099e-01 -6.695189138996404665e-01 7.343459921025301540e-01 9.343464596663362265e-01 3.224135635455533389e-01 1.518097084936765317e-01 -3.052833184823577350e-01 1.499219636485916718e+00 1.476746901572462356e+00
1.583561771605463028e+09 -3.255335452824321685e-01 6.853281723768879230e-01 6.514239842736844199e-01 1.085113105623691093e-01 -6.573207746144086316e-01 7.457577990056731831e-01 9.392833473527143484e-01 3.134560504922692670e-01 1.396141040073033968e-01 -3.117174173123226089e-01 1.497158829339274355e+00 1.480576639070550371e+00
1.583561771605479956e+09 -3.122922790983339025e-01 7.010049476758752895e-01 6.411439744660381024e-01 1.061350229003251988e-01 -6.449272249872013418e-01 7.568383126016350326e-01 9.440386059732236435e-01 3.044025919587160511e-01 1.270046167784548707e-01 -3.179709644980249772e-01 1.495311957007924297e+00 1.484794891474132683e+00
1.583561771605498075e+09 -2.986872035465620301e-01 7.161902334862154662e-01 6.307594661525826041e-01 1.045584734506058155e-01 -6.323938535413540230e-01 7.675581669621076575e-01 9.486060722479517926e-01 2.952110493401496338e-01 1.140041941504598977e-01 -3.240258204443819956e-01 1.493681758240260837e+00 1.489376661284847136e+00
1.583561771605515957e+09 -2.847284797984480642e-01 7.308725979461769828e-01 6.202861747674752735e-01 1.037524331600628708e-01 -6.197727026229278291e-01 7.778928137823835076e-01 9.529769806472907501e-01 2.858444381979716176e-01 1.006371290814357250e-01 -3.298666067075344266e-01 1.492267930274650212e+00 1.494295782086673796e+00
1.583561771605534077e+09 -2.704274479943453158e-01 7.450427446500473838e-01 6.097378980022370998e-01 1.036878569920446219e-01 -6.071125186629432458e-01 7.878218187081202917e-01 9.571404410651457306e-01 2.762710598745124480e-01 8.692800351742907550e-02 -3.354808424838860992e-01 1.491067396996619943e+00 1.499525554514504533e+00
1.583561771605551958e+09 -2.557963335052100828e-01 7.586930826501323555e-01 5.991269000376524545e-01 1.043363719410481116e-01 -5.944590335451760410e-01 7.973282755328260363e-01 9.610838451947425476e-01 2.664643765602934256e-01 7.290115754990753039e-02 -3.408589680466815874e-01 1.490074638366438720e+00 1.505039322634786458e+00
1.583561771605570078e+09 -2.408481746112687838e-01 7.718174595827058670e-01 5.884640737668821453e-01 1.056703635278588849e-01 -5.818551517572235765e-01 8.063983858384787817e-01 9.647932064941537877e-01 2.564027918338743217e-01 5.858051966838512953e-02 -3.459942669920372249e-01 1.489282059858108020e+00 1.510810974668795437e+00
1.583561771605588913e+09 -2.255969032022543119e-01 7.844110356925251271e-01 5.777589156334408393e-01 1.076628458928139270e-01 -5.693409915012122013e-01 8.150211942324643299e-01 9.682534529341415563e-01 2.460694265576840734e-01 4.398964010739973840e-02 -3.508827014013130574e-01 1.488680382493656085e+00 1.516815359443920874e+00
1.583561771605607986e+09 -2.100575161696399684e-01 7.964702685154420037e-01 5.670193572676137661e-01 1.102872400719664137e-01 -5.569537724702855463e-01 8.231884474686591568e-01 9.714486938676328842e-01 2.354519205932513737e-01 2.915181836375004693e-02 -3.555226765546720125e-01 1.488259035238491901e+00 1.523028614647125023e+00
1.583561771605624914e+09 -1.942462453934015454e-01 8.079929497812325945e-01 5.562515523564726116e-01 1.135171949500896199e-01 -5.447276105059422058e-01 8.308945040380190106e-01 9.743624802097535786e-01 2.245422536359769072e-01 1.409019991582695017e-02 -3.599147548501450689e-01 1.488006532462671450e+00 1.529428406342882019e+00
1.583561771605640888e+09 -1.781806889514112036e-01 8.189782649623140731e-01 5.454596628979218043e-01 1.173264761673781104e-01 -5.326932661609546926e-01 8.381362551604336630e-01 9.769780654212738558e-01 2.133365555177621498e-01 -1.172180709557156184e-03 -3.640613385930124846e-01 1.487910822441846914e+00 1.535994084221893541e+00
1.583561771605655909e+09 -1.618799205095288740e-01 8.294268824801184214e-01 5.346456192654500672e-01 1.216888696673232156e-01 -5.208778432009859571e-01 8.449130674210298952e-01 9.792786684975434142e-01 2.018348812718592789e-01 -1.661235593607376590e-02 -3.679663399183681904e-01 1.487959596626874381e+00 1.542706760952138101e+00
1.583561771605669022e+09 -1.453645101419994701e-01 8.393410184520784245e-01 5.238089481667915770e-01 1.265781684703524979e-01 -5.093045267629977557e-01 8.512266832770489788e-01 9.812477397157665093e-01 1.900409271214034412e-01 -3.220744577936114628e-02 -3.716348548565199250e-01 1.488140552583086196e+00 1.549549325986445236e+00
1.583561771605683088e+09 -1.286564337370701694e-01 8.487244460487921582e-01 5.129467194376295947e-01 1.319682494335170653e-01 -4.979924279678965560e-01 8.570810480144382959e-01 9.828692199061603851e-01 1.779616716781383112e-01 -4.793474957347615417e-02 -3.750728550530533778e-01 1.488441607559354507e+00 1.556506406100222728e+00
1.583561771605700016e+09 -1.117789098025145089e-01 8.575824631437752865e-01 5.020535772965005750e-01 1.378331759070524076e-01 -4.869565260578569976e-01 8.624820910526054263e-01 9.841277819379625758e-01 1.656069468968646152e-01 -6.377184488047114852e-02 -3.782869063774940144e-01 1.488851063308601397e+00 1.563564285614231331e+00
1.583561771605716944e+09 -9.475619426507395082e-02 8.659218299236333127e-01 4.911218263880182122e-01 1.441472862432454927e-01 -4.762076907875584797e-01 8.674374877424450014e-01 9.850090475505440812e-01 1.529889535909431941e-01 -7.969665341036882844e-02 -3.812839198421254516e-01 1.489357725372072005e+00 1.570710798540730480e+00
1.583561771605736017e+09 -7.761335516416270619e-02 8.737506848495095735e-01 4.801415500347492871e-01 1.508852465700131762e-01 -4.657527659752747073e-01 8.719564228740579459e-01 9.854997766143184235e-01 1.401217397030650458e-01 -9.568745266652993464e-02 -3.840709376942318953e-01 1.489950981428461718e+00 1.577935203146461518e+00
1.583561771605751991e+09 -6.037603996907292547e-02 8.810784426182155515e-01 4.691007482361438941e-01 1.580220610833698025e-01 -4.555946997146841371e-01 8.760493695222240085e-01 9.855880286649449928e-01 1.270206588429588224e-01 -1.117228276653554064e-01 -3.866549545700336266e-01 1.490620844474226381e+00 1.585228047821245490e+00
1.583561771605770111e+09 -4.307023923958677031e-02 8.879156717659777431e-01 4.579854960245081652e-01 1.655330456286602248e-01 -4.457327171607009531e-01 8.797278873008824718e-01 9.852632975685025052e-01 1.137018245846606601e-01 -1.277815706299391396e-01 -3.890427726592213808e-01 1.491357966552035119e+00 1.592581034900091730e+00
1.583561771605787039e+09 -2.572205116191939728e-02 8.942739513493175307e-01 4.467801207156600340e-01 1.733937692799981667e-01 -4.361625296449048172e-01 8.830044442391374870e-01 9.845166210366561588e-01 1.001815746637738924e-01 -1.438425362768136206e-01 -3.912408901416868923e-01 1.492153628251178032e+00 1.599986886988904899e+00
1.583561771605803967e+09 -8.357401527607052211e-03 9.001656571711562638e-01 4.354675002040042098e-01 1.815800420181519770e-01 -4.268766772301340051e-01 8.858922004482723267e-01 9.833406543098833774e-01 8.647596381689884315e-02 -1.598845380436883234e-01 -3.932554212579905117e-01 1.492999709227803784e+00 1.607439219142750231e+00
1.583561771605820894e+09 8.998302409456270662e-03 9.056036424109042970e-01 4.240295669531177758e-01 1.900680127488407201e-01 -4.178650932887032488e-01 8.884047019112210064e-01 9.817296885198323331e-01 7.260032297114510369e-02 -1.758863611123192561e-01 -3.950920443281117356e-01 1.493888645141156823e+00 1.614932419514435891e+00
1.583561771605839968e+09 2.632049928039445486e-02 9.106008880620076740e-01 4.124478806139164067e-01 1.988342924020590763e-01 -4.091157599659961397e-01 8.905555676934783227e-01 9.796796189162674251e-01 5.856891531976093218e-02 -1.918268142894480333e-01 -3.967559726284795585e-01 1.494813375976613790e+00 1.622461540224340304e+00
1.583561771605858088e+09 4.358583292217002580e-02 9.151700653049988921e-01 4.007044134804637614e-01 2.078562284596946752e-01 -4.006156000684917839e-01 8.923580723620474497e-01 9.771878343981611481e-01 4.439473826866652956e-02 -2.076849627690543765e-01 -3.982519440102058605e-01 1.495767289594258420e+00 1.630022199032100216e+00
1.583561771605875969e+09 6.077253412719033770e-02 9.193230070116229502e-01 3.887825975007942469e-01 2.171124009221581941e-01 -3.923516645656827673e-01 8.938245782679002938e-01 9.742529983006127381e-01 3.008953849821893387e-02 -2.234406301846760812e-01 -3.995842266047947011e-01 1.496744163393177507e+00 1.637610491583289862e+00
1.583561771605894089e+09 7.786075100492845236e-02 9.230701619899274180e-01 3.766685276757741896e-01 2.265833122781076570e-01 -3.843125194499778519e-01 8.949658596999819915e-01 9.708747119404719239e-01 1.566408867664645724e-02 -2.390751561382540302e-01 -4.007566374424325062e-01 1.497738106592485741e+00 1.645222913859982095e+00
1.583561771605911970e+09 9.483272526140146264e-02 9.264201572649372052e-01 3.643520916329457959e-01 2.362521504766317004e-01 -3.764895993889305625e-01 8.957904347471932205e-01 9.670530884338016664e-01 1.128716994118170690e-03 -2.545722891256776421e-01 -4.017725693589496716e-01 1.498743505180093250e+00 1.652856294447663466e+00
1.583561771605928898e+09 1.116727534051862175e-01 9.293795613985299520e-01 3.518278375088855769e-01 2.461055124976500863e-01 -3.688783268228729151e-01 8.963039979583169448e-01 9.627882805160289381e-01 -1.350596507328839964e-02 -2.699190916747494784e-01 -4.026350223962774089e-01 1.499754970692351863e+00 1.660507735844697574e+00
1.583561771605947971e+09 1.283669406634940224e-01 9.319528546430674298e-01 3.390955698795412032e-01 2.561340848146566040e-01 -3.614789717241068678e-01 8.965089423061415319e-01 9.580799858956219328e-01 -2.822817673939690200e-02 -2.851068412127436003e-01 -4.033466370271299173e-01 1.500767293282945225e+00 1.668174563791574805e+00
1.583561771605964899e+09 1.449027693985043830e-01 9.341425748878878776e-01 3.261607539957385171e-01 2.663333322565943351e-01 -3.542973209413767255e-01 8.964039070309196555e-01 9.529269351747918781e-01 -4.302392815893089223e-02 -3.001319677512667705e-01 -4.039097293430892188e-01 1.501775399136371592e+00 1.675854283370453501e+00
1.583561771605983019e+09 1.612684596011393356e-01 9.359496640386214539e-01 3.130346794980793934e-01 2.767041201150126639e-01 -3.473450874972068836e-01 8.959833816206472790e-01 9.473264031367545357e-01 -5.787587421933043652e-02 -3.149969354540161914e-01 -4.043263278121091431e-01 1.502774312326291772e+00 1.683544540930102418e+00
1.583561771606000900e+09 1.774521115313682229e-01 9.373740344260654833e-01 2.997343289339046701e-01 2.872531543404150955e-01 -3.406399726985971377e-01 8.952374178723858655e-01 9.412738037702447214e-01 -7.276213866575811928e-02 -3.297109305964454062e-01 -4.045982108923720788e-01 1.503759121149511380e+00 1.691243091076226390e+00
1.583561771606015921e+09 1.934406478638590610e-01 9.384153689491812056e-01 2.862818738910666849e-01 2.979930631755566273e-01 -3.342052577075540487e-01 8.941515419979503276e-01 9.347624566067693763e-01 -8.765524103254052068e-02 -3.442901518778875847e-01 -4.047269456684406408e-01 1.504724948973005905e+00 1.698947768042437856e+00
1.583561771606025934e+09 2.092186354665753478e-01 9.390740422235075435e-01 2.727040631162364615e-01 3.089422585060547788e-01 -3.280691583085273422e-01 8.927067314148294797e-01 9.277835112296084485e-01 -1.025210750476023697e-01 -3.587578371320088721e-01 -4.047139279671568279e-01 1.505666929752940142e+00 1.706656460923297036e+00
1.583561771606035948e+09 2.247670286911007953e-01 9.393521499191277435e-01 2.590315067714434316e-01 3.201244787153358362e-01 -3.222639017442266440e-01 8.908795068903864189e-01 9.203260841495000122e-01 -1.173180136012166169e-01 -3.731439169553836810e-01 -4.045604247081704963e-01 1.506580188585418867e+00 1.714367092430309159e+00
1.583561771606045008e+09 2.400619145208107152e-01 9.392546188759467451e-01 2.452978564141982398e-01 3.315679087486936849e-01 -3.168244791310042552e-01 8.886422065988212049e-01 9.123776626530991640e-01 -1.319962521597090044e-01 -3.874841807732956056e-01 -4.042676192263626733e-01 1.507459827861869384e+00 1.722077601030687299e+00
1.583561771606055021e+09 2.550733905785329547e-01 9.387903485829497408e-01 2.315388673006597842e-01 3.433037745119247863e-01 -3.117870242171907336e-01 8.859635263221002921e-01 9.039248221210590684e-01 -1.464975534884241093e-01 -4.018188435320221852e-01 -4.038366596895373029e-01 1.508300919665221285e+00 1.729785926506437477e+00
1.583561771606065989e+09 2.697647399912377342e-01 9.379732861873553151e-01 2.177914132856281493e-01 3.553644491716961284e-01 -3.071868845013607796e-01 8.828093374521369663e-01 8.949542410326974951e-01 -1.607555057537902732e-01 -4.161905501924869077e-01 -4.032687099090266347e-01 1.509098504901521087e+00 1.737489999067270086e+00
1.583561771606076956e+09 2.840920899067748695e-01 9.368233298916778251e-01 2.040924625449632712e-01 3.677811143660670301e-01 -3.030564282387228636e-01 8.791438183006681228e-01 8.854539720313333584e-01 -1.746964513516059969e-01 -4.306418622721018830e-01 -4.025650013373198166e-01 1.509847599430987897e+00 1.745187732163299366e+00
1.583561771606086016e+09 2.980046713043081330e-01 9.353669242202548029e-01 1.904781698782025412e-01 3.805812861581900353e-01 -2.994228315531893281e-01 8.749307701802953030e-01 8.754148163715289588e-01 -1.882410296944612982e-01 -4.452125495298451252e-01 -4.017268842022788666e-01 1.510543206963439689e+00 1.752877019062300867e+00
1.583561771606096029e+09 3.114457441085641820e-01 9.336372576072443641e-01 1.769831063375397751e-01 3.937864297896750965e-01 -2.963059901284853526e-01 8.701350515666609331e-01 8.648316578407629907e-01 -2.013063130222675634e-01 -4.599369219532956632e-01 -4.007558754124362355e-01 1.511180337965606357e+00 1.760555733095474196e+00
1.583561771606105089e+09 3.243541184056179527e-01 9.316740048774774241e-01 1.636397101973564028e-01 4.074099964662178386e-01 -2.937167817634341871e-01 8.647239715234937840e-01 8.537045746999379903e-01 -2.138083276841079294e-01 -4.748415508266066176e-01 -3.996537007587099843e-01 1.511754033280867660e+00 1.768221731263081242e+00
1.583561771606117010e+09 3.366661048307114656e-01 9.295226255302142526e-01 1.504779808813620501e-01 4.214561120150738249e-01 -2.916558294789245442e-01 8.586685174230709316e-01 8.420395950971742982e-01 -2.256647203248540734e-01 -4.899436238297072976e-01 -3.984223287705331851e-01 1.512259390489688382e+00 1.775872860611532156e+00
1.583561771606126070e+09 3.483176884412634844e-01 9.272332822886950598e-01 1.375253735848994407e-01 4.359189954765281816e-01 -2.901128200197942708e-01 8.519443532768639082e-01 8.298490329613616989e-01 -2.367973650975110367e-01 -5.052500278258900135e-01 -3.970639948114409457e-01 1.512691591027596205e+00 1.783506966632525170e+00
1.583561771606136084e+09 3.592466840707048137e-01 9.248594843290759426e-01 1.248068687026360618e-01 4.507831148043711100e-01 -2.890663985736034447e-01 8.445325338081373090e-01 8.171513957606600931e-01 -2.471346833266462040e-01 -5.207571842476463875e-01 -3.955812145062533314e-01 1.513045925912700485e+00 1.791121902781011910e+00
1.583561771606144905e+09 3.693945404803284371e-01 9.224566171031600703e-01 1.123452859292241313e-01 4.660240985577098205e-01 -2.884846597416982350e-01 8.364198351872267345e-01 8.039709032207661421e-01 -2.566133100540676226e-01 -5.364516717464624662e-01 -3.939767866590762613e-01 1.513317818223690159e+00 1.798715540186420547e+00
1.583561771606153965e+09 3.787077118401331322e-01 9.200804877735216936e-01 1.001616955519789576e-01 4.816100886234169209e-01 -2.883260325097684595e-01 8.275988288722727626e-01 7.903367584291315362e-01 -2.651791757210061329e-01 -5.523113372743259086e-01 -3.922537872000370629e-01 1.513502841280213840e+00 1.806285776809121391e+00
1.583561771606163979e+09 3.871385773789366436e-01 9.177859761504476577e-01 8.827584115249977048e-02 4.975032916726405685e-01 -2.885404067446382670e-01 8.180677896653574255e-01 7.762822919991951842e-01 -2.727880787305825838e-01 -5.683066667504858005e-01 -3.904155564423020808e-01 1.513596732265896083e+00 1.813830545550153772e+00
1.583561771606172085e+09 3.946458777077844760e-01 9.156258698420371989e-01 7.670657031091672462e-02 5.136615933016437374e-01 -2.890703987449900203e-01 8.078304724220709554e-01 7.618440778550567005e-01 -2.794057466939288692e-01 -5.844022843843786896e-01 -3.884656820056935911e-01 1.513595401574557409e+00 1.821347821060788741e+00
1.583561771606182098e+09 4.011947793458432443e-01 9.136499003293688803e-01 6.547219943130731801e-02 5.300400530453098780e-01 -2.898526296131599400e-01 7.968958497266117602e-01 7.470611028403731924e-01 -2.850075665214719667e-01 -6.005584033968121016e-01 -3.864079791466429881e-01 1.513494938172051718e+00 1.828835625094094475e+00
1.583561771606190920e+09 4.067566523167973624e-01 9.119039812590209459e-01 5.459079596944781815e-02 5.465922045811083541e-01 -2.908189498461077327e-01 7.852778491330365540e-01 7.319740349675663005e-01 -2.895780855213924698e-01 -6.167321499331449575e-01 -3.842464697987574840e-01 1.513291611265023207e+00 1.836292030307127288e+00
1.583561771606199980e+09 4.113086012121197066e-01 9.104296529842934582e-01 4.408040131880580637e-02 5.632711497251315924e-01 -2.918975694336314319e-01 7.729950975805112146e-01 7.166246204474185921e-01 -2.931103139867101692e-01 -6.328787383419508528e-01 -3.819853617655997735e-01 1.512981869040147087e+00 1.843715162625093829e+00
1.583561771606209040e+09 4.148328370109116703e-01 9.092637083676046172e-01 3.395918473209938448e-02 5.800304227073792562e-01 -2.930140560491778512e-01 7.600707017961852996e-01 7.010552233897374697e-01 -2.956049252682315109e-01 -6.489524652524425452e-01 -3.796290289414117058e-01 1.512562335061774510e+00 1.851103202287724292e+00
