1.588763393558665991e+09 -8.335119986145048121e-02 -9.958040050357586104e-01 -3.777513782160380612e-02 -8.999901081892118793e-01 9.149891768225806854e-02 -4.261991943044031728e-01 4.278672488568707744e-01 -1.526963849829381234e-03 -9.038402988021870810e-01 5.340981478639922342e-01 -3.434131724186401113e-01 6.711547670559929735e-01
1.588763393558727026e+09 -8.424986671428134899e-02 -9.949611111290446175e-01 -5.435390786812046432e-02 -8.922903114563145444e-01 9.961124030443532784e-02 -4.403357819748424107e-01 4.435312390812552463e-01 1.140123444010850313e-02 -8.961863934551123068e-01 5.284176179320205780e-01 -3.449477831090510538e-01 6.774312791277428136e-01
1.588763393558753967e+09 -8.442545347041788273e-02 -9.939115248100024447e-01 -7.079705966536255224e-02 -8.843035314180914819e-01 1.074804220864872817e-01 -4.543734402348321710e-01 4.592162966718182915e-01 2.424540613988298079e-02 -8.879935546804293978e-01 5.224952305386801887e-01 -3.465706708024516858e-01 6.834570253191939448e-01
1.588763393558777094e+09 -8.388966646857731746e-02 -9.926644676393543421e-01 -8.706192363613458884e-02 -8.760275356456820317e-01 1.151071011406854944e-01 -4.683226580669022643e-01 4.749087077024158332e-01 3.698121082718659747e-02 -8.792577036319469963e-01 5.163411774474416793e-01 -3.482785775347200241e-01 6.892214627774432278e-01
1.588763393558796883e+09 -8.265670412028097713e-02 -9.912299826422740212e-01 -1.031066960784742942e-01 -8.674590305262792622e-01 1.224929206730390463e-01 -4.821932338231311732e-01 4.905942311357724961e-01 4.958433116469387891e-02 -8.699762608722905188e-01 5.099660779886552309e-01 -3.500680885418432919e-01 6.947145321664046635e-01
1.588763393558816910e+09 -8.074319638977674185e-02 -9.896189010764636640e-01 -1.188905667845136932e-01 -8.585937062629699357e-01 1.296404369971628778e-01 -4.959941578913517057e-01 5.062582185049528949e-01 6.203053867709674291e-02 -8.601481433275753874e-01 5.033809784082160510e-01 -3.519356314534875518e-01 6.999267103152063685e-01
1.588763393558839083e+09 -7.816824220287578451e-02 -9.878427916893164351e-01 -1.343738993252773517e-01 -8.494263050871708742e-01 1.365531377449620831e-01 -5.097334526982498781e-01 5.218856945140719628e-01 7.429575681535897924e-02 -8.497737712963769896e-01 4.965973499086998588e-01 -3.538774758640011453e-01 7.048490754714994422e-01
1.588763393558860064e+09 -7.495355650393319136e-02 -9.859138780734389984e-01 -1.495185252444286017e-01 -8.399507266387414850e-01 1.432356066425580776e-01 -5.234179379909543739e-01 5.374613857647766446e-01 8.635615793547930796e-02 -8.388550964267652565e-01 4.896270803072394484e-01 -3.558897352194944630e-01 7.094733816935356874e-01
1.588763393558881044e+09 -7.112370074674491394e-02 -9.838449084796776489e-01 -1.642882078924998712e-01 -8.301601870365058478e-01 1.496938409657615765e-01 -5.370529004097917003e-01 5.529696945163756761e-01 9.818833961894996021e-02 -8.273956531867792119e-01 4.824824554586093495e-01 -3.579683725763970759e-01 7.137921380627703094e-01
1.588763393558904886e+09 -6.670634381705303761e-02 -9.816489619370220021e-01 -1.786493191269266090e-01 -8.200474493185945235e-01 1.559357065926784691e-01 -5.506416586836679894e-01 5.683946204555455628e-01 1.097696266694215550e-01 -8.154006282199252054e-01 4.751761272896925514e-01 -3.601092115959000917e-01 7.177986865832114427e-01
1.588763393558928013e+09 -6.173244197472004674e-02 -9.793391865954081954e-01 -1.925717092629865568e-01 -8.096051312036750547e-01 1.619714450323654908e-01 -5.641850605299640886e-01 5.837196562894559904e-01 1.210785224328305848e-01 -8.028769234884002293e-01 4.677210669154134304e-01 -3.623079535951182484e-01 7.214872720170463216e-01
1.588763393558948994e+09 -5.623665954629388647e-02 -9.769283328254783072e-01 -2.060302663394188438e-01 -7.988262295745203190e-01 1.678147699504692059e-01 -5.776805846941878153e-01 5.989274522586016669e-01 1.320955544712226759e-01 -7.898333187599502203e-01 4.601305330499587676e-01 -3.645601890247910370e-01 7.248531723828749440e-01
1.588763393558969975e+09 -5.025618387749020144e-02 -9.744286445020901022e-01 -2.190048692560910282e-01 -7.877042877773038354e-01 1.734819165393419460e-01 -5.911226434958138931e-01 6.140002206851868927e-01 1.428035062924757626e-01 -7.762801605042558561e-01 4.524179368457550421e-01 -3.668614504854301739e-01 7.278925982409362172e-01
1.588763393558990955e+09 -4.383059199129210604e-02 -9.718513580987215850e-01 -2.314817853943363368e-01 -7.762339777982683042e-01 1.789923654182625223e-01 -6.045018981242693545e-01 6.289194629833715355e-01 1.531883510108602020e-01 -7.622293868637431968e-01 4.445967895920154844e-01 -3.692072345922242649e-01 7.306027655098712437e-01
1.588763393559012890e+09 -3.700100136335533751e-02 -9.692063065526059784e-01 -2.434544335984688557e-01 -7.644115781008907762e-01 1.843687708857475460e-01 -6.178050627744777756e-01 6.436659577494547868e-01 1.632399818136708036e-01 -7.476943514400428148e-01 4.366806162087714660e-01 -3.715930386680716957e-01 7.329818813002566547e-01
1.588763393559032917e+09 -2.980896472210241288e-02 -9.665015555496284660e-01 -2.549238489124374119e-01 -7.522354247525514515e-01 1.896366400285526277e-01 -6.310149051396659603e-01 6.582197895624525286e-01 1.729528487207836196e-01 -7.326895800754391619e-01 4.286828696371652314e-01 -3.740143989088356435e-01 7.350291034246927424e-01
1.588763393559055090e+09 -2.229519667781462364e-02 -9.637430983600673295e-01 -2.658987863274695496e-01 -7.397063094932460059e-01 1.948237904553406508e-01 -6.441104457861923649e-01 6.725604061369211406e-01 1.823264408629949873e-01 -7.172304853131729052e-01 4.206168514820618487e-01 -3.764669281320847660e-01 7.367444767358479751e-01
1.588763393559077024e+09 -1.449824320875476961e-02 -9.609346216071025237e-01 -2.763954665740026573e-01 -7.268278137620459711e-01 1.999596550073858281e-01 -6.570673219036263779e-01 6.866666804846526251e-01 1.913655908672436401e-01 -7.013330739011356396e-01 4.124956432993956423e-01 -3.789463515109897651e-01 7.381288507560850309e-01
1.588763393559098959e+09 -6.453175009940487900e-03 -9.580773820242319827e-01 -2.864368806349336660e-01 -7.136065352618534696e-01 2.050744177810344404e-01 -6.698583402524259656e-01 7.005170014824190217e-01 2.000805168605928053e-01 -6.850136622070218673e-01 4.043320518180589795e-01 -3.814485390310609070e-01 7.391837847854064725e-01
1.588763393559120893e+09 1.809574641264333726e-03 -9.551702143573460591e-01 -2.960516627991570671e-01 -7.000521826666440406e-01 2.101980352357593063e-01 -6.824541944548998540e-01 7.140893970542685487e-01 2.084865645297485914e-01 -6.682886243447896391e-01 3.961385699019127626e-01 -3.839695338960328885e-01 7.399114475139713099e-01
1.588763393559143066e+09 1.026511177756247138e-02 -9.522096793640365542e-01 -3.052725896762096269e-01 -6.861775219018642069e-01 2.153592125161179760e-01 -6.948243073061322050e-01 7.273616953887821479e-01 2.166036382698479090e-01 -6.511741917281570480e-01 3.879273534796927603e-01 -3.865055766379835722e-01 7.403145184065401674e-01
1.588763393559165955e+09 1.889462806733590086e-02 -9.491903501696616896e-01 -3.141347993727832133e-01 -6.719981638651698619e-01 2.205844102798067974e-01 -7.069377523557095477e-01 7.403117321737243683e-01 2.244553342831779874e-01 -6.336863120828505336e-01 3.797102131481056575e-01 -3.890531252215810865e-01 7.403960969036311734e-01
1.588763393559186935e+09 2.768552575121893677e-02 -9.461052268854031055e-01 -3.226738466718135911e-01 -6.575321872871199291e-01 2.258969531477327264e-01 -7.187642097672777286e-01 7.529176145816408594e-01 2.320678052220253029e-01 -6.158405633242429733e-01 3.714986180997165710e-01 -3.916088718422227610e-01 7.401596227225383240e-01
1.588763393559210062e+09 3.663112063669060614e-02 -9.429462070546671404e-01 -3.309238758447382023e-01 -6.427996656616852267e-01 2.313163807214431156e-01 -7.302748262384172184e-01 7.651579907627783506e-01 2.394685420113348562e-01 -5.976521283842556320e-01 3.633037096977944080e-01 -3.941697572623317769e-01 7.396088085840563098e-01
1.588763393559231997e+09 4.572997845463977473e-02 -9.397045826584168315e-01 -3.389160167405720347e-01 -6.278221169319554429e-01 2.368580553564859914e-01 -7.414429520241017091e-01 7.770123284502089556e-01 2.466851413146071426e-01 -5.791358066070291244e-01 3.551363220022960010e-01 -3.967329835112681780e-01 7.387475864906580814e-01
1.588763393559252977e+09 5.498496254512214715e-02 -9.363715334898020659e-01 -3.466770906273661246e-01 -6.126219003873683011e-01 2.425330277005194324e-01 -7.522447325455865474e-01 7.884611981966355154e-01 2.537441265256721312e-01 -5.603060388711217366e-01 3.470070064214706429e-01 -3.992960257435392846e-01 7.375800691379316154e-01
1.588763393559276104e+09 6.440209430135199198e-02 -9.329385815110055047e-01 -3.542287020835827027e-01 -5.972215998630925338e-01 2.483481523694806847e-01 -7.626595281474074506e-01 7.994865420434268399e-01 2.606699030283429197e-01 -5.411769310955851786e-01 3.389260575839038170e-01 -4.018566440185672439e-01 7.361105270323105021e-01
1.588763393559297085e+09 7.398934092301806542e-02 -9.293979749999731199e-01 -3.615867551469681973e-01 -5.816434369909694313e-01 2.543064248897616286e-01 -7.726701459662544957e-01 8.100719039919194175e-01 2.674839178860133337e-01 -5.217622677414042176e-01 3.309035376281652674e-01 -4.044128956502943684e-01 7.343433809656138012e-01
1.588763393559319973e+09 8.375546152913028453e-02 -9.257429672076274985e-01 -3.687614151882577795e-01 -5.659087758755612096e-01 2.604074990740113393e-01 -7.822628661872141898e-01 8.202025847636950084e-01 2.742041084549186603e-01 -5.020755190773540377e-01 3.229492965268007665e-01 -4.069631485750618283e-01 7.322832080148518052e-01
1.588763393559340954e+09 9.370903140296678313e-02 -9.219679690853841425e-01 -3.757574768598444526e-01 -5.500377707399738414e-01 2.666483175486146218e-01 -7.914272711439035435e-01 8.298656928653544984e-01 2.808446879166346943e-01 -4.821298508467515287e-01 3.150729865207953506e-01 -4.095060959370379061e-01 7.299347588522148156e-01
1.588763393559361935e+09 1.038577142128876835e-01 -9.180685840411569876e-01 -3.825750255794618804e-01 -5.340491718178377312e-01 2.730237709408961377e-01 -8.001559239200117801e-01 8.390500922359348523e-01 2.874162408421119808e-01 -4.619381422035381823e-01 3.072840695271228384e-01 -4.120407718046869561e-01 7.273029829541547420e-01
1.588763393559385061e+09 1.142077894659763726e-01 -9.140415550016934843e-01 -3.892102472409587066e-01 -5.179602681907385930e-01 2.795273108544409357e-01 -8.084439640844973685e-01 8.477462718308151901e-01 2.939260420896894210e-01 -4.415130126982009240e-01 2.995918175443361697e-01 -4.145665676198040384e-01 7.243930570101444477e-01
1.588763393559406996e+09 1.247638716821185406e-01 -9.098846733237492268e-01 -3.956562366188723923e-01 -5.017869060099184875e-01 2.861514699729925115e-01 -8.162886972093157389e-01 8.559461883096698420e-01 3.003784570916745444e-01 -4.208668497717185653e-01 2.920053064506387686e-01 -4.170832488047517272e-01 7.212104135641219660e-01
1.588763393559428930e+09 1.355287182931633194e-01 -9.055966988494557057e-01 -4.019037018400896111e-01 -4.855435068159879575e-01 2.928882844680911202e-01 -8.236892349743101249e-01 8.636431378229179057e-01 3.067752790826828724e-01 -4.000118231234227051e-01 2.845334031340856495e-01 -4.195909709250241759e-01 7.177607694286274320e-01
1.588763393559451103e+09 1.465030335335194001e-01 -9.011773208094308041e-01 -4.079415370199507840e-01 -4.692430311753691408e-01 2.997296483746134110e-01 -8.306462036155796147e-01 8.708316937622319065e-01 3.131159119973371818e-01 -3.789598749164295177e-01 2.771847456418571887e-01 -4.220902947747100509e-01 7.140501539241216333e-01
1.588763393559473038e+09 1.576852421161484274e-01 -8.966271544188594289e-01 -4.137573085511572768e-01 -4.528968880208005809e-01 3.066676379217704307e-01 -8.371614949786863047e-01 8.775077055170600326e-01 3.193974104656832624e-01 -3.577226872165060190e-01 2.699677157016469042e-01 -4.245821997147590232e-01 7.100849373250137653e-01
1.588763393559494972e+09 1.690712262613235095e-01 -8.919477629958020293e-01 -4.193377022630614404e-01 -4.365148006174468520e-01 3.136948350149720843e-01 -8.432380324257395809e-01 8.836683480211182662e-01 3.256144016681134512e-01 -3.363116294976161713e-01 2.628904032368696297e-01 -4.270680944932533918e-01 7.058718589383544684e-01
1.588763393559516907e+09 1.806540547095957794e-01 -8.871416856372358328e-01 -4.246689794695315268e-01 -4.201046620781975771e-01 3.208046627658813765e-01 -8.488795210453748963e-01 8.893121979480069772e-01 3.317589455528949793e-01 -3.147376949618737041e-01 2.559605624542332647e-01 -4.295498246955469779e-01 7.014180542730927836e-01
1.588763393559537888e+09 1.924237619860234005e-01 -8.822124451662969324e-01 -4.297374749993733700e-01 -4.036724301065589549e-01 3.279917235475263149e-01 -8.540901582728727126e-01 8.944393020194167931e-01 3.378204121719242115e-01 -2.930114402654050432e-01 2.491855597503418451e-01 -4.320296758664923242e-01 6.967310797054001581e-01
1.588763393559560061e+09 2.043672564695515337e-01 -8.771645104587180164e-01 -4.345301440369973012e-01 -3.872221197299634543e-01 3.352521056414784484e-01 -8.588742956086071745e-01 8.990511968052283809e-01 3.437854669072866742e-01 -2.711429480363127253e-01 2.425723139646464577e-01 -4.345103713036834181e-01 6.918189330878963261e-01
1.588763393559581995e+09 2.164684293456767827e-01 -8.720031958397016503e-01 -4.390351301934164452e-01 -3.707559423542717836e-01 3.425836083383487773e-01 -8.632360641848004779e-01 9.031508458212195167e-01 3.496382383910811020e-01 -2.491418309930999997e-01 2.361272293333816497e-01 -4.369950635060968480e-01 6.866900693910261699e-01
1.588763393559602976e+09 2.287085463266768648e-01 -8.667344827299515719e-01 -4.432423008761338101e-01 -3.542746387064766300e-01 3.499858160948257080e-01 -8.671789947318987446e-01 9.067424558321444117e-01 3.553607532934426327e-01 -2.270172984897970425e-01 2.298561219678878498e-01 -4.394873182541513823e-01 6.813534100663903859e-01
1.588763393559648037e+09 2.410670436843668774e-01 -8.613647440326442917e-01 -4.471436661620561970e-01 -3.377780668479998250e-01 3.574599180073493310e-01 -8.707056819482684729e-01 9.098311151019650156e-01 3.609337678269562977e-01 -2.047783124208928385e-01 2.237641417169231872e-01 -4.419910903764581178e-01 6.758183440462430802e-01
1.588763393559670925e+09 2.535227152411987372e-01 -8.559003965931494262e-01 -4.507335620634514428e-01 -3.212660054166509016e-01 3.650082176783631671e-01 -8.738175752371230010e-01 9.124222633311503960e-01 3.663379752918974330e-01 -1.824338270170613452e-01 2.178556921372262756e-01 -4.445106904675177328e-01 6.700947181839697064e-01
1.588763393559693098e+09 2.660551727861749649e-01 -8.503475324154708970e-01 -4.540085011876164867e-01 -3.047390617230228971e-01 3.726333441667842306e-01 -8.765149713938961140e-01 9.145210491267408148e-01 3.715554668310194208e-01 -1.599930803988266759e-01 2.121343509439993780e-01 -4.470507420504639673e-01 6.641928162047234796e-01
1.588763393559715033e+09 2.786464410398464819e-01 -8.447115775357619816e-01 -4.569666417528300828e-01 -2.881995651841411377e-01 3.803372129689162051e-01 -8.787972548097207071e-01 9.161316343874871260e-01 3.765713149060943565e-01 -1.374658985632562780e-01 2.066027926558220984e-01 -4.496161288496789976e-01 6.581233263133995370e-01
1.588763393559740067e+09 2.912825797662778604e-01 -8.389970137384100690e-01 -4.596068642489142819e-01 -2.716523553229839294e-01 3.881197906780847751e-01 -8.806634010414347014e-01 9.172564835280107021e-01 3.813751945578763292e-01 -1.148629810041811999e-01 2.012627160917973834e-01 -4.522119321659626157e-01 6.518972969607946810e-01
1.588763393559768915e+09 3.039552155535215072e-01 -8.332071962054306002e-01 -4.619274782163161341e-01 -2.551053846021978377e-01 3.959777353676139922e-01 -8.821127342026598983e-01 9.178956747293114393e-01 3.859629532567258603e-01 -9.219614433350944993e-02 1.961147795921874271e-01 -4.548433587094826147e-01 6.455260805770878241e-01
1.588763393559824944e+09 3.166628452158687934e-01 -8.273442991089325904e-01 -4.639246201633703826e-01 -2.385700710674334146e-01 4.039030059049222299e-01 -8.831459013176928829e-01 9.180462753329368120e-01 3.903380234552532579e-01 -6.947851319483211441e-02 1.911585467638882152e-01 -4.575156596160542266e-01 6.390212655849148993e-01
1.588763393559850931e+09 3.294117896072029650e-01 -8.214094115493063564e-01 -4.655904332006723934e-01 -2.220613765161558728e-01 4.118815262916163400e-01 -8.837660060003612594e-01 9.177018131885462671e-01 3.945125941208351694e-01 -4.672467393037979533e-02 1.863924457902289833e-01 -4.602340418395288180e-01 6.323945972167260843e-01
1.588763393559870958e+09 3.422167411901290701e-01 -8.154027902580018861e-01 -4.669111175487909993e-01 -2.055976474159054157e-01 4.198919408391395547e-01 -8.839798444522235510e-01 9.168518470441542334e-01 3.985085289675103781e-01 -2.395084372773423342e-02 1.818137460768333713e-01 -4.630035738031978987e-01 6.256578876562107761e-01
1.588763393559890032e+09 3.551008314973641555e-01 -8.093242744916568920e-01 -4.678649572156706737e-01 -1.892002703298290012e-01 4.279044949818750498e-01 -8.837991858356839536e-01 9.154816531089156051e-01 4.023580021509531868e-01 -1.175129549093708453e-03 1.774185563541398059e-01 -4.658290879884900981e-01 6.188229164817130590e-01
1.588763393559911966e+09 3.680951660699000594e-01 -8.031738596361857052e-01 -4.684204307191059402e-01 -1.728932206259827797e-01 4.358800499422412766e-01 -8.832420485497257667e-01 9.135720458615126383e-01 4.061038454158149569e-01 2.158202405463129081e-02 1.732018478352983504e-01 -4.687150838365413130e-01 6.119013233632082382e-01
1.588763393559931993e+09 3.812377953004046915e-01 -7.969524173067099593e-01 -4.685345109866143054e-01 -1.567025993018764107e-01 4.437692133997248600e-01 -8.823339393976731282e-01 9.110993572649326300e-01 4.097996215098734241e-01 4.429708122650732882e-02 1.691575045041862069e-01 -4.716656347077659572e-01 6.049044961792356956e-01
1.588763393559950113e+09 3.945720778042114962e-01 -7.906625432393494801e-01 -4.681512769795022066e-01 -1.406562448866795767e-01 4.515115744257146568e-01 -8.811090278372947227e-01 9.080356249584627948e-01 4.135094205455970839e-01 6.694223576887244065e-02 1.652784014917851596e-01 -4.746843029927533819e-01 5.978434583185268103e-01
1.588763393559967995e+09 4.081443999903751618e-01 -7.843095031306379639e-01 -4.672009760878670370e-01 -1.247834978886089019e-01 4.590350339949522129e-01 -8.796112301592836635e-01 9.043490628143809884e-01 4.173073697723176934e-01 8.948369529616877205e-02 1.615565124850486811e-01 -4.777740681993135063e-01 5.907287589393656058e-01
1.588763393559987068e+09 4.220012631354602695e-01 -7.779022339881036530e-01 -4.655996652386908408e-01 -1.091151908401676862e-01 4.662551963475918271e-01 -8.778951913578146860e-01 9.000048938989538838e-01 4.212768759821249875e-01 1.118793310851953771e-01 1.579830465398026906e-01 -4.809372734981135489e-01 5.835703703328576353e-01
1.588763393560004950e+09 4.361856787097537769e-01 -7.714543473447251776e-01 -4.632496558589363489e-01 -9.368387603872121994e-02 4.730748968548504352e-01 -8.760270962353423618e-01 8.949666949451012821e-01 4.255094968749566497e-01 1.340756615186366185e-01 1.545486126964772389e-01 -4.841755962287904169e-01 5.763775972839025874e-01
1.588763393560024023e+09 4.507328188248691525e-01 -7.649850518000816946e-01 -4.600410813814363453e-01 -7.852425279582576911e-02 4.793840441422915211e-01 -8.740851674448151254e-01 8.891984411587420256e-01 4.301032535872072460e-01 1.560042419229635824e-01 1.512434085063558697e-01 -4.874900474109841730e-01 5.691590037444081984e-01
1.588763393560043097e+09 4.656650576834288069e-01 -7.585198875075499503e-01 -4.558548390773208836e-01 -6.367375174103370727e-02 4.850598988088802299e-01 -8.721597032133115990e-01 8.826673820834253226e-01 4.351602863602802018e-01 1.775776387505703102e-01 1.480574263309878957e-01 -4.908810044062585920e-01 5.619223620992519486e-01
1.588763393560061932e+09 4.809866761067030927e-01 -7.520911601684695524e-01 -4.505670917923971786e-01 -4.917319966563625522e-02 4.899679090916104762e-01 -8.703524829041567878e-01 8.753478244929674412e-01 4.407837733616873921e-01 1.986853072067943649e-01 1.449806698456305165e-01 -4.943482799531148109e-01 5.546746297726579122e-01
1.588763393560081005e+09 4.966786510072703775e-01 -7.457379850479921579e-01 -4.440553741282119438e-01 -3.506747352877158386e-02 4.939631814001184673e-01 -8.687753724201522365e-01 8.672258010091791203e-01 4.470740800804524628e-01 2.191898195345790556e-01 1.420033716167002913e-01 -4.978912293355062801e-01 5.474219572310500270e-01
1.588763393560097933e+09 5.126940546147307209e-01 -7.395059087468910386e-01 -4.362061637495850408e-01 -2.140606181699786573e-02 4.968926087608499520e-01 -8.675479905335009567e-01 8.583044837831745877e-01 4.541241529465772642e-01 2.389239770965823906e-01 1.391162013685630916e-01 -5.015088955736634047e-01 5.401697304686313705e-01
1.588763393560116053e+09 5.289545444229747373e-01 -7.334461184340769213e-01 -4.269237417739343288e-01 -8.243420378264917220e-03 4.985978314520987942e-01 -8.667942365372093283e-01 8.486101201122098203e-01 4.620140623698112403e-01 2.576894841065140440e-01 1.363104537123766002e-01 -5.052001902442115888e-01 5.329226498280590363e-01
1.588763393560133934e+09 5.453484865809269388e-01 -7.276143274400052041e-01 -4.161399027850000709e-01 4.360935178733187784e-03 4.989191277273264946e-01 -8.666375749034670450e-01 8.381980735067150468e-01 4.708047307473380294e-01 2.752578701489828972e-01 1.335782044624835296e-01 -5.089641055203951714e-01 5.256848456101941292e-01
1.588763393560153008e+09 5.617311705654413068e-01 -7.220694471538854353e-01 -4.038239783668735039e-01 1.634269047829165281e-02 4.977004995257702236e-01 -8.671949776388937492e-01 8.271583938310838047e-01 4.805308796122915171e-01 2.913744416677884197e-01 1.309124252351924755e-01 -5.127999506311422540e-01 5.184600295250835211e-01
1.588763393560175896e+09 5.779275568028778842e-01 -7.168721712303447458e-01 -3.899923450599196983e-01 2.763344684218839095e-02 4.947961904810557754e-01 -8.685695841459374344e-01 8.156200903028220095e-01 4.911934649435530376e-01 3.057660025159096850e-01 1.283070471714873595e-01 -5.167076034084808756e-01 5.112516795763856203e-01
1.588763393560194016e+09 5.937379051710837130e-01 -7.120836229809381912e-01 -3.747161777230629820e-01 3.816197166445504246e-02 4.900786331639189752e-01 -8.708424640755974000e-01 8.037530490665898419e-01 5.027522721986485976e-01 3.181527760662353210e-01 1.257569664941519949e-01 -5.206877651299530729e-01 5.040632544862856390e-01
1.588763393560210943e+09 6.089463650455240185e-01 -7.077641606165793187e-01 -3.581259798542130723e-01 4.785611828297032383e-02 4.834476213231188035e-01 -8.740641792124286269e-01 7.917664532188979365e-01 5.151196854966432204e-01 3.282645170809695978e-01 1.232579875758931937e-01 -5.247422051683071631e-01 4.968984324782060868e-01
1.588763393560229063e+09 6.233322172751963874e-01 -7.039723694865455128e-01 -3.404112952125325497e-01 5.664554155260265872e-02 4.748400448181826494e-01 -8.782472399396825669e-01 7.799027051697545732e-01 5.281570172203127189e-01 3.358599940946183637e-01 1.208067024707704662e-01 -5.288739805182912646e-01 4.897613681057460533e-01
1.588763393560245991e+09 6.366829020047145571e-01 -7.007642007990089184e-01 -3.218142588130136761e-01 6.446524651621970969e-02 4.642389587118166960e-01 -8.833608669214200182e-01 7.684263883343396273e-01 5.416749247429215597e-01 3.407479444099240085e-01 1.184003092570527216e-01 -5.330876138882132409e-01 4.826569596440355436e-01
1.588763393560265064e+09 6.488073754855669950e-01 -6.981921340941952270e-01 -3.026164790729537479e-01 7.125985479875562856e-02 4.516803533233844092e-01 -8.893294617396381163e-01 7.576087529930520814e-01 5.554391076556243201e-01 3.428066146946875947e-01 1.160363759114880072e-01 -5.373892144061932497e-01 4.755911188457007110e-01
1.588763393560283899e+09 6.595480465852205931e-01 -6.963041025995105882e-01 -2.831200645498258006e-01 7.698836345958603999e-02 4.372560770800444918e-01 -8.960356661153485724e-01 7.477092791583697107e-01 5.691816228255678345e-01 3.419987048243312011e-01 1.137125605778944171e-01 -5.417865261523188147e-01 4.685710343897477315e-01
1.588763393560302973e+09 6.687897099386954647e-01 -6.951418766401475935e-01 -2.636249138896341604e-01 8.162900828259601893e-02 4.211117656788329611e-01 -9.033280610144064360e-01 7.389567165193151599e-01 5.826170716266581007e-01 3.383789576252725917e-01 1.114263029104342190e-01 -5.462888920261489423e-01 4.616054201682939229e-01
1.588763393560323000e+09 6.764644070042327151e-01 -6.947387571771962422e-01 -2.444053300038367404e-01 8.518359019960194956e-02 4.034392802294763936e-01 -9.110326575546124905e-01 7.315324066773851719e-01 5.954618429812487124e-01 3.320926550491042906e-01 1.091745043817515248e-01 -5.509071241273926223e-01 4.547047397879809827e-01
1.588763393560342073e+09 6.825518851682121912e-01 -6.951167042027249776e-01 -2.256893696957145423e-01 8.768044246017081544e-02 3.844641148004343534e-01 -9.189665306435803593e-01 7.255584497925681164e-01 6.074537941044910738e-01 3.233648465217884294e-01 1.069532176501476750e-01 -5.556532769705592179e-01 4.478813995127731706e-01
1.588763393560359955e+09 6.870762308332629686e-01 -6.962831927887485062e-01 -2.076438500554517175e-01 8.917534225572409934e-02 3.644293453972707320e-01 -9.269514607298932063e-01 7.210922349877398885e-01 6.183696044083708543e-01 3.124820330636896570e-01 1.047573655937942966e-01 -5.605403251609061277e-01 4.411499028145784429e-01
1.588763393560378075e+09 6.900999037578676720e-01 -6.982282126045588067e-01 -1.903667144182837057e-01 8.974993883583697041e-02 3.435783516251854075e-01 -9.348255798681781581e-01 7.181274756715719798e-01 6.280376417226614105e-01 2.997693267637796533e-01 1.025805094693778702e-01 -5.655817516653799393e-01 4.345269600940387389e-01
1.588763393560395002e+09 6.917166039571290836e-01 -7.009218552418341464e-01 -1.738870111778023364e-01 8.950762599594709601e-02 3.221386342365301081e-01 -9.424516354822587427e-01 7.166006731092714466e-01 6.363452311282135065e-01 2.855664933480738243e-01 1.004146834118064824e-01 -5.707910572580777719e-01 4.280315473437816820e-01
1.588763393560412884e+09 6.920441900139759905e-01 -7.043128627229586769e-01 -1.581715223195330200e-01 8.856715622155268697e-02 3.003086590979099357e-01 -9.497213107601798487e-01 7.164012129448120714e-01 6.432403133175856880e-01 2.702058500804377372e-01 9.825030929186008566e-02 -5.761812060066091590e-01 4.216849076656858375e-01
1.588763393560431957e+09 6.912184768438471849e-01 -7.083283252253147477e-01 -1.431363020172055356e-01 8.705463709507778314e-02 2.782489790644342431e-01 -9.565557985879526992e-01 7.173830967007681636e-01 6.487283632894779162e-01 2.539941007881234558e-01 9.607620194923022217e-02 -5.817640252996608696e-01 4.155104894688173012e-01
1.588763393560450077e+09 6.893882399958946028e-01 -7.128745762328846380e-01 -1.286611562132714548e-01 8.509472351192418071e-02 2.560780935884033882e-01 -9.629033689924185735e-01 7.193766347247149140e-01 6.528658733216942123e-01 2.371990912028153486e-01 9.387967022047317978e-02 -5.875495829931035585e-01 4.095338160959134388e-01
1.588763393560467005e+09 6.867112363375861284e-01 -7.178393255346336987e-01 -1.146053253809537487e-01 8.280183124353963919e-02 2.338728497370024528e-01 -9.687349208638046383e-01 7.221990962556525950e-01 6.557516243785427301e-01 2.200415244807608361e-01 9.164671404021998424e-02 -5.935455668914895178e-01 4.037822825740313704e-01
1.588763393560484886e+09 6.833508403288403033e-01 -7.230949902437624477e-01 -1.008229344357184365e-01 8.027221025680826572e-02 2.116727474209080806e-01 -9.740385106668849602e-01 7.256638349018180723e-01 6.575167549856911764e-01 2.026911829164489143e-01 8.936231269795537335e-02 -5.997566931743044671e-01 3.982848763790743374e-01
1.588763393560502052e+09 6.794728521300207325e-01 -7.285031230206927555e-01 -8.717707823379149124e-02 7.757764147874449123e-02 1.894872068790041386e-01 -9.788137248599353413e-01 7.295877964734244214e-01 6.583143612147456247e-01 1.852669669932295315e-01 8.701079491401972343e-02 -6.061841690756111234e-01 3.930718185704630274e-01
1.588763393560519934e+09 6.752421024968192631e-01 -7.339197873829457208e-01 -7.355167370927163939e-02 7.476136759816542909e-02 1.673046793200486104e-01 -9.830665705814943811e-01 7.337975476468847624e-01 6.583091142986746691e-01 1.678400104328776343e-01 8.457627749355978164e-02 -6.128252351317178270e-01 3.881741231293529548e-01
1.588763393560537100e+09 6.708186249980290228e-01 -7.392016657723021744e-01 -5.986041828450365532e-02 7.183665894984139766e-02 1.451024182880307489e-01 -9.868053418178693859e-01 7.381340439166395040e-01 6.576672300865886722e-01 1.504391826782454089e-01 8.204315578191913316e-02 -6.196728119564718362e-01 3.836230748886646502e-01
1.588763393560554981e+09 6.663533529717368120e-01 -7.442125959917670341e-01 -4.605237184453350729e-02 6.878816586803103428e-02 1.228557670121640105e-01 -9.900377006714227157e-01 7.424563268111383785e-01 6.565470832182739302e-01 1.330583717737623406e-01 7.939662588149319633e-02 -6.267152756825762339e-01 3.794496304816286081e-01
1.588763393560571909e+09 6.619835668333365897e-01 -7.488300590828850245e-01 -3.211385773345590972e-02 6.557591146610033950e-02 1.005459352582989546e-01 -9.927690137896209022e-01 7.466441971113503273e-01 6.550908772989898488e-01 1.156649705095819242e-01 7.662321540596289671e-02 -6.339363846928198765e-01 3.756837530191556862e-01
1.588763393560590029e+09 6.578285761631722517e-01 -7.529509678763621761e-01 -1.806666430670669440e-02 6.214142161135270681e-02 7.816547040119711798e-02 -9.950018105307508742e-01 7.505997655910237043e-01 6.534179360979009976e-01 9.820892364574378142e-02 7.371129595167670578e-02 -6.413153776752675839e-01 3.723537017098361712e-01
1.588763393560611010e+09 6.539861808221384409e-01 -7.564961139263729484e-01 -3.962942083582748909e-03 5.841518425249285495e-02 5.572101412598821218e-02 -9.967360908665400254e-01 7.542477985015678676e-01 6.516201333618596436e-01 8.063163310020747543e-02 7.065154874876504454e-02 -6.488272553808621668e-01 3.694853059114101002e-01
1.588763393560630083e+09 6.505304229194930343e-01 -7.594127375676867908e-01 1.012239488094526449e-02 5.432444751075303502e-02 3.323338778455652009e-02 -9.979701380008348943e-01 7.575348330346740600e-01 6.497598294445431355e-01 6.287400721063431119e-02 6.743735518372492854e-02 -6.564432478395676451e-01 3.671012604711219596e-01
1.588763393560647011e+09 6.475109853640791391e-01 -7.616749200110528584e-01 2.410062366380396823e-02 4.980035097339244321e-02 1.073547946696108701e-02 -9.987014942043163090e-01 7.604271489615501700e-01 6.478704081143761284e-01 4.488301923128974746e-02 6.406508630196726395e-02 -6.641314557652213679e-01 3.652204852195288232e-01
1.588763393560664892e+09 6.449543316024595185e-01 -7.632818282563171852e-01 3.787823653375881755e-02 4.478355673419545657e-02 -1.173128378526539992e-02 -9.989278302406923160e-01 7.629078209033338664e-01 6.459591532271909964e-01 2.661633276642897533e-02 6.053427135438650686e-02 -6.718576398328167665e-01 3.638575913771712189e-01
1.588763393560683012e+09 6.428663667542205973e-01 -7.642542020607919762e-01 5.136486280171268654e-02 3.922788928355069871e-02 -3.412098189483289690e-02 -9.986475510906150932e-01 7.649732068514453198e-01 6.440118579890660166e-01 8.044847561204104824e-03 5.684763472888232361e-02 -6.795861176971295103e-01 3.630224899711853581e-01
1.588763393560700893e+09 6.412362236862069187e-01 -7.646296743404684682e-01 6.447919472690896714e-02 3.310180766092113425e-02 -5.638695317654206229e-02 -9.978601013385787200e-01 7.666292296568226750e-01 6.419984210518414613e-01 -1.084673250915580561e-02 5.301100127112776811e-02 -6.872807195214235554e-01 3.627201647450294941e-01
1.588763393560718060e+09 6.400405188908764309e-01 -7.644577250764486021e-01 7.715258097320655539e-02 2.638802588963405638e-02 -7.848469900964774593e-02 -9.965660159334180923e-01 7.678878865234861628e-01 6.398785342515675989e-01 -3.006085723919273492e-02 4.903307966890019937e-02 -6.949057496615365093e-01 3.629506189809666994e-01
1.588763393560734987e+09 6.392475205621458434e-01 -7.637949268520131119e-01 8.933038213433161512e-02 1.908176757983883268e-02 -1.003737049438542250e-01 -9.947668096113106984e-01 7.687642639997745997e-01 6.376067981715900501e-01 -4.958908474305730174e-02 4.492514120708842457e-02 -7.024269040257720143e-01 3.637089940130381338e-01
1.588763393560753107e+09 6.388207707310030736e-01 -7.627009669861672947e-01 1.009715694787463175e-01 1.118828059715326270e-02 -1.220182302512187456e-01 -9.924647972930992212e-01 7.692742328076752623e-01 6.351368249821490730e-01 -6.941446746286689118e-02 4.070061657823647455e-02 -7.098120980569286864e-01 3.649858475082958797e-01
1.588763393560770988e+09 6.387219540204202017e-01 -7.612356459878374393e-01 1.120471183556489003e-01 2.720087153896984938e-03 -1.433872669874049488e-01 -9.896629187729276689e-01 7.694328213561552055e-01 6.324242112277682626e-01 -8.951396805101308196e-02 3.637463706892105769e-02 -7.170321687487811735e-01 3.667675698647805405e-01
1.588763393560787916e+09 6.389129377481719274e-01 -7.594568760678921393e-01 1.225377956925441381e-01 -6.305616136727936263e-03 -1.644539516330974505e-01 -9.863646065222473336e-01 7.692532074583677826e-01 6.294284321423536666e-01 -1.098606008959881475e-01 3.196354766851142171e-02 -7.240614247781734791e-01 3.690369098659279090e-01
1.588763393560806036e+09 6.393570407966551183e-01 -7.574195506611616224e-01 1.324318642245023159e-01 -1.586911737091431518e-02 -1.851947172880162862e-01 -9.825737060418788804e-01 7.687462165756837607e-01 6.261138402627753896e-01 -1.304251261658099792e-01 2.748441863859317838e-02 -7.308780304588620158e-01 3.717735764867112769e-01
1.588763393560822964e+09 6.400196790745170672e-01 -7.551750639248823171e-01 1.417230864234572119e-01 -2.594974652290042705e-02 -2.055884298851324843e-01 -9.782944383748463091e-01 7.679201918523359538e-01 6.224500143201692204e-01 -1.511772424066808451e-01 2.295457931900659471e-02 -7.374642211412192339e-01 3.749548815805870960e-01
1.588763393560839891e+09 6.408685789917724085e-01 -7.527712287912513567e-01 1.504092469470026672e-01 -3.652678914841640812e-02 -2.256156817359255273e-01 -9.735313851292793919e-01 7.667811018389236732e-01 6.184117085427175420e-01 -1.720863173043076233e-01 1.839119344938711098e-02 -7.438063573761080072e-01 3.785563911875478582e-01
1.588763393560857058e+09 6.418737570623921362e-01 -7.502523700078236324e-01 1.584912025768043797e-01 -4.757986318357983885e-02 -2.452583117777368815e-01 -9.682894800243152522e-01 7.653327620164580569e-01 6.139786167330045785e-01 -1.931217791505699111e-01 1.381089048447238857e-02 -7.498948339010517161e-01 3.825525559014661403e-01
1.588763393560874939e+09 6.430074140965339469e-01 -7.476594381665240263e-01 1.659723770372499019e-01 -5.908890008878797673e-02 -2.644991619503509472e-01 -9.625739946706703964e-01 7.635770866813921254e-01 6.091350899857020940e-01 -2.142532959995341324e-01 9.229462117789365844e-03 -7.557238645287891465e-01 3.869172976037681400e-01
1.588763393560897112e+09 6.442438377882875322e-01 -7.450300616591162273e-01 1.728585684830833691e-01 -7.103388165629001549e-02 -2.833220377702687642e-01 -9.563905115448056993e-01 7.615143236540403704e-01 6.038698784852062351e-01 -2.354508541742567074e-01 4.661628698999512911e-03 -7.612911661630953342e-01 3.916245371809303211e-01
1.588763393560930967e+09 6.455593574056394113e-01 -7.423985070795197094e-01 1.791579547608952716e-01 -8.339444636603036975e-02 -3.017118342238190865e-01 -9.497448791159626147e-01 7.591432555077379796e-01 5.981759154122070488e-01 -2.566848103049278462e-01 1.208764700440243325e-04 -7.665975672706618615e-01 3.966486520827629536e-01
1.588763393560997009e+09 6.469323576547415522e-01 -7.397955753933187495e-01 1.848811273487230011e-01 -9.614951791191223007e-02 -3.196547414508097984e-01 -9.426431543673964297e-01 7.564613637365110721e-01 5.920501270165614560e-01 -2.779259834505699023e-01 -4.380637191046914992e-03 -7.716465684153770432e-01 4.019648552641360006e-01
1.588763393561027050e+09 6.483433304064909475e-01 -7.372484706282109723e-01 1.900410968074330298e-01 -1.092770015259550975e-01 -3.371384894464820592e-01 -9.350915334199284557e-01 7.534649712205501171e-01 5.854932377867045901e-01 -2.991457933066283270e-01 -8.832116679638825352e-03 -7.764438812032509185e-01 4.075494926242439475e-01
1.588763393561054945e+09 6.497749469910417686e-01 -7.347806495285030826e-01 1.946533209150261567e-01 -1.227534992364220784e-01 -3.541526505668251001e-01 -9.270962617355861246e-01 7.501493829161096638e-01 5.785095480446461602e-01 -3.203164156504533233e-01 -1.322410776644795949e-02 -7.809969690429677813e-01 4.133802609683970286e-01
1.588763393561091900e+09 6.512121232051133468e-01 -7.324117125626216085e-01 1.987356382075549932e-01 -1.365541484274183093e-01 -3.706889125931911999e-01 -9.186635372268414645e-01 7.465090321887049019e-01 5.711066567511086101e-01 -3.414109715264717071e-01 -1.754843414437578381e-02 -7.853146102232321235e-01 4.194363512981073017e-01
1.588763393561113119e+09 6.526420452954577733e-01 -7.301573851761562484e-01 2.023080660459876945e-01 -1.506526169178970531e-01 -3.867412677059646198e-01 -9.097994179330766151e-01 7.425376419614460044e-01 5.632951133551309386e-01 -3.624037327952904786e-01 -2.179810173402457751e-02 -7.894064986056779087e-01 4.256985257534431910e-01
1.588763393561131954e+09 6.540541460314165390e-01 -7.280295872874665841e-01 2.053925366101297667e-01 -1.650211876136166156e-01 -4.023061362989064915e-01 -9.005097336160390320e-01 7.382284075399474510e-01 5.550880044949261238e-01 -3.832703035329882435e-01 -2.596718097647303727e-02 -7.932828914660270403e-01 4.321491389590529364e-01
1.588763393561150074e+09 6.554400322007164492e-01 -7.260365775334154392e-01 2.080126252761515804e-01 -1.796308850365522791e-01 -4.173824422685732949e-01 -8.908000011390314610e-01 7.335742016530540921e-01 5.465004894539088331e-01 -4.039877543925275427e-01 -3.005067607926355591e-02 -7.969543090551209907e-01 4.387721152309373984e-01
1.588763393561167955e+09 6.567933710687664517e-01 -7.241831544795591658e-01 2.101933074342487995e-01 -1.944516130057136472e-01 -4.319716522684013960e-01 -8.806753441753526479e-01 7.285677991242509588e-01 5.375493004445461853e-01 -4.245347002003711512e-01 -3.404438884374465235e-02 -8.004312870529494139e-01 4.455528922087921839e-01
1.588763393561186075e+09 6.581097447391440758e-01 -7.224708988472846594e-01 2.119607609916591695e-01 -2.094522889346702166e-01 -4.460777843462313541e-01 -8.701404191135916344e-01 7.232021173506785194e-01 5.282522225560767337e-01 -4.448913202428830260e-01 -3.794478288971032953e-02 -8.037241796235014002e-01 4.524783408492029646e-01
1.588763393561203957e+09 6.593864791620632770e-01 -7.208984474706467971e-01 2.133422122662488318e-01 -2.246009760750720119e-01 -4.597073809742376338e-01 -8.591993513884448319e-01 7.174704681347009450e-01 5.186275660973886925e-01 -4.650393263390384946e-01 -4.174885289447063247e-02 -8.068430095378379407e-01 4.595366696478840329e-01
1.588763393561223030e+09 6.606224547590029417e-01 -7.194617889564516311e-01 2.143658240059718723e-01 -2.398650131339379876e-01 -4.728694445355250409e-01 -8.478556857751865516e-01 7.113668165886251060e-01 5.086936432275623865e-01 -4.849618846876834199e-01 -4.545400296479208679e-02 -8.097973618630747161e-01 4.667173185991093654e-01
1.588763393561240911e+09 6.618178777319220218e-01 -7.181546350583547511e-01 2.150604958159537394e-01 -2.552112425969990106e-01 -4.855752354410892702e-01 -8.361123802341516864e-01 7.048860321835337395e-01 4.984682646612695334e-01 -5.046435085895110140e-01 -4.905793733725899441e-02 -8.125963167339227411e-01 4.740108474251219506e-01
