1.592833324956047058e+09 1.502284364791185156e-01 -9.000617138590754074e-01 -4.090480756874765866e-01 -4.745970015325919333e-01 2.972996995520525432e-01 -8.284748486772930409e-01 8.672883621009846999e-01 3.185934713577421862e-01 -3.825037215207676700e-01 2.852222866287994485e-01 -4.221252821731060756e-01 7.002279685012208210e-01
1.592833324956516027e+09 1.640342472264876283e-01 -8.942293415269201295e-01 -4.164692672871576073e-01 -4.576903790727693266e-01 3.050021012958223365e-01 -8.351606044454559230e-01 8.738491189365648060e-01 3.276089178539981495e-01 -3.592493761736566538e-01 2.781149232121028492e-01 -4.253416334255684106e-01 6.947570362547036416e-01
1.592833324956568003e+09 1.781750589920713113e-01 -8.881572811455279437e-01 -4.235921297744922875e-01 -4.408584631907859763e-01 3.128058096777482922e-01 -8.413063300451525395e-01 8.797144217360048923e-01 3.366439803110047868e-01 -3.358174604082935222e-01 2.712779430544381420e-01 -4.286837820084156703e-01 6.890232438845218521e-01
1.592833324956602097e+09 1.926310352670087267e-01 -8.818523039226894289e-01 -4.303833156896396117e-01 -4.241030790909818826e-01 3.206985632375006223e-01 -8.469291646607048918e-01 8.848897460031449613e-01 3.456717311315171126e-01 -3.122197811175883020e-01 2.647150551898288517e-01 -4.321522656151343122e-01 6.830492373451141352e-01
1.592833324956634998e+09 2.073762964920918273e-01 -8.753229147510694919e-01 -4.368121640611028478e-01 -4.074214869785454662e-01 3.286723650127323371e-01 -8.520458957922764087e-01 8.893833839393624485e-01 3.546607836936211955e-01 -2.884665056665915994e-01 2.584278120046951677e-01 -4.357479766136039268e-01 6.768579478714983333e-01
1.592833324956666946e+09 2.223791161993507459e-01 -8.685791485780722798e-01 -4.428518843167092434e-01 -3.908067190169325911e-01 3.367241417681648974e-01 -8.566720264119533912e-01 8.932063798925076181e-01 3.635754599963842426e-01 -2.645661501832677898e-01 2.524156067677171822e-01 -4.394720428763551068e-01 6.704723900678846160e-01
1.592833324956695080e+09 2.376023177479071602e-01 -8.616322946856141973e-01 -4.484806879547432179e-01 -3.742481606432341290e-01 3.448562503825093328e-01 -8.608208181427704497e-01 8.963723851701252965e-01 3.723760940764199168e-01 -2.405256570289211193e-01 2.466756941371607559e-01 -4.433257000940328818e-01 6.639154579467769768e-01
1.592833324956722021e+09 2.530039259599087820e-01 -8.544945428882479987e-01 -4.536828074113370413e-01 -3.577324159284144822e-01 3.530767453141235301e-01 -8.645023601127234114e-01 8.988973979793224434e-01 3.810195378385303200e-01 -2.163505944708101481e-01 2.412032347275408772e-01 -4.473101578725148242e-01 6.572097205520446295e-01
1.592833324956753969e+09 2.685381352161890778e-01 -8.471785531422961757e-01 -4.584493092514197454e-01 -3.412444792174005315e-01 3.613992981522418102e-01 -8.677227396092224154e-01 9.007993535755720593e-01 3.894599421291453090e-01 -1.920455105554517428e-01 2.359913649932207369e-01 -4.514264623678115318e-01 6.503772187448153552e-01
1.592833324956785917e+09 2.841566946758389278e-01 -8.396969528127907756e-01 -4.627785652285618667e-01 -3.247692283390508639e-01 3.698426169179850898e-01 -8.704834215418032484e-01 9.020975120630493338e-01 3.976499293215984832e-01 -1.676144758125765466e-01 2.310312944419284364e-01 -4.556753589923789316e-01 6.434392646253013215e-01
1.592833324956809044e+09 2.998106674667180283e-01 -8.320618093763010314e-01 -4.666762359257085602e-01 -3.082931145314354304e-01 3.784293049309651047e-01 -8.727809672797549601e-01 9.028116743157030832e-01 4.055421145679223294e-01 -1.430617841801060941e-01 2.263124323593370124e-01 -4.600571593491696309e-01 6.364162456125330714e-01
1.592833324956829071e+09 3.155216441316838760e-01 -8.242729894828920711e-01 -4.701277815876929722e-01 -2.918459077368414367e-01 3.871277062044150563e-01 -8.746188343329783788e-01 9.029241708451937187e-01 4.131660417304170441e-01 -1.184135284757571460e-01 2.218355833578258829e-01 -4.645760783303887198e-01 6.293220350127539664e-01
1.592833324956847906e+09 3.312671086630645800e-01 -8.163372855874320155e-01 -4.731337432533714304e-01 -2.754314908225136693e-01 3.959412552009785591e-01 -8.759954431599354940e-01 9.024409103403207011e-01 4.205044098829081589e-01 -9.368268076277820600e-02 2.175980272776370794e-01 -4.692320260750427185e-01 6.221696998107630883e-01
1.592833324956866026e+09 3.470289705867805052e-01 -8.082608971346657567e-01 -4.756944564147611021e-01 -2.590565390330151208e-01 4.048701935676624619e-01 -8.769092519118099061e-01 9.013659652062083749e-01 4.275446744668060517e-01 -6.888358414523199080e-02 2.135958798923933699e-01 -4.740247770143719563e-01 6.149722707895208806e-01
1.592833324956886053e+09 3.627949349953220048e-01 -8.000493875608590821e-01 -4.778083430962929978e-01 -2.427309150074558608e-01 4.139098467198894515e-01 -8.773598701968146063e-01 8.997008047766109629e-01 4.342805733546194480e-01 -4.403232395458640813e-02 2.098240722880218012e-01 -4.789539170222238962e-01 6.077426320741908805e-01
1.592833324956902981e+09 3.785595810025905172e-01 -7.917077815958079023e-01 -4.794699493388278055e-01 -2.264677204587337012e-01 4.230489480728237273e-01 -8.773493940663050772e-01 8.974436000638787991e-01 4.407134854262544921e-01 -1.914702403945236706e-02 2.062763477836382642e-01 -4.840187893585041201e-01 6.004934011609222022e-01
1.592833324956918955e+09 3.943250378591814376e-01 -7.832408223520006540e-01 -4.806678466944792616e-01 -2.102829926200539823e-01 4.322681187070338549e-01 -8.768838786909283201e-01 8.945886359698308476e-01 4.468535418818032623e-01 5.751918207457976107e-03 2.029452788378987571e-01 -4.892184407842828930e-01 5.932368017848419495e-01
1.592833324956945896e+09 4.101012132359837525e-01 -7.746533979402787651e-01 -4.813824966584732135e-01 -1.941950978635395009e-01 4.415385368951416645e-01 -8.759748766637537321e-01 8.911258378828775806e-01 4.527204806915428037e-01 3.064159724456693920e-02 1.998223068842853445e-01 -4.945515700184365260e-01 5.859845325865402632e-01
1.592833324956964016e+09 4.259055097737012296e-01 -7.659511457959287117e-01 -4.815841973378054419e-01 -1.782238909141440897e-01 4.508208304789972365e-01 -8.746409684307392407e-01 8.870404396228309674e-01 4.583442169392643595e-01 5.549628216203281172e-02 1.968978079593371455e-01 -5.000164813117580209e-01 5.787476354358246367e-01
1.592833324956981897e+09 4.417619863748519782e-01 -7.571412360936210506e-01 -4.812312293772708638e-01 -1.623897343258719761e-01 4.600641885109933993e-01 -8.729092259674569032e-01 8.823128252804326443e-01 4.637651250341134901e-01 8.028690559172478591e-02 1.941611858932927870e-01 -5.056110460348998137e-01 5.715363682100043086e-01
1.592833324956998110e+09 4.576999401080946162e-01 -7.482333283287367909e-01 -4.802683118115728123e-01 -1.467124861106752498e-01 4.692056543424084625e-01 -8.708165710964325124e-01 8.769185887635976284e-01 4.690340504193580839e-01 1.049802280899225920e-01 1.916009927652602696e-01 -5.113326747017752361e-01 5.643600873959917497e-01
1.592833324957015991e+09 4.737518737394282864e-01 -7.392406853464255079e-01 -4.786255022291631689e-01 -1.312105554955402820e-01 4.781695704868246799e-01 -8.684109926358650755e-01 8.708288880888790384e-01 4.742120529157428099e-01 1.295375490005279961e-01 1.892050748868405463e-01 -5.171783017222700840e-01 5.572271460648760000e-01
1.592833324957031965e+09 4.899508241024822519e-01 -7.301814140246949414e-01 -4.762176946538067002e-01 -1.159001186096590974e-01 4.868671482157957420e-01 -8.657525874280114220e-01 8.640111993158003934e-01 4.793698809298028718e-01 1.539128479885930045e-01 1.869607423163947846e-01 -5.231443858878784825e-01 5.501448130581528817e-01
1.592833324957050085e+09 5.063270765318099720e-01 -7.210797882007127235e-01 -4.729448495822283216e-01 -1.007945797884084449e-01 4.951961010649089112e-01 -8.629144072961129064e-01 8.564305834870935552e-01 4.845872064757765774e-01 1.780502598978736251e-01 1.848549589850405350e-01 -5.292269299645082636e-01 5.431192195676897150e-01
1.592833324957065105e+09 5.229042357704001276e-01 -7.119675776303113768e-01 -4.686932138870700815e-01 -8.590432385134491589e-02 5.030404182966471405e-01 -8.599830142784150588e-01 8.480516537532118981e-01 4.899515344444942411e-01 2.018808721094417780e-01 1.828745482822698443e-01 -5.354215221107935241e-01 5.361553390858393442e-01
1.592833324957079887e+09 5.396946531908715095e-01 -7.028852543722092783e-01 -4.633378903462244680e-01 -7.123678411660931686e-02 5.102704726577821370e-01 -8.570585542809419088e-01 8.388414641534176486e-01 4.955566204389751928e-01 2.253189606264696387e-01 1.810064066731030541e-01 -5.417234008298768000e-01 5.292570058586032467e-01
1.592833324957097054e+09 5.566944099760212650e-01 -6.938829192595359352e-01 -4.567470069836299662e-01 -5.679685500974940293e-02 5.167435807062155106e-01 -8.542541713118710911e-01 8.287734619546330839e-01 5.015003153535604330e-01 2.482578951851325544e-01 1.792377159956905497e-01 -5.481275439524939674e-01 5.224269755564341366e-01
1.592833324957114935e+09 5.738782021593836769e-01 -6.850207768942991882e-01 -4.487876384623742387e-01 -4.258765745980455653e-02 5.223051311856364842e-01 -8.516945705551096646e-01 8.178325626905342816e-01 5.078817631111575137e-01 2.705660994357496629e-01 1.775561441585428168e-01 -5.546287812867979339e-01 5.156670303602518546e-01
1.592833324957133055e+09 5.911946213972708586e-01 -6.763690124152733629e-01 -4.393334483083614628e-01 -2.861165290354251642e-02 5.267903507804965191e-01 -8.495135665700106475e-01 8.060212733101108640e-01 5.147979074444078984e-01 2.920835865367089612e-01 1.759500231339967413e-01 -5.612219292398035186e-01 5.089781287239552032e-01
1.592833324957149982e+09 6.085624127575460784e-01 -6.680069937496225796e-01 -4.282737981799680793e-01 -1.487210304645820644e-02 5.300267220086025688e-01 -8.478505143311538816e-01 7.933666305119991824e-01 5.223392866691832781e-01 3.126196718917516604e-01 1.744084928616153052e-01 -5.679019441685726477e-01 5.023605978591652033e-01
1.592833324957168102e+09 6.258682451613153397e-01 -6.600217544084333587e-01 -4.155240348445557452e-01 -1.374863642309900186e-03 5.318372588506511400e-01 -8.468454640558699120e-01 7.799275924916853064e-01 5.305849733500330734e-01 3.319526119599138236e-01 1.729216000325007885e-01 -5.746640894652629283e-01 4.958143645546763123e-01
1.592833324957189083e+09 6.429665500973640313e-01 -6.525058248571385944e-01 -4.010363625789926667e-01 1.186947957702612008e-02 5.320447649923308875e-01 -8.466330277296280071e-01 7.658022793075680568e-01 5.395966240720910800e-01 3.498318915694745290e-01 1.714803422419633461e-01 -5.815041101525472156e-01 4.893392180116022949e-01
1.592833324957209110e+09 6.596818732016480613e-01 -6.455545020643527199e-01 -3.848106172662086877e-01 2.484316554703668717e-02 5.304774041363261583e-01 -8.473349638544361850e-01 7.511342379215477649e-01 5.494116022642291375e-01 3.659839449773836240e-01 1.700766498570750740e-01 -5.884184072055437253e-01 4.829350963913491279e-01
1.592833324957259893e+09 6.758141017162997422e-01 -6.392626973320545414e-01 -3.669039436260217446e-01 3.751861971958846131e-02 5.269758844616002635e-01 -8.490516889530709266e-01 7.361166029780672471e-01 5.600353748933266651e-01 3.801219879852542616e-01 1.687033004459402019e-01 -5.954042022398625678e-01 4.766023869468223317e-01
1.592833324957278967e+09 6.911467283586912869e-01 -6.337216006416543923e-01 -3.474379554488066790e-01 4.985587121182755155e-02 5.214022868127855537e-01 -8.518533016640357225e-01 7.209927822593243940e-01 5.714338004717657293e-01 3.919602271533337290e-01 1.673537638216507362e-01 -6.024596818180538715e-01 4.703422281152341844e-01
1.592833324957293034e+09 7.054579426534738351e-01 -6.290154002187219318e-01 -3.266017721354235737e-01 6.180048426386913762e-02 5.136503376459121695e-01 -8.557710154736504204e-01 7.060522582487154253e-01 5.835263122238607547e-01 4.012321667389731061e-01 1.660219797268638608e-01 -6.095841100648594635e-01 4.641568014479642845e-01
1.592833324957303047e+09 7.185338409031861717e-01 -6.252183116960263742e-01 -3.046492775702499545e-01 7.328265736050526558e-02 5.036563975826002793e-01 -8.607902679794374734e-01 6.916203956609765502e-01 5.961814287834106274e-01 4.077118251182635378e-01 1.647020743255057929e-01 -6.167778979347671164e-01 4.580496011410061796e-01
1.592833324957315922e+09 7.301824289253564526e-01 -6.223921727094766654e-01 -2.818893470243842292e-01 8.421821808088839068e-02 4.914097761295577182e-01 -8.668470013857053624e-01 6.780419694384178797e-01 6.092162304180409604e-01 4.112355436207381643e-01 1.633880259232951271e-01 -6.240426172275106431e-01 4.520256688564233682e-01
1.592833324957331896e+09 7.402465594695294415e-01 -6.205847835456133055e-01 -2.586688186704351744e-01 9.451210181066804772e-02 4.769605001404148004e-01 -8.738284408629342082e-01 6.656594428786880568e-01 6.224011631304864345e-01 4.117211414319069118e-01 1.620732948214574642e-01 -6.313809488313840701e-01 4.460917830152340557e-01
1.592833324957345009e+09 7.486138730144440423e-01 -6.198289226324372736e-01 -2.353494761536882585e-01 1.040645655189895991e-01 4.604227313143697820e-01 -8.815789668748742480e-01 6.547883898046580331e-01 6.354707037182876217e-01 4.091810715985618740e-01 1.607504361111190272e-01 -6.387965566864562961e-01 4.402565936655272738e-01
1.592833324957356930e+09 7.552222815396489874e-01 -6.201417545513581153e-01 -2.122816757405114052e-01 1.127798306480515128e-01 4.419724585618215462e-01 -8.899107010344501356e-01 6.456934375962311012e-01 6.481392984997690343e-01 4.037269305448040746e-01 1.594107173125453858e-01 -6.462938818909402805e-01 4.345306965224207674e-01
1.592833324957372904e+09 7.600603543647473925e-01 -6.215243465712099180e-01 -1.897781453944439312e-01 1.205761305763459884e-01 4.218388223886646582e-01 -8.986174963825217521e-01 6.385684415536834191e-01 6.601208182356109733e-01 3.955639655547344424e-01 1.580437646508565386e-01 -6.538778553469816179e-01 4.289266429169462103e-01
1.592833324957386971e+09 7.631629397970759454e-01 -6.239611461456898711e-01 -1.680916879207032255e-01 1.273955203236701861e-01 4.002895370209914039e-01 -9.074903129492857268e-01 6.335240396481175429e-01 6.711488469581556870e-01 3.849759946755227924e-01 1.566372619355460571e-01 -6.615535322973995491e-01 4.234588862253333419e-01
1.592833324957405090e+09 7.646033499528908095e-01 -6.274193332724670169e-01 -1.473997883442839663e-01 1.332116658984956736e-01 3.776121729570713348e-01 -9.163316534132155411e-01 6.305841493407084997e-01 6.809948804432522929e-01 3.723031069868679710e-01 1.551767244175334959e-01 -6.693256569142780332e-01 4.181436685560426803e-01
1.592833324957422972e+09 7.644839696619318836e-01 -6.318480954116239001e-01 -1.277976704867009317e-01 1.380341394353510887e-01 3.540938527150098714e-01 -9.249670912868165340e-01 6.296910643883889547e-01 6.894820722192429585e-01 3.579156822205697419e-01 1.536453672049703789e-01 -6.771981691376947055e-01 4.129988530925771117e-01
1.592833324957439899e+09 7.629270976869201304e-01 -6.371780039666018469e-01 -1.092997484138886755e-01 1.419083975739601211e-01 3.300020540699743488e-01 -9.332527263026878517e-01 6.307172507575119491e-01 6.964932416661998582e-01 3.421884188162038209e-01 1.520240840264410476e-01 -6.851736698642236778e-01 4.080437084136386283e-01
1.592833324957458973e+09 7.600673237929062021e-01 -6.433207425175049288e-01 -9.184816642810494924e-02 1.449114075733301532e-01 3.055687941221412740e-01 -9.410783156346061995e-01 6.334811341683443953e-01 7.019730296955211113e-01 3.254773698655843983e-01 1.502915474606652813e-01 -6.932528642171158495e-01 4.032986514667642464e-01
1.592833324957475901e+09 7.560461098694261084e-01 -6.501693747427236270e-01 -7.532638332717729590e-02 1.471436345396750778e-01 2.809797011225406704e-01 -9.483665739129322203e-01 6.377640869907682530e-01 7.059250610488378985e-01 3.081018948169020888e-01 1.484244365830691970e-01 -7.014340056102432719e-01 3.987849553927494406e-01
1.592833324957493067e+09 7.510085933342446340e-01 -6.575992983845719841e-01 -5.957562949249700646e-02 1.487185717378174121e-01 2.563685793877618635e-01 -9.550695985459779491e-01 6.433264173398343111e-01 7.084054731427714691e-01 2.903322345792804238e-01 1.463977917136855267e-01 -7.097123661417806817e-01 3.945244287521912918e-01
1.592833324957506895e+09 7.451020719959088323e-01 -6.654700879734396501e-01 -4.441243572711842114e-02 1.497511450752136430e-01 2.318173340792596959e-01 -9.611635231909595456e-01 6.499211467127685715e-01 7.095141194815642871e-01 2.723824836027446405e-01 1.441854896156763155e-01 -7.180797601731236934e-01 3.905390722659513592e-01
1.592833324957518101e+09 7.384754364996947151e-01 -6.736283514463639044e-01 -2.964580815948221482e-02 1.503463600538189893e-01 2.073606151212899484e-01 -9.666424093008223473e-01 6.573051055582364022e-01 7.093845357306964861e-01 2.544082914037175680e-01 1.417608264348228786e-01 -7.265241479171233863e-01 3.868507184517449016e-01
1.592833324957532883e+09 7.312788166020234293e-01 -6.819116475478987915e-01 -1.509296044001267462e-02 1.505894399254174287e-01 1.829941797724476960e-01 -9.715121980171783633e-01 6.652474074051123454e-01 7.081734499518353987e-01 2.365084602838357086e-01 1.390971918926545148e-01 -7.350293441663573457e-01 3.834806565001712131e-01
1.592833324957545042e+09 7.236628248005674280e-01 -6.901534356530624192e-01 -5.927774683280109813e-04 1.505384670703136529e-01 1.586857505100833787e-01 -9.757853261148081714e-01 6.735356605408864272e-01 7.060503296148583630e-01 2.187296186899259087e-01 1.361688138372563750e-01 -7.435748559633775789e-01 3.804492443110167876e-01
1.592833324957561970e+09 7.157769696247076041e-01 -6.981889342686929956e-01 1.398363138840173596e-02 1.502202299865278701e-01 1.343870399150031425e-01 -9.794763938704643680e-01 6.819803606728381817e-01 7.031872692780842815e-01 2.010732504425076783e-01 1.329515479580520854e-01 -7.521358708570639040e-01 3.777755102141596710e-01
1.592833324957580090e+09 7.077670343578144063e-01 -7.058616393740794193e-01 2.872579439582596816e-02 1.496296239349737267e-01 1.100456122323092284e-01 -9.825990733830891610e-01 6.904178450782825216e-01 6.997494618754229734e-01 1.835044682405728711e-01 1.294236830793029369e-01 -7.606834140836453706e-01 3.754767488184740376e-01
1.592833324957597971e+09 6.997715208438082257e-01 -7.130300335055388405e-01 4.368054558065512932e-02 1.487325546604587878e-01 8.561531801524072116e-02 -9.851642729256545605e-01 6.987119906546440662e-01 6.958866206113636377e-01 1.659619397068478608e-01 1.255667275789492110e-01 -7.691846879289622185e-01 3.735681191944574264e-01
1.592833324957616091e+09 6.919175723774015907e-01 -7.195737888026030316e-01 5.885266035465214207e-02 1.474718315050504991e-01 6.106422563466555598e-02 -9.871794261450121954e-01 7.067546476902246688e-01 6.917259015830290458e-01 1.483682752786145143e-01 1.213661360805459721e-01 -7.776035982438060934e-01 3.720622606553564693e-01
1.592833324957631111e+09 6.843169329783757027e-01 -7.253987383282070045e-01 7.420920292055886713e-02 1.457751204884364105e-01 3.637937816364385235e-02 -9.886486510559853169e-01 7.144647993910370198e-01 6.873668681137522496e-01 1.306401129529341232e-01 1.168119335149696014e-01 -7.859014612332361205e-01 3.709689452547633715e-01
1.592833324957642078e+09 6.770625628291524478e-01 -7.304399695432262085e-01 8.968688330018294297e-02 1.435637582319811700e-01 1.156821564545677458e-02 -9.895734555114643616e-01 7.217864874186771251e-01 6.828789258602105949e-01 1.126971129069032351e-01 1.118991948463000097e-01 -7.940378696351463317e-01 3.702947888524615316e-01
1.592833324957652092e+09 6.702264628775255195e-01 -7.346626231710537969e-01 1.052013246175971112e-01 1.407611649406922127e-01 -1.334296709061566499e-02 -9.899536654902434396e-01 7.286856544391190349e-01 6.783014045742926657e-01 9.446915702446562202e-02 1.066283434142364511e-01 -8.019716820565181425e-01 3.700430441265839532e-01
1.592833324957664967e+09 6.638590596083929762e-01 -7.380603361637934068e-01 1.206569073233623585e-01 1.372997684665676066e-01 -3.831272380600771188e-02 -9.897883152055303446e-01 7.351461913365028300e-01 6.736461055171781842e-01 7.590126446055654730e-02 1.010052418474371855e-01 -8.096620854808047607e-01 3.702134955976969510e-01
1.592833324957676888e+09 6.579901921192746750e-01 -7.406516754429495197e-01 1.359558857335054771e-01 1.331257443875754620e-01 -6.328928565175731547e-02 -9.890763381290419431e-01 7.411655977832177777e-01 6.689017581727962902e-01 5.695607638984673260e-02 9.504106605033532662e-02 -8.170696726609003591e-01 3.708024684263576121e-01
1.592833324957690954e+09 6.526315319504216728e-01 -7.424751569884886493e-01 1.510057114355446983e-01 1.282012678948759310e-01 -8.821550586682698480e-02 -9.878170172550261308e-01 7.467506401035652885e-01 6.640396568581753423e-01 3.761403576234577384e-02 8.875197085417732557e-02 -8.241574750908957636e-01 3.718029523537741410e-01
1.592833324957700968e+09 6.477799011363868376e-01 -7.435837205537004779e-01 1.657240185924758746e-01 1.225045611113342869e-01 -1.130331134071355520e-01 -9.860102169471773870e-01 7.519134473270361330e-01 6.590195489521593064e-01 1.787181830155354714e-02 8.215857117991638703e-02 -8.308918971476633164e-01 3.732048332540536806e-01
1.592833324957710981e+09 6.434209582483818579e-01 -7.440394030054752195e-01 1.800412102524865665e-01 1.160282601505361055e-01 -1.376858359881637794e-01 -9.836564713142951222e-01 7.566682981422453436e-01 6.537950576770927835e-01 -2.260355118939544328e-03 7.528527361759304593e-02 -8.372435057659951552e-01 3.749952182241102494e-01
1.592833324957726955e+09 6.395327282013175685e-01 -7.439087858101662842e-01 1.939010265084061546e-01 1.087768135601834552e-01 -1.621212959479696736e-01 -9.807569986371010851e-01 7.610292336508265310e-01 6.483181347868746114e-01 -2.276184739959058456e-02 6.815950026896169800e-02 -8.431876409503733516e-01 3.771588357632197352e-01
1.592833324957741976e+09 6.360886721884202455e-01 -7.432594774776178914e-01 2.072596207187034079e-01 1.007634767276333332e-01 -1.862918213650556210e-01 -9.773137056206980811e-01 7.650084463267430301e-01 6.425423772255171029e-01 -4.360470823045091426e-02 6.081085090032742335e-02 -8.487048260865335259e-01 3.796784885948935040e-01
1.592833324957753897e+09 6.330601023660421545e-01 -7.421576956572768502e-01 2.200837606370968091e-01 9.200740058185964687e-02 -2.101544442374231048e-01 -9.733292084126724530e-01 7.686153427497230961e-01 6.364252229774691738e-01 -6.475639358042629967e-02 5.327024963248772754e-02 -8.537809712133976880e-01 3.825355347850578625e-01
1.592833324957767010e+09 6.304178843160993528e-01 -7.406668346703183525e-01 2.323487277371113491e-01 8.253117114426161693e-02 -2.336704020859297071e-01 -9.688068688455749866e-01 7.718561375047251483e-01 6.299291891205268668e-01 -8.618189921312317814e-02 4.556911898969692037e-02 -8.584073757378416492e-01 3.857103730111020590e-01
1.592833324957777023e+09 6.281334840908247008e-01 -7.388467899325007471e-01 2.440363647031947580e-01 7.235900459183020050e-02 -2.568044377386740629e-01 -9.637508263840885991e-01 7.747338257092758473e-01 6.230223927447824384e-01 -1.078452479350572590e-01 3.773861815090413796e-02 -8.625805493845444261e-01 3.891829092731607931e-01
1.592833324957786083e+09 6.261794928493092938e-01 -7.367537651555415845e-01 2.551335579481950333e-01 6.151566126644335275e-02 -2.795241299442562943e-01 -9.581660004099860073e-01 7.772483941660492945e-01 6.156786096698960709e-01 -1.297103828649802670e-01 2.980897346834249922e-02 -8.663018774778667996e-01 3.929329868982145979e-01
1.592833324957798958e+09 6.245298149164110191e-01 -7.344403078444795563e-01 2.656312192137245676e-01 5.002596966798307510e-02 -3.017993827902745729e-01 -9.520580523529004191e-01 7.793971469790692552e-01 6.078770984808901101e-01 -1.517416241018916256e-01 2.180892066735960408e-02 -8.695771631311243199e-01 3.969407654394316309e-01
1.592833324957811117e+09 6.231596778957980698e-01 -7.319553923500821124e-01 2.755237187278665734e-01 3.791480634389231968e-02 -3.236021259920314752e-01 -9.454333036534905421e-01 7.811750657725324842e-01 5.996023413561580861e-01 -1.739038496331558326e-01 1.376526881002656036e-02 -8.724160796238717985e-01 4.011870400078370036e-01
1.592833324957828999e+09 6.220455825874809941e-01 -7.293444479508548461e-01 2.848086542818772382e-01 2.520736201222794140e-02 -3.449062207707166983e-01 -9.382986134050593785e-01 7.825751607123765385e-01 5.908437824108718761e-01 -1.961625414908531040e-01 5.702588312751631638e-03 -8.748315640319729303e-01 4.056534981167675413e-01
1.592833324957844019e+09 6.211652589903711164e-01 -7.266492914181222895e-01 2.934868454158650053e-01 1.192956351091152035e-02 -3.656875444185854751e-01 -9.306612195183352476e-01 7.835887994467164441e-01 5.815955873588816161e-01 -2.184837893484768701e-01 -2.356980627294594580e-03 -8.768391825567385389e-01 4.103229141537156899e-01
1.592833324957859993e+09 6.204976726120478014e-01 -7.239079867419876413e-01 3.015623735504548986e-01 -1.891523681105459348e-03 -3.859241717250486703e-01 -9.225285664738570590e-01 7.842060064179596779e-01 5.718564159876610153e-01 -2.408343394399576343e-01 -1.039380826685377610e-02 -8.784564983227930446e-01 4.151792832677795864e-01
1.592833324957968950e+09 6.200230732595886085e-01 -7.211546709841248903e-01 3.090426010612503105e-01 -1.622736792596861724e-02 -4.055966065455231528e-01 -9.139081274574387681e-01 7.844157451486613031e-01 5.616291778152460168e-01 -2.631816966492535048e-01 -1.839075815137686601e-02 -8.797024679097944500e-01 4.202078995884508950e-01
1.592833324958014965e+09 6.197230577553125563e-01 -7.184193574773284352e-01 3.159382196181049762e-01 -3.104766784137736463e-02 -4.246880746048802280e-01 -9.048072069528524386e-01 7.842062063575321318e-01 5.509207440161906222e-01 -2.854942377434494527e-01 -2.633308959498610949e-02 -8.805968872059741770e-01 4.253953859865987064e-01
1.592833324958039999e+09 6.195806467076601098e-01 -7.157277806687979416e-01 3.222631941929213761e-01 -4.632019327091944916e-02 -4.431847849474105927e-01 -8.952327553381147496e-01 7.835650974889325493e-01 5.397415960136611179e-01 -3.077413647716605305e-01 -3.420829856046793405e-02 -8.811599026889784803e-01 4.307296832303807999e-01
1.592833324958060980e+09 6.195803549176265301e-01 -7.131013378304289496e-01 3.280345498751469080e-01 -6.201081012948890525e-02 -4.610760979556690065e-01 -8.851912174580527370e-01 7.824799315701340685e-01 5.281054004420553394e-01 -3.298936840493820744e-01 -4.200591574655506560e-02 -8.814115973206495536e-01 4.362000073342492401e-01
1.592833324958081961e+09 6.197082287190750494e-01 -7.105571292845958009e-01 3.332720771500221613e-01 -7.808361434014834956e-02 -4.783546138665084047e-01 -8.746884089251516503e-01 7.809383205560318508e-01 5.160285161824250677e-01 -3.519231592768907735e-01 -4.971727902911945995e-02 -8.813716534884959986e-01 4.417967841374552118e-01
1.592833324958102942e+09 6.199518392179682591e-01 -7.081080845483799235e-01 3.379980144537427789e-01 -9.450112094173504507e-02 -4.950161970602290906e-01 -8.637294153452195200e-01 7.789282735112237344e-01 5.035294483380391428e-01 -3.738032095139804944e-01 -5.733529473311849145e-02 -8.810590904168310589e-01 4.475115694204482852e-01
1.592833324958123922e+09 6.203002302912905552e-01 -7.057631558423304030e-01 3.422367488789539447e-01 -1.112244731275070508e-01 -5.110599492886754858e-01 -8.523185114464988388e-01 7.764384978625453737e-01 4.906282668042081796e-01 -3.955087393615865365e-01 -6.485419942980580332e-02 -8.804920707920117495e-01 4.533369613110058705e-01
1.592833324958142996e+09 6.207438257303909968e-01 -7.035275615642782032e-01 3.460145561449811114e-01 -1.282136539894959404e-01 -5.264881388261468675e-01 -8.404590999863422729e-01 7.734587007941023939e-01 4.773460064712104489e-01 -4.170161008086198384e-01 -7.226933076880255602e-02 -8.796877685458134311e-01 4.592665106104080186e-01
1.592833324958162069e+09 6.212743023435678413e-01 -7.014030691641836013e-01 3.493593793527892122e-01 -1.454277013606693758e-01 -5.413060823340689609e-01 -8.281536747783619923e-01 7.699798861082370882e-01 4.637040649971529982e-01 -4.383029946915730779e-01 -7.957691352070568602e-02 -8.786622897342640792e-01 4.652946328141671639e-01
1.592833324958182096e+09 6.218844358091594193e-01 -6.993883060114342021e-01 3.523006472318341853e-01 -1.628249238778667340e-01 -5.555219794843809789e-01 -8.154038107696901516e-01 7.659946427686672443e-01 4.497236127049311083e-01 -4.593483204356640925e-01 -8.677386569158412888e-02 -8.774306397229251209e-01 4.714165236554336280e-01
1.592833324958200932e+09 6.225679306605799157e-01 -6.974791569241588496e-01 3.548689863830838953e-01 -1.803632279355844026e-01 -5.691466022886526588e-01 -8.022102288401398162e-01 7.614973918606404713e-01 4.354250462023402379e-01 -4.801320145448234600e-01 -9.385762798130811713e-02 -8.760067295543405574e-01 4.776280791311262597e-01
1.592833324958220005e+09 6.233192462277968859e-01 -6.956693004440692718e-01 3.570957040190483323e-01 -1.980006318281886113e-01 -5.821927567643083723e-01 -7.885729794449108931e-01 7.564845452272682680e-01 4.208275400826423929e-01 -5.006349112896779641e-01 -1.008260175822840027e-01 -8.744034129704771896e-01 4.839258209545431177e-01
1.592833324958240032e+09 6.241334234868403108e-01 -6.939507884100243329e-01 3.590122185648999542e-01 -2.156958074081897769e-01 -5.946746507426943218e-01 -7.744916904488998721e-01 7.509545848081696784e-01 4.059487198290583909e-01 -5.208386011870440591e-01 -1.076771052558267300e-01 -8.726325452063424803e-01 4.903068283064603849e-01
1.592833324958266020e+09 6.250059400183798353e-01 -6.923147565727095776e-01 3.606492103146776707e-01 -2.334087980758739744e-01 -6.066070365678213339e-01 -7.599659441784171188e-01 7.449079862742077340e-01 3.908045305779951906e-01 -5.407253562820557580e-01 -1.144091141960352220e-01 -8.707050567735257207e-01 4.967686758553029325e-01
1.592833324958287001e+09 6.259326242105115456e-01 -6.907522944568582624e-01 3.620353819431431641e-01 -2.511019504871016550e-01 -6.180040918893694446e-01 -7.449958073797330327e-01 7.383469106757675204e-01 3.754093901506898034e-01 -5.602781713970086397e-01 -1.210203395389979758e-01 -8.686310376293908675e-01 5.033093771807580774e-01
1.592833324958303928e+09 6.269096557729749719e-01 -6.892554011580555029e-01 3.631959190302767038e-01 -2.687409437823143343e-01 -6.288781559629469387e-01 -7.295824629412673845e-01 7.312746329040492599e-01 3.597766766069461775e-01 -5.794809352363953225e-01 -1.275090866106327325e-01 -8.664198271683172248e-01 5.099273330216476108e-01
1.592833324958321095e+09 6.279336623377027582e-01 -6.878178714247438208e-01 3.641509186849370971e-01 -2.862956890667373577e-01 -6.392385637288083844e-01 -7.137288261010226176e-01 7.236947521032521813e-01 3.439195174665470311e-01 -5.983187038239138333e-01 -1.338736244437153389e-01 -8.640801048725091915e-01 5.166212845844250223e-01
1.592833324958340883e+09 6.290019068751853126e-01 -6.864359854742324574e-01 3.649140160648659537e-01 -3.037409256070477959e-01 -6.490907781986976488e-01 -6.974400418047378425e-01 7.156102649886391109e-01 3.278517951875312142e-01 -6.167780387602507242e-01 -1.401121511632185956e-01 -8.616199780095085137e-01 5.233902719505899581e-01
1.592833324958359003e+09 6.301125658131807583e-01 -6.851089928691251885e-01 3.654912070370122668e-01 -3.210565085084804426e-01 -6.584358472645025495e-01 -6.807238452744492907e-01 7.070225405520055295e-01 3.115893179036744454e-01 -6.348474022798308303e-01 -1.462227683598903705e-01 -8.590470643120048377e-01 5.302335973378925482e-01
1.592833324958378077e+09 6.312651062814014225e-01 -6.838394382676956651e-01 3.658797458024188876e-01 -3.382274492494951046e-01 -6.672701238801475032e-01 -6.635908185734370468e-01 6.979301958414485529e-01 2.951511554304278029e-01 -6.525176145074854661e-01 -1.522034637996722284e-01 -8.563685700302163806e-01 5.371507918714300001e-01
1.592833324958396912e+09 6.324607380208405738e-01 -6.826332923446881695e-01 3.660672112768015851e-01 -3.552436316334477429e-01 -6.755853136085050448e-01 -6.460545227488068143e-01 6.883279575531323635e-01 2.785610746763222956e-01 -6.697823158218230155e-01 -1.580521015469855961e-01 -8.535913632394036554e-01 5.441415850108235475e-01
1.592833324958415031e+09 6.337028907406174749e-01 -6.814998445417088657e-01 3.660308843305453697e-01 -3.720991187443163373e-01 -6.833689182740795287e-01 -6.281314890295095488e-01 6.782056415289334783e-01 2.618489708451334774e-01 -6.866383504636273116e-01 -1.637664183723125944e-01 -8.507220420729423305e-01 5.512058761316455113e-01
1.592833324958434105e+09 6.349976289745570268e-01 -6.804512999513767646e-01 3.657376651622876729e-01 -3.887909605807944313e-01 -6.906051597534377251e-01 -6.098410468609039015e-01 6.675474517022106369e-01 2.450521206252617989e-01 -7.030859534684829049e-01 -1.693440261722752582e-01 -8.477669981520865594e-01 5.583437074852191095e-01
1.592833324958453894e+09 6.363540122115207698e-01 -6.795022241565531473e-01 3.651442162157116922e-01 -4.053177228843496960e-01 -6.972761507522626800e-01 -5.912051363543490146e-01 6.563315585637577998e-01 2.282163382961872045e-01 -7.191287702697533035e-01 -1.747824205654784080e-01 -8.447324755294677301e-01 5.655552377426220634e-01
1.592833324958472967e+09 6.377843335203358111e-01 -6.786688212573280810e-01 3.641974397169746025e-01 -4.216777373804375117e-01 -7.033633238928520548e-01 -5.722481284756856246e-01 6.445300844989275690e-01 2.113969388682364892e-01 -7.347736416575402218e-01 -1.800789963158788143e-01 -8.416246254338589639e-01 5.728407152753806075e-01
1.592833324958491087e+09 6.393041548369495786e-01 -6.779680322345615906e-01 3.628354241297277460e-01 -4.378671111528566473e-01 -7.088491217877601613e-01 -5.529966687559556560e-01 6.321096350248469609e-01 1.946593689405107797e-01 -7.500300923657502450e-01 -1.852310704538503161e-01 -8.384495568319975112e-01 5.802004504083412284e-01
1.592833324958511114e+09 6.409320427420652777e-01 -6.774164470161688767e-01 3.609890220292894525e-01 -4.538775844334301812e-01 -7.137189348813578471e-01 -5.334795408302981379e-01 6.190325153412437054e-01 1.780793065229773209e-01 -7.649094754285158393e-01 -1.902359135486697272e-01 -8.352133822752166870e-01 5.876347862637806285e-01
1.592833324958530903e+09 6.426889618211765187e-01 -6.770290873576235713e-01 3.585840394553431176e-01 -4.696944521850515142e-01 -7.179631653690042858e-01 -5.137275687596642992e-01 6.052586389769010200e-01 1.617421038356329221e-01 -7.794238075991724024e-01 -1.950907888207968899e-01 -8.319222580182031868e-01 5.951440683196325132e-01
1.592833324958549976e+09 6.445972858355017987e-01 -6.768181108397215429e-01 3.555440676766302155e-01 -4.852947750530237636e-01 -7.215793035122591847e-01 -4.937735211539896474e-01 5.907481024245226919e-01 1.457413931952406816e-01 -7.935843533318149845e-01 -1.997929982140792815e-01 -8.285824172552876954e-01 6.027286131495882548e-01
1.592833324958568096e+09 6.466795365161044362e-01 -6.767915748139138321e-01 3.517936063083129672e-01 -5.006462013690436974e-01 -7.245737549324757776e-01 -4.736520398579645574e-01 5.754641241872615609e-01 1.301769489292075310e-01 -8.074001509800511345e-01 -2.043399334731247352e-01 -8.252001952174221611e-01 6.103886773539073385e-01
1.592833324958589077e+09 6.489569481132437812e-01 -6.769523448129346477e-01 3.472612884774284869e-01 -5.157065861677914143e-01 -7.269632555641717397e-01 -4.533995392438268102e-01 5.593760779667045213e-01 1.151518476643915156e-01 -8.208766383810681688e-01 -2.087291296210208869e-01 -8.217820451883875998e-01 6.181244279530485608e-01
1.592833324958621979e+09 6.514480533287075881e-01 -6.772972528330160058e-01 3.418828238538409448e-01 -5.304245214679224052e-01 -7.287756858783356329e-01 -4.330540691898627781e-01 5.424622207717912925e-01 1.007691971102266798e-01 -8.340145730206609542e-01 -2.129583177231258728e-01 -8.183345450038322921e-01 6.259359156636227217e-01
1.592833324958643913e+09 6.541674702720475798e-01 -6.778165623629507364e-01 3.356033801253069937e-01 -5.447407202413591110e-01 -7.300501978080831122e-01 -4.126551302663223897e-01 5.247117958231188872e-01 8.712873564882472888e-02 -8.468093733598216488e-01 -2.170254731541197968e-01 -8.148643941988885642e-01 6.338230526517295571e-01
1.592833324958662987e+09 6.571250054162398602e-01 -6.784937510884129219e-01 3.283792885032044140e-01 -5.585900624509491097e-01 -7.308366706046434125e-01 -3.922434233666335923e-01 5.061263375058910885e-01 7.432355442563848280e-02 -8.592509178360828725e-01 -2.209288566006786803e-01 -8.113784029017420130e-01 6.417855957205959028e-01
1.592833324958681107e+09 6.603251579840863084e-01 -6.793056003540332011e-01 3.201789924216250638e-01 -5.719040416163122531e-01 -7.311945671373222266e-01 -3.718605549337048455e-01 4.867200972302815898e-01 6.243721987328838124e-02 -8.713237863093024060e-01 -2.246670453156159875e-01 -8.078834741331151204e-01 6.498231356310449902e-01
1.592833324958698988e+09 6.637671441414515483e-01 -6.802225507335396548e-01 3.109830541348635458e-01 -5.846132870359981304e-01 -7.311913098037546854e-01 -3.515488205530587495e-01 4.665195420485219735e-01 5.154173115087465340e-02 -8.830079087406563776e-01 -2.282389532468182269e-01 -8.043865816628305021e-01 6.579350926428094715e-01
1.592833324958719015e+09 6.674453044102353072e-01 -6.812092293467125748e-01 3.007835627170724058e-01 -5.966498776297172180e-01 -7.309004112338906012e-01 -3.313510412332889010e-01 4.455622170710994978e-01 4.169622069181829621e-02 -8.942794507090301437e-01 -2.316438404462294043e-01 -8.008947457327715291e-01 6.661207175288750282e-01
1.592833324958738089e+09 6.713497689487348818e-01 -6.822250814396105811e-01 2.895831937706084824e-01 -6.079492807030445478e-01 -7.303995342675521085e-01 -3.113104440557774577e-01 4.238952228599562888e-01 3.294630032995517210e-02 -9.051118060178064972e-01 -2.348813134033508054e-01 -7.974150086602324050e-01 6.743790968212389769e-01
1.592833324958755970e+09 6.754673156029612491e-01 -6.832250450716659262e-01 2.773940220447053129e-01 -6.184518116434166712e-01 -7.297686144064445823e-01 -2.914706267294965847e-01 4.015734831480341493e-01 2.532404634060272594e-02 -9.154766137761430889e-01 -2.379513184391251757e-01 -7.939544118052733745e-01 6.827091609426310104e-01
1.592833324958779097e+09 6.797822823687025284e-01 -6.841602268994522174e-01 2.642363196717597007e-01 -6.281036190396503960e-01 -7.290881440261453017e-01 -2.718755636934225284e-01 3.786580151925389992e-01 1.884840254004678528e-02 -9.253447170184061488e-01 -2.408541297985002938e-01 -7.905199749076585736e-01 6.911096942106450536e-01
1.592833324958797932e+09 6.842774621130635060e-01 -6.849785528965000037e-01 2.501374363087431330e-01 -6.368572403817838179e-01 -7.284376657655539100e-01 -2.525696391317483469e-01 3.552143160996186211e-01 1.352587426849374830e-02 -9.346870280606723869e-01 -2.435903337231569987e-01 -7.871186784707201456e-01 6.995793459395931446e-01
1.592833324958817005e+09 6.889349614503582631e-01 -6.856253637312235139e-01 2.351307713316352077e-01 -6.446717712636096387e-01 -7.278945052403226201e-01 -2.335977241340285726e-01 3.313109210000809157e-01 9.351468239036250796e-03 -9.434752904711344312e-01 -2.461608102776393359e-01 -7.837574494589083507e-01 7.081166417404893831e-01
1.592833324958836079e+09 6.937369832409802095e-01 -6.860439407822934710e-01 2.192548962436051407e-01 -6.515127258021291556e-01 -7.275327472864491218e-01 -2.150052787433907042e-01 3.070181856993993152e-01 6.309758360325797358e-03 -9.516827310932055584e-01 -2.485667141017690318e-01 -7.804431503376217938e-01 7.167199944533997336e-01
