1.592830853797053099e+09 3.554859559636584510e-01 -9.234884925995241467e-01 -1.442177021123274006e-01 -9.051124729503498001e-01 -3.016145179542870092e-01 -2.996666461553653127e-01 2.332405461976597150e-01 2.370605241493982385e-01 -9.430806751475151462e-01 -5.763061931637865065e-01 -2.420536280994469436e-01 3.424263997863692954e-01
1.592830853797096968e+09 3.061744854096907220e-01 -9.510301847137399012e-01 -4.241201136538823996e-02 -9.263630479266562467e-01 -2.873764354605412019e-01 -2.434466938142113013e-01 2.193369411413872982e-01 1.138260857109405222e-01 -9.689865493431263355e-01 -5.817648373112549454e-01 -2.567865579126102915e-01 3.435892497434150372e-01
1.592830853797113895e+09 2.291568563988163332e-01 -9.721066211066682339e-01 4.995857139410393721e-02 -9.508352495544982741e-01 -2.345365387947316027e-01 -2.022497098716883601e-01 2.083253921385181395e-01 -1.155463202378178254e-03 -9.780588940605964288e-01 -5.864272288564380542e-01 -2.716894036021125780e-01 3.456810270676372587e-01
1.592830853797127962e+09 1.369012618042547980e-01 -9.815713671859989109e-01 1.333255496813451901e-01 -9.714401821016641625e-01 -1.593671103320770943e-01 -1.758013133561175112e-01 1.938092427670604911e-01 -1.054503745019980260e-01 -9.753554225480594031e-01 -5.902825305367510600e-01 -2.866743772261912682e-01 3.486467397276066249e-01
1.592830853797138929e+09 3.839521126396202438e-02 -9.767261009463724664e-01 2.110259182320036175e-01 -9.843569950219268616e-01 -7.330913861888861682e-02 -1.602094931898262742e-01 1.719509216368663995e-01 -2.015735609106446280e-01 -9.642618858208138466e-01 -5.933275696185746906e-01 -3.016624320789599856e-01 3.524275049977186880e-01
1.592830853797149897e+09 -5.967548029177194291e-02 -9.561163852641670902e-01 2.868454317795138264e-01 -9.882101510020474544e-01 1.599726372588414561e-02 -1.522655257878793855e-01 1.409948219025335403e-01 -2.925500849651092028e-01 -9.457985580124380620e-01 -5.955657498336932587e-01 -3.165834266618041126e-01 3.569621171479575583e-01
1.592830853797159910e+09 -1.518959302430854252e-01 -9.190730266240256796e-01 3.636377388931607557e-01 -9.832583507722687521e-01 1.030431664595701929e-01 -1.502834887874875403e-01 1.006511167717013405e-01 -3.803772924894813223e-01 -9.193380620897845246e-01 -5.970059616157121773e-01 -3.313759929710746177e-01 3.621883977877184413e-01
1.592830853797169924e+09 -2.339137831542513757e-01 -8.656825089803306117e-01 4.425812274679078451e-01 -9.708714836642763357e-01 1.836798755891992374e-01 -1.538514581971889283e-01 5.189325168879616729e-02 -4.656774679325299537e-01 -8.834317125027612017e-01 -5.976615419983628552e-01 -3.459871768561675331e-01 3.680443141987464473e-01
1.592830853797179937e+09 -3.032376502888681213e-01 -7.968527467583609303e-01 5.225635222368496535e-01 -9.529093756921377389e-01 2.554523092201035905e-01 -1.634253505759648006e-01 -3.264118550530143922e-03 -5.475123970231350334e-01 -8.367912075493809665e-01 -5.975493194774385008e-01 -3.603719164779404793e-01 3.744688693677080682e-01
1.592830853797190905e+09 -3.606110392193059844e-01 -7.142271154586388171e-01 5.998660795465557971e-01 -9.305864730408532903e-01 3.189450592422076181e-01 -1.796743476868681022e-01 -6.299603046002155704e-02 -6.230198101529593746e-01 -7.796651978586937037e-01 -5.966887646894983854e-01 -3.744924179683920551e-01 3.814027802394583389e-01
1.592830853797200918e+09 -4.100118956085798683e-01 -6.200712841706264022e-01 6.688810473172340787e-01 -9.030169410038916267e-01 3.791013463088239166e-01 -2.020954708179847348e-01 -1.282601064380602118e-01 -6.868724617057072601e-01 -7.153709323809744891e-01 -5.951012569160593069e-01 -3.883174781441127710e-01 3.887889678251506553e-01
1.592830853797210932e+09 -4.490687973312185721e-01 -5.155600379042101222e-01 7.297500051616671035e-01 -8.716196303565624248e-01 4.324021279713090582e-01 -2.308844419646004509e-01 -1.965106621920314489e-01 -7.397474255737144233e-01 -6.435505500352685093e-01 -5.931392079026541753e-01 -4.019777534960283227e-01 3.963886703076626161e-01
1.592830853797221899e+09 -4.774827879456896573e-01 -4.024491251056135366e-01 7.810537090182010367e-01 -8.372261343710378778e-01 4.780939665677081951e-01 -2.654779932424075062e-01 -2.665756781752684490e-01 -7.806797468497923553e-01 -5.652225624590063724e-01 -5.908172297012349583e-01 -4.154743582326271278e-01 4.041770151035642966e-01
1.592830853797231913e+09 -4.951498580367001967e-01 -2.826350505889103637e-01 8.215497877296242812e-01 -8.006599253209785161e-01 5.155584786096623073e-01 -3.051936188012903672e-01 -3.372985429332189811e-01 -8.088985655383631457e-01 -4.815732634333964590e-01 -5.881487874017489181e-01 -4.288092177901060009e-01 4.121312072762625123e-01
1.592830853797241926e+09 -5.021462536446279490e-01 -1.581235556577518242e-01 8.502035571265070812e-01 -7.627219558614213302e-01 5.443198560624686877e-01 -3.492436372811870693e-01 -4.075590299945106576e-01 -8.238403007813515089e-01 -3.939324819397499455e-01 -5.851461644871548406e-01 -4.419848056756977561e-01 4.202303662662638106e-01
1.592830853797251940e+09 -4.987105973352581323e-01 -3.099663903163392409e-02 8.662141513090186873e-01 -7.241796402025029167e-01 5.640491901826734100e-01 -3.967522723422962638e-01 -4.762894011921053883e-01 -8.251592118760194827e-01 -3.037444416232134570e-01 -5.818204615617724729e-01 -4.550039332237514333e-01 4.284553437606462012e-01
1.592830853797261953e+09 -4.852250893795198583e-01 9.662136179020949789e-02 8.690344829385041603e-01 -6.857590667125754713e-01 5.745664375480465935e-01 -4.467750184412463965e-01 -5.424860549833750989e-01 -8.127347209496487146e-01 -2.125350746588822726e-01 -5.781816206102157185e-01 -4.678695859446561078e-01 4.367885336323482637e-01
1.592830853797272921e+09 -4.621976070061502018e-01 2.225984282972689188e-01 8.583841326883464573e-01 -6.481408475829626425e-01 5.758390297721479589e-01 -4.983200370483232833e-01 -6.052163402335518638e-01 -7.866761447716150712e-01 -1.218762864972509907e-01 -5.742384691250494999e-01 -4.805848001811684478e-01 4.452136817098685251e-01
1.592830853797283888e+09 -4.302470803173277791e-01 3.448300194270607077e-01 8.342539871250832517e-01 -6.119594176211021752e-01 5.679766675566377820e-01 -5.503709495734946389e-01 -6.636212215499345257e-01 -7.473250752003872677e-01 -3.334832430713348395e-02 -5.699987812275477683e-01 -4.931525747745538202e-01 4.537157005962984546e-01
1.592830853797293901e+09 -3.900941075272051917e-01 4.612743658528438706e-01 7.969018472392699337e-01 -5.778045158018106919e-01 5.512227350829778105e-01 -6.019098301946965712e-01 -7.169159876385636787e-01 -6.952549611390050899e-01 5.149767109888273020e-02 -5.654693519378670707e-01 -5.055758119501304604e-01 4.622804939524053913e-01
1.592830853797303915e+09 -3.425570855576455243e-01 5.699873244186192123e-01 7.468394074967564800e-01 -5.462226555576668030e-01 5.259435398009074669e-01 -6.519388079686265769e-01 -7.643922148630784008e-01 -6.312668598249677743e-01 1.311743038564616715e-01 -5.606560780297882296e-01 -5.178572803985946882e-01 4.708947939169383923e-01
1.592830853797313929e+09 -2.885521345208127419e-01 6.691560626459502892e-01 6.848122640121176996e-01 -5.177164901285208343e-01 4.926163841718605996e-01 -6.994989204657711124e-01 -8.054236809813105635e-01 -5.563805059656586893e-01 2.042876186769505553e-01 -5.555640402353794194e-01 -5.299995944579168894e-01 4.795460133239926037e-01
1.592830853797324896e+09 -2.290942279450917107e-01 7.571308396678766428e-01 6.117750679782636425e-01 -4.927409792457672078e-01 4.518164565454900750e-01 -7.436855671619101438e-01 -8.394773173816508782e-01 -4.718207148885998348e-01 2.695608485156981704e-01 -5.501975833758688816e-01 -5.420052046247267885e-01 4.882221128013868316e-01
1.592830853797334909e+09 -1.652970148045663223e-01 8.324541592188157146e-01 5.288638550229579627e-01 -4.716960238539436023e-01 4.042020671473927629e-01 -7.836603574460601074e-01 -8.661291833378979010e-01 -3.789996936119420234e-01 3.258519210642554786e-01 -5.445603958482911899e-01 -5.538763975474666479e-01 4.969114817206014556e-01
1.592830853797344923e+09 -9.836817838502684430e-02 8.938863950906336120e-01 4.373680619419229587e-01 -4.549152887733246553e-01 3.504988312589603083e-01 -8.186590591722037180e-01 -8.850851855866014306e-01 -2.794954172876341625e-01 3.721646549836891138e-01 -5.386555887168272827e-01 -5.656153035310413912e-01 5.056028323574921490e-01
1.592830853797355890e+09 -2.959696057875991354e-02 9.404270308884813412e-01 3.387049260824609442e-01 -4.426515674837518399e-01 2.914837534165991006e-01 -8.479957648105803658e-01 -8.962051182346072453e-01 -1.750263627987584669e-01 4.076544649875883941e-01 -5.324857738988207911e-01 -5.772239095842567336e-01 5.142851066826517048e-01
1.592830853797369957e+09 3.966944219896631485e-02 9.713308003105139976e-01 2.343988463655696797e-01 -4.350598266397391334e-01 2.279706900422572013e-01 -8.710638998168788172e-01 -8.995272574241715002e-01 -6.742290199835367093e-02 4.316304784023651808e-01 -5.260531423874644785e-01 -5.887040770874751860e-01 5.229473952244818591e-01
1.592830853797380924e+09 1.080603597247668662e-01 9.861188419313400289e-01 1.260658387426883964e-01 -4.321801403765980210e-01 1.607963152269283880e-01 -8.873358310762834433e-01 -8.952895002338926433e-01 4.140267722348970475e-02 4.435566858231992371e-01 -5.193595438654117213e-01 -6.000575636379924527e-01 5.315788677997600464e-01
1.592830853797390938e+09 1.742270707388202389e-01 9.845850285168856741e-01 1.540314565029970995e-02 -4.339223518695706772e-01 9.080761510838003536e-02 -8.963623014298632841e-01 -8.839436208091976388e-01 1.494868084821475152e-01 4.430545945697135224e-01 -5.124065695147688171e-01 -6.112860490795459789e-01 5.401687164138700981e-01
1.592830853797400951e+09 2.368980563989127042e-01 9.667980135779382644e-01 -9.581711365889351850e-02 -4.400546428631960660e-01 1.885198578016400450e-02 -8.977730892408291030e-01 -8.661588922868864726e-01 2.548454648032175140e-01 4.299099520020114307e-01 -5.051956397242302055e-01 -6.223911658581253725e-01 5.487061112000725105e-01
1.592830853797411919e+09 2.949415172319633238e-01 9.330998470480655893e-01 -2.057527261193285439e-01 -4.501985047354427061e-01 -5.422904826126727362e-02 -8.912802715739763793e-01 -8.428112555066090694e-01 3.555051239547987740e-01 4.040857568413447343e-01 -4.977280972013313765e-01 -6.333745334260418858e-01 5.571801705804646510e-01
1.592830853797421932e+09 3.474300749011253742e-01 8.841022813464431973e-01 -3.124988105992795306e-01 -4.638324847108986626e-01 -1.276025901922526185e-01 -8.766852405176411844e-01 -8.149550748376725995e-01 4.495339169161690629e-01 3.657423792604791446e-01 -4.900053044088805709e-01 -6.442377957937168720e-01 5.655799467121152002e-01
1.592830853797431946e+09 3.937013202796562084e-01 8.206816158885683610e-01 -4.141025998545954101e-01 -4.803067039729868037e-01 -2.004438592834662525e-01 -8.538897676120074109e-01 -7.837759536517087122e-01 5.350737817221496995e-01 3.152638689093596458e-01 -4.820287432436737296e-01 -6.549826609831133073e-01 5.738944269054632175e-01
1.592830853797446966e+09 4.334057116837768953e-01 7.439726011175723519e-01 -5.085904691596017102e-01 -4.988685810355983352e-01 -2.719346686245694422e-01 -8.229104937317950341e-01 -7.505262374520972335e-01 6.103739115517906599e-01 2.532865165020656839e-01 -4.738001132333699017e-01 -6.656109404800447660e-01 5.821125507749997929e-01
1.592830853797465086e+09 4.665346008733501360e-01 6.553608877983467806e-01 -5.940097477195621645e-01 -5.186989914299136029e-01 -3.412626218801136369e-01 -7.838948813683077610e-01 -7.164473656989914785e-01 6.738263400699394667e-01 1.807242099435271421e-01 -4.653214238643156309e-01 -6.761245865769396346e-01 5.902232418170131334e-01
1.592830853797486067e+09 4.934224394754363474e-01 5.564727525682614528e-01 -6.684851376993830030e-01 -5.389561365479407229e-01 -4.076234872976227663e-01 -7.371359313715311057e-01 -6.826863002876228936e-01 7.240035738492303086e-01 9.878382915197178593e-02 -4.565950763784552002e-01 -6.865257254513840168e-01 5.982154509307341383e-01
1.592830853797504902e+09 5.147207341391754065e-01 4.491601689422123900e-01 -7.302860507614690189e-01 -5.588231803074371618e-01 -4.702283882967522310e-01 -6.830826610515398079e-01 -6.502147527143532502e-01 7.596975792571244446e-01 8.964813007733996031e-03 -4.476239299998149290e-01 -6.968166837046927409e-01 6.060782079363149499e-01
1.592830853797524929e+09 5.313451538067951452e-01 3.354790909089441220e-01 -7.778985245793265113e-01 -5.775553638735971829e-01 -5.283162397199099303e-01 -6.223437621985006274e-01 -6.197597397126481944e-01 7.799588044415906030e-01 -8.696052468874267138e-02 -4.384113498143362708e-01 -7.070000071440936118e-01 6.138006769004514807e-01
1.592830853797538996e+09 5.444004829558910519e-01 2.176592947984076210e-01 -8.100941630446448771e-01 -5.945221837452964175e-01 -5.811711494713318604e-01 -5.556828896908984072e-01 -5.917528986759141851e-01 7.841329813258747228e-01 -1.869865742625252403e-01 -4.289612344602792837e-01 -7.170784710110367222e-01 6.213722106106938092e-01
1.592830853797549963e+09 5.550911750742947293e-01 9.806540719836144560e-02 -8.259884809846985698e-01 -6.092399659740446172e-01 -6.281443729396324338e-01 -4.840054921615594141e-01 -5.663042090764575098e-01 7.718923684399001672e-01 -2.889320314110493393e-01 -4.192780238002991600e-01 -7.270550817436611801e-01 6.287823999775006278e-01
1.592830853797559977e+09 5.646265635260804272e-01 -2.085067611500358853e-02 -8.250830870403462747e-01 -6.213932857539266053e-01 -6.686781608135645705e-01 -4.083379819576669068e-01 -5.432009152030302657e-01 7.432595591063382301e-01 -3.905099204481600195e-01 -4.093666893834272402e-01 -7.369330715066642057e-01 6.360211156900380525e-01
1.592830853797569990e+09 5.741288411774920775e-01 -1.366048115849549938e-01 -8.072888000175527656e-01 -6.308447023457738334e-01 -7.023292119604849226e-01 -3.298009178088631699e-01 -5.219301116382396577e-01 6.986220788198322929e-01 -4.894038761590849829e-01 -3.992327119606219332e-01 -7.467158873322037316e-01 6.430785410680227576e-01
1.592830853797585011e+09 5.845508443987686986e-01 -2.467409246910400866e-01 -7.729289966413787072e-01 -6.376327751750714423e-01 -7.287901227827990880e-01 -2.495784581952171233e-01 -5.017217960239382935e-01 6.387361571773045865e-01 -5.833449797141222470e-01 -3.888820505052079102e-01 -7.564071767707620797e-01 6.499451962437127195e-01
1.592830853797602892e+09 5.966084661894668351e-01 -3.488944008252841678e-01 -7.227247350115871827e-01 -6.419599556142644436e-01 -7.479070134353774657e-01 -1.688861168960842929e-01 -4.816074748363067259e-01 5.647192238345500881e-01 -6.701838873490513215e-01 -3.783211060417431826e-01 -7.660107714371101606e-01 6.566119539543678885e-01
1.592830853797621965e+09 6.107307421065300002e-01 -4.408560463639756288e-01 -6.577643305045375310e-01 -6.441720126693344373e-01 -7.596922574043279974e-01 -8.893873156160453375e-02 -4.604892889041395931e-01 4.780309883987136632e-01 -7.479545396505693500e-01 -3.675566827723012464e-01 -7.755306694789685373e-01 6.630700473105767268e-01
1.592830853797640085e+09 6.270293008703675675e-01 -5.206339417377270351e-01 -5.794605784817516980e-01 -6.447306569879189819e-01 -7.643318201574343940e-01 -1.092036964034474866e-02 -4.372146410551424611e-01 3.804433898419442572e-01 -8.149271066919909767e-01 -3.565959492828745803e-01 -7.849710181116515972e-01 6.693110709378227163e-01
1.592830853797657013e+09 6.452871630996654950e-01 -5.865108954757014548e-01 -4.894991870073203133e-01 -6.441814860443860757e-01 -7.621868244947340720e-01 6.404266892168024305e-02 -4.106515516340303318e-01 2.740004006461829178e-01 -8.696488302959309857e-01 -3.454464015357744944e-01 -7.943360969042622122e-01 6.753269766129543772e-01
