1.583561771403844118e+09 -2.056591978928729858e-01 8.530373173642050166e-02 9.748987474977298673e-01 2.748534761720146102e-01 -9.510616473309092544e-01 1.411995383313767727e-01 9.392336563047630760e-01 2.969932934702482763e-01 1.721485483322079124e-01 -4.187681168208678278e-02 1.594440748037721400e+00 1.595371967582042139e+00
1.583561771403915882e+09 -2.265732425113713144e-01 8.207548637482371678e-02 9.705298452461913472e-01 2.817030655346700052e-01 -9.483344366666588421e-01 1.459629374643525990e-01 9.323668531344649901e-01 3.064725286350077349e-01 1.917462921772239703e-01 -4.777483260746245852e-02 1.593811801442277076e+00 1.590359062386957678e+00
1.583561771403934956e+09 -2.473090178440228437e-01 7.968580527703984784e-02 9.656544010833231217e-01 2.886043955952380391e-01 -9.453187734286069288e-01 1.519207670455554049e-01 9.249571626380305167e-01 3.162634804746055628e-01 2.107881837301680272e-01 -5.367918264246420573e-02 1.593200009922550286e+00 1.585351487629171219e+00
1.583561771403947115e+09 -2.678366340568291148e-01 7.811720377426370487e-02 9.602922680808164690e-01 2.954607403119487996e-01 -9.420242479891040022e-01 1.590385712619198089e-01 9.170422501573985974e-01 3.263250200618115771e-01 2.292280369169094334e-01 -5.958072987895886991e-02 1.592579218894873971e+00 1.580341716988269640e+00
1.583561771403956890e+09 -2.881297339768380539e-01 7.735371797646306558e-02 9.544619735337510624e-01 3.021823545196247185e-01 -9.384581685642535698e-01 1.672784818434897847e-01 9.086622481440127519e-01 3.366194709405200269e-01 2.470227738223481073e-01 -6.547246466164277634e-02 1.591920606085396983e+00 1.575325230809718091e+00
1.583561771403966904e+09 -3.081647407967297303e-01 7.738017561969198765e-02 9.481807850638007684e-01 3.086861140812858229e-01 -9.346259712428278688e-01 1.765989152577260857e-01 8.998596422195258571e-01 3.471118009357843648e-01 2.641325844465594597e-01 -7.134961635406000813e-02 1.591193308113350913e+00 1.570301132004277012e+00
1.583561771403976917e+09 -3.279203864080691977e-01 7.818103070790116682e-02 9.414647878891242438e-01 3.148954266742958752e-01 -9.305316194256900708e-01 1.869539395960263806e-01 8.906790053867934542e-01 3.577689641932833564e-01 2.805214391814672137e-01 -7.720966848608631916e-02 1.590365171847929915e+00 1.565272670758676821e+00
1.583561771403985977e+09 -3.473775357527669749e-01 7.973882503085218121e-02 9.343289397551506337e-01 3.207404659675098801e-01 -9.261779833455223709e-01 1.982924524110140641e-01 8.811665003576054644e-01 3.685594429762363844e-01 2.961579576258647206e-01 -8.305226618072554523e-02 1.589403598807914708e+00 1.560247646118855469e+00
1.583561771403995991e+09 -3.665193023830657926e-01 8.203242396210470855e-02 9.267870751336492186e-01 3.261587271179333669e-01 -9.215671837572670944e-01 2.105573807253971197e-01 8.713690870817756284e-01 3.794530370207430670e-01 3.110165703091071210e-01 -8.887901693719194030e-02 1.588276443183030961e+00 1.555238660294736341e+00
1.583561771404005051e+09 -3.853314880733554881e-01 8.503493445294638131e-02 9.188518403237554422e-01 3.310958894641568007e-01 -9.167009224062088180e-01 2.236848919283093984e-01 8.613333596846526330e-01 3.904208996095546169e-01 3.250790132944709199e-01 -9.469319303783642339e-02 1.586952920516181420e+00 1.550263211852928924e+00
1.583561771404016018e+09 -4.038667392034013259e-01 8.872339840049757453e-02 9.105052530249749809e-01 3.355216216666344620e-01 -9.115629337876702820e-01 2.376515499129807640e-01 8.510680928020140090e-01 4.014737555462938867e-01 3.383813311398679580e-01 -1.004993500173946147e-01 1.585404484942084524e+00 1.545343625325257708e+00
1.583561771404026031e+09 -4.216359557891355969e-01 9.446077393476018380e-02 9.018316268672459390e-01 3.389822380237117461e-01 -9.060280056927989545e-01 2.533856650290223778e-01 8.410197163659632880e-01 4.125414102390527749e-01 3.499934596014332988e-01 -1.063051007351061839e-01 1.583775751289160816e+00 1.540449554576565072e+00
1.583561771404035091e+09 -4.384380911481769449e-01 1.023308586936813175e-01 8.929168135016565255e-01 3.413310695615769386e-01 -9.001029611105535455e-01 2.707540588604319121e-01 8.314235631784108183e-01 4.234891437045769091e-01 3.597107226622126008e-01 -1.121132163621515049e-01 1.582068346992878682e+00 1.535585193710693908e+00
1.583561771404043913e+09 -4.540584782700055611e-01 1.123658433814586494e-01 8.838579160684684188e-01 3.424490235628056545e-01 -8.938047211507241796e-01 2.895544624884791030e-01 8.225324095730472962e-01 4.341509389247936723e-01 3.673600382115191354e-01 -1.179265554991738990e-01 1.580282600002931304e+00 1.530755324254147398e+00
1.583561771404053926e+09 -4.682799617296241057e-01 1.245378239329102549e-01 8.747595144364835873e-01 3.422551470125188566e-01 -8.871629352804690782e-01 3.095211473315127582e-01 8.146013086241271628e-01 4.443334972260121196e-01 3.728169141453386293e-01 -1.237482130102336708e-01 1.578417549514183227e+00 1.525965613020715539e+00
1.583561771404062986e+09 -4.808964923090284782e-01 1.387542388506830537e-01 8.657284938884911574e-01 3.407139830134841008e-01 -8.802221432248141797e-01 3.303376460430090811e-01 8.078691389640036968e-01 4.538240186057571068e-01 3.760202317537880701e-01 -1.295816713959151989e-01 1.576471028040527855e+00 1.521222906977082179e+00
1.583561771404072046e+09 -4.917278485839106095e-01 1.548586634956071739e-01 8.568678530041771157e-01 3.378380811350546464e-01 -8.730427092651097398e-01 3.516558811842277477e-01 8.025391916217500254e-01 4.624015811269186482e-01 3.769822594294396367e-01 -1.354309415412603967e-01 1.574439817477000680e+00 1.516535512646067119e+00
1.583561771404082060e+09 -5.006337195371147741e-01 1.726376251248278870e-01 8.482700805158035484e-01 3.336848719052943335e-01 -8.656997847571937799e-01 3.731196711114679876e-01 7.987617200087457903e-01 4.698511819241555365e-01 3.757919394229149446e-01 -1.413006785273839272e-01 1.572319877941855903e+00 1.511913447384528597e+00
1.583561771404092073e+09 -5.075251716783876210e-01 1.918331891797343536e-01 8.400108498623992670e-01 3.283482546496377386e-01 -8.582798212681183037e-01 3.943896196782284980e-01 7.966213805875805853e-01 4.759787558597042278e-01 3.726105207895731852e-01 -1.471962581101796674e-01 1.570106643822137826e+00 1.507368650434733892e+00
1.583561771404100895e+09 -5.123717096871500676e-01 2.121600220664152381e-01 8.321438315541610509e-01 3.219464092451287951e-01 -8.508746716218816841e-01 4.151659942769366785e-01 7.961317359048981634e-01 4.806250288213971822e-01 3.676599529423575374e-01 -1.531238007111443700e-01 1.567795376749639535e+00 1.502915143228758632e+00
1.583561771404109955e+09 -5.152029402747416720e-01 2.333246524875853822e-01 8.246972396694458585e-01 3.146082304187401979e-01 -8.435738802358535571e-01 4.352065831005418328e-01 7.972374752319448810e-01 4.836762504295501475e-01 3.612058874081333082e-01 -1.590901321795084589e-01 1.565381561457864334e+00 1.498569130372497726e+00
1.583561771404119968e+09 -5.161048278296984648e-01 2.550443292462066802e-01 8.176724264978149082e-01 3.064609606845189460e-01 -8.364561893949383764e-01 4.543376749034300222e-01 7.998234095705246682e-01 4.850705448181735213e-01 3.535379474609094408e-01 -1.651026737772825215e-01 1.562861328194828481e+00 1.494349034279460531e+00
1.583561771404129028e+09 -5.152113815191079471e-01 2.770631829832507775e-01 8.110445272813056050e-01 2.976210762868656268e-01 -8.295814609620467683e-01 4.724577172778088308e-01 8.037281428029701136e-01 4.847995383401913494e-01 3.449499678702950267e-01 -1.711692577579748409e-01 1.560231883777267736e+00 1.490275457956477645e+00
1.583561771404138088e+09 -5.126931452608839423e-01 2.991641188438770582e-01 8.047649153904904429e-01 2.881895300500590396e-01 -8.229841186970331401e-01 4.895344065328073868e-01 8.087598740066100911e-01 4.829057573522718139e-01 3.357223495016865566e-01 -1.772978693840037701e-01 1.557491932463549666e+00 1.486371072020880257e+00
1.583561771404146910e+09 -5.087440974922436965e-01 3.211757162907849517e-01 7.987650485446255999e-01 2.782514554825077369e-01 -8.166688862394704262e-01 5.055967343720519924e-01 8.147119558595448119e-01 4.794768916559391525e-01 3.261078649612202396e-01 -1.834963209145939744e-01 1.554642067816741191e+00 1.482660423382796244e+00
1.583561771404156923e+09 -5.035684189622018359e-01 3.429742120672168437e-01 7.929612459164536720e-01 2.678796029777617549e-01 -8.106092054380473755e-01 5.207237601694478801e-01 8.213765068254883506e-01 4.746381843444828497e-01 3.163214002236059419e-01 -1.897718681589917467e-01 1.551685116863512182e+00 1.479169665436437686e+00
1.583561771404179096e+09 -4.973681730057179506e-01 3.644811839128859199e-01 7.872600379156874384e-01 2.571402263059372473e-01 -8.047484386905311426e-01 5.350316387634642679e-01 8.285552514644755062e-01 4.685439329707155043e-01 3.065334865704964495e-01 -1.961307847887780176e-01 1.548626419276654342e+00 1.475926211789021725e+00
1.583561771404192924e+09 -4.903326649903551049e-01 3.856578213405414401e-01 7.815637675371841508e-01 2.460999668872181911e-01 -7.990036788770793486e-01 5.486601201804605088e-01 8.360673921253195529e-01 4.613687962009623833e-01 2.968672261448426219e-01 -2.025779134686723493e-01 1.545474026612525309e+00 1.472958317675345352e+00
1.583561771404205084e+09 -4.826299993810180267e-01 4.064968036703283105e-01 7.757761484783348704e-01 2.348323505078554196e-01 -7.932717680289262940e-01 5.617594407223177599e-01 8.437547339640008026e-01 4.532992949313872644e-01 2.873981530388397543e-01 -2.091162151567735050e-01 1.542238810135921012e+00 1.470294593106772574e+00
1.583561771404220104e+09 -4.744011359848631093e-01 4.270128456134300587e-01 7.698075032772716542e-01 2.234227338017027997e-01 -7.874369663160573074e-01 5.744782903965752752e-01 8.514844945338688742e-01 4.445256504346536963e-01 2.781566140075421023e-01 -2.157463400899789219e-01 1.538934468230946484e+00 1.467963453656723205e+00
1.583561771404237986e+09 -4.657565652272981915e-01 4.472329460739081219e-01 7.635794091895856672e-01 2.119708580588636482e-01 -7.813795997445855956e-01 5.869533852651453998e-01 8.591502648062783187e-01 4.352339752206497159e-01 2.691323271905916026e-01 -2.224662454060605254e-01 1.535577426957399627e+00 1.465992517427686881e+00
1.583561771404252052e+09 -4.567755609457938015e-01 4.671873010230052081e-01 7.570284756401768345e-01 2.005905428102253418e-01 -7.749849387165175241e-01 5.993010753662040280e-01 8.666715186813497285e-01 4.255988377167257974e-01 2.602808258070999359e-01 -2.292708849582854869e-01 1.532186630126717741e+00 1.464407960516977525e+00
1.583561771404267073e+09 -4.475078344387732332e-01 4.869017324970189575e-01 7.501089529207842777e-01 1.894065158868884491e-01 -7.681514680156699137e-01 6.116113912954818099e-01 8.739919393744941534e-01 4.157764125348951678e-01 2.515314392478885108e-01 -2.361519964484385115e-01 1.528783218662589594e+00 1.463233848831808626e+00
1.583561771404283047e+09 -4.379772404898705784e-01 5.063923007915700492e-01 7.427938978993383623e-01 1.785488922603203632e-01 -7.607976749649170145e-01 6.239448620495429143e-01 8.810767447401626207e-01 4.058986765362597726e-01 2.427962819037438047e-01 -2.430980091249461961e-01 1.525390103673887943e+00 1.462491473083456395e+00
1.583561771404300928e+09 -4.281869658863721728e-01 5.256624430669919468e-01 7.350747706447685603e-01 1.681461886862619937e-01 -7.528666613549359621e-01 6.363321848594414298e-01 8.879092192966819841e-01 3.960691686049082061e-01 2.339795551125452566e-01 -2.500940899120246974e-01 1.522031444404706946e+00 1.462198719412733716e+00
1.583561771404318094e+09 -4.181254918776468044e-01 5.447025959409446116e-01 7.269595279393942233e-01 1.583180051413470568e-01 -7.443281693577346037e-01 6.487765297743608439e-01 8.944867145615633675e-01 3.863607879036261572e-01 2.249863535538109138e-01 -2.571223377468840332e-01 1.518732049695420860e+00 1.462369511972674507e+00
1.583561771404335022e+09 -4.077725851609009244e-01 5.634918834669671028e-01 7.184694957356509981e-01 1.491685382782901304e-01 -7.351779839859294841e-01 6.612579520034046476e-01 9.008164442417436746e-01 3.768159090146831480e-01 2.157301665024861093e-01 -2.641621253852546869e-01 1.515516729235864446e+00 1.463013365620835060e+00
1.583561771404351950e+09 -3.971046531600852525e-01 5.820011723708090612e-01 7.096354909685725909e-01 1.407818844790243440e-01 -7.254350687517510110e-01 6.737391350256503042e-01 9.069114376159118640e-01 3.674487672385495229e-01 2.061384195592876056e-01 -2.711905755754605574e-01 1.512409627299559522e+00 1.464135082452002301e+00
1.583561771404369116e+09 -3.860989898079429938e-01 6.001966847309957442e-01 7.004937615366766401e-01 1.332196600204286485e-01 -7.151371189518543892e-01 6.861715698851980072e-01 9.127869918501857471e-01 3.582496907184451462e-01 1.961557209242642541e-01 -2.781831466571518807e-01 1.509433574677642609e+00 1.465734614766199595e+00
1.583561771404382944e+09 -3.747366686703128003e-01 6.180434339779368180e-01 6.910822983662877617e-01 1.265210871511256718e-01 -7.043353393534028672e-01 6.985013559625052881e-01 9.184578617975375225e-01 3.491905548882106580e-01 1.857447515308295882e-01 -2.851142938575024210e-01 1.506609493223288299e+00 1.467807102543839726e+00
1.583561771404395103e+09 -3.630041095841415877e-01 6.355079612791650900e-01 6.814379266084465980e-01 1.207050654547840857e-01 -6.930893018011239359e-01 7.106739807674270493e-01 9.239363094047366998e-01 3.402305851210953302e-01 1.748852348078660801e-01 -2.919581679171260324e-01 1.503955882698202240e+00 1.470343080106193634e+00
1.583561771404409885e+09 -3.508935260852315552e-01 6.525601383750568862e-01 6.715943711795048232e-01 1.157735795106617227e-01 -6.814624942249777328e-01 7.226377704558453186e-01 9.292309787543411304e-01 3.313217996820658762e-01 1.635715544365125285e-01 -2.986893118168490457e-01 1.501488412900930491e+00 1.473328835916376978e+00
1.583561771404423952e+09 -3.384025793283165773e-01 6.691740566939305968e-01 6.615812696837218843e-01 1.117156562485105281e-01 -6.695189138996160416e-01 7.343459921025492498e-01 9.343464596663363375e-01 3.224135635455612214e-01 1.518097084936481378e-01 -3.052833184823660062e-01 1.499219636485922713e+00 1.476746901572432380e+00
1.583561771404444933e+09 -3.255335452824207332e-01 6.853281723769084621e-01 6.514239842736676556e-01 1.085113105623853880e-01 -6.573207746143833186e-01 7.457577990056923900e-01 9.392833473527144594e-01 3.134560504922767055e-01 1.396141040072738926e-01 -3.117174173123308800e-01 1.497158829339280350e+00 1.480576639070520173e+00
1.583561771404455900e+09 -3.122922790983218011e-01 7.010049476758961617e-01 6.411439744660203388e-01 1.061350229003423934e-01 -6.449272249871751406e-01 7.568383126016542395e-01 9.440386059732237545e-01 3.044025919587229900e-01 1.270046167784242286e-01 -3.179709644980332484e-01 1.495311957007930292e+00 1.484794891474102485e+00
1.583561771404469967e+09 -2.986872035465492625e-01 7.161902334862365604e-01 6.307594661525638413e-01 1.045584734506239399e-01 -6.323938535413268225e-01 7.675581669621268643e-01 9.486060722479517926e-01 2.952110493401559621e-01 1.140041941504281175e-01 -3.240258204443902113e-01 1.493681758240266833e+00 1.489376661284816938e+00
1.583561771404483080e+09 -2.847284797984346305e-01 7.308725979461982991e-01 6.202861747674555115e-01 1.037524331600819805e-01 -6.197727026228997405e-01 7.778928137824026035e-01 9.529769806472906390e-01 2.858444381979773352e-01 1.006371290814027930e-01 -3.298666067075425867e-01 1.492267930274656207e+00 1.494295782086643598e+00
1.583561771404500961e+09 -2.704274479943311604e-01 7.450427446500687001e-01 6.097378980022162276e-01 1.036878569920648002e-01 -6.071125186629141579e-01 7.878218187081391655e-01 9.571404410651455086e-01 2.762710598745175550e-01 8.692800351739504716e-02 -3.354808424838941483e-01 1.491067396996625938e+00 1.499525554514474335e+00
1.583561771404517889e+09 -2.557963335051952614e-01 7.586930826501538938e-01 5.991269000376304721e-01 1.043363719410693446e-01 -5.944590335451460650e-01 7.973282755328447990e-01 9.610838451947422145e-01 2.664643765602978664e-01 7.290115754987236407e-02 -3.408589680466895255e-01 1.490074638366444715e+00 1.505039322634756260e+00
1.583561771404532909e+09 -2.408481746112533239e-01 7.718174595827274054e-01 5.884640737668590527e-01 1.056703635278811726e-01 -5.818551517571928233e-01 8.063983858384973225e-01 9.647932064941533437e-01 2.564027918338779855e-01 5.858051966834883217e-02 -3.459942669920450520e-01 1.489282059858114016e+00 1.510810974668765239e+00
1.583561771404545069e+09 -2.255969032022381859e-01 7.844110356925467764e-01 5.777589156334165255e-01 1.076628458928373805e-01 -5.693409915011805600e-01 8.150211942324825376e-01 9.682534529341408902e-01 2.460694265576869322e-01 4.398964010736233776e-02 -3.508827014013207735e-01 1.488680382493662080e+00 1.516815359443890676e+00
1.583561771404556990e+09 -2.100575161696231763e-01 7.964702685154636530e-01 5.670193572675883420e-01 1.102872400719910190e-01 -5.569537724702531278e-01 8.231884474686770314e-01 9.714486938676318850e-01 2.354519205932534276e-01 2.915181836371152219e-02 -3.555226765546796175e-01 1.488259035238497896e+00 1.523028614647095047e+00
1.583561771404572964e+09 -1.942462453933840871e-01 8.079929497812542438e-01 5.562515523564460773e-01 1.135171949501153910e-01 -5.447276105059090101e-01 8.308945040380364411e-01 9.743624802097522464e-01 2.245422536359781562e-01 1.409019991578731000e-02 -3.599147548501525629e-01 1.488006532462677445e+00 1.529428406342852487e+00
1.583561771404586077e+09 -1.781806889513931347e-01 8.189782649623356114e-01 5.454596628978941597e-01 1.173264761674050749e-01 -5.326932661609207198e-01 8.381362551604506494e-01 9.769780654212720794e-01 2.133365555177625383e-01 -1.172180709597896164e-03 -3.640613385930198120e-01 1.487910822441852909e+00 1.535994084221864453e+00
1.583561771404597998e+09 -1.618799205095101668e-01 8.294268824801399598e-01 5.346456192654213124e-01 1.216888696673514014e-01 -5.208778432009513182e-01 8.449130674210464376e-01 9.792786684975411937e-01 2.018348812718587793e-01 -1.661235593611559008e-02 -3.679663399183753514e-01 1.487959596626880376e+00 1.542706760952109235e+00
1.583561771404613018e+09 -1.453645101419801244e-01 8.393410184520997408e-01 5.238089481667616010e-01 1.265781684703819465e-01 -5.093045267629624506e-01 8.512266832770649660e-01 9.812477397157638448e-01 1.900409271214019979e-01 -3.220744577940404252e-02 -3.716348548565269749e-01 1.488140552583092191e+00 1.549549325986416815e+00
1.583561771404625893e+09 -1.286564337370502131e-01 8.487244460488132525e-01 5.129467194375983974e-01 1.319682494335477907e-01 -4.979924279678606958e-01 8.570810480144536170e-01 9.828692199061572765e-01 1.779616716781359242e-01 -4.793474957352010513e-02 -3.750728550530602612e-01 1.488441607559360502e+00 1.556506406100194750e+00
1.583561771404638052e+09 -1.117789098024939837e-01 8.575824631437960477e-01 5.020535772964681565e-01 1.378331759070844376e-01 -4.869565260578205823e-01 8.624820910526200812e-01 9.841277819379588010e-01 1.656069468968612013e-01 -6.377184488051609867e-02 -3.782869063775007312e-01 1.488851063308607392e+00 1.563564285614203797e+00
1.583561771404653072e+09 -9.475619426505284271e-02 8.659218299236537408e-01 4.911218263879844059e-01 1.441472862432788549e-01 -4.762076907875215648e-01 8.674374877424588792e-01 9.850090475505394183e-01 1.529889535909387255e-01 -7.969665341041476392e-02 -3.812839198421320019e-01 1.489357725372078001e+00 1.570710798540703390e+00
1.583561771404670000e+09 -7.761335516414102909e-02 8.737506848495295575e-01 4.801415500347141485e-01 1.508852465700478984e-01 -4.657527659752372928e-01 8.719564228740709355e-01 9.854997766143129834e-01 1.401217397030595224e-01 -9.568745266657679993e-02 -3.840709376942382236e-01 1.489950981428467713e+00 1.577935203146434873e+00
1.583561771404681921e+09 -6.037603996905073489e-02 8.810784426182350915e-01 4.691007482361074787e-01 1.580220610834058848e-01 -4.555946997146462230e-01 8.760493695222363320e-01 9.855880286649386646e-01 1.270206588429522443e-01 -1.117228276654031877e-01 -3.866549545700397328e-01 1.490620844474232376e+00 1.585228047821219288e+00
1.583561771404692888e+09 -4.307023923956408012e-02 8.879156717659967279e-01 4.579854960244704176e-01 1.655330456286976393e-01 -4.457327171606627059e-01 8.797278873008939071e-01 9.852632975684952887e-01 1.137018245846530135e-01 -1.277815706299877951e-01 -3.890427726592272650e-01 1.491357966552041114e+00 1.592581034900066195e+00
1.583561771404707909e+09 -2.572205116189624219e-02 8.942739513493360715e-01 4.467801207156209542e-01 1.733937692800369690e-01 -4.361625296448662925e-01 8.830044442391480342e-01 9.845166210366478321e-01 1.001815746637651633e-01 -1.438425362768631088e-01 -3.912408901416926099e-01 1.492153628251184028e+00 1.599986886988879808e+00
1.583561771404720068e+09 -8.357401527583459971e-03 9.001656571711743604e-01 4.354675002039637421e-01 1.815800420181921948e-01 -4.268766772300951473e-01 8.858922004482819856e-01 9.833406543098739405e-01 8.647596381688901768e-02 -1.598845380437386443e-01 -3.932554212579960073e-01 1.492999709227809779e+00 1.607439219142725584e+00
1.583561771404732943e+09 8.998302409480265357e-03 9.056036424109219496e-01 4.240295669530759759e-01 1.900680127488823257e-01 -4.178650932886642244e-01 8.884047019112297772e-01 9.817296885198217860e-01 7.260032297113418187e-02 -1.758863611123703541e-01 -3.950920443281170091e-01 1.493888645141162597e+00 1.614932419514411688e+00
1.583561771404743910e+09 2.632049928041884507e-02 9.106008880620247714e-01 4.124478806138733855e-01 1.988342924021019864e-01 -4.091157599659569488e-01 8.905555676934860942e-01 9.796796189162558788e-01 5.856891531974895565e-02 -1.918268142894999362e-01 -3.967559726284846100e-01 1.494813375976619563e+00 1.622461540224316767e+00
1.583561771404757977e+09 4.358583292219477684e-02 9.151700653050155454e-01 4.007044134804194635e-01 2.078562284597389731e-01 -4.006156000684524265e-01 8.923580723620541111e-01 9.771878343981482695e-01 4.439473826865349138e-02 -2.076849627691070288e-01 -3.982519440102106900e-01 1.495767289594264193e+00 1.630022199032077124e+00
1.583561771404769897e+09 6.077253412721541487e-02 9.193230070116389374e-01 3.887825975007486723e-01 2.171124009222038520e-01 -3.923516645656432988e-01 8.938245782679058449e-01 9.742529983005987493e-01 3.008953849820484791e-02 -2.234406301847294551e-01 -3.995842266047993085e-01 1.496744163393183280e+00 1.637610491583267436e+00
1.583561771404783010e+09 7.786075100495382095e-02 9.230701619899428501e-01 3.766685276757272827e-01 2.265833122781546471e-01 -3.843125194499383279e-01 8.949658596999864324e-01 9.708747119404566028e-01 1.566408867663130963e-02 -2.390751561383080426e-01 -4.007566374424368361e-01 1.497738106592491292e+00 1.645222913859960334e+00
1.583561771404793978e+09 9.483272526142709491e-02 9.264201572649519711e-01 3.643520916328975567e-01 2.362521504766800506e-01 -3.764895993888910386e-01 8.957904347471964401e-01 9.670530884337851241e-01 1.128716994101966638e-03 -2.545722891257322651e-01 -4.017725693589537794e-01 1.498743505180098579e+00 1.652856294447642149e+00
1.583561771404808998e+09 1.116727534052120441e-01 9.293795613985439408e-01 3.518278375088360055e-01 2.461055124976997688e-01 -3.688783268228334467e-01 8.963039979583189432e-01 9.627882805160111745e-01 -1.350596507330565493e-02 -2.699190916748047120e-01 -4.026350223962812946e-01 1.499754970692357192e+00 1.660507735844676924e+00
1.583561771404825926e+09 1.283669406635200294e-01 9.319528546430807525e-01 3.390955698794902995e-01 2.561340848147075633e-01 -3.614789717240675104e-01 8.965089423061421980e-01 9.580799858956027260e-01 -2.822817673941519986e-02 -2.851068412127993890e-01 -4.033466370271335255e-01 1.500767293282950554e+00 1.668174563791554821e+00
1.583561771404843092e+09 1.449027693985305010e-01 9.341425748879005342e-01 3.261607539956862811e-01 2.663333322566465711e-01 -3.542973209413375346e-01 8.964039070309189894e-01 9.529269351747712280e-01 -4.302392815895021705e-02 -3.001319677513230033e-01 -4.039097293430925495e-01 1.501775399136376921e+00 1.675854283370434183e+00
1.583561771404860020e+09 1.612684596011655647e-01 9.359496640386333333e-01 3.130346794980258807e-01 2.767041201150661767e-01 -3.473450874971678592e-01 8.959833816206451695e-01 9.473264031367323312e-01 -5.787587421935080217e-02 -3.149969354540728683e-01 -4.043263278121121962e-01 1.502774312326297101e+00 1.683544540930083766e+00
1.583561771404875994e+09 1.774521115313944242e-01 9.373740344260766966e-01 2.997343289338497696e-01 2.872531543404698851e-01 -3.406399726985583354e-01 8.952374178723823128e-01 9.412738037702208516e-01 -7.276213866577951883e-02 -3.297109305965024162e-01 -4.045982108923748544e-01 1.503759121149516487e+00 1.691243091076208405e+00
1.583561771404891014e+09 1.934406478638851790e-01 9.384153689491915307e-01 2.862818738910103411e-01 2.979930631756126380e-01 -3.342052577075155240e-01 8.941515419979452206e-01 9.347624566067438412e-01 -8.765524103256294719e-02 -3.442901518779448722e-01 -4.047269456684430833e-01 1.504724948973010790e+00 1.698947768042420536e+00
1.583561771404908895e+09 2.092186354666013826e-01 9.390740422235169804e-01 2.727040631161787854e-01 3.089422585061120108e-01 -3.280691583084890395e-01 8.927067314148229293e-01 9.277835112295812481e-01 -1.025210750476257815e-01 -3.587578371320664372e-01 -4.047139279671589929e-01 1.505666929752944805e+00 1.706656460923280383e+00
1.583561771404926062e+09 2.247670286911267190e-01 9.393521499191362922e-01 2.590315067713843677e-01 3.201244787153942339e-01 -3.222639017441886189e-01 8.908795068903783143e-01 9.203260841494711464e-01 -1.173180136012410002e-01 -3.731439169554415236e-01 -4.045604247081723837e-01 1.506580188585423530e+00 1.714367092430293171e+00
1.583561771404942989e+09 2.400619145208364724e-01 9.392546188759545167e-01 2.452978564141377882e-01 3.315679087487531929e-01 -3.168244791309665631e-01 8.886422065988115460e-01 9.123776626530686329e-01 -1.319962521597343175e-01 -3.874841807733536703e-01 -4.042676192263642276e-01 1.507459827861873825e+00 1.722077601030671978e+00
1.583561771404959917e+09 2.550733905785584343e-01 9.387903485829566241e-01 2.315388673005978892e-01 3.433037745119854600e-01 -3.117870242171534856e-01 8.859635263220889678e-01 9.039248221210267609e-01 -1.464975534884503383e-01 -4.018188435320803054e-01 -4.038366596895385796e-01 1.508300919665225726e+00 1.729785926506422822e+00
1.583561771404977083e+09 2.697647399912629362e-01 9.379732861873613103e-01 2.177914132855648943e-01 3.553644491717579124e-01 -3.071868845013239757e-01 8.828093374521240877e-01 8.949542410326634112e-01 -1.607555057538173904e-01 -4.161905501925451389e-01 -4.032687099090275784e-01 1.509098504901525306e+00 1.737489999067256097e+00
1.583561771404994011e+09 2.840920899067997385e-01 9.368233298916829321e-01 2.040924625448986562e-01 3.677811143661298132e-01 -3.030564282386865593e-01 8.791438183006535789e-01 8.854539720312974982e-01 -1.746964513516339745e-01 -4.306418622721601697e-01 -4.025650013373204272e-01 1.509847599430991893e+00 1.745187732163286043e+00
1.583561771405013084e+09 2.980046713043324469e-01 9.353669242202589107e-01 1.904781698781365662e-01 3.805812861582537621e-01 -2.994228315531535789e-01 8.749307701802789827e-01 8.754148163714908781e-01 -1.882410296944901362e-01 -4.452125495299033564e-01 -4.017268842022791442e-01 1.510543206963443463e+00 1.752877019062288211e+00
1.583561771405029058e+09 3.114457441085879408e-01 9.336372576072475837e-01 1.769831063374724400e-01 3.937864297897397670e-01 -2.963059901284502140e-01 8.701350515666427254e-01 8.648316578407228006e-01 -2.013063130222971786e-01 -4.599369219533537834e-01 -4.007558754124361799e-01 1.511180337965609910e+00 1.760555733095462205e+00
1.583561771405046940e+09 3.243541184056411564e-01 9.316740048774797556e-01 1.636397101972877910e-01 4.074099964662833417e-01 -2.937167817633996036e-01 8.647239715234738000e-01 8.537045746998956908e-01 -2.138083276841383218e-01 -4.748415508266646823e-01 -3.996537007587095403e-01 1.511754033280870990e+00 1.768221731263069918e+00
1.583561771405062914e+09 3.366661048307340587e-01 9.295226255302156959e-01 1.504779808812921615e-01 4.214561120151401052e-01 -2.916558294788905714e-01 8.586685174230490603e-01 8.420395950971298893e-01 -2.256647203248851596e-01 -4.899436238297651958e-01 -3.984223287705324079e-01 1.512259390489691491e+00 1.775872860611521498e+00
1.583561771405077934e+09 3.483176884412854113e-01 9.272332822886957260e-01 1.375253735848282755e-01 4.359189954765951835e-01 -2.901128200197609086e-01 8.519443532768400384e-01 8.298490329613150696e-01 -2.367973650975427891e-01 -5.052500278259477451e-01 -3.970639948114397799e-01 1.512691591027599092e+00 1.783506966632515178e+00
1.583561771405097008e+09 3.592466840707260189e-01 9.248594843290758316e-01 1.248068687025636475e-01 4.507831148044387781e-01 -2.890663985735707486e-01 8.445325338081115518e-01 8.171513957606112433e-01 -2.471346833266785947e-01 -5.207571842477038970e-01 -3.955812145062517771e-01 1.513045925912703149e+00 1.791121902781002584e+00
1.583561771405114889e+09 3.693945404803488097e-01 9.224566171031592932e-01 1.123452859291505235e-01 4.660240985577780437e-01 -2.884846597416662606e-01 8.364198351871988679e-01 8.039709032207149608e-01 -2.566133100541005962e-01 -5.364516717465197537e-01 -3.939767866590743739e-01 1.513317818223692601e+00 1.798715540186411888e+00
1.583561771405129910e+09 3.787077118401526721e-01 9.200804877735202503e-01 1.001616955519041841e-01 4.816100886234855882e-01 -2.883260325097371513e-01 8.275988288722427866e-01 7.903367584290780234e-01 -2.651791757210396061e-01 -5.523113372743827520e-01 -3.922537872000347869e-01 1.513502841280216060e+00 1.806285776809113397e+00
1.583561771405145884e+09 3.871385773789551288e-01 9.177859761504455482e-01 8.827584115242381735e-02 4.975032916727095134e-01 -2.885404067446076248e-01 8.180677896653252290e-01 7.762822919991393400e-01 -2.727880787306165011e-01 -5.683066667505420888e-01 -3.904155564422994162e-01 1.513596732265898082e+00 1.813830545550146445e+00
1.583561771405162096e+09 3.946458777078019065e-01 9.156258698420344233e-01 7.670657031083968902e-02 5.136615933017129043e-01 -2.890703987449599888e-01 8.078304724220366495e-01 7.618440778549986359e-01 -2.794057466939632861e-01 -5.844022843844345338e-01 -3.884656820056905380e-01 1.513595401574558963e+00 1.821347821060782080e+00
1.583561771405179024e+09 4.011947793458595091e-01 9.136499003293655496e-01 6.547219943122919994e-02 5.300400530453791559e-01 -2.898526296131305746e-01 7.968958497265752339e-01 7.470611028403126852e-01 -2.850075665215068277e-01 -6.005584033968672797e-01 -3.864079791466395464e-01 1.513494938172053050e+00 1.828835625094088480e+00
1.583561771405194998e+09 4.067566523168124060e-01 9.119039812590171712e-01 5.459079596936869394e-02 5.465922045811777430e-01 -2.908189498460789224e-01 7.852778491329978072e-01 7.319740349675034619e-01 -2.895780855214277749e-01 -6.167321499331994694e-01 -3.842464697987536537e-01 1.513291611265024095e+00 1.836292030307121959e+00
1.583561771405210972e+09 4.113086012121335844e-01 9.104296529842892394e-01 4.408040131872571765e-02 5.632711497252008703e-01 -2.918975694336031768e-01 7.729950975804703583e-01 7.166246204473534220e-01 -2.931103139867459184e-01 -6.328787383420046986e-01 -3.819853617655955547e-01 1.512981869040147753e+00 1.843715162625089166e+00
1.583561771405226946e+09 4.148328370109242713e-01 9.092637083675999543e-01 3.395918473201836596e-02 5.800304227074483121e-01 -2.930140560491500956e-01 7.600707017961421119e-01 7.010552233896700791e-01 -2.956049252682676487e-01 -6.489524652524956139e-01 -3.796290289414070429e-01 1.512562335061774954e+00 1.851103202287720073e+00
