1.583561772620481968e+09 -4.979655097058476310e-01 3.067607287734915866e-01 8.111277376034348174e-01 2.882068509796538724e-01 -8.236360703853685683e-01 4.884264885200727546e-01 8.179041278977277063e-01 4.769921162581795548e-01 3.217318119632991968e-01 -1.809357333103107646e-01 1.555620877191134621e+00 1.487471849273176439e+00
1.583561772620557070e+09 -4.957840137634595412e-01 3.288355659724718216e-01 8.037819247358533037e-01 2.779750052168633023e-01 -8.167588589940133481e-01 5.056034640001898506e-01 8.227564089156179650e-01 4.741013994286353839e-01 3.135279172288696348e-01 -1.886668481696505140e-01 1.551905348107534444e+00 1.483577928240718879e+00
1.583561772620594025e+09 -4.926460521735330222e-01 3.507791212144332205e-01 7.964005748879000590e-01 2.672656881192003175e-01 -8.099440407490571259e-01 5.220725073098270164e-01 8.281720349495469424e-01 4.700475072935160203e-01 3.052645109547871272e-01 -1.965025878027047146e-01 1.548095840360721676e+00 1.479996483074826452e+00
1.583561772620631933e+09 -4.887174118499388875e-01 3.725278599323049167e-01 7.889095545199522608e-01 2.561715750815509174e-01 -8.031214293181028196e-01 5.379331686834287751e-01 8.339852610900084784e-01 4.649935090793823611e-01 2.970683777053015895e-01 -2.044512193881205808e-01 1.544210307476684862e+00 1.476762320977363929e+00
1.583561772620654106e+09 -4.841220420785919965e-01 3.940427736988609819e-01 7.812529303326020136e-01 2.447640487785675001e-01 -7.962299487666681941e-01 5.532706653999118762e-01 8.400692882372960968e-01 4.590731546587576428e-01 2.890249640877516901e-01 -2.125188867312235164e-01 1.540271176442251200e+00 1.473910320858014655e+00
1.583561772620671988e+09 -4.789451384645828091e-01 4.152975211747986228e-01 7.733948044376331987e-01 2.330898201366290723e-01 -7.892269411485327568e-01 5.681460826174143941e-01 8.463336755263868305e-01 4.523812600240944004e-01 2.811947821044981644e-01 -2.207089864568262116e-01 1.536305330872516084e+00 1.471474699839103062e+00
1.583561772620690107e+09 -4.732389522544349081e-01 4.362692122286777607e-01 7.653195860648078774e-01 2.211652600424654780e-01 -7.820956950874030644e-01 5.825909813545090410e-01 8.527196620574972741e-01 4.449668508335394845e-01 2.736305535455009208e-01 -2.290215732076973376e-01 1.532343924748439168e+00 1.469488226236129069e+00
1.583561772620707035e+09 -4.670313248151184982e-01 4.569311378043826033e-01 7.570308297752099680e-01 2.089697437656843904e-01 -7.748506134874967310e-01 5.966055422538946162e-01 8.591934520651639540e-01 4.368300152696238392e-01 2.663947257767578236e-01 -2.374528271515537747e-01 1.528422019804120069e+00 1.467981397484169559e+00
1.583561772620723009e+09 -4.603367543982421761e-01 4.772465589897781357e-01 7.485491264883179507e-01 1.964399942310648128e-01 -7.675395855506607079e-01 6.101592524568718590e-01 8.657374899217328279e-01 4.279237159900931009e-01 2.595763704019200535e-01 -2.459946178905852709e-01 1.524578045265878146e+00 1.466981604972906528e+00
1.583561772620739937e+09 -4.531693439055602957e-01 4.971626632603219353e-01 7.399100163452464463e-01 1.834677736138271842e-01 -7.602435134031775288e-01 6.231928886412997359e-01 8.723400266114105239e-01 4.181615558057842352e-01 2.533057272378113067e-01 -2.546341983495334915e-01 1.520853085124562742e+00 1.466512312117195904e+00
1.583561772620755911e+09 -4.456275805721867656e-01 5.164274898351093324e-01 7.312446290126870529e-01 1.700267671831471872e-01 -7.531409778028145263e-01 6.355073296784056192e-01 8.789237498857275233e-01 4.075307540129065043e-01 2.478138952001477102e-01 -2.633540600214389626e-01 1.517290006080414200e+00 1.466592277692485569e+00
1.583561772620770931e+09 -4.377664217505046196e-01 5.354788329944076830e-01 7.222347123246164458e-01 1.568818416433838125e-01 -7.454791617093594613e-01 6.478031393094667578e-01 8.852957968884810347e-01 3.968919740250850814e-01 2.423388396436841896e-01 -2.721259277150800959e-01 1.513904714787214445e+00 1.467168519282876726e+00
1.583561772620783091e+09 -4.295711584233151692e-01 5.543275335442858776e-01 7.128741864378836945e-01 1.441597254944599060e-01 -7.372022796316815008e-01 6.601142117321240343e-01 8.914519581187515529e-01 3.863337736182231863e-01 2.367691321982954844e-01 -2.809284089301228859e-01 1.510729884472654216e+00 1.468252351039849302e+00
1.583561772620796919e+09 -4.210139285542497389e-01 5.729706376870081774e-01 7.031727530243013780e-01 1.319763461589979203e-01 -7.282817664028299331e-01 6.724491897974177457e-01 8.974015356878020100e-01 3.759126457774572549e-01 2.309981963642861180e-01 -2.897365738365534904e-01 1.507797131334735585e+00 1.469850194698596235e+00
1.583561772620810986e+09 -4.120605033427661157e-01 5.913925362031964283e-01 6.931529484839346056e-01 1.204314831378679729e-01 -7.187152589214088616e-01 6.847953231019141551e-01 9.031624436891378949e-01 3.656545431176942418e-01 2.249318911151588773e-01 -2.985224595682652859e-01 1.505136142850070025e+00 1.471963312427975179e+00
1.583561772620826006e+09 -4.026761974583741299e-01 6.095676608263047580e-01 6.828463569201541628e-01 1.096050101350839329e-01 -7.085234307058587699e-01 6.971235829991678790e-01 9.087566351832542244e-01 3.555584553990718266e-01 2.184938512599904903e-01 -3.072557300798321456e-01 1.502773854051926428e+00 1.474587715626835660e+00
1.583561772620840073e+09 -3.928303628277756143e-01 6.274639469184202234e-01 6.722895965594521961e-01 9.955518836052672238e-02 -6.977453631975953918e-01 7.093942293860763249e-01 9.142062517541446054e-01 3.456015099046650385e-01 2.116282727780958162e-01 -3.159044565254597869e-01 1.500733718327593502e+00 1.477714261874538915e+00
1.583561772620856047e+09 -3.824992074469776293e-01 6.450463222158381305e-01 6.615206714700381241e-01 9.031913999314682140e-02 -6.864332452345315305e-01 7.215620921772409879e-01 9.195307550528357687e-01 3.357449064863797239e-01 2.043001432065104650e-01 -3.244359734978305432e-01 1.499035111446425095e+00 1.481328935740496178e+00
1.583561772620872974e+09 -3.716670338974775167e-01 6.622796506234103209e-01 6.505761143539623426e-01 8.191505327022713390e-02 -6.746472301832729945e-01 7.335809695822835819e-01 9.247451217474786933e-01 3.259398401231039522e-01 1.964934621267408199e-01 -3.328177621226850458e-01 1.497692896653652683e+00 1.485413295328239069e+00
1.583561772620887041e+09 -3.603261941087572140e-01 6.791308408805782904e-01 6.394891203827097748e-01 7.434552946810474294e-02 -6.624510343955249958e-01 7.454068482083564540e-01 9.298590088399835141e-01 3.161327698938897757e-01 1.882081180824225763e-01 -3.410183112704754937e-01 1.496717166907552077e+00 1.489945056517971045e+00
1.583561772620902061e+09 -3.484761913808608891e-01 6.955700766621338849e-01 6.282886381089809458e-01 6.760135909064647619e-02 -6.499086043821523662e-01 7.569999090347699910e-01 9.348766766386876759e-01 3.062696109871478334e-01 1.794561926949596042e-01 -3.490079119154354537e-01 1.496113168965061524e+00 1.494898780608280298e+00
1.583561772620914936e+09 -3.361223101421142445e-01 7.115712938480552863e-01 6.169992598699355346e-01 6.166522808575010395e-02 -6.370819044382900476e-01 7.683254823067652284e-01 9.397974209917029365e-01 2.962987361175559720e-01 1.702582353552075378e-01 -3.567593469411080576e-01 1.495881402197533516e+00 1.500246626300849595e+00
1.583561772620928049e+09 -3.232741153989973637e-01 7.271121104319603345e-01 6.056416642372712822e-01 5.651494971754779384e-02 -6.240297098518537977e-01 7.793542081493777252e-01 9.446162750047506496e-01 2.861728503993983819e-01 1.606399480957937664e-01 -3.642484483655559213e-01 1.496017874753379218e+00 1.505959125704704693e+00
1.583561772620938063e+09 -3.099440816973139112e-01 7.421734330952040049e-01 5.942333394487412379e-01 5.212598292828216073e-02 -6.108071746774478283e-01 7.900616921138648996e-01 9.493247854958243304e-01 2.758499425314570597e-01 1.506295491677686060e-01 -3.714545048297503982e-01 1.496514491767890531e+00 1.512005946035994697e+00
1.583561772620948076e+09 -2.961465190999472141e-01 7.567389383871808706e-01 5.827893432772620619e-01 4.847315778433483602e-02 -5.974658938502630523e-01 8.004279222638541746e-01 9.539117319916312621e-01 2.652935827393166912e-01 1.402559188050534755e-01 -3.783605137587361944e-01 1.497359544438203960e+00 1.518356602773711206e+00
1.583561772620963097e+09 -2.818968739852419358e-01 7.707945765285286743e-01 5.713229152725017856e-01 4.553165976218909866e-02 -5.840541879639946643e-01 8.104366561061564500e-01 9.583637204257760001e-01 2.544728404919712750e-01 1.295474934431342928e-01 -3.849532818377486287e-01 1.498538267616838393e+00 1.524981097853915113e+00
1.583561772620976925e+09 -2.672113730549536825e-01 7.843281763896869929e-01 5.598458663911254352e-01 4.327745722956375524e-02 -5.706174088704160097e-01 8.200748956462849959e-01 9.626656449865607090e-01 2.433620443928044830e-01 1.185317322296013248e-01 -3.912233863118920185e-01 1.500033433136904515e+00 1.531850463493775738e+00
1.583561772620989084e+09 -2.521069384669484825e-01 7.973291802250065397e-01 5.483687356354817188e-01 4.168736308200086255e-02 -5.571981444219170632e-01 8.293324976699945061e-01 9.668010423906215900e-01 2.319405235266770449e-01 1.072349673024829836e-01 -3.971650145157882283e-01 1.501825949861181675e+00 1.538937201278049782e+00
1.583561772621001005e+09 -2.366012814251340357e-01 8.097885016460469876e-01 5.369007510832427554e-01 4.073890141991098196e-02 -5.438362736624727800e-01 8.382019144809467193e-01 9.707523761344027946e-01 2.201923938138728720e-01 9.568246532000297677e-02 -4.027757011272540266e-01 1.503895446560720828e+00 1.546215614120268977e+00
1.583561772621014118e+09 -2.207130960233079919e-01 8.216984872297076192e-01 5.254496413664506704e-01 4.041009246296749235e-02 -5.305688670129450335e-01 8.466780390817065793e-01 9.745012847105518627e-01 2.081063999182833080e-01 8.389858547271011879e-02 -4.080559852971933354e-01 1.506220817098054221e+00 1.553662033749334093e+00
1.583561772621028900e+09 -2.044622453765060910e-01 8.330529348845407966e-01 5.140213985621279180e-01 4.067927699437325767e-02 -5.174299932021833026e-01 8.547580936367394910e-01 9.780288272185656551e-01 1.956757779185696600e-01 7.190690717327459514e-02 -4.130090131601865666e-01 1.508780710058540198e+00 1.561254950011396136e+00
1.583561772621041059e+09 -1.878699002937477824e-01 8.438471415650741214e-01 5.026200379212776292e-01 4.152500131710355064e-02 -5.044504796377237144e-01 8.624415272575843838e-01 9.813157366827156558e-01 1.828981014598297095e-01 5.973030767571237132e-02 -4.176401106200666735e-01 1.511553950572922966e+00 1.568975052841669049e+00
1.583561772621057034e+09 -1.709586540289813605e-01 8.540779827605702312e-01 4.912473290107025603e-01 4.292591204636192481e-02 -4.916576205059343674e-01 8.697299295487882498e-01 9.843426765714047288e-01 1.697750977519494331e-01 4.739104870484974613e-02 -4.219563490046725485e-01 1.514519887668852816e+00 1.576805200841154386e+00
1.583561772621073008e+09 -1.537525393705867771e-01 8.637439758468150597e-01 4.799025954392704407e-01 4.486072230713582243e-02 -4.790749222583789435e-01 8.766269072625593184e-01 9.870905087496634200e-01 1.563123901314965591e-01 3.491080723065775188e-02 -4.259661242349496724e-01 1.517658664723733786e+00 1.584730331473901854e+00
1.583561772621089935e+09 -1.362769255237369637e-01 8.728452970481020978e-01 4.685826365484785927e-01 4.730825558260792763e-02 -4.667219526197517454e-01 8.831378986183564539e-01 9.895405644825270297e-01 1.425191447608114281e-01 2.231064441102759838e-02 -4.296787654087875774e-01 1.520951415567642462e+00 1.592737328522612739e+00
1.583561772621104956e+09 -1.185583413780743056e-01 8.813837600907972192e-01 4.572817374680552827e-01 5.024750940961192347e-02 -4.546142827366033701e-01 8.892699487835649119e-01 9.916749002173615990e-01 1.284076385650005647e-01 9.610976580601681557e-03 -4.331041831260453168e-01 1.524380392760500191e+00 1.600814861760988306e+00
1.583561772621121883e+09 -1.006242603856794399e-01 8.893627648606504676e-01 4.459917386960993713e-01 5.365770322732237030e-02 -4.427635042448213043e-01 8.950314688728684409e-01 9.934765268188229248e-01 1.139927719290089736e-01 -3.168413125906176242e-03 -4.362525630592139492e-01 1.527929036850821820e+00 1.608953211916925863e+00
1.583561772621139050e+09 -8.250287125373191588e-02 8.967872228248611188e-01 4.347021434233774295e-01 5.751829145680580069e-02 -4.311773015890008609e-01 9.004319967781174716e-01 9.949296068652797587e-01 9.929154968161686690e-02 -1.600830342384399266e-02 -4.391341071477271596e-01 1.531581996088965392e+00 1.617144091406609530e+00
1.583561772621155977e+09 -6.422284772522432461e-02 9.036634626045244589e-01 4.234002509063728992e-01 6.180893631016044776e-02 -4.198595648472589481e-01 9.054819718127947725e-01 9.960196190121782811e-01 8.432254993340661253e-02 -2.888990047318156645e-02 -4.417588211786787622e-01 1.535325106480288859e+00 1.625380468959775282e+00
1.583561772621171951e+09 -4.581312033833893904e-02 9.099991141654857341e-01 4.120713172580832140e-01 6.650944627551477750e-02 -4.088105391008233780e-01 9.101925273016299167e-01 9.967334908572598184e-01 6.910539492033575260e-02 -4.179465073657123025e-02 -4.441363465189266391e-01 1.539145341076908702e+00 1.633656403663937828e+00
1.583561772621187925e+09 -2.730265396482931331e-02 9.158029717340014919e-01 4.006987426154022258e-01 7.159968517996183335e-02 -3.980270043710482653e-01 9.145753052390216409e-01 9.970597025277703196e-01 5.366023690753211894e-02 -5.470401085887922205e-02 -4.462758343138038541e-01 1.543030736104622491e+00 1.641966891724128574e+00
1.583561772621205091e+09 -8.720177497578458434e-03 9.210847922483901273e-01 3.892643886577176748e-01 7.705952677338621937e-02 -3.875025864151726562e-01 9.186422453460995063e-01 9.969883590467391032e-01 3.800725301782007653e-02 -6.759926683860335850e-02 -4.481858594489649961e-01 1.546970301005646586e+00 1.650307727816400449e+00
1.583561772621222973e+09 9.906162685915202715e-03 9.258549979383493556e-01 3.777491112065457513e-01 8.286891973175944393e-02 -3.772282919559691305e-01 9.224053111132779481e-01 9.965112193652767569e-01 2.216616370439740413e-02 -8.046148830058869050e-02 -4.498743691283561552e-01 1.550953919146820237e+00 1.658675381962723128e+00
1.583561772621241093e+09 2.854913240192996637e-02 9.301243495398441308e-01 3.661333660240416732e-01 8.900798583659547125e-02 -3.671931377576452271e-01 9.258762218139728883e-01 9.956216780156358359e-01 6.155830617708652613e-03 -9.327154039964360988e-02 -4.513486593191855523e-01 1.554972244975302731e+00 1.667066891976660692e+00
1.583561772621258974e+09 4.718278708397550397e-02 9.339035393026521303e-01 3.543980307011932451e-01 9.545727643179476030e-02 -3.573850281641506865e-01 9.290661171842631294e-01 9.943146852069562058e-01 -1.000605800443384215e-02 -1.060103099645981345e-01 -4.526153736721659215e-01 1.559016601782417633e+00 1.675479770622488207e+00
1.583561772621272087e+09 6.578289597882233664e-02 9.372027009065511116e-01 3.425254856124155811e-01 1.021982622826820286e-01 -3.477919505630737707e-01 9.319851256267143169e-01 9.925865836403289233e-01 -2.630317114833842507e-02 -1.186592491066254529e-01 -4.536805214350392856e-01 1.563078883015130316e+00 1.683911926086804289e+00
1.583561772621283054e+09 8.432733829766933531e-02 9.400309014536710750e-01 3.305008390484735492e-01 1.092140379613561335e-01 -3.384033996237458264e-01 9.346418742570744564e-01 9.904348510468991007e-01 -4.272053032672365469e-02 -1.312012284778496518e-01 -4.545495102958350131e-01 1.567151459514608103e+00 1.692361594326480256e+00
1.583561772621294975e+09 1.027963577485727781e-01 9.423957276139760530e-01 3.183130561137385572e-01 1.164901262974078616e-01 -3.292117978369678011e-01 9.370430314130058225e-01 9.878577628130854604e-01 -5.924428256395329606e-02 -1.436215710372047982e-01 -4.552271883891326199e-01 1.571227094372608546e+00 1.700827281968430249e+00
1.583561772621304035e+09 1.211726035950378838e-01 9.443030502126285031e-01 3.059557971031796053e-01 1.240152709530937397e-01 -3.202137072310843324e-01 9.391929484143640705e-01 9.848540059066634988e-01 -7.586126374851125120e-02 -1.559091272051231769e-01 -4.557178908113150295e-01 1.575298866027498690e+00 1.709307718340947746e+00
1.583561772621320009e+09 1.394409657506547606e-01 9.457569741360196680e-01 2.934279523622813635e-01 1.317822104178648368e-01 -3.114108079336427304e-01 9.410933842074374889e-01 9.814222670851753261e-01 -9.255838618186361388e-02 -1.680573683317410916e-01 -4.560254874358053989e-01 1.579360099447692400e+00 1.717801815218685579e+00
1.583561772621336937e+09 1.575882309001754855e-01 9.467599475950646548e-01 2.807339512696310768e-01 1.397884838180446787e-01 -3.028107180031262557e-01 9.427432571669731587e-01 9.775608060458513826e-01 -1.093218686715591303e-01 -1.800655429195996970e-01 -4.561534322640132810e-01 1.583404305023157432e+00 1.726308632821612621e+00
1.583561772621351957e+09 1.756025280751280782e-01 9.473130553463599002e-01 2.678837949333334190e-01 1.480371922854654410e-01 -2.944275824622928917e-01 9.441384371294053723e-01 9.732670456138741155e-01 -1.261363315365664206e-01 -1.919397927015789318e-01 -4.561048138816089503e-01 1.587425124888481420e+00 1.734827350929915690e+00
1.583561772621361971e+09 1.934725390687109525e-01 9.474165175197857280e-01 2.548927602755787780e-01 1.565375959404017858e-01 -2.862823366946485870e-01 9.452716037379742531e-01 9.685372258866808970e-01 -1.429837973517175398e-01 -2.036940745343421566e-01 -4.558824062006572309e-01 1.591416286352594245e+00 1.743357244208036061e+00
1.583561772621371031e+09 2.111864681256583887e-01 9.470704120443135254e-01 2.417807076562155100e-01 1.653053581043876785e-01 -2.784025031486255242e-01 9.461322237943649016e-01 9.633661892073976940e-01 -1.598426762429922821e-01 -2.153506549265206960e-01 -4.554887197243458474e-01 1.595371562245609276e+00 1.751897660937555390e+00
1.583561772621380091e+09 2.287308634379077721e-01 9.462755261938001761e-01 2.285712600514589743e-01 1.743625709676619451e-01 -2.708217641235716178e-01 9.467065363680837731e-01 9.577472976743302002e-01 -1.766867309144341258e-01 -2.269403294923031944e-01 -4.549260539010093751e-01 1.599284738227288116e+00 1.760448004512703335e+00
1.583561772621388912e+09 2.460893180643239364e-01 9.450343328801487086e-01 2.152908671920954753e-01 1.837374535566771716e-01 -2.635792572475595397e-01 9.469775728014064864e-01 9.516725255788766047e-01 -1.934840693802970246e-01 -2.385022414740574359e-01 -4.541965514624981548e-01 1.603149587432400214e+00 1.769007717192427220e+00
1.583561772621400118e+09 2.632411153617015831e-01 9.433520740195820986e-01 2.019677694831443771e-01 1.934636008397047635e-01 -2.567185272484713288e-01 9.469252520642912341e-01 9.451327687580679537e-01 -2.101962475578226242e-01 -2.500831605008737579e-01 -4.533022555875260706e-01 1.606959853144521277e+00 1.777576265753098017e+00
1.583561772621413946e+09 2.801599349266534755e-01 9.412379111279550736e-01 1.886308718139567964e-01 2.035786571225415842e-01 -2.502860541653599835e-01 9.465266089941831718e-01 9.381184048261381747e-01 -2.267776135832308693e-01 -2.617360745822852053e-01 -4.522451699726392493e-01 1.610709240257979014e+00 1.786153128852263405e+00
1.583561772621423960e+09 2.968127855847053631e-01 9.387060549972245926e-01 1.753086218898308457e-01 2.141224297524320919e-01 -2.443293981012824578e-01 9.457561685656034056e-01 9.306200920022014156e-01 -2.431750147759031699e-01 -2.735181105234903987e-01 -4.510273209051287591e-01 1.614391416066044194e+00 1.794737786056421758e+00
1.583561772621437073e+09 3.131593571402180309e-01 9.357767717453064904e-01 1.620279321023823660e-01 2.251344621544682789e-01 -2.388949678622165895e-01 9.445865065519616355e-01 9.226297693192239135e-01 -2.593280317817471259e-01 -2.854877947162501872e-01 -4.496508198467712436e-01 1.618000020595393940e+00 1.803329708573111256e+00
1.583561772621449947e+09 3.291519478519215891e-01 9.324771273371489366e-01 1.488133142640827578e-01 2.366513751111224417e-01 -2.340256533422190310e-01 9.429889290523365553e-01 9.141417407227293568e-01 -2.751697673183097770e-01 -2.977019940413442312e-01 -4.481179240726622104e-01 1.621528686006724840e+00 1.811928351797850167e+00
1.583561772621459961e+09 3.447360628549954176e-01 9.288413674532891573e-01 1.356862607586215574e-01 2.487042037865242472e-01 -2.297584561982949358e-01 9.409342542939955756e-01 9.051537251950622087e-01 -2.906282267562842470e-01 -3.102127782857870275e-01 -4.464310925905777272e-01 1.624971063891222034e+00 1.820533149784856031e+00
1.583561772621474981e+09 3.598516601811222460e-01 9.249108571843303039e-01 1.226649469545141313e-01 2.613160914722727490e-01 -2.261223670177690825e-01 9.383936144025312176e-01 8.956677303837842219e-01 -3.056281755186143201e-01 -3.230645992864450422e-01 -4.445930345020944752e-01 1.628320858572824159e+00 1.829143511705259018e+00
1.583561772621493101e+09 3.744349108712218266e-01 9.207335694445831775e-01 1.097642560336165585e-01 2.745006067799828364e-01 -2.231366705016541163e-01 9.353392129245773345e-01 8.856906427451846087e-01 -3.200932999121473554e-01 -3.362920827773994148e-01 -4.426067468488161794e-01 1.631571863631023911e+00 1.837758820278716954e+00
1.583561772621509075e+09 3.884202812723530629e-01 9.163631647647229039e-01 9.699605993340046362e-02 2.882607977026821477e-01 -2.208097647217672210e-01 9.317450082457332527e-01 8.752344816401276262e-01 -3.339484965359644786e-01 -3.499185677315415077e-01 -4.404755404791380613e-01 1.634717998926393800e+00 1.846378432013535464e+00
1.583561772621526957e+09 4.017426988072223537e-01 9.118577511530880919e-01 8.436969776548100541e-02 3.025890261411371407e-01 -2.191385562031194778e-01 9.275872867410811518e-01 8.643163110003578842e-01 -3.471220752405905774e-01 -3.639554638320268709e-01 -4.382030531088657033e-01 1.637753345222634271e+00 1.855001678986680114e+00
1.583561772621543884e+09 4.143394709476134752e-01 9.072784840171524978e-01 7.189266679088746059e-02 3.174676485977601659e-01 -2.181085211762986420e-01 9.228450385430954084e-01 8.529578507494806061e-01 -3.595475291269306095e-01 -3.784025361666240039e-01 -4.357932500095545447e-01 1.640672173944634160e+00 1.863627871788850587e+00
1.583561772621562958e+09 4.261518353957973182e-01 9.026881330814585658e-01 5.957136784244831951e-02 3.328702255420533107e-01 -2.176942322139196750e-01 9.175002094211666126e-01 8.411848942901823944e-01 -3.711648635384844352e-01 -3.932487990143901380e-01 -4.332504143308867905e-01 1.643468970767190118e+00 1.872256303198482019e+00
1.583561772621581078e+09 4.371260899847642101e-01 8.981497101006939987e-01 4.741181271146855530e-02 3.487630084742031067e-01 -2.178601975586631212e-01 9.115378754167229314e-01 8.290266253982172540e-01 -3.819215008820355806e-01 -4.084737712248420749e-01 -4.305791298667751565e-01 1.646138452814666753e+00 1.880886252170296036e+00
1.583561772621598959e+09 4.472142512090307997e-01 8.937252473835306521e-01 3.542027651937949828e-02 3.651065646513204643e-01 -2.185619229149253495e-01 9.049463422655242839e-01 8.165149173207042477e-01 -3.917727253276616639e-01 -4.240489614606872126e-01 -4.277842590967151915e-01 1.648675579969602012e+00 1.889516987800849757e+00
1.583561772621617079e+09 4.563743281381476002e-01 8.894747506201933218e-01 2.360383251753046807e-02 3.818573332547100518e-01 -2.197470482107644341e-01 8.977172226941886324e-01 8.036836752713680809e-01 -4.006817977909178374e-01 -4.399393677032453764e-01 -4.248709185826717305e-01 1.651075560766785966e+00 1.898147773024024598e+00
1.583561772621634960e+09 4.645702854938988935e-01 8.854553354374022911e-01 1.197075876756442669e-02 3.989690207829774682e-01 -2.213564817883938163e-01 8.898455082233357460e-01 7.905682579837515211e-01 -4.086198198623979816e-01 -4.561048920127312445e-01 -4.218444532722410711e-01 1.653333853322887848e+00 1.906777867855603326e+00
1.583561772621654034e+09 4.717717334603723223e-01 8.817205623103488987e-01 5.308397442895396862e-04 4.163938156660660916e-01 -2.233254904746449498e-01 8.813296294002735953e-01 7.772050064305652262e-01 -4.155653685903311079e-01 -4.725016430039526982e-01 -4.187104113651464177e-01 1.655446162385097564e+00 1.915406532068361756e+00
1.583561772621671915e+09 4.779534277934531228e-01 8.783199509217273215e-01 -1.070443633544944720e-02 4.340833841574989749e-01 -2.255846934884275512e-01 8.721715208269618103e-01 7.636308903485599098e-01 -4.215039859176067383e-01 -4.890830741242466195e-01 -4.154745207340940771e-01 1.657408433319010665e+00 1.924033027240334759e+00
