1.584057357316426992e+09 8.706408228706875585e-01 -4.222154197520730512e-01 -2.524256268013657656e-01 -3.701906797092394674e-01 -2.244281068092747189e-01 -9.014382317897733365e-01 3.239497158885205064e-01 8.782745382185820349e-01 -3.516964848018102052e-01 -6.874198516950889848e-02 -6.220038312758747745e-01 2.993658879621894364e-01
1.584057357316478014e+09 8.740812794763376248e-01 -4.154693756765922008e-01 -2.517282561321650403e-01 -3.741297844915562054e-01 -2.452221715711894456e-01 -8.943673692214338944e-01 3.098529029079159502e-01 8.759288125927495727e-01 -3.697835774593835056e-01 -7.998437465411992187e-02 -6.316649980476739534e-01 2.997464610198715129e-01
1.584057357316548109e+09 8.768776906818469552e-01 -4.088041533251652870e-01 -2.529123959002314570e-01 -3.793382138637547141e-01 -2.652820052146856455e-01 -8.864129835543862468e-01 2.952762017173732878e-01 8.732151064992353939e-01 -3.876949094457607936e-01 -9.158191641905939762e-02 -6.408413689277432379e-01 3.008260642109950034e-01
1.584057357316569090e+09 8.790553774042927371e-01 -4.024150427255776541e-01 -2.555851659157816202e-01 -3.855121717741367138e-01 -2.846887346163725074e-01 -8.776859859872288006e-01 2.804318260869865798e-01 8.700657780050109480e-01 -4.053930601173625914e-01 -1.035008617600754466e-01 -6.494844199697734632e-01 3.025897850537154765e-01
1.584057357316589117e+09 8.806907275707324123e-01 -3.963841858053460121e-01 -2.593519226953928114e-01 -3.923293525219128108e-01 -3.035650283956788931e-01 -8.682890952250433836e-01 2.654458922850305158e-01 8.664455268872235383e-01 -4.228600566799752825e-01 -1.157028535494892124e-01 -6.575523793769559866e-01 3.050174851882812010e-01
1.584057357316606998e+09 8.818983784223095590e-01 -3.906952438318483933e-01 -2.638417646520436199e-01 -3.994627788483096631e-01 -3.220551437325621102e-01 -8.583181070629020137e-01 2.503692046951688788e-01 8.623443112390331011e-01 -4.400881167939581506e-01 -1.281461489251261299e-01 -6.650110736181374937e-01 3.080845001832503982e-01
1.584057357316620111e+09 8.828223003357591470e-01 -3.852466388792777363e-01 -2.687188371765739103e-01 -4.065836745869106372e-01 -3.403098495030182358e-01 -8.478672785834451275e-01 2.351903522609217478e-01 8.577728334743028871e-01 -4.570681182122809383e-01 -1.407868956245543757e-01 -6.718344582364889073e-01 3.117624406122112002e-01
1.584057357316636086e+09 8.836303994925425176e-01 -3.798604930111033062e-01 -2.736847148334092261e-01 -4.133569034595506730e-01 -3.584745094570344626e-01 -8.370376912861990926e-01 2.198485561946849909e-01 8.527614157554396224e-01 -4.737769311259856231e-01 -1.535803933586742942e-01 -6.780048291063609511e-01 3.160200502259783439e-01
1.584057357316653013e+09 8.845117046660564419e-01 -3.742865511616025875e-01 -2.784755323538042893e-01 -4.194312805133774691e-01 -3.766775635017188262e-01 -8.259487964051879239e-01 2.042460414308498451e-01 8.473627269684775865e-01 -4.901632012234692359e-01 -1.664822790799626862e-01 -6.835127297101711852e-01 3.208240773221953668e-01
1.584057357316670895e+09 8.856748087876799014e-01 -3.682017353012917993e-01 -2.828561743916154780e-01 -4.244264346246763298e-01 -3.950157474860361839e-01 -8.147544176202398125e-01 1.882613472645097707e-01 8.416591006100930805e-01 -5.061300463474058819e-01 -1.794495860751331995e-01 -6.883565879046023017e-01 3.261401179214528101e-01
1.584057357316689968e+09 8.873346386310611011e-01 -3.612549404807044451e-01 -2.865869977078560615e-01 -4.278958217227691874e-01 -4.134056122906696329e-01 -8.037418526371731264e-01 1.718790418855796753e-01 8.358173652088262129e-01 -5.214085991860291092e-01 -1.924416408163077963e-01 -6.925421256877751786e-01 3.319333974447926106e-01
1.584057357316708088e+09 8.885978722603069535e-01 -3.547829410885957047e-01 -2.907282000742565931e-01 -4.314910776757805988e-01 -4.315537707263078504e-01 -7.921974457545047921e-01 1.555932887409347820e-01 8.293915890357250742e-01 -5.365634360118487489e-01 -2.054188869181941823e-01 -6.960610491640969455e-01 3.381850021784864602e-01
1.584057357316725969e+09 8.894760540853217101e-01 -3.488127896447396070e-01 -2.952320903636593274e-01 -4.351929137686194604e-01 -4.494530457130013201e-01 -7.801276098861957831e-01 1.394255256894586237e-01 8.223877417357434716e-01 -5.515785758695388452e-01 -2.183433127626925874e-01 -6.989324082813554995e-01 3.448624877814040479e-01
1.584057357316744089e+09 8.899814724411043709e-01 -3.433671489570410129e-01 -3.000532951329019649e-01 -4.389838089401250643e-01 -4.670943605257335540e-01 -7.675389723364791639e-01 1.233944666437130910e-01 8.148140031065866928e-01 -5.664379456501825727e-01 -2.311811460210197733e-01 -7.011797994118293964e-01 3.519345151360837032e-01
1.584057357316761971e+09 8.901270824698507278e-01 -3.384642593562047219e-01 -3.051486889757232812e-01 -4.428476891811012894e-01 -4.844669829842138675e-01 -7.544386434873248115e-01 1.075160520013568599e-01 8.066806603679542720e-01 -5.811252972291165442e-01 -2.439029787476555966e-01 -7.028303713364810745e-01 3.593712405555311573e-01
1.584057357316778898e+09 8.899264332669128974e-01 -3.341178353727441985e-01 -3.104773995802238007e-01 -4.467696191253525684e-01 -5.015588037837670488e-01 -7.408344443770460419e-01 9.180332780335703768e-02 7.980000242521319009e-01 -5.956241353631437363e-01 -2.564837243145774992e-01 -7.039138551531738397e-01 3.671446056162038785e-01
1.584057357316795111e+09 8.893935767860292607e-01 -3.303369629970442367e-01 -3.160008807599723468e-01 -4.507355288041569596e-01 -5.183566444381088045e-01 -7.267350772065179765e-01 7.626630213197012342e-02 7.887863337537907027e-01 -6.099176757330736498e-01 -2.689024341230526471e-01 -7.044616554272523645e-01 3.752285317736913650e-01
1.584057357316807032e+09 8.885429871782255518e-01 -3.271259699041880187e-01 -3.216830115845026317e-01 -4.547319162291693639e-01 -5.348466081518997717e-01 -7.121502582410670357e-01 6.091177631342078319e-02 7.790556500231318182e-01 -6.239888220173864797e-01 -2.811420052670315917e-01 -7.045060307329943372e-01 3.835990293461660205e-01
1.584057357316817045e+09 8.873894443635521601e-01 -3.244843998039348421e-01 -3.274902265831177717e-01 -4.587456054849842757e-01 -5.510144458577675985e-01 -6.970907760874009984e-01 4.574323637837047346e-02 7.688256987175160484e-01 -6.378201953892821408e-01 -2.931888117783685854e-01 -7.040793845286561492e-01 3.922342320920089720e-01
1.584057357316826105e+09 8.859478739527539837e-01 -3.224071575026803416e-01 -3.333916459977252500e-01 -4.627635835933123221e-01 -5.668459132234221487e-01 -6.815684679939665314e-01 3.076086038853121513e-02 7.581156479849425756e-01 -6.513942232456426673e-01 -3.050322903634331562e-01 -7.032136768313245190e-01 4.011143709284794023e-01
1.584057357316836119e+09 8.842331840103515583e-01 -3.208847708539985244e-01 -3.393591612441431149e-01 -4.667728601948136768e-01 -5.823271152743241252e-01 -6.655961448233452815e-01 1.596162501995521815e-02 7.469458447002784718e-01 -6.646932615432294966e-01 -3.166645072574982844e-01 -7.019399572729894121e-01 4.102217014475316170e-01
1.584057357316847086e+09 8.822601262835753078e-01 -3.199037205427088248e-01 -3.453674555375159660e-01 -4.707603164324626888e-01 -5.974448343364286984e-01 -6.491874880178973850e-01 1.339490504559351369e-03 7.353375277859848236e-01 -6.776997316836200769e-01 -3.280797274703927680e-01 -7.002880130313465790e-01 4.195403992256971915e-01
1.584057357316858053e+09 8.800431983386063362e-01 -3.194467985172083080e-01 -3.513939557910731315e-01 -4.747125266075452044e-01 -6.121868372866495767e-01 -6.323569352325573156e-01 -1.311435594009711936e-02 7.233125323335514167e-01 -6.903962590909427099e-01 -3.392740027956288040e-01 -6.982861215282425427e-01 4.290564346880009206e-01
1.584057357316867113e+09 8.775965930335288823e-01 -3.194934706117337764e-01 -3.574187212833822014e-01 -4.786155508699868055e-01 -6.265421577467346070e-01 -6.151195649898870688e-01 -2.741121217466210153e-02 7.108929926937890276e-01 -7.027658064499514579e-01 -3.502447893900202391e-01 -6.959608941598189880e-01 4.387574377161793104e-01
1.584057357316883087e+09 8.749341925565441436e-01 -3.200202375454159753e-01 -3.634242788370635746e-01 -4.824547113282909860e-01 -6.405013464213273888e-01 -5.974909848286122926e-01 -4.156453300332541706e-02 6.981010478793855389e-01 -7.147917996697960019e-01 -3.609906022109527490e-01 -6.933371976580287033e-01 4.486325591863847828e-01
1.584057357316894054e+09 8.720696040884312605e-01 -3.210009870271257615e-01 -3.693954143517401145e-01 -4.862143619070224965e-01 -6.540566852226683547e-01 -5.794872276355581553e-01 -5.558956818840879444e-02 6.849585528317951866e-01 -7.264582445952869616e-01 -3.715107119737691144e-01 -6.904381417092358975e-01 4.586723333746558495e-01
1.584057357316911936e+09 8.690161815814052559e-01 -3.224074653269843327e-01 -3.753189345643772601e-01 -4.898777646976885669e-01 -6.672023132081094099e-01 -5.611246288538821458e-01 -6.950289199211934221e-02 6.714867830443596031e-01 -7.377498549852352649e-01 -3.818048877965871668e-01 -6.872851212297987900e-01 4.688685437762042385e-01
1.584057357316930056e+09 8.657869847889145820e-01 -3.242099734180055037e-01 -3.811834076895945778e-01 -4.934271775559126993e-01 -6.799342060233246610e-01 -5.424196679053037151e-01 -8.332177152460928937e-02 6.577061417271420352e-01 -7.486521981892954036e-01 -3.918731848498375192e-01 -6.838979001230716115e-01 4.792140949064832012e-01
1.584057357316947937e+09 8.623947300773404656e-01 -3.263781099164467236e-01 -3.869788871419661547e-01 -4.968440464632717379e-01 -6.922500529493698096e-01 -5.233888209423850357e-01 -9.706350096426077934e-02 6.436359171197819640e-01 -7.591518183494028182e-01 -4.017157730786710124e-01 -6.802947233060482324e-01 4.897028924710534192e-01
1.584057357316966057e+09 8.588516384784956603e-01 -3.288817534574315360e-01 -3.926966456655878734e-01 -5.001094820534297547e-01 -7.041489438090691166e-01 -5.040483817002945344e-01 -1.107446126619571203e-01 6.292940945383035389e-01 -7.692363574837296492e-01 -4.113328029789125595e-01 -6.764924470010998947e-01 5.003297326113023136e-01
1.584057357316983938e+09 8.551691221831095868e-01 -3.316923604450974228e-01 -3.983289478287576624e-01 -5.032051240432194872e-01 -7.156308072102197659e-01 -4.844142350407970032e-01 -1.243799653957733120e-01 6.146972637300800457e-01 -7.788946645729223350e-01 -4.207243055264340281e-01 -6.725066804225323658e-01 5.110901993878349536e-01
1.584057357317002058e+09 8.513573171085460078e-01 -3.347844658259594430e-01 -4.038688899120622677e-01 -5.061143473733837883e-01 -7.266956221862458376e-01 -4.645016041737875523e-01 -1.379818327870929173e-01 5.998606791397630422e-01 -7.881168566728943281e-01 -4.298901221870837230e-01 -6.683519322799098550e-01 5.219805700602496712e-01
1.584057357317020893e+09 8.474245358457235255e-01 -3.381371191455404546e-01 -4.093103283500801881e-01 -5.088236109503279092e-01 -7.373425175756413985e-01 -4.443248191543517911e-01 -1.515591936406801843e-01 5.847985128828918633e-01 -7.968942906573063256e-01 -4.388298583549117282e-01 -6.640417551038786392e-01 5.329977289739065149e-01
1.584057357317039013e+09 8.433767118643622496e-01 -3.417350375807717833e-01 -4.146479062601914900e-01 -5.113237500931384627e-01 -7.475688833738542982e-01 -4.238971424811934230e-01 -1.651173663387181523e-01 5.695243005680803439e-01 -8.052194276873049228e-01 -4.475428540745706174e-01 -6.595888827281995992e-01 5.441390903702124637e-01
1.584057357317056894e+09 8.392168300985530793e-01 -3.455694742493512495e-01 -4.198771853027961631e-01 -5.136111733856776329e-01 -7.573695303992915573e-01 -4.032306501222431838e-01 -1.786579828725000652e-01 5.540515617922119329e-01 -8.130855996516028750e-01 -4.560281671085988919e-01 -6.550053584628401371e-01 5.554025298356436435e-01
1.584057357317075968e+09 8.349442975838758940e-01 -3.496389039887195516e-01 -4.249948904883097955e-01 -5.156890170370473925e-01 -7.667358739443999038e-01 -3.823361577407295431e-01 -1.921792336106875887e-01 5.383945919646725420e-01 -8.204866883997989913e-01 -4.642845674942434608e-01 -6.503026545443117978e-01 5.667863222219551300e-01
1.584057357317094088e+09 8.305542961190913731e-01 -3.539494433329312129e-01 -4.299992476201143221e-01 -5.175681434111736312e-01 -7.756552032943890840e-01 -3.612232311606127788e-01 -2.056763922185944060e-01 5.225694187350856668e-01 -8.274167176314991545e-01 -4.723105421741672361e-01 -6.454917828044443029e-01 5.782890846774630944e-01
1.584057357317112923e+09 8.260371893412798983e-01 -3.585148900853714626e-01 -4.348903719371909338e-01 -5.192678283664660110e-01 -7.841101232291824985e-01 -3.399003343260392773e-01 -2.191426121072264366e-01 5.065948958142652003e-01 -8.338693707188326032e-01 -4.801043079004800873e-01 -6.405833962724228892e-01 5.899097239896397005e-01
1.584057357317123890e+09 8.213781074833447216e-01 -3.633562130053293315e-01 -4.396706349177080253e-01 -5.208159120839602751e-01 -7.920782986020037386e-01 -3.183751793180023548e-01 -2.325699689559042882e-01 4.904938649776398596e-01 -8.398374713528878877e-01 -4.876638320909065238e-01 -6.355878820921984085e-01 6.016473869877668745e-01
1.584057357317132950e+09 8.165566079834357671e-01 -3.685007674492198904e-01 -4.443450129565507667e-01 -5.222486388771939714e-01 -7.995323751534936241e-01 -2.966552552613789251e-01 -2.459505343416622525e-01 4.742943871641011611e-01 -8.453124684345705298e-01 -4.949868619959486571e-01 -6.305154460956310380e-01 6.135014127443875198e-01
1.584057357317142010e+09 8.115464842797396328e-01 -3.739811643513077377e-01 -4.489213658928144501e-01 -5.236100879466059066e-01 -8.064401397391028903e-01 -2.747485705513064147e-01 -2.592774187000625452e-01 4.580309923474535361e-01 -8.502839705243805390e-01 -5.020709632798784350e-01 -6.253761891965352593e-01 6.254712852621758801e-01
1.584057357317157030e+09 8.063158131179237742e-01 -3.798337167233087341e-01 -4.534105836298644721e-01 -5.249510881947645480e-01 -8.127649998753918581e-01 -2.526646199659721148e-01 -2.725457112371674762e-01 4.417458577493458827e-01 -8.547393946559310729e-01 -5.089135693812671946e-01 -6.201801753108043824e-01 6.375565855070368659e-01
1.584057357317173958e+09 8.008273510605683487e-01 -3.860963920698129437e-01 -4.578265283002090902e-01 -5.263275032109441254e-01 -8.184668806099014704e-01 -2.304155483258309156e-01 -2.857532385685148668e-01 4.254897667331706823e-01 -8.586638139471255426e-01 -5.155120422263933522e-01 -6.149374898241886100e-01 6.497569422874085454e-01
1.584057357317183971e+09 7.950393094536344352e-01 -3.928063599433685993e-01 -4.621857421026361878e-01 -5.277979418049681959e-01 -8.235035458515452822e-01 -2.080174098440650543e-01 -2.989010358731099548e-01 4.093227012707762458e-01 -8.620400787130741982e-01 -5.218637435541987335e-01 -6.096582871527469472e-01 6.620719822777562102e-01
1.584057357317193031e+09 7.889065573127929110e-01 -3.999972090208627762e-01 -4.665068882619343715e-01 -5.294209275569307094e-01 -8.278323692014663004e-01 -1.854913749178355720e-01 -3.119934702690516648e-01 3.933138714740065933e-01 -8.648492778194761810e-01 -5.279661151912775630e-01 -6.043528259120142243e-01 6.745012800050436130e-01
1.584057357317202091e+09 7.823821062650803126e-01 -4.076961800186951201e-01 -4.708100092243324708e-01 -5.312518857889559909e-01 -8.314123704720247643e-01 -1.628646808661398659e-01 -3.250379575367162710e-01 3.775411172823807671e-01 -8.670715260293109239e-01 -5.338167649210667776e-01 -5.990314903958803283e-01 6.870443094091123193e-01
1.584057357317210913e+09 7.754187914906010004e-01 -4.159216312695055984e-01 -4.751156644826655673e-01 -5.333401739732487323e-01 -8.342063940129276212e-01 -1.401711497277375873e-01 -3.380443119298137677e-01 3.620896146580757646e-01 -8.686870290604847833e-01 -5.394135536653467122e-01 -5.937047977468922211e-01 6.997003989213650410e-01
1.584057357317219973e+09 7.679709490202313305e-01 -4.246810495736242919e-01 -4.794440820215070675e-01 -5.357265263798488553e-01 -8.361831842306548523e-01 -1.174511453529786670e-01 -3.510238034572339405e-01 3.470499801970656217e-01 -8.696772970366077882e-01 -5.447546790383591686e-01 -5.883833911200780920e-01 7.124686921443689203e-01
1.584057357317229986e+09 7.599959249899495006e-01 -4.339697965278512815e-01 -4.838144374568433825e-01 -5.384411721712517584e-01 -8.373191524088962057e-01 -9.475094364679684245e-02 -3.639880469331309709e-01 3.325159438605200246e-01 -8.700263496570771471e-01 -5.498387494557563926e-01 -5.830780202550877034e-01 7.253481163761530404e-01
1.584057357317241907e+09 7.514553283173497356e-01 -4.437706321513880114e-01 -4.882443197568785975e-01 -5.415027235846598952e-01 -8.375997121740870188e-01 -7.212158288712325338e-02 -3.769478612429573716e-01 3.185817766529308037e-01 -8.697217726481777378e-01 -5.546648447986090025e-01 -5.777995119579181216e-01 7.383373601749442239e-01
1.584057357317251921e+09 7.423159515425276078e-01 -4.540539963077749874e-01 -4.927494258889464351e-01 -5.449178761479963606e-01 -8.370200881969390716e-01 -4.961733982195500742e-02 -3.899122164575262728e-01 3.053397134343588948e-01 -8.687555025358222327e-01 -5.592325602204367696e-01 -5.725587337491822026e-01 7.514348607058710661e-01
1.584057357317260981e+09 7.325502209764608308e-01 -4.647790232603686289e-01 -4.973435768921837807e-01 -5.486820170186318402e-01 -8.355854700315616945e-01 -2.729407764263723501e-02 -4.028873516901439467e-01 2.928777595119939625e-01 -8.671242126481091272e-01 -5.635420315313715012e-01 -5.673665543287962354e-01 7.646388006652867775e-01
1.584057357317274094e+09 7.221363257939091840e-01 -4.758949768985385465e-01 -5.020389408432855971e-01 -5.527804095503451309e-01 -8.333106859846642900e-01 -5.207652348537466364e-03 -4.158761185638480962e-01 2.812779262457897889e-01 -8.648293372361984810e-01 -5.675939433973709036e-01 -5.622338041909478168e-01 7.779471133613860001e-01
1.584057357317286015e+09 7.110581379751771403e-01 -4.873428791309888375e-01 -5.068463699890016771e-01 -5.571897024695791067e-01 -8.302195437073059958e-01 1.658749258197642074e-02 -4.288775583870376717e-01 2.706149064863007658e-01 -8.618767966644942380e-01 -5.713895234356505259e-01 -5.571712388946797878e-01 7.913574938689631466e-01
1.584057357317298889e+09 6.993049589787010412e-01 -4.990571914080952909e-01 -5.117758242073345842e-01 -5.618796349299982618e-01 -8.263439221276405178e-01 3.803943237618648970e-02 -4.418866940824060507e-01 2.609552495576640818e-01 -8.582764750652818186e-01 -5.749305259096372245e-01 -5.521895065465277641e-01 8.048674141075845556e-01
1.584057357317315102e+09 6.868712116588726602e-01 -5.109673910098083693e-01 -5.168367867231755675e-01 -5.668147215799127503e-01 -8.217227718098963907e-01 5.909955914564505447e-02 -4.548945044781674274e-01 2.523569135533809682e-01 -8.540415553745848154e-01 -5.782192078295396165e-01 -5.472991204888590921e-01 8.184741402384095865e-01
1.584057357317389965e+09 6.737561266114729941e-01 -5.229993742749793340e-01 -5.220386351151801163e-01 -5.719558202492286414e-01 -8.164011082366542382e-01 7.972308545746012443e-02 -4.678880440319233558e-01 2.448691184732719739e-01 -8.491877845325906948e-01 -5.812582996249404665e-01 -5.425104378063902999e-01 8.321747511659409735e-01
1.584057357317413092e+09 6.599634259922266821e-01 -5.350766605284561495e-01 -5.273909782142215397e-01 -5.772615591248566602e-01 -8.104290367554547458e-01 9.986925924541537047e-02 -4.808506721660052996e-01 2.385324798529044332e-01 -8.437327109114537427e-01 -5.840509732098295714e-01 -5.378336434949185785e-01 8.459661568150207422e-01
1.584057357317437887e+09 6.455010402208708475e-01 -5.471213728717326807e-01 -5.329039412616121130e-01 -5.826895744742400796e-01 -8.038608650637306674e-01 1.195013373141997626e-01 -4.937623589214785724e-01 2.333793332086995520e-01 -8.376949445189614263e-01 -5.866008092668066887e-01 -5.332787399667004991e-01 8.598451153671350378e-01
