1.586177204819354057e+09 8.808787321714509622e-01 -4.732873333147921135e-01 -7.194408112477519712e-03 -4.769000463425737690e-02 -7.361792782522738610e-02 -9.961456040882376017e-01 4.709334590576710333e-01 8.778265780619807224e-01 -8.741954203670455892e-02 6.382175047477672836e-02 -7.920143407772064492e-01 2.722623723690808517e-01
1.586177204819400072e+09 8.804982938959231564e-01 -4.740413919734153825e-01 2.741043336928066475e-03 -5.596063444559613853e-02 -1.096811981086628779e-01 -9.923902672625936061e-01 4.707347045139911312e-01 8.736445465982956016e-01 -1.231017648416617566e-01 5.515343020815196423e-02 -8.022097070002434105e-01 2.689122835144011070e-01
1.586177204819423914e+09 8.805456001732936411e-01 -4.738150944173963874e-01 1.177720231070354326e-02 -6.503937075093003950e-02 -1.454089540367230760e-01 -9.872315415960177809e-01 4.694777166853499883e-01 8.685364083964514093e-01 -1.588558502787415783e-01 4.593777935672924140e-02 -8.120765440871070551e-01 2.660793222704510019e-01
1.586177204819442034e+09 8.809959334697599065e-01 -4.727117050074238769e-01 1.974358977041644828e-02 -7.497545714955737572e-02 -1.806918970009452619e-01 -9.806778877735996547e-01 4.671454230042119682e-01 8.624929464224422304e-01 -1.946306026313547877e-01 3.618865131076470093e-02 -8.215578282215932893e-01 2.637624023604329127e-01
1.586177204819458961e+09 8.818057827529011128e-01 -4.708671680084260402e-01 2.650795688365964117e-02 -8.579136608308807199e-02 -2.154254885849213319e-01 -9.727444169773562521e-01 4.637438983026764272e-01 8.554974981152546620e-01 -2.303597791513114501e-01 2.592778577516657856e-02 -8.306000651364081611e-01 2.619565910146774979e-01
1.586177204819475889e+09 8.829180866401148409e-01 -4.684367975775439175e-01 3.197841694326850059e-02 -9.748557473923917527e-02 -2.495137914664692647e-01 -9.634518311660391632e-01 4.592953463877803566e-01 8.475316129012346877e-01 -2.659660697693480569e-01 1.518402340846896834e-02 -8.391546843468653538e-01 2.606533546373432375e-01
1.586177204819493055e+09 8.842672156981958853e-01 -4.655836957166276657e-01 3.610143663379201256e-02 -1.100368216135640537e-01 -2.828713935427075721e-01 -9.528251009507501257e-01 4.538318954782568082e-01 8.385795116294816332e-01 -3.013652496166989159e-01 3.992276647965438581e-03 -8.471792148392611743e-01 2.598409018876652321e-01
1.586177204819509029e+09 8.857831963605556913e-01 -4.624697328592209944e-01 3.885711583134855707e-02 -1.234089203028660153e-01 -3.154236803838585956e-01 -9.408922045839098747e-01 4.473906209008406965e-01 8.286311895968554442e-01 -3.364698861991982093e-01 -7.607677279477757966e-03 -8.546381918473793249e-01 2.595046053560534638e-01
1.586177204819525003e+09 8.873949520682166137e-01 -4.592492711475439360e-01 4.025302750594947354e-02 -1.375555200117423715e-01 -3.471058929181702335e-01 -9.276831239303067189e-01 4.400098614857319013e-01 8.176842950591345360e-01 -3.711922894917699112e-01 -1.957250812127145703e-02 -8.615037646028157470e-01 2.596274789717856191e-01
1.586177204819540977e+09 8.890325222091053359e-01 -4.560654011353451609e-01 4.031779482916986179e-02 -1.524243086465021102e-01 -3.778614941854318010e-01 -9.132291726379175856e-01 4.317267710521816015e-01 8.057450225952927925e-01 -4.054466106605928988e-01 -3.185667539110324797e-02 -8.677559958894827119e-01 2.601906862940066567e-01
1.586177204819556952e+09 8.906283810309260085e-01 -4.530481719542809871e-01 3.909528141898452325e-02 -1.679603353716660474e-01 -4.076403280447147837e-01 -8.975626379839912738e-01 4.225759256046314749e-01 7.928283024567712722e-01 -4.391501682787989913e-01 -4.441373345795168043e-02 -8.733828638281817547e-01 2.611740549553240309e-01
1.586177204819572926e+09 8.921279012076237525e-01 -4.502834122667020433e-01 3.677848232933764172e-02 -1.839885240293757662e-01 -4.364638232555392849e-01 -8.807085524882768413e-01 4.126209291476011787e-01 7.789378537219157073e-01 -4.722285349752384787e-01 -5.720392522817046438e-02 -8.783588095668529716e-01 2.625738129714487723e-01
1.586177204819587946e+09 8.934777570763725585e-01 -4.478622106724819973e-01 3.342062386379895944e-02 -2.004607086691982676e-01 -4.642925578179187829e-01 -8.626980499839350669e-01 4.018868026568752638e-01 7.641019966857691692e-01 -5.046138492822495047e-01 -7.017765356819673228e-02 -8.826892800535660610e-01 2.643731912915600613e-01
1.586177204819602966e+09 8.946276477774922631e-01 -4.458652387948170426e-01 2.907852996053461245e-02 -2.173304603343928221e-01 -4.910887954181477055e-01 -8.435634335584611954e-01 3.903957519046271085e-01 7.483555199104821032e-01 -5.362417114424493647e-01 -8.328811903564871388e-02 -8.863858512972028203e-01 2.665548008539255220e-01
1.586177204819617987e+09 8.955301909810420291e-01 -4.443632295100716223e-01 2.381171012236892731e-02 -2.345527631594920837e-01 -5.168163281218332017e-01 -8.233382565460319880e-01 3.781675271625088430e-01 7.317391636204951810e-01 -5.670512483013908644e-01 -9.649197408291286526e-02 -8.894653936604055566e-01 2.691009734204331538e-01
1.586177204819634914e+09 8.961409013923820055e-01 -4.434172243472871422e-01 1.768191850197668030e-02 -2.520833500293552243e-01 -5.414406569245469036e-01 -8.020573546065389303e-01 3.652197554303515670e-01 7.142990833747578927e-01 -5.969852176643648534e-01 -1.097497727375108811e-01 -8.919491683710200070e-01 2.719940690003785355e-01
1.586177204819653034e+09 8.964182801133213641e-01 -4.430785950735284251e-01 1.075294864011672180e-02 -2.698778646009848958e-01 -5.649294253516641273e-01 -7.797568101540361951e-01 3.515682089534755694e-01 6.960862757497258135e-01 -6.259901688864739633e-01 -1.230262250389734385e-01 -8.938618984183627214e-01 2.752167452276761406e-01
1.586177204819670916e+09 8.963239775431901535e-01 -4.433889680325101557e-01 3.090395821647528782e-03 -2.878910805449454990e-01 -5.872529556835004438e-01 -7.564738542705907731e-01 3.372270055858350157e-01 6.771559564787100749e-01 -6.540166341045222653e-01 -1.362902737357356842e-01 -8.952308567059068523e-01 2.787521842936646066e-01
1.586177204819690943e+09 8.958229948725905389e-01 -4.443801507727451194e-01 -5.238673000749082334e-03 -3.060762457511006507e-01 -6.083848199242534172e-01 -7.322467091656964522e-01 3.222087738099395637e-01 6.575668732611387179e-01 -6.810193195834157720e-01 -1.495150181013658042e-01 -8.960850072940000910e-01 2.825842760525502650e-01
1.586177204819709063e+09 8.948839303396208811e-01 -4.460740686310396552e-01 -1.416604224817201788e-02 -3.243844734019069587e-01 -6.283024732319284489e-01 -7.071143584723448283e-01 3.065248194106125479e-01 6.373805203723197366e-01 -7.069572884634517385e-01 -1.626775141538281122e-01 -8.964542270694508819e-01 2.866977585719988064e-01
1.586177204819726944e+09 8.934792015477337479e-01 -4.484828648125682715e-01 -2.362279850588510852e-02 -3.427643491620907534e-01 -6.469878052751373287e-01 -6.811162758150004493e-01 2.901853160097792594e-01 6.166602793420952189e-01 -7.317940848561346190e-01 -1.757584825691908548e-01 -8.963686285066732040e-01 2.910783181496578997e-01
1.586177204819745064e+09 8.915851909344225668e-01 -4.516092574085996958e-01 -3.353991901296638628e-02 -3.611618151841720081e-01 -6.644275232182230706e-01 -6.542921442706751689e-01 2.731995440070372205e-01 5.954705243212660148e-01 -7.554977592258612651e-01 -1.887419550724905859e-01 -8.958579943024110870e-01 2.957126528889970629e-01
1.586177204819761992e+09 8.891823238446933120e-01 -4.554471125802654341e-01 -4.384886364050907814e-02 -3.795202317397802227e-01 -6.806133972939211185e-01 -6.266815758705190920e-01 2.555761901129627867e-01 5.738757107491054832e-01 -7.780407958686652581e-01 -2.016148869499879148e-01 -8.949513252474402547e-01 3.005885056464668303e-01
1.586177204819780111e+09 8.862550968947050523e-01 -4.599821801533963694e-01 -5.448208336324299877e-02 -3.977805455561371217e-01 -6.955423935962118387e-01 -5.983238393201969485e-01 2.373237053050376855e-01 5.519394649526170316e-01 -7.993999539057410342e-01 -2.143667586515606849e-01 -8.936764958805816228e-01 3.056946727218985416e-01
1.586177204819797993e+09 8.827920758911135257e-01 -4.651929384041486037e-01 -6.537339704257771889e-02 -4.158815187145663561e-01 -7.092167111471950891e-01 -5.692576037547223411e-01 2.184507116820074146e-01 5.297236893020328408e-01 -8.195560383123671189e-01 -2.269891846178830330e-01 -8.920600089610519756e-01 3.110209938513163186e-01
1.586177204819809914e+09 8.787858780512042278e-01 -4.710515059003043681e-01 -7.645822104223676252e-02 -4.337599961076694099e-01 -7.216437294121821333e-01 -5.395207076545797120e-01 1.989664459596937884e-01 5.072876963885932788e-01 -8.384936176568769106e-01 -2.394755422266591771e-01 -8.901268362071325102e-01 3.165583290207866218e-01
1.586177204819823027e+09 8.742331433044715494e-01 -4.775245961812337736e-01 -8.767366439271795375e-02 -4.513512137584151374e-01 -7.328358577502166460e-01 -5.091499659684329826e-01 1.788812267815242663e-01 4.846873899270782160e-01 -8.562007014288224305e-01 -2.518206297905375424e-01 -8.879003329849561865e-01 3.222985259208450692e-01
1.586177204819837093e+09 8.691344998148117229e-01 -4.845744898411047386e-01 -9.895850274233235211e-02 -4.685891461441487604e-01 -7.428102846443929153e-01 -4.781810259240326100e-01 1.582069330353838565e-01 4.619745070210030669e-01 -8.726683915317621221e-01 -2.640203601331259642e-01 -8.854022165351024265e-01 3.282343795056785751e-01
1.586177204819845915e+09 8.634944370613468756e-01 -4.921601268317977729e-01 -1.102531947797003170e-01 -4.854070545376682477e-01 -7.515884867670949987e-01 -4.466483386015897006e-01 1.369574710887934144e-01 4.391960341694857717e-01 -8.878904746978382168e-01 -2.760714936801545449e-01 -8.826525970384108133e-01 3.343595845524058308e-01
1.586177204819859028e+09 8.573209973762218050e-01 -5.002383817697120261e-01 -1.215000786023375384e-01 -5.017383506252338643e-01 -7.591953928457926271e-01 -4.145853149894956347e-01 1.151491871123508648e-01 4.163939447191806753e-01 -9.018629318721104182e-01 -2.879714116462009921e-01 -8.796700491741602512e-01 3.406686831130614213e-01
1.586177204819869041e+09 8.506253804723252765e-01 -5.087653109088630110e-01 -1.326435854092983813e-01 -5.175175374206777423e-01 -7.656584096222359692e-01 -3.820246047679816126e-01 9.280119011314516553e-02 3.936052063954885716e-01 -9.145834467058449047e-01 -2.997179269625305786e-01 -8.764717116399108887e-01 3.471570094727164379e-01
1.586177204819881916e+09 8.434213121146819647e-01 -5.176975001336742155e-01 -1.436307378808812096e-01 -5.326814379890505435e-01 -7.710061428543015793e-01 -3.489985869802288421e-01 6.993551476848781923e-02 3.708622740933433248e-01 -9.260508613487570262e-01 -3.113091299363770492e-01 -8.730734051282793562e-01 3.538206338979937304e-01
1.586177204819894075e+09 8.357240864685492321e-01 -5.269935094363323858e-01 -1.544120867885698523e-01 -5.471707523610966906e-01 -7.752667969916011703e-01 -3.155401110070186754e-01 4.657702647664457851e-02 3.481942486630282829e-01 -9.362645706097061371e-01 -3.227432660883673976e-01 -8.694897622678426918e-01 3.606563049195951609e-01
1.586177204819904089e+09 8.275493204051491691e-01 -5.366152394529208891e-01 -1.649430426601063149e-01 -5.609317463819351035e-01 -7.784664585081828569e-01 -2.816834203320934260e-01 2.275298972983279613e-02 3.256287119871498215e-01 -9.452239119723633287e-01 -3.340186426707105194e-01 -8.657343632382019649e-01 3.676613905767028845e-01
1.586177204819914103e+09 8.189115906266510869e-01 -5.465289499651390104e-01 -1.751853698955601613e-01 -5.739177065694074376e-01 -7.806276294223890577e-01 -2.474650898204425187e-01 -1.507704361680368282e-03 3.031940159967563830e-01 -9.529276551069921775e-01 -3.451335584348870222e-01 -8.618198702203152539e-01 3.748338208466320265e-01
1.586177204819925070e+09 8.098231241800697422e-01 -5.567057604623742995e-01 -1.851086277010185743e-01 -5.860898793550016750e-01 -7.817683003456508128e-01 -2.129248184304939895e-01 -2.617558433141153884e-02 2.809217349094042526e-01 -9.593736592260566631e-01 -3.560862514482713848e-01 -8.577581560445962650e-01 3.821720330075109029e-01
1.586177204819941998e+09 8.002925762266239751e-01 -5.671216694023966109e-01 -1.946915631682726577e-01 -5.974178728965265917e-01 -7.819016071729236739e-01 -1.781060421645920266e-01 -5.122185021779578074e-02 2.588491628233468567e-01 -9.645586728355679540e-01 -3.668748605841125610e-01 -8.535604245196070083e-01 3.896749209159651173e-01
1.586177204819960117e+09 7.903238508832018949e-01 -5.777572026699878682e-01 -2.039235781517439172e-01 -6.078796096786314163e-01 -7.810360061925677444e-01 -1.430564139738747798e-01 -7.661978351967402290e-02 2.370218810388995678e-01 -9.684782068062109950e-01 -3.774973993104200343e-01 -8.492373230117091776e-01 3.973417865316589692e-01
1.586177204819977045e+09 7.799150615169844203e-01 -5.885966724105248238e-01 -2.128061424967080395e-01 -6.174607331934640619e-01 -7.791760643084904014e-01 -1.078281233457560467e-01 -1.023461780072032062e-01 2.154962141922699137e-01 -9.711264808934576553e-01 -3.879517401500982565e-01 -8.447990471952504521e-01 4.051722928622480402e-01
1.586177204819994926e+09 7.690577663720866708e-01 -5.996270342577176837e-01 -2.213539518693626307e-01 -6.261533865732588078e-01 -7.763239479037353785e-01 -7.247802981141238110e-02 -1.283825877605503929e-01 1.943413182812289419e-01 -9.724964593997309503e-01 -3.982356080043202295e-01 -8.402554376468718278e-01 4.131664180950189724e-01
1.586177204820010900e+09 7.577366760933699208e-01 -6.108363400496441553e-01 -2.295955043458825229e-01 -6.339543019803415280e-01 -7.724816755825328896e-01 -3.706756400368259319e-02 -1.547161047949322521e-01 1.736405104067854366e-01 -9.725800226403730209e-01 -4.083465816974297113e-01 -8.356160686620635047e-01 4.213244099072485094e-01
1.586177204820028067e+09 7.459296731459158503e-01 -6.222120200926719580e-01 -2.375734097299964653e-01 -6.408625890631405309e-01 -7.676538139607891331e-01 -1.662607015866603144e-03 -1.813396400233105998e-01 1.534920983356366231e-01 -9.713681645396524678e-01 -4.182821037046458024e-01 -8.308903296662544236e-01 4.296467387517415304e-01
1.586177204820044994e+09 7.336082398500356483e-01 -6.337390195203828069e-01 -2.453442597649056478e-01 -6.468773071320959023e-01 -7.618505805937337838e-01 3.366664191548980611e-02 -2.082515313997874429e-01 1.340095081385553888e-01 -9.688512536888723714e-01 -4.280394986770105215e-01 -8.260874994673265137e-01 4.381340486578133575e-01
1.586177204820060968e+09 7.207383948011142349e-01 -6.453978404250554357e-01 -2.529778529284745225e-01 -6.519949631330961282e-01 -7.550912663639555156e-01 6.884582718870876916e-02 -2.354543155301848656e-01 1.153204548987726008e-01 -9.650194082797226569e-01 -4.376160016761367899e-01 -8.212168131765240631e-01 4.467871041512431751e-01
1.586177204820077896e+09 7.072822305514770980e-01 -6.571625853184472899e-01 -2.605555277514077228e-01 -6.562071385654086875e-01 -7.474078126734540195e-01 1.037966919599491444e-01 -2.629525395190241421e-01 9.756484147481181424e-02 -9.598630444208614554e-01 -4.470087965273270014e-01 -8.162875209321684977e-01 4.556067326502863946e-01
1.586177204820094109e+09 6.931999995576624274e-01 -6.689991805649116996e-01 -2.681675917310781809e-01 -6.594985807566862146e-01 -7.388482210525391114e-01 1.384374538871682436e-01 -2.907496913067799116e-01 8.089130316610579352e-02 -9.533735964738562219e-01 -4.562150637674464715e-01 -8.113089370303299130e-01 4.645937627405706261e-01
1.586177204820111036e+09 6.784526852433220290e-01 -6.808639727522544094e-01 -2.759097764347177573e-01 -6.618460467336299002e-01 -7.294794383467834153e-01 1.726834093469151732e-01 -3.188444208624157672e-01 6.545227201073039458e-02 -9.455444123624960895e-01 -4.652320369899383690e-01 -8.062904779794601851e-01 4.737489594433884066e-01
1.586177204820127964e+09 6.630047432454838630e-01 -6.927029161183669848e-01 -2.838791656201863911e-01 -6.632182298749256244e-01 -7.193892649460189581e-01 2.064477305599261014e-01 -3.472265692676366755e-01 5.139801312073438710e-02 -9.363716966131888642e-01 -4.740570650939556208e-01 -8.012416880619757098e-01 4.830729587644919110e-01
1.586177204820144892e+09 6.468267805496452638e-01 -7.044514844200517878e-01 -2.921698517990504174e-01 -6.635768509659769609e-01 -7.086869778743506432e-01 2.396425059640802935e-01 -3.758734883433503260e-01 3.886995958406331414e-02 -9.258554138627307362e-01 -4.826876771880265204e-01 -7.961722515631580732e-01 4.925662043882758634e-01
1.586177204820162058e+09 6.298978511210815423e-01 -7.160353550871542128e-01 -3.008688545801463388e-01 -6.628788541873558149e-01 -6.975024761265977702e-01 2.721799420968966654e-01 -4.047472325308228425e-01 2.799404093749455896e-02 -9.140000064589844930e-01 -4.911216463182153658e-01 -7.910919916465761759e-01 5.022288897240493322e-01
1.586177204820178986e+09 6.122071489701834679e-01 -7.273717924501292842e-01 -3.100527092863373801e-01 -6.610794292668360495e-01 -6.859839821133906224e-01 3.039736253286400847e-01 -4.337930328744061259e-01 1.887464157286572464e-02 -9.008148272045225502e-01 -4.993570474137742909e-01 -7.860108568413758379e-01 5.120609089415666393e-01
1.586177204820195913e+09 5.937550138145664125e-01 -7.383715824514657244e-01 -3.197849121461091015e-01 -6.581354521854012596e-01 -6.742945105816587903e-01 3.349397557584131158e-01 -4.629392082878127646e-01 1.158962845145783058e-02 -8.863142616017209985e-01 -5.073923061318388328e-01 -7.809388972352768743e-01 5.220618192548649450e-01
1.586177204820209980e+09 5.745532331681048044e-01 -7.489413118393573043e-01 -3.301143649018202231e-01 -6.540089177760799455e-01 -6.626074515148607791e-01 3.649982206500311799e-01 -4.920984841995970638e-01 6.186830759617935327e-03 -8.705175502825917011e-01 -5.152262356528480858e-01 -7.758862332110796345e-01 5.322308161830274775e-01
1.586177204820228100e+09 5.546246589862279253e-01 -7.589856658261074918e-01 -3.410751338825845358e-01 -6.486699639760581393e-01 -6.511018074980645665e-01 3.940732349695920678e-01 -5.211705727573637814e-01 2.682461252203279661e-03 -8.534483223193924939e-01 -5.228580598453685946e-01 -7.708630200471383587e-01 5.425667221912277016e-01
1.586177204820244074e+09 5.340023909004111280e-01 -7.684095752143061953e-01 -3.526870730119355812e-01 -6.420992030583830834e-01 -6.399574978507538425e-01 4.220936090344631353e-01 -5.500455075491970103e-01 1.061092106697106470e-03 -8.351340096564630056e-01 -5.302874233887371336e-01 -7.658794115809233194e-01 5.530679872579685741e-01
1.586177204820261002e+09 5.127287161309774799e-01 -7.771201123325562898e-01 -3.649569767808625853e-01 -6.342892491518482556e-01 -6.293510156925257171e-01 4.489927035804893718e-01 -5.786073042205919226e-01 1.276834321555985960e-03 -8.156052706874131752e-01 -5.375143909292533495e-01 -7.609455254742727437e-01 5.637326987899630160e-01
1.586177204820277929e+09 4.908539394050890903e-01 -7.850280273473094761e-01 -3.778801485759862300e-01 -6.252454358313301874e-01 -6.194516915425778425e-01 4.747080652658803857e-01 -6.067376332289913243e-01 3.255514291050884065e-03 -7.948954940284770343e-01 -5.445394379145198638e-01 -7.560714117697582282e-01 5.745585980346299415e-01
1.586177204820293903e+09 4.684352343087420656e-01 -7.920489567851096702e-01 -3.914420538877318445e-01 -6.149858242171140077e-01 -6.104186073616326702e-01 4.991808892676364851e-01 -6.343192159353356896e-01 6.897397322630938882e-03 -7.730404637415485558e-01 -5.513634351234566466e-01 -7.512670258450697691e-01 5.855431008446879693e-01
1.586177204820311069e+09 4.455355797690003783e-01 -7.981043324853254184e-01 -4.056199229157347319e-01 -6.035406352403820396e-01 -6.023981604118896493e-01 5.223553946857962815e-01 -6.612387989288311951e-01 1.208019233141963654e-02 -7.500782093360575109e-01 -5.579876284621733129e-01 -7.465422064756013221e-01 5.966833211540868431e-01
1.586177204820328951e+09 4.222228240047747883e-01 -8.031219864351026860e-01 -4.203843027898168105e-01 -5.909512346968442964e-01 -5.955222897979857155e-01 5.441781334961794947e-01 -6.873896460779904682e-01 1.866219449938279901e-02 -7.260490323233246279e-01 -5.644136161734766288e-01 -7.419066590368034175e-01 6.079760952101463944e-01
1.586177204820346117e+09 3.985689051487223411e-01 -8.070365071719012295e-01 -4.357004753020579657e-01 -5.772688105835224182e-01 -5.899072823700419743e-01 5.645973068883903823e-01 -7.126735217554933666e-01 2.648536469607057353e-02 -7.009957041394279109e-01 -5.706433248717248663e-01 -7.373699436568317278e-01 6.194180053260357477e-01
