1.586177207490410089e+09 7.852931400509661763e-01 -5.763620870656048778e-01 -2.261004843963017874e-01 -6.095389191811176888e-01 -7.837482104848972897e-01 -1.191681545091532318e-01 -1.085218438466268587e-01 2.313989791114692551e-01 -9.667872166414782642e-01 -3.970127794937324262e-01 -8.660840625836984108e-01 3.724571676055309921e-01
1.586177207490473032e+09 7.704100126954307459e-01 -5.907600673447817030e-01 -2.397310064038379318e-01 -6.209720662032071070e-01 -7.804973580234816355e-01 -7.223273217604693486e-02 -1.444372034583861486e-01 2.045150784759416362e-01 -9.681484789639560606e-01 -4.127626248728294422e-01 -8.614662258893376334e-01 3.797431877873254091e-01
1.586177207490504980e+09 7.546826816677719707e-01 -6.054598823056371870e-01 -2.527298580920522841e-01 -6.306874645717277517e-01 -7.756292469050909411e-01 -2.515141868299209174e-02 -1.807964945480522168e-01 1.783748935106024835e-01 -9.672099179142698011e-01 -4.284569050604658536e-01 -8.567395468150217352e-01 3.870791410079811867e-01
1.586177207490554094e+09 7.381193660397153966e-01 -6.204091803908463598e-01 -2.650891371345445724e-01 -6.386407703218319742e-01 -7.691917004645595357e-01 2.195665968178177677e-02 -2.175264774384400857e-01 1.530900950142325967e-01 -9.639738869964302737e-01 -4.440795106659902181e-01 -8.518740037634440210e-01 3.944770339736381470e-01
1.586177207490581036e+09 7.207256293102883848e-01 -6.355536438615196904e-01 -2.768142577524549397e-01 -6.447913602215207263e-01 -7.612406762710155483e-01 6.896908772250603947e-02 -2.545558278155256038e-01 1.287796526341159487e-01 -9.584451637867394957e-01 -4.596186224262893694e-01 -8.468495220864983297e-01 4.019442104866854937e-01
1.586177207490603924e+09 7.025043232100863788e-01 -6.508357282816783496e-01 -2.879245229805793560e-01 -6.491006366596843158e-01 -7.518429886273211293e-01 1.157604614281013411e-01 -2.918150780962243118e-01 1.055697665729419255e-01 -9.506308352787632421e-01 -4.750666821119579053e-01 -8.416556129657929430e-01 4.094840311421119039e-01
1.586177207490677118e+09 6.834558091110900513e-01 -6.661934167778054139e-01 -2.984534950572413914e-01 -6.515303279467156150e-01 -7.410792939195913753e-01 1.622026891983293084e-01 -3.292360691247500082e-01 8.359313333701359761e-02 -9.405401635541584815e-01 -4.904201590335098837e-01 -8.362902947433029643e-01 4.170966681542843668e-01
1.586177207490699053e+09 6.635785515914942589e-01 -6.815590603116690183e-01 -3.084489479002706647e-01 -6.520409165940628249e-01 -7.290472190977999034e-01 2.081653090957992780e-01 -3.667508001616477387e-01 6.298730042665763584e-02 -9.281844918929259558e-01 -5.056791234468162033e-01 -8.307585486136408459e-01 4.247798917749062153e-01
1.586177207490720987e+09 6.428701734469812745e-01 -6.968584255512703107e-01 -3.179721294761065908e-01 -6.505904008367638935e-01 -7.158644020198641211e-01 2.535158550500154484e-01 -4.042895879249145952e-01 4.389183348489671815e-02 -9.135772745010727336e-01 -5.208466536908379352e-01 -8.250705487561221796e-01 4.325297833387784507e-01
1.586177207490741968e+09 6.213290372456415911e-01 -7.120101362095088149e-01 -3.270960007501462763e-01 -6.471336675525700688e-01 -7.016710629412238331e-01 2.981203385479986867e-01 -4.417785013739352618e-01 2.644401170032071799e-02 -8.967343365855376947e-01 -5.359281211373321252e-01 -8.192398675857152091e-01 4.403413537340975514e-01
1.586177207490763903e+09 5.989562444677816178e-01 -7.269256912489151512e-01 -3.359024514822075980e-01 -6.416228010221867173e-01 -6.866316177292697276e-01 3.418438287405671794e-01 -4.791363051456904998e-01 1.077317596416638851e-02 -8.776743930487501677e-01 -5.509304081722303792e-01 -8.132818037733735572e-01 4.482090722508653702e-01
1.586177207490794897e+09 5.757416897986404880e-01 -7.414986934252739692e-01 -3.445303971681404342e-01 -6.340064379627634583e-01 -6.709477970174014816e-01 3.845320413234053492e-01 -5.162919171771331861e-01 -2.956637339874425285e-03 -8.564075636025827443e-01 -5.657622573742215888e-01 -8.070636420864920613e-01 4.561977423413228760e-01
1.586177207490813017e+09 5.516844043916899754e-01 -7.556180053092110827e-01 -3.531086919065209440e-01 -6.242338440273013100e-01 -6.548495077642886297e-01 4.260331332852510533e-01 -5.531513594123732558e-01 -1.461343924077389972e-02 -8.329525925383214346e-01 -5.804154048747905970e-01 -8.005925220866598746e-01 4.643142692835586227e-01
1.586177207490828991e+09 5.267940423993726640e-01 -7.691664122198806908e-01 -3.617610641041177355e-01 -6.122577694695789940e-01 -6.385940192492824963e-01 4.661953483340041116e-01 -5.896002553584944739e-01 -2.409790986553617467e-02 -8.073356365625277142e-01 -5.948816872059551342e-01 -7.938759502886721942e-01 4.725654797479796887e-01
1.586177207490844011e+09 5.010930894850773587e-01 -7.820236697920219804e-01 -3.706004531186355977e-01 -5.980402992053205358e-01 -6.224596686668107948e-01 5.048680638688640698e-01 -6.255026112673939265e-01 -3.135189199314571823e-02 -7.795919077367549077e-01 -6.091531065021048574e-01 -7.869218748757623727e-01 4.809580694410902080e-01
1.586177207490856886e+09 4.746180611150779272e-01 -7.940699267414846885e-01 -3.797244366702731688e-01 -5.815588460076904775e-01 -6.067376312223581314e-01 5.419029027362426421e-01 -6.607019034343966091e-01 -3.636479977157540400e-02 -7.497670282015939103e-01 -6.232218973212165780e-01 -7.797387391781470667e-01 4.894985507958508619e-01
1.586177207490870953e+09 4.474196477198442712e-01 -8.051892310533128594e-01 -3.892119747983662781e-01 -5.628115151221441126e-01 -5.917224259689234378e-01 5.771548921705931257e-01 -6.950243576956278702e-01 -3.917745724614741382e-02 -7.179180102880950987e-01 -6.370805904369706285e-01 -7.723355124859989651e-01 4.981932040381014115e-01
1.586177207490885019e+09 4.195618917172522222e-01 -8.152728038984449199e-01 -3.991216287532250440e-01 -5.418211853131617017e-01 -5.777019944224909276e-01 6.104835864224338327e-01 -7.282840261020651074e-01 -3.988309435656448021e-02 -6.841138184188528815e-01 -6.507220688842914047e-01 -7.647216980492981264e-01 5.070480349699505451e-01
1.586177207490897894e+09 3.911206015154656268e-01 -8.242216151853413164e-01 -4.094916414627609025e-01 -5.186377842938199034e-01 -5.649485054188448929e-01 6.417538744977633325e-01 -7.602891057248765128e-01 -3.862532375254592448e-02 -6.484354713644141510e-01 -6.641396126453379400e-01 -7.569073202576704906e-01 5.160687419538355636e-01
1.586177207490911961e+09 3.621813575700291166e-01 -8.319482679270525649e-01 -4.203412233154474320e-01 -4.933387522065788011e-01 -5.537103528513607209e-01 6.708365830972234933e-01 -7.908486203503504175e-01 -3.559388971116322908e-02 -6.109758875337785167e-01 -6.773269306482695429e-01 -7.489028953771961206e-01 5.252606928655700891e-01
1.586177207490926027e+09 3.328373786141420321e-01 -8.383782425580686981e-01 -4.316725635234758829e-01 -4.660278941155630017e-01 -5.442056154431009762e-01 6.976089524450569401e-01 -8.197788005381609899e-01 -3.101887925210263311e-02 -5.718396171660975469e-01 -6.902781806619922023e-01 -7.407193912036219574e-01 5.346289113657459735e-01
1.586177207490938902e+09 3.031874652741737286e-01 -8.434504795091781748e-01 -4.434733924518788895e-01 -4.368328937400541845e-01 -5.366172432057908503e-01 7.219549554826728555e-01 -8.469087225628408877e-01 -2.516392762272634531e-02 -5.311425353293469653e-01 -7.029879787575743499e-01 -7.323681806904277503e-01 5.441780710502681639e-01
1.586177207490951061e+09 2.733341500391224810e-01 -8.471174966775845139e-01 -4.557196391878585717e-01 -4.059019160688377981e-01 -5.310897843388397987e-01 7.437656055557095858e-01 -8.720849026650829838e-01 -1.831906483641238675e-02 -4.890115896884892344e-01 -7.154513997163328698e-01 -7.238609932181626627e-01 5.539124962857977508e-01
1.586177207490964890e+09 2.433821143568713208e-01 -8.493451588352713966e-01 -4.683779967832448210e-01 -3.733996566763008174e-01 -5.277274862095379104e-01 7.629393142302101083e-01 -8.951747557340011818e-01 -1.079360018087249275e-02 -4.455846219678343823e-01 -7.276639695471716074e-01 -7.152098661947424718e-01 5.638361687261932431e-01
1.586177207490978956e+09 2.134369266242366059e-01 -8.501121341544277676e-01 -4.814083900525863990e-01 -3.395031156057745081e-01 -5.265936722182534835e-01 7.793822806420140914e-01 -9.160689457353379250e-01 -2.909310296468757117e-03 -4.010102530054017733e-01 -7.396216522718586095e-01 -7.064270995719932333e-01 5.739527377919424467e-01
1.586177207490993977e+09 1.836041019000902719e-01 -8.494091528647724765e-01 -4.947662327720331321e-01 -3.043973583577985753e-01 -5.277111264523581813e-01 7.930089632206294148e-01 -9.346827175455986181e-01 5.005835815630911047e-03 -3.554478296063610099e-01 -7.513208325216788053e-01 -6.975252147439214845e-01 5.842655338894829908e-01
