1.583561773495934010e+09 -3.401041628279543039e-01 7.162730363298555059e-01 6.093292182102899579e-01 8.557247893690658747e-02 -6.216942422664520906e-01 7.785715253463928454e-01 9.364862569839541573e-01 3.169372284947343243e-01 1.501475404943916347e-01 -3.746152554132796131e-01 1.494596038298923402e+00 1.507167755030307976e+00
1.583561773495994091e+09 -3.275306583147718498e-01 7.319405332631651051e-01 5.974836599792739955e-01 8.192799590901053697e-02 -6.079817161249370105e-01 7.897126290262868054e-01 9.412818236821074436e-01 3.076057360905218308e-01 1.391662307192128856e-01 -3.840363144895478364e-01 1.495490530250578098e+00 1.514372658608990063e+00
1.583561773496025085e+09 -3.145174595214367819e-01 7.471392145526427608e-01 5.855439881423698534e-01 7.879597623811172846e-02 -5.941702867666646126e-01 8.004704020484265659e-01 9.459756667215081238e-01 2.979004274264764884e-01 1.280053653281610082e-01 -3.930985750354639152e-01 1.496921245901405850e+00 1.521942043809496825e+00
1.583561773496051073e+09 -3.010918965916163925e-01 7.618658181153764586e-01 5.735016524121430148e-01 7.612511033329483201e-02 -5.802872516890966725e-01 8.108462697805949304e-01 9.505517543140179493e-01 2.877971177521296275e-01 1.167226697218267661e-01 -4.017812783048727021e-01 1.498875475591968431e+00 1.529832465615601933e+00
1.583561773496074915e+09 -2.872984807676015606e-01 7.761225443300422411e-01 5.613317908985857585e-01 7.386038817376008869e-02 -5.663426071541673990e-01 8.208536376918689204e-01 9.549891236328851285e-01 2.772901869779121897e-01 1.053846582386501057e-01 -4.100682860190825174e-01 1.501335319110655542e+00 1.538002029792136849e+00
1.583561773496098042e+09 -2.731951548449576550e-01 7.899159736189823589e-01 5.489965048682116100e-01 7.194988169699650937e-02 -5.523291844966482511e-01 8.305153139072797286e-01 9.592641044826168972e-01 2.663929933165972153e-01 9.405929623310892163e-02 -4.179480825248747533e-01 1.504278574664380086e+00 1.546411141476896400e+00
1.583561773496118069e+09 -2.588507113646735802e-01 8.032560324252937534e-01 5.364476265165678548e-01 7.034909027580250884e-02 -5.382237139432548556e-01 8.398608452810296665e-01 9.633521240890503545e-01 2.551371796958030180e-01 8.281126008670892935e-02 -4.254136238864595354e-01 1.507679659430408714e+00 1.555023076224195000e+00
1.583561773496140003e+09 -2.443434855131344785e-01 8.161550972417338512e-01 5.236287986376660930e-01 6.902355213387012522e-02 -5.239882064604517442e-01 8.489240890479734514e-01 9.672290373069989400e-01 2.435717904627120178e-01 7.169918082523227265e-02 -4.324620565570386210e-01 1.511510520884762343e+00 1.563804374700322741e+00
1.583561773496166945e+09 -2.297612927586429876e-01 8.286272334861980449e-01 5.104768914790724921e-01 6.795034771305299981e-02 -5.095713069320185751e-01 8.577411227498450419e-01 9.708720301230426841e-01 2.317627914052768634e-01 6.077425358141553408e-02 -4.390943318612858248e-01 1.515741503637878962e+00 1.572725070567612793e+00
1.583561773496195078e+09 -2.152024693287339363e-01 8.406874816424531049e-01 4.969229878848535620e-01 6.711900715388323391e-02 -4.949095533260432500e-01 8.663484132806313909e-01 9.742601995161370709e-01 2.197932953212439477e-01 5.007964885259751781e-02 -4.453147470629604254e-01 1.520342140919105800e+00 1.581758767310564640e+00
1.583561773496217012e+09 -2.009605003742038765e-01 8.522065347267303581e-01 4.830723547692754583e-01 6.653800056443961997e-02 -4.801188465658480231e-01 8.746762760826091165e-01 9.773369797851338969e-01 2.079180506295185693e-01 3.978080473655973281e-02 -4.511304433006760872e-01 1.525281848918119021e+00 1.590882586009232602e+00
1.583561773496237993e+09 -1.862650682555482551e-01 8.631972525158351228e-01 4.692502829842452594e-01 6.620347679080124115e-02 -4.654961470641607590e-01 8.825703581119215269e-01 9.802665067681513023e-01 1.954580281238029738e-01 2.955901231630270187e-02 -4.565661802696211469e-01 1.530517177569161058e+00 1.600075583507570398e+00
1.583561773496259928e+09 -1.711390692906785138e-01 8.736516780198844145e-01 4.554603878926081206e-01 6.610688418369116415e-02 -4.510564478333962679e-01 8.900437972482124760e-01 9.830266014235415906e-01 1.824303341159077274e-01 1.943899037075459690e-02 -4.616310116906398031e-01 1.536019012837809283e+00 1.609324604906162470e+00
1.583561773496280909e+09 -1.556067582657160719e-01 8.835628306338493276e-01 4.417049485666412756e-01 6.624164205695308449e-02 -4.368117003572977164e-01 8.971106863576753243e-01 9.855955468232162620e-01 1.688557467248707200e-01 9.442199893375004260e-03 -4.663351934157344836e-01 1.541759867592071842e+00 1.618618708760779512e+00
1.583561773496300936e+09 -1.396936845775900160e-01 8.929248190116743089e-01 4.279847457165149582e-01 6.660304183227967745e-02 -4.227707984488693338e-01 9.037858635131265084e-01 9.879522810255790821e-01 1.547582631867141234e-01 -4.130985135280505760e-04 -4.706897609094251034e-01 1.547714032590916444e+00 1.627948915970532706e+00
1.583561773496320009e+09 -1.234265896346787572e-01 9.017329295893234953e-01 4.142989272847964477e-01 6.718809827918653665e-02 -4.089396129519498047e-01 9.100846953426424690e-01 9.900765812271100641e-01 1.401646071926762604e-01 -1.011169890549337876e-02 -4.747061579878673054e-01 1.553857646642353485e+00 1.637307957927809587e+00
1.583561773496340036e+09 -1.068332945869605033e-01 9.099836921614891105e-01 4.006448897112805940e-01 6.799535624371334797e-02 -3.953210549431327436e-01 9.160228683480089451e-01 9.919492320519268658e-01 1.251037328738963950e-01 -1.964121460612951175e-02 -4.783959203961519746e-01 1.560168700048493839e+00 1.646690034656006496e+00
1.583561773496360064e+09 -8.994259233254804642e-02 9.176749233397308858e-01 3.870181722372277866e-01 6.902466093049403062e-02 -3.819151529486173313e-01 9.216161958322125480e-01 9.935521760518049028e-01 1.096063478333890173e-01 -2.899176151847513566e-02 -4.817704133929270882e-01 1.566626985708888142e+00 1.656090590426709142e+00
1.583561773496380091e+09 -7.278414303520361339e-02 9.248057463347432172e-01 3.734123733257830313e-01 7.027689955118883447e-02 -3.687191420890889026e-01 9.268804410144455552e-01 9.948686477015289409e-01 9.370446238262811200e-02 -3.815557375677090801e-02 -4.848406212536576221e-01 1.573214010473115820e+00 1.665506111330963268e+00
1.583561773496398926e+09 -5.538837411107105924e-02 9.313765871337587043e-01 3.598190954303682743e-01 7.175372214309305718e-02 -3.557275614450684520e-01 9.318311572787912889e-01 9.958832921770685020e-01 7.743097208297655687e-02 -4.712656558082313485e-02 -4.876169872455431431e-01 1.579912877108418101e+00 1.674933946879454849e+00
1.583561773496418953e+09 -3.778629124112529297e-02 9.373891133322950209e-01 3.462280272945262860e-01 7.345724199312317348e-02 -3.429324660436675054e-01 9.364835063259508985e-01 9.965822746049315395e-01 6.081919444246551565e-02 -5.589987289095568745e-02 -4.901093013468638127e-01 1.586708146348766668e+00 1.684372156021896050e+00
1.583561773496448994e+09 -2.000913025747557902e-02 9.428460843560546589e-01 3.326272634717715726e-01 7.538972505065254237e-02 -3.303238546977643186e-01 9.408520291007358427e-01 9.969533711890574690e-01 4.390230868919042101e-02 -6.447141401525813276e-02 -4.923266299126310974e-01 1.593585688075165319e+00 1.693819376738875837e+00
1.583561773496479988e+09 -2.087976318385152512e-03 9.477511565610482469e-01 3.190037399091334436e-01 7.755329786262907255e-02 -3.178901864417673084e-01 9.449504302571767322e-01 9.969860212691656898e-01 2.671282613366452938e-02 -7.283748054693772733e-02 -4.942772794058480357e-01 1.600532529413487337e+00 1.703274717420977025e+00
1.583561773496504068e+09 1.594678562475355596e-02 9.521085942483442643e-01 3.053439458554968455e-01 7.994969298155676918e-02 -3.056191584872095524e-01 9.487913241837213629e-01 9.966713334292428561e-01 9.281982832754082091e-03 -8.099443297944508569e-02 -4.959687878852812593e-01 1.607536705176900060e+00 1.712737667615117809e+00
1.583561773496552944e+09 3.406623901990658149e-02 9.559228667865672380e-01 2.916349852084178518e-01 8.258007336136499732e-02 -2.934988372138347401e-01 9.523859324487806699e-01 9.960020196268078996e-01 -8.360968379017202912e-03 -8.893858198599308151e-02 -4.974079402349035339e-01 1.614587114253754452e+00 1.722208025464697201e+00
1.583561773496579885e+09 5.224384411604174328e-02 9.591981666039574028e-01 2.778659000660397282e-01 8.544498908539753523e-02 -2.815190736028797547e-01 9.557437759810668565e-01 9.949722281798175638e-01 -2.618948008257607554e-02 -9.666631544901209405e-02 -4.986008023311672699e-01 1.621673384897771797e+00 1.731685839232262270e+00
1.583561773496608019e+09 7.045630488726895013e-02 9.619379322716995473e-01 2.640290212124499214e-01 8.854450417634637804e-02 -2.696729814151781479e-01 9.588724389424221339e-01 9.935772643019816774e-01 -4.418029016375277229e-02 -1.041744790331639997e-01 -4.995527671254296198e-01 1.628785751219006706e+00 1.741171360502857368e+00
1.583561773496633053e+09 8.868424539844928234e-02 9.641444522008542073e-01 2.501211314390433538e-01 9.187849825857472008e-02 -2.579582754409966983e-01 9.617774534567917755e-01 9.918132114622694173e-01 -6.231375378605318732e-02 -1.114609793451749181e-01 -5.002686069093514876e-01 1.635914941725449712e+00 1.750665006881191088e+00
1.583561773496656895e+09 1.069126853508610836e-01 9.658185635630345267e-01 2.361444059723401268e-01 9.544713192682943714e-02 -2.463784525191280994e-01 9.644622871993479007e-01 9.896764738906548287e-01 -8.057394679309105856e-02 -1.185255937936564308e-01 -5.007525277667385089e-01 1.643052079673420485e+00 1.760167332277859931e+00
1.583561773496692896e+09 1.251313635267669033e-01 9.669594284696455544e-01 2.221071949296408721e-01 9.925146852261504393e-02 -2.349439045126695547e-01 9.669283882568663335e-01 9.871632530195849631e-01 -9.894860240391629980e-02 -1.253709943675059002e-01 -5.010082265251474265e-01 1.650188594365546990e+00 1.769679003089099423e+00
1.583561773496715069e+09 1.433348273483644186e-01 9.675644202659147153e-01 2.080245667906172047e-01 1.032942169882745259e-01 -2.236728885727191363e-01 9.691752906171776649e-01 9.842689836928050218e-01 -1.174288382199080993e-01 -1.320039240070166320e-01 -5.010389496811858967e-01 1.657316142807221837e+00 1.779200778906947056e+00
1.583561773496731997e+09 1.615221870794565084e-01 9.676291613628065225e-01 1.939185128998922869e-01 1.075805266370415542e-01 -2.125922435207693029e-01 9.712007869497832901e-01 9.809877744514954312e-01 -1.360086194640419688e-01 -1.384364188600024914e-01 -5.008475532700072952e-01 1.664426541168640084e+00 1.788733496671605083e+00
1.583561773496742010e+09 1.796964085753950113e-01 9.671477687068398277e-01 1.798176707512663397e-01 1.121187141528968284e-01 -2.017376696834711214e-01 9.730011854339948307e-01 9.773119230499319743e-01 -1.546838925356226746e-01 -1.446868988991977800e-01 -5.004365639879179151e-01 1.671511705592738206e+00 1.798278057338146718e+00
1.583561773496752024e+09 1.978633184190019823e-01 9.661132342430128750e-01 1.657568289050285470e-01 1.169208951121867013e-01 -1.911538320621533615e-01 9.745715556400640356e-01 9.732315303997882694e-01 -1.734515252243357120e-01 -1.507811556250723550e-01 -4.998082423106356420e-01 1.678563602185618286e+00 1.807835414281148356e+00
1.583561773496762991e+09 2.160302831006165603e-01 9.645179676454875839e-01 1.517761751936404224e-01 1.220034255980817217e-01 -1.808942032209997497e-01 9.759059645641829928e-01 9.687342675780953316e-01 -1.923080284967221831e-01 -1.567531219919714447e-01 -4.989646487920613160e-01 1.685574206438199552e+00 1.817406562770797596e+00
1.583561773496772051e+09 2.342045500703608951e-01 9.623545275119644860e-01 1.379202399486332831e-01 1.273870410119149477e-01 -1.710205315740646603e-01 9.769977071881634778e-01 9.638053593767463845e-01 -2.112480571541520691e-01 -1.626452822674294418e-01 -4.979077146874593129e-01 1.692535472761178994e+00 1.826992529957263356e+00
1.583561773496782064e+09 2.523912794112010971e-01 9.596165597607111408e-01 1.242364712720049336e-01 1.330965643419926014e-01 -1.616017822027315809e-01 9.778395414575102862e-01 9.584278516888860011e-01 -2.302627254150373393e-01 -1.685085477062244763e-01 -4.966393170923827372e-01 1.699439315014031893e+00 1.836594364943797242e+00
1.583561773496793032e+09 2.705914287818153019e-01 9.562999061457178041e-01 1.107735016122201321e-01 1.391601216728275414e-01 -1.527125304516808724e-01 9.784239080621567330e-01 9.525831929349228844e-01 -2.493378692492097259e-01 -1.744015130518265511e-01 -4.951613575168597459e-01 1.706277598766040571e+00 1.846213128702175021e+00
1.583561773496802092e+09 2.887996743266758037e-01 9.524038347718156716e-01 9.757911715460201862e-02 1.456078207286702619e-01 -1.444307313392561853e-01 9.787431362088985232e-01 9.462521391831724138e-01 -2.684524163588030143e-01 -1.803889949553049155e-01 -4.934758420411937130e-01 1.713042145713176145e+00 1.855849883736933492e+00
1.583561773496812105e+09 3.070026986947725356e-01 9.479322560168611522e-01 8.469817873388049700e-02 1.524700327003007949e-01 -1.368351014664640208e-01 9.787895812806791662e-01 9.394158995785337751e-01 -2.875771087908275958e-01 -1.865400074438662570e-01 -4.915849599101257961e-01 1.719724749921196283e+00 1.865505683609724130e+00
1.583561773496820927e+09 3.251780670259636352e-01 9.428948127945068203e-01 7.217061184717561695e-02 1.597754228499531914e-01 -1.300022274882839945e-01 9.785556884458741500e-01 9.320574227150224544e-01 -3.066737571802350959e-01 -1.929252904037806748e-01 -4.894911569485073666e-01 1.726317204744280520e+00 1.875181562586900608e+00
1.583561773496830940e+09 3.432938893698374017e-01 9.373077089866885814e-01 6.002969831159238323e-02 1.675489940435327674e-01 -1.240037054627332880e-01 9.780339543773965971e-01 9.241626698680465157e-01 -3.256951645233319148e-01 -1.996146780351557015e-01 -4.871972000268275926e-01 1.732811338375623400e+00 1.884878525793837190e+00
1.583561773496840954e+09 3.613093127802693427e-01 9.311941855322989348e-01 4.830082621461131293e-02 1.758103898334399950e-01 -1.189035660756379564e-01 9.772167871509811476e-01 9.157217304333489238e-01 -3.445857386658461308e-01 -2.066745784533295660e-01 -4.847062285654271663e-01 1.739199054874009054e+00 1.894597540380266620e+00
1.583561773496855021e+09 3.791757418699951421e-01 9.245846103980938091e-01 3.700074967173164198e-02 1.845726222325622945e-01 -1.147561342301978982e-01 9.760962949767365560e-01 9.067296753522273711e-01 -3.632827113368196637e-01 -2.141657482839137983e-01 -4.820217909556741009e-01 1.745472377412879084e+00 1.904339528086004041e+00
1.583561773496871948e+09 3.968386056035354548e-01 9.175161896297441277e-01 2.613739378521187651e-02 1.938413410117308666e-01 -1.116044668282682173e-01 9.746640332890752489e-01 8.971870796462828590e-01 -3.817178083793750787e-01 -2.221415295265988799e-01 -4.791478645627874622e-01 1.751623490178875864e+00 1.914105359553115004e+00
1.583561773496887922e+09 4.142394258351407288e-01 9.100323536281216263e-01 1.571031246540705723e-02 2.036147751822267593e-01 -1.094796227162215946e-01 9.729107029044242738e-01 8.871001756736406341e-01 -3.998191191532374789e-01 -2.306468090781243763e-01 -4.760888596113657667e-01 1.757644775749164223e+00 1.923895850562440835e+00
1.583561773496906042e+09 4.313178894152839837e-01 9.021819421486005908e-01 5.711568545525527729e-03 2.138841823797374142e-01 -1.084005432959940646e-01 9.708258747218578844e-01 8.764807100383297245e-01 -4.175129530353808294e-01 -2.397175405283829552e-01 -4.728496093562818414e-01 1.763528846035639974e+00 1.933711760100736532e+00
1.583561773496922970e+09 4.480137275964045651e-01 8.940182879549176675e-01 -3.873134552106709608e-03 2.246346482560006574e-01 -1.083743727884590446e-01 9.683977852175142953e-01 8.653455812342536468e-01 -4.347255416934877603e-01 -2.493806903035014899e-01 -4.694353500654480649e-01 1.769268566151711353e+00 1.943553789967547907e+00
1.583561773496939898e+09 4.642682740826764021e-01 8.855982861178264276e-01 -1.306314622851222421e-02 2.358461386292415585e-01 -1.093971553250976392e-01 9.656132049578801668e-01 8.537163280914863428e-01 -4.513844686133084427e-01 -2.596545645723692952e-01 -4.658516944410210914e-01 1.774857071459791991e+00 1.953422585547660351e+00
1.583561773496958017e+09 4.800256510636216611e-01 8.769815120912215489e-01 -2.188155056359406686e-02 2.474946337422046228e-01 -1.114547011629197365e-01 9.624574048476495225e-01 8.416185483152973656e-01 -4.674198086407383990e-01 -2.705493335428919566e-01 -4.621046011550636878e-01 1.780287778125845488e+00 1.963318737447694362e+00
1.583561773496975899e+09 4.952335896213329591e-01 8.682294236980580004e-01 -3.035391275657577798e-02 2.595532500684616939e-01 -1.145235194544749202e-01 9.589142162671462355e-01 8.290813002178185620e-01 -4.827649860802115667e-01 -2.820676622775125653e-01 -4.582003425043518763e-01 1.785554387542043653e+00 1.973242783752528595e+00
1.583561773496990919e+09 5.098439028915433546e-01 8.594046764057418075e-01 -3.850710765803313368e-02 2.719933137570682558e-01 -1.185717866030826934e-01 9.549661611710533737e-01 8.161365279410176532e-01 -4.973573504629042463e-01 -2.942054281611687361e-01 -4.541454723870134158e-01 1.790650885765323386e+00 1.983195212582046896e+00
1.583561773497000933e+09 5.238126594794347834e-01 8.505705622285384404e-01 -4.636827496506935181e-02 2.847853323118460511e-01 -1.235602702812746839e-01 9.505946425246809550e-01 8.028185427328129453e-01 -5.111385122855687246e-01 -3.069524539101362026e-01 -4.499467959359619296e-01 1.795571538874135342e+00 1.993176464730813224e+00
