1.586175949396584034e+09 3.415039736776064316e-01 -8.092122565630520681e-01 -4.780696182926096882e-01 -2.609286933787051677e-01 4.070278699668999911e-01 -8.753539457234449372e-01 9.029348000436702160e-01 4.236789316389396598e-01 -7.214506178248784873e-02 2.069494804861077564e-01 -4.589549059874182269e-01 6.311106908458186115e-01
1.586175949396645069e+09 3.608343984554673312e-01 -7.988830947585482400e-01 -4.812321040248731530e-01 -2.431900478470839233e-01 4.175466747819787106e-01 -8.755074958322025536e-01 9.003650024930854867e-01 4.329440789592609029e-01 -4.361521482224100382e-02 2.022142154513371926e-01 -4.629634387320540334e-01 6.223851181516417697e-01
1.586175949396667957e+09 3.801580273737084070e-01 -7.883229338698194422e-01 -4.837631923804798784e-01 -2.255742203377409105e-01 4.282162575955201222e-01 -8.750697732765142511e-01 8.969928347187886564e-01 4.417893037257630828e-01 -1.503548341389005817e-02 1.977835853459216919e-01 -4.671402397869947043e-01 6.135788398015377121e-01
1.586175949396687031e+09 3.994625650434238673e-01 -7.775383927614242241e-01 -4.856580145076111465e-01 -2.081025625078849473e-01 4.390228379537072234e-01 -8.740436324851553751e-01 8.928174409155820168e-01 4.502143886665859185e-01 1.356545696819965591e-02 1.936453785115618831e-01 -4.714862244408421499e-01 6.047123664237828988e-01
1.586175949396704912e+09 4.187440700062673993e-01 -7.665326868733224330e-01 -4.869096876587121758e-01 -1.908041444046399415e-01 4.499464977917709274e-01 -8.724344834227634182e-01 8.878328573081073483e-01 4.582311527105425997e-01 4.215481427930491132e-02 1.897854881544462080e-01 -4.760015988037175072e-01 5.958051036920267718e-01
1.586175949396722078e+09 4.380076631156955558e-01 -7.553052008080763935e-01 -4.875072725965302611e-01 -1.737161499040363044e-01 4.609597025164478556e-01 -8.702521773562409413e-01 8.820272028291711308e-01 4.658650089227525659e-01 7.069517058653781993e-02 1.861880752954516438e-01 -4.806857335917175122e-01 5.868751434130151656e-01
1.586175949396739006e+09 4.572676765188121162e-01 -7.438512859818916523e-01 -4.874336226706187936e-01 -1.568838970701710023e-01 4.720259488564556016e-01 -8.675130815951719310e-01 8.753820395037321678e-01 4.731561774098668183e-01 9.914392028598838225e-02 1.828357742736232139e-01 -4.855370512953292028e-01 5.779390658079158749e-01
1.586175949396758080e+09 4.765471546353391430e-01 -7.321623240384412812e-01 -4.866632725296333728e-01 -1.403605413280344105e-01 4.830985501694019524e-01 -8.642422748137719157e-01 8.678719537481109914e-01 4.801605173057706399e-01 1.274525393280083740e-01 1.797099406931776944e-01 -4.905529328363866792e-01 5.690117602036327549e-01
1.586175949396775961e+09 4.958766443349276187e-01 -7.202260853664858020e-01 -4.851605298535830446e-01 -1.242065419244762353e-01 4.941195336383817915e-01 -8.604758112535202397e-01 8.594644197527727680e-01 4.869499694569597303e-01 1.555655447480027431e-01 1.767909386082740231e-01 -4.957296492646742214e-01 5.601062718730881462e-01
1.586175949396795034e+09 5.152922061658394837e-01 -7.080274120672762628e-01 -4.828779620112028659e-01 -1.084889481094558211e-01 5.050186212643964501e-01 -8.562630090458418497e-01 8.501200448701539125e-01 4.936125771012113139e-01 1.834190103068927269e-01 1.740584613758163757e-01 -5.010623236720027629e-01 5.512336826004440304e-01
1.586175949396815062e+09 5.348325984128308175e-01 -6.955492460583018177e-01 -4.797554983038159193e-01 -9.328054002554228563e-02 5.157122633770898634e-01 -8.516687164625396100e-01 8.397933274388367231e-01 5.002520445220232093e-01 2.109385205343828340e-01 1.714918795926575479e-01 -5.065449289881294170e-01 5.424030322574684426e-01
1.586175949396833897e+09 5.545263354251205312e-01 -6.827770227035321327e-01 -4.757268972405515051e-01 -7.865028990015712762e-02 5.261126799764827000e-01 -8.467700869849570378e-01 8.284411116656206220e-01 5.069723716115739354e-01 2.380427256381899281e-01 1.690738884491934935e-01 -5.121721875837442761e-01 5.336215763354595909e-01
1.586175949396852016e+09 5.744073014944323097e-01 -6.696939243173647416e-01 -4.707082959671811118e-01 -6.467979033207890693e-02 5.361071916835450368e-01 -8.416683456645547290e-01 8.160102799520043693e-01 5.139057570235705530e-01 2.646282226354056410e-01 1.667897427661582388e-01 -5.179392932567874475e-01 5.248951876645024939e-01
1.586175949396871090e+09 5.944989429496366773e-01 -6.562862546941392594e-01 -4.646066711761026591e-01 -5.145279057331165334e-02 5.455673575910912065e-01 -8.364860244016159019e-01 8.024485138900665504e-01 5.211953669956941315e-01 2.905714581343780689e-01 1.646248298161844259e-01 -5.238408855493826843e-01 5.162285245861896188e-01
1.586175949396888971e+09 6.148083958255036174e-01 -6.425458674752385635e-01 -4.573242228255565145e-01 -3.905322045065692804e-02 5.543485989041326834e-01 -8.313678350834754482e-01 7.877090088736178330e-01 5.289919086651878599e-01 3.157246873632078565e-01 1.625649017835370247e-01 -5.298711679504771732e-01 5.076250904320089852e-01
1.586175949396908045e+09 6.353204513038890333e-01 -6.284728528510483692e-01 -4.487647463363433342e-01 -2.756264433893594601e-02 5.622902839458434610e-01 -8.264804520150949019e-01 7.717565840684705858e-01 5.374490768076409797e-01 3.399121431930188231e-01 1.605962927926683770e-01 -5.360240584532666164e-01 4.990873386387273403e-01
1.586175949396924973e+09 6.559919809850700556e-01 -6.140783871331900734e-01 -4.388419482105359037e-01 -1.705713220529429461e-02 5.692163862577439559e-01 -8.220108029719155329e-01 7.545750959184024387e-01 5.467178801041691072e-01 3.629269685468803353e-01 1.587061081111209027e-01 -5.422933700862950790e-01 4.906168237724687353e-01
1.586175949396936893e+09 6.767475580670057056e-01 -5.993876662461077309e-01 -4.274893780814028044e-01 -7.603654068543488215e-03 5.749367924694963605e-01 -8.181624957522928288e-01 7.361758807147867900e-01 5.569399523939969621e-01 3.845295338276004671e-01 1.568823729513380005e-01 -5.486730169742738417e-01 4.822143964902175783e-01
1.586175949396950006e+09 6.974769318728383238e-01 -5.844428913432090367e-01 -4.146714801305695364e-01 7.438882584437228607e-04 5.792495392579112279e-01 -8.151499360520639836e-01 7.166068492426550529e-01 5.682398071104249881e-01 4.044479515810572856e-01 1.551141288493587955e-01 -5.551572391897339198e-01 4.738804380287096052e-01
1.586175949396967888e+09 7.180350171295427630e-01 -5.693062776348279952e-01 -4.003949008059277670e-01 7.948667912280025366e-03 5.819442159667898018e-01 -8.131898600739843053e-01 6.959615888072390177e-01 5.807161889480030315e-01 4.223815515657644570e-01 1.533914674140301193e-01 -5.617408380774358001e-01 4.656151278804567251e-01
1.586175949396982908e+09 7.382448643731758242e-01 -5.540630204162205752e-01 -3.847189751025043014e-01 1.399462327678796005e-02 5.828070097564352903e-01 -8.124900862435373572e-01 6.743876266523908258e-01 5.944326363385696865e-01 4.380081850584813807e-01 1.517054934569405378e-01 -5.684194117926939516e-01 4.574187363861746403e-01
1.586175949396992922e+09 7.579039229667735578e-01 -5.388240074024637227e-01 -3.677639633900527394e-01 1.888935579334679454e-02 5.816278962230141403e-01 -8.132356257068614758e-01 6.520926590755696806e-01 6.094076466047856355e-01 4.509961025816754399e-01 1.500482124454071420e-01 -5.751895788900893702e-01 4.492919322354804179e-01
1.586175949397002935e+09 7.767936341207158923e-01 -5.237278726922237615e-01 -3.497152634999577403e-01 2.266563144212103281e-02 5.782102374091483421e-01 -8.155729218485087140e-01 6.293472168581444315e-01 6.256053365170006764e-01 4.610206544818246654e-01 1.484123409265004911e-01 -5.820491761883780368e-01 4.412360934920321887e-01
1.586175949397011995e+09 7.946919248003110336e-01 -5.089417350908399529e-01 -3.308217875381513351e-01 2.538098905879329625e-02 5.723828068913525691e-01 -8.195936359657152170e-01 6.064821104314037647e-01 6.429278598839978098e-01 4.677854390809365603e-01 1.467910430694338297e-01 -5.889974166285737445e-01 4.332536103805369465e-01
1.586175949397022009e+09 8.113876196613624137e-01 -4.946597609543008089e-01 -3.113869806574094956e-01 2.711515052868558942e-02 5.640136414291893052e-01 -8.253201689281074449e-01 5.838791822711921764e-01 6.612112624042087994e-01 4.710464597941991238e-01 1.451776011395617683e-01 -5.960349926385173358e-01 4.253481681016698657e-01
1.586175949397032022e+09 8.266951737505603415e-01 -4.810986979557252963e-01 -2.917518340865614124e-01 2.796527521635183700e-02 5.530242621432838179e-01 -8.326956882372320567e-01 5.619546541256086325e-01 6.802265862638050553e-01 4.706365459151567454e-01 1.435650325062097499e-01 -6.031641104350590199e-01 4.175249980008129413e-01
1.586175949397044897e+09 8.404676703337333743e-01 -4.684898381541209855e-01 -2.722707601637537889e-01 2.803960051892133779e-02 5.394020488627399024e-01 -8.415813750501760504e-01 5.411357280174818873e-01 6.996875742648898111e-01 4.664862512301898301e-01 1.419456707105081483e-01 -6.103884426713127587e-01 4.097910869788340404e-01
1.586175949397053957e+09 8.526060953664054143e-01 -4.570673713710752262e-01 -2.532829728624161336e-01 2.745056505037711536e-02 5.232083694645782712e-01 -8.517625660631955586e-01 5.218326482983505210e-01 7.192651948337280832e-01 4.586374025035690472e-01 1.403107323517417682e-01 -6.177129895479274158e-01 4.021553369700802127e-01
1.586175949397063971e+09 8.630635705357775356e-01 -4.470537757129240397e-01 -2.350833788358703269e-01 2.630873178108496246e-02 5.045803561247566016e-01 -8.629637971496902926e-01 5.044096787843277419e-01 7.386078703750064145e-01 4.472463415985429291e-01 1.386498948197339987e-01 -6.251438422869638467e-01 3.946286687268461546e-01
1.586175949397078991e+09 8.718442285578296147e-01 -4.386437228131547239e-01 -2.178975120029025547e-01 2.471854648094399740e-02 4.837249698230632888e-01 -8.748709318382186240e-01 4.891591098952949301e-01 7.573650627993667728e-01 4.325754583443744417e-01 1.369509117465667059e-01 -6.326878478437590880e-01 3.872240670997105227e-01
1.586175949397093058e+09 8.789974574338033086e-01 -4.319886390111477570e-01 -2.018645232829210934e-01 2.277633357460701752e-02 4.609053207351501702e-01 -8.871569896545107303e-01 4.762821733548744385e-01 7.752110044514316511e-01 4.149737223322116919e-01 1.351992929106823060e-01 -6.403521798224978134e-01 3.799565685373695878e-01
1.586175949397104979e+09 8.846091457311150430e-01 -4.271840458444117750e-01 -1.870306136302337940e-01 2.057024352801663236e-02 4.364209219947058349e-01 -8.995074453679724469e-01 4.658793025783534714e-01 7.918652474738575586e-01 3.948492187870770720e-01 1.333780732261639901e-01 -6.481438263111235498e-01 3.728431943424571071e-01
1.586175949397114992e+09 8.887919067784196825e-01 -4.242612780999767685e-01 -1.733531497267659927e-01 1.818125860919768064e-02 4.105847726802601683e-01 -9.116411501377126303e-01 4.579502030579232219e-01 8.071074975985018662e-01 3.726380269698504888e-01 1.314676920870115340e-01 -6.560690099497862304e-01 3.659028343535166705e-01
1.586175949397131920e+09 8.916759948697844385e-01 -4.231843530170633083e-01 -1.607137943816428771e-01 1.568409814069337063e-02 3.837006078057516589e-01 -9.233243487425947249e-01 4.524023976931159652e-01 8.207855062430279292e-01 3.487738860743275771e-01 1.294459998782460652e-01 -6.641325598429329569e-01 3.591560860765523611e-01
1.586175949397150040e+09 8.934019682202694046e-01 -4.238519163909205689e-01 -1.489378270350686095e-01 1.314701986485061064e-02 3.560433297099279693e-01 -9.343769601096055810e-01 4.490657849902202625e-01 8.328161265635039001e-01 3.236622010543880323e-01 1.272884030528400601e-01 -6.723372587952556323e-01 3.526250540280038703e-01
1.586175949397167921e+09 8.941154684434353683e-01 -4.261034427452464746e-01 -1.378164915416866254e-01 1.062999058385522000e-02 3.278447850566086341e-01 -9.446717951528454948e-01 4.477103221847369419e-01 8.431806765521707714e-01 2.976605691097741757e-01 1.249681532548400226e-01 -6.806831923488034786e-01 3.463331129465562763e-01
1.586175949397186995e+09 8.939638956848315887e-01 -4.297285421534411398e-01 -1.271295930958357134e-01 8.181254680345834140e-03 2.992859193896735825e-01 -9.541284011457050740e-01 4.480643039618336099e-01 8.519162628031624607e-01 2.710665250287883632e-01 1.224567788004457952e-01 -6.891671289923335664e-01 3.403046383504925165e-01
1.586175949397206068e+09 8.930943319743828157e-01 -4.344784006624646810e-01 -1.166663350030881091e-01 5.832826432002851183e-03 2.704953058536518906e-01 -9.627036241714683751e-01 4.498316268702201026e-01 8.591046555450536637e-01 2.441120615467369248e-01 1.197246496735583782e-01 -6.977819620128757894e-01 3.345647070757893360e-01
1.586175949397223949e+09 8.916520173434898666e-01 -4.400785104058248520e-01 -1.062430459668317340e-01 3.595792146922857559e-03 2.415533013256665751e-01 -9.703808908070243877e-01 4.527071354072357279e-01 8.648600508772129603e-01 2.169639192412682605e-01 1.167416604159125793e-01 -7.065162430253909553e-01 3.291387694740180447e-01
1.586175949397242069e+09 8.897788081750647171e-01 -4.462420161444353162e-01 -9.571695628229266728e-02 1.456438551482385803e-03 2.125005546738417961e-01 -9.771598607167516493e-01 4.563896926013341626e-01 8.693167303070050700e-01 1.897284143192311257e-01 1.134780112204029356e-01 -7.153538347006132003e-01 3.240522917256445923e-01
1.586175949397259951e+09 8.876112447303311503e-01 -4.526831554329542318e-01 -8.499552450318488550e-02 -6.258568555265750857e-04 1.833492824815125821e-01 -9.830476332623140356e-01 4.605929729553963070e-01 8.726173283272810055e-01 1.624595699599143128e-01 1.099050626601833780e-01 -7.242737084581387652e-01 3.193303663441300344e-01
1.586175949397278070e+09 8.852780708575417323e-01 -4.591303327389670286e-01 -7.404103583682532241e-02 -2.718280632794278784e-03 1.540956221233625023e-01 -9.880522003106623208e-01 4.650541349290431836e-01 8.749022100171506278e-01 1.351694299647570596e-01 1.059962347398901161e-01 -7.332499103734839707e-01 3.149972898347796479e-01
1.586175949397298098e+09 8.828972512237204251e-01 -4.653383295983836154e-01 -6.287036629621491068e-02 -4.911439318954688264e-03 1.247314449714329171e-01 -9.921783835304418542e-01 4.695405432461837725e-01 8.763003514369883673e-01 1.078395689159677151e-01 1.017279161144350741e-01 -7.422517149425545968e-01 3.110761089945504043e-01
1.586175949397315979e+09 8.805727581723686859e-01 -4.710989392598628478e-01 -5.155004522766812314e-02 -7.313531088420035901e-03 9.525422633689921426e-02 -9.954261122624338265e-01 4.738545452301921590e-01 8.769221299950500370e-01 8.043288005613712099e-02 9.708034396739316507e-02 -7.512439810149010855e-01 3.075881421669358629e-01
1.586175949397334099e+09 8.783915856825046387e-01 -4.762491092833731621e-01 -4.018716560052938702e-02 -1.004247070807525247e-02 6.567393796837071862e-02 -9.977906007774026698e-01 4.778361342478664175e-01 8.768544463339565942e-01 5.290471676437025206e-02 9.203840801065642230e-02 -7.601877157256292650e-01 3.045524907048865471e-01
1.586175949397351980e+09 8.764214604728858271e-01 -4.806757957028238715e-01 -2.891717859796366988e-02 -1.321697586398932513e-02 3.601647621334849725e-02 -9.992637916666999853e-01 4.813634130066565264e-01 8.761584292461407353e-01 2.521253228081775724e-02 8.659233017288114898e-02 -7.690408395401251429e-01 3.019855619027532745e-01
1.586175949397368908e+09 8.747096564559253551e-01 -4.843170070572560548e-01 -1.789004605624006095e-02 -1.694782050728105283e-02 6.323743886343650977e-03 -9.998363776084758792e-01 4.843508939744284869e-01 8.748697315636397853e-01 -2.676677871834662326e-03 8.073817342628192284e-02 -7.777591304026915120e-01 2.999006298210221688e-01
1.586175949397387981e+09 8.732831602780851687e-01 -4.871589736833379369e-01 -7.256480176531177745e-03 -2.133042665392297088e-02 -2.334895269124212872e-02 -9.994997947237955760e-01 4.867458629364453948e-01 8.730011231559074991e-01 -3.078155595923829160e-02 7.447813906341083090e-02 -7.862973083520977680e-01 2.983074645308338435e-01
1.586175949397407055e+09 8.721502044039372015e-01 -4.892299382867583146e-01 2.844048547465296249e-03 -2.643969124708962781e-02 -5.293716733491100890e-02 -9.982477645290471768e-01 4.885232480634993379e-01 8.705467960182839970e-01 -5.910424983265856469e-02 6.782062479547451561e-02 -7.946102066987646984e-01 2.972120589389937173e-01
1.586175949397425890e+09 8.713029297995162903e-01 -4.905915865503910345e-01 1.229226987926116017e-02 -3.232746715631731188e-02 -8.237211456875936921e-02 -9.960771907611649656e-01 4.896796295589866954e-01 8.674875965698817248e-01 -8.763064815962634535e-02 6.078003523911731237e-02 -8.026539661888481003e-01 2.966164747520987910e-01
1.586175949397444963e+09 8.707207956885583133e-01 -4.913293558732339528e-01 2.099428928809232708e-02 -3.902274037170622156e-02 -1.115850233370088845e-01 -9.929884232188649351e-01 4.902270105837348568e-01 8.637964151785745281e-01 -1.163324181957501452e-01 5.337635702340823990e-02 -8.103871867745318092e-01 2.965188181636224107e-01
1.586175949397463083e+09 8.703741950342182010e-01 -4.915430041011382145e-01 2.888314227711978599e-02 -4.653391009370368148e-02 -1.405104123366783808e-01 -9.889850451762622896e-01 4.901870623017788864e-01 8.594430169544839959e-01 -1.451700549859336054e-01 4.563452792752733383e-02 -8.177719764752949816e-01 2.969133455803585897e-01
1.586175949397481918e+09 8.702278307763442466e-01 -4.913384428784970948e-01 3.591736713718641366e-02 -5.485245330299678979e-02 -1.690880448312047091e-01 -9.840733924904834229e-01 4.895862856829260590e-01 8.543978978725602635e-01 -1.740962414489146959e-01 3.758364168047262366e-02 -8.247748461397080844e-01 2.977906913823833990e-01
1.586175949397500038e+09 8.702435242959840611e-01 -4.908214349681397359e-01 4.207763737136906851e-02 -6.395713474291522815e-02 -1.972636661952415493e-01 -9.782619952040531031e-01 4.884523452273673572e-01 8.486350011730082743e-01 -2.030589607243799277e-01 2.925603749406150908e-02 -8.313674107764897903e-01 2.991382033785717764e-01
1.586175949397519112e+09 8.703823233233164425e-01 -4.900932734255730727e-01 4.736237704494393463e-02 -7.381819310817447355e-02 -2.249887891980708043e-01 -9.715610734520790936e-01 4.868115506397607817e-01 8.421333791721987705e-01 -2.320040649476158567e-01 2.068632763087231013e-02 -8.375268729340943352e-01 3.009403652317419464e-01
1.586175949397536993e+09 8.706058980664661551e-01 -4.892482687118658302e-01 5.178322106975367933e-02 -8.440103295399553618e-02 -2.522198769472729363e-01 -9.639821573322439052e-01 4.846873591440789553e-01 8.348779943620621147e-01 -2.608771717119219291e-01 1.191041593882637313e-02 -8.432362791344197861e-01 3.031792808996995880e-01
1.586175949397557974e+09 8.708773221786750840e-01 -4.883726583268874766e-01 5.536096534259838525e-02 -9.566912324553518421e-02 -2.789172674914509598e-01 -9.555378470256732371e-01 4.820996876170893786e-01 8.268599063480729372e-01 -2.896249070402150405e-01 2.964555865219643122e-03 -8.484845550568459460e-01 3.058351942907531762e-01
1.586175949397569895e+09 8.711614010265008590e-01 -4.875444607591231105e-01 5.812239082036210758e-02 -1.075859691334622587e-01 -3.050441240794800057e-01 -9.462416932032335914e-01 4.790647898121393466e-01 8.180760853228563612e-01 -3.181956097899113489e-01 -6.115510837387544071e-03 -8.532663387925270015e-01 3.088870169489261186e-01
1.586175949397581100e+09 8.714247315461591814e-01 -4.868338079303856647e-01 6.009809377792008078e-02 -1.201161669159326179e-01 -3.305656091960518239e-01 -9.361081587125458237e-01 4.755954624765588723e-01 8.085290481484496139e-01 -3.465396581581424162e-01 -1.529530381696978490e-02 -8.575816398707518662e-01 3.123128403553967480e-01
1.586175949397592068e+09 8.716356539595927488e-01 -4.863034032817652452e-01 6.132117801413229652e-02 -1.332257305716068319e-01 -3.554483559789481939e-01 -9.251526205396871649e-01 4.717013797901987160e-01 7.982264505846965452e-01 -3.746095863635524048e-01 -2.454222145509009703e-02 -8.614353591081483907e-01 3.160904124314533603e-01
1.586175949397603035e+09 8.717642048004065058e-01 -4.860088937912511731e-01 6.182658452926591969e-02 -1.468819025754871666e-01 -3.796602416628895860e-01 -9.133913771993947828e-01 4.673894288099257888e-01 7.871807011599007975e-01 -4.023601196224972920e-01 -3.382601572885375607e-02 -8.648367055466342768e-01 3.201975641020441410e-01
1.586175949397613049e+09 8.717821287502482974e-01 -4.859990713397969730e-01 6.165081360838403635e-02 -1.610526592932523260e-01 -4.031704202668673354e-01 -9.008416361949167506e-01 4.626639830028042022e-01 7.754086117001707246e-01 -4.297482100459371623e-01 -4.311912332054136654e-02 -8.677985447265781360e-01 3.246125780906632952e-01
1.586175949397624969e+09 8.716629697127363796e-01 -4.863158980308930346e-01 6.083185616118066269e-02 -1.757060614985720137e-01 -4.259495650700758085e-01 -8.875214635800077190e-01 4.575271002128235009e-01 7.629310686798342900e-01 -4.567331138842279370e-01 -5.239685842076346328e-02 -8.703367120174302363e-01 3.293144954413709247e-01
1.586175949397635937e+09 8.713822155221322419e-01 -4.869944473588531109e-01 5.940911448103559228e-02 -1.908096481266923217e-01 -4.479702136135895185e-01 -8.734496930234096901e-01 4.519786642107502805e-01 7.497726963370036080e-01 -4.832765163240373973e-01 -6.163747882496448116e-02 -8.724693250750837903e-01 3.342833569459669474e-01
1.586175949397646904e+09 8.709174695272521305e-01 -4.880628349144711664e-01 5.742325850674712823e-02 -2.063299278826444816e-01 -4.692071626356041913e-01 -8.586457941068098565e-01 4.460165046092602337e-01 7.359614853512588262e-01 -5.093426842511815655e-01 -7.082214228381436549e-02 -8.742161247117145040e-01 3.395003806892671894e-01
1.586175949397655964e+09 8.702486503322405254e-01 -4.895421422264277234e-01 5.491609736050816204e-02 -2.222318997340461677e-01 -4.896379335823407009e-01 -8.431296917341589703e-01 4.396365198556246301e-01 7.215283675596152468e-01 -5.348986310699289648e-01 -7.993477337240675884e-02 -8.755978673369156917e-01 3.449480802517346234e-01
1.586175949397665977e+09 8.693581686911087125e-01 -4.914464507959896422e-01 5.193034469461618036e-02 -2.384787396039378948e-01 -5.092431966532354748e-01 -8.269215547833042024e-01 4.328328378784669916e-01 7.065067252843553192e-01 -5.599142629783075975e-01 -8.896186288291338395e-02 -8.766357871537459046e-01 3.506103294502485035e-01
1.586175949397677898e+09 8.682310414260125953e-01 -4.937830604690489067e-01 4.850925755107160509e-02 -2.550316984436772350e-01 -5.280070811279066190e-01 -8.100415763487991416e-01 4.255980401224157550e-01 6.909318430063436933e-01 -5.843624704481866772e-01 -9.789222152606479044e-02 -8.773511387315227061e-01 3.564723815814338503e-01
1.586175949397687912e+09 8.668549472248457954e-01 -4.965528627528374428e-01 4.469625413618501242e-02 -2.718501257812734884e-01 -5.459173917576082280e-01 -7.925097544101282754e-01 4.179234497504002999e-01 6.748403189451430695e-01 -6.082191499609610474e-01 -1.067167075706051682e-01 -8.777648231765732278e-01 3.625208524455789671e-01
1.586175949397697926e+09 8.652202361131550168e-01 -4.997508289166520679e-01 4.053458014400033310e-02 -2.888915590310184300e-01 -5.629657492366312299e-01 -7.743456803346886463e-01 4.097994758558659023e-01 6.582694542411199334e-01 -6.314631545116844435e-01 -1.154279448088403326e-01 -8.778970955677944943e-01 3.687436764314679372e-01
1.586175949397707939e+09 8.633199063018843766e-01 -5.033665726852998290e-01 3.606706331260194076e-02 -3.061118410963693526e-01 -5.791476686904323268e-01 -7.555683416719853884e-01 4.012160021714837321e-01 6.412566347061856575e-01 -6.540761793180678296e-01 -1.240200439471143001e-01 -8.777673482464357635e-01 3.751300436771842772e-01
1.586175949397716999e+09 8.611495594234157558e-01 -5.073849558970922047e-01 3.133596981422238220e-02 -3.234652496712760450e-01 -5.944625822220089839e-01 -7.361959460218223672e-01 3.921628090973978686e-01 6.238387171908237328e-01 -6.760425921486286072e-01 -1.324883367868575912e-01 -8.773939614202206361e-01 3.816703255690943042e-01
1.586175949397726059e+09 8.587073384963366252e-01 -5.117867200269663464e-01 2.638295257571928593e-02 -3.409046421460760201e-01 -6.089137993190715248e-01 -7.162457750716545446e-01 3.826300198093489646e-01 6.060514321406231808e-01 -6.973492165661968611e-01 -1.408291298852381856e-01 -8.767942123718367453e-01 3.883559938331510031e-01
1.586175949397737026e+09 8.559938535372079160e-01 -5.165491258238319450e-01 2.124908203173158511e-02 -3.583816168403339275e-01 -6.225084033567326314e-01 -6.957340762152486313e-01 3.726085609661898834e-01 5.879288124896602241e-01 -7.179850778697944857e-01 -1.490394829062020865e-01 -8.759842357541145486e-01 3.951795361477161150e-01
1.586175949397747993e+09 8.530120364901448982e-01 -5.216466918259744512e-01 1.597481392653814225e-02 -3.758468283338486926e-01 -6.352569615907092127e-01 -6.746760368709210365e-01 3.620906344088219986e-01 5.695026969645603510e-01 -7.379410890633482101e-01 -1.571170150473625571e-01 -8.749790270289808936e-01 4.021343703295561234e-01
1.586175949397758007e+09 8.497668689059572067e-01 -5.270520975592926094e-01 1.059977066500598399e-02 -3.932505597887090976e-01 -6.471729436131987701e-01 -6.530858891652920883e-01 3.510701725187035938e-01 5.508023853465353614e-01 -7.572096582643051965e-01 -1.650597403117130269e-01 -8.737924796530456284e-01 4.092147593915935189e-01
1.586175949397767067e+09 8.462650547827109682e-01 -5.327370889577117685e-01 5.162487047279343960e-03 -4.105433644215093492e-01 -6.582720089654062745e-01 -6.309771061520708102e-01 3.395432274161692687e-01 5.318544504366251591e-01 -7.757842745061660494e-01 -1.728659300638475393e-01 -8.724374463041377759e-01 4.164157297947924108e-01
1.586175949397778988e+09 8.425145443821507873e-01 -5.386735120701614532e-01 -3.001142607805531645e-04 -4.276769671316043575e-01 -6.685709963031155612e-01 -6.083627495444619004e-01 3.275082511863971479e-01 5.126828166436290246e-01 -7.936590421759674996e-01 -1.805340008964074483e-01 -8.709258166698966575e-01 4.237329939096817211e-01
1.586175949397789001e+09 8.385238610091149125e-01 -5.448344980051554876e-01 -5.753648570402941989e-03 -4.446054850528720070e-01 -6.780865599768561847e-01 -5.852559954289913158e-01 3.149661846757255690e-01 4.933092206164882976e-01 -8.108281665495229440e-01 -1.880624262939863400e-01 -8.692686066015271606e-01 4.311628764386497559e-01
1.586175949397798061e+09 8.343012724995276796e-01 -5.511956755869438229e-01 -1.116754628181251818e-02 -4.612868306317285949e-01 -6.868335907960281261e-01 -5.616707921780291768e-01 3.019202658081696078e-01 4.737540986093224937e-01 -8.272854449642420560e-01 -1.954496697342603673e-01 -8.674760535602301648e-01 4.387022448817410880e-01
1.586175949397810936e+09 8.298539333785547312e-01 -5.577361885470686342e-01 -1.651645879614575818e-02 -4.776840080333503158e-01 -6.948237184221167650e-01 -5.376225340638010053e-01 2.883755156803576303e-01 4.540378227431145497e-01 -8.430238536241257963e-01 -2.026941351106072153e-01 -8.655577128132235787e-01 4.463484451643791595e-01
1.586175949397821903e+09 8.251871135610584496e-01 -5.644393591296591461e-01 -2.178158965969646810e-02 -4.937660678292232208e-01 -7.020641496614185018e-01 -5.131286391993552520e-01 2.743379270098388334e-01 4.341821504868096371e-01 -8.580352919939163714e-01 -2.097941305001312651e-01 -8.635225505280487157e-01 4.540992430920222644e-01
1.586175949397831917e+09 8.203035325285316093e-01 -5.712930132135927153e-01 -2.695195251889341212e-02 -5.095086966444093424e-01 -7.085568848081692517e-01 -4.882090017406313653e-01 2.598134001392525261e-01 4.142118228850312223e-01 -8.723104740829562553e-01 -2.167478419455669270e-01 -8.613790315699901834e-01 4.619527717374113385e-01
1.586175949397840977e+09 8.152027660529144182e-01 -5.782895529740388341e-01 -3.202566643800279500e-02 -5.248945112506899768e-01 -7.142982465486097388e-01 -4.628863439143638403e-01 2.448064594933361537e-01 3.941563244066165206e-01 -8.858389185540989086e-01 -2.235533164949799756e-01 -8.591352022692761992e-01 4.699074832218640418e-01
1.586175949397850037e+09 8.098807788656435802e-01 -5.854257397943172236e-01 -3.701117912589958064e-02 -5.399129494742943569e-01 -7.192788177636623148e-01 -4.371864472423659387e-01 2.293188421151712009e-01 3.740517152366155673e-01 -8.986090269321774793e-01 -2.302084534331253207e-01 -8.567987679452589989e-01 4.779621039800906468e-01
1.586175949397859097e+09 8.043296530335765082e-01 -5.927021441125212009e-01 -4.192824567450066653e-02 -5.545596392474403391e-01 -7.234838964541838724e-01 -4.111382473513578995e-01 2.133481101572156924e-01 3.539423965875911349e-01 -9.106082385387629374e-01 -2.367110024066964857e-01 -8.543771648008021691e-01 4.861155930266428671e-01
1.586175949397871017e+09 7.985376081524880876e-01 -6.001222073802531254e-01 -4.680838327896745532e-02 -5.688351131841820063e-01 -7.268946010946650826e-01 -3.847737689267451966e-01 1.968865224379200418e-01 3.338825770721873809e-01 -9.218232598033252456e-01 -2.430585681266727860e-01 -8.518776263867737786e-01 4.943671023263382369e-01
1.586175949397880077e+09 7.924891936824045580e-01 -6.076911188223773630e-01 -5.169508846161684212e-02 -5.827431624862822179e-01 -7.294893474294965596e-01 -3.581280482010582022e-01 1.799202179264448309e-01 3.139375674442163588e-01 -9.322402690470951159e-01 -2.492486218207303761e-01 -8.493072448640236471e-01 5.027159383331211151e-01
1.586175949397897005e+09 7.861656896618341994e-01 -6.154144970461099540e-01 -5.664367037940649940e-02 -5.962888292105172905e-01 -7.312457284832537541e-01 -3.312390633359413861e-01 1.624288795366711780e-01 2.941847745203554076e-01 -9.418450922722699792e-01 -2.552785201539948812e-01 -8.466730272260125645e-01 5.111615236948601204e-01
1.586175949397913933e+09 7.795457500564685338e-01 -6.232968801560746508e-01 -6.172052273463453365e-02 -6.094760777406827978e-01 -7.321428150168917126e-01 -3.041476770039517885e-01 1.443860609080719892e-01 2.747142110695744988e-01 -9.506233575693179283e-01 -2.611455325720227760e-01 -8.439819463446694980e-01 5.197033582491854542e-01
1.586175949397932053e+09 7.726063164825106577e-01 -6.313400530522310650e-01 -6.700162172192107579e-02 -6.223052408226824594e-01 -7.321638657354307966e-01 -2.768975646369952193e-01 1.257603567633212849e-01 2.556282677594852171e-01 -9.585606510250347378e-01 -2.668468775399440718e-01 -8.412409861689901236e-01 5.283409789545147062e-01
1.586175949397949934e+09 7.653237520204484445e-01 -6.395413316382672075e-01 -7.257024107531710733e-02 -6.347704989978814050e-01 -7.312992812623153593e-01 -2.495351181159224940e-01 1.065174565786465716e-01 2.370406009601838671e-01 -9.656426799002529870e-01 -2.723797672868409903e-01 -8.384571799826379124e-01 5.370739190518057926e-01
1.586175949397969007e+09 7.576751470881758488e-01 -6.478919282969641813e-01 -7.851382618741166441e-02 -6.468576486012874716e-01 -7.295496302380102271e-01 -2.221092519719104486e-01 8.662305867869712905e-02 2.190739291126647670e-01 -9.718554725846727527e-01 -2.777414600309525694e-01 -8.356376405472503155e-01 5.459016671716672153e-01
1.586175949397986889e+09 7.496396307919521718e-01 -6.563756139416224711e-01 -8.492041885729377515e-02 -6.585425643800274509e-01 -7.269283653603221262e-01 -1.946711146530812342e-01 6.604631112308838314e-02 2.018568928836128595e-01 -9.771855913217802891e-01 -2.829293174669625377e-01 -8.327895809761250989e-01 5.548236277454953180e-01
1.586175949398005009e+09 7.411995813571107261e-01 -6.649678121009637843e-01 -9.187485856171707932e-02 -6.697905759066166143e-01 -7.234639682733251531e-01 -1.672736422238178811e-01 4.476343812581742854e-02 1.855200679841774447e-01 -9.816203641361531673e-01 -2.879408645891037843e-01 -8.299203256041349785e-01 5.638390843413167985e-01
1.586175949398022890e+09 7.323415992752485559e-01 -6.736352424372360481e-01 -9.945522755256228087e-02 -6.805569165356017969e-01 -7.192012312778072181e-01 -1.399709706687993216e-01 2.276105664368632472e-02 1.701915074782319182e-01 -9.851481032754626499e-01 -2.927738483789704693e-01 -8.270373107280446501e-01 5.729471676462545293e-01
1.586175949398041964e+09 7.230571690083514858e-01 -6.823361338965460154e-01 -1.077298978685932718e-01 -6.907881941801889969e-01 -7.142015318741047336e-01 -1.128177423807155133e-01 3.876408268953246417e-05 1.559922189990824160e-01 -9.877582833940597995e-01 -2.974262911687132194e-01 -8.241480758195812717e-01 5.821468299395515800e-01
1.586175949398058891e+09 7.133430013179938856e-01 -6.910209491356702483e-01 -1.167553446156034541e-01 -7.004246610229978298e-01 -7.085421099065090100e-01 -8.586834728802497652e-02 -2.338925137272142296e-02 1.430319072205365472e-01 -9.894416691961033239e-01 -3.018965356514400900e-01 -8.212602467070629908e-01 5.914368270256985527e-01
1.586175949398077965e+09 7.032010770452986614e-01 -6.996335134477557061e-01 -1.265748485012536673e-01 -7.094029840431822498e-01 -7.023144493676074518e-01 -5.917618428074490622e-02 -4.749370330539259139e-02 1.314053317273594368e-01 -9.901903792930194514e-01 -3.061832788458562771e-01 -8.183815127955565982e-01 6.008157082186333930e-01
1.586175949398106098e+09 6.926384312386311137e-01 -7.081123697776495751e-01 -1.372183497539728181e-01 -7.176591847735896978e-01 -6.956219554263648464e-01 -3.279313929517807535e-02 -7.223086919223792313e-02 1.211897975524093146e-01 -9.899978458610055876e-01 -3.102855935682242161e-01 -8.155196007985424655e-01 6.102818141878022518e-01
1.586175949398124933e+09 6.816668016047705558e-01 -7.163921919950901884e-01 -1.487030564864970095e-01 -7.251313828787460114e-01 -6.885772686162869860e-01 -6.769272872108014066e-03 -9.754409023153670644e-02 1.124436415524013994e-01 -9.888587251169038694e-01 -3.142029379460412608e-01 -8.126822474206910618e-01 6.198332814789853096e-01
1.586175949398144007e+09 6.703022236961767577e-01 -7.244051459689840877e-01 -1.610345104989910070e-01 -7.317621252346684368e-01 -6.812994730439262403e-01 1.884729285695199014e-02 -1.233658030676596240e-01 1.052055733031126289e-01 -9.867688008261745747e-01 -3.179351548703975294e-01 -8.098771729700698918e-01 6.294680519866820978e-01
1.586175949398161888e+09 6.585646295118328108e-01 -7.320821004795258213e-01 -1.742079994818324096e-01 -7.375001839008887838e-01 -6.739114010140901945e-01 4.401025647854310552e-02 -1.496198779911323551e-01 9.949483337988394849e-02 -9.837248957636069990e-01 -3.214824638087716568e-01 -8.071120572489146605e-01 6.391838856063208896e-01
1.586175949398180962e+09 6.464774910004164044e-01 -7.393536638884342649e-01 -1.882100249577288720e-01 -7.423017971898850931e-01 -6.665371742984632641e-01 6.867486813101686405e-02 -1.762239935640247668e-01 9.531188330915590923e-02 -9.797248334593239294e-01 -3.248454468305375098e-01 -8.043945186131881142e-01 6.489783747476174369e-01
1.586175949398199081e+09 6.340675230636528825e-01 -7.461510410849611086e-01 -2.030197041023033555e-01 -7.461313952741978062e-01 -6.593000491474610980e-01 9.279755668259768997e-02 -2.030918944030319639e-01 9.263945815622569302e-02 -9.747674663861121136e-01 -3.280250302897495529e-01 -8.017320967784029584e-01 6.588489597140749776e-01
1.586175949398216009e+09 6.213644601406601575e-01 -7.524066934448131461e-01 -2.186100992717013025e-01 -7.489618690089094866e-01 -6.523206110301947858e-01 1.163354612394698201e-01 -2.301354532347320847e-01 9.144390744494479417e-02 -9.688527675865598043e-01 -3.310224641396335987e-01 -7.991322394501685356e-01 6.687929438637527646e-01
1.586175949398235083e+09 6.084009106757449770e-01 -7.580548205782050575e-01 -2.349494010571293590e-01 -7.507744653397244727e-01 -6.457153223247441565e-01 1.392459157563643302e-01 -2.572664658946666183e-01 9.167666898497318917e-02 -9.619819926559850520e-01 -3.338393001790745385e-01 -7.966022926711632257e-01 6.788075078883668567e-01
