1.592830854979335070e+09 2.105036281317950453e-01 -9.760669041369824939e-01 5.460428236619199044e-02 -9.549536317963711607e-01 -2.172588044453923339e-01 -2.021439535605155657e-01 2.091692836636153685e-01 -9.592522330385447327e-03 -9.778323980277301430e-01 -5.962978970099375164e-01 -3.198228469925720741e-01 3.576589195938464361e-01
1.592830854979383945e+09 2.019966952251891490e-01 -9.769797989843725938e-01 6.861351146501716569e-02 -9.582464702217390329e-01 -2.116283429103814062e-01 -1.922944402103669015e-01 2.023883469148048952e-01 -2.690581388158700890e-02 -9.789356661998926956e-01 -5.979689193956370108e-01 -3.360958795610813343e-01 3.632733020390490064e-01
1.592830854979401112e+09 1.970634363310454773e-01 -9.769195354339439419e-01 8.242711817613962433e-02 -9.611986637562133229e-01 -2.090759829029100181e-01 -1.799565700885880637e-01 1.930366192722118845e-01 -4.376597584072161595e-02 -9.802149801573900589e-01 -5.988326748796026777e-01 -3.522030810881432994e-01 3.695132684230032494e-01
1.592830854979413986e+09 1.958839781289735682e-01 -9.759990697405971360e-01 9.515928458698781622e-02 -9.636888421346626599e-01 -2.095501279684655327e-01 -1.655069918958710085e-01 1.814753101036182537e-01 -5.928377283045347529e-02 -9.816069225765996498e-01 -5.988986650102915421e-01 -3.681033719621156219e-01 3.763177956278303538e-01
1.592830854979429960e+09 1.983999195968970120e-01 -9.743733713590925216e-01 1.059906201607735271e-01 -9.655802447292973767e-01 -2.128687177805997088e-01 -1.494714184517625388e-01 1.682030570950832638e-01 -7.268733153148027037e-02 -9.830688113111493154e-01 -5.981793414013846233e-01 -3.837613769911381589e-01 3.836276962505905108e-01
1.592830854979444027e+09 2.043243857419839160e-01 -9.722146996803220365e-01 1.142371638165101677e-01 -9.667462847157073380e-01 -2.187427907389127846e-01 -1.324885559059026385e-01 1.537958774326051159e-01 -8.336771083375721370e-02 -9.845794316549861813e-01 -5.966895072500099095e-01 -3.991469355328078894e-01 3.913859291431975862e-01
1.592830854979461908e+09 2.131814131963877534e-01 -9.696890363836031534e-01 1.194021116769184154e-01 -9.670960173253343450e-01 -2.268040204832598161e-01 -1.152615917274525531e-01 1.388487806766738886e-01 -9.090167756327811877e-02 -9.861328031732423671e-01 -5.944458111505581677e-01 -4.142346151324864389e-01 3.995377968531755863e-01
1.592830854979479074e+09 2.243654992644971979e-01 -9.669384342364228946e-01 1.212031089917512267e-01 -9.665929680897734633e-01 -2.366325654354048125e-01 -9.850415209597353228e-02 1.239280531496299020e-01 -9.505313949149400699e-02 -9.877280712312568323e-01 -5.914663304682156175e-01 -4.290032470425128586e-01 4.080310530849109441e-01
1.592830854979499102e+09 2.372089414061694101e-01 -9.640716307384649131e-01 1.195734728834085547e-01 -9.652632455589237326e-01 -2.477828053790546992e-01 -8.288879960653511292e-02 1.095389907574615684e-01 -9.575791399656763403e-02 -9.893592046368980819e-01 -5.877702352424057919e-01 -4.434354949922167943e-01 4.168159431947777160e-01
1.592830854979520082e+09 2.510450304155127932e-01 -9.611627303743871531e-01 1.146412008716582998e-01 -9.631922813921778292e-01 -2.598055899079561581e-01 -6.900499612303660768e-02 9.610945534455316019e-02 -9.309815835072754453e-02 -9.910074217158066912e-01 -5.833775195383610335e-01 -4.575174620682934679e-01 4.258451982606027419e-01
1.592830854979533911e+09 2.652587140361143958e-01 -9.582559542161905863e-01 1.066927707555360150e-01 -9.605124106087629121e-01 -2.722665792672954166e-01 -5.733082810720968592e-02 8.398648320780285892e-02 -8.727222860251365733e-02 -9.926378156930505403e-01 -5.783087886136260014e-01 -4.712383370821205397e-01 4.350739983289208523e-01
1.592830854979543924e+09 2.793360166872161932e-01 -9.551337594484330396e-01 9.844235794408059959e-02 -9.575020272284352485e-01 -2.847560688278510388e-01 -4.586778924228412935e-02 7.184193296508729898e-02 -8.144623167905253036e-02 -9.940851333783523591e-01 -5.729204372609963958e-01 -4.847832390405500402e-01 4.443813339127533069e-01
1.592830854979553938e+09 2.932702202126436508e-01 -9.517921246610950847e-01 8.991293490880215844e-02 -9.541655661927804788e-01 -2.972711540049491341e-01 -3.461124469599465014e-02 5.967123222728877574e-02 -7.564137903067509605e-02 -9.953480447630111971e-01 -5.672200279353086794e-01 -4.981557365381359404e-01 4.537518642728335938e-01
1.592830854979564905e+09 3.070552125597311166e-01 -9.482278319906155550e-01 8.112386561699222454e-02 -9.505070003723350425e-01 -3.098087378341886078e-01 -2.355829313855541812e-02 4.747151187016450391e-02 -6.987510541354463589e-02 -9.964255765459562042e-01 -5.612141297881548807e-01 -5.113592056709312939e-01 4.631711415984841040e-01
1.592830854979574919e+09 3.206855176467719448e-01 -9.444383432574410264e-01 7.209036725617673502e-02 -9.465298661389446311e-01 -3.223657871947033793e-01 -1.270892301338242755e-02 3.524226245830628518e-02 -6.416011808323206222e-02 -9.973171344036458885e-01 -5.549084123836088844e-01 -5.243968117592601175e-01 4.726254501682046194e-01
1.592830854979584932e+09 3.341564313972583689e-01 -9.404215672570984674e-01 6.282325753986831018e-02 -9.422373002655007879e-01 -3.349396989470165842e-01 -2.067130497026996305e-03 2.298597738853459110e-02 -5.850367161254473036e-02 -9.980225296265008428e-01 -5.483077363471834387e-01 -5.372715033284676256e-01 4.821016618528203290e-01
1.592830854979594946e+09 3.474642689196389411e-01 -9.361755256049345553e-01 5.332891876678201581e-02 -9.376320753501219407e-01 -3.475287627181281591e-01 8.357950051283799531e-03 1.070882523957322231e-02 -5.290699378263622604e-02 -9.985420248850854774e-01 -5.414162426205136880e-01 -5.499860163930136991e-01 4.915871068491466378e-01
1.592830854979605913e+09 3.606066991331343674e-01 -9.316979252349628648e-01 4.360953046685484003e-02 -9.327166355070852788e-01 -3.601326757622677621e-01 1.855097483912011500e-02 -1.578687461166936729e-03 -4.736494034868904413e-02 -9.988764060495168851e-01 -5.342374406984615742e-01 -5.625428868976751762e-01 5.010694589373470009e-01
1.592830854979615927e+09 3.735831220349812298e-01 -9.269856618948419946e-01 3.366363121154407334e-02 -9.274931406912793053e-01 -3.727530389396396249e-01 2.848948758260469796e-02 -1.386112521029913593e-02 -4.186597878292564606e-02 -9.990270834262634514e-01 -5.267742953919303250e-01 -5.749444691354792525e-01 5.105366346072105488e-01
1.592830854979626894e+09 3.863950159895960801e-01 -9.220343025292893069e-01 2.348708309040983475e-02 -9.219635364591132198e-01 -3.853937289216137763e-01 3.814336270608875701e-02 -2.611771379180701652e-02 -3.639263947086627399e-02 -9.989962188163512558e-01 -5.190293132024870193e-01 -5.871929591773172863e-01 5.199767054550221701e-01
1.592830854979636908e+09 3.990462450405657391e-01 -9.168375890773871051e-01 1.307425210703586430e-02 -9.161296447995405101e-01 -3.980611239198770246e-01 4.747441957455946632e-02 -3.832198034880340831e-02 -3.092219886029302922e-02 -9.987868880950154793e-01 -5.110046298182954194e-01 -5.992904228923698895e-01 5.293778236479849131e-01
1.592830854979646921e+09 4.115432740507603548e-01 -9.113870124560350394e-01 2.419422330429184947e-03 -9.099932938313045616e-01 -4.107641102080112350e-01 5.643629964750299793e-02 -5.044149807550591530e-02 -2.542763769635946608e-02 -9.984032726828453441e-01 -5.027021007057066448e-01 -6.112388286495645806e-01 5.387281608198618565e-01
1.592830854979656935e+09 4.238952362311388944e-01 -9.056715179247527558e-01 -8.481557332845586841e-03 -9.035565027460633614e-01 -4.235137966027189282e-01 6.497472895890210598e-02 -6.243781731225793441e-02 -1.987891188188895333e-02 -9.978508667242854679e-01 -4.941233966397309274e-01 -6.230400849315813616e-01 5.480158613827833536e-01
1.592830854979666948e+09 4.361137968449114166e-01 -8.996774134632254949e-01 -1.962942688936323427e-02 -8.968217321182063717e-01 -4.363228730028504976e-01 7.302832509285368812e-02 -7.426670188343882650e-02 -1.424456360639317354e-02 -9.971366775872574362e-01 -4.852701047227892528e-01 -6.346960825746441603e-01 5.572290115612236194e-01
1.592830854979676962e+09 4.482127989981251059e-01 -8.933885365782008314e-01 -3.101960701388625438e-02 -8.897921881159609470e-01 -4.492046163499458511e-01 8.052999185730343179e-02 -8.587872151994879744e-02 -8.493569164926252635e-03 -9.962693957277188872e-01 -4.761438337299818691e-01 -6.462087405906845605e-01 5.663556252927234302e-01
1.592830854979686975e+09 4.602076865391391824e-01 -8.867867217150388059e-01 -4.264037915587298722e-02 -8.824721554288140757e-01 -4.621715799766282773e-01 8.740898423822959784e-02 -9.722029722063008084e-02 -2.597339242386568006e-03 -9.952594998430945861e-01 -4.667463215442299584e-01 -6.575800541043638203e-01 5.753836477076855749e-01
1.592830854979696989e+09 4.721147906128480010e-01 -8.798525423268749313e-01 -5.447141213416832606e-02 -8.748673014451608942e-01 -4.752341308792012442e-01 9.359343289131537291e-02 -1.082350932718348091e-01 3.468413226972365433e-03 -9.941192780973813203e-01 -4.570795406907814940e-01 -6.688121421446256987e-01 5.843009758512720531e-01
1.592830854979717970e+09 4.839505512615437377e-01 -8.725662765054265080e-01 -6.648280629961793309e-02 -8.669848968199649342e-01 -4.883989959332197817e-01 9.901320330302652850e-02 -1.188657171296585158e-01 9.722094483075906235e-03 -9.928627430621256300e-01 -4.471457972817150517e-01 -6.799072927788779586e-01 5.930954951286238064e-01
1.592830854979733944e+09 4.957307876415972814e-01 -8.649089895509001202e-01 -7.863480446120320322e-02 -8.588338954214275178e-01 -5.016680272463852619e-01 1.036027773990897266e-01 -1.290555398597760250e-01 1.617514881672946214e-02 -9.915054395125589837e-01 -4.369478184027009160e-01 -6.908680030198991462e-01 6.017551286560701707e-01
1.592830854979743958e+09 5.074701021646363941e-01 -8.568636150250622530e-01 -9.087819952862485895e-02 -8.504248424034954734e-01 -5.150373480874508303e-01 1.073038790951409555e-01 -1.387504557144094708e-01 2.283156783567450582e-02 -9.900641569817296705e-01 -4.264888225914451603e-01 -7.016970107920240673e-01 6.102678950880852105e-01
1.592830854979754925e+09 5.191814535856165147e-01 -8.484159330919908149e-01 -1.031553644884365267e-01 -8.417696118699944385e-01 -5.284969579892133673e-01 1.100676650938658963e-01 -1.479004561654834737e-01 2.968796056486533441e-02 -9.885565661378590274e-01 -4.157725704937866862e-01 -7.123973175122594315e-01 6.186219702677530075e-01
1.592830854979764938e+09 5.308759124447500755e-01 -8.395553612517251407e-01 -1.154017654709342811e-01 -8.328810023044909139e-01 -5.420308158948801136e-01 1.118563167256368257e-01 -1.564608825088284472e-01 3.673411366415587492e-02 -9.870008113110149139e-01 -4.048033937956383999e-01 -7.229722003474327030e-01 6.268057475510740995e-01
1.592830854979774952e+09 5.425626292163749920e-01 -8.302754803486891433e-01 -1.275477424493947354e-01 -8.237722414814133698e-01 -5.556173853310464317e-01 1.126437759195247357e-01 -1.643931073136281062e-01 4.395398622276971284e-02 -9.854151195073235225e-01 -3.935862026882335774e-01 -7.334252142720093515e-01 6.348078921754273241e-01
1.592830854979784966e+09 5.542489219970035963e-01 -8.205743207895026536e-01 -1.395203319246882401e-01 -8.144564727851768549e-01 -5.692304805740778795e-01 1.124158302667446208e-01 -1.716647681211281029e-01 5.132688441880006724e-02 -9.838174437935692795e-01 -3.821264749352636381e-01 -7.437601854235109666e-01 6.426173867917666094e-01
1.592830854979794979e+09 5.659404153130979109e-01 -8.104544458411764296e-01 -1.512449801675391781e-01 -8.049462790080905705e-01 -5.828402752917521967e-01 1.111697188072931775e-01 -1.782496576662947751e-01 5.882864689173848000e-02 -9.822251545534099737e-01 -3.704302311496178723e-01 -7.539811979824612154e-01 6.502235670824542124e-01
1.592830854979804993e+09 5.776412045912505677e-01 -7.999228647080700583e-01 -1.626470281621318903e-01 -7.952532844114227339e-01 -5.964143732332057857e-01 1.089133325379229023e-01 -1.841272892454274002e-01 6.643275444238351535e-02 -9.806547990414685723e-01 -3.585040010697438939e-01 -7.640925768675640439e-01 6.576161476983478638e-01
1.592830854979815006e+09 5.893539945039689698e-01 -7.889908336417893464e-01 -1.736529299661239145e-01 -7.853878579916064862e-01 -6.099188381127264025e-01 1.056642248133540657e-01 -1.892822969998066429e-01 7.411126941060924844e-02 -9.791219209983808014e-01 -3.463547843885025901e-01 -7.740988679188152144e-01 6.647852388868714657e-01
1.592830854979825020e+09 6.010801965751298992e-01 -7.776735852106237967e-01 -1.841912013241328028e-01 -7.753589234399647090e-01 -6.233191298074146625e-01 1.014485447356204550e-01 -1.937037517086969418e-01 8.183558001475707555e-02 -9.776409355220136987e-01 -3.339900088094088781e-01 -7.840048168105174797e-01 6.717213542603288623e-01
1.592830854979835033e+09 6.128199952013276830e-01 -7.659900146005933497e-01 -1.941930933581233754e-01 -7.651738733717236007e-01 -6.365809228060029801e-01 9.629993353891730390e-02 -1.973844049386586086e-01 8.957695625903436265e-02 -9.762250611335037132e-01 -3.214174883037448915e-01 -7.938153480719191135e-01 6.784154112921173541e-01
1.592830854979845047e+09 6.245723778414338234e-01 -7.539623548309444256e-01 -2.035930225465585885e-01 -7.548385776572883454e-01 -6.496707900761207188e-01 9.025846870526751942e-02 -2.003199262781011902e-01 9.730692076234026544e-02 -9.748862983437720509e-01 -3.086453833874474029e-01 -8.035355450420162970e-01 6.848587258049732007e-01
