1.586177202656704903e+09 1.690820517327693284e-01 -8.919424775522087900e-01 -4.193445798206524855e-01 -4.365309051525784745e-01 3.136915074913028678e-01 -8.432309334223927477e-01 8.836583212132238518e-01 3.256320852820372425e-01 -3.363208533349763552e-01 2.628900156318527692e-01 -4.270682914241599737e-01 7.058712888006634101e-01
1.586177202656791925e+09 1.834696592875029453e-01 -8.859643504347681775e-01 -4.259178958258733605e-01 -4.161542440869480664e-01 3.225310620348070256e-01 -8.501701942887973651e-01 8.905922351271583493e-01 3.332279758367543976e-01 -3.095231604476038623e-01 2.546830691238451960e-01 -4.300073832669015217e-01 7.005967044800027743e-01
1.586177202656829119e+09 1.985276890907108627e-01 -8.796534159559012966e-01 -4.321997507710099162e-01 -3.960330289887313837e-01 3.313739458140190219e-01 -8.563580723575843212e-01 8.965180403276040710e-01 3.411761655381735370e-01 -2.825849030623245883e-01 2.469335740191204442e-01 -4.329465004012818530e-01 6.946704588135084180e-01
1.586177202656855106e+09 2.142036750448417515e-01 -8.730092325011069576e-01 -4.381457128292395309e-01 -3.761859480690526447e-01 3.402269989622739854e-01 -8.618176847573172372e-01 9.014437964133431569e-01 3.494287756387025046e-01 -2.555359322453135129e-01 2.396639187404808469e-01 -4.359057259118527261e-01 6.881736466624686077e-01
1.586177202656883955e+09 2.304381310220907364e-01 -8.660340658105635248e-01 -4.437152969346106479e-01 -3.566230200217017643e-01 3.490997855645004422e-01 -8.665733445139340851e-01 9.053829517868327015e-01 3.579306310973955352e-01 -2.284017818386690768e-01 2.328808929581520359e-01 -4.389082281237350336e-01 6.811887333966782920e-01
1.586177202656914949e+09 2.471661790675077630e-01 -8.587330744578118846e-01 -4.488723503043834384e-01 -3.373456701888307152e-01 3.580042836894141156e-01 -8.706496607641203145e-01 9.083538841042725354e-01 3.666202937717741861e-01 -2.012033336012760965e-01 2.265760477413624185e-01 -4.419779593169722021e-01 6.737969035270465756e-01
1.586177202656939983e+09 2.643194424253491603e-01 -8.511143669554932512e-01 -4.535852365691560584e-01 -3.183473807174205250e-01 3.669543575982888717e-01 -8.740706177273880328e-01 9.103791394830419437e-01 3.754315302850733671e-01 -1.739568581886271059e-01 2.207267646519373572e-01 -4.451373746732211756e-01 6.660756695862352084e-01
1.586177202656963110e+09 2.818281076781029015e-01 -8.431888955546075204e-01 -4.578268278051938478e-01 -2.996149324063257513e-01 3.759650218839842295e-01 -8.768587085567771666e-01 9.114843992582133403e-01 3.842951845756989449e-01 -1.466744732477163193e-01 2.152979539031545653e-01 -4.484053136692883190e-01 6.580968187802177516e-01
1.586177202656987906e+09 2.996229929011324788e-01 -8.349701817967206674e-01 -4.615743252866781332e-01 -2.811301374950276322e-01 3.850515581924620068e-01 -8.790342106697466296e-01 9.116972677574390893e-01 3.931413145726353475e-01 -1.193649816954225479e-01 2.102442713783150008e-01 -4.517951686011481560e-01 6.499247536749769294e-01
1.586177202657021046e+09 3.176374911671012158e-01 -8.264738718103723514e-01 -4.648089538209356775e-01 -2.628719184072937920e-01 3.942285624761617813e-01 -8.806146690027769619e-01 9.110459806490567303e-01 4.019014555083468831e-01 -9.203500063531412645e-02 2.055127212030234407e-01 -4.553134399004476474e-01 6.416152608138685487e-01
1.586177202657049894e+09 3.358093356839967902e-01 -8.177171054359813063e-01 -4.675155886996110732e-01 -2.448186051788600326e-01 4.035089935332640820e-01 -8.816146226770924521e-01 9.095581019167922054e-01 4.105109350716174554e-01 -6.469027409603253509e-02 2.010454986369984987e-01 -4.589587484576482801e-01 6.332147179926532754e-01
1.586177202657074928e+09 3.539741156939636424e-01 -8.087734621293203308e-01 -4.696677682216442995e-01 -2.268340845023432695e-01 4.129458795622881762e-01 -8.820555531725506881e-01 9.073304930736426632e-01 4.187614926271166493e-01 -3.728523528048459379e-02 1.968251210284963360e-01 -4.627360586627038419e-01 6.247451364162505127e-01
1.586177202657114983e+09 3.721223418530459348e-01 -7.996473832932005088e-01 -4.712632228578981786e-01 -2.089388617534573278e-01 4.225286998961311213e-01 -8.819376678854788931e-01 9.043613851085510191e-01 4.266539116860678660e-01 -9.845044742973402263e-03 1.928453399956588932e-01 -4.666473740182844887e-01 6.162200893933318380e-01
1.586177202657161951e+09 3.902528111410732414e-01 -7.903393842730845886e-01 -4.722990590670304023e-01 -1.911615458477146645e-01 4.322423747483180589e-01 -8.812626130065142060e-01 9.006442177219506906e-01 4.342006302857569500e-01 1.760130341588107480e-02 1.890986379974969045e-01 -4.706943300380732054e-01 6.076528352979903014e-01
1.586177202657203913e+09 4.083735262126620968e-01 -7.808454846728954957e-01 -4.727699147437980920e-01 -1.735395198692026575e-01 4.420659109268533227e-01 -8.800350934263931890e-01 8.961668919685150669e-01 4.414272982783070676e-01 4.502046437651893718e-02 1.855762655620162571e-01 -4.748781126233377337e-01 5.990561890142100943e-01
1.586177202657227039e+09 4.265020960980661635e-01 -7.711568416839305051e-01 -4.726659366617106950e-01 -1.561192790657928708e-01 4.519711046185295178e-01 -8.782647046966568505e-01 8.909111812376075967e-01 4.483740027231963854e-01 7.237417333732107383e-02 1.822683061345331257e-01 -4.791993812265220587e-01 5.904423911463235752e-01
1.586177202657253981e+09 4.446655188799097935e-01 -7.612596257208458228e-01 -4.719707180523909362e-01 -1.389564878722871211e-01 4.619213161597817141e-01 -8.759679174361560960e-01 8.848523441352807994e-01 4.550961218574814948e-01 9.961851779187200218e-02 1.791637706458551749e-01 -4.836582007829089425e-01 5.818229793806193317e-01
1.586177202657280922e+09 4.628992715488096654e-01 -7.511351660730725133e-01 -4.706593532696766724e-01 -1.221158329848631152e-01 4.718703006601244199e-01 -8.731701683585848528e-01 8.779589898487648592e-01 4.616647938163696563e-01 1.267029219580043942e-01 1.762507217046058172e-01 -4.882539860507867924e-01 5.732086671468338279e-01
1.586177202657315969e+09 4.812456258926140484e-01 -7.407603969393969923e-01 -4.686967911322674207e-01 -1.056707268710016662e-01 4.817610726523329778e-01 -8.699080219088971555e-01 8.701932803476044587e-01 4.681669610409202043e-01 1.535687193606039280e-01 1.735164257856842418e-01 -4.929854619316336173e-01 5.646092349888086614e-01
1.586177202657362938e+09 4.997511262632463036e-01 -7.301086289364477899e-01 -4.660366958549812533e-01 -8.970289472621242877e-02 4.915247783815605009e-01 -8.662313681325091164e-01 8.615115800700702264e-01 4.747049424618376423e-01 1.801472041024934911e-01 1.709475315269759210e-01 -4.978506441511327818e-01 5.560334402220009631e-01
1.586177202657396078e+09 5.184632316780984906e-01 -7.191506499078021974e-01 -4.626210331009162902e-01 -7.430188174895061004e-02 5.010795223274654431e-01 -8.622056268052689099e-01 8.518656630497168925e-01 4.813955289056682241e-01 2.063570619217311441e-01 1.685302712792118573e-01 -5.028468451590033528e-01 5.474889507693017077e-01
1.586177202657433033e+09 5.374260626115936468e-01 -7.078561980310331680e-01 -4.583806608781846315e-01 -5.956437540724209695e-02 5.103291874202893208e-01 -8.579138685621739979e-01 8.412046793278520340e-01 4.883684301691997853e-01 2.321011935115115665e-01 1.662506806512868140e-01 -5.079707094198799844e-01 5.389823090565621921e-01
1.586177202657459021e+09 5.566752159733719951e-01 -6.961958633292343324e-01 -4.532372711246647756e-01 -4.559312696082089278e-02 5.191623908370980311e-01 -8.534586568406611340e-01 8.294781316033639218e-01 4.957637865296673496e-01 2.572630896495453623e-01 1.640948283176899836e-01 -5.132182810807213169e-01 5.305189312436703331e-01
1.586177202657515049e+09 5.762318482413421039e-01 -6.841434142409933417e-01 -4.471069737269979250e-01 -3.249531172361606879e-02 5.274516907272785993e-01 -8.489633495545862996e-01 8.166400136535434395e-01 5.037286004495808989e-01 2.817030090849542145e-01 1.620490462332225545e-01 -5.185851054797842030e-01 5.221031458877973819e-01
1.586177202657593012e+09 5.960964085300307636e-01 -6.716785205979783901e-01 -4.399057135764214421e-01 -2.038017337358174683e-02 5.350531811121739256e-01 -8.445725203539530268e-01 8.026541723439217790e-01 5.124120007970338619e-01 3.052543549182308302e-01 1.601001493413317378e-01 -5.240663647668368785e-01 5.137382747497322155e-01
1.586177202657623053e+09 6.162425973146478109e-01 -6.587898230496627150e-01 -4.315565205547955419e-01 -9.355866440260613565e-03 5.418066013080193866e-01 -8.404511138455510455e-01 7.875008121436744002e-01 5.219593624386255071e-01 3.277207576187196603e-01 1.582356328969267978e-01 -5.296570461300724730e-01 5.054267567207083589e-01
1.586177202657665014e+09 6.366122551609957325e-01 -6.454783024240683398e-01 -4.219983386351715549e-01 4.744736664995252706e-04 5.475360638548431025e-01 -8.367819512125649339e-01 7.711839025558387961e-01 5.325054178976182939e-01 3.488744308299191466e-01 1.564438351229952007e-01 -5.353521390564534022e-01 4.971703138473761441e-01
1.586177202657697916e+09 6.571118223731946539e-01 -6.317609508577406441e-01 -4.111960043592023939e-01 9.017421536965766413e-03 5.520516878014426476e-01 -8.337611290570132727e-01 7.537391718046885236e-01 5.441663671884359177e-01 3.684565453979524174e-01 1.547140531924376672e-01 -5.411468557088948694e-01 4.889701562260917456e-01
1.586177202657721996e+09 6.776110491386725387e-01 -6.176747184514005395e-01 -3.991506086722670932e-01 1.619447933835789499e-02 5.551524001892670368e-01 -8.315909761565946079e-01 7.352421404067198685e-01 5.570311974763436647e-01 3.861803207656839265e-01 1.530366020622306311e-01 -5.470368667918565908e-01 4.808272207129296594e-01
1.586177202657737970e+09 6.979444762867836882e-01 -6.032806621088129262e-01 -3.859092521287746935e-01 2.194756049393406516e-02 5.566303894890749504e-01 -8.304702970652402261e-01 7.158154878976223934e-01 5.711523898523719334e-01 4.017376444774421462e-01 1.514028075825343267e-01 -5.530185431983363209e-01 4.727424365729963607e-01
1.586177202657751083e+09 7.179161071120852000e-01 -5.886680441243715700e-01 -3.715728691765404768e-01 2.624431473211727428e-02 5.562777294460461430e-01 -8.305819188307771439e-01 6.956347455365563537e-01 5.865364624297230156e-01 4.148099313917005260e-01 1.498049278894480474e-01 -5.590891916549026730e-01 4.647170095173113746e-01
1.586177202657763004e+09 7.373074896799868272e-01 -5.739578746493825268e-01 -3.563004685964225038e-01 2.908263570946978405e-02 5.538954760050635029e-01 -8.320781226443446643e-01 6.749310083749914257e-01 6.031352750406682173e-01 4.250834907097725823e-01 1.482360004448788904e-01 -5.652472707576874367e-01 4.567527141900215026e-01
1.586177202657774925e+09 7.558890251085973455e-01 -5.593050960005223615e-01 -3.403080831254103322e-01 3.049366943693754967e-02 5.493053011678631359e-01 -8.350651606043547615e-01 6.539892338170397723e-01 6.208393479029704620e-01 4.322691132677494719e-01 1.466896163073313497e-01 -5.714925730209218235e-01 4.488521846278594740e-01
1.586177202657787085e+09 7.734338060918345414e-01 -5.448983536112745885e-01 -3.238609762819400495e-01 3.054265171463734635e-02 5.423631257723616761e-01 -8.395888198699971161e-01 6.331408169787687834e-01 6.394748034444212026e-01 4.361246172525083953e-01 1.451596276336027114e-01 -5.778263580901396024e-01 4.410191920338592531e-01
1.586177202657799959e+09 7.897326597119542768e-01 -5.309562757074989259e-01 -3.072584573341722303e-01 2.932707099384027766e-02 5.329733697340254261e-01 -8.456236221176077761e-01 6.127497443454754666e-01 6.588056015588378278e-01 4.364778691958193790e-01 1.436397989527397889e-01 -5.842514219122838526e-01 4.332588990442577948e-01
1.586177202657813072e+09 8.046085012427335315e-01 -5.177195259372386893e-01 -2.908120567024567449e-01 2.697206855747909943e-02 5.211016679458272405e-01 -8.530683204783952034e-01 5.931927741892103478e-01 6.785422200049723296e-01 4.332467985558605683e-01 1.421234176153589601e-01 -5.907720883216571739e-01 4.255780808040338092e-01
1.586177202657828093e+09 8.179279711989838608e-01 -5.054385150052155273e-01 -2.748194709475782482e-01 2.362364638771310629e-02 5.067836742266715877e-01 -8.617495176039761118e-01 5.748354176343327682e-01 6.983567965489260176e-01 4.264528432142931091e-01 1.406028830876119295e-01 -5.973941119262619059e-01 4.179853046482534529e-01
1.586177202657840967e+09 8.296087659952428028e-01 -4.943574925137485532e-01 -2.595379839477057193e-01 1.944073784675924566e-02 4.901278273471281755e-01 -8.714337443512155668e-01 5.580065888514614825e-01 7.179034633238406959e-01 4.162250164087462623e-01 1.390692981959731622e-01 -6.041244847011637553e-01 4.104910621039720708e-01
1.586177202657854080e+09 8.396218813864447794e-01 -4.846966958738356257e-01 -2.451615986208755538e-01 1.458728074928499277e-02 4.713106750958728774e-01 -8.818466187512636889e-01 5.429754208469935728e-01 7.368414759932173652e-01 4.027931624924103726e-01 1.375120876106273871e-01 -6.109711434670354047e-01 4.031078493508549188e-01
1.586177202657866001e+09 8.479889383690589755e-01 -4.766349787714081465e-01 -2.318056460648995898e-01 9.225196670989989009e-03 4.505646450425833671e-01 -8.926961390115087935e-01 5.299336338235257626e-01 7.548579984611386573e-01 3.864708864071226824e-01 1.359186692453292489e-01 -6.179425814098875591e-01 3.958501952847738314e-01
1.586177202657879114e+09 8.547757204923516205e-01 -4.702953563718229035e-01 -2.195011288448223130e-01 3.508801107032699304e-03 4.281598256053675278e-01 -9.036962168087212532e-01 5.189856993016924713e-01 7.716873989521704225e-01 3.676307962579269395e-01 1.342742027267427862e-01 -6.250473725300716987e-01 3.887346387620435051e-01
1.586177202657891989e+09 8.600835849969618030e-01 -4.657353186772686948e-01 -2.081990391131215978e-01 -2.419362814097257477e-03 4.043825319302531973e-01 -9.145867453529350488e-01 5.101474038071951433e-01 7.871247556725599059e-01 3.466759950366650744e-01 1.325614362137032542e-01 -6.322936225317498105e-01 3.817796575683342630e-01
1.586177202657905102e+09 8.640403896103658887e-01 -4.629428212316767377e-01 -1.977830870531979424e-01 -8.431694292236413882e-03 3.795138834801667360e-01 -9.251476201121567877e-01 5.033518766856411863e-01 8.010325565791591718e-01 3.240119313787215294e-01 1.307606688790527438e-01 -6.396883640224051426e-01 3.750055519511988344e-01
1.586177202657917976e+09 8.667921353232176385e-01 -4.618378892749546161e-01 -1.880881663054360109e-01 -1.441827888971362708e-02 3.538113152759244651e-01 -9.352056814618918690e-01 4.984611393940533985e-01 8.133408371613710663e-01 3.000219579599003872e-01 1.288498414379981583e-01 -6.472369178696150138e-01 3.684342853362394532e-01
1.586177202657931089e+09 8.684959795101763191e-01 -4.622789326339432625e-01 -1.789215530609749305e-01 -2.028963490517331561e-02 3.274951198267456731e-01 -9.446349969311443884e-01 4.952807934910102294e-01 8.240419498495941131e-01 2.750487240935038935e-01 1.268047616064967575e-01 -6.549422456958740035e-01 3.620892839027886612e-01
1.586177202657943964e+09 8.693147261675928661e-01 -4.640724895099502256e-01 -1.700841893900487678e-01 -2.597961445181644000e-02 3.007410096983204606e-01 -9.533519313142405638e-01 4.935756949169248786e-01 8.331815946977596532e-01 2.493821641229437280e-01 1.245994647276301159e-01 -6.628043216531706028e-01 3.559951966918336042e-01
1.586177202657955885e+09 8.694124401891034637e-01 -4.669852690218951330e-01 -1.613901096512627420e-01 -3.144827849737849568e-02 2.736786644531678525e-01 -9.613069200961285032e-01 4.930852002810199863e-01 8.408476362072050403e-01 2.232537526830225549e-01 1.222067030360537154e-01 -6.708195530408593843e-01 3.501776173924051605e-01
1.586177202657968044e+09 8.689507247162688852e-01 -4.707575085013198657e-01 -1.526826982240313824e-01 -3.668426887232113104e-02 2.463954972300848867e-01 -9.684748440636261613e-01 4.935371339069524743e-01 8.471579706927123699e-01 1.968361508595060372e-01 1.195985505294902551e-01 -6.789802792697389178e-01 3.446627683886033244e-01
1.586177202657980919e+09 8.680852618820984468e-01 -4.751168584993684663e-01 -1.438469638367427805e-01 -4.170606418775824054e-02 2.189443712540879161e-01 -9.748456117396956389e-01 4.946600675476585662e-01 8.522483987887784496e-01 1.702471276532413758e-01 1.167471062489077727e-01 -6.872743763547709550e-01 3.394771449282469877e-01
1.586177202658004999e+09 8.669623616488307816e-01 -4.797921863338678872e-01 -1.348173636796035357e-01 -4.656153560303303435e-02 1.913537174985512623e-01 -9.804161251345240302e-01 4.961937998405745454e-01 8.562611826441186569e-01 1.435566098622321485e-01 1.136252740249407561e-01 -6.956849927261576916e-01 3.346471172439230424e-01
1.586177202658027887e+09 8.657154414372657536e-01 -4.845267797958829337e-01 -1.255809470022486996e-01 -5.132538427735605646e-02 1.636384345038243981e-01 -9.851843319419681944e-01 4.978980613538978583e-01 8.593347791070485853e-01 1.167957963949907418e-01 1.102075921477001647e-01 -7.041904400922385232e-01 3.301984896690310922e-01
1.586177202658107042e+09 8.644615344962458536e-01 -4.890904239066523607e-01 -1.161757838427462108e-01 -5.609430358400577243e-02 1.358100603612622248e-01 -9.891456196294449166e-01 4.995594905478070169e-01 8.615951397932075650e-01 8.996738646203067402e-02 1.064710817475974514e-01 -7.127642600963883801e-01 3.261560186207361767e-01
1.586177202658142090e+09 8.632981234094309064e-01 -4.932896503704335966e-01 -1.066849149947640130e-01 -6.098008171831163782e-02 1.078849633594355095e-01 -9.922914211745378354e-01 5.009967862835298380e-01 8.631489765300145445e-01 6.305604322531918604e-02 1.023960775373751603e-01 -7.213754830389763617e-01 3.225428964627828909e-01
1.586177202658165932e+09 8.623007353313419943e-01 -4.969753020337716598e-01 -9.722649406277036888e-02 -6.610129624847591034e-02 7.988970037093792720e-02 -9.946095991045610374e-01 5.020638013209663963e-01 8.640793858831924412e-01 3.603823571342014420e-02 9.796699786591202275e-02 -7.299890878042964992e-01 3.193802175638254526e-01
1.586177202658190012e+09 8.615216910417548002e-01 -5.000467098560495982e-01 -8.794125288489174075e-02 -7.157453465916426005e-02 5.186322600661585902e-02 -9.960859862474392701e-01 5.026504371519199266e-01 8.644440374681929828e-01 8.890683615050569422e-03 9.317300881958388847e-02 -7.385666605190230882e-01 3.166864493939233749e-01
1.586177202658211946e+09 8.609902768886493751e-01 -5.024520784059168799e-01 -7.897880817694589994e-02 -7.750620452889131484e-02 2.385619750497983485e-02 -9.967064112978064605e-01 5.026813418852128512e-01 8.642758766210147936e-01 -1.840319944813758463e-02 8.800853829541194218e-02 -7.470672353012546285e-01 3.144769371895373422e-01
1.586177202658236027e+09 8.607144035408109684e-01 -5.041851337578449055e-01 -7.048451296022104073e-02 -8.398592437567871383e-02 -4.071905332039403580e-03 -9.964586214769546313e-01 5.021126170110333797e-01 8.635859949341088138e-01 -4.584920207011806970e-02 8.247360079566287694e-02 -7.554482845692254145e-01 3.127634753004707169e-01
1.586177202658279896e+09 8.606835674100603573e-01 -5.052786210162059088e-01 -6.258843396765248479e-02 -9.108220834992818149e-02 -3.185684447037652467e-02 -9.953336993212446027e-01 5.009269689592914521e-01 8.623680517999007256e-01 -7.344055516246067450e-02 7.657390514869479026e-02 -7.636668110482169869e-01 3.115539773096268616e-01
1.586177202658318996e+09 8.608727024793211280e-01 -5.057957098605488921e-01 -5.539756443097033217e-02 -9.884071183457536491e-02 -5.943384783683166445e-02 -9.933268000196944225e-01 4.991279434466380227e-01 8.606034614024552498e-01 -1.011581851918663122e-01 7.032073463947420555e-02 -7.716804828835956975e-01 3.108522694649552554e-01
1.586177202658355951e+09 8.612464122269091193e-01 -5.058205375516895419e-01 -4.899184982695290597e-02 -1.072849779217775051e-01 -8.674114025560708541e-02 -9.904372308841706829e-01 4.967338835422156484e-01 8.582666010845340088e-01 -1.289724410187681747e-01 6.373060798149483841e-02 -7.794487497202190474e-01 3.106580206862775140e-01
1.586177202658385992e+09 8.617630119114979559e-01 -5.054491994849056313e-01 -4.342370520304751624e-02 -1.164190553959492114e-01 -1.137223153993411617e-01 -9.866680489115632335e-01 4.937723311035439600e-01 8.553293762514568854e-01 -1.568456033694772822e-01 5.682474561680340291e-02 -7.869338806332032421e-01 3.109668115803467248e-01
1.586177202658415079e+09 8.623779716930380923e-01 -5.047821051811149928e-01 -3.872028357067205939e-02 -1.262312843050920064e-01 -1.403274331915534689e-01 -9.820253940599400488e-01 4.902753276721689701e-01 8.517647785278636974e-01 -1.847345806117418054e-01 4.962837753319916667e-02 -7.941018724505831683e-01 3.117703358873457620e-01
1.586177202658447027e+09 8.630465265780860040e-01 -5.039182089574238965e-01 -3.488741570986576140e-02 -1.366984617421564963e-01 -1.665130371292110611e-01 -9.765177618688549721e-01 4.862758719523140871e-01 8.475493185086510062e-01 -2.125933423016989621e-01 4.216993619857036663e-02 -8.009231874614072266e-01 3.130567207371310889e-01
1.586177202658478022e+09 8.637254169267173376e-01 -5.029511715571504116e-01 -3.191431209235047473e-02 -1.477898755800981789e-01 -1.922413878846172541e-01 -9.701553492519838784e-01 4.818055177729358984e-01 8.426644456546237283e-01 -2.403748639346641180e-01 3.448018274292148633e-02 -8.073732929424088933e-01 3.148109449748845434e-01
1.586177202658507109e+09 8.643738483751572943e-01 -5.019672384109175045e-01 -2.977821249685326521e-02 -1.594707934265356120e-01 -2.174792669870234951e-01 -9.629495494036650616e-01 4.768929821420216930e-01 8.370971629085368626e-01 -2.680325046941829381e-01 2.659131483456494971e-02 -8.134329894476787226e-01 3.170153299208581243e-01
1.586177202658536911e+09 8.649538503022911051e-01 -5.010444344516187254e-01 -2.844840390196805291e-02 -1.717051565911255351e-01 -2.421966756685694222e-01 -9.549126188909298207e-01 4.715635441552592511e-01 8.308400839852058128e-01 -2.955208601869863672e-01 1.853610124441136195e-02 -8.190885288968748901e-01 3.196500745304469149e-01
1.586177202658569098e+09 8.654302512143297044e-01 -5.002526040979137223e-01 -2.788929021377837408e-02 -1.844573815463732003e-01 -2.663656813705474469e-01 -9.460575026937225740e-01 4.658389794843382226e-01 8.238911675928479728e-01 -3.227962039645960735e-01 1.034708191954406865e-02 -8.243315368292672973e-01 3.226938061087549214e-01
1.586177202658598900e+09 8.657704823911425152e-01 -4.996538516362686866e-01 -2.806243926532657473e-02 -1.976933003824067614e-01 -2.899595743173009610e-01 -9.363977811099640780e-01 4.597377849784824444e-01 8.162533148250871173e-01 -3.498166594640755300e-01 2.055863266077716939e-03 -8.291587619607765358e-01 3.261241213091454760e-01
1.586177202658628941e+09 8.659443632066943231e-01 -4.993030574244319286e-01 -2.892778611365258434e-02 -2.113804305639171155e-01 -3.129523706927130333e-01 -9.259476915433435540e-01 4.532754940872302241e-01 8.079339519296021566e-01 -3.765422365656498904e-01 -6.307470683867758346e-03 -8.335716839169259318e-01 3.299180950380389832e-01
1.586177202658658981e+09 8.659239580329861630e-01 -4.992482826183205491e-01 -3.044423327027466833e-02 -2.254877794714010286e-01 -3.353186395600649683e-01 -9.147221826842656389e-01 4.464649598239038841e-01 7.989446554189127969e-01 -4.029348301716589309e-01 -1.471482029860982088e-02 -8.375760121488210475e-01 3.340527412711206123e-01
1.586177202658691883e+09 8.656835372350880631e-01 -4.995309955248370959e-01 -3.256989411068452606e-02 -2.399853808198147420e-01 -3.570335924790697946e-01 -9.027369667052972391e-01 4.393165493037913816e-01 7.893008289034922909e-01 -4.289582393876338884e-01 -2.314040280508403505e-02 -8.411811079972110194e-01 3.385054163050333353e-01
1.586177202658725023e+09 8.651996425485597442e-01 -5.001861242797801532e-01 -3.526215739411352190e-02 -2.548437007894812645e-01 -3.780733775171652988e-01 -8.900085446796043298e-01 4.318382415249955031e-01 7.790214133431372368e-01 -4.545782340235067220e-01 -3.156095866086039425e-02 -8.443993619564438280e-01 3.432541584692155867e-01
1.586177202658751011e+09 8.644512054354183128e-01 -5.012420317877264164e-01 -3.847777440074245936e-02 -2.700330912302228437e-01 -3.984154642670428292e-01 -8.765541898225972517e-01 4.240356626582126309e-01 7.681285983210973667e-01 -4.797626635887232149e-01 -3.995584105560870403e-02 -8.472455589783537411e-01 3.482779601870583108e-01
1.586177202658775091e+09 8.634196843695379764e-01 -5.027204847348846206e-01 -4.217301273801079414e-02 -2.855233348778760671e-01 -4.180390696194832834e-01 -8.623918840839793765e-01 4.159120989224215914e-01 7.566475075332625977e-01 -5.044815907960533696e-01 -4.830700291082956621e-02 -8.497362606619019987e-01 3.535569726327692508e-01
1.586177202658804893e+09 8.620892307355346729e-01 -5.046366181756156699e-01 -4.630380090621416533e-02 -3.012832162307986783e-01 -4.369256514774006450e-01 -8.475402048992706217e-01 4.074685043248134075e-01 7.446058412570927265e-01 -5.287074420580687439e-01 -5.659889906097611417e-02 -8.518892277448349981e-01 3.590726468967710971e-01
1.586177202658817053e+09 8.604468176432147342e-01 -5.069990091622381678e-01 -5.082596628145159834e-02 -3.172802377271461416e-01 -4.550593576684643926e-01 -8.320181680517517719e-01 3.987035551728151384e-01 7.320334595248217946e-01 -5.524151422319526494e-01 -6.481832316382224457e-02 -8.537229017736390757e-01 3.648078172156251631e-01
1.586177202658827066e+09 8.584822888559557885e-01 -5.098099279563833575e-01 -5.569557621586058299e-02 -3.334805178929121094e-01 -4.724273602278831752e-01 -8.158450427109377179e-01 3.896137883356727283e-01 7.189619091595602640e-01 -5.755822002588641961e-01 -7.295419900346121478e-02 -8.552559577596668960e-01 3.707467342279517353e-01
1.586177202658840895e+09 8.561883452059873001e-01 -5.130657345435789551e-01 -6.086928373951246835e-02 -3.498487921789025235e-01 -4.890200996813984791e-01 -7.990401522705733450e-01 3.801938193895504359e-01 7.054239110648995448e-01 -5.981887373850796052e-01 -8.099734415704007429e-02 -8.565069325559372393e-01 3.768750577925263912e-01
1.586177202658850908e+09 8.535604890764113550e-01 -5.167573798681520669e-01 -6.630461501064785490e-02 -3.663484624997183636e-01 -5.048314597553581473e-01 -7.816226720658693283e-01 3.704366284160748313e-01 6.914528239514230457e-01 -6.202174592155581534e-01 -8.894022123639847011e-02 -8.574939282295402920e-01 3.831798190772975343e-01
1.586177202658860922e+09 8.505969461036458901e-01 -5.208709726353893954e-01 -7.196016451680191384e-02 -3.829416625159228205e-01 -5.198588873292401269e-01 -7.636114329921784849e-01 3.603338986998154136e-01 6.770820978936180623e-01 -6.416535781075621836e-01 -9.677668903355676755e-02 -8.582343865209419720e-01 3.896493604520082088e-01
1.586177202658869982e+09 8.472985775238428552e-01 -5.253883816503764903e-01 -7.779568808835793381e-02 -3.995893249514671508e-01 -5.341034635651785711e-01 -7.450247390620888810e-01 3.498763954276494781e-01 6.623447280622236644e-01 -6.624846936112587237e-01 -1.045017625727928806e-01 -8.587449272504575903e-01 3.962732610093828156e-01
1.586177202658879995e+09 8.436687871133455863e-01 -5.302878579552988692e-01 -8.377210447486402312e-02 -4.162512558408676955e-01 -5.475699191496883333e-01 -7.258802076619305099e-01 3.390543759210370434e-01 6.472727180291647509e-01 -6.827006362985190702e-01 -1.121113886436944929e-01 -8.590412431008659366e-01 4.030422535190315569e-01
1.586177202658894062e+09 8.397134272170319047e-01 -5.355446604428419910e-01 -8.985141598693938136e-02 -4.328862179063800997e-01 -5.602665909587648541e-01 -7.061946400420899828e-01 3.278580221236623848e-01 6.318965610634083019e-01 -7.022932817447903320e-01 -1.196022420367996164e-01 -8.591380441195862749e-01 4.099481362739228474e-01
1.586177202658904076e+09 8.354406293727660859e-01 -5.411317711006885522e-01 -9.599667302015749137e-02 -4.494521487372758473e-01 -5.722051913533480194e-01 -6.859839540439316430e-01 3.162779172887406065e-01 6.162447772198037521e-01 -7.212563023802841533e-01 -1.269715460401604767e-01 -8.590490447235765714e-01 4.169836823957769889e-01
1.586177202658914089e+09 8.308604894609887825e-01 -5.470207597953925527e-01 -1.021720878605689720e-01 -4.659066106755236358e-01 -5.834002768876618283e-01 -6.652632165378367102e-01 3.043055657730285302e-01 6.003435728289275852e-01 -7.395848276844408931e-01 -1.342169183430323431e-01 -8.587869844689621779e-01 4.241425493616814424e-01
1.586177202658922911e+09 8.259846978775838844e-01 -5.531826423012140559e-01 -1.083431735781897609e-01 -4.822073090903901682e-01 -5.938685777245596986e-01 -6.440467558129894243e-01 2.919338796953230286e-01 5.842166351658243384e-01 -7.572750710409182906e-01 -1.413362412995164685e-01 -8.583636734174102667e-01 4.314191914454503229e-01
1.586177202658931971e+09 8.208259936240123178e-01 -5.595888485921179933e-01 -1.144771106150503925e-01 -4.983128579298761740e-01 -6.036280052204906488e-01 -6.223483969267642468e-01 2.791576328852865552e-01 5.678851574050219897e-01 -7.743238754806840429e-01 -1.483275550519272679e-01 -8.577900549460820701e-01 4.388087763786930884e-01
1.586177202658941031e+09 8.153973789978887776e-01 -5.662123182178366854e-01 -1.205434575330674718e-01 -5.141838566046544878e-01 -6.126962683208297955e-01 -6.001818429567131741e-01 2.659738260033228108e-01 5.513682015130358938e-01 -7.907281646557831056e-01 -1.551889723858377867e-01 -8.570762809696534923e-01 4.463071062261925737e-01
1.586177202658951044e+09 8.097111415971988135e-01 -5.730286019091044292e-01 -1.265151718163791683e-01 -5.297841668144191996e-01 -6.210892269451672165e-01 -5.775611733725086738e-01 2.523818613876526173e-01 5.346834518870496877e-01 -8.064843473119125417e-01 -1.619186133610670819e-01 -8.562317946286338577e-01 4.539105427378131163e-01
1.586177202658961058e+09 8.037778338662044941e-01 -5.800167586153632815e-01 -1.323697610595010454e-01 -5.450821343558482912e-01 -6.288192834844833490e-01 -5.545013757838268553e-01 2.383834322805304939e-01 5.178483065511688688e-01 -8.215877742242208015e-01 -1.685145560720291147e-01 -8.552654150044642911e-01 4.616159383667248206e-01
1.586177202658971071e+09 7.976053478936998564e-01 -5.871599026077685135e-01 -1.380903976143006695e-01 -5.600515420987149939e-01 -6.358940768134256905e-01 -5.310188259266100941e-01 2.239820961631381890e-01 5.008811954916266851e-01 -8.360323251763143171e-01 -1.749747999503167006e-01 -8.541854200093735860e-01 4.694205736219058123e-01
1.586177202658981085e+09 7.911981026386869509e-01 -5.944454185943807145e-01 -1.436669997785259556e-01 -5.746722694271277909e-01 -6.423155246962576337e-01 -5.071316887236183568e-01 2.091825646003148687e-01 4.838030706801059178e-01 -8.498101220897551489e-01 -1.812972385681712040e-01 -8.529996251769035309e-01 4.773221008263104914e-01
1.586177202658989906e+09 7.845562968052554043e-01 -6.018649271519043165e-01 -1.490973733501919363e-01 -5.889307193362306458e-01 -6.480791461428920819e-01 -4.828602576096245325e-01 1.939897553185686574e-01 4.666390788945304902e-01 -8.629113193245149249e-01 -1.874796412879786156e-01 -8.517154584761942315e-01 4.853184927700870954e-01
1.586177202658998966e+09 7.776752939821058863e-01 -6.094139681676159492e-01 -1.543883177715033583e-01 -6.028199078618692308e-01 -6.531737707507078161e-01 -4.582272188671600577e-01 1.784076680562973749e-01 4.494203386108208131e-01 -8.753239762282980507e-01 -1.935196428043303163e-01 -8.503400308346052983e-01 4.934079953573406452e-01
1.586177202659008980e+09 7.705452322132967380e-01 -6.170913664686374922e-01 -1.595565438190980068e-01 -6.163390936130414000e-01 -6.575817613937527950e-01 -4.332578319991079452e-01 1.624381944198547978e-01 4.321856923393195826e-01 -8.870340244146609487e-01 -1.994147393937286683e-01 -8.488802018980937669e-01 5.015890837508309996e-01
1.586177202659018040e+09 7.631509913323609728e-01 -6.248982368988762470e-01 -1.646291531940197728e-01 -6.294928019159407029e-01 -6.612799139441908336e-01 -4.079800092798724909e-01 1.460800361989536000e-01 4.149832154248251914e-01 -8.980253638279123152e-01 -2.051622916053022216e-01 -8.473426411505911027e-01 5.098604211365037608e-01
1.586177202659027100e+09 7.554723690794060698e-01 -6.328368196519822408e-01 -1.696439193799281209e-01 -6.422895055091614180e-01 -6.642407425436027690e-01 -3.824244072754026669e-01 1.293278426494709199e-01 3.978715820293549088e-01 -9.082799752650945191e-01 -2.107595335908533651e-01 -8.457338845667603522e-01 5.182208192151923631e-01
1.586177202659037113e+09 7.474845256802735705e-01 -6.409091421256676302e-01 -1.746492357284926689e-01 -6.547399422428359372e-01 -6.664341989775230957e-01 -3.566245458280430380e-01 1.121717081839642693e-01 3.809211599799722792e-01 -9.177780657114619212e-01 -2.162035897968764275e-01 -8.440603869404260662e-01 5.266691994946068878e-01
1.586177202659046888e+09 7.391587585954073614e-01 -6.491155192908760752e-01 -1.797035679659755858e-01 -6.668550836065378906e-01 -6.678298655146972518e-01 -3.306169511939181516e-01 9.459718430671285039e-02 3.642146530396134785e-01 -9.264982781262706135e-01 -2.214914999752986002e-01 -8.423285697670079841e-01 5.352045546042888402e-01
1.586177202659056902e+09 7.304636656914790249e-01 -6.574529319194698518e-01 -1.848742154745474375e-01 -6.786438126813683080e-01 -6.683996401258198716e-01 -3.044412863114874801e-01 7.658595716670513198e-02 3.478470404292268725e-01 -9.344180155412009636e-01 -2.266202530184542874e-01 -8.405448640528357940e-01 5.438259093570764202e-01
1.586177202659065962e+09 7.213666489565262463e-01 -6.659134059937747985e-01 -1.902353637557201160e-01 -6.901105298931670129e-01 -6.681207637627862850e-01 -2.781404353588781686e-01 5.811724810520965678e-02 3.319246614681669594e-01 -9.415138898180891447e-01 -2.315868292945373053e-01 -8.387157470072498233e-01 5.525322818826192695e-01
1.586177202659075975e+09 7.118357138985653698e-01 -6.744825233713128698e-01 -1.958653675805281935e-01 -7.012529025020335371e-01 -6.669790416280024781e-01 -2.517604515873921311e-01 3.916992949513829064e-02 3.165632382926497623e-01 -9.477623293439583207e-01 -2.363882505422246205e-01 -8.368477714833034709e-01 5.613226455309890950e-01
1.586177202659085035e+09 7.018413400141738645e-01 -6.831382675827956108e-01 -2.018436051584363011e-01 -7.120601471241098102e-01 -6.649718570690091868e-01 -2.253503414814523320e-01 1.972512490193503026e-02 3.018849728150296841e-01 -9.531402744478594258e-01 -2.410216352167139087e-01 -8.349475870142502032e-01 5.701958927983884484e-01
1.586177202659095049e+09 6.913582731916212420e-01 -6.918503328675342789e-01 -2.082471011391291704e-01 -7.225120656211579950e-01 -6.621107098408328673e-01 -1.989616122972938106e-01 -2.309782764367863950e-04 2.880147999065136855e-01 -9.576259300072840208e-01 -2.454842564711686992e-01 -8.330219516646404365e-01 5.791508027178956519e-01
1.586177202659104109e+09 6.803670290422797473e-01 -7.005799952860277680e-01 -2.151473358642401190e-01 -7.325790264337584956e-01 -6.584229484020885925e-01 -1.726475927109608899e-01 -2.070449354505674022e-02 2.750761555665060532e-01 -9.611994760320372588e-01 -2.497735994011325567e-01 -8.310777344647924947e-01 5.881860131933672742e-01
1.586177202659112930e+09 6.688549736885294195e-01 -7.092805481246299282e-01 -2.226075658112505185e-01 -7.422228941136456148e-01 -6.539525141225179805e-01 -1.464625718346664884e-01 -4.169172410371899118e-02 2.631866513755576342e-01 -9.638436526830733708e-01 -2.538874134507379532e-01 -8.291219088517973734e-01 5.972999997944172801e-01
1.586177202659122944e+09 6.568169434371100568e-01 -7.178982290222261087e-01 -2.306808091561859120e-01 -7.513987415208916998e-01 -6.487596800424400012e-01 -1.204608194147538391e-01 -6.317779902234257894e-02 2.524539769029832126e-01 -9.655441757863952867e-01 -2.578237569744603608e-01 -8.271615384084014533e-01 6.064910617034354745e-01
1.586177202659140110e+09 6.442554056353476666e-01 -7.263735179322751145e-01 -2.394086149005367203e-01 -7.600571056985171436e-01 -6.429198549717706213e-01 -9.469559853706653596e-02 -8.513617693264317887e-02 2.429723701672733827e-01 -9.662899455396707360e-01 -2.615810312526957726e-01 -8.252037567346554026e-01 6.157573151288355806e-01
1.586177202659152031e+09 6.311801740765486946e-01 -7.346426107734929101e-01 -2.488208641188938697e-01 -7.681465268472746910e-01 -6.365215848988885483e-01 -6.921838969738283720e-02 -1.075290722650652647e-01 2.348201578389306765e-01 -9.660729745877288943e-01 -2.651580024579524020e-01 -8.232557437006045031e-01 6.250966937935966694e-01
1.586177202659161091e+09 6.176078623585512517e-01 -7.426389062669440655e-01 -2.589362535138854393e-01 -7.756160167346796142e-01 -6.296641119970877165e-01 -4.407834921558068109e-02 -1.303085690792782081e-01 2.280582405752520636e-01 -9.648881364534958038e-01 -2.685538120001590423e-01 -8.213247003597127227e-01 6.345069552563129545e-01
1.586177202659171104e+09 6.035612060260225897e-01 -7.502944006974265889e-01 -2.697631979992302087e-01 -7.824172348546462041e-01 -6.224547620143336957e-01 -1.932200999148266790e-02 -1.534181912991764984e-01 2.227293910994362081e-01 -9.627328170668287832e-01 -2.717679770253195737e-01 -8.194178244169586511e-01 6.439856914040367197e-01
1.586177202659179926e+09 5.890683370124333296e-01 -7.575408962994342188e-01 -2.813010574020745613e-01 -7.885062537017716311e-01 -6.150063582462547140e-01 5.006736651671537391e-03 -1.767947466464989681e-01 2.188583329037959435e-01 -9.596065067595361819e-01 -2.748003833776839211e-01 -8.175422875775349985e-01 6.535303414712961834e-01
1.586177202659188986e+09 5.741620969106598915e-01 -7.643110091770758396e-01 -2.935414244261664307e-01 -7.938448566507760873e-01 -6.074348291516327158e-01 2.886645327465585387e-02 -2.003702330181251767e-01 2.164523266551030001e-01 -9.555104186477105799e-01 -2.776512727985525619e-01 -8.157052156579716051e-01 6.631382063694303275e-01
1.586177202659198999e+09 5.588794256417136674e-01 -7.705389782540502663e-01 -3.064693634245704290e-01 -7.984013862122952832e-01 -5.998570885544221021e-01 5.221781331422883921e-02 -2.240736805789411146e-01 2.155021030796797077e-01 -9.504471733760431196e-01 -2.803212257494858695e-01 -8.139136720384962942e-01 6.728064634164846458e-01
1.586177202659208059e+09 5.432608462634923585e-01 -7.761612637635078027e-01 -3.200645961089380598e-01 -8.021511874538146403e-01 -5.923892340341718743e-01 7.502311702978325947e-02 -2.478328582388489854e-01 2.159830737870665762e-01 -9.444205558717586602e-01 -2.828111417831383201e-01 -8.121746445888896604e-01 6.825321805264765729e-01
1.586177202659216881e+09 5.273500618322481959e-01 -7.811169610126029728e-01 -3.343025660030577439e-01 -8.050767081489327293e-01 -5.851450792908999832e-01 9.724572175549248132e-02 -2.715757841202016687e-01 2.178566719859721390e-01 -9.374353652861420194e-01 -2.851222187347561277e-01 -8.104950360060902970e-01 6.923123292963632158e-01
