1.589264475596426010e+09 9.200085216359007445e-01 -2.571195769133775566e-01 -2.957597732479284591e-01 -2.442592341800348954e-01 2.139568539409476555e-01 -9.458117633212829167e-01 3.064665510233609558e-01 9.423969376999337122e-01 1.340382978818896731e-01 1.075286789682016325e-01 -8.059730179682033091e-01 3.008370999821078917e-01
1.589264475596482038e+09 9.207659469081891368e-01 -2.650352795810536621e-01 -2.862627670133077729e-01 -2.443615343951877628e-01 1.801691664988825936e-01 -9.527993033260326872e-01 3.041011538665326919e-01 9.472567615922009576e-01 1.011292055557978520e-01 1.014845804850415534e-01 -8.172688096548124115e-01 2.962121590627584955e-01
1.589264475596517086e+09 9.215694906234550565e-01 -2.723843748446039825e-01 -2.766160271552334238e-01 -2.445350698907824971e-01 1.461144480940499701e-01 -9.585682907957977505e-01 3.015166227688040324e-01 9.510296108721651986e-01 6.804708531576282582e-02 9.488640124042285739e-02 -8.284219564297311544e-01 2.920184181761265596e-01
1.589264475596546888e+09 9.224341340712394199e-01 -2.789704997522464147e-01 -2.670032373507314483e-01 -2.449517547126057737e-01 1.118046217900102030e-01 -9.630671652991983356e-01 2.985195243602603576e-01 9.537689380387252003e-01 3.479808601582320277e-02 8.771529136899797185e-02 -8.393773407721946134e-01 2.882673046934996486e-01
1.589264475596569061e+09 9.233579396008850804e-01 -2.846671239685878430e-01 -2.576329639190124698e-01 -2.457749711376652213e-01 7.727440661600964988e-02 -9.662418590152528353e-01 2.949657254686962049e-01 9.555068262259621692e-01 1.387882660360171714e-03 7.996011284731456559e-02 -8.500770820484173651e-01 2.849674776942781596e-01
1.589264475596594095e+09 9.243244632505104308e-01 -2.894175718673498432e-01 -2.487202362626994012e-01 -2.471507939461342895e-01 4.258155719901255548e-02 -9.680409580741705655e-01 2.907589585140333277e-01 9.562553426942651535e-01 -3.217060770344586790e-02 7.161806014999044789e-02 -8.604619054567861358e-01 2.821246419233308655e-01
1.589264475596616030e+09 9.253057821685319873e-01 -2.932299565940370556e-01 -2.404691295052334143e-01 -2.492008219993196716e-01 7.803592443459941332e-03 -9.684203915313905897e-01 2.858463924480866281e-01 9.560100924429250080e-01 -6.585243704397904241e-02 6.269497551906910715e-02 -8.704726480245458253e-01 2.797414278052163250e-01
1.589264475596700907e+09 9.262658644449389689e-01 -2.961677653765411034e-01 -2.330583689337232811e-01 -2.520175443930856019e-01 -2.696773227746243617e-02 -9.673468350140239647e-01 2.802118947636844659e-01 9.547551500371402877e-01 -9.961876284368560708e-02 5.320532542516279162e-02 -8.800518229266924841e-01 2.778173527737790582e-01
1.589264475596774101e+09 9.271639336767256712e-01 -2.983375085674186966e-01 -2.266313555009229486e-01 -2.556626478467518560e-01 -6.163279837292681695e-02 -9.647994657657932294e-01 2.738679442362931815e-01 9.524684401620651109e-01 -1.334174652096373481e-01 4.317183220309497166e-02 -8.891451553369958960e-01 2.763488724024978360e-01
1.589264475596816063e+09 9.279574704167741217e-01 -2.998751243297979041e-01 -2.212913083265020397e-01 -2.601682775125063740e-01 -9.609008684073565287e-02 -9.607700885592843631e-01 2.668471487155180122e-01 9.491267593850137851e-01 -1.671855085150664721e-01 3.262478366781541850e-02 -8.977030058384002364e-01 2.753295211874429715e-01
1.589264475596860886e+09 9.286045924854141598e-01 -3.009329529456053476e-01 -2.171010568408202890e-01 -2.655405413232829748e-01 -1.302408745655535549e-01 -9.552620247812834142e-01 2.591943904337433713e-01 9.447098352307649050e-01 -2.008521735049988988e-01 2.160106680655412073e-02 -9.056816080979716022e-01 2.747501358423671269e-01
1.589264475596894979e+09 9.290972448750920432e-01 -3.016942284686578990e-01 -2.139133055917272763e-01 -2.716036924218797610e-01 -1.640277560133395207e-01 -9.483281763203752490e-01 2.510174179849870568e-01 9.391887393492807101e-01 -2.343390026508604673e-01 1.013912489591066966e-02 -9.130381745278760564e-01 2.746054540216470441e-01
1.589264475596927881e+09 9.294046116272611791e-01 -3.022918417465327301e-01 -2.117231931896793595e-01 -2.783310880516567387e-01 -1.973764269352760170e-01 -9.399863573463946853e-01 2.423610398012706613e-01 9.325568019457530777e-01 -2.675797786584347415e-01 -1.712462341012868650e-03 -9.197447342394572400e-01 2.748848312368744051e-01
1.589264475597016096e+09 9.294992898774302459e-01 -3.028508402862598592e-01 -2.105051991999827010e-01 -2.856874247619918261e-01 -2.302184946953739486e-01 -9.302591792162853146e-01 2.332675840188260241e-01 9.248139345765270525e-01 -3.005086039947002519e-01 -1.390261022211494550e-02 -9.257812115942585240e-01 2.755757368799511831e-01
1.589264475597089052e+09 9.293569571754373149e-01 -3.034857186554276165e-01 -2.102190879933987233e-01 -2.936329571554014972e-01 -2.624907875926523748e-01 -9.191726026075095479e-01 2.237751838918979330e-01 9.159667053706497253e-01 -3.330610486717491270e-01 -2.637911529824452789e-02 -9.311355001338151860e-01 2.766640980995546673e-01
1.589264475597131014e+09 9.289558161674335013e-01 -3.042994399372400127e-01 -2.108149489423007950e-01 -3.021267500847964471e-01 -2.941343502789023900e-01 -9.067548794201806261e-01 2.139170839283244252e-01 9.060280543030061473e-01 -3.651748162664721353e-01 -3.908996041805511135e-02 -9.358032592636448266e-01 2.781346612121295969e-01
1.589264475597235918e+09 9.282760065671631367e-01 -3.053835504654968669e-01 -2.122369971795039778e-01 -3.111288449579133197e-01 -3.250934288499069957e-01 -8.930358922444632253e-01 2.037216183225374622e-01 8.950168433979176497e-01 -3.967900612135015770e-01 -5.198448433886136005e-02 -9.397874695097264697e-01 2.799713529094512432e-01
1.589264475597275019e+09 9.272991303104789473e-01 -3.068187954454826283e-01 -2.144260943117180795e-01 -3.206013699067998268e-01 -3.553146635540289089e-01 -8.780468392748020934e-01 1.932125380122049485e-01 8.829573698460463360e-01 -4.278495046218646625e-01 -6.501437685246856668e-02 -9.430977903048445299e-01 2.821576264824235403e-01
1.589264475597316027e+09 9.260079481471977791e-01 -3.086758130416850654e-01 -2.173212429704854398e-01 -3.305088177451678266e-01 -3.847465798641470092e-01 -8.618201617266983972e-01 1.824094341518393281e-01 8.698789065525078801e-01 -4.582984689949987089e-01 -7.813447503238432623e-02 -9.457497713046209009e-01 2.846767801782831842e-01
1.589264475597337961e+09 9.243862564360144640e-01 -3.110156692174079751e-01 -2.208603691213619769e-01 -3.408177346716255163e-01 -4.133393945443586959e-01 -8.443896121661516041e-01 1.713281090575606291e-01 8.558152830820124901e-01 -4.880849113686634433e-01 -9.130335127290947761e-02 -9.477639668648750737e-01 2.875122395101478157e-01
1.589264475597358942e+09 9.224189155778846905e-01 -3.138901553876165540e-01 -2.249806986606244230e-01 -3.514960557635937732e-01 -4.410451005675528613e-01 -8.257903744480757924e-01 1.599808340886126334e-01 8.408044897315696264e-01 -5.171594949213320636e-01 -1.044836959524769043e-01 -9.491649981805158065e-01 2.906478000972100850e-01
1.589264475597383022e+09 9.200919968977988583e-01 -3.173418631075438645e-01 -2.296189439027609414e-01 -3.625122530675208843e-01 -4.678177836947587931e-01 -8.060591715984212202e-01 1.483764938621890683e-01 8.248882733522494570e-01 -5.454757125398427275e-01 -1.176425066201383374e-01 -9.499806052479667917e-01 2.940678295909346374e-01
1.589264475597417116e+09 9.173929679893999545e-01 -3.214041699956406428e-01 -2.347115293886922194e-01 -3.738345216763814816e-01 -4.936140593417455147e-01 -7.852343034446815917e-01 1.365206687591318802e-01 8.081117003635313045e-01 -5.729900410590592630e-01 -1.307511036852527786e-01 -9.502407299869449764e-01 2.977574275253470071e-01
1.589264475597444057e+09 9.143108859165338664e-01 -3.261012328764323343e-01 -2.401949001247934978e-01 -3.854300654130954906e-01 -5.183935710727759494e-01 -7.633555990684625092e-01 1.244157099555569523e-01 7.905226699602125873e-01 -5.996621046981144287e-01 -1.437849993594265963e-01 -9.499766642648185266e-01 3.017025444642308374e-01
1.589264475597501993e+09 9.108366303418463650e-01 -3.314479879242050453e-01 -2.460058218080875270e-01 -3.972643998399800758e-01 -5.421195679867926165e-01 -7.404642942834538388e-01 1.120608306356161432e-01 7.721713576922677458e-01 -6.254548465018687775e-01 -1.567236503940463155e-01 -9.492202877508373327e-01 3.058900638713769049e-01
1.589264475597526073e+09 9.069631013963026511e-01 -3.374503080440685032e-01 -2.520817774880387829e-01 -4.093008394698973151e-01 -5.647594378760119049e-01 -7.166028192955341547e-01 9.945227917121096661e-02 7.531095984409557076e-01 -6.503346656295466710e-01 -1.695501267084935093e-01 -9.480034137908043279e-01 3.103078504134940685e-01
1.589264475597567081e+09 9.026853427025326448e-01 -3.441054038928135772e-01 -2.583614586519061840e-01 -4.215002330224858484e-01 -5.862851127000353602e-01 -6.918145131980079077e-01 8.658363558859072384e-02 7.333902358025699009e-01 -6.742714857484731761e-01 -1.822507268589558527e-01 -9.463572516672814627e-01 3.149447697455780570e-01
1.589264475597588062e+09 8.980006230669781431e-01 -3.514024199655240155e-01 -2.647852345744722280e-01 -4.338208547763012790e-01 -6.066733613525897573e-01 -6.661433022026185258e-01 7.344622015191300257e-02 7.130664570708432626e-01 -6.972387546325665708e-01 -1.948145675950852806e-01 -9.443119844319811662e-01 3.197906858307247302e-01
1.589264475597613096e+09 8.929085045060937142e-01 -3.593231679032164450e-01 -2.712955285729084509e-01 -4.462183891423917581e-01 -6.259059852558139792e-01 -6.396333694353490973e-01 6.002959350628882945e-02 6.921911289236396536e-01 -7.192133823550750371e-01 -2.072331697120781413e-01 -9.418964550525109614e-01 3.248364418778917351e-01
1.589264475597665071e+09 8.874109167563321021e-01 -3.678429424555951788e-01 -2.778370650979842260e-01 -4.586459700240851922e-01 -6.439699298308035891e-01 -6.123288366045452902e-01 4.632212570377668148e-02 6.708161443276188241e-01 -7.401756288850985799e-01 -2.195000574341520461e-01 -9.391379505289275675e-01 3.300738298927463066e-01
1.589264475597692966e+09 8.815122484377098111e-01 -3.769313785228603497e-01 -2.843569798231007639e-01 -4.710542598913967094e-01 -6.608573177316240388e-01 -5.842734722044393703e-01 3.231161436172078072e-02 6.489917887125364881e-01 -7.601089515173351518e-01 -2.316103831786325562e-01 -9.360620704432515149e-01 3.354955534998539379e-01
1.589264475597716093e+09 8.752194521053482390e-01 -3.865533269387576576e-01 -2.908048079450505363e-01 -4.833915773410525918e-01 -6.765653974023583261e-01 -5.555104377746815647e-01 1.798593743193363514e-02 6.267661356525806582e-01 -7.789998187866067347e-01 -2.435605856832010196e-01 -9.326926670059151325e-01 3.410951870045657031e-01
1.589264475597738981e+09 8.685421610559262984e-01 -3.966697261700476984e-01 -2.971323661997238297e-01 -4.956040769414780112e-01 -6.910964058428582524e-01 -5.260820822202265656e-01 3.333725173135508590e-03 6.041844805201307400e-01 -7.968374992373478127e-01 -2.553480872573565819e-01 -9.290518458508456590e-01 3.468671314574345854e-01
1.589264475597760916e+09 8.614927129563657582e-01 -4.072385789481357543e-01 -3.032936622719798470e-01 -5.076361574070277216e-01 -7.044572149807268868e-01 -4.960298019652908397e-01 -1.165493695973037792e-02 5.812888889421665706e-01 -8.136137845763103948e-01 -2.669710333573664940e-01 -9.251600167529275831e-01 3.528065678818715911e-01
1.589264475597785950e+09 8.540859753129658172e-01 -4.182161064861183997e-01 -3.092449438297379394e-01 -5.194312330000641076e-01 -7.166586513485833088e-01 -4.653939966462427025e-01 -2.698779910317225875e-02 5.581179678635320718e-01 -8.293226109682459990e-01 -2.784280742610030779e-01 -9.210359819642149892e-01 3.589094086634357916e-01
1.589264475597810030e+09 8.463390734011426719e-01 -4.295578763174101589e-01 -3.149447633524612433e-01 -5.309326313937551278e-01 -7.277146666958420607e-01 -4.342141237686339972e-01 -4.266982659730815530e-02 5.347068309815103948e-01 -8.439596502295632074e-01 -2.897181857059740184e-01 -9.166970498197873907e-01 3.651722487713755516e-01
1.589264475597862005e+09 8.382708416445527888e-01 -4.412200516680305218e-01 -3.203542762155042745e-01 -5.420848545040257704e-01 -7.376411862415785947e-01 -4.025288702199708024e-01 -5.870269938709422874e-02 5.110874159031512098e-01 -8.575218054404496471e-01 -3.008405249165040374e-01 -9.121591643723619969e-01 3.715923173818808656e-01
1.589264475597887039e+09 8.299008854967070414e-01 -4.531607812329286888e-01 -3.254379001270586436e-01 -5.528352682674416707e-01 -7.464545868521771377e-01 -3.703764522888994826e-01 -7.508453079257025597e-02 4.872892944110230329e-01 -8.700065845749715976e-01 -3.117943191001487091e-01 -9.074370448536692724e-01 3.781674291714557934e-01
1.589264475597922087e+09 8.212482858974569089e-01 -4.653415761766224179e-01 -3.301643085297255031e-01 -5.631360302626327030e-01 -7.541699650510909070e-01 -3.377950202681792580e-01 -9.180993784386415335e-02 4.633409992906422081e-01 -8.814113988967894331e-01 -3.225787825706031842e-01 -9.025443289718700912e-01 3.848959352290096114e-01
1.589264475597939968e+09 8.123301321711843270e-01 -4.777284133347481920e-01 -3.345075779326627807e-01 -5.729458612586432187e-01 -7.607995256270169149e-01 -3.048231001013498864e-01 -1.088705506240323084e-01 4.392717214039258411e-01 -8.917328963301691669e-01 -3.331930566894639179e-01 -8.974937135117164733e-01 3.917766752484920789e-01
1.589264475597951889e+09 8.031600753170075047e-01 -4.902923913570065850e-01 -3.384483189929787805e-01 -5.822313361967463852e-01 -7.663513704789969294e-01 -2.714999974191792953e-01 -1.262559500801905266e-01 4.151131752529597096e-01 -9.009664184732383285e-01 -3.436361671908214621e-01 -8.922970878863556443e-01 3.988089323526448071e-01
1.589264475597965002e+09 7.937469410032809147e-01 -5.030099726140840888e-01 -3.419747963427696158e-01 -5.909676489954873713e-01 -7.708287373420598110e-01 -2.378661304420876255e-01 -1.439549646780904912e-01 3.909015546963105492e-01 -9.091055731301384002e-01 -3.539069944077036234e-01 -8.869656583749007117e-01 4.059923913006888707e-01
1.589264475597978115e+09 7.840933519591967160e-01 -5.158629216611103629e-01 -3.450841371370474975e-01 -5.991389340911987826e-01 -7.742296239301357241e-01 -2.039632995618643474e-01 -1.619572580642626991e-01 3.666796092082980629e-01 -9.161418619225386584e-01 -3.640042551032779405e-01 -8.815100638096747820e-01 4.133270984658489744e-01
1.589264475597989082e+09 7.741944763850489020e-01 -5.288379060721880576e-01 -3.477835276016241761e-01 -6.067380121269261295e-01 -7.765469034864851405e-01 -1.698348957338201848e-01 -1.802550907708758976e-01 3.424987242470889370e-01 -9.220643830861487977e-01 -3.739264943087584614e-01 -8.759404827946751793e-01 4.208134227495023416e-01
1.589264475598001003e+09 7.640370678305019592e-01 -5.419257201034588523e-01 -3.500912354034053098e-01 -6.137654260677971596e-01 -7.777690461274416878e-01 -1.355260607149956220e-01 -1.988450681356303540e-01 3.184208301912735961e-01 -9.268596518320219024e-01 -3.836720853692671684e-01 -8.702667322650633475e-01 4.284520171635795571e-01
1.589264475598012924e+09 7.535990387142769142e-01 -5.551200822395679912e-01 -3.520371903339462594e-01 -6.202276307508530762e-01 -7.778815782845197591e-01 -1.010838102856623094e-01 -2.177295921150135816e-01 2.945198546488440039e-01 -9.305116228993562943e-01 -3.932392376019959168e-01 -8.644983578702447602e-01 4.362437801098565937e-01
1.589264475598021984e+09 7.428493702981175950e-01 -5.684162425893892756e-01 -3.536633829550591135e-01 -6.261347426798409277e-01 -7.768689863146658325e-01 -6.655721294324709603e-02 -2.369179128744487994e-01 2.708829148995141600e-01 -9.330017949556678181e-01 -4.026260115672678497e-01 -8.586447166328938785e-01 4.441898151968373121e-01
1.589264475598032951e+09 7.317484747564643177e-01 -5.818093954337557605e-01 -3.550239390682856655e-01 -6.314978850274642896e-01 -7.747170916840302457e-01 -3.199764900078232860e-02 -2.564265806905419165e-01 2.476110974048259528e-01 -9.343094527901744106e-01 -4.118303425921108762e-01 -8.527150521896309510e-01 4.522913881792852142e-01
1.589264475598043919e+09 7.202491329897124928e-01 -5.952929123507744169e-01 -3.561846924945916149e-01 -6.363262160217827423e-01 -7.714159003786735802e-01 2.540852112925783002e-03 -2.762790864715500283e-01 2.248196109485164074e-01 -9.344121196384086447e-01 -4.208500734526354203e-01 -8.467185624830838586e-01 4.605498796406689577e-01
1.589264475598053932e+09 7.082981335830997871e-01 -6.088564463866700249e-01 -3.572220344422494254e-01 -6.406237924339955869e-01 -7.669628837419832923e-01 3.700124339486167424e-02 -2.965044871905852530e-01 2.026370227114195899e-01 -9.332863046880307545e-01 -4.296829965719843880e-01 -8.406644590736616074e-01 4.689667327278218001e-01
1.589264475598064899e+09 6.958385644015717686e-01 -6.224840605922531411e-01 -3.582210027833461763e-01 -6.443866085932381527e-01 -7.613664757547689010e-01 7.132312910667785999e-02 -3.171349734019164313e-01 1.812034332499560252e-01 -9.309085480537466761e-01 -4.383269051255799242e-01 -8.345620167041438719e-01 4.775433962317173764e-01
1.589264475598076105e+09 6.828127136884264425e-01 -6.361525432721774065e-01 -3.592725148807712765e-01 -6.476001251329244202e-01 -7.546495452495061151e-01 1.054426017586543307e-01 -3.382024192019625342e-01 1.606673764569484242e-01 -9.272567703738385791e-01 -4.467796517667136924e-01 -8.284206116574681644e-01 4.862812639973085327e-01
1.589264475598086119e+09 6.691652146224617015e-01 -6.498301571004539978e-01 -3.604700857173044337e-01 -6.502377599337609837e-01 -7.468523961156934288e-01 1.392923345187083439e-01 -3.597343068152372703e-01 1.411816760476949095e-01 -9.223117494991944776e-01 -4.550392123982191506e-01 -8.222497475129884048e-01 4.951816127938760137e-01
1.589264475598107100e+09 6.548461835868313319e-01 -6.634759743716726055e-01 -3.619062136911833649e-01 -6.522605625666682005e-01 -7.380349691489680453e-01 1.728020350476084654e-01 -3.817494397765175962e-01 1.228983972853931045e-01 -9.160585950640587338e-01 -4.631037516991723946e-01 -8.160590674814353074e-01 5.042455413806536946e-01
1.589264475598124027e+09 6.398139700793851192e-01 -6.770399068530135178e-01 -3.636688719902836375e-01 -6.536182083280182020e-01 -7.282779204860504452e-01 2.058992684729230582e-01 -4.042540313274826103e-01 1.059633680530320393e-01 -9.084879983808684667e-01 -4.709716865904063354e-01 -8.098583533164201986e-01 5.134739138919449664e-01
1.589264475598134995e+09 6.240372530967192022e-01 -6.904634165372949273e-01 -3.658384580742079506e-01 -6.542511960775521107e-01 -7.176824321553175734e-01 2.385105856976156291e-01 -4.272386681859167701e-01 9.051075795138587010e-02 -8.995970895448308635e-01 -4.786417431131545497e-01 -8.036575117885981223e-01 5.228673111528355788e-01
1.589264475598145962e+09 6.074963828798467524e-01 -7.036808017300216767e-01 -3.684853786779925255e-01 -6.540939389430052708e-01 -7.063687882800702145e-01 2.705628475324515780e-01 -4.506764518411005005e-01 7.665810148518213685e-02 -8.893898310911501071e-01 -4.861130035529510063e-01 -7.974665508324623175e-01 5.324259922698456604e-01
1.589264475598156929e+09 5.901839329116275179e-01 -7.166208944339735876e-01 -3.716684264617885480e-01 -6.530783651307539017e-01 -6.944738763389497471e-01 3.019845766988671909e-01 -4.745224702294965624e-01 6.450216309183165464e-02 -8.778769256675517108e-01 -4.933849410588868056e-01 -7.912955482205576985e-01 5.421498683740586522e-01
1.589264475598170996e+09 5.721044107037531745e-01 -7.292089156613587031e-01 -3.754342829421194461e-01 -6.511376331703488951e-01 -6.821479261997707155e-01 3.327070632459847022e-01 -4.987146742854183246e-01 5.411621197443851339e-02 -8.650752046323300082e-01 -5.004574404024020318e-01 -7.851546161003598590e-01 5.520384891346918899e-01
1.589264475598195076e+09 5.532734430740000597e-01 -7.413682925829249148e-01 -3.798177881256831756e-01 -6.482095347580453248e-01 -6.695508851723149801e-01 3.626651509268945528e-01 -5.231757798924635550e-01 4.554851492266581009e-02 -8.510067194435030347e-01 -5.073308056739054273e-01 -7.790538646023096314e-01 5.620910408416017745e-01
1.589264475598206997e+09 5.337166702415284680e-01 -7.530223154030065702e-01 -3.848427063702221096e-01 -6.442393384031560588e-01 -6.568487314796240817e-01 3.917976764741871176e-01 -5.478158369303001152e-01 3.882185917131519143e-02 -8.356977159682670298e-01 -5.140057571541479797e-01 -7.730033670627834974e-01 5.723063537138134427e-01
1.589264475598218918e+09 5.134684815573947736e-01 -7.640955269037219555e-01 -3.905229115530013395e-01 -6.391819546030479415e-01 -6.442099870418568353e-01 4.200475234880656772e-01 -5.725351934960180023e-01 3.393403378345202087e-02 -8.191775961141769535e-01 -5.204834201082174649e-01 -7.670131285541766930e-01 5.826829157687539729e-01
1.589264475598228931e+09 4.925707737751977011e-01 -7.745148410988393906e-01 -3.968636969730403030e-01 -6.330034016648803386e-01 -6.318025702436826929e-01 4.473613821031781068e-01 -5.972275334750202225e-01 3.085892796920707004e-02 -8.014780098291379717e-01 -5.267653075867295698e-01 -7.610930588322218915e-01 5.932188912343195897e-01
1.589264475598239899e+09 4.710718108242065716e-01 -7.842104036417711921e-01 -4.038630858369948173e-01 -6.256816294223171981e-01 -6.197910585829553565e-01 4.736892892890368079e-01 -6.217827981622148226e-01 2.954804226460663180e-02 -7.826321393372728252e-01 -5.328532988467606923e-01 -7.552529504138001393e-01 6.039121419512559763e-01
1.589264475598249912e+09 4.490252141711621459e-01 -7.931161888151148087e-01 -4.115131447631967254e-01 -6.172067822027427209e-01 -6.083344212145445074e-01 4.989839881715648073e-01 -6.460898896316286111e-01 2.993231168480081292e-02 -7.626741844645947843e-01 -5.387496155358093564e-01 -7.495024618169711106e-01 6.147602498607693811e-01
1.589264475598262072e+09 4.264891229653951510e-01 -8.011703730405739243e-01 -4.198012167552664931e-01 -6.075810056911493673e-01 -5.975842101362904835e-01 5.232001852085073068e-01 -6.700390659958505024e-01 3.192405726956675655e-02 -7.416390665428828077e-01 -5.444567970337863549e-01 -7.438511057740310184e-01 6.257605393588310250e-01
