1.589264477964770079e+09 9.298221813539612191e-01 -3.029910200068605119e-01 -2.088711398102499062e-01 -2.872459545554066351e-01 -2.427477851100523498e-01 -9.265868954852414241e-01 2.300445020266121965e-01 9.215584381610516518e-01 -3.127452198247572812e-01 -1.815688274954227813e-02 -9.296081844457440013e-01 2.746883912353532131e-01
1.589264477964809895e+09 9.296182381214649348e-01 -3.035008100527372132e-01 -2.090387280805759140e-01 -2.959893975877333494e-01 -2.769820427854315370e-01 -9.141505483011691524e-01 2.195454579966311659e-01 9.116842691400817156e-01 -3.473205805265742740e-01 -3.153710511387775028e-02 -9.354685644081512930e-01 2.756798272187730992e-01
1.589264477964828968e+09 9.290945887528211378e-01 -3.042174641340842922e-01 -2.103211350634378030e-01 -3.054260943239782700e-01 -3.104378173548649755e-01 -9.001906814288251901e-01 2.085620922320010062e-01 9.005998536514988606e-01 -3.813420481254187755e-01 -4.517730719148210089e-02 -9.406127025575584666e-01 2.770363223867679525e-01
1.589264477964848042e+09 9.282317187695600103e-01 -3.052464148264981691e-01 -2.126276150795269881e-01 -3.154802517472365953e-01 -3.430542578061273051e-01 -8.847519355324470203e-01 1.971245476561806209e-01 8.883346231921691594e-01 -4.147330591250561471e-01 -5.902835725127444921e-02 -9.450414035713928795e-01 2.787370189416069621e-01
1.589264477964867115e+09 9.270119743549356528e-01 -3.066766461249620934e-01 -2.158662417196225980e-01 -3.260807626183589991e-01 -3.747755596690574009e-01 -8.678793790592514990e-01 1.852569456616606491e-01 8.749244052615233747e-01 -4.474227861250535399e-01 -7.304299749557545407e-02 -9.487628540370864894e-01 2.807613742664958334e-01
1.589264477964991093e+09 9.254191182924191850e-01 -3.085824488285084932e-01 -2.199461933443238315e-01 -3.371616822830677540e-01 -4.055497601464843616e-01 -8.496183805212259577e-01 1.729781944798663151e-01 8.604105210000674298e-01 -4.793456789929637085e-01 -8.717673876559199619e-02 -9.517918158395063388e-01 2.830894845181996522e-01
1.589264477965013981e+09 9.234380640001517149e-01 -3.110250270626545577e-01 -2.247789462857165410e-01 -3.486619609439827183e-01 -4.353279890858695045e-01 -8.300146862484741872e-01 1.603027735815681087e-01 8.448390230032893911e-01 -5.104410312423580676e-01 -1.013885449046701831e-01 -9.541487009339175707e-01 2.857023389221350906e-01
1.589264477965033054e+09 9.210547786656637648e-01 -3.140538019202598341e-01 -2.302787536848653893e-01 -3.605247064285264091e-01 -4.640641294611228540e-01 -8.091145903311577348e-01 1.472414039235670491e-01 8.282600398306178002e-01 -5.406526387375926168e-01 -1.156413055425623698e-01 -9.558585758329508630e-01 2.885820075180567934e-01
1.589264477965054035e+09 9.182563349873590353e-01 -3.177073771227038601e-01 -2.363627000695918690e-01 -3.726961771800171297e-01 -4.917148196906090396e-01 -7.869651174619470835e-01 1.338015809117881205e-01 8.107271791145643780e-01 -5.699285730463914401e-01 -1.299021061485418349e-01 -9.569501421078169257e-01 2.917117676218461964e-01
1.589264477965073109e+09 9.150310345288499292e-01 -3.220142718713409069e-01 -2.429506426616089843e-01 -3.851247675669603465e-01 -5.182396562470096280e-01 -7.636141516448683442e-01 1.199879974968430379e-01 7.922969567928278556e-01 -5.982210403341168270e-01 -1.441423131529091239e-01 -9.574547387915403052e-01 2.950761748203301615e-01
1.589264477965092897e+09 9.113685707379064471e-01 -3.269935088940290613e-01 -2.499651448137764354e-01 -3.977600717489630511e-01 -5.436015161501819293e-01 -7.391104906942663755e-01 1.058029011109865580e-01 7.730282253064653109e-01 -6.254862983159159562e-01 -1.583374997709605381e-01 -9.574054046496437431e-01 2.986610865568190554e-01
1.589264477965112925e+09 9.072537587502631506e-01 -3.326648284009204870e-01 -2.573416588661105453e-01 -4.105656798158301979e-01 -5.677585214040853367e-01 -7.135026870469711735e-01 9.124932922230352683e-02 7.529836476704948600e-01 -6.516818139569550139e-01 -1.724621971426142375e-01 -9.568043641082766282e-01 3.024675315602453618e-01
1.589264477965131044e+09 9.026759274266293875e-01 -3.390363585759910148e-01 -2.650104107718461166e-01 -4.234974625951334892e-01 -5.906766922092949734e-01 -6.868412807548811561e-01 7.632869391860179487e-02 7.322263264772699287e-01 -6.767706684566009434e-01 -1.864963682760608921e-01 -9.556859686886459704e-01 3.064860613187218585e-01
1.589264477965147972e+09 8.976271129366314439e-01 -3.461066985669032370e-01 -2.729023992888716665e-01 -4.365084803641650635e-01 -6.123274211989176985e-01 -6.591778791122216985e-01 6.104025712170174645e-02 7.108201479967976022e-01 -7.007202042165181499e-01 -2.004235149789453108e-01 -9.540839789376290847e-01 3.107080943232420345e-01
1.589264477965166092e+09 8.921021681710894491e-01 -3.538655650060541502e-01 -2.809499664652826412e-01 -4.495489242318950196e-01 -6.326877551722805970e-01 -6.305648021177857609e-01 4.538156638697621315e-02 6.888289821879841623e-01 -7.235020021499886100e-01 -2.142302540065229022e-01 -9.520310948005072937e-01 3.151258961840334716e-01
1.589264477965186119e+09 8.860988519755053083e-01 -3.622945947283300883e-01 -2.890872729259846285e-01 -4.625661709434196189e-01 -6.517405619217508939e-01 -6.010547212504862014e-01 2.934897495700458658e-02 6.663158912419346880e-01 -7.450917870520058495e-01 -2.279058841244422096e-01 -9.495586031898122226e-01 3.197325517225129698e-01
1.589264477965202093e+09 8.796179197474170985e-01 -3.713682474991576443e-01 -2.972506353535464552e-01 -4.755049083689230627e-01 -6.694745968216003762e-01 -5.707003126163975315e-01 1.293822570049181150e-02 6.433423577735863930e-01 -7.654692765846047298e-01 -2.414419632418455530e-01 -9.466961320013981274e-01 3.245219326804457127e-01
1.589264477965219021e+09 8.726632267491972739e-01 -3.810547641619850268e-01 -3.053787150385389726e-01 -4.883073136652019142e-01 -6.858844756465678483e-01 -5.395539398252440222e-01 -3.854920527825116475e-03 6.199675419913638352e-01 -7.846179878449276446e-01 -2.548319090996472025e-01 -9.434714962052150877e-01 3.294886643064185439e-01
1.589264477965236902e+09 8.652418416465995632e-01 -3.913171539451498759e-01 -3.134125726605821449e-01 -5.009132913221786554e-01 -7.009705467643762011e-01 -5.076673789386805247e-01 -2.103402852433300385e-02 5.962475810801338705e-01 -8.025250102551565456e-01 -2.680706327407767486e-01 -9.399106222561381951e-01 3.346280925051497990e-01
1.589264477965255976e+09 8.573641684387627304e-01 -4.021141841866898714e-01 -3.212956049538145953e-01 -5.132607729005368435e-01 -7.147386619348572445e-01 -4.750915960422255613e-01 -3.860132119232937559e-02 5.722349415742989942e-01 -8.191807554066302677e-01 -2.811542114075915588e-01 -9.360375395021520717e-01 3.399362511677538889e-01
1.589264477965276003e+09 8.490439624483203662e-01 -4.134014714076983399e-01 -3.289735148571402146e-01 -5.252862600710406227e-01 -7.271997087603708776e-01 -4.418765993490112454e-01 -5.655700781885063255e-02 5.479779259824445470e-01 -8.345786349335029275e-01 -2.940796047355197507e-01 -9.318744271232358711e-01 3.454098287707663140e-01
1.589264477965295076e+09 8.402981247992835634e-01 -4.251327337550420138e-01 -3.363944416280212346e-01 -5.369257436156643637e-01 -7.383687960316349663e-01 -4.080713998584015734e-01 -7.489864904169593607e-02 5.235204676838965954e-01 -8.487146238121947572e-01 -3.068444145398327993e-01 -9.274417033331464610e-01 3.510461342626481906e-01
1.589264477965310097e+09 8.311463846881818052e-01 -4.372609997409324101e-01 -3.435091054612399719e-01 -5.481157402697404146e-01 -7.482642903864964445e-01 -3.737240793604063027e-01 -9.362063244268858941e-02 4.989021649431385486e-01 -8.615867961969895239e-01 -3.194466854031694503e-01 -9.227581433444588255e-01 3.568430631096133898e-01
1.589264477965321064e+09 8.216106738792873232e-01 -4.497399015662506550e-01 -3.502712116578504120e-01 -5.587946818889226730e-01 -7.569065341304728189e-01 -3.388819891585994615e-01 -1.127138163443205804e-01 4.741587496570974225e-01 -8.731947526832883888e-01 -3.318847426213810681e-01 -9.178410159990492145e-01 3.627990634825828953e-01
1.589264477965331078e+09 8.117140694183432315e-01 -4.625250533032908562e-01 -3.566382547968698358e-01 -5.689047047771635945e-01 -7.643162160339552758e-01 -3.035920935775184848e-01 -1.321654521019312301e-01 4.493231546675073851e-01 -8.835389048226702791e-01 -3.441570645850337007e-01 -9.127062323582998404e-01 3.689131014052984270e-01
1.589264477965339899e+09 8.014793400538393620e-01 -4.755753529217886522e-01 -3.625726842574250042e-01 -5.783936187754387115e-01 -7.705125866567094084e-01 -2.679014297391399402e-01 -1.519594997663582248e-01 4.244271879158865723e-01 -8.926196687130992791e-01 -3.562621857059498631e-01 -9.073684996759497912e-01 3.751846244736557479e-01
1.589264477965351105e+09 7.909273019773125357e-01 -4.888539571436404385e-01 -3.680432199910074753e-01 -5.872166364980963005e-01 -7.755118783639370905e-01 -2.318576046394348056e-01 -1.720773812945040337e-01 3.995036113050701165e-01 -9.004366939357510979e-01 -3.681986240000446609e-01 -9.018414733658847160e-01 3.816135256360841943e-01
1.589264477965359926e+09 7.800751977160009787e-01 -5.023287746391681408e-01 -3.730261227947851976e-01 -5.953375304545956981e-01 -7.793262221816087409e-01 -1.955092446540599993e-01 -1.924991197144033106e-01 3.745883633175077221e-01 -9.069882288989217223e-01 -3.799648277337024371e-01 -8.961379019560600234e-01 3.882001083622155235e-01
1.589264477965369940e+09 7.689351454198689595e-01 -5.159725198952949121e-01 -3.775064251909904800e-01 -6.027291793969407063e-01 -7.819631094353652889e-01 -1.589063632410649962e-01 -2.132047813620180088e-01 3.497228253017109489e-01 -9.122706106481097699e-01 -3.915591364531743057e-01 -8.902697623443451835e-01 3.949450540218923944e-01
1.589264477965379953e+09 7.575126076546357945e-01 -5.297624387348295327e-01 -3.814792366033259441e-01 -6.093735952494426789e-01 -7.834253318671968724e-01 -1.221006604993466471e-01 -2.341761538131525988e-01 3.249561635589473529e-01 -9.162778078373617907e-01 -4.029797548934801465e-01 -8.842483862539846085e-01 4.018493898738234593e-01
1.589264477965389013e+09 7.458050116624352910e-01 -5.436796888587430709e-01 -3.849510107937264003e-01 -6.152613126218637873e-01 -7.837115016637206111e-01 -8.514575646297956046e-02 -2.553985163059284136e-01 3.003475959970894893e-01 -9.190010445219372048e-01 -4.142247380067809459e-01 -8.780845779768371440e-01 4.089144568544610392e-01
1.589264477965398073e+09 7.338007064419822534e-01 -5.577083613479606461e-01 -3.879405974080015751e-01 -6.203900371345739684e-01 -7.828172490146030338e-01 -4.809736959758670327e-02 -2.768622860090211302e-01 2.759683653332096198e-01 -9.204285612181356546e-01 -4.252919851741119861e-01 -8.717887231452599028e-01 4.161418769483463675e-01
1.589264477965420008e+09 7.214785246840949018e-01 -5.718341327072886671e-01 -3.904797860325441294e-01 -6.247624675384058079e-01 -7.807371924387348505e-01 -1.101344592033193931e-02 -2.985642275007106550e-01 2.519030792757648851e-01 -9.205456214078711064e-01 -4.361792428931948185e-01 -8.653708891053609742e-01 4.235335191698684776e-01
1.589264477965432882e+09 7.088077364579398187e-01 -5.860427654247107876e-01 -3.926136396512297511e-01 -6.283837296353803614e-01 -7.774673708431015795e-01 2.604565408432183565e-02 -3.205081612662920576e-01 2.282506619929426661e-01 -9.193346258280473693e-01 -4.468841158665347590e-01 -8.588409174737361429e-01 4.310914629544581600e-01
1.589264477965446949e+09 6.957485209892778633e-01 -6.003184725118511089e-01 -3.944004656586079238e-01 -6.312585044779246424e-01 -7.730081323586661668e-01 6.301688920040811326e-02 -3.427049699670580707e-01 2.051247405810686653e-01 -9.167754058363143388e-01 -4.574040870925659696e-01 -8.522085093520868071e-01 4.388179574407885530e-01
1.589264477965457916e+09 6.822530882238140304e-01 -6.146421861477013859e-01 -3.959112360442674783e-01 -6.333879953159944343e-01 -7.673674349150103602e-01 9.983420112555937975e-02 -3.651717012260995432e-01 1.826532320186553815e-01 -9.128457842602371031e-01 -4.677365478677749100e-01 -8.454833032159189132e-01 4.467153751130704675e-01
1.589264477965467930e+09 6.682675786221106140e-01 -6.289898112276091080e-01 -3.972282227433676094e-01 -6.347669465137653066e-01 -7.605644479054092244e-01 1.364281667719907942e-01 -3.879295907208880068e-01 1.609768252842247727e-01 -9.075225037151686269e-01 -4.778788380806197611e-01 -8.386749446605431535e-01 4.547861589755711198e-01
1.589264477965476990e+09 6.537346753124126941e-01 -6.433306257501347769e-01 -3.984428195808917272e-01 -6.353810911296857711e-01 -7.526331756938944295e-01 1.727257142773149234e-01 -4.110010264132278324e-01 1.402462446488236536e-01 -9.007825195540194452e-01 -4.878282962134537493e-01 -8.317931464896044513e-01 4.630327634848469542e-01
1.589264477965487003e+09 6.385968628804005176e-01 -6.576260037150919446e-01 -3.996524567251971138e-01 -6.352053607377595723e-01 -7.436257855747044898e-01 2.086500448388444728e-01 -4.344055671787717121e-01 1.206181188047059094e-01 -8.926046566117699088e-01 -4.975823177788972762e-01 -8.248477374445188914e-01 4.714575902267955088e-01
1.589264477965496063e+09 6.227999167836630878e-01 -6.718286658192322847e-01 -4.009569897723064824e-01 -6.342032742845777893e-01 -7.336151736988889560e-01 2.441208395412094445e-01 -4.581555095492967355e-01 1.022497971469545630e-01 -8.829714086186161159e-01 -5.071384195912469472e-01 -8.178486977899490640e-01 4.800629206213735123e-01
1.589264477965504885e+09 6.062963345284444472e-01 -6.858825820766913939e-01 -4.024547658441135489e-01 -6.323276517711167166e-01 -7.226964298724635194e-01 2.790548540127123500e-01 -4.822514861927458263e-01 8.529334185003369095e-02 -8.718707187914119805e-01 -5.164943065121186949e-01 -8.108061805040838177e-01 4.888508486670343767e-01
1.589264477965513945e+09 5.890482848911925418e-01 -6.997235720450538654e-01 -4.042388415290047998e-01 -6.295226615467093279e-01 -7.109869276335003541e-01 3.133668901244327509e-01 -5.066787316047827172e-01 6.988928219272275144e-02 -8.592974755920482766e-01 -5.256479367333588559e-01 -8.037305176422900876e-01 4.978232172490767993e-01
1.589264477965523958e+09 5.710297876193899391e-01 -7.132805333163502182e-01 -4.063937286090358869e-01 -6.257269575366246617e-01 -6.986249759035981777e-01 3.469710624079354044e-01 -5.314045132105751357e-01 5.616069923199297487e-02 -8.452545294679690846e-01 -5.345975808844992683e-01 -7.966322124290288187e-01 5.069815621759563573e-01
1.589264477965533972e+09 5.522280212515308095e-01 -7.264771577476645259e-01 -4.089928508237657412e-01 -6.208774965797794199e-01 -6.857671519374439750e-01 3.797822376800526478e-01 -5.563769829756498586e-01 4.420806366413723709e-02 -8.297531562500339852e-01 -5.433418716005625759e-01 -7.895219190020374977e-01 5.163270667844144235e-01
1.589264477965543032e+09 5.326437363934756197e-01 -7.392339408648643806e-01 -4.120968708491451471e-01 -6.149135810635925070e-01 -6.725845776895336137e-01 4.117174688673967964e-01 -5.815255267881438428e-01 3.410523159068103854e-02 -8.128129521955407277e-01 -5.518798405814869801e-01 -7.824104125877887617e-01 5.258605294990723600e-01
1.589264477965552092e+09 5.122907472585420674e-01 -7.514701834305418382e-01 -4.157532367854874233e-01 -6.077806773436551513e-01 -6.592586000746473163e-01 4.426971278065165993e-01 -6.067625886002923075e-01 2.589714139708211571e-02 -7.944611378333394924e-01 -5.602109415876861398e-01 -7.753085535684095531e-01 5.355823453594681371e-01
1.589264477965560913e+09 4.911948571916315287e-01 -7.631058301812913003e-01 -4.199965528683205496e-01 -5.994336367667906229e-01 -6.459762952919680945e-01 4.726456828600456572e-01 -6.319864933579480981e-01 1.959893237066621594e-02 -7.747315370165118731e-01 -5.683350600407715003e-01 -7.682272490114626651e-01 5.454925004672948052e-01
1.589264477965570927e+09 4.693924824671312779e-01 -7.740630577645452037e-01 -4.248494794830318666e-01 -5.898391356335265234e-01 -6.329261076079302217e-01 5.014921104825125209e-01 -6.570848437500049766e-01 1.519622302623104861e-02 -7.536634416665580760e-01 -5.762525114107664992e-01 -7.611774146809706654e-01 5.555905769596076738e-01
1.589264477965580940e+09 4.469291303655653080e-01 -7.842675191350326758e-01 -4.303240767955212043e-01 -5.789772706581451933e-01 -6.202939037076704576e-01 5.291699099317530575e-01 -6.819381738111787161e-01 1.264641177122649736e-02 -7.313004825332060088e-01 -5.839640311367836345e-01 -7.541699396855883197e-01 5.658757656711255191e-01
1.589264477965590000e+09 4.238579266020940928e-01 -7.936492817594801297e-01 -4.364232759932633599e-01 -5.668423648156362127e-01 -6.082595409095991057e-01 5.556168327503194782e-01 -7.064235216334717737e-01 1.188060306107578505e-02 -7.076896634392662033e-01 -5.914707581721260210e-01 -7.472156552132189766e-01 5.763468843229372363e-01
1.589264477965600014e+09 4.002382772488254359e-01 -8.021434928223358796e-01 -4.431423457052288128e-01 -5.534430927734743655e-01 -5.969939912633904777e-01 5.807744122717304336e-01 -7.304177331482853974e-01 1.280592005928574487e-02 -6.828806219968966973e-01 -5.987742137774800799e-01 -7.403253083166975168e-01 5.870023995611202139e-01
1.589264477965609074e+09 3.761346985756672257e-01 -8.096907724901465375e-01 -4.504703560514928262e-01 -5.388020427408583002e-01 -5.866570685582503941e-01 6.045873329319381151e-01 -7.538004030761065177e-01 1.530807375049695815e-02 -6.569251217492461103e-01 -6.058762777644994824e-01 -7.335095410382012071e-01 5.978404507075836261e-01
1.589264477965617895e+09 3.516158531111571728e-01 -8.162373902400891224e-01 -4.583915518685076629e-01 -5.229548526329450553e-01 -5.773957108900119595e-01 6.270027237949672427e-01 -7.764563827808595997e-01 1.925398877558592500e-02 -6.298767894914099053e-01 -6.127791636325683466e-01 -7.267788748331243109e-01 6.088588738366272901e-01
