1.583561772077867985e+09 -2.473187370265225449e-01 7.968463037907073943e-02 9.656520088504759736e-01 2.886076039221212031e-01 -9.453173384307331784e-01 1.519236013047908784e-01 9.249535628623513084e-01 3.162680657043927535e-01 2.107970999801895284e-01 -5.371329355472646144e-02 1.593196475448726668e+00 1.585322557612504291e+00
1.583561772077913046e+09 -2.678517491835564757e-01 7.825812358542806602e-02 9.602765782590438892e-01 2.954846785985844604e-01 -9.419914879575009836e-01 1.591880690947874155e-01 9.170301223792578504e-01 3.263858188567739793e-01 2.291899912632880953e-01 -5.968558567163216588e-02 1.592567431547647905e+00 1.580252334416924809e+00
1.583561772077931881e+09 -2.881051406801814485e-01 7.793154204986170452e-02 9.544223922719465847e-01 3.022323204153982701e-01 -9.383398082823923847e-01 1.678512100127693418e-01 9.086534282056982770e-01 3.368160907538339521e-01 2.467870916771677248e-01 -6.564822684430368649e-02 1.591901162518836621e+00 1.575175511745065871e+00
1.583561772077946901e+09 -3.080340474067524981e-01 7.869746329321737621e-02 9.481148322410886120e-01 3.087402143796825760e-01 -9.343682876227346057e-01 1.778633833188032198e-01 8.998858293396762020e-01 3.475091544168546487e-01 2.635201737108431863e-01 -7.159779199695907870e-02 1.591173071008134876e+00 1.570091842807924687e+00
1.583561772077958107e+09 -3.275970022394332215e-01 8.054506711058237456e-02 9.413780837149957614e-01 3.149060466507196954e-01 -9.300810776034902361e-01 1.891649303814573191e-01 8.907942445338524751e-01 3.584155148699473270e-01 2.793276441970726776e-01 -7.753266579251125168e-02 1.590357212122307962e+00 1.565004330653164910e+00
1.583561772077970982e+09 -3.467558089970641522e-01 8.345891632648885783e-02 9.342349910113026956e-01 3.206365376141471213e-01 -9.254809160113705024e-01 2.016861048031052817e-01 8.814491589805369953e-01 3.694857012675802355e-01 2.941559057764979723e-01 -8.345306231150782794e-02 1.589426897971544239e+00 1.559919593368636948e+00
1.583561772077985048e+09 -3.654757407825366955e-01 8.741758104407655605e-02 9.267068844295982544e-01 3.258486442133931571e-01 -9.205695212010328587e-01 2.153472027515911102e-01 8.719232444223548040e-01 3.806703603170839001e-01 3.079609274393244056e-01 -8.936096521728560671e-02 1.588355364488043042e+00 1.554848140730346939e+00
1.583561772077997923e+09 -3.837261287654372133e-01 9.239202686513926788e-02 9.188133497663686367e-01 3.304708922360564682e-01 -9.153479672755346908e-01 2.300588799248849126e-01 8.622895382028845646e-01 3.919206708618539481e-01 3.207100564054952141e-01 -9.525998751943748344e-02 1.587116474063798854e+00 1.549804548854718966e+00
1.583561772078012943e+09 -4.014814421659739785e-01 9.834365772926446925e-02 9.105718954731176762e-01 3.344448231734544752e-01 -9.098170403723004895e-01 2.457226350088021483e-01 8.526190896656316021e-01 4.031891344211617767e-01 3.323841302627164596e-01 -1.011551544785162515e-01 1.585685426426838518e+00 1.544807525561016748e+00
1.583561772078031063e+09 -4.187229262725095658e-01 1.052220450385231293e-01 9.019974681271597516e-01 3.377265153503616890e-01 -9.039775500344744419e-01 2.622315578467467323e-01 8.429780021235772081e-01 4.144308269966940905e-01 3.429798504359178879e-01 -1.070526170145594536e-01 1.584039451599238202e+00 1.539879865354000010e+00
1.583561772078048944e+09 -4.354818889514926461e-01 1.129811004767835997e-01 8.930793892966087943e-01 3.402940006248863503e-01 -8.978151407438290654e-01 2.795138033400297317e-01 8.333999746550592169e-01 4.256327572943569004e-01 3.525354427535135615e-01 -1.129593058255152493e-01 1.582158461884684453e+00 1.535048298568568725e+00
1.583561772078066111e+09 -4.510708862237117200e-01 1.229046490544331155e-01 8.839850129375899090e-01 3.416103216086491257e-01 -8.912691804622648872e-01 2.982308438044571908e-01 8.245225551753704307e-01 4.365016555492605699e-01 3.600400824134709077e-01 -1.188716017180787982e-01 1.580199617632671139e+00 1.530254675816105747e+00
1.583561772078083038e+09 -4.652737111146393323e-01 1.349664402679308095e-01 8.748168002519860487e-01 3.415910532252885989e-01 -8.843738485948733352e-01 3.181170356106231556e-01 8.166002242978482872e-01 4.468410858728280588e-01 3.653725740763277274e-01 -1.247926202380274102e-01 1.578162185740269896e+00 1.525504776492115688e+00
1.583561772078099012e+09 -4.778848035424865803e-01 1.490754462855785334e-01 8.656804411063147020e-01 3.401975779281369849e-01 -8.771785453021652135e-01 3.388560279841081324e-01 8.098714235830464236e-01 4.564365356547502306e-01 3.684751910475459469e-01 -1.307258716380881869e-01 1.576044260974578171e+00 1.520805621767239879e+00
1.583561772078109980e+09 -4.887239464498307484e-01 1.650765298233640155e-01 8.566788451479866451e-01 3.374398397596972687e-01 -8.697484680257296930e-01 3.600999263782292958e-01 8.045391593522066565e-01 4.650670293364742025e-01 3.693635059497045181e-01 -1.366754013216477104e-01 1.573842935483060312e+00 1.516165751592052136e+00
1.583561772078119993e+09 -4.976503809731921413e-01 1.827571466748748041e-01 8.479056102613098389e-01 3.333734366629670931e-01 -8.621631973784170677e-01 3.814928215333905914e-01 8.007535515168019424e-01 4.725192552018055991e-01 3.681294655840863794e-01 -1.426459047374641353e-01 1.571554540662915223e+00 1.511595470339591296e+00
1.583561772078130007e+09 -5.045743592861617888e-01 2.018598523476646811e-01 8.394386911604965196e-01 3.280913667084670027e-01 -8.545128705668615376e-01 4.026956781425799492e-01 7.985992557376211387e-01 4.786025012057594230e-01 3.649368093374168454e-01 -1.486428022354491230e-01 1.569174955194446275e+00 1.507107049011927602e+00
1.583561772078151941e+09 -5.094643274330201699e-01 2.220993322145165538e-01 8.313350623901264447e-01 3.217119121893930456e-01 -8.468920306480299809e-01 4.234091804012525828e-01 7.980899353151704734e-01 4.831622658829408112e-01 3.600092779498257345e-01 -1.546722606712405967e-01 1.566699968362655904e+00 1.502714873722710731e+00
1.583561772078176022e+09 -5.123487225678546864e-01 2.431816818909464661e-01 8.236270128716561834e-01 3.143650504492529474e-01 -8.393917855859751587e-01 4.433915260969554240e-01 7.991704460014711353e-01 4.860906294156647212e-01 3.536134873934507761e-01 -1.607411510047907222e-01 1.564125684062452448e+00 1.498435532292220707e+00
1.583561772078198910e+09 -5.133123468366672659e-01 2.648233303503547131e-01 8.163204263910645020e-01 3.061799757595853877e-01 -8.320913104936317195e-01 4.624693216988671751e-01 8.017257992931882127e-01 4.873321811959526739e-01 3.460391425156396084e-01 -1.668569343761510670e-01 1.561448948660415503e+00 1.494287832452590781e+00
1.583561772078221083e+09 -5.124881373943035445e-01 2.867673004173087459e-01 8.093950980192526901e-01 2.972758084617189711e-01 -8.250498756464114125e-01 4.805411496084727174e-01 8.055948131395108680e-01 4.868852208037049434e-01 3.375792929670146658e-01 -1.730274731111007824e-01 1.558667784361711828e+00 1.490292746786221256e+00
1.583561772078242064e+09 -5.100456941044750891e-01 3.087952175817908484e-01 8.028068907154496392e-01 2.877566235767207714e-01 -8.183004737266370565e-01 4.975745776808205845e-01 8.105859089185099009e-01 4.847987710699853126e-01 3.285127639320132298e-01 -1.792607676363831559e-01 1.555781808900171148e+00 1.486473281167325800e+00
1.583561772078263998e+09 -5.061781723565924596e-01 3.307343276278525424e-01 7.964913449714323690e-01 2.777109320026421857e-01 -8.118457846608289064e-01 5.135981505442041017e-01 8.164926798816252163e-01 4.811665268846458399e-01 3.190900771568349614e-01 -1.855646250221088533e-01 1.552792622444116422e+00 1.482854264863309846e+00
1.583561772078289032e+09 -5.010890080856961193e-01 3.524595867583200093e-01 7.903682976524024628e-01 2.672149081085818945e-01 -8.056568301054097825e-01 5.286901408734466790e-01 8.231075258341287171e-01 4.761190102773125710e-01 3.095233257805252713e-01 -1.919462699825512375e-01 1.549704142870035772e+00 1.479462062903432518e+00
1.583561772078363895e+09 -4.949795337331127643e-01 3.738914342764633747e-01 7.843471532530404966e-01 2.563380957142830097e-01 -7.996743983182579285e-01 5.429655950681103738e-01 8.302325229089232428e-01 4.698149126978389822e-01 2.999798425652496214e-01 -1.984119138039496799e-01 1.546522872106550928e+00 1.476324213493195980e+00
1.583561772078392029e+09 -4.880382674179521429e-01 3.949901300378443336e-01 7.783324784206807623e-01 2.451501477091192482e-01 -7.938130485399715885e-01 5.565628887319329365e-01 8.376873252227644562e-01 4.624323099525097236e-01 2.905792561549814801e-01 -2.049663005583276520e-01 1.543258078685947776e+00 1.473468995320836639e+00
1.583561772078416109e+09 -4.804324081649337108e-01 4.157476753720000806e-01 7.722296108436466078e-01 2.337272171785326202e-01 -7.879672881911848892e-01 5.696307055965028621e-01 8.453143139448090482e-01 4.541601295957201634e-01 2.813934746224252548e-01 -2.116122522614425905e-01 1.539921885190959294e+00 1.470924929374242796e+00
1.583561772078438997e+09 -4.723018504164879783e-01 4.361783780738824889e-01 7.659499884784306545e-01 2.221568374176388916e-01 -7.820193611988519589e-01 5.823161154961219443e-01 8.529814194383497084e-01 4.451900059135287524e-01 2.724491823480417740e-01 -2.183502368022315621e-01 1.536529251863215428e+00 1.468720221672957793e+00
1.583561772078460932e+09 -4.637558456606094559e-01 4.563090985764667318e-01 7.594159087272630559e-01 2.105404465219952170e-01 -7.758479753701285064e-01 5.947542682151610860e-01 8.605830792081372582e-01 4.357085331136361095e-01 2.637325125711098006e-01 -2.251779838989256821e-01 1.533097850340769064e+00 1.466882155898395546e+00
1.583561772078485012e+09 -4.548722734399115453e-01 4.761701402811630013e-01 7.525644242298018538e-01 1.989930859058517965e-01 -7.693372221806009659e-01 6.070601209080227489e-01 8.680397265349054647e-01 4.258899344115042451e-01 2.551956056804998152e-01 -2.320901749176445816e-01 1.529647824488462815e+00 1.465436448612962961e+00
1.583561772078506947e+09 -4.456993440618883251e-01 4.957876388230680886e-01 7.453500601389649871e-01 1.876402656326039697e-01 -7.623848515832837291e-01 6.193225886865588725e-01 8.752960788451635832e-01 4.158893547939913060e-01 2.467647040437202788e-01 -2.390782319128553768e-01 1.526201438926510834e+00 1.464406585221182944e+00
1.583561772078527927e+09 -4.362593766477684265e-01 5.151781211856487630e-01 7.377460674206502977e-01 1.766125036839818752e-01 -7.549090319033022745e-01 6.316014385362453964e-01 8.823184119437920137e-01 4.058372298967765635e-01 2.383492458749591758e-01 -2.461302292853384810e-01 1.522782620915313467e+00 1.463813163718259203e+00
1.583561772078548908e+09 -4.265540721639691224e-01 5.343455829610422869e-01 7.297440796241300154e-01 1.660384186730500811e-01 -7.468529062865745249e-01 6.439269989397945482e-01 8.890910342988279647e-01 3.958352365728730615e-01 2.298512528815185862e-01 -2.532309459469124779e-01 1.519416408253892570e+00 1.463673278675836853e+00
1.583561772078573942e+09 -4.165705598252024133e-01 5.532810474113387667e-01 7.213522381738610711e-01 1.560374979314388677e-01 -7.381865439707995247e-01 6.563024650323227016e-01 8.956122309079452837e-01 3.859542836280576150e-01 2.211741916040658729e-01 -2.603620676367149334e-01 1.516128323504902120e+00 1.463999981512151827e+00
1.583561772078597069e+09 -4.062874586593903103e-01 5.719641942757468511e-01 7.125920724079796154e-01 1.467136966891552374e-01 -7.289062585083465606e-01 6.687082753928846879e-01 9.018900112350772824e-01 3.762348029522479820e-01 2.122304900723294419e-01 -2.675025383392864997e-01 1.512943702600829665e+00 1.464801854605126241e+00
1.583561772078618050e+09 -3.956802801406725245e-01 5.903663662852437488e-01 7.034946124335748063e-01 1.381508173791917149e-01 -7.190316595174689462e-01 6.811077920100281347e-01 9.079380308099187502e-01 3.666892776631012763e-01 2.029470524308882307e-01 -2.746290472262691851e-01 1.509887012120690208e+00 1.466082732041166903e+00
1.583561772078640938e+09 -3.847256934835829867e-01 6.084541479386174068e-01 6.940963123990621098e-01 1.304101904006579327e-01 -7.086011311531910106e-01 6.934534009115841391e-01 9.137720302345690992e-01 3.573065728066459057e-01 1.932684403223360325e-01 -2.817166255829697263e-01 1.506981192087334165e+00 1.467841588369797501e+00
1.583561772078665018e+09 -3.734044101752658218e-01 6.261927850210543545e-01 6.844353458913023935e-01 1.235308019968348048e-01 -6.976665504475224600e-01 7.056922313674944824e-01 9.194070304525074899e-01 3.480574385990149455e-01 1.831576698499422784e-01 -2.887393193564021243e-01 1.504247059196528236e+00 1.470072602066085032e+00
1.583561772078687906e+09 -3.617027205439420356e-01 6.435489205972290128e-01 6.745486854226029338e-01 1.175313889376242843e-01 -6.862881040451329628e-01 7.177708624124341519e-01 9.248554020988346558e-01 3.389003175535490464e-01 1.725950758427717002e-01 -2.956708983447021710e-01 1.501702800068737131e+00 1.472765387024502104e+00
1.583561772078708887e+09 -3.496128976969695157e-01 6.604924104711130672e-01 6.644701631601650504e-01 1.124138538454482888e-01 -6.745298144555880171e-01 7.296387153529370062e-01 9.301257696965186117e-01 3.297867573416086717e-01 1.615758257383556606e-01 -3.024855622570676861e-01 1.499363576905484718e+00 1.475905374821670168e+00
1.583561772078731060e+09 -3.371328036263565586e-01 6.769972330324997012e-01 6.542294853042632807e-01 1.081672189704399600e-01 -6.624561256560873579e-01 7.412501159451424515e-01 9.352226075568162988e-01 3.206659137607870691e-01 1.501067829948218579e-01 -3.091586060792856916e-01 1.497241259981636929e+00 1.479474322794615659e+00
1.583561772078761101e+09 -3.242650104628306829e-01 6.930416589867888222e-01 6.438520498953849147e-01 1.047715612531158608e-01 -6.501296137412313492e-01 7.525652166802702103e-01 9.401463307211475051e-01 3.114879523353485946e-01 1.382032293977256132e-01 -3.156670122848432847e-01 1.495344292524424246e+00 1.483450916279194010e+00
1.583561772078775883e+09 -3.110157255313820146e-01 7.086079173925940999e-01 6.333593278201781196e-01 1.022014763070677873e-01 -6.376097155382890458e-01 7.635500697135703119e-01 9.448936855220110287e-01 3.022063372395594194e-01 1.258858730253190616e-01 -3.219899447036773110e-01 1.493677684955844631e+00 1.487811429718100875e+00
1.583561772078785896e+09 -2.973937497000044838e-01 7.236815996243119997e-01 6.227695402479775932e-01 1.004287990414215598e-01 -6.249522468713274437e-01 7.741761721477465885e-01 9.494582740643453533e-01 2.927791517630583540e-01 1.131784181640866915e-01 -3.281091273488196403e-01 1.492243127969616889e+00 1.492530410817893172e+00
1.583561772078795910e+09 -2.834096279028061605e-01 7.382510042151197993e-01 6.120983890221158852e-01 9.942448328163829008e-02 -6.122094294574734752e-01 7.844197770806740078e-01 9.538310936236240600e-01 2.831696831820217364e-01 1.001058219976296709e-01 -3.340091007483997898e-01 1.491039207523636945e+00 1.497581353507674518e+00
1.583561772078804970e+09 -2.690750783384427414e-01 7.523065653671242581e-01 6.013596545984700725e-01 9.915968693269419654e-02 -5.994301519174412007e-01 7.942611972943180998e-01 9.580010224065343971e-01 2.733465289620060079e-01 8.669323160965169972e-02 -3.396773560405873527e-01 1.490061701531896876e+00 1.502937331157937484e+00
1.583561772078814030e+09 -2.544026938511714242e-01 7.658404281070924080e-01 5.905655833979169822e-01 9.960625516883080122e-02 -5.866602590460989752e-01 8.036842255855008998e-01 9.619552294781013035e-01 2.632834581843955246e-01 7.296545319989317102e-02 -3.451043545348760899e-01 1.489303935529536549e+00 1.508571566744072667e+00
1.583561772078824043e+09 -2.394058688340743868e-01 7.788461826744714767e-01 5.797270512554295596e-01 1.007368048110944686e-01 -5.739427441762973148e-01 8.126757180029395844e-01 9.656795153426463996e-01 2.529591871517409829e-01 5.894678547290611859e-02 -3.502834449300527564e-01 1.488757175259032062e+00 1.514457924573549219e+00
1.583561772078833103e+09 -2.240988811992699892e-01 7.913187373321699525e-01 5.688535379589066965e-01 1.025245941511856995e-01 -5.613177934396942348e-01 8.212253298759653042e-01 9.691586037733729286e-01 2.423571557462425863e-01 4.466105714271356719e-02 -3.552106926113990371e-01 1.488411036292078382e+00 1.520571315671274348e+00
1.583561772078843117e+09 -2.084970657460889221e-01 8.032543004302270528e-01 5.579529574002879411e-01 1.049433020221158114e-01 -5.488226752669643771e-01 8.293253731445022758e-01 9.723764071412911436e-01 2.314653325708048437e-01 3.013175878284887407e-02 -3.598846379828700148e-01 1.488253892194065342e+00 1.526888013622623719e+00
1.583561772078851938e+09 -1.926169855097584205e-01 8.146504147555608810e-01 5.470314423210387300e-01 1.079668495300435127e-01 -5.364915363801330273e-01 8.369707228229682494e-01 9.753162853788562847e-01 2.202760390111352662e-01 1.538214376545782476e-02 -3.643060038270729550e-01 1.488273263837293747e+00 1.533385881074556423e+00
1.583561772078861952e+09 -1.764765635336965066e-01 8.255060150024423615e-01 5.360931280796598086e-01 1.115692892929483621e-01 -5.243551516854104699e-01 8.441587342765561885e-01 9.779613062079829389e-01 2.087857617975023283e-01 4.352758662125207068e-04 -3.684773716580244107e-01 1.488456175969241624e+00 1.540044512028645673e+00
1.583561772078871012e+09 -1.600951925790625452e-01 8.358215148316473497e-01 5.251399098466169590e-01 1.157247090488071478e-01 -5.124406237680478871e-01 8.508891813247737579e-01 9.802945074104914003e-01 1.969949306262504252e-01 -1.468592124614904668e-02 -3.724028455758802147e-01 1.488789471083038940e+00 1.546845298858076978e+00
1.583561772078880072e+09 -1.434937554635963841e-01 8.455988704388525123e-01 5.141712678783210144e-01 1.204072175032886993e-01 -5.007711224266097050e-01 8.571641528811561050e-01 9.822991623467524080e-01 1.849076350337199581e-01 -2.995867810121830704e-02 -3.760877208384312831e-01 1.489260073914609350e+00 1.553771434857790235e+00
1.583561772078888893e+09 -1.266945332417339642e-01 8.548415900626908925e-01 5.031842121945591106e-01 1.255910189832260271e-01 -4.893657313044919022e-01 8.629878776919960304e-01 9.839590395077467688e-01 1.725312643068691587e-01 -4.536046342502390860e-02 -3.795381707932953819e-01 1.489855204049523651e+00 1.560807864907454823e+00
1.583561772078898907e+09 -1.097210407076378014e-01 8.635547024717064035e-01 4.921733122804865523e-01 1.312505132755767689e-01 -4.782393921976576534e-01 8.683665047565304329e-01 9.852586443280034745e-01 1.598760764794680822e-01 -6.086907409303434630e-02 -3.827609614615635758e-01 1.490562537826367828e+00 1.567941197357940464e+00
1.583561772078907967e+09 -9.259782021255766327e-02 8.717446956606794695e-01 4.811307821533166162e-01 1.373603809629451999e-01 -4.674029293705591614e-01 8.733078652029279132e-01 9.861834361143203553e-01 1.469547122273731632e-01 -7.646269104857243704e-02 -3.857631991932588544e-01 1.491370323292752209e+00 1.575159589412639338e+00
1.583561772078917027e+09 -7.535021589530163655e-02 8.794194338883128959e-01 4.700465982434089418e-01 1.438956329100828102e-01 -4.568631344957161389e-01 8.778212364917565846e-01 9.867200170398403580e-01 1.337816724450636985e-01 -9.211988018427959279e-02 -3.885521142246838311e-01 1.492267453291499457e+00 1.582452616447119542e+00
1.583561772078927040e+09 -5.800414110442555365e-02 8.865880566151088660e-01 4.589086376810664891e-01 1.508316172865169225e-01 -4.466228975504384358e-01 8.819171223409514315e-01 9.868562930209918704e-01 1.203727772222592113e-01 -1.078195328460186259e-01 -3.911348799564972056e-01 1.493243502852882321e+00 1.589811134031611450e+00
1.583561772078936100e+09 -4.058584266756620762e-02 8.932608570631325184e-01 4.477028376835591184e-01 1.581439899271819549e-01 -4.366813795595425596e-01 8.856070524017107815e-01 9.865816073995157254e-01 1.067446215553899402e-01 -1.235407541844049800e-01 -3.935184668297276311e-01 1.494288736926218775e+00 1.597227139153160502e+00
1.583561772078946114e+09 -2.312166648125506957e-02 8.994491398875184007e-01 4.364133746241548040e-01 1.658086527781400532e-01 -4.270342209241895781e-01 8.889034058272748950e-01 9.858868492061407807e-01 9.291404179363255134e-02 -1.392627072637410701e-01 -3.957095300044049524e-01 1.495394093905819899e+00 1.604693635033124455e+00
1.583561772078954935e+09 -5.637778343132217491e-03 9.051650096144049362e-01 4.250229653574238986e-01 1.738017381150705198e-01 -4.176738834274010825e-01 8.918191986039628594e-01 9.847645259241070148e-01 7.889760909198527405e-02 -1.549644991457854448e-01 -3.977143291391637137e-01 1.496551150378603756e+00 1.612204502716788612e+00
1.583561772078963995e+09 1.184018206386545057e-02 9.104210556224661133e-01 4.135133756289862683e-01 1.820997026768526872e-01 -4.085902155176636685e-01 8.943677846031751200e-01 9.832087818002176460e-01 6.471118536425450596e-02 -1.706251860486974192e-01 -3.995386765005885521e-01 1.497752072630068154e+00 1.619754381859158876e+00
1.583561772078974009e+09 2.928742847686799031e-02 9.152300075507193711e-01 4.018659976509989518e-01 1.906794473353926322e-01 -3.997711088466247564e-01 8.965625516176602972e-01 9.812153663354357125e-01 5.036957474140979496e-02 -1.862238197493913672e-01 -4.011879082155045961e-01 1.498989559973121555e+00 1.627338562265771005e+00
1.583561772078983068e+09 4.668038851211328555e-02 9.196043048602889902e-01 3.900626412089387429e-01 1.995185883133958615e-01 -3.912033935094105797e-01 8.984165169295984521e-01 9.787815254088988448e-01 3.588631548469219112e-02 -2.017396790758576586e-01 -4.026668744751537576e-01 1.500256783779794878e+00 1.634952886611404255e+00
1.583561772078991890e+09 6.399708841431397954e-02 9.235555782240258971e-01 3.780865864612051874e-01 2.085959502882820116e-01 -3.828740325986827453e-01 8.999417785349849153e-01 9.759057856340589421e-01 2.127367723923658666e-02 -2.171527767659413855e-01 -4.039799459897654432e-01 1.501547325113967712e+00 1.642593663985227215e+00
1.583561772079001904e+09 8.121748822708568794e-02 9.270941151527823942e-01 3.659237919448164456e-01 2.178922548316262475e-01 -3.747715199820496057e-01 9.011488629313662013e-01 9.725876233670945892e-01 6.542912972038046962e-03 -2.324446286698288455e-01 -4.051310334674294023e-01 1.502855113460970671e+00 1.650257593778248655e+00
1.583561772079010963e+09 9.832366388278145075e-02 9.302284326537791914e-01 3.535640259688050402e-01 2.273908841482634169e-01 -3.668872474468227174e-01 9.020460817136368714e-01 9.688270450206400985e-01 -8.295239261634774000e-03 -2.475991641274954413e-01 -4.061236154274461274e-01 1.504174368585607047e+00 1.657941699424519522e+00
1.583561772079020023e+09 1.152997744144596548e-01 9.329650479641508065e-01 3.410017324784945791e-01 2.370786081239579235e-01 -3.592166384586239491e-01 9.026389866897248648e-01 9.646241215242922218e-01 -2.322985542281195276e-02 -2.626036523451082405e-01 -4.069607705036723533e-01 1.505499546642175668e+00 1.665643271154442440e+00
1.583561772079029083e+09 1.321318220763419982e-01 9.353084531613209407e-01 3.282366208939417329e-01 2.469462707901171339e-01 -3.517600238492141762e-01 9.029299114727646902e-01 9.599785003707862474e-01 -3.824896492641768897e-02 -2.774496273963648618e-01 -4.076452115378664809e-01 1.506825290944411977e+00 1.673359816698293701e+00
1.583561772079037905e+09 1.488072275756592289e-01 9.372612636133201836e-01 3.152740601561102585e-01 2.569894875061806139e-01 -3.445233294426244264e-01 9.029175371255337978e-01 9.548889006418280756e-01 -5.333853626753999599e-02 -2.921338532494049400e-01 -4.081793216084220188e-01 1.508146387403615174e+00 1.681089018674737812e+00
1.583561772079047918e+09 1.653141972809234472e-01 9.388245645772139714e-01 3.021252279765440640e-01 2.672092777217978110e-01 -3.375185052776795147e-01 9.025965103867156225e-01 9.493526311718857302e-01 -6.848135361512468211e-02 -3.066592345397826103e-01 -4.085651915988709471e-01 1.509457724697318870e+00 1.688828697703443460e+00
1.583561772079056978e+09 1.816408713267078090e-01 9.399984752531006515e-01 2.888069608607633509e-01 2.776125178933821491e-01 -3.307636078364958321e-01 9.019571640092680642e-01 9.433651912215823554e-01 -8.365585756062680900e-02 -3.210355334254001991e-01 -4.088046585873089667e-01 1.510754259165856705e+00 1.696576780469407630e+00
1.583561772079066992e+09 1.977742681785618351e-01 9.407829435607240054e-01 2.753412286741019344e-01 2.882120371117694591e-01 -3.242824091433718636e-01 9.009854276578590504e-01 9.369200396757078053e-01 -9.883507715706470187e-02 -3.352796847587025120e-01 -4.088993452271248996e-01 1.512030984449044713e+00 1.704331272045682022e+00
1.583561772079077005e+09 2.136991067473745232e-01 9.411786622155300375e-01 2.617544991431278167e-01 2.990264929695654605e-01 -3.181037686176184098e-01 8.996627973642966625e-01 9.300085206668073923e-01 -1.139856062515329782e-01 -3.494158457899052550e-01 -4.088507005830724905e-01 1.513282906006305994e+00 1.712090231945577523e+00
1.583561772079086065e+09 2.293965468264247409e-01 9.411880937818339898e-01 2.480769974897708285e-01 3.100799285939898065e-01 -3.122607247739765390e-01 8.979664123532336006e-01 9.226199989279866287e-01 -1.290666964704461628e-01 -3.634750688490139825e-01 -4.086600431858588012e-01 1.514505020875348995e+00 1.719851753550197149e+00
1.583561772079094887e+09 2.448429270174246053e-01 9.408165776923983481e-01 2.343418624249921645e-01 3.214009052161078683e-01 -3.067892577560203393e-01 8.958693038158731525e-01 9.147422584803706069e-01 -1.440295758351078093e-01 -3.774944795218303506e-01 -4.083286070485831476e-01 1.515692303247700989e+00 1.727613946749966489e+00
1.583561772079103947e+09 2.600086299826568914e-01 9.400734698909434250e-01 2.205841875517231265e-01 3.330211054986026986e-01 -3.017266699843470512e-01 8.933408979669553718e-01 9.063622100795107883e-01 -1.588171529703374663e-01 -3.915158442472650990e-01 -4.078575907660396682e-01 1.516839696506621538e+00 1.735374923813867820e+00
1.583561772079113007e+09 2.748572392138293741e-01 9.389732179228211795e-01 2.068400211069517380e-01 3.449734433204177941e-01 -2.971096489045203515e-01 8.903477859798653027e-01 8.974668916944418262e-01 -1.733642200725942217e-01 -4.055835619763278332e-01 -4.072482089827039187e-01 1.517942112228608309e+00 1.743132788599593308e+00
1.583561772079122066e+09 2.893451744633635525e-01 9.375362657924259935e-01 1.931453354209452244e-01 3.572897210135140833e-01 -2.929720524336738019e-01 8.868547974830190972e-01 8.880447204415311546e-01 -1.875983130688670952e-01 -4.197421204312306586e-01 -4.065017450069354776e-01 1.518994436413967142e+00 1.750885629237542318e+00
1.583561772079130888e+09 3.034219264938558536e-01 9.357896527678437604e-01 1.795351234480475899e-01 3.699981434776067335e-01 -2.893426631342211897e-01 8.828262553760404252e-01 8.780868456911896658e-01 -2.014411807751976813e-01 -4.340333424363370107e-01 -4.056196024974585423e-01 1.519991542699032472e+00 1.758631514355784242e+00
1.583561772079139948e+09 3.170309574989962353e-01 9.337672153719175361e-01 1.660426443416112008e-01 3.831209133423032487e-01 -2.862430562754201269e-01 8.782273501557708029e-01 8.675884611817289427e-01 -2.148108481416007576e-01 -4.484936585721960300e-01 -4.046033538329634194e-01 1.520928311771263530e+00 1.766368492769420095e+00
1.583561772079149961e+09 3.301112014687163643e-01 9.315093346328564561e-01 1.526989011513955885e-01 3.966722423910817863e-01 -2.836858123624361183e-01 8.730254819009902745e-01 8.565498975590478681e-01 -2.276240751860384992e-01 -4.631517608967423705e-01 -4.034547826692052586e-01 1.521799655646393301e+00 1.774094596363664511e+00
1.583561772079159975e+09 3.425990000767668020e-01 9.290622385558542362e-01 1.395323700511617582e-01 4.106570119152426201e-01 -2.816732282782724028e-01 8.671914500869467579e-01 8.449773629728865032e-01 -2.397989774970009924e-01 -4.780268890860091546e-01 -4.021759180236252340e-01 1.522600544775103870e+00 1.781807845642524146e+00
1.583561772079169035e+09 3.544302693959160422e-01 9.264769229674155726e-01 1.265689361608041963e-01 4.250701628751490935e-01 -2.801965852791692968e-01 8.607004300562121069e-01 8.328832697279202613e-01 -2.512576069574722903e-01 -4.931278477107137181e-01 -4.007690584699860614e-01 1.523326035936198641e+00 1.789506257257112543e+00
1.583561772079183102e+09 3.655426556585725795e-01 9.238077946368804527e-01 1.138320065637586226e-01 4.398968259727344954e-01 -2.792359984430887732e-01 8.535326822918769540e-01 8.202861388652732400e-01 -2.619282649666960783e-01 -5.084527850562979845e-01 -3.992367855402557120e-01 1.523971298703588939e+00 1.797187852680333098e+00
1.583561772079196930e+09 3.758773476358784338e-01 9.211112004190452618e-01 1.013428648347409200e-01 4.551132143009488096e-01 -2.787608738862815128e-01 8.456738954387656992e-01 8.072101225343023545e-01 -2.717471837924772537e-01 -5.239897770123785881e-01 -3.975819665092725774e-01 1.524531638572081738e+00 1.804850667164761502e+00
1.583561772079214096e+09 3.853804610582222123e-01 9.184439704087463685e-01 8.912111820707815935e-02 4.706879636397477973e-01 -2.787307695590367507e-01 8.371152842072921985e-01 7.936842831602756165e-01 -2.806596365116246217e-01 -5.397179145924194676e-01 -3.958077481275710241e-01 1.525002515662172931e+00 1.812492758273642313e+00
1.583561772079231024e+09 3.940039734713653985e-01 9.158620647503309398e-01 7.718515074900197948e-02 4.865836775656602331e-01 -2.790965055597759981e-01 8.278535289402108033e-01 7.797417481635317005e-01 -2.886205453206557303e-01 -5.556086637410856399e-01 -3.939175436147278053e-01 1.525379558735648011e+00 1.820112213505929333e+00
1.583561772079248905e+09 4.017061766184436000e-01 9.134194039268657139e-01 6.555257777228151728e-02 5.027585411291299877e-01 -2.798014215887464351e-01 8.178905879556179759e-01 7.654188377607455962e-01 -2.955945825824020101e-01 -5.716273661953149565e-01 -3.919150152971893619e-01 1.525658574809904078e+00 1.827707156756822826e+00
1.583561772079267979e+09 4.084517560067676412e-01 9.111668988033766459e-01 5.424062864804389539e-02 5.191678194458317908e-01 -2.807826522678120718e-01 8.072334714969852110e-01 7.507542463911893726e-01 -3.015559400101942011e-01 -5.877346993368974815e-01 -3.898040546501181369e-01 1.525835554670930572e+00 1.835275753449203018e+00
1.583561772079284906e+09 4.142115817232257524e-01 9.091516819667383453e-01 4.326644195567537488e-02 5.357651642587422103e-01 -2.819723522391940351e-01 7.958940139285254345e-01 7.357883218272462944e-01 -3.064878659823411233e-01 -6.038880142068584478e-01 -3.875887610618561352e-01 1.525906674583749956e+00 1.842816214237011252e+00
1.583561772079301119e+09 4.189622507432965715e-01 9.074165453376512591e-01 3.264729630004617467e-02 5.525037164474059237e-01 -2.832988300407920934e-01 7.838886504326258997e-01 7.205624719374428278e-01 -3.103820007497642974e-01 -6.200425290900963837e-01 -3.852734207750423412e-01 1.525868294985391671e+00 1.850326797368794018e+00
1.583561772079317093e+09 4.226854677591929121e-01 9.059995591511033064e-01 2.240076827495577488e-02 5.693369798573842955e-01 -2.846875518361868251e-01 7.712382260133060496e-01 7.051187126357174595e-01 -3.132376045301055179e-01 -6.361523437303814310e-01 -3.828624868867447351e-01 1.525716956764826993e+00 1.857805809813365183e+00
