1.584057352423985958e+09 -8.335119986146996562e-02 -9.958040050357556128e-01 -3.777513782160754618e-02 -8.999901081892088817e-01 9.149891768227741418e-02 -4.261991943044061704e-01 4.278672488568752708e-01 -1.526963849834722664e-03 -9.038402988021840834e-01 5.340981478640252078e-01 -1.434131724186131773e-01 6.711547670559899759e-01
1.584057352424042940e+09 -8.424985893005851323e-02 -9.949611211422252355e-01 -5.435373663981806630e-02 -8.922903923155831585e-01 9.961115548520955987e-02 -4.403356373102010890e-01 4.435310778882246563e-01 1.140110166539791761e-02 -8.961864749202010927e-01 5.284176221709627752e-01 -1.449477819650040744e-01 6.774312744447676948e-01
1.584057352424076080e+09 -8.442477175748779039e-02 -9.939116222664428069e-01 -7.079650442234489138e-02 -8.843036556923928870e-01 1.074795590502196085e-01 -4.543734025189163916e-01 4.592161826894698429e-01 2.424523687108824654e-02 -8.879936182467459416e-01 5.224951885202432367e-01 -1.465706870857440558e-01 6.834569613128738119e-01
1.584057352424144030e+09 -8.388786112428112118e-02 -9.926647199365269403e-01 -8.706078652510026994e-02 -8.760276765942781596e-01 1.151049767779487171e-01 -4.683229165468585919e-01 4.749087666046459821e-01 3.698105075795131425e-02 -8.792576785497314695e-01 5.163410571153270734e-01 -1.482786233698839273e-01 6.892212968262440009e-01
1.584057352424189091e+09 -8.265352616251320228e-02 -9.912304424562083938e-01 -1.031048231753069755e-01 -8.674591741829887903e-01 1.224892536151654665e-01 -4.821939069251537369e-01 4.905945125455339895e-01 4.958419806499037019e-02 -8.699761097663735177e-01 5.099658633184942502e-01 -1.500681703103777243e-01 6.947142349663266714e-01
1.584057352424215078e+09 -8.073857738924392069e-02 -9.896196014919896866e-01 -1.188878734986692776e-01 -8.585938543666397083e-01 1.296351356756144657e-01 -4.959952871181134704e-01 5.062587039904763442e-01 6.203044367148751598e-02 -8.601478644358614423e-01 5.033806669620062291e-01 -1.519357505431905564e-01 6.999262668762958883e-01
1.584057352424247026e+09 -7.816227033822642500e-02 -9.878437413717472415e-01 -1.343703915648142844e-01 -8.494264785825444974e-01 1.365462854486010347e-01 -5.097349992047088829e-01 5.218863065645115151e-01 7.429572372446079098e-02 -8.497733983000894664e-01 4.965969503811793473e-01 -1.538776294540954437e-01 7.048484858125396713e-01
1.584057352424266100e+09 -7.494644959678586904e-02 -9.859150567189658432e-01 -1.495143157985687199e-01 -8.399509694172248020e-01 1.432274440086389045e-01 -5.234197820669311829e-01 5.374619974184334792e-01 8.635624018261732482e-02 -8.388546960673709529e-01 4.896266100945272925e-01 -1.558899170912718957e-01 7.094726612377780794e-01
1.584057352424283028e+09 -7.111577711474233177e-02 -9.838462627920588899e-01 -1.642835275872312206e-01 -8.301605695704191712e-01 1.496847463669671308e-01 -5.370548439747576674e-01 5.529701393176587043e-01 9.818863425084745078e-02 -8.273953209492628247e-01 4.824819382802215673e-01 -1.579685739384990850e-01 7.137913177403406584e-01
1.584057352424299955e+09 -6.669799186150586479e-02 -9.816504023826718717e-01 -1.786445224030670798e-01 -8.200480718534663982e-01 1.559261748906585199e-01 -5.506434307558362162e-01 5.683947024138749082e-01 1.097702850811686781e-01 -8.154004824519131001e-01 4.751755908954225505e-01 -1.601094219127420781e-01 7.177978126490596189e-01
1.584057352424333096e+09 -6.172408971149887652e-02 -9.793405852840922909e-01 -1.925672733507370615e-01 -8.096061266491355601e-01 1.619620649096757126e-01 -5.641863249171814587e-01 5.837191588791381669e-01 1.210797569641801630e-01 -8.028770989464687480e-01 4.677205409081984233e-01 -1.623081614064867395e-01 7.214864055971120793e-01
1.584057352424364090e+09 -5.622830068047029312e-02 -9.769296703572390994e-01 -2.060262055645389057e-01 -7.988276148713112645e-01 1.678055448882068423e-01 -5.776813488636807215e-01 5.989263894024799972e-01 1.320973818111929043e-01 -7.898338191022894472e-01 4.601300171425622421e-01 -1.645603944745678282e-01 7.248523139113992597e-01
1.584057352424379110e+09 -5.024781074233664047e-02 -9.744299015893074234e-01 -2.190011972690875108e-01 -7.877060796247924435e-01 1.734728502946480955e-01 -5.911229164344489195e-01 6.139986071961641700e-01 1.428059421040037968e-01 -7.762809886006031279e-01 4.524174307356743086e-01 -1.668616537209292872e-01 7.278917481362570108e-01
1.584057352424391031e+09 -4.382219569613945293e-02 -9.718525157009213489e-01 -2.314785149667207831e-01 -7.762361926303171789e-01 1.789834620886852079e-01 -6.045016902794525526e-01 6.289173144509855318e-01 1.531914097639041350e-01 -7.622305448878829992e-01 4.445962929626348648e-01 -1.692074357636902948e-01 7.306019241735318692e-01
1.584057352424401999e+09 -3.699257199276169417e-02 -9.692073460065524504e-01 -2.434515764281139361e-01 -7.644142320744067298e-01 1.843600349644215208e-01 -6.178043859598199017e-01 6.436632904093032570e-01 1.632436766180268839e-01 -7.476958409844669529e-01 4.366801287305676071e-01 -1.715932379281700504e-01 7.329810491162502828e-01
1.584057352424413919e+09 -2.980049158185971853e-02 -9.665024586864989775e-01 -2.549214154508611663e-01 -7.522385337504446934e-01 1.896280764472183245e-01 -6.310137724052359287e-01 6.582166201513987014e-01 1.729571911682318275e-01 -7.326914022843699081e-01 4.286823909689317369e-01 -1.740145964121467270e-01 7.350282807588610634e-01
1.584057352424427032e+09 -2.228666857962743886e-02 -9.637438476019768441e-01 -2.658967856405909380e-01 -7.397098891425615275e-01 1.948154046123679595e-01 -6.441088712567127894e-01 6.725567517387556205e-01 1.823314408871553882e-01 -7.172326410282782172e-01 4.206163812721203654e-01 -1.764671240346133707e-01 7.367436639354441041e-01
1.584057352424441099e+09 -1.448964878359115457e-02 -9.609352000368891478e-01 -2.763939062447487993e-01 -7.268318794671896343e-01 1.999514527784989337e-01 -6.570653205908361105e-01 6.866625583715634251e-01 1.913712566263956749e-01 -7.013355638135178038e-01 4.124951811867622053e-01 -1.789465459696995830e-01 7.381280481495006152e-01
1.584057352424459934e+09 -6.444503034897556930e-03 -9.580777734233556497e-01 -2.864357667153623610e-01 -7.136111022503826007e-01 2.050664055111865169e-01 -6.698559278508278148e-01 7.005124289594600873e-01 2.000868546501889667e-01 -6.850164870069064271e-01 4.043315974335390250e-01 -1.814487322034407657e-01 7.391829926820532304e-01
1.584057352424474001e+09 1.818334920348991905e-03 -9.551704032092369623e-01 -2.960509998163494694e-01 -7.000572660431960692e-01 2.101902197116493898e-01 -6.824513871323525382e-01 7.140843913147061350e-01 2.084935787299352361e-01 -6.682917848596235944e-01 3.961381228691064349e-01 -1.839697259396986806e-01 7.399106662042997939e-01
1.584057352424487114e+09 1.027397034662311248e-02 -9.522096508232353873e-01 -3.052723806921419092e-01 -6.861831367042482421e-01 2.153516009200582004e-01 -6.948211215018327280e-01 7.273562733881400177e-01 2.166113313315071176e-01 -6.511776890400043927e-01 3.879269134158995769e-01 -1.865057677103156564e-01 7.403137481621728799e-01
1.584057352424499035e+09 1.890359388625382359e-02 -9.491900900001783992e-01 -3.141350460943124756e-01 -6.720043251156336828e-01 2.205770101269247385e-01 -7.069342045979426503e-01 7.403059105296329045e-01 2.244637067542799569e-01 -6.336901476169494174e-01 3.797097796651269785e-01 -1.890533154793945236e-01 7.403953379775838339e-01
1.584057352424509048e+09 2.769460655475261546e-02 -9.461047213745021889e-01 -3.226745496032994431e-01 -6.575389100314377178e-01 2.258897722097280014e-01 -7.187603165220542989e-01 7.529114095054524336e-01 2.320768558147671412e-01 -6.158447389021165508e-01 3.714981908045596470e-01 -1.916090614414651949e-01 7.401588753495047524e-01
1.584057352424518108e+09 3.664032280159382898e-02 -9.429454429110298852e-01 -3.309250344705818025e-01 -6.428069649916315909e-01 2.313094269411603288e-01 -7.302706037953170526e-01 7.651514180240932550e-01 2.394782677038410079e-01 -5.976566462401786684e-01 3.633032881932858338e-01 -1.941699463578031859e-01 7.396080729807338328e-01
1.584057352424530029e+09 4.573930693637481837e-02 -9.397035469039811684e-01 -3.389176297245342639e-01 -6.278300079881157236e-01 2.368513367579899442e-01 -7.414384164222768137e-01 7.770054033735281918e-01 2.466955374809050305e-01 -5.791406693689533647e-01 3.551359058876156216e-01 -1.967331722563558372e-01 7.387468628560945882e-01
1.584057352424542904e+09 5.499442088339151491e-02 -9.363702133541249584e-01 -3.466791560158904995e-01 -6.126303983410036347e-01 2.425265522994589640e-01 -7.522398995396738508e-01 7.884539356876080207e-01 2.537551870875814353e-01 -5.603112495092695822e-01 3.470065952926215669e-01 -1.992962142899602496e-01 7.375793576538769436e-01
1.584057352424557924e+09 6.441168468875052566e-02 -9.329369643358262909e-01 -3.542312175012944930e-01 -5.972307198780048010e-01 2.483419280882804003e-01 -7.626544132099237761e-01 7.994789566402552561e-01 2.606816206221997390e-01 -5.411824928441083538e-01 3.389256510341365214e-01 -2.018568325161101684e-01 7.361098278635594960e-01
1.584057352424571037e+09 7.399906432671354839e-02 -9.293960481597904888e-01 -3.615897179743565171e-01 -5.816531941683725782e-01 2.543004594815470032e-01 -7.726647643204529459e-01 8.100640099359639468e-01 2.674962840366369443e-01 -5.217681840001632265e-01 3.309031352483759458e-01 -2.044130842465526898e-01 7.343426942603313856e-01
1.584057352424583912e+09 8.376531785052845902e-02 -9.257407180497052579e-01 -3.687648227139557200e-01 -5.659191851871230305e-01 2.604018000581266867e-01 -7.822572328619324944e-01 8.201943960815482049e-01 2.742171137479871290e-01 -5.020817933025641944e-01 3.229488979059240150e-01 -2.069633374151511052e-01 7.322825339048757431e-01
1.584057352424597025e+09 9.371901965741925855e-02 -9.219653848898933246e-01 -3.757613264032399480e-01 -5.500488469554203341e-01 2.666428921592006729e-01 -7.914214010406636080e-01 8.298572234538286185e-01 2.808583221604499247e-01 -4.821364864397735817e-01 3.150725912462090106e-01 -2.095062851632914225e-01 7.299340974533350401e-01
1.584057352424618959e+09 1.038678327125636819e-01 -9.180656519997902887e-01 -3.825793145830466147e-01 -5.340609294331524204e-01 2.730186260885738014e-01 -8.001498318833056844e-01 8.390413559423786083e-01 2.874304932116371059e-01 -4.619451424057409161e-01 3.072836771850805948e-01 -2.120409615563256245e-01 7.273023343663729268e-01
1.584057352424633980e+09 1.142180359932449402e-01 -9.140382622116267619e-01 -3.892149733348320706e-01 -5.179727213613998238e-01 2.795224531000446988e-01 -8.084376649684107408e-01 8.477372825235097720e-01 2.939409012489795914e-01 -4.415203804971668533e-01 2.995914277204366760e-01 -2.145667580325795187e-01 7.243924213179202543e-01
1.584057352424649954e+09 1.247742436477387029e-01 -9.098810067936317081e-01 -3.956613976614101746e-01 -5.018000684910631781e-01 2.861469055118198157e-01 -8.162822059371080963e-01 8.559369599366144499e-01 3.003939112951503065e-01 -4.208745878204553370e-01 2.920049187303371263e-01 -2.170834400105632056e-01 7.212097908366142951e-01
1.584057352424665928e+09 1.355392128805042173e-01 -9.055926455150339338e-01 -4.019092959385913710e-01 -4.855573919089088974e-01 2.928840191233182400e-01 -8.236825665910184613e-01 8.636336844608292207e-01 3.067913162595024557e-01 -4.000199336709924780e-01 2.845330171032511846e-01 -2.195911630515103852e-01 7.177601597199381178e-01
1.584057352424683094e+09 1.465136478341854953e-01 -9.011728675577616032e-01 -4.079475625335688416e-01 -4.692576516782957508e-01 2.997256875991003433e-01 -8.306393733358631293e-01 8.708220296597509735e-01 3.131325198249998998e-01 -3.789683597466789178e-01 2.771843608873830189e-01 -2.220904879448184210e-01 7.140495572735504615e-01
1.584057352424699068e+09 1.576959732616305121e-01 -8.966222881208468776e-01 -4.137637640768497271e-01 -4.529122561821647963e-01 3.066639868079011344e-01 -8.371545182319941603e-01 8.774978451358649290e-01 3.194145764379096586e-01 -3.577315475921503674e-01 2.699673318121165178e-01 -2.245823940462938484e-01 7.100843537573328090e-01
1.584057352424715042e+09 1.690820715538070840e-01 -8.919424705472440706e-01 -4.193445866041323744e-01 -4.365309280903045264e-01 3.136914983124339806e-01 -8.432309249003474561e-01 8.836583060780509591e-01 3.256321131608028718e-01 -3.363208661077548012e-01 2.628900198032860791e-01 -2.270682900984065666e-01 7.058712884641101803e-01
1.584057352424730062e+09 1.806650117521904630e-01 -8.871359540084359230e-01 -4.246762915859113585e-01 -4.201215598753564873e-01 3.208016449072158549e-01 -8.488722987316170698e-01 8.893019894600030506e-01 3.317771898900832017e-01 -3.147473078723483364e-01 2.559601790708152524e-01 -2.295500216804152727e-01 7.014174968889457240e-01
1.584057352424745083e+09 1.924348288090936832e-01 -8.822062614595542751e-01 -4.297452139393880266e-01 -4.036901085570261394e-01 3.279890286808316846e-01 -8.540828375043014731e-01 8.944289423511931902e-01 3.378391766914505268e-01 -2.930214288729394712e-01 2.491851760153894479e-01 -2.320298743305869160e-01 6.967305353945116853e-01
1.584057352424760103e+09 2.043784316462410600e-01 -8.771578619717540493e-01 -4.345383088520538006e-01 -3.872405884383477992e-01 3.352497376688572395e-01 -8.588668930981462335e-01 8.990407017175527926e-01 3.438047390236235179e-01 -2.711533110287956405e-01 2.425719294814763505e-01 -2.345105713394385616e-01 6.918184018203724639e-01
1.584057352424774885e+09 2.164797120874612235e-01 -8.719960701317085450e-01 -4.390437198394088747e-01 -3.707752101653839505e-01 3.425815709577904600e-01 -8.632285970518388529e-01 9.031402315157884830e-01 3.496580056511641721e-01 -2.491525663191705431e-01 2.361268437113304142e-01 -2.369952651983862346e-01 6.866895511244267558e-01
1.584057352424784899e+09 2.287199365480467039e-01 -8.667268676852259990e-01 -4.432513141086592556e-01 -3.542947136779375228e-01 3.499841128422366276e-01 -8.671714805152894723e-01 9.067317389869922195e-01 3.553810034196993595e-01 -2.270284033415267411e-01 2.298557348233794817e-01 -2.394875216798217354e-01 6.813529047463141586e-01
1.584057352424798965e+09 2.410785420236190579e-01 -8.613566279141383619e-01 -4.471531014375161872e-01 -3.377989562346912500e-01 3.574585522943394267e-01 -8.706981385988867839e-01 9.098203128879742696e-01 3.609544887392657220e-01 -2.047897832343557045e-01 2.237637526745927252e-01 -2.419912956038910157e-01 6.758178516069947017e-01
1.584057352424808979e+09 2.535343230288361061e-01 -8.558917680775743886e-01 -4.507434174609676325e-01 -3.212877156700482684e-01 3.650071928213832750e-01 -8.738100210854495842e-01 9.124113934004151050e-01 3.663591551015263348e-01 -1.824456594939413978e-01 2.178553008310869232e-01 -2.445108975562321207e-01 6.700942385493153797e-01
1.584057352424817085e+09 2.660668919605867488e-01 -8.503383806027147163e-01 -4.540187743666828646e-01 -3.047615985067841926e-01 3.726326634043433672e-01 -8.765074250917405108e-01 9.145101295661417495e-01 3.715770938030856230e-01 -1.600052695492931720e-01 2.121339570186373258e-01 -2.470509510507723772e-01 6.641923492887378266e-01
1.584057352424824953e+09 2.786582740176490880e-01 -8.447018919271277460e-01 -4.569773299598945959e-01 -2.882229334059608350e-01 3.803368794653614327e-01 -8.787897352487638036e-01 9.161206836336737158e-01 3.765933773903795134e-01 -1.374784387678587294e-01 2.066023957676020595e-01 -2.496163398024104085e-01 6.581228720214042927e-01
1.584057352424834013e+09 2.912945292800230845e-01 -8.389867841796578851e-01 -4.596179643839484186e-01 -2.716765591820451964e-01 3.881198075142665571e-01 -8.806559272538120320e-01 9.172455202417727493e-01 3.813976808896157311e-01 -1.148758660911550628e-01 2.012623159100594694e-01 -2.522121451022644734e-01 6.518968551903874253e-01
1.584057352424844027e+09 3.039672844738773860e-01 -8.331964127926012598e-01 -4.619389869670631477e-01 -2.551304276507206925e-01 3.959781055206139100e-01 -8.821053252510405729e-01 9.178847176292934673e-01 3.859858516304197629e-01 -9.220936766675376373e-02 1.961143758004134652e-01 -2.548435736507144722e-01 6.455256512192552032e-01
1.584057352424858093e+09 3.166750363787735889e-01 -8.273329520578385221e-01 -4.639365342100180145e-01 -2.385959562834456260e-01 4.039037322206415204e-01 -8.831385761841696880e-01 9.180353429910886875e-01 3.903613217757537779e-01 -6.949206776669905605e-02 1.911581390608141640e-01 -2.575158765737842193e-01 6.390208485252212300e-01
1.584057352424868107e+09 3.294241056675976109e-01 -8.213974910328633028e-01 -4.656027494882943873e-01 -2.220881063829129587e-01 4.118826114549804518e-01 -8.837587834841900136e-01 9.176909237915757966e-01 3.945362798361630174e-01 -4.673855245272441616e-02 1.863920338908783558e-01 -2.602342608156422155e-01 6.323941923365662410e-01
1.584057352424885035e+09 3.422291845219378459e-01 -8.153902862183213252e-01 -4.669238336209581286e-01 -2.056252240016871180e-01 4.198933873466493827e-01 -8.839727430854362744e-01 9.168410181251659408e-01 3.985325888862515931e-01 -2.396503871480025472e-02 1.818133297134451043e-01 -2.630037947901252560e-01 6.256574948341097064e-01
1.584057352424901009e+09 3.551134041568417832e-01 -8.093111764375993111e-01 -4.678780715981110117e-01 -1.892286953592507981e-01 4.279063051205190260e-01 -8.837922238240836226e-01 9.154709012534839596e-01 4.023824222456945376e-01 -1.189633385584365488e-03 1.774181352769620135e-01 -2.658293109695595846e-01 6.188225355946526118e-01
1.584057352424917936e+09 3.681078698354937062e-01 -8.031601564411421368e-01 -4.684339433384965834e-01 -1.729224955310093015e-01 4.358822257772985709e-01 -8.832352437442326787e-01 9.135613863915218458e-01 4.061286106123125905e-01 2.156721906699165733e-02 1.732014218132200412e-01 -2.687153087864549428e-01 6.119009542879554342e-01
1.584057352424932003e+09 3.812506317973144432e-01 -7.969380970256384478e-01 -4.685484236067189445e-01 -1.567327252375644853e-01 4.437717567719120515e-01 -8.823273092976069432e-01 9.110888039016045159e-01 4.098247154598484432e-01 4.428198285045881200e-02 1.691570733251814840e-01 -2.716658615931957788e-01 6.049041387936455738e-01
1.584057352424941063e+09 3.945850487165907250e-01 -7.906475929691222371e-01 -4.681655936338098845e-01 -1.406872226932665004e-01 4.515144869557325413e-01 -8.811025896234414567e-01 9.080251894640855026e-01 4.135348253802300644e-01 6.692685184755753358e-02 1.652779649631490877e-01 -2.746845317730479130e-01 5.978431125027896531e-01
1.584057352424949884e+09 4.081575073582609514e-01 -7.842939089430175370e-01 -4.672157034850301094e-01 -1.248153279783898173e-01 4.590383170909716481e-01 -8.796050007504012669e-01 9.043387546101576691e-01 4.173330658337475740e-01 8.946803380942638939e-02 1.615560704334086661e-01 -2.777742988272993707e-01 5.907284245771674547e-01
1.584057352424962997e+09 4.220145097269223378e-01 -7.778859809690347182e-01 -4.656148131157627490e-01 -1.091478729852144031e-01 4.662588512088903236e-01 -8.778891874794604311e-01 8.999947196533248928e-01 4.213028415311679820e-01 1.118634002507862824e-01 1.579825988108945756e-01 -2.809375059209706094e-01 5.835700473124224574e-01
1.584057352424976110e+09 4.361990684522308870e-01 -7.714374197793416599e-01 -4.632652372525229989e-01 -9.371740903363481867e-02 4.730789244629626245e-01 -8.760213344857342710e-01 8.949566581273927790e-01 4.255357077780786978e-01 1.340594699416254865e-01 1.545481591546833400e-01 -2.841758303889727610e-01 5.763772854988848948e-01
1.584057352424989939e+09 4.507463572714924260e-01 -7.649674335474625497e-01 -4.600571127798451232e-01 -7.855863397032633588e-02 4.793884452299484455e-01 -8.740796643383867970e-01 8.891885415570328632e-01 4.301296829943949684e-01 1.559877987939732868e-01 1.512429490340124194e-01 -2.874902832471531444e-01 5.691587030946091419e-01
1.584057352425004005e+09 4.656787524801989653e-01 -7.585015626075688466e-01 -4.558713404145960935e-01 -6.370897630211078133e-02 4.850646737974207978e-01 -8.721544751782890348e-01 8.826576152892766647e-01 4.351869043947928506e-01 1.775609540887168047e-01 1.480569608274807381e-01 -2.908812418541891209e-01 5.619220724911372367e-01
1.584057352425018072e+09 4.810005374168360714e-01 -7.520721137148824731e-01 -4.505840862460439578e-01 -4.920925985819910031e-02 4.899730579899210237e-01 -8.703475462074857782e-01 8.753381813619557361e-01 4.408105468537334981e-01 1.986683921368143368e-01 1.449801982263100864e-01 -2.943485189465324670e-01 5.546743511196624565e-01
1.584057352425030947e+09 4.966926918416563752e-01 -7.457182043458039367e-01 -4.440728876878186071e-01 -3.510435761686397232e-02 4.939687036626036476e-01 -8.687707429922879587e-01 8.672162671148021529e-01 4.471009723879168507e-01 2.191726865807368807e-01 1.420028938116586759e-01 -2.978914698068102496e-01 5.474216894536654276e-01
1.584057352425045013e+09 5.127082910142628513e-01 -7.394853847485918230e-01 -4.362242245330948398e-01 -2.144375290312283341e-02 4.968985031079100612e-01 -8.675436836677021812e-01 8.582950388926879892e-01 4.541511239151815871e-01 2.389066404697605117e-01 1.391157173213276865e-01 -3.015091374544908720e-01 5.401694734942802389e-01
1.584057352425057888e+09 5.289689954392947646e-01 -7.334248474205803392e-01 -4.269423790760067394e-01 -8.281895097275594753e-03 4.986040956629881338e-01 -8.667902664444666616e-01 8.486007377316372446e-01 4.620410684942248825e-01 2.576719599564661900e-01 1.363099633785851139e-01 -3.052004334658011686e-01 5.329224035907732526e-01
1.584057352425071955e+09 5.453631740093463076e-01 -7.275923128760667380e-01 -4.161591458554600442e-01 4.321708033940200103e-03 4.989257584214919494e-01 -8.666339541146460546e-01 8.381887205607452263e-01 4.708317255966357195e-01 2.752401767515158526e-01 1.335777078086131109e-01 -3.089643500137111420e-01 5.256846100501234575e-01
1.584057352425088882e+09 5.617461183970940963e-01 -7.220467016065571508e-01 -4.038438549314919968e-01 1.630275131623634688e-02 4.977074919538737041e-01 -8.671917162621445296e-01 8.271490305661108877e-01 4.805578145792737121e-01 2.913565995169934419e-01 1.309119222374214575e-01 -3.128001963267293961e-01 5.184598045878719974e-01
1.584057352425105095e+09 5.779427903855313131e-01 -7.168487181925674578e-01 -3.900128796182217306e-01 2.759284650431906988e-02 4.948035383507964347e-01 -8.685666890104059013e-01 8.156106705189142270e-01 4.912202903610150551e-01 3.057480342947403451e-01 1.283065378147705271e-01 -3.167078502360278769e-01 5.112514652124606762e-01
1.584057352425113916e+09 5.937534501025275580e-01 -7.120594983983999926e-01 -3.747373896917720049e-01 3.812077238788805916e-02 4.900863285277136661e-01 -8.708399378209263908e-01 8.037435207857253072e-01 5.027789388309995555e-01 3.181347064762205523e-01 1.257564507715896729e-01 -3.206880130175555066e-01 5.040630506501108110e-01
1.584057352425124884e+09 6.089622458678268790e-01 -7.077394138855972461e-01 -3.581478816655520037e-01 4.781439423235993302e-02 4.834556545540031336e-01 -8.740620194157454614e-01 7.917567598782732086e-01 5.151461463641568983e-01 3.282463725237307339e-01 1.232574654884689286e-01 -3.247424540414330929e-01 4.968982391275507671e-01
1.584057352425137043e+09 6.233484560885265147e-01 -7.039470636901518086e-01 -3.404338905207617838e-01 5.660337875738735702e-02 4.748484046961981009e-01 -8.782454384008501203e-01 7.798927873794152532e-01 5.281832296473729649e-01 3.358418022143869752e-01 1.208061740275237633e-01 -3.288742302984687393e-01 4.897611852010236300e-01
1.584057352425153017e+09 6.366995171650841057e-01 -7.007384119963252500e-01 -3.218375409980252511e-01 6.442274208229314958e-02 4.642476326345515991e-01 -8.833594092423483479e-01 7.684161861553164830e-01 5.417008524521224055e-01 3.407297335263430593e-01 1.183997744757395165e-01 -3.330878644914721520e-01 4.826567871477560057e-01
1.584057352425168037e+09 6.488243805748213910e-01 -6.981659495832051032e-01 -3.026404302391195178e-01 7.121711533750586798e-02 4.516893276411618752e-01 -8.893283273230744301e-01 7.575982085880599293e-01 5.554647226772948532e-01 3.427884131749047159e-01 1.160358348197646494e-01 -3.373894657413119003e-01 4.755909567220732992e-01
1.584057352425180912e+09 6.595654498274640121e-01 -6.962776182186497520e-01 -2.831446551900598796e-01 7.694550277784439896e-02 4.372653375412945409e-01 -8.960348286692546571e-01 7.476983395710415925e-01 5.692069069802337955e-01 3.419805404558480255e-01 1.137120132150400420e-01 -3.417867781189378174e-01 4.685708826044548414e-01
1.584057352425196886e+09 6.688075141806048007e-01 -6.951151933284279716e-01 -2.636501033198753174e-01 8.158614448564044386e-02 4.211212979573130677e-01 -9.033274895827615447e-01 7.389453362764121236e-01 5.826420173761139853e-01 3.383608570520583170e-01 1.114257493296029466e-01 -3.462891445128272738e-01 4.616052786884396464e-01
1.584057352425211906e+09 6.764826102856382750e-01 -6.947119771415211087e-01 -2.444310675799755139e-01 8.514084245707873033e-02 4.034490704932735539e-01 -9.110323180134667354e-01 7.315205499013396340e-01 5.954864535282432536e-01 3.320746433231063222e-01 1.091739446527207613e-01 -3.509073770096891587e-01 4.547046085821979666e-01
1.584057352425225973e+09 6.825704818031654852e-01 -6.950899271098596177e-01 -2.257155967195070001e-01 8.763792774641902816e-02 3.844741502740159356e-01 -9.189663875205473786e-01 7.255460915699541991e-01 6.074780827346196732e-01 3.233469468023553728e-01 1.069526518625036754e-01 -3.556535301092277335e-01 4.478812785514498795e-01
1.584057352425240040e+09 6.870952128277180160e-01 -6.962565123801867095e-01 -2.076705021866376566e-01 8.913317237320624031e-02 3.644396148647725542e-01 -9.269514791514615881e-01 7.210793618548847483e-01 6.183935931806482378e-01 3.124642664719438634e-01 1.047567938604727772e-01 -3.605405784002900793e-01 4.411497920701509257e-01
1.584057352425252914e+09 6.901192623330476561e-01 -6.982017140360740060e-01 -1.903937243582807803e-01 8.970821796822656125e-02 3.435888458252133737e-01 -9.348257274244440307e-01 7.181140852169521915e-01 6.280613596959254696e-01 2.997517123749193213e-01 1.025799319304556978e-01 -3.655820048320903015e-01 4.345268595412736801e-01
1.584057352425266981e+09 6.917363309385140546e-01 -7.008956133099720764e-01 -1.739143113823566900e-01 8.946644893813590627e-02 3.221493461049001472e-01 -9.424518838220671269e-01 7.165867728162761408e-01 6.363687123425856296e-01 2.855490482876197889e-01 1.004141002384216358e-01 -3.707913101600295858e-01 4.280314569599676933e-01
1.584057352425282001e+09 6.920642788802624512e-01 -7.042869409983133488e-01 -1.581990475262709528e-01 8.852660732574035851e-02 3.003195838241848881e-01 -9.497216367800833670e-01 7.163868184817873130e-01 6.432635947358361639e-01 2.701885896829172573e-01 9.824972069012102849e-02 -3.761814584324827959e-01 4.216848274306437272e-01
1.584057352425297022e+09 6.912389232937226069e-01 -7.083027759958033798e-01 -1.431639914273576952e-01 8.701478987607039195e-02 2.782601139407694935e-01 -9.565561851421332529e-01 7.173682298984791483e-01 6.487514828560286828e-01 2.539770387775197036e-01 9.607560816396339132e-02 -3.817642770188419132e-01 4.155104193646432242e-01
1.584057352425311089e+09 6.894090419654979041e-01 -7.128494410883315924e-01 -1.286889552265709225e-01 8.505564078962868368e-02 2.560894376439938891e-01 -9.629038051115108576e-01 7.193613214700922409e-01 6.528888682378077846e-01 2.371822398615214544e-01 9.387907153864991083e-02 -3.875498337561403828e-01 4.095337561063762122e-01
1.584057352425324917e+09 6.867323934751793368e-01 -7.178146363997832680e-01 -1.146331868314636737e-01 8.276356567444767554e-02 2.338844031680422375e-01 -9.687354015172348065e-01 7.221833644925773621e-01 6.557745296415569136e-01 2.200248947854473447e-01 9.164611079390211357e-02 -3.935458164310910445e-01 4.037822326835621145e-01
1.584057352425339937e+09 6.833723529978378286e-01 -7.230707706737065088e-01 -1.008508193153107857e-01 8.023480510610622729e-02 2.116845108449335322e-01 -9.740390361372097683e-01 7.256477128806363419e-01 6.575396022045528754e-01 2.026747846318113222e-01 8.936170526660235092e-02 -3.997569412068826544e-01 3.982848365713082539e-01
1.584057352425354958e+09 6.794947200631522577e-01 -7.284793895989183365e-01 -8.720495591951404890e-02 7.754113150352870409e-02 1.894991804622117026e-01 -9.788142998191642352e-01 7.295713113415058793e-01 6.583371776949887844e-01 1.852508087264488346e-01 8.701018372600591300e-02 -4.061844153033573046e-01 3.930717888263199344e-01
1.584057352425369978e+09 6.752643232610540114e-01 -7.338965510979275075e-01 -7.357952173258924811e-02 7.472577994319824779e-02 1.673168618444281219e-01 -9.830672029701690295e-01 7.337807244291610909e-01 6.583319223847360346e-01 1.678240996615341651e-01 8.457566302676139403e-02 -4.128254792451861444e-01 3.881741034246743993e-01
1.584057352425384045e+09 6.708411924508314028e-01 -7.391789332862178652e-01 -5.988822169704574594e-02 7.180201399362932946e-02 1.451148062394377047e-01 -9.868060416301307480e-01 7.381169048997032744e-01 6.576900467527527772e-01 1.504235257711219742e-01 8.204253856324666971e-02 -4.196730536376260257e-01 3.836230651914583345e-01
1.584057352425399065e+09 6.663762558930934610e-01 -7.441903707496327902e-01 -4.608012224880835006e-02 6.875447799301968865e-02 1.228683537782207236e-01 -9.900384787456069091e-01 7.424388913162626169e-01 6.565699199057692947e-01 1.330429740263709415e-01 7.939600648526888571e-02 -4.267155146082390327e-01 3.794496307490045628e-01
1.584057352425415039e+09 6.620067879003820321e-01 -7.488083422384560484e-01 -3.214155206197106401e-02 6.554318975531189806e-02 1.005587105221190936e-01 -9.927698806954238231e-01 7.466264816168979301e-01 6.551137399978370635e-01 1.156498362134137647e-01 7.662259445107631739e-02 -4.339366205384449504e-01 3.756837631940704858e-01
1.584057352425438881e+09 6.578520913912963008e-01 -7.529297590319168343e-01 -1.809430344820543365e-02 6.210967049069295032e-02 7.817841979944208097e-02 -9.950027756294842485e-01 7.505817841413043867e-01 6.534408256633089662e-01 9.819405620240105603e-02 7.371067409750033106e-02 -4.413156101189315006e-01 3.723537217177891878e-01
1.584057352425457001e+09 6.540099595349629924e-01 -7.564754116987033594e-01 -3.990529462606764999e-03 5.838440410490630672e-02 5.573411921003948444e-02 -9.967371615999747192e-01 7.542295633210733818e-01 6.516430460404831759e-01 8.061703518087602605e-02 7.065092668987084379e-02 -4.488274841073537358e-01 3.694853356572546099e-01
1.584057352425472975e+09 6.505544282381238164e-01 -7.593925400015858473e-01 1.009485466692329123e-02 5.429463528411760526e-02 3.324662628531289271e-02 -9.979713194381827357e-01 7.575163552559343039e-01 6.497827575677590506e-01 6.285968095030987357e-02 6.743673364350949440e-02 -4.564434725444357355e-01 3.671012998361623536e-01
1.584057352425488949e+09 6.475351751360096664e-01 -7.616552248651559109e-01 2.407312605842380770e-02 4.977150079106355124e-02 1.074882582370830994e-02 -9.987027888484114602e-01 7.604084393743142378e-01 6.478933408986486953e-01 4.486896643870824652e-02 6.406446602536351731e-02 -4.641316761586324335e-01 3.652205340590692906e-01
1.584057352425502062e+09 6.449786596364806002e-01 -7.632626331859162505e-01 3.785077801933642294e-02 4.475566050070435564e-02 -1.171785770483824672e-02 -9.989292380670078408e-01 7.628888906438251460e-01 6.459820776110730689e-01 2.660255512701559244e-02 6.053365309990338394e-02 -4.718578556430730320e-01 3.638576495186600646e-01
1.584057352425519943e+09 6.428907842019354613e-01 -7.642355047200535267e-01 5.133744164393282128e-02 3.920093726479902813e-02 -3.410750597482589686e-02 -9.986490697712167020e-01 7.649540679719701863e-01 6.440347594371640394e-01 8.031346812283526870e-03 5.684701926025974295e-02 -4.795863286737134801e-01 3.630225572130654221e-01
1.584057352425534964e+09 6.412606804095112301e-01 -7.646114724231651838e-01 6.445181146134347505e-02 3.307578900927628240e-02 -5.637345822928006844e-02 -9.978617265883401588e-01 7.666098955421978278e-01 6.420212842639949624e-01 -1.085995444565739619e-02 5.301038934891465909e-02 -4.872809254374584342e-01 3.627202408563632852e-01
1.584057352425551891e+09 6.400649646901092060e-01 -7.644400163120341762e-01 7.712523865859130523e-02 2.636292908897924087e-02 -7.847121602620579783e-02 -9.965677419154183037e-01 7.678683721492655101e-01 6.399013437382973235e-01 -3.007379817264482433e-02 4.903247204226074407e-02 -4.949059503155862072e-01 3.629507037018592785e-01
1.584057352425566912e+09 6.392719061840653749e-01 -7.637777089712538547e-01 8.930308641616298282e-02 1.905758079415939554e-02 -1.003602644716488079e-01 -9.947686293458557483e-01 7.687445860486548099e-01 6.376295386787460551e-01 -4.960174217688449044e-02 4.492453860611898137e-02 -5.024270992429399341e-01 3.637090870558352118e-01
1.584057352425582886e+09 6.388450486260759398e-01 -7.626842376682464453e-01 1.009443285152310937e-01 1.116499191934115440e-02 -1.220048619214706559e-01 -9.924667030304551441e-01 7.692544096736958492e-01 6.351594817695861428e-01 -6.942683859671897051e-02 4.070001970703805705e-02 -5.098122876892512423e-01 3.649859485594925679e-01
1.584057352425595999e+09 6.387460788543386503e-01 -7.612194027982944755e-01 1.120199426559987249e-01 2.697684760811861968e-03 -1.433739991933131452e-01 -9.896649023045248628e-01 7.694128730702143315e-01 6.324467702191362006e-01 -8.952604981228425018e-02 3.637404659962086700e-02 -5.170323526749475151e-01 3.667676785875413903e-01
1.584057352425609112e+09 6.389368666998824775e-01 -7.594411163943814991e-01 1.225106979101428378e-01 -6.327143908832147043e-03 -1.644408113415956330e-01 -9.863666594205484639e-01 7.692331555664383425e-01 6.294508799714860769e-01 -1.098723899903495393e-01 3.196296423636765804e-02 -5.240616029026324840e-01 3.690370259030933964e-01
1.584057352425623894e+09 6.393807336906929262e-01 -7.574042716516703466e-01 1.324048589364914263e-01 -1.588978201200015594e-02 -1.851817299568889741e-01 -9.825758198322216419e-01 7.687260839946513657e-01 6.261361642453598941e-01 -1.304366191379010831e-01 2.748384283825478988e-02 -5.308782027104015366e-01 3.717736994641508419e-01
1.584057352425638914e+09 6.400430983999959578e-01 -7.551602624309473599e-01 1.416961899162923477e-01 -2.596955937639873480e-02 -2.055756194529076430e-01 -9.782966046519462333e-01 7.679000027199500700e-01 6.224722023783084701e-01 -1.511884357044835370e-01 2.295401170193845861e-02 -5.374643874711196867e-01 3.749550111107544104e-01
1.584057352425653934e+09 6.408916898562849740e-01 -7.527569013171109269e-01 1.503824770166222735e-01 -3.654576146286676874e-02 -2.256030706532377028e-01 -9.735335956360761100e-01 7.667608813660260481e-01 6.184337491059381797e-01 -1.720972073432282534e-01 1.839063452241812904e-02 -5.438065177559804342e-01 3.785565268730986532e-01
1.584057352425669909e+09 6.418965271167622610e-01 -7.502385126655743974e-01 1.584645783442609479e-01 -4.759800617615005114e-02 -2.452459210559836400e-01 -9.682917267097942426e-01 7.653125363434365447e-01 6.140004986322828984e-01 -1.931323623752720098e-01 1.381034070937915519e-02 -5.498949883204715672e-01 3.825526973388112539e-01
1.584057352425683975e+09 6.430298134537587584e-01 -7.476460466371440683e-01 1.659459187763035470e-01 -5.910622501258352979e-02 -2.644870112112233107e-01 -9.625762697399585788e-01 7.635568827371626011e-01 6.091568023508840968e-01 -2.142635689428377954e-01 9.228921911796247185e-03 -5.557240129928321393e-01 3.869174443864504820e-01
1.584057352425705910e+09 6.442658389488469250e-01 -7.450171311594474544e-01 1.728322974548542057e-01 -7.105039986687061715e-02 -2.833101452869703496e-01 -9.563928075102881010e-01 7.614941690145633491e-01 6.038914106512690561e-01 -2.354608135130120961e-01 4.661098436056798980e-03 -5.612913086898706494e-01 3.916246889027330536e-01
1.584057352425723076e+09 6.455809351939297835e-01 -7.423860323356946678e-01 1.791318930509978036e-01 -8.341016938450808438e-02 -3.017002169497913222e-01 -9.497471888544202212e-01 7.591231782512235515e-01 5.981972568369707810e-01 -2.566944529129012165e-01 1.203564827349252325e-04 -5.665977038889260520e-01 3.966488083404750564e-01
1.584057352425738096e+09 6.469534891638403229e-01 -7.397835506215587609e-01 1.848552977048004420e-01 -9.616445748387025816e-02 -3.196434150374135585e-01 -9.426454711826869337e-01 7.564413922944731583e-01 5.920712672094022855e-01 -2.779353064481388524e-01 -4.381146609124128566e-03 -5.716466991622946026e-01 4.019650156599264279e-01
1.584057352425750971e+09 6.483639949471683428e-01 -7.372368895240025699e-01 1.900155224768756146e-01 -1.092911696754020195e-01 -3.371274682523595079e-01 -9.350938511090284289e-01 7.534451342254063766e-01 5.855141662476668341e-01 -2.991547941068773975e-01 -8.832615271162585699e-03 -5.764440061223511380e-01 4.075496567676181181e-01
1.584057352425762892e+09 6.497951260438898924e-01 -7.347695052649653169e-01 1.946280254827700007e-01 -1.227669083127419652e-01 -3.541419476597071903e-01 -9.270985746576773101e-01 7.501297090461886974e-01 5.785302542153207828e-01 -3.203250920012443159e-01 -1.322459530747604681e-02 -5.809970881823303124e-01 4.133804284777305993e-01
1.584057352425776005e+09 6.512318003711551340e-01 -7.324009977987084863e-01 1.987106454366215358e-01 -1.365668111443170685e-01 -3.706785397481520139e-01 -9.186658403713653387e-01 7.464895500139123730e-01 5.711271299768674314e-01 -3.414193215478324439e-01 -1.754891044137948247e-02 -5.853147236339160120e-01 4.194365218017713781e-01
1.584057352425789118e+09 6.526612062406152992e-01 -7.301470920747875626e-01 2.022833997250274018e-01 -1.506645463837656684e-01 -3.867312354047393597e-01 -9.098017069815129698e-01 7.425183797942301878e-01 5.633153428578332456e-01 -3.624117550114541730e-01 -2.179856662095461250e-02 -5.894066063403964328e-01 4.256986988905504532e-01
1.584057352425806046e+09 6.540727784239023235e-01 -7.280197075429661879e-01 2.053682204113614074e-01 -1.650323973521916621e-01 -4.022964537323966971e-01 -9.005120049947710203e-01 7.382093932955111626e-01 5.551079793566081610e-01 -3.832779968986816388e-01 -2.596763431193540098e-02 -5.932829935780582487e-01 4.321493143798631476e-01
1.584057352425818920e+09 6.554581256426073033e-01 -7.260271024070780177e-01 2.079886826260049226e-01 -1.796413889966618216e-01 -4.173731173431382557e-01 -8.908022520625986651e-01 7.335554627218744406e-01 5.465201986126769773e-01 -4.039951183133598800e-01 -3.005111774386202972e-02 -5.969544055974361774e-01 4.387722925969657628e-01
1.584057352425834894e+09 6.568109170240959971e-01 -7.241740748417635487e-01 2.101697613979730817e-01 -1.944614255590775276e-01 -4.319626916157630614e-01 -8.806775726807019034e-01 7.285493622591006080e-01 5.375687327041346331e-01 -4.245417345473789239e-01 -3.404481873762796318e-02 -6.004313780775359932e-01 4.455530711926661835e-01
1.584057352425862074e+09 6.581267364610741133e-01 -7.224622052243053760e-01 2.119376341723401280e-01 -2.094614248610940643e-01 -4.460691933366572326e-01 -8.701426240866038109e-01 7.231840085696531473e-01 5.282713666103883154e-01 -4.448980253614184255e-01 -3.794520093034570857e-02 -6.037242651808557570e-01 4.524785211343113067e-01
1.584057352425879002e+09 6.594029116212564157e-01 -7.208901300941534807e-01 2.133195267182147747e-01 -2.246094505349304216e-01 -4.596991637330026248e-01 -8.592015325840330897e-01 7.174527126413233757e-01 5.186464105708273875e-01 -4.650457030522614499e-01 -4.174925901465290773e-02 -6.068430896766008331e-01 4.595368509278602853e-01
1.584057352425900936e+09 6.606383245749393174e-01 -7.194538378135973966e-01 2.143436011621107640e-01 -2.398728416283155418e-01 -4.728616039629008894e-01 -8.478578438323055577e-01 7.113494387096488403e-01 5.087121767315088139e-01 -4.849679342949659300e-01 -4.545439711088813950e-02 -6.097974366297836957e-01 4.667175005771909690e-01
1.584057352425919056e+09 6.618331831051529335e-01 -7.181470399401300719e-01 2.150387564304847010e-01 -2.552184409183539393e-01 -4.855677732391172063e-01 -8.361145166829639930e-01 7.048690553263315950e-01 4.984864758635145776e-01 -5.046492328601195343e-01 -4.905831946768001578e-02 -6.125963861728568327e-01 4.740110298134242450e-01
