1.584057356258430958e+09 6.228108791408127898e-01 -6.578135306905462665e-01 -4.235421677075028035e-01 -2.579509859167244401e-01 3.384349995263339350e-01 -9.049436668120490745e-01 7.386256818696559368e-01 6.728618803995110031e-01 4.109735077145108828e-02 1.096794563755882218e-01 -3.472353529254715854e-01 4.965472589080358046e-01
1.584057356258481026e+09 6.397945819234588383e-01 -6.439067842011022558e-01 -4.195794875395521539e-01 -2.605627861246502808e-01 3.318716966015419212e-01 -9.066246255341203764e-01 7.230283034956511701e-01 6.893803234910824695e-01 4.455156765897082954e-02 1.052855360794777706e-01 -3.542263295086388597e-01 4.874766088363781669e-01
1.584057356258507967e+09 6.560089551508275774e-01 -6.302906012107295508e-01 -4.151939413719560878e-01 -2.641704176639765311e-01 3.235640297180073510e-01 -9.085814818976925000e-01 7.070121932614494842e-01 7.057195454747072771e-01 4.575676966421993869e-02 1.009411774715632953e-01 -3.613194601812906859e-01 4.784615643312190580e-01
1.584057356258531094e+09 6.714437830051301903e-01 -6.169629980681491377e-01 -4.105117604234374551e-01 -2.684712716743719585e-01 3.138057226141125478e-01 -9.107409867161667671e-01 6.907144292524036722e-01 7.217219877784222248e-01 4.506606083016533731e-02 9.663825598332398403e-02 -3.685134177716650195e-01 4.695067431291400362e-01
1.584057356258550882e+09 6.861478993029938023e-01 -6.038707596280922241e-01 -4.056367415794758791e-01 -2.732055175693102744e-01 3.028779023976422846e-01 -9.130299675012413241e-01 6.742105054669825792e-01 7.372957900916465857e-01 4.283821302434905748e-02 9.236924851689684579e-02 -3.758082379713377219e-01 4.606175274462740998e-01
1.584057356258570910e+09 7.002089486601723589e-01 -5.909178515828295009e-01 -4.006538669126115670e-01 -2.781511645908545383e-01 2.910503371724717514e-01 -9.153805935335184163e-01 6.575251767700200922e-01 7.524000226631843979e-01 3.943156198303931353e-02 8.812690549394455730e-02 -3.832054435668781345e-01 4.518004498659432544e-01
1.584057356258588076e+09 7.137384469545895449e-01 -5.779715363619792878e-01 -3.956340893731372654e-01 -2.831161589823448232e-01 2.785875142790090742e-01 -9.177332060919922707e-01 6.406423886223507891e-01 7.670318769421181626e-01 3.520553838793884227e-02 8.390384983168386324e-02 -3.907080830090834400e-01 4.430635634453193306e-01
1.584057356258600950e+09 7.268602935470960258e-01 -5.648670230752987909e-01 -3.906396806420565637e-01 -2.879299270276029499e-01 2.657585936702902552e-01 -9.200373509645087822e-01 6.235146117212109207e-01 7.812154736992870108e-01 3.052724865699711285e-02 7.969211980104792814e-02 -3.983206668679943885e-01 4.344167791172235948e-01
1.584057356258615971e+09 7.397004308206570622e-01 -5.514122875325352391e-01 -3.857301673369536998e-01 -2.924362332804633091e-01 2.528506714150560719e-01 -9.222513689837731343e-01 6.060728688521139773e-01 7.949912121225158890e-01 2.578081821427125747e-02 7.548267880219321213e-02 -4.060489896418479905e-01 4.258721541611144024e-01
1.584057356258626938e+09 7.523753475446595118e-01 -5.373952963676884576e-01 -3.809693321627716234e-01 -2.964891182514743373e-01 2.401849876353578106e-01 -9.243405079522164502e-01 5.882393555551765907e-01 8.084042722556032956e-01 2.137740596295593584e-02 7.126492019420746504e-02 -4.138998292578668914e-01 4.174441169250173167e-01
1.584057356258639097e+09 7.649429392857840515e-01 -5.226378670324599574e-01 -3.764464899294415190e-01 -2.999448951573163158e-01 2.281686077793744216e-01 -9.262678589162984810e-01 5.699959296008187959e-01 8.214552614813085407e-01 1.777340524377616152e-02 6.702619910483778587e-02 -4.218805227015602344e-01 4.091496152749763970e-01
1.584057356258650064e+09 7.764186273054193288e-01 -5.090637391423238345e-01 -3.715214998667176194e-01 -3.039219027275931184e-01 2.139866636047204340e-01 -9.283540192243771028e-01 5.520920144943520791e-01 8.337048743650947724e-01 1.142761139677739290e-02 6.275469902077254747e-02 -4.299903251185100417e-01 4.009983961190581869e-01
1.584057356258661985e+09 7.867596411921494726e-01 -4.968571787923890537e-01 -3.662542983683321207e-01 -3.082220023402375553e-01 1.978579812180947251e-01 -9.305113737671184548e-01 5.347975920988415899e-01 8.449764277207936214e-01 2.524359774935503245e-03 5.843621747715822823e-02 -4.382362892632404305e-01 3.930101688802461468e-01
1.584057356258671999e+09 7.959744866098429350e-01 -4.861408306989281614e-01 -3.606822834478621287e-01 -3.126546421323323499e-01 1.800395872818728593e-01 -9.326482841525906009e-01 5.183355010675115837e-01 8.551332293825397723e-01 -8.687269402177110258e-03 5.405418438952007409e-02 -4.466250431859967174e-01 3.852073760738531916e-01
1.584057356258681059e+09 8.041171011773889932e-01 -4.769683285913272064e-01 -3.548195334454955496e-01 -3.170461013618698365e-01 1.608069214367469357e-01 -9.346779679641379346e-01 5.028692249984634266e-01 8.640846878613954729e-01 -2.191335354767191129e-02 4.958957461866524835e-02 -4.551621110815436966e-01 3.776150962266976996e-01
1.584057356258691072e+09 8.112778930260285959e-01 -4.693231528176808887e-01 -3.486602339185387311e-01 -3.212461581394186472e-01 1.404344108997589713e-01 -9.365250035552689090e-01 4.884967619247617687e-01 8.717877922545960168e-01 -3.683692679453138413e-02 4.502096043352829535e-02 -4.638511924562390143e-01 3.702608721869101727e-01
1.584057356258702040e+09 8.175732709967544753e-01 -4.631231892682272644e-01 -3.421854151089785412e-01 -3.251322659358459322e-01 1.191788715662172871e-01 -9.381286726179520752e-01 4.752504144555481647e-01 8.782444468344323685e-01 -5.313883208255039403e-02 4.032471473301577070e-02 -4.726934278750521967e-01 3.631744675234682140e-01
1.584057356258712053e+09 8.231350660258341945e-01 -4.582297325246009745e-01 -3.353716975367614928e-01 -3.286117188475545237e-01 9.726738599334351643e-02 -9.394431297456876662e-01 4.631015024311439521e-01 8.834956525728446808e-01 -7.051546384791346211e-02 3.547536866437688702e-02 -4.816866822290140071e-01 3.563875535881104728e-01
1.584057356258722067e+09 8.281008024985740956e-01 -4.544594387595595197e-01 -3.282006697482113267e-01 -3.316224196156716264e-01 7.489031174876045749e-02 -9.404350122059025319e-01 4.519686183211407693e-01 8.876136884885694744e-01 -8.869221144712544080e-02 3.044611884209148800e-02 -4.908248789138968671e-01 3.499333309775434220e-01
1.584057356258732080e+09 8.326052745608891748e-01 -4.515979664270471927e-01 -3.206676374253451534e-01 -3.341327388299238366e-01 5.219918902288701174e-02 -9.410794640601090055e-01 4.417281628463203824e-01 8.906932814661413511e-01 -1.074323452703040693e-01 2.520947104250557264e-02 -5.000974186930066123e-01 3.438460895826336294e-01
1.584057356258739948e+09 8.367735903264915676e-01 -4.494142464014578287e-01 -3.127887367907183358e-01 -3.361406963351302180e-01 2.930877721252001661e-02 -9.413556331238135400e-01 4.322260878687117502e-01 8.928425566554031301e-01 -1.265416069976114388e-01 1.973799951035826866e-02 -5.094887156928330496e-01 3.381607116827616277e-01
1.584057356258754015e+09 8.407157020935043246e-01 -4.476745334191603032e-01 -3.046056804804759821e-01 -3.376724558796752595e-01 6.302125286232286572e-03 -9.412425808076049227e-01 4.232899963703651292e-01 8.941743653284204285e-01 -1.458690634544517473e-01 1.400519612124156467e-02 -5.189778795145022494e-01 3.329121197577017965e-01
1.584057356258769035e+09 8.445223990402573877e-01 -4.461555633853021008e-01 -2.961876617606521434e-01 -3.387799635500277073e-01 -1.676255438971912051e-02 -9.407162979536757286e-01 4.147409481215719174e-01 8.947984299810809450e-01 -1.653049181524802458e-01 7.986378310960051685e-03 -5.285385698620143069e-01 3.281346712575053393e-01
1.584057356258785009e+09 8.482627554877646414e-01 -4.446562415042939476e-01 -2.876301874685450732e-01 -3.395375070889490865e-01 -3.984441229605052703e-02 -9.397482132235737140e-01 4.064044526865682738e-01 8.948146455920977793e-01 -1.847760027200651134e-01 1.659619836263910748e-03 -5.381390466984776744e-01 3.238615045582818319e-01
1.584057356258797884e+09 8.519830564693200436e-01 -4.430073237991137836e-01 -2.790508605060251779e-01 -3.400370278076507158e-01 -6.291293942312993492e-02 -9.383052711890601527e-01 3.981201972259071353e-01 8.943078180243911879e-01 -2.042396521051760561e-01 -4.993336069979367915e-03 -5.477424343653547467e-01 3.201238442004537554e-01
1.584057356258806944e+09 8.557072387248496614e-01 -4.410785023666412563e-01 -2.705824764161653961e-01 -3.403822180128537322e-01 -8.594219787328478966e-02 -9.363513680524284677e-01 3.897500063934921655e-01 8.933441070722268895e-01 -2.236766397869579537e-01 -1.198622600226823334e-02 -5.573072115852191200e-01 3.169502801082282883e-01
1.584057356258816957e+09 8.594388236740908571e-01 -4.387823202177378312e-01 -2.623642201704423083e-01 -3.406817489457698578e-01 -1.089067899185549998e-01 -9.338496973352736763e-01 3.811834919366794416e-01 8.919693867166952339e-01 -2.430838516767167834e-01 -1.932752810971784252e-02 -5.667879291282772458e-01 3.143660471174071769e-01
1.584057356258826971e+09 8.631641607871427535e-01 -4.360746175507992928e-01 -2.545320405374587036e-01 -3.410422096570078221e-01 -1.317797032070680552e-01 -9.307654490918846335e-01 3.723410304974081320e-01 8.902095472505916485e-01 -2.624673680723202396e-01 -2.701988561562108926e-02 -5.761361424482358551e-01 3.123923385174876555e-01
1.584057356258836985e+09 8.668566311785840250e-01 -4.329515793806746338e-01 -2.472094478233115011e-01 -3.415614948886134261e-01 -1.545318323813858474e-01 -9.270683136417737780e-01 3.631739616451068464e-01 8.880725437473080408e-01 -2.818365322948219731e-01 -3.505973653472067852e-02 -5.853015297857748767e-01 3.110456930335557812e-01
1.584057356258847952e+09 8.704813198982102040e-01 -4.294438865270915895e-01 -2.404999381130629721e-01 -3.423233942875081315e-01 -1.771327217210183491e-01 -9.227343565661131342e-01 3.536622197187473393e-01 8.855517757223324571e-01 -3.011994142912935990e-01 -4.343718458686003647e-02 -5.942331481413304362e-01 3.103374984355890542e-01
1.584057356258857965e+09 8.739996000308541957e-01 -4.256088711834007943e-01 -2.344819569082216282e-01 -3.433939761672405444e-01 -1.995519498927920132e-01 -9.177470221113945836e-01 3.438099424120502068e-01 8.826302217396813088e-01 -3.205598469571164233e-01 -5.213613005382729260e-02 -6.028807636034934081e-01 3.102736511036258138e-01
1.584057356258868933e+09 8.773731193678563356e-01 -4.215218267559896481e-01 -2.292068043898822516e-01 -3.448200348854089103e-01 -2.217606058609008779e-01 -9.120972411964236581e-01 3.336398554946652384e-01 8.792846999238468353e-01 -3.399159655210619579e-01 -6.113465808778328903e-02 -6.111961834597469112e-01 3.108543986677776427e-01
1.584057356258881092e+09 8.805668058206163051e-01 -4.172676107034994364e-01 -2.246994475833907490e-01 -3.466296160000353899e-01 -2.437324265971466120e-01 -9.057827629763275379e-01 3.231872677247887848e-01 8.754897175557452282e-01 -3.592599960272972459e-01 -7.040566070873441329e-02 -6.191345174559887976e-01 3.120743763970705298e-01
1.584057356258892059e+09 8.835507458084991272e-01 -4.129335005356623012e-01 -2.209615439759151367e-01 -3.488341414903324833e-01 -2.654443984710883608e-01 -8.988069944205598905e-01 3.124945144022600041e-01 8.712205207166958676e-01 -3.785788993874480979e-01 -7.991765204516509957e-02 -6.266553027292393052e-01 3.139228329369261328e-01
1.584057356258902073e+09 8.863009871788679606e-01 -4.086038369945499404e-01 -2.179758351714856102e-01 -3.514315705545682511e-01 -2.868768010703170446e-01 -8.911776211247154356e-01 3.016063851471667556e-01 8.664551954153619784e-01 -3.978554801519920137e-01 -8.963572541691533502e-02 -6.337234386697740973e-01 3.163840290191194393e-01
1.584057356258910894e+09 8.887994900328953785e-01 -4.043565736254347009e-01 -2.157109827588171713e-01 -3.544099356061378159e-01 -3.080128197217464336e-01 -8.829052613950195694e-01 2.905667983060116755e-01 8.611758615481627244e-01 -4.170696243072130049e-01 -9.952259519056996795e-02 -6.403098921044936276e-01 3.194377839399089036e-01
1.584057356258923054e+09 8.910334840887930152e-01 -4.002615385994921504e-01 -2.141262037915139804e-01 -3.577508087218868593e-01 -3.288378821544214459e-01 -8.740022919233829679e-01 2.794166947534947321e-01 8.553691298131420595e-01 -4.361994529644976359e-01 -1.095396646416478131e-01 -6.463921503129043122e-01 3.230601362946199373e-01
1.584057356258934975e+09 8.929945114857956723e-01 -3.963800265652784871e-01 -2.131752265061902796e-01 -3.614323326100794542e-01 -3.493388878931866226e-01 -8.644819318631733474e-01 2.681929745807793419e-01 8.490260397676510085e-01 -4.552222671319572367e-01 -1.196480641906239734e-01 -6.519544168665802886e-01 3.272240804856159646e-01
1.584057356258948088e+09 8.946774002204043175e-01 -3.927652535561132474e-01 -2.128093168389759426e-01 -3.654315907180418765e-01 -3.695034719178780791e-01 -8.543576165249603394e-01 2.569282044716201807e-01 8.421416983478201557e-01 -4.741152370063897448e-01 -1.298096114904409570e-01 -6.569875614281480702e-01 3.319003390516533369e-01
1.584057356258963108e+09 8.960793512408762318e-01 -3.894632201160477258e-01 -2.129793338711067907e-01 -3.697262269674765900e-01 -3.893194022590952263e-01 -8.436426496362725569e-01 2.456507960167698401e-01 8.347148036643984303e-01 -4.928558443100971576e-01 -1.399876547719602904e-01 -6.614888492948055587e-01 3.370581316396513150e-01
1.584057356258980036e+09 8.971992481578008327e-01 -3.865136111413406961e-01 -2.136369296427195197e-01 -3.742953404480426904e-01 -4.087741676522418932e-01 -8.323500934987612121e-01 2.343853822963402056e-01 8.267471853693502126e-01 -5.114221195455300739e-01 -1.501477727172938204e-01 -6.654614849563430523e-01 3.426659075906959839e-01
1.584057356258995056e+09 8.980372020415409162e-01 -3.839505225274949529e-01 -2.147351396485329966e-01 -3.791198150770470066e-01 -4.278547551311540631e-01 -8.204928241586892934e-01 2.231531979925397979e-01 8.182434265023289521e-01 -5.297927382686711262e-01 -1.602583157904414746e-01 -6.689140112402492955e-01 3.486920143690871998e-01
1.584057356259006023e+09 8.985942996483066159e-01 -3.818029289231305579e-01 -2.162286019584345187e-01 -3.841822559539603277e-01 -4.465475964317226487e-01 -8.080836828568394026e-01 2.119723544648631497e-01 8.092105831220453016e-01 -5.479470352293992486e-01 -1.702907848716307126e-01 -6.718596059909860418e-01 3.551052832375691803e-01
1.584057356259018898e+09 8.988724984588571942e-01 -3.800949036396517600e-01 -2.180736021188865448e-01 -3.894666940302716762e-01 -4.648386502860446523e-01 -7.951356636509739895e-01 2.008579746036949498e-01 7.996579854384427977e-01 -5.658649844913707927e-01 -1.802200514595087566e-01 -6.743153151408644019e-01 3.618755224858362096e-01
1.584057356259035110e+09 8.988746183249706201e-01 -3.788456401260317241e-01 -2.202280674397488758e-01 -3.949581686275792647e-01 -4.827135936242169523e-01 -7.816620956225515116e-01 1.898221951477240266e-01 7.895970920247658009e-01 -5.835271774357384533e-01 -1.900244305424927671e-01 -6.763012597733473186e-01 3.689739136130926189e-01
1.584057356259051085e+09 8.986043526101327172e-01 -3.780694059244057992e-01 -2.226516156997337126e-01 -4.006423266202625566e-01 -5.001580691465921102e-01 -7.676767758348247428e-01 1.788741004014920144e-01 7.790413534694623499e-01 -6.009148243310463711e-01 -1.996856238613761436e-01 -6.778398545193069502e-01 3.763733089766099771e-01
1.584057356259063005e+09 8.980662730654612735e-01 -3.777754985634040330e-01 -2.253056636374118071e-01 -4.065050691378820358e-01 -5.171579667680215042e-01 -7.531940429543159121e-01 1.680196362047068903e-01 7.680060613923657131e-01 -6.180097829525118547e-01 -2.091885559312554876e-01 -6.789550687057731571e-01 3.840484351174366373e-01
1.584057356259078026e+09 8.972658541348831340e-01 -3.779681824860783301e-01 -2.281535452965388067e-01 -4.125321868388338031e-01 -5.336997541018225766e-01 -7.382288042754222568e-01 1.572615084096115334e-01 7.565081795588876057e-01 -6.347946065807575922e-01 -2.185211275034862344e-01 -6.796717544389284660e-01 3.919760104904298492e-01
1.584057356259094954e+09 8.962094620188031380e-01 -3.786467295734975980e-01 -2.311606683042611576e-01 -4.187090771239636022e-01 -5.497707998995581269e-01 -7.227964972799015841e-01 1.465991443445183728e-01 7.445661300371634317e-01 -6.512526154954958457e-01 -2.276739122327129938e-01 -6.800150599840766308e-01 4.001347882720556193e-01
1.584057356259107113e+09 8.949042887595569651e-01 -3.798056260507309267e-01 -2.342946874762093235e-01 -4.250205741118520675e-01 -5.653596515682426382e-01 -7.069129904935705921e-01 1.360287680634826024e-01 7.321995295231840117e-01 -6.673679821027873604e-01 -2.366398207395947195e-01 -6.800099382977956575e-01 4.085055373605712692e-01
1.584057356259119034e+09 8.933582658627063910e-01 -3.814348957600389167e-01 -2.375256392706206476e-01 -4.314508313980647269e-01 -5.804562739581223818e-01 -6.905944499319901508e-01 1.255435745034962358e-01 7.194288947157817526e-01 -6.831258131996630345e-01 -2.454137526814550996e-01 -6.796807524406298651e-01 4.170709758689534752e-01
1.584057356259130001e+09 8.915799830270052517e-01 -3.835204922203949152e-01 -2.408260079646749596e-01 -4.379832191097065008e-01 -5.950522555877005848e-01 -6.738571904094997622e-01 1.151339821305592676e-01 7.062753325704118623e-01 -6.985122197013460266e-01 -2.539922531281469387e-01 -6.790509736513873351e-01 4.258156708695846615e-01
1.584057356259145021e+09 8.895786287689251282e-01 -3.860447203213576706e-01 -2.441707135370955739e-01 -4.446002139516038176e-01 -6.091409870227902923e-01 -6.567175251593222463e-01 1.047879439064733492e-01 6.927602269681479852e-01 -7.135143691991642223e-01 -2.623731857206065277e-01 -6.781429646950996037e-01 4.347259161248386294e-01
1.584057356259155035e+09 8.873639606194416718e-01 -3.889866621294378879e-01 -2.475370240565783475e-01 -4.512832763635864497e-01 -6.227178127766943572e-01 -6.391916225150738873e-01 9.449130152395737725e-02 6.789049289566844170e-01 -7.281205200277047762e-01 -2.705554306652179775e-01 -6.769778379402581203e-01 4.437895980039551769e-01
1.584057356259166002e+09 8.849463028842725620e-01 -3.923225987463065945e-01 -2.509044035564386710e-01 -4.580127241815616368e-01 -6.357801518949468544e-01 -6.212953750934568919e-01 8.422817636420915077e-02 6.647304545397902942e-01 -7.423200370624998268e-01 -2.785386129842473690e-01 -6.755753776633082186e-01 4.529960569936233306e-01
1.584057356259179115e+09 8.823365702295541402e-01 -3.960264192468879174e-01 -2.542543063423821081e-01 -4.647676097797375783e-01 -6.483275850215355351e-01 -6.030442865727769775e-01 7.398138906935197712e-02 6.502571937161154558e-01 -7.561033900218931958e-01 -2.863228653826137560e-01 -6.739540175201703676e-01 4.623359492725470643e-01
1.584057356259187937e+09 8.795462502372209945e-01 -4.000701305086642456e-01 -2.575699605311826401e-01 -4.715257181834873190e-01 -6.603618334681217172e-01 -5.844533738104893406e-01 6.373296617704306277e-02 6.355046339657793864e-01 -7.694621300240084283e-01 -2.939086281620809094e-01 -6.721308638200936825e-01 4.718011114760191638e-01
1.584057356259200096e+09 8.765872839057757826e-01 -4.044245579672752777e-01 -2.608361761858961070e-01 -4.782637896134461775e-01 -6.718865568850759251e-01 -5.655370919665653195e-01 5.346476812740823953e-02 6.204911214565040911e-01 -7.823888336840703062e-01 -3.012964854519476487e-01 -6.701217538963872844e-01 4.813844315624422610e-01
1.584057356259219885e+09 8.734719137123244659e-01 -4.090600716857472063e-01 -2.640391522251803180e-01 -4.849578396140892256e-01 -6.829070510281103346e-01 -5.463093021551267414e-01 4.315912352365305210e-02 6.052336884398579198e-01 -7.948770173712047526e-01 -3.084870343688198568e-01 -6.679413387906169008e-01 4.910797282645393280e-01
1.584057356259231091e+09 8.702123882603598481e-01 -4.139475060473281065e-01 -2.671663559563756118e-01 -4.915837571879940193e-01 -6.934297287078539096e-01 -5.267832772415843579e-01 3.279953013464479566e-02 5.897479748104950126e-01 -8.069210105956181600e-01 -3.154807837799161740e-01 -6.656031820015189115e-01 5.008816400120879031e-01
1.584057356259239912e+09 8.668204584787424505e-01 -4.190593329797216993e-01 -2.702065291677906989e-01 -4.981182724499951808e-01 -7.034613216789941115e-01 -5.069717504174877654e-01 2.237140145879461944e-02 5.740482946179435997e-01 -8.185157763621832006e-01 -3.222780803872407063e-01 -6.631198685466278553e-01 5.107855228375443035e-01
1.584057356259248972e+09 8.633066879506847702e-01 -4.243709808546511364e-01 -2.731498368070006677e-01 -5.045402245235139915e-01 -7.130078553775969219e-01 -4.868870096602478936e-01 1.186273854055389619e-02 5.581478916789849309e-01 -8.296566800547140463e-01 -3.288790588492590539e-01 -6.605031188382120000e-01 5.207873569799509328e-01
1.584057356259258032e+09 8.596796863700588709e-01 -4.298620589560717686e-01 -2.759881289337182131e-01 -5.108319077020834209e-01 -7.220735620246937492e-01 -4.665410306358029890e-01 1.264556705238308737e-03 5.420593892742100461e-01 -8.403392289467374043e-01 -3.352836104269553696e-01 -6.577639015842805525e-01 5.308836627315748347e-01
1.584057356259267092e+09 8.559453695810033125e-01 -4.355172989494995317e-01 -2.787152791078785219e-01 -5.169802875411841914e-01 -7.306598912713878624e-01 -4.459456309343264868e-01 -9.429038841246434322e-03 5.257954029908488147e-01 -8.505588090961191394e-01 -3.414913650925778810e-01 -6.549125418186805270e-01 5.410714255579052168e-01
1.584057356259275913e+09 8.521062521187812155e-01 -4.413272187782096845e-01 -2.813276048758551195e-01 -5.229780509967686397e-01 -7.387646504478814213e-01 -4.251126316548795026e-01 -2.022111425697742382e-02 5.093692937500774454e-01 -8.603104262029729332e-01 -3.475016830738120177e-01 -6.519588219538018370e-01 5.513480299889594871e-01
1.584057356259289980e+09 8.481607243859168310e-01 -4.472886032641311127e-01 -2.838244020495606645e-01 -5.288245470390827707e-01 -7.463812309194676198e-01 -4.040540270166178005e-01 -3.111244515428512880e-02 4.927960670709830571e-01 -8.695884384849422721e-01 -3.533136553175937333e-01 -6.489120761890341260e-01 5.617112003914732643e-01
1.584057356259300947e+09 8.441023696854322855e-01 -4.534047340617945454e-01 -2.862085547662793217e-01 -5.345265047405840519e-01 -7.534979909234428286e-01 -3.827821750975949899e-01 -4.210232067263894318e-02 4.760933994526228563e-01 -8.783862874057237757e-01 -3.589261118287710994e-01 -6.457812781223862819e-01 5.721589473871758758e-01
1.584057356259310007e+09 8.399194062109425207e-01 -4.596852775929505808e-01 -2.884871519394943129e-01 -5.400983803735550648e-01 -7.600978896697649922e-01 -3.613100300375409191e-01 -5.318957390579554662e-02 4.592827493819150453e-01 -8.866962420461114158e-01 -3.643376364740005258e-01 -6.425751212580761429e-01 5.826895191231609150e-01
1.584057356259320974e+09 8.355943892598547418e-01 -4.661456978612286139e-01 -2.906719890229014225e-01 -5.455621279081023234e-01 -7.661585130183722336e-01 -3.396514355779416960e-01 -6.437376339330531938e-02 4.423904627015202151e-01 -8.945091935850100207e-01 -3.695465880948935466e-01 -6.393020926403882864e-01 5.933013563152406133e-01
1.584057356259330988e+09 8.311040436246447394e-01 -4.728064369783288035e-01 -2.927800232635990318e-01 -5.509466299287472113e-01 -7.716523169563951345e-01 -3.178215110313957203e-01 -7.565632705836179694e-02 4.254489100708431226e-01 -9.018144739392670584e-01 -3.745511283348467169e-01 -6.359705398166300983e-01 6.039930500389867341e-01
1.584057356259342909e+09 8.264192964348401338e-01 -4.796918094663508714e-01 -2.948337067071085116e-01 -5.562867096350671003e-01 -7.765471517515398769e-01 -2.958371476982865622e-01 -8.704161847108940475e-02 4.084976000282180553e-01 -9.085997291084266791e-01 -3.793492572012530095e-01 -6.325887311924961454e-01 6.147633012767826921e-01
1.584057356259351969e+09 8.215055945048629349e-01 -4.868285580239174459e-01 -2.968611013406377008e-01 -5.616216489395525757e-01 -7.808071417534150349e-01 -2.737176117782278428e-01 -9.853771776171252328e-02 3.915841706060461114e-01 -9.148508926704258526e-01 -3.839388575876829801e-01 -6.291649094780910056e-01 6.256108814251818417e-01
1.584057356259363890e+09 8.163236046496266107e-01 -4.942440280026638710e-01 -2.988956565009830424e-01 -5.669931487582470231e-01 -7.843940063366555693e-01 -2.514852127912001745e-01 -1.101568969001214676e-01 3.747651048264962204e-01 -9.205523203927674647e-01 -3.883177492756795801e-01 -6.257073373917776404e-01 6.365345934668258376e-01
1.584057356259373903e+09 8.108303000819283568e-01 -5.019640535372805745e-01 -3.009756030396545934e-01 -5.724428398899453763e-01 -7.872687959549510284e-01 -2.291659620071711256e-01 -1.219156253684963165e-01 3.581060346597519373e-01 -9.256871223810256843e-01 -3.924837517864285252e-01 -6.222243344331302994e-01 6.475332340822569366e-01
1.584057356259397984e+09 8.049804545582449622e-01 -5.100106386157912119e-01 -3.031428977850637585e-01 -5.780094431226054930e-01 -7.893940330953893580e-01 -2.067900973034896839e-01 -1.338340450749701260e-01 3.416814440363687977e-01 -9.302377327817226149e-01 -3.964347546500919806e-01 -6.187243035358739318e-01 6.586055573257043605e-01
1.584057356259412050e+09 7.987283618088442116e-01 -5.183997291772567406e-01 -3.054418521269121056e-01 -5.837259642464621701e-01 -7.907360224696808881e-01 -1.843923577637160416e-01 -1.459349268927440935e-01 3.255737454764554561e-01 -9.341866696116084556e-01 -4.001687921966425865e-01 -6.152157465966517913e-01 6.697502409786335598e-01
1.584057356259423018e+09 7.920296701331877021e-01 -5.271392597680681913e-01 -3.079175257102114149e-01 -5.896171699758321338e-01 -7.912671739309219410e-01 -1.620118899876142327e-01 -1.582422025838683133e-01 3.098716838557242781e-01 -9.375174372653614085e-01 -4.036841191781538885e-01 -6.117072684480514555e-01 6.809658568428375025e-01
1.584057356259433031e+09 7.848431165446519975e-01 -5.362277194556323012e-01 -3.106140941739460870e-01 -5.956976840092529368e-01 -7.909680701393585478e-01 -1.396917372442871008e-01 -1.707792489104435762e-01 2.946681949105344756e-01 -9.402154558187919564e-01 -4.069792829753902663e-01 -6.082075696048713231e-01 6.922508462303729182e-01
1.584057356259443045e+09 7.771319961284993694e-01 -5.456533701147564530e-01 -3.135733733520022493e-01 -6.019709022538572984e-01 -7.898290751178772551e-01 -1.174779345511811068e-01 -1.835671365269797572e-01 2.800579082345918680e-01 -9.422688972545664177e-01 -4.100531874004013644e-01 -6.047254290307633173e-01 7.036035018901387605e-01
1.584057356259458065e+09 7.688652890505622839e-01 -5.553941258151622318e-01 -3.168336038093474416e-01 -6.084287545936640784e-01 -7.878513824542932031e-01 -9.541828921521330886e-02 -1.966230354163201743e-01 2.661344854737182075e-01 -9.436693371600554103e-01 -4.129051446895746214e-01 -6.012696790206180086e-01 7.150219568386011471e-01
1.584057356259474993e+09 7.600183889706069174e-01 -5.654180479247987723e-01 -3.204285875308954812e-01 -6.150522701759774113e-01 -7.850474420321934543e-01 -7.356098747557994477e-02 -2.099589330257395914e-01 2.529880333589363817e-01 -9.444121461155914332e-01 -4.155349128016874172e-01 -5.978491748942946771e-01 7.265041801912899277e-01
1.584057356259494066e+09 7.505733290771749999e-01 -5.756843925959382879e-01 -3.243873579519764849e-01 -6.218129176057146656e-01 -7.814406913358914464e-01 -5.195326353029860317e-02 -2.235807982721648435e-01 2.407029834234470089e-01 -9.444965329347799754e-01 -4.179427167353739203e-01 -5.944727624805711264e-01 7.380479794511880520e-01
1.584057356259519100e+09 7.405186768809187692e-01 -5.861449488070596958e-01 -3.287342214892054471e-01 -6.286743651525096288e-01 -7.770648096223615742e-01 -3.064024175733360070e-02 -2.374881722738327594e-01 2.293564492606690597e-01 -9.439253082333152189e-01 -4.201292549948154598e-01 -5.911492460620081379e-01 7.496510079773832658e-01
1.584057356259541988e+09 7.298492239432443629e-01 -5.967454814133629215e-01 -3.334890416817153924e-01 -6.355944017898504939e-01 -7.719626695817104478e-01 -9.664023694976871942e-03 -2.516741283927707573e-01 2.190170481216889842e-01 -9.427044425696674557e-01 -4.220956939101279115e-01 -5.878873587459667593e-01 7.613107760305922733e-01
1.584057356259565115e+09 7.185655236893359055e-01 -6.074271608255344956e-01 -3.386677319381227735e-01 -6.425268735489916283e-01 -7.661850957618272506e-01 1.093690852544575848e-02 -2.661255438923382233e-01 2.097442335485430465e-01 -9.408424691158069342e-01 -4.238436530407018177e-01 -5.846957364470756202e-01 7.730246638525137826e-01
1.584057356259588957e+09 7.066733964693165948e-01 -6.181278658198827713e-01 -3.442828087765762435e-01 -6.494234573516436404e-01 -7.597895896150193007e-01 3.112800543521207497e-02 -2.808235815307455474e-01 2.015879986326740980e-01 -9.383498255844162639e-01 -4.253751841062395900e-01 -5.815828962277648229e-01 7.847899356424239414e-01
1.584057356259612083e+09 6.941834524555390296e-01 -6.287833146001294837e-01 -3.503439421725378367e-01 -6.562352016357899664e-01 -7.528391041427919816e-01 5.087871436867100194e-02 -2.957443062022719893e-01 1.945888659128992837e-01 -9.352381936824731845e-01 -4.266927453313616447e-01 -5.785572194473875829e-01 7.966037535843706330e-01
1.584057356259633064e+09 6.811106420562976771e-01 -6.393280059159400786e-01 -3.568585074351137698e-01 -6.629138223318566947e-01 -7.454009085984247829e-01 7.016231032617725738e-02 -3.108593856063621708e-01 1.887781409372735475e-01 -9.315198635539064798e-01 -4.277991736410514667e-01 -5.756269395365962716e-01 8.084631910907290608e-01
1.584057356259656906e+09 6.674738671794253619e-01 -6.496959611321946326e-01 -3.638320971556362471e-01 -6.694127365141019359e-01 -7.375455910055372932e-01 8.895554816474737780e-02 -3.261368194581885094e-01 1.841783360241039669e-01 -9.272071590771264749e-01 -4.286976562824899584e-01 -5.728001340960042764e-01 8.203652447736825559e-01
