1.592830853379192114e+09 4.109472087785120409e-01 -8.394404890729367796e-01 -3.556150493753290065e-01 -8.714751292313369646e-01 -2.471806873704276986e-01 -4.235951036857306673e-01 2.676817081089012951e-01 4.839848947283098002e-01 -8.331297192739703927e-01 -5.633341728494938305e-01 -2.141448305868054180e-01 3.431187298525071872e-01
1.592830853379240036e+09 3.854690258123140145e-01 -8.877378992576050454e-01 -2.516645759892166545e-01 -8.879437512337098326e-01 -2.827042949233424252e-01 -3.628142516821544206e-01 2.509373045986304507e-01 3.633176423308909775e-01 -8.972350663343339194e-01 -5.700898462145139733e-01 -2.276946678703637705e-01 3.422728153630230641e-01
1.592830853379259109e+09 3.549983740005132060e-01 -9.239640938660730329e-01 -1.423605077746569192e-01 -9.053909188455576684e-01 -3.018587469257897893e-01 -2.985776045341144713e-01 2.329022209011432365e-01 2.348864740386631123e-01 -9.437080608794666814e-01 -5.761141631524341333e-01 -2.416100635363489235e-01 3.424216553956394016e-01
1.592830853379271984e+09 3.210772905386667930e-01 -9.465995697979024959e-01 -2.930246533550402016e-02 -9.230633702837607313e-01 -3.058743790896549242e-01 -2.332271073973483100e-01 2.118098057927210176e-01 1.019319595689667790e-01 -9.719807025806649348e-01 -5.813810099247187502e-01 -2.557870875976257508e-01 3.435284970844446617e-01
1.592830853379283905e+09 2.854120960578484523e-01 -9.545551783708513538e-01 8.581581119652398337e-02 -9.401002407805454375e-01 -2.962527404889607197e-01 -1.686589933385519158e-01 1.864174844837872269e-01 -3.253814805934152066e-02 -9.819316650666171098e-01 -5.858735181789141988e-01 -2.701289957754630100e-01 3.455483545705099191e-01
1.592830853379296064e+09 2.497503700034601481e-01 -9.471686669218724042e-01 2.012368647804553268e-01 -9.556536978145891981e-01 -2.745958068274276798e-01 -1.064103273316593379e-01 1.560473270406991519e-01 -1.657367349757118136e-01 -9.737456397540189545e-01 -5.895832435224049872e-01 -2.845472979516338596e-01 3.484298967205846087e-01
1.592830853379307985e+09 2.157456578239805578e-01 -9.241949993668067131e-01 3.151466658924104713e-01 -9.689789142461813221e-01 -2.424852232519006667e-01 -4.775756828893520239e-02 1.205557154931808234e-01 -2.950669853407716925e-01 -9.478405974929484668e-01 -5.925091868669375428e-01 -2.989623966105963704e-01 3.521172495751230813e-01
1.592830853379321098e+09 1.848255729872914643e-01 -8.857977493965337734e-01 4.256781196747532747e-01 -9.794899425674977733e-01 -2.013978153631102996e-01 6.194956421429630503e-03 8.024316511846661670e-02 -4.180924221134691421e-01 -9.048534498874941656e-01 -5.946567325193030662e-01 -3.133038387532131597e-01 3.565516457761428448e-01
1.592830853379333973e+09 1.580796990163057247e-01 -8.325430163785960680e-01 5.309264935698758681e-01 -9.867803064639306676e-01 -1.526439223059839756e-01 5.444689962408549855e-02 3.571331676648717424e-02 -5.325147558871992093e-01 -8.456669549318630574e-01 -5.960365681348303024e-01 -3.275102404715863336e-01 3.616728749672063481e-01
1.592830853379345894e+09 1.361865602022501454e-01 -7.653954338306746541e-01 6.289857373291630749e-01 -9.906067498002261162e-01 -9.732071142136772268e-02 9.605702207781767477e-02 -1.230826614493719939e-02 -6.361591903243377644e-01 -7.714596530110334749e-01 -5.966636417425309480e-01 -3.415289520328508854e-01 3.674205083269923011e-01
1.592830853379358053e+09 1.193990071636144429e-01 -6.857177598125195894e-01 7.180076866149286419e-01 -9.908341949260939252e-01 -3.627835785145192005e-02 1.301210360723754622e-01 -6.317816488010020992e-02 -7.269628882875721620e-01 -6.837642017599995237e-01 -5.965561965295526070e-01 -3.553155331524232019e-01 3.737348903965871938e-01
1.592830853379374027e+09 1.109300120812128226e-01 -5.938105965234169448e-01 7.969212727416958852e-01 -9.872833647600075535e-01 2.603101074123986489e-02 1.568245811718760874e-01 -1.138687634454270681e-01 -8.041836656548290163e-01 -5.833717011296374322e-01 -5.960400968818270195e-01 -3.689546374665012007e-01 3.803425570819132240e-01
1.592830853379391909e+09 1.105426639612593215e-01 -4.914599776287661981e-01 8.638561320645699038e-01 -9.804118779895157898e-01 8.863882832504518805e-02 1.758855102673922977e-01 -1.630118832967220599e-01 -8.663776627445732847e-01 -4.720348254894144446e-01 -5.951318685996372926e-01 -3.824426531240191496e-01 3.872128801726388847e-01
1.592830853379411936e+09 1.177857752875024200e-01 -3.806418204295940466e-01 9.171904506437283944e-01 -9.707203578557822565e-01 1.505838488184753354e-01 1.871536706323009558e-01 -2.093525808515901143e-01 -9.123794796232375104e-01 -3.517601272553845804e-01 -5.938473155172186990e-01 -3.957778483748924381e-01 3.943174755418678012e-01
1.592830853379430056e+09 1.320201796912540138e-01 -2.634840681147958552e-01 9.555871624692565680e-01 -9.587367162455409098e-01 2.109268780827775469e-01 1.906141813631854476e-01 -2.517828155150829139e-01 -9.413214135460941101e-01 -2.247652448320167085e-01 -5.922013572932806058e-01 -4.089599585709813301e-01 4.016301752255781454e-01
1.592830853379441977e+09 1.524509239917250514e-01 -1.422272445873972446e-01 9.780235854739007806e-01 -9.449999211726712867e-01 2.687651000471730223e-01 1.863879692793103116e-01 -2.893680526114075779e-01 -9.526472260936830194e-01 -9.343124647251749293e-02 -5.902079112827394169e-01 -4.219898249819348801e-01 4.091269437745390092e-01
1.592830853379453897e+09 1.781637605740016839e-01 -1.918407621279244468e-02 9.838138303104252413e-01 -9.300439406220312177e-01 3.232458439883112988e-01 1.747294994221498532e-01 -3.213657543408924844e-01 -9.461205530598948421e-01 3.974866146253924759e-02 -5.878798159242807353e-01 -4.348690878784171598e-01 4.167857520112152048e-01
1.592830853379465103e+09 2.081642830354872575e-01 1.033015651660320056e-01 9.726234754387991233e-01 -9.143828238810022269e-01 3.735789417765611464e-01 1.560218919392273307e-01 -3.472343413688884772e-01 -9.218283821599515537e-01 1.722229691185136191e-01 -5.852287926209184254e-01 -4.475999335950948677e-01 4.245864203892577571e-01
1.592830853379477024e+09 2.414171684040720689e-01 2.228962656481405236e-01 9.444760519102388674e-01 -8.984981210711374677e-01 4.190470336398714468e-01 1.307697026877679414e-01 -3.666318077382985097e-01 -8.801800063392050122e-01 3.014370233876064731e-01 -5.822654403649304422e-01 -4.601848920273211574e-01 4.325104439270289758e-01
1.592830853379487991e+09 2.768824538328757412e-01 3.373185737746484114e-01 8.997512398536616773e-01 -8.828292067355089090e-01 4.590147512281366748e-01 9.958943217787205593e-02 -3.794057244819805108e-01 -8.219012368438320948e-01 4.248878183455000457e-01 -5.789992555407348362e-01 -4.726266786007634058e-01 4.405408092933296160e-01
1.592830853379498959e+09 3.135464576944927417e-01 4.443806800012872760e-01 8.391748549503303956e-01 -8.677675062502320236e-01 4.929356408496889941e-01 6.319821348857204701e-02 -3.855751279745393001e-01 -7.480242445450775435e-01 5.401773369308451311e-01 -5.754386714181207729e-01 -4.849280747524418733e-01 4.486618115582310939e-01
1.592830853379515886e+09 3.504445874784265502e-01 5.420303714083828384e-01 7.638008082281955158e-01 -8.536553708787372186e-01 5.203563240441851923e-01 2.240109168981613275e-02 -3.853065069659524777e-01 -6.598730012359214081e-01 6.450631930308147188e-01 -5.715911145272303262e-01 -4.970918418704699526e-01 4.568588756565001852e-01
1.592830853379537106e+09 3.866742436228269297e-01 6.283927810907665723e-01 6.749855917453388976e-01 -8.407893655920853915e-01 5.409183285609479030e-01 -2.192281108516783497e-02 -3.788882124746305591e-01 -5.590437190824735225e-01 7.375051509486098000e-01 -5.674630741628532427e-01 -5.091206631783899983e-01 4.651183868438358848e-01
1.592830853379555941e+09 4.213984359132546542e-01 7.018106239914874145e-01 5.743563469960268897e-01 -8.294263985414273010e-01 5.543587190240727436e-01 -6.883505761146324620e-02 -3.667086217120881231e-01 -4.473793291401392813e-01 8.157061527864404304e-01 -5.630601786245217344e-01 -5.210171069008955325e-01 4.734275337313003651e-01
1.592830853379585981e+09 4.538431439754179175e-01 7.608812006795384608e-01 4.637738739849956993e-01 -8.197904823745124636e-01 5.605102622325291994e-01 -1.173533810845362596e-01 -3.492419954748214317e-01 -3.269373792337175177e-01 8.781469032742011960e-01 -5.583872730791686889e-01 -5.327836049204626168e-01 4.817741655358994124e-01
1.592830853379606962e+09 4.832922155106886830e-01 8.044887569946539418e-01 3.452918785144610259e-01 -8.120784065883572822e-01 5.593006420575915572e-01 -1.664675898145562827e-01 -3.270432720790774628e-01 -1.999515874491020195e-01 9.236135912479367382e-01 -5.534484956844681891e-01 -5.444224423816186320e-01 4.901466636553591938e-01
1.592830853379621029e+09 5.090832691642021013e-01 8.318311061908574278e-01 2.211136425064311739e-01 -8.064631844055963894e-01 5.507497042875286741e-01 -2.151555263928200956e-01 -3.007513311520106369e-01 -6.878793317852985312e-02 9.512186195259404453e-01 -5.482473533158840340e-01 -5.559357564433381471e-01 4.985338265690069659e-01
1.592830853379632950e+09 5.306086421222148131e-01 8.424389260390384715e-01 9.354748458130585087e-02 -8.030937211384692187e-01 5.349648449865377353e-01 -2.623987324822342204e-01 -2.710995204784414359e-01 6.410363749743917816e-02 9.604143786561465390e-01 -5.427867971049824547e-01 -5.673255422791907421e-01 5.069247674485097832e-01
1.592830853379645109e+09 5.473252272566122567e-01 8.361862623278173423e-01 -3.503765652567593369e-02 -8.020893949356209252e-01 5.121350322118993770e-01 -3.071975202128316984e-01 -2.389303334825824132e-01 1.962402846793275812e-01 9.510005528307512446e-01 -5.370692972665767062e-01 -5.785936644371608706e-01 5.153088239245476876e-01
1.592830853379656076e+09 5.587762749718405697e-01 8.132910055814197570e-01 -1.622554216075255407e-01 -8.035286753476275079e-01 4.825245894903730792e-01 -3.485852744207948994e-01 -2.052090363887353330e-01 3.251580640824140445e-01 9.231259338898997191e-01 -5.310969181046274468e-01 -5.897418726573727676e-01 5.236754794682764169e-01
1.592830853379667044e+09 5.646236736848279092e-01 7.743065004301786791e-01 -2.857438670878126308e-01 -8.074334117017326617e-01 4.464655171395862099e-01 -3.856421045279792570e-01 -1.710304038324206855e-01 4.484618057634568444e-01 8.772859367445797751e-01 -5.248713944926477470e-01 -6.007718217024954344e-01 5.320142961817899696e-01
1.592830853379678011e+09 5.646892169685708840e-01 7.201048423849960578e-01 -4.032060407349836173e-01 -8.137497382150724601e-01 4.043493771236060796e-01 -4.175080237389930393e-01 -1.376134371671544621e-01 5.638710871873953145e-01 8.143168572605278266e-01 -5.183942115682241836e-01 -6.116850951817577320e-01 5.403148592767542668e-01
1.592830853379689932e+09 5.590015069598601727e-01 6.518529789367596416e-01 -5.124500133085728715e-01 -8.223272359683874155e-01 3.566200786388026289e-01 -4.433960324676270992e-01 -1.062790596398643928e-01 6.692606510550969112e-01 7.353876171821839280e-01 -5.116666892861025939e-01 -6.224832334821976954e-01 5.485667340668511915e-01
1.592830853379700899e+09 5.478430984484523592e-01 5.709831746757917381e-01 -6.114296041177859076e-01 -8.328987685325028867e-01 3.037691672439902790e-01 -4.626055982375479325e-01 -7.840655060368448281e-02 7.626942459821490772e-01 6.419890225242712578e-01 -5.046900723224357899e-01 -6.331677655335266053e-01 5.567594366093534530e-01
1.592830853379726887e+09 5.317899102963974389e-01 4.791601663078553508e-01 -6.982872141195604065e-01 -8.450644804921257913e-01 2.463343241987576149e-01 -4.745370687774579377e-01 -5.536715106095090044e-02 8.424517441487274771e-01 5.359193432202997709e-01 -4.974656242840533871e-01 -6.437402435562429304e-01 5.648824190273840085e-01
1.592830853379740000e+09 5.117342089627829882e-01 3.782469441148752498e-01 -7.713996083205332255e-01 -8.582836107751526944e-01 1.849018601834058750e-01 -4.787071659034043414e-01 -3.843629942070123096e-02 9.070504708844649988e-01 4.192637585442240411e-01 -4.899947242059731756e-01 -6.542022796238704530e-01 5.729250701889702091e-01
1.592830853379751921e+09 4.888821678276410454e-01 2.702713889649686063e-01 -8.294260722687535337e-01 -8.718778693698443494e-01 1.201117357099245053e-01 -4.747653704301073030e-01 -2.869169026771592468e-02 9.552625568472857820e-01 2.943641273468702302e-01 -4.822789617246144300e-01 -6.645555822605017093e-01 5.808767315380072294e-01
1.592830853379762888e+09 4.647203792952781520e-01 1.573943631062788007e-01 -8.713564084816846078e-01 -8.850485683539507376e-01 5.266398142580859532e-02 -4.625100451090672360e-01 -2.690737563069026464e-02 9.861305819733992006e-01 1.637756804503981978e-01 -4.743202266662135957e-01 -6.748019911052353104e-01 5.887267268514553287e-01
1.592830853379775047e+09 4.409496851182901911e-01 4.187915763327509922e-02 -8.965542473392710265e-01 -8.969080105113909074e-01 -1.667601864214246499e-02 -4.419026320294244248e-01 -3.345746467011259662e-02 9.989835092137180350e-01 3.020846653523581726e-02 -4.661207885173386245e-01 -6.849435076333109107e-01 5.964644035646671227e-01
1.592830853379786968e+09 4.193901439044457335e-01 -7.393899080089030851e-02 -9.047899976830162672e-01 -9.065233359518505285e-01 -8.707569703484935308e-02 -4.130778007499443794e-01 -4.824266330247371781e-02 9.934540018133246608e-01 -1.035461094976128787e-01 -4.576833608697677414e-01 -6.949823198111233502e-01 6.040791819012617525e-01
1.592830853379797935e+09 4.018654650835324360e-01 -1.876853402727561015e-01 -8.962579807689158296e-01 -9.129691953763896528e-01 -1.576384804743167500e-01 -3.763473965358646867e-01 -7.064985623961100858e-02 9.694969456448679912e-01 -2.347003946995207257e-01 -4.490111481235863344e-01 -7.049208195495779705e-01 6.115606077946851293e-01
1.592830853379810095e+09 3.900782271246497901e-01 -2.969818215534287265e-01 -8.715737383963424456e-01 -9.153843905130835124e-01 -2.274132066869016255e-01 -3.321967130197988061e-01 -9.955099288449700823e-02 9.274076968701915336e-01 -3.605614631032472150e-01 -4.401078726335838076e-01 -7.147616122097649738e-01 6.188984051299640798e-01
1.592830853379822016e+09 3.854891869223921463e-01 -3.994874976287064450e-01 -8.317498620837551204e-01 -9.130266659204744339e-01 -2.954112109300441324e-01 -2.812730504096946915e-01 -1.333431658914085993e-01 8.678375198562017223e-01 -4.786205640310596254e-01 -4.309777824375418676e-01 -7.245075182391166324e-01 6.260825232417918107e-01
1.592830853379832983e+09 3.892117024490842070e-01 -4.929440484093621788e-01 -7.781519278949016183e-01 -9.053209448217446331e-01 -3.606294152414110665e-01 -2.243667017217321757e-01 -1.700242433231267114e-01 7.918033816825935656e-01 -5.866337584148426654e-01 -4.216256422691746497e-01 -7.341615680826049095e-01 6.331031770757565846e-01
1.592830853379844904e+09 4.019291966327389054e-01 -5.752257699681129210e-01 -7.124382369937980464e-01 -8.918975778653185360e-01 -4.220777855360630104e-01 -1.623855248066732593e-01 -2.072960136038160261e-01 7.006894189592538513e-01 -6.826878539830825154e-01 -4.120567119782809762e-01 -7.437269920819802316e-01 6.399508789651568996e-01
1.592830853379857063e+09 4.238409240066361439e-01 -6.443923085311975552e-01 -6.364883588213638976e-01 -8.726182011215979362e-01 -4.788099131818969179e-01 -9.632521591898067503e-02 -2.426857061878552324e-01 5.962378930751315309e-01 -7.652476905858304201e-01 -4.022767166697598928e-01 -7.532072071277864378e-01 6.466164621216906605e-01
1.592830853379868031e+09 4.546374064526678138e-01 -6.987422546886496999e-01 -5.523260787240564795e-01 -8.475885110503494912e-01 -5.299545823322397986e-01 -2.723713847489336870e-02 -2.736759953163628856e-01 4.805282589337200316e-01 -8.331830813376150946e-01 -3.922918117622058443e-01 -7.626058013507852618e-01 6.530910960870035531e-01
1.592830853379879951e+09 4.935047689567879092e-01 -7.368651581666291195e-01 -4.620419772802627500e-01 -8.171581308615651906e-01 -5.747467125877021576e-01 4.380423094005941875e-02 -2.978349174961893997e-01 3.559437603705931652e-01 -8.857755959873792051e-01 -3.821085453783713004e-01 -7.719265178069218969e-01 6.593662944796125913e-01
1.592830853379892111e+09 5.391557585491651983e-01 -7.576892345968250231e-01 -3.677201366140159244e-01 -7.819083481706254890e-01 -6.125564538136054615e-01 1.157321522489397903e-01 -3.129383470970905634e-01 2.251257874540537607e-01 -9.227068742633546261e-01 -3.717338207707756581e-01 -7.811732382181622025e-01 6.654339163629774401e-01
1.592830853379903078e+09 5.898835455775762737e-01 -7.605224291809341564e-01 -2.713725196876743406e-01 -7.426292913234171511e-01 -6.429150360270267095e-01 1.875153253220491201e-01 -3.170790823387331092e-01 9.091697669747844657e-02 -9.440312303970319618e-01 -3.611748604411423313e-01 -7.903499674059768498e-01 6.712861623025691005e-01
