1.584057358291678905e+09 8.514466596121952335e-01 -3.565387513888686466e-01 -3.846020083005834422e-01 -5.242198413953156333e-01 -5.999131778034002549e-01 -6.043986575211347523e-01 -1.523627027644006496e-02 7.162292217809642647e-01 -6.976987589868198780e-01 -3.801824287703463590e-01 -6.959873621142091960e-01 4.548268209819000263e-01
1.584057358291738033e+09 8.481284420694118475e-01 -3.572682338807244284e-01 -3.912001469940945553e-01 -5.289480800778917358e-01 -6.126605611647222283e-01 -5.872486403588295101e-01 -2.986761697580689323e-02 7.049868411028467063e-01 -7.085911936262453414e-01 -3.938180266471686952e-01 -6.929283075262935299e-01 4.662186166139915544e-01
1.584057358291771889e+09 8.447239096973299111e-01 -3.581147410440758128e-01 -3.977377890371154856e-01 -5.333419248111069821e-01 -6.251669352920891098e-01 -5.698356732289883153e-01 -4.458596004622486508e-02 6.934840557197629041e-01 -7.190910630691192962e-01 -4.072649855947746977e-01 -6.895606172629045183e-01 4.777467695234934864e-01
1.584057358291798115e+09 8.412466304014224461e-01 -3.590487392581249160e-01 -4.042129511420247678e-01 -5.373783466487245253e-01 -6.374370876739693381e-01 -5.521761241115606955e-01 -5.940218514506991759e-02 6.817315911456457433e-01 -7.291868199512850923e-01 -4.205304349062076730e-01 -6.859111762367851028e-01 4.893987988281364720e-01
1.584057358291829109e+09 8.377151456190129464e-01 -3.600298309471797187e-01 -4.106237399666544108e-01 -5.410250242713509072e-01 -6.494813376683934436e-01 -5.342901041201425505e-01 -7.433208002807920045e-02 6.697406312280186347e-01 -7.388655013719650499e-01 -4.336225695045545780e-01 -6.820062964059014909e-01 5.011635035553577699e-01
1.584057358291857958e+09 8.341557572505265972e-01 -3.610014809270639669e-01 -4.169677488845026092e-01 -5.442353784989432119e-01 -6.613182114677703671e-01 -5.162035220717080541e-01 -8.939812998322173299e-02 6.575227404558842137e-01 -7.481121710649667467e-01 -4.465504069454512281e-01 -6.778713280201033031e-01 5.130308287680488410e-01
1.584057358291913033e+09 8.306062194332479720e-01 -3.618846888256136984e-01 -4.232408066667713853e-01 -5.469421446662254827e-01 -6.729777339835407712e-01 -4.979510620315456548e-01 -1.046307738446965591e-01 6.450894835765457191e-01 -7.569094791983103088e-01 -4.593235373534785282e-01 -6.735303465819333368e-01 5.249917389293434766e-01
1.584057358291932106e+09 8.271209234423536616e-01 -3.625698268047226613e-01 -4.294346270274516653e-01 -5.490486856811902516e-01 -6.845054783668423903e-01 -4.795808493524266747e-01 -1.200688092900934478e-01 6.324518725086439863e-01 -7.652372902261241894e-01 -4.719518704700271239e-01 -6.690059064506561626e-01 5.370381075252953496e-01
1.584057358291949987e+09 8.237783255261110771e-01 -3.629058216256067504e-01 -4.355325880105719860e-01 -5.504171398611720223e-01 -6.959673045534950919e-01 -4.611621009662958404e-01 -1.357580301466579098e-01 6.196199447112442638e-01 -7.730723651272155550e-01 -4.844453834140806658e-01 -6.643188528550054706e-01 5.491626287555055885e-01
1.584057358291970968e+09 8.206914753138372376e-01 -3.626860357988853090e-01 -4.415023691660510674e-01 -5.508526490961345168e-01 -7.074541270183994923e-01 -4.427979419288948226e-01 -1.517460429138543787e-01 6.066032458373553649e-01 -7.803881348125596418e-01 -4.968138727155907430e-01 -6.594881855755184707e-01 5.613587542954825427e-01
1.584057358291990042e+09 8.179163657915863306e-01 -3.615915264595064849e-01 -4.475090912579509639e-01 -5.500461041251449856e-01 -7.195341079746216950e-01 -4.239338993592935423e-01 -1.687071489780839761e-01 5.928931064797814399e-01 -7.874107330542906569e-01 -5.090667168131242093e-01 -6.545309717477022504e-01 5.736206544231297055e-01
1.584057358292009115e+09 8.149731754733755551e-01 -3.607504502726301965e-01 -4.535171838888648610e-01 -5.489770314857181921e-01 -7.312507820758433752e-01 -4.048413428031482630e-01 -1.855880986743713712e-01 5.789053520197053881e-01 -7.939934832163466627e-01 -5.210977005733007372e-01 -6.493459050648214825e-01 5.860073757572836772e-01
1.584057358292026043e+09 8.118523861128883468e-01 -3.601813346034969943e-01 -4.595270498693224681e-01 -5.476657117318891599e-01 -7.425866433934986688e-01 -3.855221724814802964e-01 -2.023807588828800685e-01 5.646543044291959523e-01 -8.001297052854772218e-01 -5.329011224383195522e-01 -6.439448331743859999e-01 5.985200895662167175e-01
1.584057358292043924e+09 8.085391910736539067e-01 -3.599104270107660875e-01 -4.655414710017130586e-01 -5.461409407774371338e-01 -7.535197977084877596e-01 -3.659753919270472555e-01 -2.190763554452614947e-01 5.501567042597884649e-01 -8.058121068831638478e-01 -5.444711004049300751e-01 -6.383391630259921401e-01 6.111602012822205943e-01
1.584057358292062044e+09 8.050133131721888269e-01 -3.599711144601063784e-01 -4.715658623834362850e-01 -5.444400260288230209e-01 -7.640237121316012514e-01 -3.461976683723372306e-01 -2.356663401598081964e-01 5.354330623941860878e-01 -8.110319427541183845e-01 -5.558015736185885070e-01 -6.325399779286573487e-01 6.239293117099248276e-01
1.584057358292077065e+09 8.012489590019169494e-01 -3.604029978860192052e-01 -4.776084013170872056e-01 -5.426084289497751234e-01 -7.740671535694503280e-01 -3.261842038260068244e-01 -2.521432107805021139e-01 5.205090980257749411e-01 -8.157782054494638890e-01 -5.668863176950970084e-01 -6.265581483367101967e-01 6.368291766566861467e-01
1.584057358292093992e+09 7.972149931834837666e-01 -3.612505351609208160e-01 -4.836799620461402771e-01 -5.406989457687501055e-01 -7.836143910909533217e-01 -3.059299533353624367e-01 -2.685012195511520816e-01 5.054171912066248717e-01 -8.200369249546050066e-01 -5.777189753530485028e-01 -6.204044367311820629e-01 6.498616635143450448e-01
1.584057358292113066e+09 7.928754359219130077e-01 -3.625611591236814202e-01 -4.897937823228039611e-01 -5.387703014186808748e-01 -7.926257613354391607e-01 -2.854311913661494726e-01 -2.847369059923884893e-01 4.901977239916208151e-01 -8.237906810082101794e-01 -5.882931033020412093e-01 -6.140895957742421585e-01 6.630287039547894112e-01
1.584057358292133093e+09 7.881903010236512852e-01 -3.643829340987326249e-01 -4.959648444248786481e-01 -5.368851856654809351e-01 -8.010586260207785969e-01 -2.646873161273590180e-01 -3.008493759331346551e-01 4.749001529350682649e-01 -8.270184387905425982e-01 -5.986022350305851836e-01 -6.076244577506554334e-01 6.763322427882306753e-01
1.584057358292150974e+09 7.831168169970199600e-01 -3.667617896951071432e-01 -5.022089612418791926e-01 -5.351077277471574245e-01 -8.088687736268074246e-01 -2.437027430801687045e-01 -3.168402923507342983e-01 4.595836125361545399e-01 -8.296958072618983993e-01 -6.086399581228241207e-01 -6.010200128533509378e-01 6.897741836776760671e-01
1.584057358292167902e+09 7.776108746311301001e-01 -3.697386581713662523e-01 -5.085416920023332343e-01 -5.335007217368298305e-01 -8.160121326124671892e-01 -2.224886054691229131e-01 -3.327135521405037433e-01 4.443169187886391591e-01 -8.317957491216653176e-01 -6.184000027702799551e-01 -5.942874733373840757e-01 7.033563334448856841e-01
1.584057358292184114e+09 7.716286169866155564e-01 -3.733467143183167858e-01 -5.149771922625211440e-01 -5.321227878177416937e-01 -8.224467104417310104e-01 -2.010640380493489698e-01 -3.484746997270321556e-01 4.291778647933043866e-01 -8.332897121519435846e-01 -6.278763368711550719e-01 -5.874383209615376966e-01 7.170803472853873872e-01
1.584057358292200089e+09 7.651279763705253201e-01 -3.776090392193917067e-01 -5.215271742397535881e-01 -5.310258123971990374e-01 -8.281345500339556409e-01 -1.794568300065854660e-01 -3.641301505804898642e-01 4.142518325553568026e-01 -8.341490592330680354e-01 -6.370632620514332656e-01 -5.804843359394695756e-01 7.309476776051722080e-01
1.584057358292217970e+09 7.580700062948078077e-01 -3.825369249891314993e-01 -5.282001200033934474e-01 -5.302529205535647661e-01 -8.330435114570315935e-01 -1.577033559941356244e-01 -3.796863258279353226e-01 3.996298403187854009e-01 -8.343466216523675039e-01 -6.459555035654189759e-01 -5.734376065656043853e-01 7.449595296648251486e-01
1.584057358292236090e+09 7.504199378060179004e-01 -3.881288986106340433e-01 -5.350008179452233614e-01 -5.298370911291295782e-01 -8.371487482046885420e-01 -1.358478210027856403e-01 -3.951487998572542626e-01 3.854061904992114318e-01 -8.338581981685561084e-01 -6.545482886965313662e-01 -5.663105207690926068e-01 7.591168261543663753e-01
1.584057358292252064e+09 7.421479025429598142e-01 -3.943704936372709469e-01 -5.419302581466828306e-01 -5.298004882434539375e-01 -8.404337597295109541e-01 -1.139409425622587152e-01 -4.105215385716807219e-01 3.716759468761064999e-01 -8.326638320709885965e-01 -6.628374086724138081e-01 -5.591157420126321442e-01 7.734201824326677466e-01
1.584057358292270899e+09 7.332291958146152089e-01 -4.012348160686174392e-01 -5.489859460632714461e-01 -5.301546636748131203e-01 -8.428908517457796012e-01 -9.203827929280029851e-02 -4.258062695801463904e-01 3.585326130874338380e-01 -8.307486903363675568e-01 -6.708192610431013003e-01 -5.518661732331798797e-01 7.878698930663612376e-01
1.584057358292288065e+09 7.236442466355489378e-01 -4.086836128648634880e-01 -5.561624844256767286e-01 -5.309013380018303696e-01 -8.445211338788027877e-01 -7.019846129358497944e-02 -4.410020111584347924e-01 3.460661197460848104e-01 -8.281035365669910941e-01 -6.784908727313870846e-01 -5.445749133722194157e-01 8.024659286889866960e-01
1.584057358292303085e+09 7.133784159038749628e-01 -4.166686258087113348e-01 -5.634522980561069705e-01 -5.320335381002533337e-01 -8.453341695219600549e-01 -4.848150578523301168e-02 -4.561047580189683814e-01 3.343611794637351697e-01 -8.247248339517441185e-01 -6.858499063260776740e-01 -5.372552108607385746e-01 8.172079411651852476e-01
1.584057358292318106e+09 7.024216597530873463e-01 -4.251331022835997397e-01 -5.708464394633553374e-01 -5.335369907507474529e-01 -8.453473367069954669e-01 -2.694735703340064500e-02 -4.711073037439348909e-01 3.234960987261228937e-01 -8.206145153631833056e-01 -6.928946532214744769e-01 -5.299204175619146584e-01 8.320952747275119910e-01
1.584057358292332888e+09 6.907681776711129817e-01 -4.340132863347972436e-01 -5.783353630873258044e-01 -5.353915596410424582e-01 -8.445850474193834501e-01 -5.654712087193879827e-03 -4.859991798497935167e-01 3.135419671834662747e-01 -8.157795243548983111e-01 -6.996240163971134685e-01 -5.225839456074370393e-01 8.471269813060767762e-01
1.584057358292349100e+09 6.784160908911076593e-01 -4.432398071809367512e-01 -5.859096185810438451e-01 -5.375726281743916646e-01 -8.430779077462127180e-01 1.533985449751595204e-02 -5.007666894797362378e-01 3.045621693911754191e-01 -8.102312065329873025e-01 -7.060374850483085440e-01 -5.152592288252881847e-01 8.623018386719263351e-01
1.584057358292363882e+09 6.653671469564084173e-01 -4.527389300197987021e-01 -5.935604612768332622e-01 -5.400524077045634197e-01 -8.408618552225913811e-01 3.598246228630189170e-02 -5.153930120991656594e-01 2.966122079398952338e-01 -8.039846027984762777e-01 -7.121351042838161005e-01 -5.079596898226054202e-01 8.776183696812439594e-01
1.584057358292377949e+09 6.516264801087301439e-01 -4.624336263678287540e-01 -6.012803604151361059e-01 -5.428011135014901845e-01 -8.379773344395757828e-01 5.622222314303386426e-02 -5.298583601700168622e-01 2.897397597703653127e-01 -7.970577081509253592e-01 -7.179174420521915456e-01 -5.006987131452728113e-01 8.930748615139926239e-01
