1.589264476259993076e+09 9.224465376010632101e-01 -2.790654651525339980e-01 -2.668611092187637146e-01 -2.449548012370479089e-01 1.113092557103021046e-01 -9.631237695185388414e-01 2.984786941785708692e-01 9.537990963010445356e-01 3.431841194211158325e-02 8.759869658768218437e-02 -8.395636150253414920e-01 2.882005925453161588e-01
1.589264476260054111e+09 9.233844707590040946e-01 -2.848397939510852739e-01 -2.573468692824471549e-01 -2.457843291339385228e-01 7.627353182234328233e-02 -9.663190013463451855e-01 2.948748598518653452e-01 9.555357871232430522e-01 4.206371104830381011e-04 7.971587870824863031e-02 -8.504455373460740875e-01 2.848419381771041814e-01
1.589264476260071993e+09 9.243669192091382714e-01 -2.896519532623990090e-01 -2.482892362342267178e-01 -2.471664852341353136e-01 4.107280610184387698e-02 -9.681021400882884320e-01 2.906106114853637123e-01 9.562503704126708026e-01 -3.362591202184200823e-02 7.123944472438825670e-02 -8.610091838128851593e-01 2.819445167964357291e-01
1.589264476260083914e+09 9.253666170321828144e-01 -2.935123996019795567e-01 -2.398897570768913634e-01 -2.492180336898647541e-01 5.786523567423556939e-03 -9.684301153398514606e-01 2.856343747277099721e-01 9.559377530813144563e-01 -6.779392738246568795e-02 6.217474056073388905e-02 -8.711946230233611477e-01 2.795106767852816310e-01
1.589264476260093927e+09 9.263484961044137211e-01 -2.964862540667799196e-01 -2.323238367160937179e-01 -2.520262512142545375e-01 -2.949227594204275119e-02 -9.672708900971168644e-01 2.799307641668760116e-01 9.545816398553063076e-01 -1.020424446392598078e-01 5.253585381145153832e-02 -8.809435901704157912e-01 2.775396078548539869e-01
1.589264476260103941e+09 9.272730164388193197e-01 -2.986808155310814450e-01 -2.257310869535054110e-01 -2.556475352096951315e-01 -6.466335838889748777e-02 -9.646050944805635297e-01 2.735125061034670013e-01 9.521598714790281415e-01 -1.363176017137309459e-01 4.234525179488276420e-02 -8.902010459874996062e-01 2.760274063518790566e-01
1.589264476260113955e+09 9.280991330956419594e-01 -3.002319049319795985e-01 -2.202108140339228137e-01 -2.601089210884615088e-01 -9.962520545722819421e-02 -9.604260346786477331e-01 2.664119903381447774e-01 9.486493672790060616e-01 -1.705550637087409893e-01 3.163309232753112876e-02 -8.989166227241682794e-01 2.749672305602446909e-01
1.589264476260123014e+09 9.287866392259360726e-01 -3.012908596156454455e-01 -2.158221418885853948e-01 -2.654117869430150933e-01 -1.342796032679190177e-01 -9.547384835574050932e-01 2.586734668203062304e-01 9.440300876562837118e-01 -2.046832468963514784e-01 2.043625354773801264e-02 -9.070458827222160902e-01 2.743495380299464381e-01
1.589264476260133028e+09 9.292977545252184557e-01 -3.020134742218807955e-01 -2.125877349639442582e-01 -2.715369247081020343e-01 -1.685345690470880231e-01 -9.475567518886069962e-01 2.503465243518567251e-01 9.382877814235262015e-01 -2.386266066050754808e-01 8.797145361282128484e-03 -9.145513305900550005e-01 2.741623923354865044e-01
1.589264476260143042e+09 9.295979830481355677e-01 -3.025516153189443114e-01 -2.104996679915180358e-01 -2.784500340938235730e-01 -2.023057015870673991e-01 -9.389025413294918021e-01 2.414811974766626901e-01 9.314155482487729287e-01 -2.723084797719801942e-01 -3.237625605911326806e-03 -9.214031375965938686e-01 2.743918239582999186e-01
1.589264476260158062e+09 9.296563384991782808e-01 -3.030476107684164089e-01 -2.095262230358274913e-01 -2.861070246653412696e-01 -2.355162659534212610e-01 -9.288029174184199155e-01 2.321246713180194765e-01 9.234144434772965093e-01 -3.056532397228404752e-01 -1.561866087590481518e-02 -9.275795579070283958e-01 2.750222270740926844e-01
1.589264476260178089e+09 9.294753583881474324e-01 -3.036188119402022934e-01 -2.095022086495716973e-01 -2.943481894647388963e-01 -2.681329451092807625e-01 -9.173133966111682858e-01 2.223391594333100074e-01 9.142867936945362484e-01 -3.385926128377664268e-01 -2.829850316618622019e-02 -9.330580351161191777e-01 2.760437442097750105e-01
1.589264476260196924e+09 9.290317186177426967e-01 -3.043705347058597854e-01 -2.103773838815284347e-01 -3.031316036076240894e-01 -3.000955717672290635e-01 -9.044633100333230313e-01 2.121586599845303733e-01 9.040471369058730167e-01 -3.710626330633604586e-01 -4.122408317624712271e-02 -9.378341591493102314e-01 2.774414676865745166e-01
1.589264476260215044e+09 9.283041174014631247e-01 -3.053964950700119863e-01 -2.120953716096755370e-01 -3.124163088988902159e-01 -3.313472799490289056e-01 -8.902836797902328181e-01 2.016122909451951162e-01 8.927160585576593421e-01 -4.030018899994883275e-01 -5.434367225762128800e-02 -9.419109805117942269e-01 2.791997396245591290e-01
1.589264476260230064e+09 9.272728038944056950e-01 -3.067794064378885910e-01 -2.145962329287902093e-01 -3.221634295169163997e-01 -3.618336780990945578e-01 -8.748069013054506904e-01 1.907245976564994616e-01 8.803197064219498991e-01 -4.343516349042448876e-01 -6.760790109489972499e-02 -9.452983564838014496e-01 2.813024825164424092e-01
1.589264476260240078e+09 9.259192740334247773e-01 -3.085916678849358052e-01 -2.178179990937683108e-01 -3.323364480817466715e-01 -3.915023319174607552e-01 -8.580666698317001018e-01 1.795159702153339976e-01 8.668893279709474209e-01 -4.650558137447358131e-01 -8.097057636311784379e-02 -9.480121479833824027e-01 2.837335019867394670e-01
1.589264476260248899e+09 9.242261457929881185e-01 -3.108958987491338699e-01 -2.216974781485128998e-01 -3.429008862681062197e-01 -4.203025714961879378e-01 -8.400980484959503780e-01 1.680030176600416925e-01 8.524608430118352231e-01 -4.950611049140529740e-01 -9.438928558390917434e-02 -9.500733176366301658e-01 2.864767542171545722e-01
1.589264476260258913e+09 9.221771872142048299e-01 -3.137452373131633387e-01 -2.261706472750346364e-01 -3.538236280044813609e-01 -4.481855839092538374e-01 -8.209375878458318176e-01 1.561988347026794788e-01 8.370744344276027649e-01 -5.243169992240247490e-01 -1.078257928490617412e-01 -9.515069743606063835e-01 2.895165751332535731e-01
1.589264476260268927e+09 9.197574648593173086e-01 -3.171834159841734890e-01 -2.311728502743704283e-01 -3.650720529577594631e-01 -4.751047417502408110e-01 -8.006234327148495922e-01 1.441131579742478130e-01 8.207741256421194898e-01 -5.527759336161043313e-01 -1.212462373330048110e-01 -9.523414073954894477e-01 2.928378703104059233e-01
1.589264476260278940e+09 9.169535321960697871e-01 -3.212447468390552952e-01 -2.366390345341754797e-01 -3.766132090996355819e-01 -5.010160528982829931e-01 -7.791953580241378630e-01 1.317524604819785006e-01 8.036073218299636389e-01 -5.803934543637357946e-01 -1.346211547394104424e-01 -9.526071519103863627e-01 2.964262647305050957e-01
1.589264476260288954e+09 9.137536267454888783e-01 -3.259541146790997379e-01 -2.425040720834075736e-01 -3.884130874770826414e-01 -5.258786713967724680e-01 -7.566947184584751351e-01 1.191200378025578654e-01 7.856242985204366924e-01 -6.071283872281388883e-01 -1.479253487707572479e-01 -9.523361205792246764e-01 3.002682139080620205e-01
1.589264476260298014e+09 9.101479083021190020e-01 -3.313269787374977793e-01 -2.487030727951782261e-01 -4.004359163166524849e-01 -5.496554870377522439e-01 -7.331643219561352343e-01 1.062161111087356613e-01 7.668776167433184465e-01 -6.329430140929565018e-01 -1.611376436271511614e-01 -9.515608265460894222e-01 3.043510798229106529e-01
1.589264476260307074e+09 9.061286617687419609e-01 -3.373695342101302175e-01 -2.551717969365602801e-01 -4.126436444130503478e-01 -5.723136676927047528e-01 -7.086482124397872617e-01 9.303801035636807826e-02 7.474214764715786385e-01 -6.578032118711687470e-01 -1.742405501475210172e-01 -9.503137163517770825e-01 3.086631752729329103e-01
1.589264476260318041e+09 9.016904239616839734e-01 -3.440791210375259701e-01 -2.618471654336680943e-01 -4.249956790316721800e-01 -5.938250695021231040e-01 -6.831913788475906246e-01 7.958047792626202210e-02 7.273110377472445931e-01 -6.816785183017767258e-01 -1.872198770960037117e-01 -9.486266213800763625e-01 3.131937815026757388e-01
1.589264476260334015e+09 8.968300680601212216e-01 -3.514448318487927159e-01 -2.686677491509852911e-01 -4.374487850655834897e-01 -6.141665306242551914e-01 -6.568394275635989210e-01 6.583608279096282712e-02 7.066017288119824657e-01 -7.045421261022728476e-01 -2.000643153788221329e-01 -9.465303270214598941e-01 3.179331449038927393e-01
1.589264476260350943e+09 8.915468737008327427e-01 -3.594482610529637356e-01 -2.755741639995963332e-01 -4.499570814618631953e-01 -6.333200645535668194e-01 -6.296382462753147280e-01 5.179572538986675079e-02 6.853485564240079375e-01 -7.263708140123182888e-01 -2.127650178772913792e-01 -9.440542521788968244e-01 3.228724585917545076e-01
1.589264476260370016e+09 8.858426032376276460e-01 -3.680643399853027464e-01 -2.825093346496201363e-01 -4.624720956218638102e-01 -6.512729663078408171e-01 -6.016336797621734123e-01 3.744921087638017343e-02 6.636054289415288521e-01 -7.471448264520861304e-01 -2.253151925252075971e-01 -9.412262285972391451e-01 3.280038335747311740e-01
1.589264476260387897e+09 8.797215946042769019e-01 -3.772622158509560952e-01 -2.894186184783889559e-01 -4.749428601523058013e-01 -6.680178373954580584e-01 -5.728712324844984494e-01 2.278587095660345244e-02 6.414245004253708027e-01 -7.668477128797245301e-01 -2.377097207893359987e-01 -9.380723662351060366e-01 3.333202639182825666e-01
1.589264476260404110e+09 8.731908680578923665e-01 -3.870061513911388640e-01 -2.962498050117972070e-01 -4.873160605153611380e-01 -6.835525229396218760e-01 -5.433958097401305753e-01 7.795219385051472410e-03 6.188555465549518964e-01 -7.854661338739962195e-01 -2.499448097562720073e-01 -9.346169915169482145e-01 3.388155886416773233e-01
1.589264476260421038e+09 8.662602446976217507e-01 -3.972564216970659867e-01 -3.029530064558921265e-01 -4.995362370573169786e-01 -6.978799598222992229e-01 -5.132515075881488587e-01 -7.532374625218236225e-03 5.959453812495816294e-01 -8.029896427164225914e-01 -2.620176837337605535e-01 -9.308826475488061192e-01 3.444844509030541846e-01
1.589264476260440111e+09 8.589423697776755739e-01 -4.079703160314593346e-01 -3.094805759360456654e-01 -5.115462191653393775e-01 -7.110078037396503348e-01 -4.824814702923120313e-01 -2.320498666713431690e-02 5.727373958391751563e-01 -8.194104004778008932e-01 -2.739263186623512314e-01 -9.268901453001405777e-01 3.503222544471153999e-01
1.589264476260457039e+09 8.512525335022478323e-01 -4.191033154454444909e-01 -3.157871679350589544e-01 -5.232879266341962099e-01 -7.229477248505752351e-01 -4.511278460356074049e-01 -3.922843861597279103e-02 5.492713340876300698e-01 -8.347227872553857342e-01 -2.856692191690242133e-01 -9.226586532270080188e-01 3.563251181647449362e-01
1.589264476260473013e+09 8.432083916211668972e-01 -4.306102408941564486e-01 -3.218298136912209340e-01 -5.347032967533367209e-01 -7.337145537415481478e-01 -4.192318434534998417e-01 -5.560569301506539108e-02 5.255832706617824535e-01 -8.489229840891515666e-01 -2.972452351418362615e-01 -9.182058127449581608e-01 3.624898303336624439e-01
1.589264476260489941e+09 8.348294030279436173e-01 -4.424465170211664966e-01 -3.275682335936292433e-01 -5.457355741476268562e-01 -7.433251045527763390e-01 -3.868339082187988720e-01 -7.233637610719176325e-02 5.017059585576483238e-01 -8.620084571797901329e-01 -3.086534142320507268e-01 -9.135478701337461649e-01 3.688138030378400600e-01
1.589264476260507107e+09 8.261358686651832928e-01 -4.545695671423639062e-01 -3.329655167981084851e-01 -5.563310262906016046e-01 -7.517966309609483977e-01 -3.539740320400343587e-01 -8.941653120921172482e-02 4.776696919825656473e-01 -8.739773164778619208e-01 -3.198928873308478638e-01 -9.086998185662295002e-01 3.752950259739074590e-01
1.589264476260524035e+09 8.171476040332389390e-01 -4.669401838533928650e-01 -3.379891391295011260e-01 -5.664408874344400990e-01 -7.591450810427075035e-01 -3.206921693269280116e-01 -1.068387318865554603e-01 4.535037055710358644e-01 -8.848275960955692687e-01 -3.309627831337060289e-01 -9.036755441556997281e-01 3.819320195589889222e-01
1.589264476260540962e+09 8.078824349094150259e-01 -4.795236144563790326e-01 -3.426121346177473104e-01 -5.760231306560098519e-01 -7.653834879690410986e-01 -2.870286915798841987e-01 -1.245926349495981300e-01 4.292379524903552901e-01 -8.945565694064604445e-01 -3.418621659336456009e-01 -8.984879693330803940e-01 3.887237890137721363e-01
1.589264476260559082e+09 7.983547125767038732e-01 -4.922901902609186919e-01 -3.468142467131961060e-01 -5.850437406276255414e-01 -7.705207792909629649e-01 -2.530248025979842663e-01 -1.426659554073393954e-01 4.049050476207610716e-01 -9.031601895505536604e-01 -3.525899911494895234e-01 -8.931491890899726505e-01 3.956697808033504682e-01
1.589264476260576963e+09 7.885738893148486195e-01 -5.052155343956967748e-01 -3.505830645366774245e-01 -5.934774424090790701e-01 -7.745610545824120896e-01 -2.187228807697677024e-01 -1.610457910638519174e-01 3.805422931349641269e-01 -9.106326464201978110e-01 -3.631450740510043795e-01 -8.876705977556916816e-01 4.027698422270875600e-01
1.589264476260595083e+09 7.785431034464871392e-01 -5.182804594915022545e-01 -3.539152463924017389e-01 -6.013079709351860647e-01 -7.775032668862077445e-01 -1.841667574986053657e-01 -1.797202285395565202e-01 3.561938175001770346e-01 -9.169659776885901170e-01 -3.735260703385782644e-01 -8.820630071019623930e-01 4.100241825433601495e-01
1.589264476260612011e+09 7.682578938228246113e-01 -5.314705239669307302e-01 -3.568177279466903107e-01 -6.085277507485673532e-01 -7.793414138043530670e-01 -1.494019337049818374e-01 -1.986801085463769101e-01 3.319127042134581984e-01 -9.221497555493689546e-01 -3.837314669415980983e-01 -8.763367558632728649e-01 4.174333348034470759e-01
1.589264476260628939e+09 7.577052137542146237e-01 -5.447752117546386108e-01 -3.593087501734036349e-01 -6.151368572948741065e-01 -7.800653502580453535e-01 -1.144757468665080352e-01 -2.179207567783032207e-01 3.077629255103134231e-01 -9.261708945203128707e-01 -3.937595812038485188e-01 -8.705018104760783304e-01 4.249981181419396625e-01
1.589264476260646105e+09 7.468629929295839132e-01 -5.581866933033954314e-01 -3.614184354112142672e-01 -6.211411319586016555e-01 -7.796623490862625294e-01 -7.943749809091246727e-02 -2.374433919332130660e-01 2.838207835413428803e-01 -9.290136699033445522e-01 -4.036085678360662454e-01 -8.645678575384408981e-01 4.327195995502497450e-01
1.589264476260663033e+09 7.357000469118070152e-01 -5.716984020077177098e-01 -3.631891770958924903e-01 -6.265498651851114653e-01 -7.781191119597691275e-01 -4.433863479996647677e-02 -2.572561132515359672e-01 2.601760655361323726e-01 -9.306598237416843222e-01 -4.132764336197732868e-01 -8.585443884658909841e-01 4.405990539607265721e-01
1.589264476260680914e+09 7.241764530527045052e-01 -5.853034251119099141e-01 -3.646756992727588353e-01 -6.313730918122691937e-01 -7.754242522039597185e-01 -9.233012824190665879e-03 -2.773742673315332530e-01 2.369327541276885218e-01 -9.310888175968043967e-01 -4.227610604935569394e-01 -8.524407766761962213e-01 4.486379211988550386e-01
1.589264476260696888e+09 7.122445195097640847e-01 -5.989927292663493885e-01 -3.659446064067071180e-01 -6.356185977948917154e-01 -7.715712432249677288e-01 2.582276635063275941e-02 -2.978199841637725331e-01 2.142090736773873683e-01 -9.302783079256539134e-01 -4.320602379262166171e-01 -8.462663471929970926e-01 4.568377583874396741e-01
1.589264476260715008e+09 6.998504751978187333e-01 -6.127532772729795685e-01 -3.670731995125971481e-01 -6.392888022216335342e-01 -7.665617765648838899e-01 6.076899341098252610e-02 -3.186206837677343362e-01 1.921365770257660865e-01 -9.282049321428189614e-01 -4.411717049338675922e-01 -8.400304378335113897e-01 4.652001870845983156e-01
1.589264476260732889e+09 6.869368299780933551e-01 -6.265661921353733455e-01 -3.681475230616541583e-01 -6.423778632017992374e-01 -7.604093012784697292e-01 9.554253447520473508e-02 -3.398065227399104105e-01 1.708581333477974529e-01 -9.248454064233485594e-01 -4.500932011314043302e-01 -8.337424505840507205e-01 4.737268354433706863e-01
1.589264476260749102e+09 6.734453588053623818e-01 -6.404051345346599700e-01 -3.692595464019388096e-01 -6.448693265789744444e-01 -7.531424871490192130e-01 1.300766934736396485e-01 -3.614068355097813101e-01 1.505246094165193227e-01 -9.201779401924726765e-01 -4.588225255277784687e-01 -8.274118916607289265e-01 4.824192763886578916e-01
1.589264476260766029e+09 6.593203330931454165e-01 -6.542351351123218972e-01 -3.705038280481199320e-01 -6.467347812439038224e-01 -7.448081587085245703e-01 1.643013388475055847e-01 -3.834459825254211696e-01 1.312904986331617785e-01 -9.141837801360412907e-01 -4.673576004800071848e-01 -8.210483987979649845e-01 4.912789639921432694e-01
1.589264476260783911e+09 6.445117409673226661e-01 -6.680120299429188613e-01 -3.719738483423487008e-01 -6.479337288466017197e-01 -7.354733692139975298e-01 1.981433993258790438e-01 -4.059390338427534273e-01 1.133086552390481366e-01 -9.068487469588201177e-01 -4.756965374975160588e-01 -8.146617548809310660e-01 5.003071708562362163e-01
1.589264476260802984e+09 6.289781035456204483e-01 -6.816825970877905538e-01 -3.737584545285962956e-01 -6.484147805284927735e-01 -7.252262974743393098e-01 2.315277312554870903e-01 -4.288878852039771927e-01 9.672463285308882663e-02 -8.981645326635576687e-01 -4.838377010563209568e-01 -8.082618878620463354e-01 5.095049297319103054e-01
1.589264476260821104e+09 6.126886148658964304e-01 -6.951853703461500222e-01 -3.759387746883799397e-01 -6.481180403850906879e-01 -7.141758375492425204e-01 2.643782882248342236e-01 -4.522783074246272683e-01 8.167113465775201198e-02 -8.881295844677630225e-01 -4.917797658636447466e-01 -8.018588578970394787e-01 5.188729831128949810e-01
1.589264476260832071e+09 5.956245018202209751e-01 -7.084520174851962615e-01 -3.785857789145989916e-01 -6.469783449376574902e-01 -7.024499313453071991e-01 2.966194795207629520e-01 -4.760782230288063688e-01 6.826297085666838127e-02 -8.767495040076198620e-01 -4.995217643738056879e-01 -7.954628338014816391e-01 5.284117432588992802e-01
1.589264476260842085e+09 5.777795692749249090e-01 -7.214091120374981347e-01 -3.817586444883148689e-01 -6.449289609262317535e-01 -6.901928239639785190e-01 3.281775458554486713e-01 -5.002373487850327871e-01 5.659292474370151982e-02 -8.640369414322093267e-01 -5.070631217724526074e-01 -7.890840616940316687e-01 5.381212646308396463e-01
1.589264476260850906e+09 5.591598809516022950e-01 -7.339800345932669945e-01 -3.855042627474586370e-01 -6.419053345077732065e-01 -6.775615846184521729e-01 3.589816723403319032e-01 -5.246882593504470504e-01 4.672909348451612793e-02 -8.500109544776263126e-01 -5.144036770458536578e-01 -7.827328292038591151e-01 5.480012294292970765e-01
1.589264476260860920e+09 5.397829005555625503e-01 -7.460868132872466862e-01 -3.898575221161055815e-01 -6.378484734825468072e-01 -6.647222974906041859e-01 3.889647703729259276e-01 -5.493484737235492243e-01 3.871349331416517464e-02 -8.346960646026031494e-01 -5.215436909195343418e-01 -7.764194285241604598e-01 5.580509450484480993e-01
1.589264476260869980e+09 5.196763343780803623e-01 -7.576517864092897625e-01 -3.948420928446947364e-01 -6.327077266311179615e-01 -6.518462279492335254e-01 4.180639045243008112e-01 -5.741231928690146979e-01 3.256172542680962900e-02 -8.181211975356518229e-01 -5.284838429013201111e-01 -7.701541209390718734e-01 5.682693510698512140e-01
1.589264476260879993e+09 4.988768132296315660e-01 -7.685989816912283112e-01 -4.004716354610637907e-01 -6.264428509985563442e-01 -6.391062302642547266e-01 4.462203282759305001e-01 -5.989084071031393064e-01 2.826361761836925293e-02 -8.003186166960973846e-01 -5.352252201824628797e-01 -7.639471045917951564e-01 5.786550330745117154e-01
1.589264476260890007e+09 4.774285991166693499e-01 -7.788552159114459084e-01 -4.067511347701867619e-01 -6.190253602092440355e-01 -6.266735299631606138e-01 4.733792251016015196e-01 -6.235940479270016823e-01 2.578448735073361406e-02 -7.813229959575798134e-01 -5.417693004865429263e-01 -7.578084866584706702e-01 5.892062412103646896e-01
1.589264476260899067e+09 4.553823978719752086e-01 -7.883509311672676212e-01 -4.136782339933746666e-01 -6.104392209092739385e-01 -6.147149456808966850e-01 4.994892327454881209e-01 -6.480669947875746795e-01 2.506681427280618019e-02 -7.611706940622886552e-01 -5.481179304833034838e-01 -7.517482606805866441e-01 5.999209119260020540e-01
1.589264476260907888e+09 4.327943081746946086e-01 -7.970207637332827888e-01 -4.212445717554200719e-01 -6.006809856740216169e-01 -6.033906083475727433e-01 5.245017899913186898e-01 -6.722138355555145051e-01 2.603221516190720036e-02 -7.398992387288689798e-01 -5.542733019223101687e-01 -7.457762891226485946e-01 6.107966909069301176e-01
1.589264476260916948e+09 4.097249468456316546e-01 -8.048038884909181068e-01 -4.294370375806530471e-01 -5.897594735799364107e-01 -5.928521594466641398e-01 5.483703865624117713e-01 -6.959232944138447063e-01 2.858353365881019514e-02 -7.175470369988359298e-01 -5.602379268900502529e-01 -7.399022909848774754e-01 6.218309559551440380e-01
