1.592830852259741068e+09 5.162360787790887251e-01 -5.273658618569986301e-01 -6.748226175446911945e-01 -8.034530861504912691e-01 -2.534851574310932956e-02 -5.948282071715855768e-01 2.965863377436476211e-01 8.492600927320466120e-01 -4.367995460947007302e-01 -5.314666426933106758e-01 -1.679266682376111264e-01 3.559441680208214609e-01
1.592830852259826899e+09 4.820033261261487678e-01 -6.238548082326013100e-01 -6.152056390213330728e-01 -8.221811647892468544e-01 -7.938609077141739467e-02 -5.636630073012772746e-01 3.028051059548212409e-01 7.774979302931583902e-01 -5.511860307641283097e-01 -5.398975260071787741e-01 -1.780582389657835718e-01 3.515143964479809924e-01
1.592830852259849072e+09 4.539464636887495796e-01 -7.077665802667243433e-01 -5.412938965084294063e-01 -8.397354091083759631e-01 -1.366815168068383490e-01 -5.255117606629376992e-01 2.979547902645819923e-01 6.930978543859421803e-01 -6.563827477287640377e-01 -5.478735203624488515e-01 -1.888666622738253975e-01 3.479209448066691857e-01
1.592830852259862900e+09 4.332336947122555348e-01 -7.777444078511841496e-01 -4.554362834222062117e-01 -8.552930650620257369e-01 -1.954203442037279748e-01 -4.798798462846633472e-01 2.842223510092581340e-01 5.974316113204035661e-01 -7.498620735134204907e-01 -5.553504300929289483e-01 -2.002672875703923328e-01 3.451872735043544638e-01
1.592830852259876966e+09 4.203956775559802850e-01 -8.327840851885932594e-01 -3.601918213731389318e-01 -8.681205731351190336e-01 -2.537201594158519646e-01 -4.266060901436329877e-01 2.638828356389533725e-01 4.920332848053933228e-01 -8.296198527101011910e-01 -5.622895439350511504e-01 -2.121723948688385153e-01 3.433248787131992219e-01
1.592830852259890079e+09 4.154036166827581034e-01 -8.722283899377532013e-01 -2.581810943286362847e-01 -8.776369825097413147e-01 -3.096867717489989458e-01 -3.658516574746790151e-01 2.391509320765387858e-01 3.785653767385692703e-01 -8.941448940376934829e-01 -5.686583036347322428e-01 -2.244934294367494088e-01 3.423337167064446906e-01
1.592830852259902954e+09 4.177662680282123731e-01 -8.957534209306056150e-01 -1.519775003878868769e-01 -8.834584370592936109e-01 -3.614594699697026847e-01 -2.980742298489795217e-01 2.120673039897328638e-01 2.587911624783840181e-01 -9.423664876859656481e-01 -5.744306906342186991e-01 -2.371430877793095915e-01 3.422029986731462969e-01
1.592830852259915113e+09 4.266318638073260394e-01 -9.033527609168779948e-01 -4.403462913882767032e-02 -8.854246095621234325e-01 -4.072459943694098361e-01 -2.239954593154120654e-01 1.844139900249060215e-01 1.345529439731602273e-01 -9.735948797437360414e-01 -5.795873402928443108e-01 -2.500371670048103789e-01 3.429122801999565096e-01
1.592830852259927034e+09 4.408874099789402146e-01 -8.953234836423155096e-01 6.335738154235377728e-02 -8.836087737854954050e-01 -4.453489934433346176e-01 -1.445676792038679825e-01 1.576509841122084865e-01 7.754931266555516005e-03 -9.874644462265330658e-01 -5.841154082981323548e-01 -2.630961152771588152e-01 3.444327621035589981e-01
1.592830852259939909e+09 4.592534119396649572e-01 -8.722560875788890611e-01 1.680941038186610781e-01 -8.783124452432753415e-01 -4.741867708929198844e-01 -6.094390685716107037e-02 1.328666939927688750e-01 -1.196504458982713542e-01 -9.838852660426148367e-01 -5.880082269834309150e-01 -2.762462465740117001e-01 3.467287160705384563e-01
1.592830852259953976e+09 4.803753187046325701e-01 -8.350292228075237855e-01 2.682643410372283488e-01 -8.700441119607859042e-01 -4.923115110832575470e-01 2.554651129562091755e-02 1.107375396552312680e-01 -2.456737231150740719e-01 -9.630065541801126061e-01 -5.912647947181867147e-01 -2.894206083911866068e-01 3.497589557242090641e-01
1.592830852259967089e+09 5.059087880712049845e-01 -7.831745062882317088e-01 3.615162476124164637e-01 -8.576063966034328523e-01 -5.016539367567087737e-01 1.133781336213543767e-01 9.256118508390273614e-02 -3.673976393948847896e-01 -9.254465980784087886e-01 -5.940514514612921237e-01 -3.025743701422723420e-01 3.533035983086376675e-01
1.592830852259980917e+09 5.350159613185552221e-01 -7.176595590963774640e-01 4.457832262515360466e-01 -8.411139416177543238e-01 -5.019840268172959252e-01 2.013439320630932006e-01 7.927966163155167334e-02 -4.826767022725121370e-01 -8.722029240073032597e-01 -5.963787693751574359e-01 -3.156797738017819710e-01 3.573264556648806378e-01
1.592830852259994030e+09 5.667330180239998905e-01 -6.397120399954703274e-01 5.192130570406481294e-01 -8.207747772271893894e-01 -4.932160537783198961e-01 2.882129322308237818e-01 7.171093240502188215e-02 -5.894967641084720711e-01 -8.045813268969229659e-01 -5.982590920674843993e-01 -3.287137305795167497e-01 3.617909547799468828e-01
1.592830852260005951e+09 5.999900067658610059e-01 -5.507931885753132306e-01 5.802058786632504628e-01 -7.968929060220478755e-01 -4.754101662078525359e-01 3.727557848512187411e-01 7.052442609092084147e-02 -6.860116922166026310e-01 -7.241645308758429822e-01 -5.997060876613471425e-01 -3.416575230651840989e-01 3.666608454254222660e-01
1.592830852260018110e+09 6.336352540097309749e-01 -4.525674161198803835e-01 6.274464958686531979e-01 -7.698682799335179183e-01 -4.487709622586116831e-01 4.537702721948371209e-01 7.621812827858057138e-02 -7.705759934905536124e-01 -6.327743985732404708e-01 -6.007343207453013090e-01 -3.544964159745119803e-01 3.719007844181433931e-01
1.592830852260030985e+09 6.664646433516965285e-01 -3.468684413314727655e-01 6.599296704995341045e-01 -7.401934224819430863e-01 -4.136437974231981229e-01 5.301061319300826025e-01 8.909872733151456836e-02 -8.417725925677771448e-01 -5.324287027401862771e-01 -6.013588585059417291e-01 -3.672192098574791896e-01 3.774767922603754489e-01
1.592830852260044098e+09 6.972551534851989530e-01 -2.356627724063608542e-01 6.769773371947782614e-01 -7.084462627640032428e-01 -3.705092440502729678e-01 6.006886030141591615e-01 1.092664199493180027e-01 -8.984352853895180013e-01 -4.252938886822670850e-01 -6.015949213618790870e-01 -3.798177689901595100e-01 3.833565862336343888e-01
1.592830852260065079e+09 7.248012197006683532e-01 -1.210116449889289680e-01 6.782472853854631945e-01 -6.752793088750824735e-01 -3.199755593179102742e-01 6.645400675553516656e-01 1.366054677083479441e-01 -9.396658062462696082e-01 -3.136353345458731123e-01 -6.014575829699043696e-01 -3.922865493736903963e-01 3.895098007571931031e-01
1.592830852260077000e+09 7.479524187944018854e-01 -5.032410142517429463e-03 6.637332751211243442e-01 -6.414054421039609988e-01 -2.627691603778009033e-01 7.207991621359293166e-01 1.707812782274860108e-01 -9.648456080659160161e-01 -1.997666436492060160e-01 -6.009615203024599728e-01 -4.046221466388678079e-01 3.959081096744683781e-01
1.592830852260088921e+09 7.656509708917407231e-01 1.101397856440136658e-01 6.337569130400696471e-01 -6.075807499435654790e-01 -1.997232225351170953e-01 7.687368025665821669e-01 2.112444793032280388e-01 -9.736425762177206567e-01 -8.599946541693298530e-02 -6.001208124860382132e-01 -4.168228780071939754e-01 4.025252661260658171e-01
1.592830852260101080e+09 7.769675858788831491e-01 2.223893585779603277e-01 5.889519081555610880e-01 -5.745849259015558541e-01 -1.317646166741312519e-01 8.077686882155761250e-01 2.572421823758291315e-01 -9.660129726169852660e-01 2.540473684544861110e-02 -5.989487842222845915e-01 -4.288884067904270014e-01 4.093370764573584508e-01
1.592830852260113955e+09 7.811342250973170032e-01 3.296561946460354608e-01 5.302415696155499125e-01 -5.431998535683001395e-01 -5.989948958546822966e-02 8.374640142554590216e-01 3.078363987890258002e-01 -9.421989433444918349e-01 1.322796547209631191e-01 -5.974578898210545219e-01 -4.408194139691745672e-01 4.163213227763694624e-01
1.592830852260126114e+09 7.775723993920149457e-01 4.299697378815844906e-01 4.588106304839058014e-01 -5.141871185941964129e-01 1.480225049919701996e-02 8.575502932155331104e-01 3.619292440286355772e-01 -9.027219518460951608e-01 2.325947211009031790e-01 -5.956596357126193730e-01 -4.526173190570488281e-01 4.234576462526816187e-01
1.592830852260138035e+09 7.659154958679336156e-01 5.214813890687578501e-01 3.760726266022950681e-01 -4.882650984353359980e-01 9.122263697266733140e-02 8.679145286811222881e-01 4.182949362256709325e-01 -8.483723215217290337e-01 3.244899917035412584e-01 -5.935645388246306720e-01 -4.642840499594115822e-01 4.307274023793576934e-01
1.592830852260149956e+09 7.460232829940921517e-01 6.024954612734250148e-01 2.836344245871652570e-01 -4.660867005801876406e-01 1.682108721809605356e-01 8.686013440954860609e-01 4.756179722257486420e-01 -7.801950565702771012e-01 4.063043471477256197e-01 -5.911821156484733386e-01 -4.758218585993490013e-01 4.381134992279938078e-01
1.592830852260164022e+09 7.179875465621964326e-01 6.714981972676812294e-01 1.832595440437002066e-01 -4.482193147574522474e-01 2.445989526584459450e-01 8.598085851972177007e-01 5.325348208948420536e-01 -6.994723212481923635e-01 4.765974618628748827e-01 -5.885208950908490388e-01 -4.872331769120732958e-01 4.456002284583645001e-01
1.592830852260175943e+09 6.821277460219699051e-01 7.271854162950629474e-01 7.683173087999410622e-02 -4.351280692177953435e-01 3.192166930014322390e-01 8.418813878629891612e-01 5.876778947226219962e-01 -6.077022939582226169e-01 5.341653473263416885e-01 -5.855884500714152452e-01 -4.985205077912188698e-01 4.531730960058786284e-01
1.592830852260189056e+09 6.389759810932542639e-01 7.684890167518390047e-01 -3.367986272177678209e-02 -4.271638765600481169e-01 3.909058412606256638e-01 8.153058633252949772e-01 6.397192543975254164e-01 -5.065740412782875346e-01 5.780501886238151865e-01 -5.823914452669202158e-01 -5.096863463717777876e-01 4.608186570796274362e-01
1.592830852260200977e+09 5.892521280759563940e-01 7.946017406655342397e-01 -1.462532383385495849e-01 -4.245575865424398576e-01 4.585338997888386281e-01 7.807032236360934574e-01 6.874102060597431230e-01 -3.979381125177075540e-01 6.075462710960507495e-01 -5.789356975184982712e-01 -5.207331266336615583e-01 4.685243594100053643e-01
1.592830852260212898e+09 5.338321941048558283e-01 8.049986312683400369e-01 -2.588443521279681914e-01 -4.274205900940238334e-01 5.210088194259532290e-01 7.388243730320088742e-01 7.296127970735255541e-01 -2.837728292912695682e-01 6.222042687209278222e-01 -5.752262429676154865e-01 -5.316631873088754068e-01 4.762783980757915314e-01
1.592830852260225058e+09 4.737141352540029104e-01 7.994533392583809128e-01 -3.694174912540408307e-01 -4.357509604467334485e-01 5.772951426126011754e-01 6.905442952684034408e-01 7.653208636308038715e-01 -1.661465664087374283e-01 6.218354271621693297e-01 -5.712674061498095313e-01 -5.424787518653069185e-01 4.840695834435671530e-01
1.592830852260237932e+09 4.099848219516559755e-01 7.780480770940381152e-01 -4.759765140579854670e-01 -4.494435842738902509e-01 6.264308210211132488e-01 6.368554749485495492e-01 7.936705336184711745e-01 -4.717648778000745058e-02 6.065158426442660566e-01 -5.670628678832092540e-01 -5.531819184621179497e-01 4.918872223342395378e-01
1.592830852260250092e+09 3.437909194030615012e-01 7.411765979725715159e-01 -5.765978327994788488e-01 -4.683026535742503271e-01 6.675432894107504733e-01 5.788597294337211041e-01 8.139412963125283174e-01 7.101557633357549748e-02 5.765902864140717288e-01 -5.626157331369969761e-01 -5.637746582094214087e-01 4.997210114719575769e-01
1.592830852260262966e+09 2.763166889176745800e-01 6.895391893435975916e-01 -6.694660560627404555e-01 -4.920542646041531354e-01 6.998642024241619186e-01 5.177573792734851965e-01 8.255493282760576479e-01 1.863486225324399448e-01 5.326748555875173707e-01 -5.579285990273356033e-01 -5.742588199904300472e-01 5.075609426353627773e-01
1.592830852260274887e+09 2.087708657719391792e-01 6.241290028075289209e-01 -7.529128235689490634e-01 -5.203564615122391324e-01 7.227423880256861333e-01 4.548324949423468988e-01 8.280361608918571648e-01 2.968272778742854778e-01 4.756571114544450585e-01 -5.530036224201577699e-01 -5.846361401283284298e-01 5.153972189981195218e-01
1.592830852260288000e+09 1.423833662889976426e-01 5.462094545401983137e-01 -8.254587907402555214e-01 -5.528038463977434924e-01 7.356549986427043386e-01 3.914327979640344624e-01 8.210571779583054619e-01 4.005832736444845943e-01 4.066917207312952254e-01 -5.478425879330188764e-01 -5.949082560586944624e-01 5.232201821448299039e-01
1.592830852260299921e+09 7.840871984969116637e-02 4.572849120948067614e-01 -8.858569795724534623e-01 -5.889262787816135214e-01 7.382150481484996973e-01 3.289443505969349979e-01 8.043742386362570107e-01 4.959123472456181125e-01 3.271895969917955060e-01 -5.424469775129885374e-01 -6.050767235772418484e-01 5.310202495534187550e-01
1.592830852260313034e+09 1.813331076768776723e-02 3.590660251515136459e-01 -9.331359917277587401e-01 -6.281809356762619867e-01 7.301756084989576845e-01 2.687606700173270635e-01 7.778559635209034706e-01 5.813047174809218287e-01 2.387989316587549316e-01 -5.368180431886250270e-01 -6.151430376120479160e-01 5.387878627765134709e-01
1.592830852260325909e+09 -3.711794893495383441e-02 2.534314425168074369e-01 -9.666409717397485002e-01 -6.699379647002581262e-01 7.114314454091064110e-01 2.122461469107861931e-01 7.414886284693862351e-01 6.554676243925970924e-01 1.433764678588637098e-01 -5.309568845165069106e-01 -6.251086565891298408e-01 5.465134470575048198e-01
1.592830852260339022e+09 -8.598114835784342880e-02 1.423878375877450364e-01 -9.860694459668677414e-01 -7.134612273924054726e-01 6.820194319510047842e-01 1.606940459103597119e-01 6.953993988465557718e-01 7.173389731179925510e-01 4.294738690354504840e-02 -5.248645311839688077e-01 -6.349750301239804884e-01 5.541873834138355548e-01
1.592830852260351896e+09 -1.270654788125755441e-01 2.803055939992640799e-02 -9.914981887371814295e-01 -7.578877746988413877e-01 6.421187987456636881e-01 1.152804155160536137e-01 6.398909983756490005e-01 7.660925141823640150e-01 -6.034711445901767835e-02 -5.185420298072739298e-01 -6.447436292714735506e-01 5.617999941418223564e-01
1.592830852260365009e+09 -1.589832508849564341e-01 -8.749352548253221118e-02 -9.833967741313481836e-01 -8.022107620070636491e-01 5.920527278156269002e-01 7.701600968766997291e-02 5.754843386049514065e-01 8.011357280843112161e-01 -1.643147148590541895e-01 -5.119905330641609797e-01 -6.544159782942727821e-01 5.693415423823734445e-01
1.592830852260377884e+09 -1.804006197494579522e-01 -2.020195053418114006e-01 -9.626233647126558601e-01 -8.452722189326173918e-01 5.322912739553526951e-01 4.669989843465018053e-02 5.029617251850295734e-01 8.221034749782891726e-01 -2.667871506266566994e-01 -5.052113878141055725e-01 -6.639936863857259786e-01 5.768022455966707041e-01
1.592830852260390043e+09 -1.901076152446603829e-01 -3.133944269958785500e-01 -9.303993949853830436e-01 -8.857707086118570272e-01 4.634558215033087736e-01 2.487887099591747780e-02 4.234021151236462277e-01 8.288501910572360076e-01 -3.657020836762843174e-01 -4.982062182486631796e-01 -6.734784776280022811e-01 5.841723018724342964e-01
1.592830852260401964e+09 -1.871015917838359521e-01 -4.195046760826258159e-01 -8.882616886548804214e-01 -9.222875049173894224e-01 3.863238487168879631e-01 1.181723859101895674e-02 3.381992864092082107e-01 8.214436775447983008e-01 -4.591857267010265309e-01 -4.909769998485809528e-01 -6.828722174404634471e-01 5.914419269465067686e-01
1.592830852260413885e+09 -1.706746018850162638e-01 -5.183024635838844318e-01 -8.379932833558518812e-01 -9.533316574899802776e-01 3.018323878130206861e-01 7.481005051933628178e-03 2.490560896951184156e-01 8.001623402670096086e-01 -5.456292676499030492e-01 -4.835261195602466033e-01 -6.921769336862425570e-01 5.986013985451736907e-01
1.592830852260426998e+09 -1.404938758469090887e-01 -6.078334837523048373e-01 -7.815369046400199027e-01 -9.774009901526360400e-01 2.110785597742477204e-01 1.153910717368585200e-02 1.579518282246240302e-01 7.654961153699041398e-01 -6.237522918804028205e-01 -4.758564196277055847e-01 -7.013948314721237809e-01 6.056411043921013926e-01
1.592830852260438919e+09 -9.666510248928793236e-02 -6.862672414111496977e-01 -7.208974530138941850e-01 -9.930536938349622256e-01 1.153152852704993347e-01 2.338270912042452604e-02 6.708370819518263972e-02 7.181501677806115813e-01 -6.926471806940621700e-01 -4.679712233436250091e-01 -7.105283010206910888e-01 6.125515898037137141e-01
1.592830852260451078e+09 -3.976975104097988517e-02 -7.519301807413570904e-01 -6.580420781588833812e-01 -9.989836700932483993e-01 1.593973564472216456e-02 4.216107988050331323e-02 -2.121317127958547571e-02 6.590500233994055490e-01 -7.517998884899329548e-01 -4.598743427937496686e-01 -7.195799187112106310e-01 6.193236011447144085e-01
1.592830852260463953e+09 2.912677000750065609e-02 -8.033417649236805902e-01 -5.948055534655755094e-01 -9.940920591020472319e-01 -8.552542696712753245e-02 6.683101311840347614e-02 -1.045591422721892788e-01 5.893449035566071803e-01 -8.010867460713146926e-01 -4.515700710588596567e-01 -7.285524423070642852e-01 6.259481227373717704e-01
1.592830852260477066e+09 1.084957441537807987e-01 -8.392525263242959221e-01 -5.328075421707708648e-01 -9.775490189383021500e-01 -1.874578087506770796e-01 9.621585344030991749e-02 -1.806283314445573940e-01 5.104064775074376170e-01 -8.407488554318550689e-01 -4.430631626706060255e-01 -7.374488018726007565e-01 6.324164062199399972e-01
1.592830852260488987e+09 1.963918838969154479e-01 -8.586820863609629928e-01 -4.733870603823658318e-01 -9.488416034867959148e-01 -2.881678479087110278e-01 1.290693916711383449e-01 -2.472445037210543040e-01 4.238211547837209547e-01 -8.713471113451243255e-01 -4.343588063070845107e-01 -7.462720879185780198e-01 6.387199923979557381e-01
1.592830852260500908e+09 2.905208256542990419e-01 -8.609552078475198877e-01 -4.175569259114637055e-01 -9.078054157347862363e-01 -3.859368550075136794e-01 1.641404156555934524e-01 -3.024681510153627850e-01 3.313742283204311745e-01 -8.937024911783317815e-01 -4.254625926888980225e-01 -7.550255378961634456e-01 6.448507257802794657e-01
1.592830852260513067e+09 3.883216654483599983e-01 -8.457336301698459291e-01 -3.659793947456598806e-01 -8.546394278834543723e-01 -4.790592703785846451e-01 2.002340348528934555e-01 -3.446704774024654250e-01 2.350252057023721752e-01 -9.088263965156843094e-01 -4.163804799088265951e-01 -7.637125218683100680e-01 6.508007620804204807e-01
1.592830852260524988e+09 4.870589687545553992e-01 -8.130413893471167830e-01 -3.189627981434706161e-01 -7.899045546616835223e-01 -5.658878481158277074e-01 2.362662540898620156e-01 -3.725914132442436077e-01 1.368745683892364229e-01 -9.178458452359454789e-01 -4.071187587100930649e-01 -7.723365282745938698e-01 6.565625698693162704e-01
1.592830852260536909e+09 5.839187091356171644e-01 -7.632818412135918829e-01 -2.764774465127979308e-01 -7.145074973464735635e-01 -6.448800346937846317e-01 2.713093843402990535e-01 -3.853803099575133784e-01 3.912258272157214528e-02 -9.219281124524917326e-01 -3.976840192594764400e-01 -7.809011503360943074e-01 6.621289273405089881e-01
