1.592833326770737886e+09 4.719907077333332368e-01 -7.583040713605176952e-01 4.496662177715801123e-01 1.363272298393223836e-01 -4.411409999478398958e-01 -8.870228322355883099e-01 8.709992298520959908e-01 4.799682841684728696e-01 -1.048369593611301193e-01 -1.225780480346096435e-01 -9.217410404176253902e-01 3.731720420421299478e-01
1.592833326770801067e+09 4.659488195149253942e-01 -7.526990283976180418e-01 4.651192002868529407e-01 1.225381573379113187e-01 -4.657102341480386376e-01 -8.764122193031707031e-01 8.762853974449553718e-01 4.653580887253138676e-01 -1.247627818755565055e-01 -1.365293301706626550e-01 -9.212183508092741668e-01 3.772042099954669436e-01
1.592833326770849943e+09 4.603247609827418874e-01 -7.467103887359020087e-01 4.801298886901829710e-01 1.081093356954194729e-01 -4.896616376614774113e-01 -8.651842881583771128e-01 8.811432835522513551e-01 4.501722739553663533e-01 -1.446770122420753257e-01 -1.504007295772425701e-01 -9.200919415235010446e-01 3.813857571616460218e-01
1.592833326770934105e+09 4.551198503211446589e-01 -7.403785266495451767e-01 4.946772274460612961e-01 9.305431507297592941e-02 -5.129593467145084906e-01 -8.533543246522204972e-01 8.855545248480100051e-01 4.344103430798962884e-01 -1.645625644097745421e-01 -1.641726844300009092e-01 -9.183961661682817912e-01 3.857017114671731361e-01
1.592833326770965099e+09 4.503332979802501246e-01 -7.337418637894184137e-01 5.087463005150530959e-01 7.739308330370771316e-02 -5.355707466710007969e-01 -8.409365530798963428e-01 8.894999896444563126e-01 4.180751761495458685e-01 -1.843987954648467764e-01 -1.778293868722830295e-01 -9.161664746628190859e-01 3.901393696656287324e-01
1.592833326770989895e+09 4.459624420716598592e-01 -7.268359250228585422e-01 5.223284776791130568e-01 6.115208604327180414e-02 -5.574670538119416152e-01 -8.279437822870391317e-01 8.929602022639443470e-01 4.011733070499957643e-01 -2.041618356664927358e-01 -1.913585343215674084e-01 -9.134386235780594943e-01 3.946880896884643053e-01
1.592833326771013021e+09 4.420030146293111306e-01 -7.196925800077208502e-01 5.354212599267147432e-01 4.436392509492483038e-02 -5.786237275858258089e-01 -8.143871464910344971e-01 8.959158316528288424e-01 3.837149624865502373e-01 -2.238250442161885678e-01 -2.047510075001988950e-01 -9.102480103507960552e-01 3.993390579189364242e-01
1.592833326771034002e+09 4.384493773765574809e-01 -7.123394872091055596e-01 5.480279177995394102e-01 2.706684839164173045e-02 -5.990207162877839719e-01 -8.002759321176311502e-01 8.983482227950698729e-01 3.657138727224428232e-01 -2.433594751837722114e-01 -2.180005037046019445e-01 -9.066291322133483987e-01 4.040850485887748089e-01
1.592833326771054983e+09 4.352946929554414313e-01 -7.047997318912654352e-01 5.601570034053215963e-01 9.304119392444862649e-03 -6.186425479778662195e-01 -7.856174842441553396e-01 9.002399479336030685e-01 3.471868892111897864e-01 -2.627342771105150576e-01 -2.311031493556157390e-01 -9.026151630760501643e-01 4.089201892057262033e-01
1.592833326771085024e+09 4.325310172738730530e-01 -6.970916361063829170e-01 5.718217993607072058e-01 -8.876671617754286134e-03 -6.374782823575422253e-01 -7.704171886604408437e-01 9.015753568111676275e-01 3.281534559880274760e-01 -2.819169834892986115e-01 -2.440571112466234371e-01 -8.982376379533287825e-01 4.138397421526768816e-01
1.592833326771142006e+09 4.301493133556322235e-01 -6.892287154552713124e-01 5.830397467318302329e-01 -2.742431724909054347e-02 -6.555213380290192404e-01 -7.546785292904883979e-01 9.023411080386235517e-01 3.086349841864650667e-01 -3.008736803803641058e-01 -2.568622205595159635e-01 -8.935262307780252877e-01 4.188399095485666468e-01
1.592833326771159887e+09 4.281869824724021667e-01 -6.812785890359422947e-01 5.937300669664089536e-01 -4.638757998931798687e-02 -6.727100218838759638e-01 -7.384506884279536942e-01 9.024988092392984829e-01 2.886532710032472249e-01 -3.196485393780958972e-01 -2.694951809016649102e-01 -8.884607204338834663e-01 4.239309579691396546e-01
1.592833326771174908e+09 4.266351027823719888e-01 -6.732521058146982984e-01 6.039156326404467867e-01 -6.570697367726154037e-02 -6.890435504857176374e-01 -7.217351172723972530e-01 9.020338590650136545e-01 2.682360673590726274e-01 -3.382075243601095349e-01 -2.819531362749039816e-01 -8.830654133454235444e-01 4.291136083927289957e-01
1.592833326771193027e+09 4.254836880042908165e-01 -6.651564966589230687e-01 6.136207839148355436e-01 -8.532260820903676823e-02 -7.045243302559868193e-01 -7.045321291224051485e-01 9.009348944222587141e-01 2.474112028818333253e-01 -3.565164974677802467e-01 -2.942340006506424244e-01 -8.773626495521843482e-01 4.343889009321789674e-01
1.592833326771209002e+09 4.247217123356030188e-01 -6.569958694908500929e-01 6.228706886667866316e-01 -1.051749586595691621e-01 -7.191573322583887373e-01 -6.868412916314396988e-01 8.991939142142912900e-01 2.262060105570800339e-01 -3.745412469857064552e-01 -3.063362254079748381e-01 -8.713729068230827712e-01 4.397581647584156705e-01
1.592833326771224976e+09 4.243371993415829269e-01 -6.487717981468524853e-01 6.316906643617612449e-01 -1.252056483844159185e-01 -7.329493906086016475e-01 -6.686619002000235845e-01 8.968062706556964025e-01 2.046468788340854994e-01 -3.922475852849382494e-01 -3.182586080359371405e-01 -8.651149308692313022e-01 4.452229964582070654e-01
1.592833326771243095e+09 4.243175078854144466e-01 -6.404841224358420737e-01 6.401052582716864059e-01 -1.453584070271796425e-01 -7.459083332103778607e-01 -6.499936094407585685e-01 8.937704326222482010e-01 1.827589878371111698e-01 -4.096017167942168080e-01 -3.300001383791255627e-01 -8.586058820007902437e-01 4.507852445740159197e-01
1.592833326771256924e+09 4.246499112685048760e-01 -6.321320124012718145e-01 6.481370009610091243e-01 -1.655802203880012702e-01 -7.580419384759946588e-01 -6.308372297889575098e-01 8.900874359852808393e-01 1.605663062071890357e-01 -4.265709998088286214e-01 -3.415598794069052979e-01 -8.518614920758081910e-01 4.564469976580068922e-01
1.592833326771275997e+09 4.253224697170431834e-01 -6.237152219459720648e-01 6.558049396918596008e-01 -1.858225059812905477e-01 -7.693568413937569295e-01 -6.111955883605866280e-01 8.857600088338036803e-01 1.380918998097869221e-01 -4.431250774030279782e-01 -3.529368784776799051e-01 -8.448962256009368010e-01 4.622105739046846740e-01
1.592833326771287918e+09 4.263250821619142261e-01 -6.152353395197271979e-01 6.631232174967524040e-01 -2.060420315245242440e-01 -7.798576063505265887e-01 -5.910742723401711807e-01 8.807914655531642323e-01 1.153585328550717215e-01 -4.592371972869906949e-01 -3.641301029364284458e-01 -8.377234377736717530e-01 4.680785119645813341e-01
1.592833326771302938e+09 4.276505875552576441e-01 -6.066968629499623900e-01 6.700999117354661250e-01 -2.262013765318701963e-01 -7.895461350750350160e-01 -5.704821103270028004e-01 8.751845019463005970e-01 9.238948724607495833e-02 -4.748855340660412261e-01 -3.751383942622267265e-01 -8.303555245861429235e-01 4.740535628782637789e-01
1.592833326771318913e+09 4.292958935969410361e-01 -5.981080688129194467e-01 6.767361184533051688e-01 -2.462689405300419465e-01 -7.984214283290350656e-01 -5.494313715790382080e-01 8.689399547156400061e-01 6.920954474921034438e-02 -4.900544809306049410e-01 -3.859604359929225126e-01 -8.228040624283610160e-01 4.801386831015955203e-01
1.592833326771333933e+09 4.312631804308976746e-01 -5.894817275267169032e-01 6.830251550084420753e-01 -2.662185739627442316e-01 -8.064796503185407417e-01 -5.279377282022154061e-01 8.620555320361302787e-01 4.584612101734048678e-02 -5.047359637863579884e-01 -3.965947340782973174e-01 -8.150799384465478026e-01 4.863370271561585079e-01
1.592833326771353006e+09 4.335610867935251744e-01 -5.808356075459485401e-01 6.889519441025679924e-01 -2.860287591175289523e-01 -8.137145360963949914e-01 -5.060199631072913595e-01 8.545246241100564744e-01 2.233049551471420757e-02 -5.189306466430845255e-01 -4.070396079789448396e-01 -8.071934719806173053e-01 4.926519390284745392e-01
1.592833326771394968e+09 4.362057288415136513e-01 -5.721926997853994390e-01 6.944926757682196028e-01 -3.056812765345031102e-01 -8.201181757085262980e-01 -4.836994267194708041e-01 8.463353469745872326e-01 -1.300946662773002152e-03 -5.326488414189610721e-01 -4.172931906019746173e-01 -7.991545269585058620e-01 4.990869419343002544e-01
1.592833326771423101e+09 4.392213096844996278e-01 -5.635810653173857210e-01 6.996149113564655853e-01 -3.251593108803255139e-01 -8.256822045625468176e-01 -4.609992624468655098e-01 8.374700376166569482e-01 -2.500560260165558130e-02 -5.459108500466529623e-01 -4.273534364588780776e-01 -7.909726160270948991e-01 5.056457255778540327e-01
1.592833326771456003e+09 4.426404593391387032e-01 -5.550334955653548619e-01 7.042778165000664892e-01 -3.444452629585953440e-01 -8.303992145988181584e-01 -4.379436100447631208e-01 8.279051182487918714e-01 -4.873359694071230375e-02 -5.587469480654457810e-01 -4.372181380722265920e-01 -7.826569972263168751e-01 5.123321298517216071e-01
1.592833326771498919e+09 4.465041566044886112e-01 -5.465869561631843121e-01 7.084325922377805451e-01 -3.635183106106931739e-01 -8.342643764097315007e-01 -4.145568579391963326e-01 8.176114457547741798e-01 -7.242685884478688996e-02 -5.711968786280622323e-01 -4.468849513479948854e-01 -7.742167639407037116e-01 5.191501236365320127e-01
1.592833326771528959e+09 4.508610580727445138e-01 -5.382817762076115287e-01 7.120231990419034762e-01 -3.823518168993728095e-01 -8.372772463293276513e-01 -3.908630210865647880e-01 8.065552644880108479e-01 -9.601844852769352012e-02 -5.833087202629370083e-01 -4.563514309188563822e-01 -7.656609284063137233e-01 5.261037772744973084e-01
1.592833326771558046e+09 4.557660383882937150e-01 -5.301605337040522503e-01 7.149875012977757738e-01 -4.009107575863387063e-01 -8.394437033055928143e-01 -3.668853142224822173e-01 7.946998697319735960e-01 -1.194323145485767790e-01 -5.951369922592023576e-01 -4.656150758673094914e-01 -7.569984981261257406e-01 5.331972277736356514e-01
1.592833326771588087e+09 4.612779149113944155e-01 -5.222666663911125218e-01 7.172588198476702592e-01 -4.191494629819826900e-01 -8.407778794173128567e-01 -3.426460061410777636e-01 7.820079367552396077e-01 -1.425836138337765457e-01 -6.067400598144888635e-01 -4.746733851879335053e-01 -7.482385437035242726e-01 5.404346366220885711e-01
1.592833326771614075e+09 4.674563307861432926e-01 -5.146428082198616361e-01 7.187679451763917537e-01 -4.370099833877684747e-01 -8.413039318973390968e-01 -3.181665742240831762e-01 7.684444374718105708e-01 -1.653797883531204216e-01 -6.181768940915581823e-01 -4.835239216067356294e-01 -7.393902563021208518e-01 5.478201407508133114e-01
1.592833326771634102e+09 4.743581536083216199e-01 -5.073289992017689931e-01 7.194453620197974741e-01 -4.544214162003313295e-01 -8.410574319896284567e-01 -2.934681804787120929e-01 7.539797867718691649e-01 -1.877223559871946945e-01 -6.295036127520153846e-01 -4.921643809708616257e-01 -7.304629926621746261e-01 5.553577983414392794e-01
1.592833326771673918e+09 4.820336680110341998e-01 -5.003608436180259078e-01 7.192235878607203814e-01 -4.713003752685285264e-01 -8.400862046662976867e-01 -2.685723838392705676e-01 7.385929186196982243e-01 -2.095094154829330868e-01 -6.407700879836786267e-01 -5.005926636344744107e-01 -7.214663060121349059e-01 5.630515319433334609e-01
1.592833326771689892e+09 4.905230490493199813e-01 -4.937677679240371487e-01 7.180393651940222277e-01 -4.875526356199864630e-01 -8.384504798583728435e-01 -2.435019931853905084e-01 7.222738858035959719e-01 -2.306386447597968403e-01 -6.520170624265241299e-01 -5.088069436864570694e-01 -7.124099619347945556e-01 5.709050719893263848e-01
1.592833326771739960e+09 4.998535180863331595e-01 -4.875714969002326593e-01 7.158355230950361747e-01 -5.030757806211818561e-01 -8.362223117657334726e-01 -2.182819383676757874e-01 7.050256872444221612e-01 -2.510105196738847688e-01 -6.632740757819138855e-01 -5.168057310842575358e-01 -7.033039391139477292e-01 5.789219045698719146e-01
1.592833326771779060e+09 5.100374044422624209e-01 -4.817848225709868704e-01 7.125624401184815770e-01 -5.177625452713707777e-01 -8.334843063654997497e-01 -1.929400376192623723e-01 6.868651927796303180e-01 -2.705315065814186126e-01 -6.745583081990501606e-01 -5.245879232273867876e-01 -6.941584164192288187e-01 5.871052263991272113e-01
1.592833326771810055e+09 5.210712551905239964e-01 -4.764107370720250811e-01 7.081790429504558615e-01 -5.315044729770527221e-01 -8.303277692000112786e-01 -1.675075856810890884e-01 6.678231371334550914e-01 -2.891169409903001086e-01 -6.858743705719126948e-01 -5.321528429537626392e-01 -6.849837486899310601e-01 5.954579096604326605e-01
1.592833326771852970e+09 5.329361767288447460e-01 -4.714420110330174163e-01 7.026531591221573114e-01 -5.441954002949784819e-01 -8.268504997834822401e-01 -1.420197791351008321e-01 6.479432059259168097e-01 -3.066931390004195568e-01 -6.972151179157619616e-01 -5.395002614572808053e-01 -6.757904344488611104e-01 6.039824783106431116e-01
1.592833326771886110e+09 5.455990391813927420e-01 -4.668611330828817407e-01 6.959614724382885420e-01 -5.557344770568083403e-01 -8.231544348650566834e-01 -1.165159548404163525e-01 6.272805430839901719e-01 -3.231987918398862014e-01 -7.085630963345944666e-01 -5.466304069729785997e-01 -6.665890791935397131e-01 6.126810955837045380e-01
1.592833326771938086e+09 5.590142305771501618e-01 -4.626405461751235126e-01 6.880892495196985204e-01 -5.660285689811316301e-01 -8.193432986836359788e-01 -9.103965267606881073e-02 6.058999499828781055e-01 -3.385857117547255712e-01 -7.198923299161250622e-01 -5.535439616490465120e-01 -6.573903575736409488e-01 6.215555611097666189e-01
1.592833326771974087e+09 5.731257799413871368e-01 -4.587431312922148896e-01 6.790298816078362831e-01 -5.749939381298139196e-01 -8.155204175641903586e-01 -6.563855581809452389e-02 5.838739690747996036e-01 -3.528189171443060212e-01 -7.311702949434792931e-01 -5.602420495885123142e-01 -6.482049769878681644e-01 6.306073154989488838e-01
1.592833326772017956e+09 5.878695461742579065e-01 -4.551228559781664851e-01 6.687844068941133369e-01 -5.825572741641773522e-01 -8.117867603431301315e-01 -4.036432100255793465e-02 5.612810519557717148e-01 -3.658762659205430090e-01 -7.423598446961133801e-01 -5.667262183253324315e-01 -6.390436443428402224e-01 6.398374507109435561e-01
1.592833326772056103e+09 6.031753173759907272e-01 -4.517255322608789148e-01 6.573610729801091512e-01 -5.886561682929408734e-01 -8.082392418344386265e-01 -1.527232299139160560e-02 5.382039133329774572e-01 -3.777477620423494997e-01 -7.534209820617160380e-01 -5.729984154882712399e-01 -6.299170371703425308e-01 6.492467248774214106e-01
1.592833326772087097e+09 6.189687670011257969e-01 -4.484896337395400945e-01 6.447749329516782035e-01 -5.932390956243815960e-01 -8.049693319181107087e-01 9.578645732301382942e-03 5.147281235664310506e-01 -3.884345805466648538e-01 -7.643124594765499102e-01 -5.790609629894652999e-01 -6.208357797069361528e-01 6.588355796969799227e-01
1.592833326772114992e+09 6.351731828767300803e-01 -4.453471210154166249e-01 6.310475178741185021e-01 -5.962650286514526998e-01 -8.020619577024095115e-01 3.412670470246358112e-02 4.909409777704405453e-01 -3.979479338738081684e-01 -7.749931603163645599e-01 -5.849165302605572325e-01 -6.118104241076008920e-01 6.686041591387605898e-01
