1.583561770073225021e+09 -1.422075953254222647e-01 9.892310486943152459e-02 9.848813224706340907e-01 2.552514155991289502e-01 -9.576770470097774046e-01 1.330465650727316318e-01 9.563596158574432238e-01 2.703125838521546753e-01 1.109386873943885299e-01 -2.445968598501952612e-02 1.596528365784415593e+00 1.610357377865013762e+00
1.583561770073271036e+09 -1.634530609088931663e-01 9.382287576991385492e-02 9.820796123834257818e-01 2.615773640742461992e-01 -9.557172266599207600e-01 1.348401471442459976e-01 9.512414938701649891e-01 2.789298311114238316e-01 1.316729655211519856e-01 -3.022159959013316285e-02 1.595801158876852810e+00 1.605366820109995540e+00
1.583561770073296070e+09 -1.846038270731915343e-01 8.925514540456908064e-02 9.787517286053859511e-01 2.681244808338825170e-01 -9.535177201205672359e-01 1.375253438692762009e-01 9.455319613773137677e-01 2.878150039040620056e-01 1.520915307869252497e-01 -3.600154755845527688e-02 1.595105312037505829e+00 1.600392672580422726e+00
1.583561770073317051e+09 -2.056401603478557327e-01 8.517712830713582151e-02 9.749138328425855926e-01 2.748068671054988421e-01 -9.510955824168455530e-01 1.410616138862856306e-01 9.392514628284863720e-01 2.969209490077148739e-01 1.721761882892607065e-01 -4.179014576712254680e-02 1.594426669137174013e+00 1.595426213119272463e+00
1.583561770073337078e+09 -2.265464105414389251e-01 8.155031559566938704e-02 9.705803779716706270e-01 2.815492030612959939e-01 -9.484651432120807524e-01 1.454094851850840364e-01 9.324198465887820753e-01 3.062081288588900940e-01 1.919109473474808203e-01 -4.757896078755766145e-02 1.593748521380031091e+00 1.590459938734541057e+00
1.583561770073357105e+09 -2.473098428688440265e-01 7.834174272415446449e-02 9.657641602270712333e-01 2.882854232112703752e-01 -9.456381557645201497e-01 1.505323657640726120e-01 9.250564072403827387e-01 3.156438653819615969e-01 2.112808412517853951e-01 -5.336072323668448331e-02 1.593051775482096533e+00 1.585488026313816690e+00
1.583561770073375940e+09 -2.679197097819712159e-01 7.552442715370327742e-02 9.604764912437586677e-01 2.949571484223711404e-01 -9.426240766305803431e-01 1.563973489855517152e-01 9.171800858636204312e-01 3.252013393372661931e-01 2.302710993711779563e-01 -5.912951201901223836e-02 1.592315223458737661e+00 1.580506790314218257e+00
1.583561770073394060e+09 -2.883665678264601961e-01 7.307698647306813677e-02 9.547274358863273580e-01 3.015121388185215134e-01 -9.394304435056138880e-01 1.629750655218455690e-01 9.088097451688486039e-01 3.348584714680783447e-01 2.488667342131836158e-01 -6.488089770947319534e-02 1.591515911318118537e+00 1.575515116474476285e+00
1.583561770073412895e+09 -3.086418161261725857e-01 7.098256302895426806e-02 9.485260699205597668e-01 3.079029922525982066e-01 -9.360633037809753532e-01 1.702387696798224603e-01 8.999644309189491764e-01 3.445968182032710381e-01 2.670525345329552991e-01 -7.061203488800958661e-02 1.590629597648230087e+00 1.570514850511534055e+00
1.583561770073432922e+09 -3.287374173071150318e-01 6.922728557538262995e-02 9.418807215558852031e-01 3.140862336772448082e-01 -9.325276395971089372e-01 1.781629569563578930e-01 8.906635439419930966e-01 3.544005987287811021e-01 2.848133904156421869e-01 -7.632169572235415755e-02 1.589631287174253726e+00 1.565511122467751370e+00
1.583561770073451996e+09 -3.487360863568705893e-01 6.779130371925948251e-02 9.347660035843511350e-01 3.200484062044363087e-01 -9.288107407534578197e-01 1.867608780675399094e-01 8.808814676156321299e-01 3.643006273154338892e-01 3.022133239875328115e-01 -8.201024027851810949e-02 1.588495819604557102e+00 1.560512590761112151e+00
1.583561770073471069e+09 -3.684190478539604019e-01 6.795906398585596642e-02 9.271725681042716216e-01 3.255504884660302967e-01 -9.247444448813700868e-01 1.971410437989033482e-01 8.707952025980008059e-01 3.744719980801772263e-01 3.185693614157339981e-01 -8.768781497730596119e-02 1.587269126530324259e+00 1.555523150448522740e+00
1.583561770073489904e+09 -3.876582798422810727e-01 6.990351740818034898e-02 9.191488217738249533e-01 3.304346740142385941e-01 -9.203168379993641457e-01 2.093557831384210144e-01 8.605428429243278110e-01 3.848771440519600517e-01 3.336698963418854302e-01 -9.335771590812307064e-02 1.585955856169168676e+00 1.550547038574296765e+00
1.583561770073508978e+09 -4.062974741751935182e-01 7.377743492919812407e-02 9.107575159276197763e-01 3.345381454161241441e-01 -9.155189749262790944e-01 2.234037507317655769e-01 8.502979430585574372e-01 3.954515099377724496e-01 3.472916808174420500e-01 -9.902297877328246345e-02 1.584559710430595292e+00 1.545588236426913120e+00
1.583561770073528051e+09 -4.241541205067244080e-01 7.970314720758261973e-02 9.020757676752525489e-01 3.377027884287213677e-01 -9.103461602039474299e-01 2.392210177198921817e-01 8.402678792942819275e-01 4.061000824874846371e-01 3.592110998794861287e-01 -1.046864599736152951e-01 1.583083276580875554e+00 1.540650699715913285e+00
1.583561770073546886e+09 -4.410244359880111098e-01 8.776165105261629629e-02 8.931938981601352801e-01 3.397864185599318576e-01 -9.047999543345833784e-01 2.566753444098133219e-01 8.306880502647938647e-01 4.166952547275616370e-01 3.692186724442436674e-01 -1.103509469771253720e-01 1.581527902677621000e+00 1.535738618283390311e+00
1.583561770073565960e+09 -4.566915266979351684e-01 9.798219271277458509e-02 8.842128361418581939e-01 3.406743740662804276e-01 -8.988908301027656034e-01 2.755653215505438625e-01 8.218113046959210077e-01 4.270770018896261622e-01 3.771358033621818318e-01 -1.160192921122079335e-01 1.579893627270157808e+00 1.530856697317853676e+00
1.583561770073585987e+09 -4.709367082410971239e-01 1.103339660900805597e-01 8.752399859480800570e-01 3.402898040664961155e-01 -8.926411288358512275e-01 2.956258858567505365e-01 8.138927855122007893e-01 4.370563248773151610e-01 3.828319511516866669e-01 -1.216945612413449923e-01 1.578179172799810681e+00 1.526010450195329549e+00
1.583561770073604107e+09 -4.835532290514653053e-01 1.247217700446856953e-01 8.663837227206800939e-01 3.386007253416014051e-01 -8.860876908096895210e-01 3.165409184027224709e-01 8.071714958432189002e-01 4.464225401495356405e-01 3.862396823105292976e-01 -1.273801862805526153e-01 1.576382009344111879e+00 1.521206491783910764e+00
1.583561770073622942e+09 -4.943610324196225925e-01 1.409870277605609068e-01 8.577469486234097218e-01 3.356222455230488122e-01 -8.792833515015783252e-01 3.379622702488601083e-01 8.018509076912462286e-01 4.549543338182224783e-01 3.873650425908664596e-01 -1.330801085644970072e-01 1.574498492158004082e+00 1.516452820154713166e+00
1.583561770073641062e+09 -5.032207791207307102e-01 1.589147972866362390e-01 8.494203523044373538e-01 3.314132033981391223e-01 -8.722964843497175158e-01 3.595332140902312568e-01 7.980815348730221359e-01 4.624337040946443489e-01 3.862912544424349504e-01 -1.387988988520197919e-01 1.572524072701824815e+00 1.511759074267897018e+00
1.583561770073657990e+09 -5.100451624677480034e-01 1.782464901332732610e-01 8.414761560751081726e-01 3.260676138559226445e-01 -8.652080268051449696e-01 3.809133517951265868e-01 7.959483925914858649e-01 4.686611347221601442e-01 3.831747608841808428e-01 -1.445418396025931473e-01 1.570453578519279692e+00 1.507136755545972262e+00
1.583561770073676109e+09 -5.148057532214176391e-01 1.986969789043309675e-01 8.339631570213057454e-01 3.197024549818662797e-01 -8.581059503714891790e-01 4.018015906453784591e-01 7.954655095985116997e-01 4.734698391735649992e-01 3.782339681715811142e-01 -1.503149562979382847e-01 1.568281552604569251e+00 1.502599402568811193e+00
1.583561770073694944e+09 -5.175344272565033377e-01 2.199738094918196607e-01 8.269036461320399267e-01 3.124441998233946638e-01 -8.510777295992869584e-01 4.219541683718585623e-01 7.965781435828329649e-01 4.767370568953419041e-01 3.717324844502791215e-01 -1.561249869023442483e-01 1.566002639040322553e+00 1.498162709844027773e+00
1.583561770073712111e+09 -5.183194096166874321e-01 2.417959274340483466e-01 8.202924596358540654e-01 3.044166507023410295e-01 -8.442018306841402309e-01 4.411958429929505043e-01 7.991717541451400786e-01 4.783910520160211122e-01 3.639594880948512357e-01 -1.619792816679675174e-01 1.563611999312818801e+00 1.493844582995260462e+00
1.583561770073729992e+09 -5.172968093352001695e-01 2.639096505928927860e-01 8.140980945930785806e-01 2.957320972459321351e-01 -8.375394490115753987e-01 4.594237673841596314e-01 8.030856354988361590e-01 4.784133858704818221e-01 3.552099302131822012e-01 -1.678856293335616590e-01 1.561105741998672691e+00 1.489665124116414940e+00
1.583561770073749065e+09 -5.146390337283224259e-01 2.861003450738218157e-01 8.082655861511988116e-01 2.864868634274917447e-01 -8.311276520966012216e-01 4.766047660624196380e-01 8.081286669100806730e-01 4.768368888616329460e-01 3.457667412947296737e-01 -1.738520101677440421e-01 1.558481347462810751e+00 1.485646542519241553e+00
1.583561770073767900e+09 -5.105416889093140620e-01 3.081991092904753371e-01 8.027206819079132361e-01 2.767613111483832600e-01 -8.249747604808982393e-01 4.927675123731852236e-01 8.140948106781142890e-01 4.737403864096868533e-01 3.358864179422083041e-01 -1.798862809359355608e-01 1.555738069048551164e+00 1.481812987402975068e+00
1.583561770073786974e+09 -5.052104104263314133e-01 3.300845641723827439e-01 7.973748315168395218e-01 2.666235434596879728e-01 -8.190584009951764610e-01 5.079913600266933171e-01 8.207766611609997875e-01 4.692414265291712794e-01 3.257885147898124112e-01 -1.859958018779488131e-01 1.552877292161483291e+00 1.478190301320398969e+00
1.583561770073805094e+09 -4.988486449277212964e-01 3.516803802379389610e-01 7.921306330738618895e-01 2.561355101865994133e-01 -8.133263693837655683e-01 5.223933549692394429e-01 8.279762255721517805e-01 4.634880010751203927e-01 3.156489236372660989e-01 -1.921870203567608293e-01 1.549902833857410123e+00 1.474805695503435654e+00
1.583561770073822021e+09 -4.916471237843795805e-01 3.729494346120277859e-01 7.868874285065419194e-01 2.453600556796964594e-01 -8.077001456134256241e-01 5.361146499420176292e-01 8.355127461562733560e-01 4.566499689275531626e-01 3.055965594301575106e-01 -1.984650297060764901e-01 1.546821167637966177e+00 1.471687350283130913e+00
1.583561770073841095e+09 -4.837755232175943165e-01 3.938856202052207212e-01 7.815467750401211555e-01 2.343675213195967333e-01 -8.020806724039090119e-01 5.493072545817561103e-01 8.432277914804094943e-01 4.489105849470809706e-01 2.957130004653551469e-01 -2.048331241294635841e-01 1.543641561566738707e+00 1.468863943894096247e+00
1.583561770073858976e+09 -4.753765929859565254e-01 4.145043660578529021e-01 7.760175420727060125e-01 2.232407421215457100e-01 -7.963558411311322249e-01 5.621218243253798263e-01 8.509880528759560248e-01 4.404582896758222899e-01 2.860346642715194121e-01 -2.112923726957897375e-01 1.540376120116853320e+00 1.466364114882623193e+00
1.583561770073877096e+09 -4.665628599127448206e-01 4.348329011023255308e-01 7.702203880146889503e-01 2.120775996874671443e-01 -7.904090123039558824e-01 5.746970375850498636e-01 8.586863162418360007e-01 4.314787845531288246e-01 2.765571713520779684e-01 -2.178412369553827943e-01 1.537039722528118491e+00 1.464215866053946158e+00
1.583561770073894978e+09 -4.574158579771918087e-01 4.549012174220827265e-01 7.640913659395838220e-01 2.009906705322248854e-01 -7.841278198465461147e-01 5.871510133954074284e-01 8.662410077286156751e-01 4.221474205363209276e-01 2.672415987650976210e-01 -2.244752573729800194e-01 1.533649853029740662e+00 1.462445921740352262e+00
1.583561770073913097e+09 -4.479877104067584437e-01 4.747345790244408836e-01 7.575843788301866999e-01 1.901039744765464778e-01 -7.774124169169722709e-01 5.995751937339277582e-01 8.735945801422601020e-01 4.126221196685619375e-01 2.580222784043531559e-01 -2.311868334467617747e-01 1.530226321364618336e+00 1.461079055787225967e+00
1.583561770073930979e+09 -4.383047254439780271e-01 4.943482351260227725e-01 7.506722256256641579e-01 1.795473454948128544e-01 -7.701822867920306015e-01 6.120310415878505994e-01 8.807109166014139845e-01 4.030373030884187857e-01 2.488156223893379926e-01 -2.379651206719379797e-01 1.526790876244078055e+00 1.460137416734017757e+00
1.583561770073950052e+09 -4.283724535481177043e-01 5.137446711322832815e-01 7.433461200335077512e-01 1.694493246288056865e-01 -7.623809182698136899e-01 6.245496472422844558e-01 8.875719506981208928e-01 3.934993627514487002e-01 2.395292969446921882e-01 -2.447960623644873657e-01 1.523366720825140685e+00 1.459639882564970126e+00
1.583561770073967934e+09 -4.181815184443687383e-01 5.329133436036229687e-01 7.356137478903526095e-01 1.599297194333760275e-01 -7.539779268289181768e-01 6.371340288559956822e-01 8.941737542088419310e-01 3.840841759458010207e-01 2.300709527923569808e-01 -2.516625665518291699e-01 1.519977946621574372e+00 1.459601481633752140e+00
1.583561770073986053e+09 -4.077134973217138025e-01 5.518324692256710851e-01 7.274961376217181641e-01 1.510930076632628904e-01 -7.449685726011079367e-01 6.497635946261389739e-01 9.005224080386217134e-01 3.748369670890518424e-01 2.203557146308798009e-01 -2.585448279263655169e-01 1.516648909898806075e+00 1.460032918604479368e+00
1.583561770074002981e+09 -3.969462020014208337e-01 5.704721598309983044e-01 7.190238019835819561e-01 1.430235523132694364e-01 -7.353710187699727951e-01 6.623999760465351105e-01 9.066300107779956541e-01 3.657744930502587200e-01 2.103117781704112454e-01 -2.654207827695786448e-01 1.513403581357353200e+00 1.460940240289678060e+00
1.583561770074021101e+09 -3.858578948926516539e-01 5.887980873866339726e-01 7.102327065711457887e-01 1.357831605907104944e-01 -7.252220019433214260e-01 6.749933193942462273e-01 9.125111607493865407e-01 3.568891429367014867e-01 1.998837697473122010e-01 -2.722666730708690475e-01 1.510264903652160928e+00 1.462324665525492451e+00
1.583561770074038029e+09 -3.744301970419761649e-01 6.067749418538942452e-01 7.011606076540756183e-01 1.294111362493473583e-01 -7.145717108186749877e-01 6.874882020383107362e-01 9.181801487731728884e-01 3.481543338787825848e-01 1.890337918124112282e-01 -2.790576872965514488e-01 1.507254190873063449e+00 1.464182588918942818e+00
1.583561770074055910e+09 -3.626497038447474841e-01 6.243691625791906175e-01 6.918441597397492204e-01 1.239263407032836217e-01 -7.034787215096454105e-01 6.998285150610774608e-01 9.236489888614233257e-01 3.395303187784772803e-01 1.777405644531898643e-01 -2.857686405211539160e-01 1.504390600198244554e+00 1.466505754916352045e+00
1.583561770074074030e+09 -3.505085027190741886e-01 6.415507154009435498e-01 6.823169859637769896e-01 1.193306078011490967e-01 -6.920055988734048480e-01 7.119609941557282218e-01 9.289262596175700271e-01 3.309696827002306385e-01 1.659972095334804609e-01 -2.923746555933312008e-01 1.501690699857486377e+00 1.469281587764896813e+00
1.583561770074091911e+09 -3.380039038658602113e-01 6.582939439752892863e-01 6.726086860436903958e-01 1.156127185914165023e-01 -6.802155186156736422e-01 7.238373764623213802e-01 9.340166275367355331e-01 3.224219777464487624e-01 1.538083482703533345e-01 -2.988518088939092765e-01 1.499168150429401436e+00 1.472493654777012440e+00
1.583561770074110031e+09 -3.251376809457477979e-01 6.745776719127039023e-01 6.627446365158908836e-01 1.127523689465280976e-01 -6.681699842552619728e-01 7.354153761424989666e-01 9.389208656590899427e-01 3.138372777012718440e-01 1.411870086152496040e-01 -3.051777089376818131e-01 1.496833508328422546e+00 1.476122232994846462e+00
1.583561770074127913e+09 -3.119150980296943043e-01 6.903848026725383225e-01 6.527463489782607819e-01 1.107236691889284946e-01 -6.559275417195478131e-01 7.466587769018964149e-01 9.436361803928410286e-01 3.051686163975508848e-01 1.281517649753476928e-01 -3.113319829092719981e-01 1.494694152153354771e+00 1.480144945018471159e+00
1.583561770074146032e+09 -2.983439457154456464e-01 7.057016667983133651e-01 6.426321247631062716e-01 1.094978972352187579e-01 -6.435432728513271750e-01 7.575369736840652513e-01 9.481566857856297270e-01 2.963734361087487779e-01 1.147243906751605341e-01 -3.172966542996936146e-01 1.492754325128960113e+00 1.484537428519381086e+00
1.583561770074165106e+09 -2.844337438864184553e-01 7.205173242658546862e-01 6.324177662084228269e-01 1.090454037826008443e-01 -6.310687948477310405e-01 7.680242679192280653e-01 9.524739080398348934e-01 2.874142685927577046e-01 1.009281574155446032e-01 -3.230564036715101728e-01 1.491015280316697833e+00 1.489274004846301347e+00
1.583561770074183941e+09 -2.701952002311166501e-01 7.348229663686248747e-01 6.221171610828658549e-01 1.093367144283540204e-01 -6.185524968165464488e-01 7.780991528009609803e-01 9.565772508763424886e-01 2.782589027706239837e-01 8.678678690578350841e-02 -3.285987120569539011e-01 1.489475511401834540e+00 1.494328317305511522e+00
1.583561770074202061e+09 -2.556399243250195297e-01 7.486114777584824687e-01 6.117426621577756185e-01 1.103430220070815843e-01 -6.060398100127264431e-01 7.877437186062656860e-01 9.604543960175924155e-01 2.688802786430048442e-01 7.232391840894736301e-02 -3.339138937277896235e-01 1.488131048805675372e+00 1.499673914476957304e+00
1.583561770074225903e+09 -2.407803568161920316e-01 7.618771677966816869e-01 6.013052479449162435e-01 1.120362740389009987e-01 -5.935733869403976293e-01 7.969432273663724642e-01 9.640916415543788753e-01 2.592562741853861041e-01 5.756293275343989796e-02 -3.389950295306208283e-01 1.486975800743523868e+00 1.505284761637048829e+00
1.583561770074244976e+09 -2.256298485662315556e-01 7.746156466348964598e-01 5.908144985263171778e-01 1.143890417258923431e-01 -5.811931371009098068e-01 8.056858473061193626e-01 9.674741954248976539e-01 2.493694800421367153e-01 4.252697799213454866e-02 -3.438378142733369280e-01 1.486001920261681652e+00 1.511135670773982254e+00
1.583561770074263096e+09 -2.102028295086713905e-01 7.868238140410607206e-01 5.802784300393645234e-01 1.173742961567485893e-01 -5.689361114402812225e-01 8.139625149418516781e-01 9.705864440183802344e-01 2.392069960541324536e-01 2.723908906692848811e-02 -3.484403341905221163e-01 1.485200180176821538e+00 1.517202644338630169e+00
1.583561770074280977e+09 -1.945149770978323034e-01 7.984999002229474785e-01 5.697032852925245638e-01 1.209652275240777619e-01 -5.568362943805946763e-01 8.217668495504548698e-01 9.734122136374615541e-01 2.287602474454734081e-01 1.172227694540794660e-02 -3.528027935300289131e-01 1.484560338545594105e+00 1.523463131235354817e+00
1.583561770074299097e+09 -1.785833472184917836e-01 8.096435284638127117e-01 5.590933241932244391e-01 1.251351330964716735e-01 -5.449243498643542294e-01 8.290950798427061397e-01 9.759350320615389762e-01 2.180247920559825192e-01 -4.000436310042683810e-03 -3.569272094049789623e-01 1.484071480269351762e+00 1.529896198642296534e+00
1.583561770074316978e+09 -1.624264836864559303e-01 8.202558074485890582e-01 5.484505884659433006e-01 1.298573204044092266e-01 -5.332273177998234637e-01 8.359459934223841815e-01 9.781383920377912933e-01 2.070000920550474077e-01 -1.990598296011615240e-02 -3.608170927679605899e-01 1.483722323974221435e+00 1.536482627286873903e+00
1.583561770074335098e+09 -1.460644403358575538e-01 8.303393975984568742e-01 5.377747337963428853e-01 1.351050949985097005e-01 -5.217683496093393769e-01 8.423208430763979848e-01 9.800060167255386645e-01 1.956892290240332954e-01 -3.597128121717468874e-02 -3.644771322009046077e-01 1.483501486357885923e+00 1.543204939915928664e+00
1.583561770074354887e+09 -1.295186926760226176e-01 8.398985199870313556e-01 5.270629797430392838e-01 1.408518396638667736e-01 -5.105665492576124675e-01 8.482231770424706330e-01 9.815221178119202250e-01 1.840985473033075193e-01 -5.217333968126929011e-02 -3.679128938546505911e-01 1.483397700164171384e+00 1.550047374809370604e+00
1.583561770074372053e+09 -1.128119769261608230e-01 8.489389225548055196e-01 5.163101431097595340e-01 1.470711203995968830e-01 -4.996369114660119681e-01 8.536586216249771875e-01 9.826716357203584273e-01 1.722372279463812994e-01 -6.848937075709995992e-02 -3.711305467289039428e-01 1.483399985599177962e+00 1.556995817062426735e+00
1.583561770074389935e+09 -9.596808643924174820e-02 8.574678159838403646e-01 5.055087251290684147e-01 1.537367786879152987e-01 -4.889903404041359702e-01 8.586346428485484017e-01 9.834404554961181377e-01 1.601168066248124244e-01 -8.489687259576904343e-02 -3.741366187702525048e-01 1.483497777659638528e+00 1.564037699806530402e+00
1.583561770074408054e+09 -7.901164713999861422e-02 8.654937880283950502e-01 4.946490298636065375e-01 1.608229881878756595e-01 -4.786337302078410016e-01 8.631603088692124670e-01 9.838155956929630630e-01 1.477506528369832151e-01 -1.013736578418070744e-01 -3.769377867601929610e-01 1.483681013343812971e+00 1.571161885904805988e+00
1.583561770074426889e+09 -6.196788465263015216e-02 8.730267000872444783e-01 4.837193013008452835e-01 1.683042689658878766e-01 -4.685700931076717257e-01 8.672460671127140142e-01 9.837853701703537235e-01 1.351534276431144987e-01 -1.178978230578481001e-01 -3.795407000451722079e-01 1.483940183995805739e+00 1.578358539154117057e+00
1.583561770074438095e+09 -4.486238694329675730e-02 8.800775635385962303e-01 4.727058796315538047e-01 1.761554649962751018e-01 -4.587987311651224309e-01 8.709035402745610721e-01 9.833395235781196009e-01 1.223405356479916883e-01 -1.344476662244511178e-01 -3.819518372205277235e-01 1.484266358111336226e+00 1.585618991822847823e+00
1.583561770074450970e+09 -2.772086710766921008e-02 8.866583951835019795e-01 4.615933751928624762e-01 1.843516895980855941e-01 -4.493154454373377016e-01 8.741453455022922814e-01 9.824693421729100429e-01 1.093275855807210317e-01 -1.510015594889727586e-01 -3.841773951667377673e-01 1.484651179542795241e+00 1.592935613261801775e+00
1.583561770074464083e+09 -1.056888171221695774e-02 8.927820004795308240e-01 4.503649615630007097e-01 1.928683172205931107e-01 -4.401128783632715091e-01 8.769848724697802966e-01 9.811677283684527850e-01 9.612988165372593485e-02 -1.675378611186525146e-01 -3.862232089425247650e-01 1.485086846139956007e+00 1.600301683150014087e+00
1.583561770074474096e+09 6.568516217363058914e-03 8.984616480488096801e-01 4.390028722282370843e-01 2.016810857046058558e-01 -4.311810765868472339e-01 8.794359663397686155e-01 9.794292187303872410e-01 8.276198649305054056e-02 -1.840349405292086848e-01 -3.880946990199734548e-01 1.485566074082406374e+00 1.607711272238242728e+00
1.583561770074486971e+09 2.366710544550670522e-02 9.037107131335521126e-01 4.274889651581672556e-01 2.107662228399070914e-01 -4.225081443264908643e-01 8.815126019048892259e-01 9.772499514801201714e-01 6.923738279319364974e-02 -2.004712383428943479e-01 -3.897968409490243924e-01 1.486082052809110765e+00 1.615159132588320556e+00
1.583561770074496984e+09 4.070385534310574926e-02 9.085422297025903537e-01 4.158054993043934222e-01 2.201007235980015353e-01 -4.140811302259087001e-01 8.832284467180697707e-01 9.746275534116578543e-01 5.556828834492599095e-02 -2.168255005941482072e-01 -3.913341534693534629e-01 1.486628394374067907e+00 1.622640598092928377e+00
1.583561770074517012e+09 5.765730480281040793e-02 9.129683476545303877e-01 4.039361727158823356e-01 2.296628473517526026e-01 -4.058872049356010425e-01 8.845962657876161872e-01 9.715609152212290045e-01 4.176569505271942456e-02 -2.330772725469664186e-01 -3.927107025073805491e-01 1.487199080134568030e+00 1.630151495209528845e+00
1.583561770074534893e+09 7.450788740091812690e-02 9.169997704723337195e-01 3.918673192717939124e-01 2.394328065569083230e-01 -3.979150329312158840e-01 8.856272114954324426e-01 9.680498469059334310e-01 2.783967950048713350e-02 -2.492076371169047455e-01 -3.939301179741194758e-01 1.487788407312092609e+00 1.637688063684961337e+00
1.583561770074551105e+09 9.123810100838412873e-02 9.206453022999135927e-01 3.795890363564355940e-01 2.493935250669057357e-01 -3.901561077209274586e-01 8.863301198155812965e-01 9.640946420415288376e-01 1.379997085800863457e-02 -2.652000796338798150e-01 -3.949956188424740278e-01 1.488390937550789994e+00 1.645246887019227611e+00
1.583561770074563980e+09 1.078324617848080008e-01 9.239116003271319322e-01 3.670960571988052812e-01 2.595313535635822566e-01 -3.826058509387061934e-01 8.867109108240788240e-01 9.596955959759964072e-01 -3.432837898818402733e-04 -2.810413589975652715e-01 -3.959100427803466382e-01 1.489001448727320653e+00 1.652824831988209286e+00
1.583561770074579954e+09 1.242772503006463886e-01 9.268031382444757993e-01 3.543883579386096216e-01 2.698367386482980468e-01 -3.752644503213995453e-01 8.867720827981517839e-01 9.548525015754291134e-01 -1.457859736915145289e-02 -2.967223702058456314e-01 -3.966758777109419820e-01 1.489614890562819038e+00 1.660418996258315572e+00
1.583561770074590921e+09 1.405600710788327823e-01 9.293223482231874888e-01 3.414715797189813995e-01 2.803048971018602953e-01 -3.681375039419698680e-01 8.865122350433951581e-01 9.495641270125397826e-01 -2.889206675008512692e-02 -3.122390389052970838e-01 -3.972952954311817497e-01 1.490226344149155890e+00 1.668026662864279697e+00
1.583561770074604988e+09 1.566692041512519340e-01 9.314699665744120560e-01 3.283572171964545539e-01 2.909364202662464982e-01 -3.612364019651939651e-01 8.859256522346821150e-01 9.438277173625506666e-01 -4.326619352930379664e-02 -3.275931572581510798e-01 -3.977701868962063569e-01 1.490830985541220510e+00 1.675645260627084632e+00
1.583561770074618101e+09 1.725927403636773605e-01 9.332456031526986662e-01 3.150625182633356447e-01 3.017376940077450831e-01 -3.545783607115238767e-01 8.850020057375922455e-01 9.376385818723251830e-01 -5.767868366456310042e-02 -3.427930271780041949e-01 -3.981021984631499255e-01 1.491424053495572721e+00 1.683272329769879727e+00
1.583561770074628115e+09 1.883175203716208057e-01 9.346485489190243801e-01 3.016100160292577992e-01 3.127209591808793321e-01 -3.481859894396672761e-01 8.837262689749892930e-01 9.309898567842975758e-01 -7.210136614519255249e-02 -3.578537128652316546e-01 -3.982927692544648290e-01 1.492000821422227119e+00 1.690905492058236259e+00
1.583561770074636936e+09 2.038279564292148349e-01 9.356787040149816548e-01 2.880269558136138164e-01 3.239041512684471824e-01 -3.420866207151960214e-01 8.820787066629988127e-01 9.238724290681553653e-01 -8.649917351916759645e-02 -3.727970332967913136e-01 -3.983431700917359208e-01 1.492556573722524371e+00 1.698542424958589203e+00
1.583561770074645996e+09 2.191047805305957885e-01 9.363376128210377791e-01 2.743446194292186724e-01 3.353104224652764809e-01 -3.363113657043607652e-01 8.800349913007833313e-01 9.162750765769990258e-01 -1.008292633816649936e-01 -3.876511884883201975e-01 -3.982545447490093982e-01 1.493086586869505572e+00 1.706180839493091517e+00
1.583561770074656010e+09 2.341238009937990083e-01 9.366295780100076795e-01 2.605975434449334105e-01 3.469672441955199416e-01 -3.308938514253140784e-01 8.775665163244510403e-01 9.081848806729282408e-01 -1.150403969286918626e-01 -4.024499097257570046e-01 -3.980279542625299039e-01 1.493586115787824298e+00 1.713818461675387983e+00
1.583561770074666977e+09 2.488548001191153991e-01 9.365628041046077934e-01 2.468226137733580960e-01 3.589049904502431554e-01 -3.258685955802534395e-01 8.746409927930479666e-01 8.995879592928668345e-01 -1.290727415931947619e-01 -4.172310284717491990e-01 -3.976644244308565335e-01 1.494050386155461929e+00 1.721453017594076762e+00
1.583561770074677944e+09 2.632607365741824190e-01 9.361504717315400903e-01 2.330581024117310274e-01 3.711550424210414700e-01 -3.212690879238540576e-01 8.712233397123577694e-01 8.904705044405644143e-01 -1.428582082408265952e-01 -4.320345047635308910e-01 -3.971649958231953659e-01 1.494474593121014605e+00 1.729082222303917504e+00
1.583561770074687958e+09 2.772974385324862845e-01 9.354116382666747276e-01 2.193426493482301121e-01 3.837474607410169547e-01 -3.171256258636869774e-01 8.672769014708802127e-01 8.808200821793482627e-01 -1.563214785512072880e-01 -4.468999646674997051e-01 -3.965307751130792702e-01 1.494853906712080072e+00 1.736703772689434988e+00
1.583561770074697018e+09 2.909139006761299329e-01 9.343718273111538686e-01 2.057143431196213901e-01 3.967085352965680212e-01 -3.134631462503363331e-01 8.627648544042787471e-01 8.706270387633799901e-01 -1.693816534068869062e-01 -4.618640656188128801e-01 -3.957629857119839278e-01 1.495183483738615315e+00 1.744315344367327381e+00
1.583561770074706078e+09 3.040532453336350360e-01 9.330632193116014106e-01 1.922099191365473358e-01 4.100584363222010142e-01 -3.102991970258576759e-01 8.576517283581043261e-01 8.598858662694137678e-01 -1.819544924807026953e-01 -4.769579225706097603e-01 -3.948630153560656608e-01 1.495458485499349566e+00 1.751914592512944457e+00
1.583561770074717999e+09 3.166542733288735811e-01 9.315243866863489597e-01 1.788641619657434234e-01 4.238092963568347860e-01 -3.076422692486108224e-01 8.519048741042828388e-01 8.485963420307197635e-01 -1.939550242226640020e-01 -4.922049340646125759e-01 -3.938324581799208524e-01 1.495674100073066892e+00 1.759499156261173702e+00
1.583561770074728012e+09 3.286534338785230824e-01 9.297995858523554480e-01 1.657095374236704777e-01 4.379639480496717030e-01 -3.054906330866939412e-01 8.454957441256457651e-01 8.367643042155025190e-01 -2.053002763908642336e-01 -5.076192430860585469e-01 -3.926731486318436604e-01 1.495825567331272810e+00 1.767066666025299382e+00
1.583561770074738026e+09 3.399870064043727935e-01 9.279376726556360921e-01 1.527760170548958796e-01 4.525153912578456228e-01 -3.038317278671879840e-01 8.384009195161596928e-01 8.244019992383830875e-01 -2.159119196542682861e-01 -5.232049186023082221e-01 -3.913871857935108389e-01 1.495908204782262940e+00 1.774614752909992710e+00
1.583561770074747086e+09 3.505932521222299147e-01 9.259907464267486121e-01 1.400910751722419523e-01 4.674469917861526769e-01 -3.026421216656997593e-01 8.306028269234967398e-01 8.115279918956431748e-01 -2.257185946412522681e-01 -5.389558744922307021e-01 -3.899769471628695139e-01 1.495917432192211294e+00 1.782141059231712399e+00
1.583561770074757099e+09 3.604142029061563890e-01 9.240126817921883173e-01 1.276799376380306772e-01 4.827334242347494087e-01 -3.018880517270926545e-01 8.220900470024908868e-01 7.981666766159281057e-01 -2.346575554988641066e-01 -5.548565474371408568e-01 -3.884450920163045606e-01 1.495848793194455295e+00 1.789643249144450055e+00
1.583561770074765921e+09 3.693970106444477430e-01 9.220576787919458894e-01 1.155659368165106449e-01 4.983420444066821164e-01 -3.015263458310260547e-01 8.128573488478166853e-01 7.843475348910046163e-01 -2.426757095212017379e-01 -5.708830394796011731e-01 -3.867945558417795193e-01 1.495697972862233049e+00 1.797119018573269500e+00
1.583561770074774981e+09 3.774948416555130581e-01 9.201789215100723007e-01 1.037708879048580835e-01 5.142344501348374841e-01 -3.015055740797978334e-01 8.029055480708033876e-01 7.701042624216440924e-01 -2.497301372448349488e-01 -5.870045006627919726e-01 -3.850285380842470850e-01 1.495460810970067556e+00 1.804566103943125555e+00
1.583561770074784040e+09 3.846672869868073552e-01 9.184274221579032949e-01 9.231548513180731774e-02 5.303680948733902056e-01 -3.017673283886493918e-01 7.922412280909721938e-01 7.554738661530907562e-01 -2.557880958653799830e-01 -6.031846216706352459e-01 -3.831504855300346679e-01 1.495133311188083347e+00 1.811982289450877914e+00
1.583561770074793100e+09 3.908804028196814495e-01 9.168510679096002480e-01 8.121964176892410014e-02 5.466977755046272813e-01 -3.022475074798411376e-01 7.808764220477268925e-01 7.404958157363961124e-01 -2.608266929131921597e-01 -6.193830667588023919e-01 -3.811640730498775942e-01 1.494711646472164368e+00 1.819365412727313336e+00
1.583561770074801922e+09 3.961064670180940994e-01 9.154938713307885223e-01 7.050275588040735841e-02 5.631769208238269764e-01 -3.028775427689742172e-01 7.688282968044070076e-01 7.252112952833555948e-01 -2.648323354175026179e-01 -6.355567728829827345e-01 -3.790731829913672191e-01 1.494192160916723022e+00 1.826713368804343540e+00
1.583561770074810982e+09 4.003234924934837013e-01 9.143954269380850652e-01 6.018392473958397715e-02 5.797586703246665474e-01 -3.035855248653239746e-01 7.561188486641268192e-01 7.096625858147093124e-01 -2.677999860484929773e-01 -6.516610944454868104e-01 -3.768818846571478365e-01 1.493571368789502252e+00 1.834024112523987560e+00
1.583561770074820042e+09 4.035145849800353957e-01 9.135905487378549461e-01 5.028209631447217581e-02 5.963967216636866242e-01 -3.042971953680605468e-01 7.427746409978491782e-01 6.938925927378134517e-01 -2.697323235886514015e-01 -6.676507646979401578e-01 -3.745944147440691818e-01 1.492845951305068031e+00 1.841295659529897488e+00
