1.592833325503359079e+09 5.474919049853874675e-01 -6.989473184983446830e-01 -4.601361321445726627e-01 -6.455575711175910725e-02 5.129521172874356161e-01 -8.559863782875579696e-01 8.343171868765082433e-01 4.983500492331364717e-01 2.357160585353553217e-01 1.768094652012130175e-01 -5.450065021496948159e-01 5.241041642530457345e-01
1.592833325503629923e+09 5.654459148515613709e-01 -6.895015886280005946e-01 -4.526129437197791150e-01 -4.891528483688954015e-02 5.197643255510706606e-01 -8.529081668113885906e-01 8.233335972761532950e-01 5.044131296865995706e-01 2.601714479641244471e-01 1.744219918912969236e-01 -5.521800532845978493e-01 5.163750570232026327e-01
1.592833325503674984e+09 5.835128587585360904e-01 -6.802878170327545382e-01 -4.435326705283071935e-01 -3.342233595729312418e-02 5.255731977999077431e-01 -8.500916194351245680e-01 8.114158559195868703e-01 5.108632889412013656e-01 2.839419111621900860e-01 1.720907363298888326e-01 -5.594331019855875997e-01 5.087031931485684888e-01
1.592833325503699064e+09 6.016151706797977505e-01 -6.713963636998728779e-01 -4.327656518088147108e-01 -1.805473481552632986e-02 5.302112385647017589e-01 -8.476733269801263182e-01 7.985820014703250980e-01 5.177866023270537577e-01 3.068612414753024153e-01 1.698161869547935854e-01 -5.667776188426775219e-01 5.011016498486554616e-01
1.592833325503731012e+09 6.196439650287087764e-01 -6.629277122777856857e-01 -4.202001964159011171e-01 -2.789025243209125680e-03 5.335035390465898697e-01 -8.457932344217002907e-01 7.848780657236864577e-01 5.252626222804149814e-01 3.287333261574943433e-01 1.675971071110894939e-01 -5.742259036502463942e-01 4.935851545657974349e-01
1.592833325503751040e+09 6.374574996811417371e-01 -6.549902095026503002e-01 -4.057533262115805006e-01 1.239689593822275102e-02 5.352712114357862649e-01 -8.445892773550023325e-01 7.703857820487557406e-01 5.333596871925461169e-01 3.493324935479804050e-01 1.654303089727231779e-01 -5.817903566219679856e-01 4.861701022848378129e-01
1.592833325503770113e+09 6.548819483404372255e-01 -6.476969430015669937e-01 -3.893819512340879196e-01 2.752042446674850956e-02 5.353357466929169473e-01 -8.441908935852946438e-01 7.552299385524957609e-01 5.421294205396571808e-01 3.684066115919130135e-01 1.633104447915099400e-01 -5.894832149151441048e-01 4.788745508734872924e-01
1.592833325503787041e+09 6.717149056431719334e-01 -6.411618400714796939e-01 -3.710937624939411594e-01 4.259018605009122493e-02 5.335246347046196380e-01 -8.447115131800276844e-01 7.395844520405551181e-01 5.516003619413588632e-01 3.856836516967788731e-01 1.612298215509041510e-01 -5.973162560527313092e-01 4.717181944871480792e-01
1.592833325503803015e+09 6.877319445932886799e-01 -6.354951413547592631e-01 -3.509568319513969858e-01 5.760141166660863454e-02 5.296785667839979395e-01 -8.462403284917682234e-01 7.236759287635451399e-01 5.617708977107056523e-01 4.008822879709615927e-01 1.591782447073808726e-01 -6.053004697968527026e-01 4.647223152282684011e-01
1.592833325503822088e+09 7.026963035106392752e-01 -6.307985543164812414e-01 -3.291065011476969615e-01 7.253111771482435854e-02 5.236602637197499410e-01 -8.488340034881957097e-01 7.077832592737828277e-01 5.726020541286725996e-01 4.137266557842098069e-01 1.571428964789705895e-01 -6.134456997643290554e-01 4.579097129624921658e-01
1.592833325503840923e+09 7.163713770347878151e-01 -6.271604407486190969e-01 -3.057479875947479164e-01 8.733375504186062510e-02 5.153647507828624796e-01 -8.525092311492025177e-01 6.922318004158322102e-01 5.840110919570177250e-01 4.239648324698729875e-01 1.551082542671365638e-01 -6.217602562817482470e-01 4.513046130940148171e-01
1.592833325503859043e+09 7.285176163344204703e-01 -6.246789250173104824e-01 -2.811375526723349783e-01 1.019181159126651137e-01 5.046759496217509966e-01 -8.572717677819529092e-01 6.774029675529192884e-01 5.958845750897315829e-01 4.313314188968949692e-01 1.530666472220921781e-01 -6.301473706634765914e-01 4.447940742295677374e-01
1.592833325503875971e+09 7.389437942480742150e-01 -6.233932541549673800e-01 -2.556226120852737593e-01 1.161593194417592512e-01 4.915835999311290450e-01 -8.630484210630231523e-01 6.636784474114453269e-01 6.080513261796972602e-01 4.356655866368432384e-01 1.510105407527939370e-01 -6.386073745146398917e-01 4.383831675613031331e-01
1.592833325503894091e+09 7.475030086403110507e-01 -6.233188959204757351e-01 -2.295926964324440100e-01 1.299086071637094997e-01 4.761421142898589198e-01 -8.697197485961591923e-01 6.514315051999949313e-01 6.202920612927067534e-01 4.368921525240457848e-01 1.489314460472392077e-01 -6.471416013647516285e-01 4.320789387773769641e-01
1.592833325503911018e+09 7.541023524226524444e-01 -6.244485009292759514e-01 -2.034544468689735153e-01 1.430023874837777487e-01 4.584746008314048993e-01 -8.771267627203160888e-01 6.409991882620884596e-01 6.323488834439912054e-01 4.350344014689658811e-01 1.468194946320101058e-01 -6.557521707238148645e-01 4.258905044183238231e-01
1.592833325503930092e+09 7.587070283951564686e-01 -6.267542082167925077e-01 -1.776029496919774298e-01 1.552750956927856640e-01 4.387708046118155014e-01 -8.850818188120771479e-01 6.326557435359553283e-01 6.439404815776371693e-01 4.302178129314362387e-01 1.446630384866175179e-01 -6.644416889791980863e-01 4.198290744990642587e-01
1.592833325503948927e+09 7.613383736788935652e-01 -6.301906090541454786e-01 -1.523931665689144954e-01 1.665743402018938224e-01 4.172781836122906318e-01 -8.933822849045808256e-01 6.265914698250886206e-01 6.547814246381078451e-01 4.226634785480110623e-01 1.424483029046823834e-01 -6.732128694863318552e-01 4.139079004518839144e-01
1.592833325503967047e+09 7.620664511817485387e-01 -6.346976900408507483e-01 -1.281154418211259971e-01 1.767759665431514471e-01 3.942865246185844330e-01 -9.018250353980706846e-01 6.229004589362400202e-01 6.646028732026293406e-01 4.126718301445003734e-01 1.401591182337316444e-01 -6.820680794382832923e-01 4.081421521454965951e-01
1.592833325503984928e+09 7.609990205357887172e-01 -6.402031302339324936e-01 -1.049782976390982309e-01 1.857964807884784630e-01 3.701079192373651905e-01 -9.102196417119347016e-01 6.215787629712973272e-01 6.731716575011770232e-01 4.005992525793947157e-01 1.377767536818669813e-01 -6.910088259375628539e-01 4.025487315050549353e-01
1.592833325504105091e+09 7.582692606820939929e-01 -6.466236056502192575e-01 -8.310018720495626621e-02 1.936007427117120705e-01 3.450548095447506514e-01 -9.183985687844399282e-01 6.225323130831358354e-01 6.803051457475460806e-01 3.868312655974833203e-01 1.352798723992945096e-01 -7.000351976154325362e-01 3.971460320430503232e-01
1.592833325504206896e+09 7.540244626791665628e-01 -6.538651136320168256e-01 -6.251018356509849272e-02 2.002037795045237822e-01 3.194190101264817172e-01 -9.262234843469047130e-01 6.255921646407239800e-01 6.858803900445603619e-01 3.717560144764777696e-01 1.326446220438637913e-01 -7.091452818140486780e-01 3.919536544815570567e-01
1.592833325504229069e+09 7.484172296083407838e-01 -6.618226256266623864e-01 -4.315626057671522603e-02 2.056666668199038650e-01 2.934541981700029001e-01 -9.335876263369120576e-01 6.305337998004643119e-01 6.898372605811704528e-01 3.557410314119449080e-01 1.298448691686946987e-01 -7.183345806244926246e-01 3.869920887515901908e-01
1.592833325504249096e+09 7.415998929330758216e-01 -6.703794750465870145e-01 -2.491903751896312053e-02 2.100874239840609947e-01 2.673635599194015278e-01 -9.404148028528498404e-01 6.370972242849327616e-01 6.921763406552027265e-01 3.391150843778359958e-01 1.268525795421744928e-01 -7.275954516152884910e-01 3.822823717149881895e-01
1.592833325504270077e+09 7.337220458888826791e-01 -6.794069194072698270e-01 -7.628724081683378733e-03 2.135884767780777960e-01 2.412933201182559939e-01 -9.466559546993447150e-01 6.450053659237405812e-01 6.929529362268472825e-01 3.221557174894654207e-01 1.236383389946019290e-01 -7.369166012000862853e-01 3.778457298090355798e-01
1.592833325504287958e+09 7.249304408881243056e-01 -6.887643650300857567e-01 8.916587430795932037e-03 2.163024038651585046e-01 2.153320910496802909e-01 -9.522842857887158230e-01 6.539794538532036627e-01 6.922685463927101823e-01 3.050821755202512420e-01 1.201720021339746369e-01 -7.462826590830838880e-01 3.737032146573595059e-01
1.592833325504312038e+09 7.153702644009516387e-01 -6.983006112267418075e-01 2.493273679783197111e-02 2.183576839016620197e-01 1.895154272263100959e-01 -9.572898333514932023e-01 6.637509373239285360e-01 6.902609358044159427e-01 2.880530053844224114e-01 1.164234495913443190e-01 -7.556738612690595547e-01 3.698753381419274677e-01
1.592833325504333019e+09 7.051867987373601210e-01 -7.078563253132283961e-01 4.063252137839366840e-02 2.198659794597137840e-01 1.638345754538468868e-01 -9.616741564978634749e-01 6.740701225164869026e-01 6.870936289124447427e-01 2.711675040367408918e-01 1.123634308530907372e-01 -7.650658668894583236e-01 3.663817094337378788e-01
1.592833325504352093e+09 6.945266172390516246e-01 -7.172678212614687077e-01 5.621077051833087840e-02 2.209121897244669397e-01 1.382481557880511358e-01 -9.654456236195503305e-01 6.847120434785476384e-01 6.829453274562342635e-01 2.544702289622665092e-01 1.079644650861431021e-01 -7.744297319318135253e-01 3.632406753797958743e-01
1.592833325504369974e+09 6.835376815264463390e-01 -7.263720690967823135e-01 7.183213321674801477e-02 2.215481324119394912e-01 1.126953741688594551e-01 -9.686155986662206008e-01 6.954801672697811243e-01 6.779995355199970319e-01 2.379579100934564317e-01 1.032017678654292281e-01 -7.837320597934981370e-01 3.604689656520995156e-01
1.592833325504384995e+09 6.723679733912845125e-01 -7.350127013852933988e-01 8.762212821513434835e-02 2.217903067335936507e-01 8.710933528712228036e-02 -9.711956671333807911e-01 7.062084453648207472e-01 6.724346011282140712e-01 2.215882196957288386e-01 9.805416716518353115e-02 -7.929353439964395012e-01 3.580813454590041633e-01
1.592833325504410982e+09 6.611626456128026907e-01 -7.430465382347467562e-01 1.036619421803269131e-01 2.216217496862211422e-01 6.142905227763835463e-02 -9.731959062368108482e-01 7.167619941241096804e-01 6.664145210286960275e-01 2.052898685963420455e-01 9.250496700003750516e-02 -8.019985115838565992e-01 3.560902819030559718e-01
1.592833325504429102e+09 6.500600543589144520e-01 -7.503499021823268889e-01 1.199872918888354317e-01 2.209974907577762770e-01 3.560890158650716064e-02 -9.746240893392525972e-01 7.270364742671339142e-01 6.600810788872458756e-01 1.889733700478570810e-01 8.654271060729713805e-02 -8.108776647753515032e-01 3.545056366487864818e-01
1.592833325504447937e+09 6.391872557313112990e-01 -7.568239421018958524e-01 1.365912624034955614e-01 2.198526279355781654e-01 9.624677233409883320e-03 -9.754856164453534761e-01 7.369562227231315488e-01 6.535479221369627778e-01 1.725417035591463866e-01 8.016179437469700408e-02 -8.195270045117328817e-01 3.533344007937341824e-01
1.592833325504466057e+09 6.286556895332217065e-01 -7.623982439156704594e-01 1.534305767595575687e-01 2.181117194129568448e-01 -1.652405991286584608e-02 -9.757839072317793239e-01 7.464712331917713328e-01 6.468971119089889088e-01 1.559000475559418619e-01 7.336288714607637484e-02 -8.278999037907472935e-01 3.525804900369167716e-01
1.592833325504570961e+09 6.185577724507840269e-01 -7.670322208506005213e-01 1.704343114243100643e-01 2.156980796646709164e-01 -4.281505298643049906e-02 -9.755209941259800344e-01 7.555531885189146202e-01 6.401784467556753677e-01 1.389637932533935305e-01 6.615311718790477247e-02 -8.359500821322756181e-01 3.522446193964581251e-01
1.592833325504592896e+09 6.089649578283661269e-01 -7.707141294156296674e-01 1.875137622927005032e-01 2.125417242454267219e-01 -6.920704448326622793e-02 -9.746981074991734051e-01 7.641908764857686664e-01 6.334114902546476022e-01 1.216642450199669212e-01 5.854600408410957219e-02 -8.436328191930639875e-01 3.523242733119877346e-01
1.592833325504611015e+09 5.999275032559729937e-01 -7.734579799664867972e-01 2.045721003855980880e-01 2.085851110334822067e-01 -9.564498902492074572e-02 -9.733161294478638315e-01 7.723854234805520580e-01 6.265898096618742752e-01 1.039517591464616669e-01 5.056113361263486067e-02 -8.509061396869491700e-01 3.528137789917736300e-01
1.592833325504626036e+09 5.914759442094870145e-01 -7.752988830063639591e-01 2.215126398730760116e-01 2.037862585993395759e-01 -1.220656598857508962e-01 -9.713758982991791413e-01 7.801457353222054358e-01 6.196867087127281293e-01 8.579635720903980300e-02 4.222359514830938826e-02 -8.577319044866128506e-01 3.537044812525294568e-01
1.592833325504642010e+09 5.836238132655824362e-01 -7.762876887199672282e-01 2.382449771225212398e-01 1.981194518751290823e-01 -1.484026867768257207e-01 -9.688783853817338754e-01 7.874845569868020867e-01 6.126614621197562505e-01 6.718634941386393555e-02 3.356321829771832799e-02 -8.640767515367943075e-01 3.549850092591028683e-01
1.592833325504659891e+09 5.763710808667455998e-01 -7.764856789805805182e-01 2.546887662845089273e-01 1.915740441636312186e-01 -1.745904571136582262e-01 -9.658248071992316941e-01 7.944153591533595904e-01 6.054652449880837395e-01 4.812561126611818174e-02 2.461365702926871651e-02 -8.699128424084699995e-01 3.566416201664506791e-01
1.592833325504883051e+09 5.697077278525087829e-01 -7.759599269201725713e-01 2.707753623063429149e-01 1.841520894431320221e-01 -2.005666871500335069e-01 -9.622167179347838051e-01 8.009501313409821410e-01 5.980461487907327012e-01 2.863025023319171539e-02 1.541137592180634973e-02 -8.752183840873327680e-01 3.586586013687094732e-01
1.592833325504908085e+09 5.636170669776547903e-01 -7.747796268213867910e-01 2.864477820947084474e-01 1.758654160116258913e-01 -2.262737637755466436e-01 -9.580561254914577995e-01 8.070979849929266203e-01 5.903530417905213934e-01 8.725186302616514539e-03 5.994595949821972941e-03 -8.799779119215814793e-01 3.610187100548217232e-01
1.592833325504930019e+09 5.580785214072782052e-01 -7.730135003831341001e-01 3.016595636843616979e-01 1.667326899734329626e-01 -2.516591171492362777e-01 -9.533456346801448822e-01 8.128644254461948604e-01 5.823382326804191766e-01 -1.155892770339393347e-02 -3.597744788994940504e-03 -8.841823357473255207e-01 3.637036276883858776e-01
1.592833325504945993e+09 5.530697127426552617e-01 -7.707281974702152594e-01 3.163731004115689083e-01 1.567768715314925565e-01 -2.766749541295825399e-01 -9.480885942906335240e-01 8.182511261943056224e-01 5.739590713982740677e-01 -3.218818181196565070e-02 -1.332696609043747954e-02 -8.878287655538276146e-01 3.666944078187470701e-01
1.592833325504961967e+09 5.485678441440023922e-01 -7.679874825676069605e-01 3.305579331730368331e-01 1.460233061466708893e-01 -3.012776755897649816e-01 -9.422892106816367352e-01 8.232560443462996203e-01 5.651787231202413109e-01 -5.312717371021753038e-02 -2.315551601832862433e-02 -8.909201457337140306e-01 3.699718974300515439e-01
1.592833325504981041e+09 5.445504666336176136e-01 -7.648519397223154659e-01 3.441893371170579030e-01 1.344985401649764489e-01 -3.254272440659381482e-01 -9.359525905872244644e-01 8.278737416435937302e-01 5.559663833167676206e-01 -7.434008828141015768e-02 -3.304770778756023486e-02 -8.934647333093459487e-01 3.735171166509527740e-01
1.592833325505000114e+09 5.409958092430111609e-01 -7.613789359679913327e-01 3.572473239069924866e-01 1.222297654886460166e-01 -3.490866641799418857e-01 -9.290847031536516587e-01 8.320957991309214652e-01 5.462971874449327192e-01 -9.579125359555490382e-02 -4.297030547384707300e-02 -8.954754610405749604e-01 3.773115853094645700e-01
1.592833325505018950e+09 5.378828440576176595e-01 -7.576226523598337259e-01 3.697160571204579638e-01 1.092447428939659626e-01 -3.722216532711953296e-01 -9.216922627970178805e-01 8.359112586516973531e-01 5.361519912489860484e-01 -1.174453496144520770e-01 -5.289295204741156775e-02 -8.969692250641566611e-01 3.813375904350860268e-01
1.592833325505038977e+09 5.351912273622824179e-01 -7.536340688102928231e-01 3.815835959208086492e-01 9.557203129183929058e-02 -3.948005131902661002e-01 -9.137825463058768527e-01 8.393070577043321157e-01 5.255171218569547609e-01 -1.392674324092255667e-01 -6.278844214866181883e-02 -8.979661324745236151e-01 3.855783939585941678e-01
1.592833325505057096e+09 5.329012042305949493e-01 -7.494608531225894765e-01 3.928418719526988179e-01 8.124138653543327981e-02 -4.167941837907050417e-01 -9.053631568524522777e-01 8.422684511291427256e-01 5.143841349083893011e-01 -1.612228835929989668e-01 -7.263284887315413219e-02 -8.984887423292150510e-01 3.900183825212713562e-01
1.592833325505074024e+09 5.309935566770069837e-01 -7.451471690787587754e-01 4.034867276309996864e-01 6.628414514854019668e-02 -4.381764000096928791e-01 -8.964417744004743449e-01 8.447794120328685485e-01 5.027495789533129589e-01 -1.832774019748380223e-01 -8.240552012602359033e-02 -8.985613328950362577e-01 3.946431625644437613e-01
1.592833325505091906e+09 5.294496005456560406e-01 -7.407334409345540660e-01 4.135179441768633835e-01 5.073353114362534610e-02 -4.589239030060502933e-01 -8.870259073900774727e-01 8.468230213132198481e-01 4.906147378331467412e-01 -2.053970540242521792e-01 -9.208896511289338394e-02 -8.982092218386671378e-01 3.994396064810812330e-01
1.592833325505110025e+09 5.282511911823317696e-01 -7.362560870158096904e-01 4.229393024295267645e-01 3.462493483031141989e-02 -4.790167111104512987e-01 -8.771226280735900938e-01 8.483818674570809959e-01 4.779853188709112244e-01 -2.275483291981905132e-01 -1.016686542830207290e-01 -8.974581590007221221e-01 4.043958574102651249e-01
1.592833325505125046e+09 5.273807668771891555e-01 -7.317472863536691463e-01 4.317585388096312204e-01 1.799603614591636924e-02 -4.984383569719670337e-01 -8.667383384251092782e-01 8.494384436437298902e-01 4.648710718673255693e-01 -2.496982523127076192e-01 -1.111327572555722010e-01 -8.963338060394978601e-01 4.095013004468727180e-01
1.592833325505137920e+09 5.268214224814451452e-01 -7.272348377913705475e-01 4.399871358462022486e-01 8.867306813726810039e-04 -5.171760262074950321e-01 -8.558785964952748682e-01 8.499755306204624938e-01 4.512853297678384168e-01 -2.718145483409143970e-01 -1.204718422420315155e-01 -8.948613093917948680e-01 4.147465085929263884e-01
1.592833325505147934e+09 5.265569718048892511e-01 -7.227421190442370191e-01 4.476400171969321939e-01 -1.666106398833680502e-02 -5.352206084209503167e-01 -8.445479912841441505e-01 8.499765670429652031e-01 4.372444738642006778e-01 -2.938657954918415527e-01 -1.296785574989144374e-01 -8.930649656850517815e-01 4.201231717517914244e-01
1.592833325505157948e+09 5.265719761089016071e-01 -7.182881370477084415e-01 4.547352046479989363e-01 -3.460366493411177330e-02 -5.525666748894377811e-01 -8.327500564326348886e-01 8.494260064791945286e-01 4.227673381671528396e-01 -3.158215279281106902e-01 -1.387473114322408108e-01 -8.909679736245997850e-01 4.256240162009556904e-01
1.592833325505167961e+09 5.268517291942572678e-01 -7.138876533817388736e-01 4.612934792375610327e-01 -5.289590582890944803e-02 -5.692123962919172220e-01 -8.204872158467497734e-01 8.483096596918862087e-01 4.078745720174918876e-01 -3.376522693274290887e-01 -1.476739642445958622e-01 -8.885922639717421800e-01 4.312427203640583073e-01
1.592833325505187988e+09 5.273821989450026004e-01 -7.095513686065055836e-01 4.673380700708292257e-01 -7.149142521745890932e-02 -5.851594083217023234e-01 -8.077607586945345641e-01 8.466150202383208034e-01 3.925879804602972478e-01 -3.593294940746608046e-01 -1.564555398615053994e-01 -8.859583967100763680e-01 4.369738316169172743e-01
1.592833325505202055e+09 5.281499321175149309e-01 -7.052861557088077049e-01 4.728943729446510313e-01 -9.034296020577890773e-02 -6.004126232886937142e-01 -7.945708474709126667e-01 8.443315692808590622e-01 3.769298616462666285e-01 -3.808255253026336939e-01 -1.650899640667233825e-01 -8.830855150346310634e-01 4.428126870513494628e-01
1.592833325505219936e+09 5.291419287145251449e-01 -7.010953316954982029e-01 4.779897021317620065e-01 -1.094026423536877540e-01 -6.149799891363840754e-01 -7.809165609216147663e-01 8.414510569623834257e-01 3.609223587907762210e-01 -4.021133793705060078e-01 -1.735758333157448041e-01 -8.799913476117871003e-01 4.487553391789448343e-01
1.592833325505232096e+09 5.303455305694185773e-01 -6.969790299667936173e-01 4.826529293234923523e-01 -1.286224041932461370e-01 -6.288721031063674305e-01 -7.667960324544733641e-01 8.379677174495271386e-01 3.445868685230475958e-01 -4.231666276549792549e-01 -1.819122167714749549e-01 -8.766922505180555492e-01 4.547984867452024016e-01
1.592833325505244970e+09 5.317483657748321990e-01 -6.929347321203620513e-01 4.869138863392951655e-01 -1.479545664597372856e-01 -6.421016058438355767e-01 -7.522067364430318204e-01 8.338783615760602119e-01 3.279435698871342453e-01 -4.439593374081526322e-01 -1.900984913244684604e-01 -8.732032790654775667e-01 4.609394109760663327e-01
1.592833325505256891e+09 5.333383142293114387e-01 -6.889578624772658699e-01 4.908027164745032422e-01 -1.673524384272813692e-01 -6.546824920494793698e-01 -7.371458446400713793e-01 8.291823708178758245e-01 3.110110907503979560e-01 -4.644660348852999165e-01 -1.981342069920647708e-01 -8.695382796623407629e-01 4.671759177184938161e-01
1.592833325505266905e+09 5.351035753763990765e-01 -6.850425401596137442e-01 4.943489475906841513e-01 -1.867710717474007354e-01 -6.666292204146441192e-01 -7.216107327094636315e-01 8.238815027222766707e-01 2.938064003641788213e-01 -4.846618086708558981e-01 -2.060189798745233336e-01 -8.657099943617991844e-01 4.735062851260115613e-01
1.592833325505280018e+09 5.370328975820053419e-01 -6.811825230068702108e-01 4.975801819381762137e-01 -2.061681903345619626e-01 -6.779556020203543198e-01 -7.055996593658392380e-01 8.179794278352453540e-01 2.763450239680969589e-01 -5.045226293967147724e-01 -2.137524105155285126e-01 -8.617301732066857678e-01 4.799292157156404004e-01
1.592833325505294085e+09 5.391159770382448757e-01 -6.773722681618610242e-01 5.005205028970471925e-01 -2.255051661639314031e-01 -6.886735954373093271e-01 -6.891125447230114220e-01 8.114809815954078243e-01 2.586416236884038211e-01 -5.240258841047431559e-01 -2.213340246984545623e-01 -8.576096896225537947e-01 4.864437920395398018e-01
1.592833325505304098e+09 5.413439717565925458e-01 -6.736079410136782686e-01 5.031888773006306659e-01 -2.447478098367950328e-01 -6.987922495960188218e-01 -6.721516955259615456e-01 8.043912070512132528e-01 2.407108928528955694e-01 -5.431510400318059206e-01 -2.287632319504770417e-01 -8.533586536206821949e-01 4.930494362763780947e-01
1.592833325505316019e+09 5.437100666016505546e-01 -6.698882300144707314e-01 5.055977877296012890e-01 -2.638668089861442856e-01 -7.083169856815559884e-01 -6.547223497210565846e-01 7.967142968171629924e-01 2.225686575238071119e-01 -5.618803450399045829e-01 -2.360392973457343113e-01 -8.489865193142085431e-01 4.997458739291229524e-01
1.592833325505326033e+09 5.462100840988262096e-01 -6.662149494073218436e-01 5.077520905007791852e-01 -2.828378155253031823e-01 -7.172492392907952041e-01 -6.368330229812581011e-01 7.884524806873551839e-01 2.042331269664648674e-01 -5.801995482197777054e-01 -2.431613230134943016e-01 -8.445021849250500257e-01 5.065331015473472087e-01
1.592833325505337954e+09 5.488431729725581354e-01 -6.625934764755986306e-01 5.096479732191168122e-01 -3.016412435383560298e-01 -7.255864033291486992e-01 -6.184957007241856930e-01 7.796048562224383582e-01 1.857262944819240980e-01 -5.980986640173873159e-01 -2.501282385446228496e-01 -8.399140859447619123e-01 5.134113570672739213e-01
1.592833325505347967e+09 5.516125202048162146e-01 -6.590329795414046066e-01 5.112720993981857420e-01 -3.202617101555955137e-01 -7.333221247978430890e-01 -5.997258528727833493e-01 7.701662578510563018e-01 1.670754122648315798e-01 -6.155726944002758438e-01 -2.569387991549115235e-01 -8.352302815438460426e-01 5.203810919098869059e-01
1.592833325505364895e+09 5.545259939288640361e-01 -6.555463853058137724e-01 5.126010719483968803e-01 -3.386870538628071192e-01 -7.404470057196704813e-01 -5.805422564984427103e-01 7.601263064629836252e-01 1.483144249778010071e-01 -6.326221856475040539e-01 -2.635915902337578332e-01 -8.304585340886208034e-01 5.274429443831504249e-01
1.592833325505382061e+09 5.575965631238315456e-01 -6.521500170100940075e-01 5.136014294169978234e-01 -3.569068739791141920e-01 -7.469497609446867914e-01 -5.609666106328694557e-01 7.494688494370396192e-01 1.294851735147315719e-01 -6.492534434027734669e-01 -2.700850379373527232e-01 -8.256063821828062421e-01 5.345977135669542912e-01
1.592833325505399942e+09 5.608425717597688154e-01 -6.488630593372989308e-01 5.142298514499987760e-01 -3.749108106001422525e-01 -7.528186095494197039e-01 -5.410231284566492382e-01 7.381717239085107130e-01 1.106384723489092087e-01 -6.654785005281654842e-01 -2.764174259772064213e-01 -8.206812076335064932e-01 5.418463327900986393e-01
1.592833325505417109e+09 5.642877677043524054e-01 -6.457068319730459027e-01 5.144336716774376983e-01 -3.926865897765351443e-01 -7.580428927816429407e-01 -5.207381445858475510e-01 7.262069661009343813e-01 9.183496101792344712e-02 -6.813147455679287035e-01 -2.825869192895765769e-01 -8.156902966338482885e-01 5.491898416879724687e-01
1.592833325505434990e+09 5.679609683466598780e-01 -6.427038535762324978e-01 5.141518211831437313e-01 -4.102179043982496776e-01 -7.626148962591806635e-01 -5.001397716923791092e-01 7.135415962185404082e-01 7.314558646170718492e-02 -6.967841228487121619e-01 -2.885915954779136317e-01 -8.106408951074857150e-01 5.566293558771093775e-01
1.592833325505456924e+09 5.718952292648807889e-01 -6.398766812334265586e-01 5.133163544547589829e-01 -4.274822621127978839e-01 -7.665318292039933201e-01 -4.792576245714851857e-01 7.001391022611155313e-01 5.465151275294726635e-02 -7.119118272973082862e-01 -2.944294844033626957e-01 -8.055402575797478981e-01 5.641660337246010570e-01
1.592833325505470991e+09 5.761264890818447171e-01 -6.372465794189944299e-01 5.118545357716162147e-01 -4.444490424646591054e-01 -7.697978177610201866e-01 -4.581226568686777578e-01 6.859616005479384215e-01 3.644333962177790515e-02 -7.267245460130687951e-01 -3.000986154161165986e-01 -8.003956884812271078e-01 5.718010403142134157e-01
1.592833325505487919e+09 5.806916639182021500e-01 -6.348320621865470859e-01 5.096915189296798987e-01 -4.610780181572198821e-01 -7.724257692274345555e-01 -4.367670918457729479e-01 6.709726170476778551e-01 1.861945394757202887e-02 -7.412483142064224539e-01 -3.055970710988180072e-01 -7.952145746919024871e-01 5.795355091570367767e-01
1.592833325505503893e+09 5.856264160508697358e-01 -6.326474558237097368e-01 5.067532907206022674e-01 -4.773186373724178644e-01 -7.744388608098612403e-01 -4.152244809717509644e-01 6.551401525200347686e-01 1.283634498344655983e-03 -7.555062759802060324e-01 -3.109230452337190531e-01 -7.900044081451066402e-01 5.873705029249149945e-01
1.592833325505520105e+09 5.909627725690175248e-01 -6.307015713189800810e-01 5.029697103864878560e-01 -4.931102293715999285e-01 -7.758714954178923540e-01 -3.935298268249673992e-01 6.384397413493549944e-01 -1.545803164316872889e-02 -7.695165665081333817e-01 -3.160749020614271876e-01 -7.847727977454642678e-01 5.953069748821090412e-01
1.592833325505536079e+09 5.967269106767187914e-01 -6.289966091663399261e-01 4.982772922022677964e-01 -5.083831814754430356e-01 -7.767695775391436630e-01 -3.717197392073285367e-01 6.208570971477630485e-01 -3.150062338634432996e-02 -7.832906075362476850e-01 -3.210512334320296812e-01 -7.795274704896861806e-01 6.033457329543747694e-01
1.592833325505553007e+09 6.029373734790000050e-01 -6.275273727344771180e-01 4.926214777333278172e-01 -5.230609596097480773e-01 -7.771900680187908694e-01 -3.498325756971099598e-01 6.023900367785266496e-01 -4.674392845151824349e-02 -7.968320079852866389e-01 -3.258509098242745039e-01 -7.742762624458038312e-01 6.114874086961825661e-01
1.592833325505568981e+09 6.096038623255214395e-01 -6.262808194242119875e-01 4.859582970297989801e-01 -5.370627254015082341e-01 -7.771998709258811644e-01 -3.279085084759091329e-01 5.830495349812200301e-01 -6.109579410809490296e-02 -8.101361267759040752e-01 -3.304731224320729410e-01 -7.690271011820769553e-01 6.197324326446811416e-01
1.592833325505584955e+09 6.167267000840268576e-01 -6.252359584618706334e-01 4.782553437680450159e-01 -5.503062369360252060e-01 -7.768741664197647001e-01 -3.059895021936284154e-01 5.628598610813521086e-01 -7.447500250350169715e-02 -8.231902884464586956e-01 -3.349174139021399155e-01 -7.637879818438452206e-01 6.280810172651378753e-01
1.592833325505599976e+09 6.242970989393421544e-01 -6.243640775546559496e-01 4.694918860941081351e-01 -5.627106396624521611e-01 -7.762943786756030251e-01 -2.841192952988778053e-01 5.418577936085647861e-01 -8.681322765899017468e-02 -8.359746379024101115e-01 -3.391836965612348154e-01 -7.585669395017536898e-01 6.365331479084316291e-01
1.592833325505616903e+09 6.322979862904242188e-01 -6.236292030341338277e-01 4.596584317175568257e-01 -5.741988916401139509e-01 -7.755460016772717236e-01 -2.623433483728136451e-01 5.200912320007370360e-01 -9.805619105724397433e-02 -8.484633722196144312e-01 -3.432722588982954348e-01 -7.533720203579915564e-01 6.450885810583476543e-01
1.592833325505631924e+09 6.407051794464448946e-01 -6.229887224543845248e-01 4.487559747993456472e-01 -5.846996874856893456e-01 -7.747164462650224515e-01 -2.407087527582434383e-01 4.976174722819059482e-01 -1.081641335155676537e-01 -8.606261509549731903e-01 -3.471837623471357714e-01 -7.482112539100174153e-01 6.537468484206162556e-01
1.592833325505650043e+09 6.494887960668354054e-01 -6.223941043199445744e-01 4.367950124307566906e-01 -5.941487922576546010e-01 -7.738930462247965991e-01 -2.192641465845988902e-01 4.745013347524193459e-01 -1.171116224361203884e-01 -8.724295681689904214e-01 -3.509192308626318257e-01 -7.430926275071617626e-01 6.625072651912655708e-01
1.592833325505666971e+09 6.586146955180137708e-01 -6.217916601889486028e-01 4.237945426266639948e-01 -6.024898385026836722e-01 -7.731612930455076249e-01 -1.980596116097525228e-01 4.508133511685661898e-01 -1.248869346716493939e-01 -8.838385464345086540e-01 -3.544800351820059370e-01 -7.380240642512165827e-01 6.713689412402833456e-01
1.592833325505683899e+09 6.680458493660704766e-01 -6.211233125023892798e-01 4.097811293895595730e-01 -6.096746608253369448e-01 -7.726033313602106434e-01 -1.771465512856854607e-01 4.266281183173105673e-01 -1.314911526773239747e-01 -8.948175934991435820e-01 -3.578678732341906144e-01 -7.330134048610761344e-01 6.803307942343163051e-01
1.592833325505700111e+09 6.777436143486353926e-01 -6.203273286016212085e-01 3.947880428693133492e-01 -6.156632234117442870e-01 -7.722967415884729458e-01 -1.565775800805633833e-01 4.020228709887667118e-01 -1.369370239068603556e-01 -9.053319075855331688e-01 -3.610847486260280736e-01 -7.280683935933490725e-01 6.893915634927336722e-01
1.592833325505719900e+09 6.876688546300553373e-01 -6.193389965515394557e-01 3.788545286983891480e-01 -6.204232405419918273e-01 -7.723135970233455661e-01 -1.364064175984114891e-01 3.770763175016434432e-01 -1.412477093536979311e-01 -9.153483138066690339e-01 -3.641329484590267729e-01 -7.231966681116028806e-01 6.985498238017542327e-01
