1.583561769869149923e+09 -1.208908744491154347e-01 1.044806574385487435e-01 9.871520596606344622e-01 2.491873293826908642e-01 -9.594089860891721333e-01 1.320608658868787921e-01 9.608803627540506431e-01 2.619507390081923237e-01 8.994853527773319368e-02 -1.872955146914440441e-02 1.597269947307212501e+00 1.615340327170660339e+00
1.583561769869201899e+09 -1.422075953254221536e-01 9.892310486943153847e-02 9.848813224706336467e-01 2.552514155991288392e-01 -9.576770470097769605e-01 1.330465650727316040e-01 9.563596158574427797e-01 2.703125838521545643e-01 1.109386873943884327e-01 -2.445968598501691363e-02 1.596528365784416481e+00 1.610357377865011985e+00
1.583561769869225979e+09 -1.634477164329325716e-01 9.382418614348704555e-02 9.820803766932877377e-01 2.615757757559925012e-01 -9.557177276498709517e-01 1.348396774174495105e-01 9.512428489659167097e-01 2.789276737555435592e-01 1.316677458577488191e-01 -3.020092719080583535e-02 1.595803767925568106e+00 1.605384725065095664e+00
1.583561769869247913e+09 -1.845922904003854115e-01 8.913336552043815697e-02 9.787650022745517653e-01 2.680739383331103287e-01 -9.535506992713723706e-01 1.373951510019583433e-01 9.455485445458432503e-01 2.877434744839265646e-01 1.521237752535861409e-01 -3.594615674291690849e-02 1.595086083741167782e+00 1.600415677337995835e+00
1.583561769869283915e+09 -2.056264719220949888e-01 8.480392068253649052e-02 9.749492547244638097e-01 2.746714875973269576e-01 -9.511929122253559576e-01 1.406684671401176867e-01 9.392940583928239828e-01 2.967159227429182478e-01 1.722972236047216055e-01 -4.168876564437955928e-02 1.594363238441514286e+00 1.595444348925372902e+00
1.583561769869317055e+09 -2.265383093391763469e-01 8.079488460143592621e-02 9.706454456883213400e-01 2.813048951729799074e-01 -9.486585807248523183e-01 1.446183016932865717e-01 9.324955498798698228e-01 3.058089009201074848e-01 1.921795144692976243e-01 -4.742283343944326407e-02 1.593621214220226401e+00 1.590465992260331696e+00
1.583561769869337082e+09 -2.473177897417827009e-01 7.707222520957575373e-02 9.658642674809803097e-01 2.879198880148116646e-01 -9.459593233419734126e-01 1.492082326345904042e-01 9.251681194046416090e-01 3.149933820404864915e-01 2.117619425792115484e-01 -5.314329925865481780e-02 1.592844182416652377e+00 1.585477339045755718e+00
1.583561769869354963e+09 -2.679561401488629868e-01 7.360919590949298319e-02 9.606150079297590683e-01 2.944696144132282756e-01 -9.431044426426836713e-01 1.544074365945437843e-01 9.173260888870801155e-01 3.242463517055880207e-01 2.310349546682671507e-01 -5.884611645520473194e-02 1.592014708349483554e+00 1.580476937331533938e+00
1.583561769869371891e+09 -2.884453508054648507e-01 7.038586557604059601e-02 9.549058119838113035e-01 3.009128622995181357e-01 -9.401013133920078646e-01 1.601904175825016874e-01 9.089833491989288694e-01 3.335496223036268915e-01 2.499878408567218768e-01 -6.452838250341923210e-02 1.591114027027686895e+00 1.575465471056686884e+00
1.583561769869390011e+09 -3.087778692404568037e-01 6.738795242270964603e-02 9.487439547001924600e-01 3.072125486094614555e-01 -9.369558308788352718e-01 1.665359450281272691e-01 9.001536966960151931e-01 3.428886625538029032e-01 2.686088004218967762e-01 -7.018843653462941701e-02 1.590122383975781872e+00 1.570446048686434670e+00
1.583561769869412899e+09 -3.290429917799701509e-01 6.459130099367219047e-02 9.421033242914463868e-01 3.133636366614208635e-01 -9.336569150376353710e-01 1.734589180414642662e-01 8.908052205783590916e-01 3.522963651487481807e-01 2.869726996437964028e-01 -7.582591817433416426e-02 1.589019431752768829e+00 1.565424448775681432e+00
1.583561769869431019e+09 -3.490902094750468199e-01 6.321744265157093479e-02 9.349543201877973386e-01 3.192052373290523160e-01 -9.300317778226503407e-01 1.820684177146720817e-01 8.810471283312782953e-01 3.620006177407421588e-01 3.044856493532277497e-01 -8.144731160595423958e-02 1.587820438190429062e+00 1.560406827941826391e+00
1.583561769869446039e+09 -3.688185316531482627e-01 6.344991749449264973e-02 9.273332728440842887e-01 3.245932452898294129e-01 -9.260660169732445324e-01 1.924602747241818956e-01 8.709834189302799734e-01 3.719890324174867646e-01 3.209548939604288109e-01 -8.705632276556965476e-02 1.586530693532449465e+00 1.555397863873633435e+00
1.583561769869462013e+09 -3.880987974852966871e-01 6.546098521561123651e-02 9.192900429405461704e-01 3.293710817566741222e-01 -9.217471451955110417e-01 2.046873001769883571e-01 8.607520050064630945e-01 3.822264509450078451e-01 3.361680031217498255e-01 -9.265633503118862746e-02 1.585154752562736302e+00 1.550401783652029408e+00
1.583561769869478941e+09 -4.067735395106651386e-01 6.940258665308207675e-02 9.108888893626871930e-01 3.333772581976797156e-01 -9.170652196396615885e-01 2.187486838160119518e-01 8.505262438632239519e-01 3.926508168318322833e-01 3.499006213037328394e-01 -9.825045538713909898e-02 1.583696232894925782e+00 1.545422556168808192e+00
1.583561769869496107e+09 -4.246591361276020882e-01 7.539609689798473791e-02 9.022084276487730703e-01 3.364550491455109982e-01 -9.120141027954336010e-01 2.345810653785016242e-01 8.405133064010675836e-01 4.031695734337185644e-01 3.619277235409666393e-01 -1.038415936848165605e-01 1.582157644745415537e+00 1.540464120170397022e+00
1.583561769869513988e+09 -4.415508190895191531e-01 8.352146407847103882e-02 8.933403827456398716e-01 3.384636593817561545e-01 -9.065934869396976570e-01 2.520527737276694880e-01 8.309483892930350502e-01 4.136573637048608365e-01 3.720381163692547677e-01 -1.094325719586385082e-01 1.580540263678590795e+00 1.535530641789555339e+00
1.583561769869532108e+09 -4.572309139117385346e-01 9.380684573175913921e-02 8.843868877939435880e-01 3.392897405314454495e-01 -9.008116159578379856e-01 2.709629209927328364e-01 8.220841584430819138e-01 4.239560216846720575e-01 3.800512180769370918e-01 -1.150262580898724213e-01 1.578844056918911054e+00 1.530626793647375861e+00
1.583561769869549990e+09 -4.714802290995469547e-01 1.062203786805503425e-01 8.754562381785638836e-01 3.388575908870205544e-01 -8.946883576977928687e-01 2.910468617347586329e-01 8.141756118284724231e-01 4.338778328394886641e-01 3.858342902358075088e-01 -1.206257154079213023e-01 1.577067672820165356e+00 1.525758045781141270e+00
1.583561769869565964e+09 -4.840918247980975364e-01 1.206659194728268714e-01 8.666572801782654878e-01 3.371361217050890535e-01 -8.882579946658374359e-01 3.119887343819600645e-01 8.074616652420494312e-01 4.432126700240137662e-01 3.893175934147456441e-01 -1.262343572843557804e-01 1.575208500350150143e+00 1.520930957369217795e+00
1.583561769869580984e+09 -4.948857866239497749e-01 1.369841471774644326e-01 8.580928865013509599e-01 3.341409996073577138e-01 -8.815709074365681852e-01 3.334404408140114739e-01 8.021457790262623844e-01 4.517389496897819545e-01 3.905048921217904589e-01 -1.318560937595462945e-01 1.573262802306929720e+00 1.516153457328820453e+00
1.583561769869597912e+09 -5.037232223887712079e-01 1.549596445051173443e-01 8.498531779346850668e-01 3.299312279044482321e-01 -8.746933061511775742e-01 3.550450746809007407e-01 7.983785444956482680e-01 4.592375516397690371e-01 3.894773049876573134e-01 -1.374954559770468210e-01 1.571225922255371499e+00 1.511435101477122123e+00
1.583561769869616032e+09 -5.105175169884194064e-01 1.743336616805211958e-01 8.420092870613742342e-01 3.246005648655767573e-01 -8.677044189192826273e-01 3.764618369825547539e-01 7.962451496673984552e-01 4.655070524531686460e-01 3.863895003685182128e-01 -1.431576839678671276e-01 1.569092560863165176e+00 1.506787294267472932e+00
1.583561769869633913e+09 -5.152410937199609631e-01 1.948212354281123326e-01 8.346084721670908868e-01 3.182653226873720098e-01 -8.606910735993186234e-01 3.973890539868155658e-01 7.957598883769078091e-01 4.703781055141503797e-01 3.814585667550513537e-01 -1.488487643955718198e-01 1.566857112583515121e+00 1.502223464399670583e+00
1.583561769869651079e+09 -5.179267511691111325e-01 2.161303768771264400e-01 8.276711550240979376e-01 3.110509484118164636e-01 -8.537402143529435605e-01 4.175822720328060123e-01 7.968683631246541443e-01 4.737249272369239428e-01 3.749473368527018735e-01 -1.545754071295747378e-01 1.564514049741586810e+00 1.497759185283879635e+00
1.583561769869667053e+09 -5.186636261051994490e-01 2.379807431465555401e-01 8.211901175071351089e-01 3.030799368381688619e-01 -8.469303735538271649e-01 4.368655333916002803e-01 7.994564372596093538e-01 4.754725106093274922e-01 3.671447900032945300e-01 -1.603449525835255185e-01 1.562058338657133616e+00 1.493412232692432173e+00
1.583561769869684935e+09 -5.175886696145594046e-01 2.601195346762582572e-01 8.151317666555515373e-01 2.944630848548430713e-01 -8.403233398183775904e-01 4.551353383792978713e-01 8.033638409708671047e-01 4.755991088528320199e-01 3.583462388897855067e-01 -1.661652055629221358e-01 1.559485870659390816e+00 1.489202573304287514e+00
1.583561769869704008e+09 -5.148750315374936992e-01 2.823330868679333472e-01 8.094391454602698488e-01 2.852951398951275030e-01 -8.339571964641967483e-01 4.723579973337783122e-01 8.083998919392333393e-01 4.741343930089431113e-01 3.488354803144383953e-01 -1.720441957429529878e-01 1.556793889719867874e+00 1.485152279291243271e+00
1.583561769869721889e+09 -5.107189598580172962e-01 3.044534718373209659e-01 8.040362104857650127e-01 2.756548987352112623e-01 -8.278415822025464443e-01 4.885618605735062014e-01 8.143589632843196702e-01 4.711543254334590314e-01 3.388703008399502892e-01 -1.779898695127551389e-01 1.553981398187434193e+00 1.481285365365281104e+00
1.583561769869740009e+09 -5.053266536515971241e-01 3.263602164456064214e-01 7.988328877026900088e-01 2.656089917130141642e-01 -8.219556245313313081e-01 5.038261752329729060e-01 8.210340046964887950e-01 4.667739929967653634e-01 3.286718771684457585e-01 -1.840097229228398468e-01 1.551049521936808562e+00 1.477627547015526677e+00
1.583561769869756937e+09 -4.989020818420800141e-01 3.479777720738107538e-01 7.937305481841734345e-01 2.552180510717933504e-01 -8.162486930037793353e-01 5.182680943335395973e-01 8.282272993442115760e-01 4.611393947934855908e-01 3.184179634348850430e-01 -1.901103900607085673e-01 1.548001817359107468e+00 1.474205920825008009e+00
1.583561769869771957e+09 -4.916364992716960591e-01 3.692696315287237185e-01 7.886276003660253053e-01 2.445438014671383053e-01 -8.106438212172683011e-01 5.320290634106820127e-01 8.357582676748540607e-01 4.544188975760456439e-01 3.082394909586158027e-01 -1.962972050785885825e-01 1.544844504633834159e+00 1.471048569910558435e+00
1.583561769869787931e+09 -4.837001458878652516e-01 3.902301158020557437e-01 7.834249331197822297e-01 2.336556853340491513e-01 -8.050434101518597618e-01 5.452615230414864511e-01 8.434685470240443905e-01 4.467947678928640975e-01 2.982201297904578108e-01 -2.025737584701618188e-01 1.541586615079638900e+00 1.468184097588652648e+00
1.583561769869803905e+09 -4.752364039257215289e-01 4.108748889384253311e-01 7.780309674223436778e-01 2.226358637884448266e-01 -7.993366569424417145e-01 5.581166374967110322e-01 8.512247839315550957e-01 4.384549402562357701e-01 2.883983925633190060e-01 -2.089414704252640087e-01 1.538240042624730908e+00 1.465641094291678881e+00
1.583561769869820118e+09 -4.663585143064813421e-01 4.312312316969945103e-01 7.723660797753273410e-01 2.115817575020058350e-01 -7.934080351646536355e-01 5.707336065590556951e-01 8.589196098979554606e-01 4.295850494085927673e-01 2.787719306258956142e-01 -2.153992056194543869e-01 1.534819491757757781e+00 1.463447545469420241e+00
1.583561769869836092e+09 -4.571488013381019289e-01 4.513290279628075496e-01 7.663661541312002390e-01 2.006056694204423341e-01 -7.871460744326316261e-01 5.832310202047340519e-01 8.664711992173479427e-01 4.203607571557722578e-01 2.693037226215136415e-01 -2.219429545278698013e-01 1.531342316857370323e+00 1.461630192052183475e+00
1.583561769869852066e+09 -4.476602315410959654e-01 4.711933072575280046e-01 7.599849896786433634e-01 1.898314974137746414e-01 -7.804515960030390387e-01 5.957006873534174130e-01 8.738216751307985586e-01 4.109405962280194280e-01 2.599298110854031396e-01 -2.285656061085001578e-01 1.527828250843583202e+00 1.460213860664519858e+00
1.583561769869868994e+09 -4.379199719859621087e-01 4.908389988745286980e-01 7.531953103705750774e-01 1.793890633454243710e-01 -7.732445271873051862e-01 6.082042955737101408e-01 8.809345391858189878e-01 4.014598093186241279e-01 2.505680734228741269e-01 -2.352568351140320591e-01 1.524299025252526363e+00 1.459220789856236378e+00
1.583561769869885921e+09 -4.279344019362275042e-01 5.102682266861514604e-01 7.459882604428945685e-01 1.694069628471062405e-01 -7.654685926539820384e-01 6.207729976622952117e-01 8.877913205373768601e-01 3.920257270098891356e-01 2.411273538783943182e-01 -2.420031223063098536e-01 1.520777890329411797e+00 1.458669984555074572e+00
1.583561769869901896e+09 -4.176948976735493368e-01 5.294700864791060946e-01 7.383714513886985298e-01 1.600050848616772214e-01 -7.570934617879044870e-01 6.334097117694004186e-01 8.943876930723965168e-01 3.827151914779172714e-01 2.315161699324382871e-01 -2.487879182114098586e-01 1.517289051132965749e+00 1.458576635239660968e+00
1.583561769869919062e+09 -4.071836732773967960e-01 5.484224716058443416e-01 7.303658323734930624e-01 1.512879824774728821e-01 -7.481143003050781948e-01 6.460936000799883949e-01 9.007293726852797500e-01 3.735743386081154527e-01 2.216501995555597571e-01 -2.555919510186712706e-01 1.513857043411224179e+00 1.458951640656662940e+00
1.583561769869935036e+09 -3.963790350597483081e-01 5.670952356148163398e-01 7.220018383305136789e-01 1.433400645739357770e-01 -7.385490662033803444e-01 6.587859308800059210e-01 9.068281461760612228e-01 3.646207217183967120e-01 2.114578985140342648e-01 -2.623936672737027798e-01 1.510506079957181891e+00 1.459801269059460838e+00
1.583561769869951963e+09 -3.852595863627481521e-01 5.854538739168377859e-01 7.133153670543865843e-01 1.362231414943327057e-01 -7.284342177526017537e-01 6.714364051464228877e-01 9.126983658807095168e-01 3.558473718885595827e-01 2.008838995196371435e-01 -2.691697823788327670e-01 1.507259402129076609e+00 1.461126982327711543e+00
1.583561769869970083e+09 -3.738071403330139875e-01 6.034629868530440033e-01 7.043441244015740121e-01 1.299764733225582392e-01 -7.178196264685564598e-01 6.839891082952663792e-01 9.183541465378011193e-01 3.472281778827685517e-01 1.898901110341648935e-01 -2.758959090937506131e-01 1.504138671017492879e+00 1.462925433119681484e+00
1.583561769869985104e+09 -3.620083525804438929e-01 6.210890066539206389e-01 6.951247360871297687e-01 1.246188339145393315e-01 -7.067635406262563480e-01 6.963874237108248488e-01 9.238073928803653967e-01 3.387236980486065252e-01 1.784549172407045581e-01 -2.825472273663051093e-01 1.501163428989825022e+00 1.465188631878306946e+00
1.583561769870002031e+09 -3.498552634458660382e-01 6.383019630697780444e-01 6.856908186821915052e-01 1.201519329647843803e-01 -6.953282073611367631e-01 7.085775871985758867e-01 9.290666326420404797e-01 3.302866757192206015e-01 1.665710184907750746e-01 -2.890991576282561093e-01 1.498350656363448774e+00 1.467904269649052074e+00
1.583561769870018005e+09 -3.373450558226044338e-01 6.550763195001982897e-01 6.760719852106583661e-01 1.165643998928713176e-01 -6.835765080922235892e-01 7.205108592446324289e-01 9.341365286908173138e-01 3.218667012704651276e-01 1.542425772161082898e-01 -2.955280014073832784e-01 1.495714440884046370e+00 1.471056174488478252e+00
1.583561769870035887e+09 -3.244793217902836036e-01 6.713910587513292061e-01 6.662936411251795255e-01 1.138357606427913976e-01 -6.715696823376989810e-01 7.321445085439763911e-01 9.390178856519955097e-01 3.134137970312718124e-01 1.414821631995525908e-01 -3.018115176095832464e-01 1.493265769508152152e+00 1.474624871889020694e+00
1.583561769870058060e+09 -3.112631117112095724e-01 6.872292676101411368e-01 6.563773375676880129e-01 1.119399453045829967e-01 -6.593660441622815060e-01 7.434419065928236092e-01 9.437079655158518987e-01 3.048808844867658130e-01 1.283079200362441941e-01 -3.079294094793251779e-01 1.491012443745481031e+00 1.478588215248423099e+00
1.583561769870074987e+09 -2.977039872433888679e-01 7.025774713906167701e-01 6.463414213233729111e-01 1.108480474123039738e-01 -6.470204742140791554e-01 7.543720675900249528e-01 9.482009526515520204e-01 2.962252568998255953e-01 1.147412341438323047e-01 -3.138637051636335440e-01 1.488959112277660646e+00 1.482922051092288473e+00
1.583561769870091915e+09 -2.838112354617899347e-01 7.174249270631157804e-01 6.362017422946105727e-01 1.105302332429404233e-01 -6.345844159661359063e-01 7.649089400572860464e-01 9.524884515887703795e-01 2.874092782568345994e-01 1.008050425794287247e-01 -3.195990235297225257e-01 1.487107407888833555e+00 1.487600884558350822e+00
1.583561769870107889e+09 -2.695953338056575888e-01 7.317630195445172792e-01 6.259722353761939528e-01 1.109568461455300581e-01 -6.221061086437350562e-01 7.750306883659304757e-01 9.565599482148040567e-01 2.784005621498446548e-01 8.652278724977784108e-02 -3.251227242993165456e-01 1.485456171739492071e+00 1.492598515746651255e+00
1.583561769870122910e+09 -2.550676670318863803e-01 7.455848211061728570e-01 6.156652986936568261e-01 1.120988996386655251e-01 -6.096308541808221904e-01 7.847190951913576296e-01 9.604032081265344578e-01 2.691718714134693213e-01 7.191788169544321985e-02 -3.304249487456653034e-01 1.484001744824243740e+00 1.497888622246142276e+00
1.583561769870137930e+09 -2.402404570646606841e-01 7.588848222202487781e-01 6.052919540499996920e-01 1.139281646571542878e-01 -5.972011937389186675e-01 7.939591346675497485e-01 9.640046142691389708e-01 2.597009068083970806e-01 5.701353276401305292e-02 -3.354985616773233370e-01 1.482738306213508439e+00 1.503445270804749212e+00
1.583561769870152950e+09 -2.251268417355613283e-01 7.716588084095966638e-01 5.948618232653829496e-01 1.164170378449384674e-01 -5.848569415903563939e-01 8.027387066788085335e-01 9.673494604714875100e-01 2.499700811638049525e-01 4.183276342785700180e-02 -3.403390077797863178e-01 1.481658239010623879e+00 1.509243348492543380e+00
1.583561769870167971e+09 -2.097410429112421537e-01 7.839038504993259826e-01 5.843829637621187345e-01 1.195383168947791452e-01 -5.726350682995023922e-01 8.110485000140060796e-01 9.704222204572880983e-01 2.399663141535414990e-01 2.639852953932741303e-02 -3.449440979586743117e-01 1.480752505776706140e+00 1.515258908338527721e+00
1.583561769870184898e+09 -1.940985345579629429e-01 7.956183467439127410e-01 5.738616605519983871e-01 1.232650191002940682e-01 -5.605694917404671074e-01 8.188819084724121566e-01 9.732068095699369925e-01 2.296808469584705192e-01 1.073380615962628293e-02 -3.493137443611484816e-01 1.480011015810589248e+00 1.521469427757615289e+00
1.583561769870202065e+09 -1.782161736926209383e-01 8.068020864527831737e-01 5.633022181514643068e-01 1.275702689703072379e-01 -5.486908221954679421e-01 8.262349594036109135e-01 9.756868463567913707e-01 2.191090485164027268e-01 -5.138380299651143859e-03 -3.534496629306170257e-01 1.479422969609155869e+00 1.527853983165716301e+00
1.583561769870220900e+09 -1.621123100705279263e-01 8.174563432934139895e-01 5.527067269153865814e-01 1.324272012966981604e-01 -5.370260579974908133e-01 8.331062653802221440e-01 9.778459160443173648e-01 2.082501861977243407e-01 -2.119492089136604945e-02 -3.573550611472929295e-01 1.478977169355865540e+00 1.534393348227462983e+00
1.583561769870239973e+09 -1.458068088458946143e-01 8.275839420875000796e-01 5.420748966126847090e-01 1.378089492116979509e-01 -5.255983201279192940e-01 8.394969323489268609e-01 9.796678356745720517e-01 1.971071406375763113e-01 -3.741265964759569324e-02 -3.610343275099842653e-01 1.478662287333236680e+00 1.541070025309041025e+00
1.583561769870256901e+09 -1.293209631131216619e-01 8.371892675337280210e-01 5.314040073902316363e-01 1.436887241099839008e-01 -5.144266920111358887e-01 8.454103909566682562e-01 9.811369116014189151e-01 1.856860497930050979e-01 -5.376850242500118282e-02 -3.644927360444560893e-01 1.478467088154312936e+00 1.547868221849061809e+00
1.583561769870274067e+09 -1.126773337916676665e-01 8.462782299315930734e-01 5.206889438407672488e-01 1.500399225663743563e-01 -5.035261563812918340e-01 8.508521795844099511e-01 9.822381790223430054e-01 1.739958838614366343e-01 -7.023953528944648639e-02 -3.677361750608196256e-01 1.478380604410756138e+00 1.554773784274872561e+00
1.583561769870290995e+09 -9.589954666928832139e-02 8.548582005034039977e-01 5.099222825345736121e-01 1.568362196541905618e-01 -4.929076126767358290e-01 8.558297059563223508e-01 9.829576172938578882e-01 1.620479639376684045e-01 -8.680311189793669946e-02 -3.707709057240083927e-01 1.478392268046152758e+00 1.561774101572615425e+00
1.583561769870307922e+09 -7.901206813908413784e-02 8.629379252436130132e-01 4.990944104167025497e-01 1.640516267286309393e-01 -4.825779564497882368e-01 8.603520092054286472e-01 9.832823384452618054e-01 1.498554414953414404e-01 -1.034368880205792790e-01 -3.736033535208713174e-01 1.478492001306779935e+00 1.568857989012599541e+00
1.583561769870326042e+09 -6.203997229209715775e-02 8.705274211236485593e-01 4.881936615262104651e-01 1.716605067541854823e-01 -4.725402066713662586e-01 8.644295364731936493e-01 9.832007488303846632e-01 1.374327558236048685e-01 -1.201187969204986911e-01 -3.762399328113038011e-01 1.478670272453650680e+00 1.576015561055623015e+00
1.583561769870342016e+09 -4.500870322869762047e-02 8.776378521301013702e-01 4.772064724903632427e-01 1.796375529002183224e-01 -4.627936769657584604e-01 8.680739381964628354e-01 9.827026846726267806e-01 1.247950852119230486e-01 -1.368269728222053228e-01 -3.786869037035262009e-01 1.478918121523336016e+00 1.583238100276624927e+00
1.583561769870359898e+09 -2.794383725507972732e-02 8.842813844493947473e-01 4.661175552586341309e-01 1.879577350604278163e-01 -4.533341846261436658e-01 8.712978864359108844e-01 9.817795231266518430e-01 1.119578062985251421e-01 -1.535396294952984519e-01 -3.809502607612730296e-01 1.479227161042399930e+00 1.590517927054266201e+00
1.583561769870378017e+09 -1.087080063425839224e-02 8.904709689042431542e-01 4.549101883634513177e-01 1.965962927261841464e-01 -4.441543928301968647e-01 8.741148511742273808e-01 9.804242569517946926e-01 9.893598483532393961e-02 -1.702349774068576682e-01 -3.830356521553629490e-01 1.479589556719219212e+00 1.597848273609140390e+00
1.583561769870394945e+09 6.185477820815400013e-03 8.962200136846837362e-01 4.435667110815639802e-01 2.055288382249337298e-01 -4.352443728724629812e-01 8.765387798427103361e-01 9.786315122459288141e-01 8.574393962337850672e-02 -1.868912526166928156e-01 -3.849483258601056890e-01 1.479997993392647926e+00 1.605223165289068943e+00
1.583561769870410919e+09 2.320089544281519686e-02 9.015420257679360727e-01 4.320690852970852092e-01 2.147314839478552673e-01 -4.265922568774208612e-01 8.785837673216838617e-01 9.763975156103003039e-01 7.239490573197383816e-02 -2.034867793779728817e-01 -3.866930980919506267e-01 1.480445631195093537e+00 1.612637311144426544e+00
1.583561769870428085e+09 4.015253458024607702e-02 9.064501599435041967e-01 4.203996690647367473e-01 2.241811198213428946e-01 -4.181851231628074816e-01 8.802636129639452855e-01 9.737199801375943098e-01 5.890085342590274664e-02 -2.200002045318846244e-01 -3.882743400906200071e-01 1.480926055806099706e+00 1.620086004616607456e+00
1.583561769870444059e+09 5.701904089103615458e-02 9.109566716362637040e-01 4.085422519419611986e-01 2.338559100374984212e-01 -4.100101709148997187e-01 8.815912165591547334e-01 9.705978789138188789e-01 4.527253449239876382e-02 -2.364109881459788842e-01 -3.896959807375710017e-01 1.481433225734561931e+00 1.627565034302491886e+00
1.583561769870460033e+09 7.378094718322489309e-02 9.150723494215892151e-01 3.964832498370659541e-01 2.437359802209644599e-01 -4.020560875788599109e-01 8.825778574232916451e-01 9.670310977486031856e-01 3.151980325869825628e-02 -2.527001350161738324e-01 -3.909615219796606644e-01 1.481961419212000308e+00 1.635070604602123723e+00
1.583561769870476961e+09 9.042084125196120370e-02 9.188060573576051215e-01 3.842128325223182483e-01 2.538041731070529439e-01 -3.943143785824818059e-01 8.832324793529383600e-01 9.630199963727826828e-01 1.765219645358834244e-02 -2.688510494568651099e-01 -3.920740625871617091e-01 1.482505182889544582e+00 1.642599266034769467e+00
1.583561769870495081e+09 1.069233179018385382e-01 9.221644839276557093e-01 3.717257980230389003e-01 2.640467603289762266e-01 -3.867804604017200942e-01 8.835610809890779294e-01 9.585649235603985741e-01 3.679710352881892209e-03 -2.848503945914320212e-01 -3.930363265533747263e-01 1.483059283652480298e+00 1.650147854572477479e+00
1.583561769870511055e+09 1.232747228769359576e-01 9.251521033376011172e-01 3.590221840418635901e-01 2.744541069426812974e-01 -3.794544918829898528e-01 8.835662011414309180e-01 9.536657098334587745e-01 -1.038626569264274394e-02 -3.006889416329367459e-01 -3.938506935208621051e-01 1.483618664149269684e+00 1.657713439044933068e+00
1.583561769870527983e+09 1.394627098445713476e-01 9.277713161423766230e-01 3.461076967517680014e-01 2.850213401165820337e-01 -3.723420107211949381e-01 8.832464337644548857e-01 9.483211420555994753e-01 -2.453186155762783136e-02 -3.163624496466192482e-01 -3.945192313598974154e-01 1.484178402150994280e+00 1.665293275391121375e+00
1.583561769870544910e+09 1.554755893585857696e-01 9.300227945244760042e-01 3.329939083872968109e-01 2.957489470211623339e-01 -3.654543066058272838e-01 8.825960061922498712e-01 9.425284619980951462e-01 -3.873953645521548833e-02 -3.318724858831612612e-01 -3.950437305060538473e-01 1.484733673903580797e+00 1.672884766841044923e+00
1.583561769870559931e+09 1.713014620774726549e-01 9.319060524495448306e-01 3.196981681877286707e-01 3.066431876555361091e-01 -3.588084463823724701e-01 8.816044772439067811e-01 9.362829512384789332e-01 -5.298687054196333374e-02 -3.472270539832144620e-01 -3.954257393500475448e-01 1.485279721568312894e+00 1.680485429292355448e+00
1.583561769870577097e+09 1.869271570131713911e-01 9.334202553582842121e-01 3.062431470293032754e-01 3.177161481791878628e-01 -3.524268327661790323e-01 8.802566539140516122e-01 9.295776930308511377e-01 -6.724548067422736475e-02 -3.624408340624185598e-01 -3.956666008369522647e-01 1.485811824817980575e+00 1.688092861210134021e+00
1.583561769870593071e+09 2.023370536474070336e-01 9.345651501727593180e-01 2.926562779924890556e-01 3.289855733503281310e-01 -3.463365266599140457e-01 8.785325849710328150e-01 9.224034960200893085e-01 -8.148000136273095273e-02 -3.775351641309394046e-01 -3.957674907241345852e-01 1.486325276756170766e+00 1.695704717543884632e+00
1.583561769870609045e+09 2.175118320346247636e-01 9.353421018662199105e-01 2.789690944280137086e-01 3.404743818949843570e-01 -3.405682951754492871e-01 8.764076857387199659e-01 9.147490357565465358e-01 -9.564721133727398239e-02 -3.925376578029172725e-01 -3.957294582482581702e-01 1.486815364504124659e+00 1.703318687338802206e+00
1.583561769870625973e+09 2.324272335469903528e-01 9.357552084279419091e-01 2.652164611222965762e-01 3.522097636473130455e-01 -3.351553434900217399e-01 8.738530643929629527e-01 9.066012705232432412e-01 -1.096954231921763862e-01 -4.074813500810305911e-01 -3.955534699440433899e-01 1.487277354998590262e+00 1.710932474924993452e+00
1.583561769870641947e+09 2.470529653947657889e-01 9.358124447179984040e-01 2.514356793399432632e-01 3.642217600550869405e-01 -3.301316876852434801e-01 8.708361374655108067e-01 8.979461799054885285e-01 -1.235643044597824758e-01 -4.224032681029343261e-01 -3.952404567588664874e-01 1.487706486618066481e+00 1.718543784753591597e+00
1.583561769870656967e+09 2.613519124246351244e-01 9.355267361032005846e-01 2.376655300051757624e-01 3.765413695187304621e-01 -3.255302385027338818e-01 8.673215441165373907e-01 8.887698099762998405e-01 -1.371852400820740836e-01 -4.373424688111649528e-01 -3.947913637925908881e-01 1.488097967139750066e+00 1.726150310045512448e+00
1.583561769870666981e+09 2.752798418879858766e-01 9.349168578626372295e-01 2.239452562099538691e-01 3.891982250414893763e-01 -3.213806450713211360e-01 8.632723919050570016e-01 8.790595830115411902e-01 -1.504823913220193765e-01 -4.523375947952051335e-01 -3.942072014896186305e-01 1.488446978320292047e+00 1.733749725424835741e+00
1.583561769870676041e+09 2.887857127566656468e-01 9.340080224852663759e-01 2.103136378967129239e-01 4.022181540287015356e-01 -3.177071399939109808e-01 8.586516929430790812e-01 8.688057141181427800e-01 -1.633743779497563164e-01 -4.674242655155200765e-01 -3.934890962624530975e-01 1.488748686937933385e+00 1.741339683613166933e+00
1.583561769870686054e+09 3.018126485479002974e-01 9.328320678064834226e-01 1.968081774036457010e-01 4.156208437493949526e-01 -3.145265292945349511e-01 8.534239137956924903e-01 8.580025871881536981e-01 -1.757765510027055611e-01 -4.826325359355264077e-01 -3.926383381967105679e-01 1.488998261645878340e+00 1.748917816080113319e+00
1.583561769870702028e+09 3.142994974928620122e-01 9.314271896281937080e-01 1.834644830522305370e-01 4.294179405890765633e-01 -3.118465460391978694e-01 8.475564665855845892e-01 8.466499030749801147e-01 -1.876036310561997600e-01 -4.979847582860195687e-01 -3.916564233587306321e-01 1.489190894465630022e+00 1.756481737308918767e+00
1.583561769870719910e+09 3.261828081631875098e-01 9.298372317228345008e-01 1.703158783124931741e-01 4.436118062633065406e-01 -3.096647093574259046e-01 8.410210063665293223e-01 8.347534613286639038e-01 -1.987724591622571924e-01 -5.134940783747490300e-01 -3.905450880358858345e-01 1.489321825110666131e+00 1.764029052028357247e+00
1.583561769870737076e+09 3.373990129721216591e-01 9.281106004075537763e-01 1.573932009367968732e-01 4.581950027669947079e-01 -3.079677374386586841e-01 8.337944663786449606e-01 8.223255107795864882e-01 -2.092046518338252781e-01 -5.291636497528051652e-01 -3.893063334422762201e-01 1.489386366285413432e+00 1.771557364588383088e+00
1.583561769870753050e+09 3.478865774422822965e-01 9.262989091776225870e-01 1.447247744389472401e-01 4.731505066786076963e-01 -3.067315282629785034e-01 8.258597747963128954e-01 8.093846597605597326e-01 -2.188289301410903942e-01 -5.449865797660690125e-01 -3.879424399128953982e-01 1.489379927933389469e+00 1.779064289491165018e+00
1.583561769870769978e+09 3.575877829669251162e-01 9.244555115908533738e-01 1.323366344088277302e-01 4.884526629534116093e-01 -3.059217165746323519e-01 8.172061547792781599e-01 7.959553842478306329e-01 -2.275827556257442041e-01 -5.609466248015138046e-01 -3.864559706669933314e-01 1.489298038655629375e+00 1.786547462069359771e+00
1.583561769870785952e+09 3.664500678698613956e-01 9.226340534346759714e-01 1.202528646038689558e-01 5.040685639532245244e-01 -3.054946077994484255e-01 8.078291449724858131e-01 7.820672802098721510e-01 -2.354133562247758549e-01 -5.770193421226443853e-01 -3.848497666055343269e-01 1.489136363258068307e+00 1.794004548503527641e+00
1.583561769870801926e+09 3.744269126009354132e-01 9.208871344598854591e-01 1.084959582240511977e-01 5.199596130838749497e-01 -3.053983388815094679e-01 7.977304403101740382e-01 7.677541846581835694e-01 -2.422782293881932114e-01 -5.931734752598930571e-01 -3.831269343683529338e-01 1.488890716119880997e+00 1.801433254654258187e+00
1.583561769870817900e+09 3.814782407184100776e-01 9.192651560008530121e-01 9.708720340846625774e-02 5.360831375721328840e-01 -3.055741631825619753e-01 7.869175944363406838e-01 7.530532661393816163e-01 -2.481451268889698636e-01 -6.093724432607664498e-01 -3.812908299716678551e-01 1.488557070589188402e+00 1.808831333446228262e+00
1.583561769870836020e+09 3.875704507496499640e-01 9.178153719505609542e-01 8.604701599433581261e-02 5.523938730797572916e-01 -3.059577384406920730e-01 7.754036827998590509e-01 7.380041699469753746e-01 -2.529917104179048581e-01 -6.255757666727734811e-01 -3.793450397426956222e-01 1.488131564640565951e+00 1.816196590643393671e+00
1.583561769870853901e+09 3.926761653443671674e-01 9.165811437596871336e-01 7.539520090290861842e-02 5.688452474161760364e-01 -3.064803537786384147e-01 7.632069688276782449e-01 7.226482642525887679e-01 -2.568049841659932886e-01 -6.417403575650779679e-01 -3.772933598412385736e-01 1.487610503039336285e+00 1.823526888925016021e+00
1.583561769870871067e+09 3.967737384914619136e-01 9.156014014834465975e-01 6.515116491376252150e-02 5.853904533467511051e-01 -3.070700556303809781e-01 7.503505834561752241e-01 7.070280176442915732e-01 -2.595805362064400046e-01 -6.578216534413335870e-01 -3.751397758118053538e-01 1.486990356705052418e+00 1.830820150394353085e+00
1.583561769870888948e+09 3.998466084649819341e-01 9.149102856606969869e-01 5.533406849198906075e-02 6.019832895716779042e-01 -3.076526379321394278e-01 7.368622486443717756e-01 6.911865225325516393e-01 -2.613216864443420606e-01 -6.737745672780868222e-01 -3.728884430481346213e-01 1.486267759813630240e+00 1.838074357658251889e+00
