1.588763393889039040e+09 -8.335119986144975956e-02 -9.958040050357587214e-01 -3.777513782160366734e-02 -8.999901081892119903e-01 9.149891768225734690e-02 -4.261991943044030617e-01 4.278672488568706078e-01 -1.526963849829182608e-03 -9.038402988021871920e-01 5.340981478639910129e-01 -3.434131724186411105e-01 6.711547670559930845e-01
1.588763393889094114e+09 -8.424986572550058339e-02 -9.949611124009607455e-01 -5.435388611807993875e-02 -8.922903217273585597e-01 9.961122953038033245e-02 -4.403357635990172714e-01 4.435312186059311435e-01 1.140121757458835601e-02 -8.961864038031135404e-01 5.284176186353878313e-01 -3.449477829190351064e-01 6.774312783505793689e-01
1.588763393889121056e+09 -8.442536259428960743e-02 -9.939115376542794200e-01 -7.079698771607603747e-02 -8.843035469033074802e-01 1.074803080412852080e-01 -4.543734370744629270e-01 4.592162835595517967e-01 2.424538516972524552e-02 -8.879935620338660351e-01 5.224952252841370548e-01 -3.465706728689822991e-01 6.834570165576008272e-01
1.588763393889142036e+09 -8.388942562723732121e-02 -9.926645010402679326e-01 -8.706177487144713123e-02 -8.760275526504837096e-01 1.151068192637540316e-01 -4.683226955398125391e-01 4.749087188781077051e-01 3.698119163365411882e-02 -8.792576984029555343e-01 5.163411620255610179e-01 -3.482785834403503977e-01 6.892214404339338518e-01
1.588763393889162064e+09 -8.265628000850223922e-02 -9.912300436487324617e-01 -1.031064495802957448e-01 -8.674590469882644816e-01 1.224924332403512228e-01 -4.821933280323922322e-01 4.905942734835837538e-01 4.958431575197028846e-02 -8.699762378700811594e-01 5.099660503199976436e-01 -3.500680990996843378e-01 6.947144924256026810e-01
1.588763393889180899e+09 -8.074257983674368311e-02 -9.896189941570866511e-01 -1.188902107290367854e-01 -8.585937221373379780e-01 1.296397315729345967e-01 -4.959943147925434670e-01 5.062582899167997752e-01 6.203052799577664367e-02 -8.601481020668867439e-01 5.033809382166749558e-01 -3.519356468077953215e-01 6.999266512759518832e-01
1.588763393889199972e+09 -7.816744503112749154e-02 -9.878429180910147656e-01 -1.343734338247437876e-01 -8.494263228098848373e-01 1.365522252361122679e-01 -5.097336676186553506e-01 5.218857850690963307e-01 7.429575333414674410e-02 -8.497737159866001200e-01 4.965972983939571650e-01 -3.538774955954957502e-01 7.048489972387980140e-01
1.588763393889219046e+09 -7.495260798405549429e-02 -9.859140352147162112e-01 -1.495179645625042408e-01 -8.399507516242217253e-01 1.432345190127752577e-01 -5.234181955311812962e-01 5.374614789963169104e-01 8.635616789563296813e-02 -8.388550356670930741e-01 4.896270198203476198e-01 -3.558897584540491876e-01 7.094732864307484732e-01
1.588763393889238119e+09 -7.112264375675399208e-02 -9.838450894112680256e-01 -1.642875819741682064e-01 -8.301602281645907855e-01 1.496926286692351338e-01 -5.370531747421345425e-01 5.529697687231929226e-01 9.818837491237350501e-02 -8.273955994040219641e-01 4.824823891848232238e-01 -3.579683980956565037e-01 7.137920300048057332e-01
1.588763393889256954e+09 -6.670523082547076543e-02 -9.816491549031073349e-01 -1.786486743959497803e-01 -8.200475193669989338e-01 1.559344357883590548e-01 -5.506419142426476343e-01 5.683946500134844371e-01 1.097697062869243817e-01 -8.154005968976064667e-01 4.751760589427219128e-01 -3.601092379483025185e-01 7.177985720119125501e-01
1.588763393889276028e+09 -6.173133097661046009e-02 -9.793393747282735928e-01 -1.925711086523215210e-01 -8.096052471865847755e-01 1.619701946385560531e-01 -5.641852530703961310e-01 5.837196129196964289e-01 1.210786734340696669e-01 -8.028769322477559145e-01 4.677210004472036053e-01 -3.623079792057401494e-01 7.214871592004270529e-01
1.588763393889295101e+09 -5.623555092077263395e-02 -9.769285137184585688e-01 -2.060297112102394967e-01 -7.988263931067249857e-01 1.678135411099060115e-01 -5.776807155355487833e-01 5.989273382405969626e-01 1.320957777864377736e-01 -7.898333678708893135e-01 4.601304683796787476e-01 -3.645602138832249040e-01 7.248530614012409501e-01
1.588763393889312983e+09 -5.025507784866006800e-02 -9.744288157818099538e-01 -2.190043609825580717e-01 -7.877045004438630871e-01 1.734807104519361931e-01 -5.911227140678873004e-01 6.140000383827765029e-01 1.428038027511568664e-01 -7.762802501603396355e-01 4.524178738900572205e-01 -3.668614745826316303e-01 7.278924891710780720e-01
1.588763393889332056e+09 -4.382948862901335507e-02 -9.718515174395557787e-01 -2.314813253414753635e-01 -7.762342411613165627e-01 1.789911833358362458e-01 -6.045019099574141519e-01 6.289192148267436222e-01 1.531887213326844355e-01 -7.622295171937460978e-01 4.445967282653198183e-01 -3.692072579205099014e-01 7.306026584249099010e-01
1.588763393889350891e+09 -3.699990058831810480e-02 -9.692064516904197458e-01 -2.434540230988481713e-01 -7.644118937079282805e-01 1.843676141037849658e-01 -6.178050174876749123e-01 6.436656462149259461e-01 1.632404265996881543e-01 -7.476945225220761326e-01 4.366805564235544113e-01 -3.715930612211078010e-01 7.329817762695171046e-01
1.588763393889368057e+09 -2.980786631547160948e-02 -9.665016842939015973e-01 -2.549234892426829879e-01 -7.522357941458305275e-01 1.896355098751336954e-01 -6.310148044266467027e-01 6.582194171508358727e-01 1.729533684453238573e-01 -7.326897919530962477e-01 4.286828113042449040e-01 -3.740144206816176653e-01 7.350290005136075333e-01
1.588763393889385939e+09 -2.229410029539795682e-02 -9.637432086035878642e-01 -2.658984786857086502e-01 -7.397067342197705120e-01 1.948226882775707658e-01 -6.441102914001854973e-01 6.725599753514382995e-01 1.823270358666681246e-01 -7.172307380129416821e-01 4.206167945108723050e-01 -3.764669491209083896e-01 7.367443760058928204e-01
1.588763393889410019e+09 -1.449714839936458097e-02 -9.609347113326386358e-01 -2.763952120591808836e-01 -7.268282953837116311e-01 1.999585821556892629e-01 -6.570671156413961933e-01 6.866661938093306938e-01 1.913662613512002175e-01 -7.013333674502536530e-01 4.124955875982436182e-01 -3.789463717134146648e-01 7.381287522647449473e-01
1.588763393889429092e+09 -6.452081237244809003e-03 -9.580774493076960052e-01 -2.864366802290892466e-01 -7.136070753649929044e-01 2.050733755919908197e-01 -6.698580839384840058e-01 7.005164613621442937e-01 2.000812628823158412e-01 -6.850139966506660905e-01 4.043319972943575924e-01 -3.814485584458685574e-01 7.391836885861702289e-01
1.588763393889446974e+09 1.810667974440565743e-03 -9.551702573672435914e-01 -2.960515173536095168e-01 -7.000527828701571531e-01 2.101970250143266050e-01 -6.824538899268468573e-01 7.140888058776445613e-01 2.084873860005968249e-01 -6.682889997614203104e-01 3.961385164623891231e-01 -3.839695525231797690e-01 7.399113536563500793e-01
1.588763393889465094e+09 1.026620530378707583e-02 -9.522096963573160044e-01 -3.052724999024036823e-01 -6.861781838631214603e-01 2.153582355181914709e-01 -6.948239564020581849e-01 7.273610554747963475e-01 2.166045349545202559e-01 -6.511746082418816695e-01 3.879273010305681613e-01 -3.865055944785513176e-01 7.403144269361053853e-01
1.588763393889482975e+09 1.889572242944245750e-02 -9.491903394843956843e-01 -3.141347658382653285e-01 -6.719988892829548144e-01 2.205834676961176966e-01 -7.069373569044435923e-01 7.403110457629975549e-01 2.244563058012412071e-01 -6.336867698718340325e-01 3.797101615952489517e-01 -3.890531422777247506e-01 7.403960078620663854e-01
1.588763393889501095e+09 2.768662157905565219e-02 -9.461051869309923257e-01 -3.226738698015455542e-01 -6.575329779010234965e-01 2.258960460901067446e-01 -7.187637715820673900e-01 7.529168838327565672e-01 2.320688510516563108e-01 -6.158410626244223973e-01 3.714985673487728457e-01 -3.916088881171183589e-01 7.401595361476999146e-01
1.588763393889518976e+09 3.663221852691300739e-02 -9.429461363005620100e-01 -3.309239559272386666e-01 -6.428005232479628850e-01 2.313155102119555939e-01 -7.302743471141086573e-01 7.651572177534118335e-01 2.394696614950454772e-01 -5.976526694883479429e-01 3.633036596542913998e-01 -3.941697727601233270e-01 7.396087245100388952e-01
1.588763393889537096e+09 4.573107895447099669e-02 -9.397044796223398277e-01 -3.389161539382003485e-01 -6.278230432960761886e-01 2.368572223199164328e-01 -7.414424337376144258e-01 7.770115151825217614e-01 2.466863336667574347e-01 -5.791363898591221915e-01 3.551362725717315261e-01 -3.967329982370153552e-01 7.387475049478606781e-01
1.588763393889555931e+09 5.498606614071185894e-02 -9.363713967263646021e-01 -3.466772849899178444e-01 -6.126228973537010125e-01 2.425322329603424032e-01 -7.522441768592409428e-01 7.884603466062061194e-01 2.537453908415885362e-01 -5.603066646574117460e-01 3.470069575093849834e-01 -3.992960397031651842e-01 7.375799901531210345e-01
1.588763393889575005e+09 6.440320141099062368e-02 -9.329384096014637917e-01 -3.542289535642182963e-01 -5.972226692624096334e-01 2.483473966473856986e-01 -7.626589368144575110e-01 7.994856540108026266e-01 2.606712382947870554e-01 -5.411775998320922376e-01 3.389260090959416716e-01 -4.018566572188065900e-01 7.361104506286809679e-01
1.588763393889594078e+09 7.399045189507279241e-02 -9.293977665436620184e-01 -3.615870636194139509e-01 -5.816445806466138402e-01 2.543057088084397233e-01 -7.726695207378584396e-01 8.100709813557720462e-01 2.674853229926575926e-01 -5.217629798596801205e-01 3.309034894701314289e-01 -4.044129080986415548e-01 7.343433071628396869e-01
1.588763393889611959e+09 8.375657664410415815e-02 -9.257427208153864440e-01 -3.687617804641369901e-01 -5.659099955892594735e-01 2.604068231626042174e-01 -7.822622088199929768e-01 8.202016293344436271e-01 2.742055822063038106e-01 -5.020762750093542559e-01 3.229492486047146338e-01 -4.069631602797186276e-01 7.322831368291345955e-01
1.588763393889630079e+09 9.371015087870182558e-02 -9.219676833750429790e-01 -3.757578987050599340e-01 -5.500390682782583252e-01 2.666476822499559418e-01 -7.914265834072810035e-01 8.298647064381436955e-01 2.808462290439569520e-01 -4.821306510100407117e-01 3.150729387409477167e-01 -4.095061069068597348e-01 7.299346902963232964e-01
1.588763393889647961e+09 1.038588382117972830e-01 -9.180682576349302737e-01 -3.825755037288113281e-01 -5.340505488998174011e-01 2.730231766196319909e-01 -8.001552076027118598e-01 8.390490766020965996e-01 2.874178480142302594e-01 -4.619389869877631449e-01 3.072840217961383402e-01 -4.120407820491274187e-01 7.273029170374605279e-01
1.588763393889667034e+09 1.142089181033050099e-01 -9.140411865251850676e-01 -3.892107814105350005e-01 -5.179617264776330554e-01 2.795267578052770818e-01 -8.084432209998358987e-01 8.477452287873156189e-01 2.939277139229286573e-01 -4.415139024533949463e-01 2.995917697692429549e-01 -4.145665771488570850e-01 7.243929937386536233e-01
1.588763393889684916e+09 1.247650050346005013e-01 -9.098842614062137013e-01 -3.956568265162119236e-01 -5.017884470964030230e-01 2.861509584286912045e-01 -8.162879291992082287e-01 8.559451196665120998e-01 3.003801921583404422e-01 -4.208677847985538012e-01 2.920052585389465993e-01 -4.170832576288910909e-01 7.212103529405055058e-01
1.588763393889702082e+09 1.355298564079212564e-01 -9.055962421249975636e-01 -4.019043471723410255e-01 -4.855451322231412181e-01 2.928878146072729782e-01 -8.236884439121371360e-01 8.636420454088801213e-01 3.067770759185621254e-01 -4.000128036651646735e-01 2.845333549938726669e-01 -4.195909790551395901e-01 7.177607114522519538e-01
1.588763393889720917e+09 1.465041764373958000e-01 -9.011768179188984762e-01 -4.079422375004377876e-01 -4.692447423449352950e-01 2.997292203297196034e-01 -8.306453914081408652e-01 8.708305794295252422e-01 3.131177691086937664e-01 -3.789609011521836157e-01 2.771846971818668903e-01 -4.220903022220404144e-01 7.140500985910829268e-01
1.588763393889739037e+09 1.576863898256908592e-01 -8.966266040122642389e-01 -4.137580639045835285e-01 -4.528986863105877725e-01 3.066672517875271287e-01 -8.371606635674176955e-01 8.775065711454058670e-01 3.193993263362205348e-01 -3.577237592554401435e-01 2.699676668313958361e-01 -4.245822064908216231e-01 7.100848846281745397e-01
1.588763393889760017e+09 1.690723787935989320e-01 -8.919471637351320537e-01 -4.193385122294663314e-01 -4.365166872977968571e-01 3.136944908576306257e-01 -8.432371837873015030e-01 8.836671955216363061e-01 3.256163747663042285e-01 -3.363127473739563889e-01 2.628903538667674011e-01 -4.270681006097697407e-01 7.058718088673894275e-01
1.588763393889777899e+09 1.806552120938320627e-01 -8.871410361995467619e-01 -4.246698438069528847e-01 -4.201066383295768980e-01 3.208043606333234599e-01 -8.488786571916369095e-01 8.893110292671287942e-01 3.317609743399248523e-01 -3.147388586306217317e-01 2.559605124957151090e-01 -4.295498301643647099e-01 7.014180068145433600e-01
1.588763393889796019e+09 1.924249242758016565e-01 -8.822117442469468163e-01 -4.297383934850437792e-01 -4.036744970183966941e-01 3.279914634800549789e-01 -8.540892812502486331e-01 8.944381191428325550e-01 3.378224951102590801e-01 -2.930126495988763513e-01 2.491855091160150859e-01 -4.320296806995036487e-01 6.967310348427412370e-01
1.588763393889813900e+09 2.043684237549494576e-01 -8.771637567745786956e-01 -4.345311164668417270e-01 -3.872242783008630340e-01 3.352518876827983441e-01 -8.588734074966497545e-01 8.990500017616561701e-01 3.437876024695916688e-01 -2.711442028217068145e-01 2.425722625684502420e-01 -4.345103755127398548e-01 6.918188908016184024e-01
1.588763393889832020e+09 2.164696017645036108e-01 -8.720023881321562476e-01 -4.390361563796635891e-01 -3.707581934936343138e-01 3.425834325459827800e-01 -8.632351670939726329e-01 9.031496406856216463e-01 3.496404250689587045e-01 -2.491431309313447418e-01 2.361271770907602541e-01 -4.369950671029212974e-01 6.866900296587343799e-01
1.588763393889849901e+09 2.287097240736903070e-01 -8.667336197674668785e-01 -4.432433806429778578e-01 -3.542769832374157435e-01 3.499856825489542356e-01 -8.671780908004702582e-01 9.067412427278370712e-01 3.553629896051528902e-01 -2.270186431959028694e-01 2.298560687959766147e-01 -4.394873212502478088e-01 6.813533728629245223e-01
1.588763393889868021e+09 2.410682270170318164e-01 -8.613638246126820164e-01 -4.471447993395123999e-01 -3.377805055112044763e-01 3.574598268167149540e-01 -8.707047733383396215e-01 9.098298962007842494e-01 3.609360523228084539e-01 -2.047797014260444859e-01 2.237640875347458869e-01 -4.419910927830196790e-01 6.758183093438193678e-01
1.588763393889887094e+09 2.535239044807804931e-01 -8.558994195432287899e-01 -4.507347484799449910e-01 -3.212685388745706860e-01 3.650081689820613984e-01 -8.738166641299370818e-01 9.124210408509177972e-01 3.663403065559854288e-01 -1.824352597724390457e-01 2.178556368659014253e-01 -4.445106922953346862e-01 6.700946859523472243e-01
1.588763393889904022e+09 2.660563683135777069e-01 -8.503464965932973074e-01 -4.540097406622357612e-01 -3.047416905635569884e-01 3.726333381313037818e-01 -8.765140599847767167e-01 9.145198253255619747e-01 3.715578434782976225e-01 -1.599945562808415267e-01 2.121342945069527031e-01 -4.470507433098325212e-01 6.641927864113958968e-01
1.588763393889921904e+09 2.786476432862732278e-01 -8.447104818284478789e-01 -4.569679340884355567e-01 -2.882022899229636503e-01 3.803372497803758079e-01 -8.787963453030912531e-01 9.161304115547079796e-01 3.765737355741595183e-01 -1.374674168796635731e-01 2.066027349790020562e-01 -4.496161295503127708e-01 6.581232989238128273e-01
1.588763393889940023e+09 2.912837891993065864e-01 -8.389958570609082900e-01 -4.596082092274041964e-01 -2.716551764036796435e-01 3.881198705300608620e-01 -8.806624956464448317e-01 9.172552639718171141e-01 3.813776578930583860e-01 -1.148645410004335982e-01 2.012626571038902967e-01 -4.522119323169082050e-01 6.518972719385909276e-01
1.588763393889957905e+09 3.039564326596860266e-01 -8.332059774984108547e-01 -4.619288755973271487e-01 -2.551083023934759275e-01 3.959778584453645389e-01 -8.821118351299632732e-01 9.178944607611183581e-01 3.859654578943332304e-01 -9.219774519865522877e-02 1.961147192248282323e-01 -4.548433583190409912e-01 6.455260578843740049e-01
1.588763393889976025e+09 3.166640704812934137e-01 -8.273430173364680895e-01 -4.639260696875124879e-01 -2.385730858568078372e-01 4.039031723671811513e-01 -8.831450107778999747e-01 9.180450692488958397e-01 3.903405679941107653e-01 -6.948015406623631041e-02 1.911584849518626894e-01 -4.575156586917101809e-01 6.390212451825548756e-01
1.588763393889993906e+09 3.294130234981338945e-01 -8.214080656969126037e-01 -4.655919345980663038e-01 -2.220644884995783830e-01 4.118817362513349511e-01 -8.837651262045906897e-01 9.177006172486086300e-01 3.945151770924639756e-01 -4.672635389656924765e-02 1.863923824716627597e-01 -4.602340403878897868e-01 6.323945790646535725e-01
1.588763393890012026e+09 3.422179841352024354e-01 -8.154013793317688163e-01 -4.669126705532660182e-01 -2.056008566828149697e-01 4.198921943444633431e-01 -8.839789776150186462e-01 9.168506634490597440e-01 3.985111488002592850e-01 -2.395256182873906070e-02 1.818136811933629415e-01 -4.630035718299442826e-01 6.256578717137587509e-01
1.588763393890029907e+09 3.551020838733942586e-01 -8.093227975194847712e-01 -4.678665615845006842e-01 -1.892035768429929099e-01 4.279047919985079496e-01 -8.837983341803381521e-01 9.154804839754125956e-01 4.023606571294175427e-01 -1.176884773707642662e-03 1.774184898510601238e-01 -4.658290854983387907e-01 6.188229027079551470e-01
1.588763393890048981e+09 3.680964281927555093e-01 -8.031723156724619450e-01 -4.684220862576467526e-01 -1.728966241953301952e-01 4.358803903380786271e-01 -8.832412143157679640e-01 9.135708931959676260e-01 4.061065336358594680e-01 2.158023277519258501e-02 1.732017796616816263e-01 -4.687150808332238849e-01 6.119013117173052185e-01
1.588763393890065908e+09 3.812390674221912690e-01 -7.969508054421395871e-01 -4.685362175766972781e-01 -1.567060995512814248e-01 4.437695969322759115e-01 -8.823331248499053370e-01 9.110982229352592165e-01 4.098023408295399794e-01 4.429525502901095202e-02 1.691574346129670614e-01 -4.716656311940225499e-01 6.049044866207802240e-01
1.588763393890084028e+09 3.945733601175810956e-01 -7.906608626180648969e-01 -4.681530346099175843e-01 -1.406598412124318576e-01 4.515120007324902596e-01 -8.811082352753528690e-01 9.080345106640749231e-01 4.135121685323034924e-01 6.694037587292858693e-02 1.652783298398077527e-01 -4.746842989703429216e-01 5.978434508078778187e-01
1.588763393890105963e+09 4.081456926402937668e-01 -7.843077529771117495e-01 -4.672027848847480347e-01 -1.247871894081623023e-01 4.590355025866587058e-01 -8.796104619262065105e-01 9.043479700536433130e-01 4.173101436470264547e-01 8.948180302383272611e-02 1.615564390330726241e-01 -4.777740636690402942e-01 5.907287534379641603e-01
1.588763393890124083e+09 4.220025662381418075e-01 -7.779004136467315700e-01 -4.656015254931646918e-01 -1.091189763296547266e-01 4.662557066036306930e-01 -8.778944498456100476e-01 9.000038239333103540e-01 4.212796725614657567e-01 1.118774078854450071e-01 1.579829712524649099e-01 -4.809372684598696712e-01 5.835703668035145952e-01
1.588763393890141010e+09 4.361869923779169156e-01 -7.714524563351298214e-01 -4.632515680488272780e-01 -9.368775385805004630e-02 4.730754480205396351e-01 -8.760263838849878804e-01 8.949656487590821330e-01 4.255123125132492801e-01 1.340737089966017870e-01 1.545485355422085982e-01 -4.841755906816119781e-01 5.763775956910490716e-01
1.588763393890160084e+09 4.507341431978353907e-01 -7.649830898909780741e-01 -4.600430461831376827e-01 -7.852822080110313796e-02 4.793846353273243932e-01 -8.740844867375866523e-01 8.891974194153891009e-01 4.301060841218877218e-01 1.560022618733191979e-01 1.512433294572529396e-01 -4.874900413531194632e-01 5.691590040542996443e-01
1.588763393890178919e+09 4.656663929596587259e-01 -7.585178548112283536e-01 -4.558568573635901067e-01 -6.367780718527471517e-02 4.850605289866348202e-01 -8.721590566500411201e-01 8.826663850750836593e-01 4.351631270656055595e-01 1.775756331938902755e-01 1.480573453626425062e-01 -4.908809978352445258e-01 5.619223642801188801e-01
1.588763393890197039e+09 4.809880225754049610e-01 -7.520890572564727927e-01 -4.505691646117908067e-01 -4.917733909032645512e-02 4.899685770991860645e-01 -8.703518729690897793e-01 8.753468520880958170e-01 4.407866189169346027e-01 1.986832784269515206e-01 1.449805869369216738e-01 -4.943482728658574743e-01 5.546746337947962013e-01
1.588763393890214920e+09 4.966800090748627050e-01 -7.457358130863704915e-01 -4.440575026623234667e-01 -3.507169265060744445e-02 4.939638859393939430e-01 -8.687748015266575363e-01 8.672248525968349053e-01 4.470769245597853714e-01 2.191877701145873159e-01 1.420032867495554796e-01 -4.978912217283603114e-01 5.474219630668483161e-01
1.588763393890232086e+09 5.126954248213976273e-01 -7.395036696466590342e-01 -4.362083492452050737e-01 -2.141035541576732232e-02 4.968933484013695057e-01 -8.675474609500360978e-01 8.583035582180762457e-01 4.541269898380789205e-01 2.389219099497536525e-01 1.391161145276978706e-01 -5.015088874425047694e-01 5.401697380925339909e-01
1.588763393890249968e+09 5.289559274445690962e-01 -7.334438150090285546e-01 -4.269259854484767636e-01 -8.247782193914948712e-03 4.985986046372772318e-01 -8.667937502936039484e-01 8.486092156651496854e-01 4.620168846314831046e-01 2.576874024993109913e-01 1.363103648850238214e-01 -5.052001815844981980e-01 5.329226592164659770e-01
1.588763393890269041e+09 5.453498832120644568e-01 -7.276119635603101043e-01 -4.161422057054453005e-01 4.356512530206071640e-03 4.989199327859370481e-01 -8.666371336798689429e-01 8.381971878268839049e-01 4.708075309068802117e-01 2.752557777117750626e-01 1.335781136381249401e-01 -5.089640963272079599e-01 5.256848567413038298e-01
1.588763393890286922e+09 5.617325816810376793e-01 -7.220670278797893804e-01 -4.038263413048970296e-01 1.633821555856229679e-02 4.977013346910104663e-01 -8.671945826425333514e-01 8.271575239288504466e-01 4.805336499159152397e-01 2.913723423896396603e-01 1.309123324053071136e-01 -5.127999408992023334e-01 5.184600423786859258e-01
1.588763393890311956e+09 5.779289832976776120e-01 -7.168697029064959869e-01 -3.899947683292179779e-01 2.762892940086406415e-02 4.947970539194046502e-01 -8.685692359842412946e-01 8.156192325629151307e-01 4.911961975558645221e-01 3.057639007197955894e-01 1.283069523293318415e-01 -5.167075931321363225e-01 5.112516941336170406e-01
1.588763393890331030e+09 5.937393478800013780e-01 -7.120811132697170143e-01 -3.747186610091453041e-01 3.815742259291394350e-02 4.900795230153011106e-01 -8.708421626377361724e-01 8.037521993014992150e-01 5.027549594500285712e-01 3.181506763620766121e-01 1.257568696345885140e-01 -5.206877543031322997e-01 5.040632707293581927e-01
1.588763393890347958e+09 6.089478246516804028e-01 -7.077616184493609186e-01 -3.581285220515436629e-01 4.785154950055828249e-02 4.834485357526719929e-01 -8.740639235744727120e-01 7.917656067702983913e-01 5.151223201672774366e-01 3.282624242955409222e-01 1.232578886952804958e-01 -5.247421937844357620e-01 4.968984503901274774e-01
1.588763393890366077e+09 6.233336942167652106e-01 -7.039698049168366945e-01 -3.404138942880071128e-01 5.664096581867732183e-02 4.748409820781729351e-01 -8.782470283101289077e-01 7.799018570610151135e-01 5.281595928414100083e-01 3.358579131799928619e-01 1.208066015669326254e-01 -5.288739685701716597e-01 4.897613876700455116e-01
1.588763393890383959e+09 6.366843963949755381e-01 -7.007616247520721542e-01 -3.218169117167352655e-01 6.446067716987355367e-02 4.642399172101936977e-01 -8.833606966425903151e-01 7.684255334695957451e-01 5.416774358874121287e-01 3.407458803355505883e-01 1.184002063293385365e-01 -5.330876013678684799e-01 4.826569808445119181e-01
1.588763393890402079e+09 6.488088870614491244e-01 -6.981895580233817844e-01 -3.026191817153924823e-01 7.125530543907281078e-02 4.516813316936156286e-01 -8.893293293553716783e-01 7.576078863891161363e-01 5.554415501856920789e-01 3.428045723317806881e-01 1.160362709609318588e-01 -5.373892013046793759e-01 4.755911416662080282e-01
1.588763393890419006e+09 6.595495746969898265e-01 -6.963015380763503126e-01 -2.831228118580770281e-01 7.698384758973088327e-02 4.372570742458998239e-01 -8.960355675070078574e-01 7.477083961876191953e-01 5.691839940656675534e-01 3.419966888337315769e-01 1.137124536074861636e-01 -5.417865124595121484e-01 4.685710588140304944e-01
1.588763393890441895e+09 6.687912535871578523e-01 -6.951393349190660986e-01 -2.636276999453811554e-01 8.162453894852887692e-02 4.211127809079717732e-01 -9.033279915970742202e-01 7.389558131369953209e-01 5.826193704386980476e-01 3.383769723605624669e-01 1.114261939255021122e-01 -5.462888777305169308e-01 4.616054461798817510e-01
1.588763393890461922e+09 6.764659649229650684e-01 -6.947362487829796818e-01 -2.444081482534724015e-01 8.517917965741136910e-02 4.034403131708590995e-01 -9.110326125155447929e-01 7.315314796069710690e-01 5.954640697319464326e-01 3.320907044853060319e-01 1.091743933904579522e-01 -5.509071092157600269e-01 4.547047673701476445e-01
1.588763393890480042e+09 6.825534559390757927e-01 -6.951142385868620543e-01 -2.256922132115477819e-01 8.767610190353790356e-02 3.844651655023427206e-01 -9.189665051979130084e-01 7.255574966485298649e-01 6.074559505307908225e-01 3.233629342164862086e-01 1.069531046640927324e-01 -5.556532614278821836e-01 4.478814286485598428e-01
1.588763393890496969e+09 6.870778130164442166e-01 -6.962807780888443654e-01 -2.076467118194489647e-01 8.917108162601972143e-02 3.644304143045762334e-01 -9.269514503666574923e-01 7.210912543253172879e-01 6.183716934013173683e-01 3.124801621523697337e-01 1.047572506287178656e-01 -5.605403089700683461e-01 4.411499334868763667e-01
1.588763393890515089e+09 6.901014960148068589e-01 -6.982258555229591268e-01 -1.903695875980538077e-01 8.974576672463761839e-02 3.435794395558229297e-01 -9.348255805629854809e-01 7.181264669648482757e-01 6.280396670593194619e-01 2.997674999859850642e-01 1.025803925459459615e-01 -5.655817348070253381e-01 4.345269922857211142e-01
1.588763393890532970e+09 6.917182051463660608e-01 -7.009195610407068511e-01 -1.738898893682103708e-01 8.950354963678945619e-02 3.221397423376919922e-01 -9.424516438600070156e-01 7.165996366687534813e-01 6.363471971835547025e-01 2.855647130968536618e-01 1.004145645564632067e-01 -5.707910397104937195e-01 4.280315810378709229e-01
1.588763393890551090e+09 6.920457992451952700e-01 -7.043106353178436585e-01 -1.581743997306462035e-01 8.856318155729075992e-02 3.003097887825034729e-01 -9.497213241995084987e-01 7.164001497918672801e-01 6.432422247846096841e-01 2.702041184652438921e-01 9.825018853772221616e-02 -5.761811877456736175e-01 4.216849428455386462e-01
1.588763393890573025e+09 6.912200934825314391e-01 -7.083261673498549849e-01 -1.431391735981519808e-01 8.705076890047605542e-02 2.782501319282776331e-01 -9.565558152670137204e-01 7.173820084181838919e-01 6.487302249283933842e-01 2.539924197008502915e-01 9.607607933699716107e-02 -5.817640062988644889e-01 4.155105261183088539e-01
1.588763393890590906e+09 6.893898636182449469e-01 -7.128724896445952641e-01 -1.286640177098104798e-01 8.509096554870118623e-02 2.560792713089268258e-01 -9.629033878813013647e-01 7.193755233010530326e-01 6.528676897504566146e-01 2.371974623778291547e-01 9.387954579932164534e-02 -5.875495632236564791e-01 4.095338541996002002e-01
1.588763393890609026e+09 6.867128666417231520e-01 -7.178373112338254369e-01 -1.146081733306810457e-01 8.279818642643653470e-02 2.338740539553758602e-01 -9.687349416720655304e-01 7.221979639374779270e-01 6.557533999098842381e-01 2.200399495419700369e-01 9.164658786865013951e-02 -5.935455463225189909e-01 4.037823221172739951e-01
1.588763393890626907e+09 6.833524770132464177e-01 -7.230930486827125137e-01 -1.008257661091519902e-01 8.026868081264817989e-02 2.116739796115185146e-01 -9.740385337559437362e-01 7.256626840637985243e-01 6.575184935106194173e-01 2.026896634071239656e-01 8.936218484455306366e-02 -5.997566717731450670e-01 3.982849173481032845e-01
1.588763393890645027e+09 6.794744947535346080e-01 -7.285012542863151808e-01 -8.717989153234256827e-02 7.757422908505975934e-02 1.894884682127407349e-01 -9.788137511302428262e-01 7.295866295125510437e-01 6.583160661293139260e-01 1.852655043870401752e-01 8.701066545809839348e-02 -6.061841468081871076e-01 3.930718609523737306e-01
1.588763393890662909e+09 6.752437503362860305e-01 -7.339179913425114554e-01 -7.355446703265086650e-02 7.475807349317638295e-02 1.673059705304363598e-01 -9.830666013439104400e-01 7.337963669040276082e-01 6.583107884692239731e-01 1.678386061272026941e-01 8.457614652564496294e-02 -6.128252119630127615e-01 3.881741669120214455e-01
1.588763393890681028e+09 6.708202769199871351e-01 -7.391999421775697909e-01 -5.986319038078289495e-02 7.183348401084185819e-02 1.451037395513098960e-01 -9.868053786580710529e-01 7.381328516263226946e-01 6.576688758480523367e-01 1.504378379730184623e-01 8.204302340403936411e-02 -6.196727878510759346e-01 3.836231200605797476e-01
1.588763393890698910e+09 6.663550073332886736e-01 -7.442109445419314850e-01 -4.605512165607467817e-02 6.878511066010487007e-02 1.228571178533763714e-01 -9.900377453156258278e-01 7.424551250785852430e-01 6.565487023999926341e-01 1.330570878407917323e-01 7.939649220724349921e-02 -6.267152506052986460e-01 3.794496770316424517e-01
1.588763393890716076e+09 6.619852214242970545e-01 -7.488284794509035835e-01 -3.211658425127116717e-02 6.557297626700667181e-02 1.005473144945046859e-01 -9.927690679794768380e-01 7.466429879141804893e-01 6.550924712722208110e-01 1.156637483582621528e-01 7.662308056031180703e-02 -6.339363586093484937e-01 3.756838009361604946e-01
1.588763393890734911e+09 6.578302281965371368e-01 -7.529494597063552952e-01 -1.806936644424175092e-02 6.213860642089553271e-02 7.816687612956582654e-02 -9.950018759146253000e-01 7.505985508013194307e-01 6.534195058386419452e-01 9.820776409117480676e-02 7.371116007049600960e-02 -6.413153505528543796e-01 3.723537509823796610e-01
1.588763393890753984e+09 6.539878269737224858e-01 -7.564946768116598275e-01 -3.965618578201400568e-03 5.841248879550804685e-02 5.572244375939149064e-02 -9.967361689131206681e-01 7.542465799226129031e-01 6.516216795223082059e-01 8.063053673895320683e-02 7.065141197807314755e-02 -6.488272271890090925e-01 3.694853565272678830e-01
1.588763393890772104e+09 6.505320594111321242e-01 -7.594113710193791666e-01 1.011974553411120956e-02 5.432187124183419924e-02 3.323483813120238495e-02 -9.979702299390434961e-01 7.575336124457623388e-01 6.497613524265940521e-01 6.287297440777632473e-02 6.743721767864871430e-02 -6.564432185506854367e-01 3.671013124168485686e-01
1.588763393890789032e+09 6.475126080792453775e-01 -7.616736234260137461e-01 2.409800324502957974e-02 4.979789308894989885e-02 1.073694684477344286e-02 -9.987016009908881164e-01 7.604259281641555512e-01 6.478719081391958179e-01 4.488205012033066182e-02 6.406494822544397949e-02 -6.641314253552335067e-01 3.652205384800107923e-01
1.588763393890806913e+09 6.449559362196495282e-01 -7.632806008909994722e-01 3.787564710215278463e-02 4.478121619412279292e-02 -1.172980341307238751e-02 -9.989279525538741211e-01 7.629066017627480489e-01 6.459606303961208384e-01 2.661542726138437648e-02 6.053413287564331918e-02 -6.718576082816812844e-01 3.638576459352067527e-01
1.588763393890831947e+09 6.428679488828540345e-01 -7.642530430145961784e-01 5.136230667501816977e-02 3.922566484161538886e-02 -3.411949277809464554e-02 -9.986476893458012816e-01 7.649719913296357809e-01 6.440133123328182219e-01 8.044005378389545297e-03 5.684749602174559574e-02 -6.795860849892570998e-01 3.630225458071124067e-01
1.588763393890850067e+09 6.412377789913752402e-01 -7.646285825494339994e-01 6.447667444547847126e-02 3.309969790056702110e-02 -5.638545964488396456e-02 -9.978602557196751821e-01 7.666280198342672048e-01 6.419998525665523426e-01 -1.084751182343769021e-02 5.301086251222303369e-02 -6.872806856459745539e-01 3.627202218364212749e-01
1.588763393890867949e+09 6.400420431976683311e-01 -7.644566993159633839e-01 7.715009925588832418e-02 2.638602926106611499e-02 -7.848320535817385202e-02 -9.965661864331691877e-01 7.678866846098215682e-01 6.398799429221455615e-01 -3.006157427900616949e-02 4.903294103580860958e-02 -6.949057146125869888e-01 3.629506773024090416e-01
1.588763393890886068e+09 6.392490099349048549e-01 -7.637939657460296461e-01 8.932794183285196199e-02 1.907988243452805183e-02 -1.003722153438711406e-01 -9.947669960742853146e-01 7.687630723346218220e-01 6.376081839839548016e-01 -4.958974021468869758e-02 4.492500287652545499e-02 -7.024268678023468659e-01 3.637090535359976395e-01
1.588763393890903950e+09 6.388222215273584581e-01 -7.627000690201635180e-01 1.009691735352184899e-01 1.118650521708963903e-02 -1.220167486873240392e-01 -9.924649994565104549e-01 7.692730538538824492e-01 6.351381879267009589e-01 -6.941506216054690870e-02 4.070047872431495350e-02 -7.098120606629054752e-01 3.649859082010817324e-01
1.588763393890922070e+09 6.387233629227494491e-01 -7.612348095230784262e-01 1.120447697659868319e-01 2.718419774180134627e-03 -1.433857972191532604e-01 -9.896631363020287342e-01 7.694316576878963421e-01 6.324255512964285231e-01 -8.951450283785761242e-02 3.637449986155303489e-02 -7.170321301926759761e-01 3.667676316925976843e-01
1.588763393890939951e+09 6.389143017769590704e-01 -7.594560993552321726e-01 1.225354974768266825e-01 -6.307177312121395318e-03 -1.644524971771861299e-01 -9.863648390387552700e-01 7.692520617462984545e-01 6.294297493213388828e-01 -1.098610766904726810e-01 3.196341127199303633e-02 -7.240613850728245815e-01 3.690369727910146058e-01
1.588763393890958071e+09 6.393583573108638785e-01 -7.574188318533973119e-01 1.324296194039888408e-01 -1.587057415941773436e-02 -1.851932814157970786e-01 -9.825739531453642206e-01 7.687450915708513577e-01 6.261151345229430953e-01 -1.304255439332519806e-01 2.748428321040450456e-02 -7.308779896210308991e-01 3.717736404685499929e-01
1.588763393890975952e+09 6.400209457638355026e-01 -7.551744010873651103e-01 1.417208980030872922e-01 -2.595110075840958985e-02 -2.055870156301118912e-01 -9.782946996581038945e-01 7.679190903699550930e-01 6.224512856063844080e-01 -1.511776031546487320e-01 2.295444500884523398e-02 -7.374641791911304978e-01 3.749549465761749523e-01
1.588763393890994072e+09 6.408697938647091030e-01 -7.527706199109863716e-01 1.504071179018171833e-01 -3.652804267967722784e-02 -2.256142919065086128e-01 -9.735316601892951560e-01 7.667800267425965988e-01 6.184129567633180891e-01 -1.720866220806193114e-01 1.839106039844217583e-02 -7.438063143369502139e-01 3.785564571517116006e-01
1.588763393891011953e+09 6.418749184329008983e-01 -7.502518130015233266e-01 1.584891358408544448e-01 -4.758101787469423694e-02 -2.452569489717556783e-01 -9.682897684704111496e-01 7.653317162030446319e-01 6.139798417500256233e-01 -1.931220290426765851e-01 1.381075882493402844e-02 -7.498947897984611366e-01 3.825526227872059759e-01
1.588763393891028881e+09 6.430085205706869145e-01 -7.476589308881496088e-01 1.659703754938883224e-01 -5.908995782091903959e-02 -2.644978285691571562e-01 -9.625742961311253287e-01 7.635760730665301921e-01 6.091362916062230681e-01 -2.142534921343404175e-01 9.229331972580061966e-03 -7.557238193903357271e-01 3.869173653626152287e-01
1.588763393891047955e+09 6.442448882516155217e-01 -7.450296019073783249e-01 1.728566349559466919e-01 -7.103484432994214282e-02 -2.833207360312269829e-01 -9.563908256728278490e-01 7.615133451582579704e-01 6.038710564539812031e-01 -2.354509977177353941e-01 4.661500181706929730e-03 -7.612911200177877591e-01 3.916246057633034905e-01
1.588763393891068935e+09 6.455603510112082333e-01 -7.423980926057105467e-01 1.791560920052263639e-01 -8.339531590347973311e-02 -3.017105661707173425e-01 -9.497452055955390993e-01 7.591423150431223510e-01 5.981770694056546267e-01 -2.566849024611225771e-01 1.207496850303951125e-04 -7.665975201484865886e-01 3.966487214383118132e-01
1.588763393891091108e+09 6.469332938116171272e-01 -7.397952039096316046e-01 1.848793380431007494e-01 -9.615029625958609882e-02 -3.196535089624134574e-01 -9.426434929190457002e-01 7.564604641939877139e-01 5.920512566380647934e-01 -2.779260254599223989e-01 -4.380762148387598934e-03 -7.716465203468814149e-01 4.019649253420593538e-01
1.588763393891108990e+09 6.483442087682296240e-01 -7.372481398165824373e-01 1.900393835461055003e-01 -1.092776906566093331e-01 -3.371372942435771347e-01 -9.350918838062316496e-01 7.534641154578932687e-01 5.854943425631862208e-01 -2.991457864436691261e-01 -8.832239722506126517e-03 -7.764438322191780095e-01 4.075495633735755074e-01
1.588763393891127110e+09 6.497757674440195474e-01 -7.347803570500256454e-01 1.946516862009383952e-01 -1.227541011508829910e-01 -3.541514942178113912e-01 -9.270966237665517751e-01 7.501485737468376325e-01 5.785106274245255253e-01 -3.203163612207649003e-01 -1.322422881617280749e-02 -7.809969191739469796e-01 4.133803323382526651e-01
1.588763393891145945e+09 6.512128858564225631e-01 -7.324114560673573582e-01 1.987340844463772183e-01 -1.365546651558025848e-01 -3.706877965186654578e-01 -9.186639107648303382e-01 7.465082723720679603e-01 5.711077101036384773e-01 -3.414108708630894107e-01 -1.754855312989927682e-02 -7.853145594995248890e-01 4.194364232378903767e-01
1.588763393891163111e+09 6.526427504602152485e-01 -7.301571623130497235e-01 2.023065955414606598e-01 -1.506530505202981485e-01 -3.867401931827924577e-01 -9.097998028969197515e-01 7.425369341937140266e-01 5.632961399710508799e-01 -3.624035872548153625e-01 -2.179821859134333656e-02 -7.894064470569782666e-01 4.256985982130077617e-01
1.588763393891180992e+09 6.540547942195529263e-01 -7.280293957140945293e-01 2.053911515608321803e-01 -1.650215401801991000e-01 -4.023051044639691654e-01 -9.005101299842213081e-01 7.382277544471451680e-01 5.550890035884368245e-01 -3.832701144915506286e-01 -2.596729564807282245e-02 -7.932828391213115893e-01 4.321492118888253797e-01
1.588763393891199112e+09 6.554406241034210767e-01 -7.260364149253544230e-01 2.080113277736402588e-01 -1.796311586869826504e-01 -4.173814541221979590e-01 -8.908004089519835356e-01 7.335736057852325631e-01 5.465014601660105331e-01 -4.039875232416405559e-01 -3.005078851355864888e-02 -7.969542559425442096e-01 4.387721885819987344e-01
1.588763393891216993e+09 6.567939075447908337e-01 -7.241830185391814334e-01 2.101920994624219829e-01 -1.944518098878637302e-01 -4.319707086774050575e-01 -8.806757635370033865e-01 7.285672629513316734e-01 5.375502418478010913e-01 -4.245344283426493170e-01 -3.404449899453652201e-02 -8.004312331997776031e-01 4.455529659329247050e-01
1.588763393891233921e+09 6.581102268011487233e-01 -7.224707873118174639e-01 2.119596444271404645e-01 -2.094524112225572554e-01 -4.460768860465056940e-01 -8.701408501923807437e-01 7.232016432598683542e-01 5.282531336608538020e-01 -4.448910090875726753e-01 -3.794489071567532651e-02 -8.037241250560801520e-01 4.524784148989044463e-01
1.588763393891252041e+09 6.593869079631476948e-01 -7.208983581193295631e-01 2.133411888795761768e-01 -2.246010259660438102e-01 -4.597065285728598183e-01 -8.591997944179808888e-01 7.174700584294366745e-01 5.186284458596247537e-01 -4.650389772973180236e-01 -4.174895835868340510e-02 -8.068429542815868105e-01 4.595367439763538009e-01
1.588763393891269922e+09 6.606228315795238393e-01 -7.194617196166368522e-01 2.143648954633678716e-01 -2.398649928451499769e-01 -4.728686385124255542e-01 -8.478561410547255095e-01 7.113664734889836305e-01 5.086944905580460530e-01 -4.849614991676982623e-01 -4.545410603428909346e-02 -8.097973059425028763e-01 4.667173931602103254e-01
1.588763393891287088e+09 6.618182039666563599e-01 -7.181545836102399827e-01 2.150596636816136109e-01 -2.552111543614657974e-01 -4.855744761507236329e-01 -8.361128481286769221e-01 7.048857578279689173e-01 4.984690784361613947e-01 -5.046430879914419743e-01 -4.905803798264444376e-02 -8.125962601726607337e-01 4.740109221733238565e-01
