1.586177205865266085e+09 8.818268484347289160e-01 -4.708133687392885292e-01 2.676156520717467083e-02 -8.611927126350228667e-02 -2.165759141767251428e-01 -9.724599451387295757e-01 4.636430531077722628e-01 8.552366020779835765e-01 -2.315285600373926944e-01 2.560759000392039825e-02 -8.309046064047397318e-01 2.618850887167721297e-01
1.586177205865319967e+09 8.829669306803388240e-01 -4.683183472707980188e-01 3.236240273514662258e-02 -9.805574216336677973e-02 -2.514138753983103935e-01 -9.628998572383701271e-01 4.590800267419106739e-01 8.470354120015531896e-01 -2.679114409725777968e-01 1.463277427728633742e-02 -8.396489795332741091e-01 2.605502133514236984e-01
1.586177205865349054e+09 8.843513062996493090e-01 -4.653855713682339412e-01 3.659285702426143261e-02 -1.108526827156110922e-01 -2.854990819677848402e-01 -9.519464046438844695e-01 4.534693484482943959e-01 8.377986300269300024e-01 -3.040707251364694330e-01 3.202271869031768012e-03 -8.478548810866192165e-01 2.597139547897292511e-01
1.586177205865367889e+09 8.859088751049436494e-01 -4.621796889963953325e-01 3.943856322882932641e-02 -1.244656532023669382e-01 -3.187566327741154226e-01 -9.396289217675392047e-01 4.468487063740883558e-01 8.275168544864447417e-01 -3.399148268251938609e-01 -8.643890853595792567e-03 -8.554861723511577587e-01 2.593613125115292184e-01
1.586177205865382910e+09 8.875679272834339217e-01 -4.588565562688042276e-01 4.091253371784133591e-02 -1.388406236727550980e-01 -3.511219770139103469e-01 -9.259787464455722095e-01 4.392567084160307056e-01 8.161887149098272509e-01 -3.753525357718382471e-01 -2.086203328988553776e-02 -8.625144458258530156e-01 2.594748983251125019e-01
1.586177205865396976e+09 8.892583576142861768e-01 -4.555596604876098188e-01 4.104837818952613432e-02 -1.539183024371196806e-01 -3.825390960761945736e-01 -9.110285377263015461e-01 4.307304607437121291e-01 8.038216444164294483e-01 -4.102950578593937969e-01 -3.340618297432798589e-02 -8.689193358990434657e-01 2.600354572322448599e-01
1.586177205865407944e+09 8.909129425085150489e-01 -4.524185881236160167e-01 3.989423783515281402e-02 -1.696375246845440443e-01 -4.129585097716714781e-01 -8.948119242856638067e-01 4.213042123330195676e-01 7.904319645961421781e-01 -4.446572504403219495e-01 -4.622940151498611955e-02 -8.746885263252051068e-01 2.610223931419585752e-01
1.586177205865427017e+09 8.924679123095702327e-01 -4.495488617106381812e-01 3.750795481700064382e-02 -1.859375635205231247e-01 -4.423354896878889941e-01 -8.773634010301221142e-01 4.110088176986870234e-01 7.760445450046083993e-01 -4.783582510036389346e-01 -5.928501330681472392e-02 -8.798174831887564107e-01 2.624142755005319239e-01
1.586177205865444899e+09 8.938630873499373575e-01 -4.470524925128026572e-01 3.395364886738738708e-02 -2.027593749699798387e-01 -4.706287213672233904e-01 -8.587183723026343696e-01 3.998717509471003129e-01 7.606922346800808477e-01 -5.113217257854644204e-01 -7.252769025447783346e-02 -8.843089529890210132e-01 2.641893080004201200e-01
1.586177205865464926e+09 8.950418126342888359e-01 -4.450187556910225606e-01 2.929950494823068199e-02 -2.200459873255569410e-01 -4.977994736504193773e-01 -8.389132541231949514e-01 3.879174105111500848e-01 7.444152009874100973e-01 -5.434759346439096417e-01 -8.591435960471789646e-02 -8.881722751211609257e-01 2.663257442241241391e-01
1.586177205865490913e+09 8.959508561364949442e-01 -4.435248877972380321e-01 2.361646805515069808e-02 -2.377422727802660507e-01 -5.238112432343926539e-01 -8.179855705590383108e-01 3.751675297831915112e-01 7.272602393294677059e-01 -5.747537466278029861e-01 -9.940491734237771881e-02 -8.914225590720075143e-01 2.688022417636268813e-01
1.586177205865513086e+09 8.965555316265299002e-01 -4.426031494325258220e-01 1.704790582301639323e-02 -2.557283493172448630e-01 -5.486725858820914459e-01 -7.959657061112734855e-01 3.616506468268827490e-01 7.092678238558660642e-01 -6.051016146634669024e-01 -1.129643257258774597e-01 -8.940547361847612784e-01 2.716141133527673612e-01
1.586177205865531921e+09 8.968119724958685257e-01 -4.423064315110073474e-01 9.659549820725589833e-03 -2.739575605430221161e-01 -5.723502830318167867e-01 -7.728922363324641776e-01 3.473838529602183978e-01 6.904927041616160110e-01 -6.344637771992706066e-01 -1.265559138561498931e-01 -8.960940900066335368e-01 2.747449761704778837e-01
1.586177205865550995e+09 8.966795844005357452e-01 -4.426775524364232606e-01 1.519130952617957220e-03 -2.923823469221850657e-01 -5.948140189034660796e-01 -7.488049456116487868e-01 3.323827408561778607e-01 6.709939402316640322e-01 -6.627886888965399681e-01 -1.401473098009610452e-01 -8.975685507089155024e-01 2.781789907024368458e-01
1.586177205865570068e+09 8.961212608028589210e-01 -4.437491839041315389e-01 -7.303970987255890661e-03 -3.109535773943729042e-01 -6.160369679983381808e-01 -7.237446560862045297e-01 3.166615842471489639e-01 6.508341694982913150e-01 -6.900292205779611221e-01 -1.537103772471956342e-01 -8.985078115285283218e-01 2.819010230046056775e-01
1.586177205865590096e+09 8.951036448690368186e-01 -4.455437899149790604e-01 -1.673907049489785012e-02 -3.296199314723679552e-01 -6.359964431593740919e-01 -6.977529831631381629e-01 3.002335191437298101e-01 6.300787695990788251e-01 -7.161428478026964362e-01 -1.672210241073295578e-01 -8.989425269226904991e-01 2.858967679718735777e-01
1.586177205865611076e+09 8.935973680069498881e-01 -4.480737345226117885e-01 -2.671465127383985949e-02 -3.483275042570159186e-01 -6.546744553056810245e-01 -6.708720502424960763e-01 2.831107450670786174e-01 6.087949460564343607e-01 -7.410917757333298495e-01 -1.806589148060138150e-01 -8.989036139106686418e-01 2.901528357866756114e-01
1.586177205865629911e+09 8.915772104735767423e-01 -4.513416532674886517e-01 -3.715898357862501555e-02 -3.670196963530695800e-01 -6.720580964962186155e-01 -6.431441967949812488e-01 2.653047692010290226e-01 5.870507876686505977e-01 -7.648429593796878256e-01 -1.940071176190696356e-01 -8.984216679145996531e-01 2.946568055484258819e-01
1.586177205865643024e+09 8.890221926256977047e-01 -4.553410476490684644e-01 -4.800074598916665575e-02 -3.856372879386063546e-01 -6.881397785224843133e-01 -6.146116886414252356e-01 2.468267073936786793e-01 5.649143084430219286e-01 -7.873680213276449402e-01 -2.072517153849642302e-01 -8.975264946977349334e-01 2.993972516063101441e-01
1.586177205865658045e+09 8.859156142613517915e-01 -4.600570482301827857e-01 -5.916956187377028081e-02 -4.041186247189141878e-01 -7.029173525959424573e-01 -5.853164383673900018e-01 2.276876410361550751e-01 5.424524938979026212e-01 -8.086430797077349686e-01 -2.203814032324373229e-01 -8.962467529543004519e-01 3.043637485603171711e-01
1.586177205865673065e+09 8.822450614501652355e-01 -4.654672921259401241e-01 -7.059640060519997706e-02 -4.223998685272589149e-01 -7.163941278034305915e-01 -5.552997435306433749e-01 2.078990210113736137e-01 5.197303665868525657e-01 -8.286485041836988419e-01 -2.333870920625112921e-01 -8.946096984791268580e-01 3.095468600386311331e-01
1.586177205865683079e+09 8.780023958522785721e-01 -4.715428716000687470e-01 -8.221382725242143419e-02 -4.404152897844485492e-01 -7.285787948008922710e-01 -5.246020517867245880e-01 1.874731066837038440e-01 4.968100847933363262e-01 -8.473686177183290535e-01 -2.462615312166704096e-01 -8.926410171099832258e-01 3.149381162956242375e-01
1.586177205865695953e+09 8.731837314525088267e-01 -4.782493284040511550e-01 -9.395611357659733320e-02 -4.580976036526872019e-01 -7.394852462620226108e-01 -4.932627662177059280e-01 1.664234267997986572e-01 4.737500931761776668e-01 -8.647913578451441596e-01 -2.589989596842047770e-01 -8.903647338728692961e-01 3.205299840117551979e-01
1.586177205865705967e+09 8.677894040017385402e-01 -4.855476672380434344e-01 -1.057592237711359601e-01 -4.753783474629382777e-01 -7.491322921990136718e-01 -4.613201014440402870e-01 1.447652492999536855e-01 4.506043408209298717e-01 -8.809079128968763106e-01 -2.715947926787273259e-01 -8.878031877424908958e-01 3.263158293684660927e-01
1.586177205865717888e+09 8.618238446044674816e-01 -4.933954896319263650e-01 -1.175608436203048890e-01 -4.921884625919469292e-01 -7.575431289837427640e-01 -4.288110603391409592e-01 1.225160336754821250e-01 4.274216874263124799e-01 -8.957122992266797201e-01 -2.840453477628878121e-01 -8.849770611192219194e-01 3.322898749241322003e-01
1.586177205865731001e+09 8.552952658319988855e-01 -5.017483081361174824e-01 -1.293005947340745698e-01 -5.084591944014335008e-01 -7.647444585399180150e-01 -3.957716023281802609e-01 9.969581849310926724e-02 4.042456539735760912e-01 -9.092008553638398771e-01 -2.963476113099408060e-01 -8.819054513644063453e-01 3.384471518407989321e-01
1.586177205865748882e+09 8.482152563526477174e-01 -5.105608267454696536e-01 -1.409202659459101725e-01 -5.241230673177582622e-01 -7.707654713448399697e-01 -3.622369375647295220e-01 7.632751504598619952e-02 3.811144588131578081e-01 -9.213717382828343627e-01 -3.084990431072360817e-01 -8.786059714860523506e-01 3.447834497901908768e-01
1.586177205865763903e+09 8.405981315355351979e-01 -5.197883129237280686e-01 -1.523643372890882142e-01 -5.391151449213258395e-01 -7.756365285795723263e-01 -3.282420395040382965e-01 5.243703022299073258e-02 3.580615668025617371e-01 -9.322243681733282106e-01 -3.204974161748176953e-01 -8.750948701881637870e-01 3.512952656124060380e-01
1.586177205865782022e+09 8.324599466149857907e-01 -5.293880513678105304e-01 -1.635809543358852092e-01 -5.533746110628036119e-01 -7.793875343989856708e-01 -2.938224149088072834e-01 2.805311893894386205e-02 3.351169387419431489e-01 -9.417588121498515763e-01 -3.323406892726439299e-01 -8.713871646254458536e-01 3.579797503110012102e-01
1.586177205865799904e+09 8.238172108497179291e-01 -5.393207009526618245e-01 -1.745233076193329347e-01 -5.668464689213323915e-01 -7.820462133717070996e-01 -2.590150599302556977e-01 3.206891750761980270e-03 3.123089848422764270e-01 -9.499751650479916210e-01 -3.440269086143123434e-01 -8.674967793787250470e-01 3.648346546885741781e-01
1.586177205865818977e+09 8.146854776612630911e-01 -5.495512847359806941e-01 -1.851511766193878195e-01 -5.794829862878866367e-01 -7.836366674687101908e-01 -2.238594256440624708e-01 -2.206901611613699618e-02 2.896669797901308407e-01 -9.568730321849407972e-01 -3.555541333670766968e-01 -8.634366845253022005e-01 3.718582757757000201e-01
1.586177205865838051e+09 8.050779864921294715e-01 -5.600496467887535745e-01 -1.954324156025347703e-01 -5.912446038971275186e-01 -7.841785039489073128e-01 -1.883982291723173552e-01 -4.774153763761859737e-02 2.672236280947703491e-01 -9.624511824231589685e-01 -3.669203797163890779e-01 -8.592190279440899969e-01 3.790494057831916286e-01
1.586177205865855932e+09 7.950043926366112679e-01 -5.707904158950404261e-01 -2.053443865352314879e-01 -6.021002867455172991e-01 -7.836865767376210989e-01 -1.526780750157575584e-01 -7.377845744626934654e-02 2.450176542580040362e-01 -9.667073438712604494e-01 -3.781235790749610248e-01 -8.548552591951440460e-01 3.864072845762031583e-01
1.586177205865875006e+09 7.844695413330615708e-01 -5.817525882333591802e-01 -2.148754641068975346e-01 -6.120274087157643317e-01 -7.821712752464391460e-01 -1.167499362240023153e-01 -1.001498382472382209e-01 2.230964423652546103e-01 -9.696380704566482933e-01 -3.891615489966193664e-01 -8.503562455872503145e-01 3.939315540064713406e-01
1.586177205865895033e+09 7.734723866888684185e-01 -5.929187152327298760e-01 -2.240264815312370816e-01 -6.210110779120534552e-01 -7.796394541973888925e-01 -8.066946769125107886e-02 -1.268294466821088262e-01 2.015185324399068889e-01 -9.712386796835521530e-01 -4.000319751193632256e-01 -8.457323803538497886e-01 4.016222132830165603e-01
1.586177205865912914e+09 7.620051969261933955e-01 -6.042736919488835845e-01 -2.328119098040520862e-01 -6.290428287097664661e-01 -7.760960803482966908e-01 -4.449712535780629696e-02 -1.537959684688500195e-01 1.803557030309164422e-01 -9.715032788636513983e-01 -4.107324022910236461e-01 -8.409936825860814258e-01 4.094795751624389357e-01
1.586177205865932941e+09 7.500532498901860690e-01 -6.158031540383699376e-01 -2.412604362017048698e-01 -6.361186330621985130e-01 -7.715466464122699985e-01 -8.298043705751531607e-03 -1.810337190047854317e-01 1.596942335015930914e-01 -9.704249299896969827e-01 -4.212602342000024147e-01 -8.361498893305427949e-01 4.175042219514391029e-01
1.586177205865952015e+09 7.375948564952751196e-01 -6.274917154909103179e-01 -2.494152660377069175e-01 -6.422366273853522545e-01 -7.660000265257840280e-01 2.785810933048360472e-02 -2.085328332377290317e-01 1.396356210925390751e-01 -9.679958425323011983e-01 -4.316127414463414302e-01 -8.312105402675770138e-01 4.256969601043922302e-01
1.586177205865972042e+09 7.246018124166517804e-01 -6.393210777506457276e-01 -2.573339722168980215e-01 -6.473946522679593363e-01 -7.594717249647515711e-01 6.389728978756041566e-02 -2.362887599616535772e-01 1.202965454435127035e-01 -9.642076350278575569e-01 -4.417870786529838334e-01 -8.261850552745164666e-01 4.340587719226571828e-01
1.586177205865989923e+09 7.110403806282328265e-01 -6.512680693307637547e-01 -2.650876822051683179e-01 -6.515877613742157015e-01 -7.519874131895105673e-01 9.974126568361404988e-02 -2.643009019567925111e-01 1.018078218759173176e-01 -9.590517196718748583e-01 -4.517803115282700288e-01 -8.210828047516709471e-01 4.425907629093071005e-01
1.586177205866009951e+09 6.968728988978271088e-01 -6.633027205586738972e-01 -2.727593517221208463e-01 -6.548059172695075425e-01 -7.435865673209984816e-01 1.353079009403953259e-01 -2.925702888658640033e-01 8.431202830598202858e-02 -9.525198729327117864e-01 -4.615894542977260206e-01 -8.159131718520018506e-01 4.512941040898403311e-01
1.586177205866025925e+09 6.820599548951851165e-01 -6.753865558225212729e-01 -2.804411139851668011e-01 -6.570322163396774551e-01 -7.343258639480532146e-01 1.705115617106341686e-01 -3.210963797072385328e-01 6.795973856854417572e-02 -9.446049911198188820e-01 -4.712115169955398697e-01 -8.106856051696595955e-01 4.601699696766151648e-01
1.586177205866039038e+09 6.665630590750020179e-01 -6.874713008552186810e-01 -2.882306351651051646e-01 -6.582419319652685896e-01 -7.242819552451125187e-01 2.052637541243716446e-01 -3.498731880615750245e-01 5.290425426338066228e-02 -9.353020327853128757e-01 -4.806435614307176252e-01 -8.054096603229126128e-01 4.692194711899696502e-01
1.586177205866049051e+09 6.503474863013678497e-01 -6.994982130306298673e-01 -2.962269354719775372e-01 -6.584026870878090243e-01 -7.135531708241106275e-01 2.394739536790865264e-01 -3.788852717461504427e-01 3.929532648307919318e-02 -9.246090138790055146e-01 -4.898827633384115199e-01 -8.000950288813420963e-01 4.784435903697185632e-01
1.586177205866059065e+09 6.333850415831301373e-01 -7.113981603372665496e-01 -3.045259378741990153e-01 -6.574758135248046642e-01 -7.022598404541228190e-01 2.730506758159174097e-01 -4.081040849849313368e-01 2.727222508071125429e-02 -9.125279622749278285e-01 -4.989264774560916438e-01 -7.947515536490636912e-01 4.878431138306473236e-01
1.586177205866070032e+09 6.156564156950630196e-01 -7.230924792654238598e-01 -3.132162903074511839e-01 -6.554188024040713545e-01 -6.905430694689959070e-01 3.059027020342144909e-01 -4.374852817236181690e-01 1.695688479713674396e-02 -8.990656776393237681e-01 -5.077723016661416233e-01 -7.893892301337253059e-01 4.974185727989867689e-01
1.586177205866086960e+09 5.971529040201661864e-01 -7.344945217508718205e-01 -3.223758784538811040e-01 -6.521885329209589077e-01 -6.785620330830628433e-01 3.379403575083490541e-01 -4.669673727421660980e-01 8.447785344874355826e-03 -8.842341930127556315e-01 -5.164181355468873136e-01 -7.840181950145134193e-01 5.071701917490430978e-01
1.586177205866117954e+09 5.778774022035536584e-01 -7.455117319683347565e-01 -3.320692183727924074e-01 -6.477448476006306688e-01 -6.664900325839763218e-01 3.690767526156710776e-01 -4.964718732122775369e-01 1.815010233255354849e-03 -8.680509116536996306e-01 -5.248622299522526236e-01 -7.786487036340014045e-01 5.170978483647793444e-01
1.586177205866136074e+09 5.578446655105943064e-01 -7.560480355266088193e-01 -3.423458739468027701e-01 -6.420540326757772087e-01 -6.545096943954251678e-01 3.992288560656187535e-01 -5.259048856493844237e-01 -2.903138734096420356e-03 -8.505384314723656303e-01 -5.331032245995489527e-01 -7.732910993194723748e-01 5.272010467258912980e-01
1.586177205866153955e+09 5.370808579558177254e-01 -7.660062003044315615e-01 -3.532402205062174505e-01 -6.350917965623987804e-01 -6.428078984341683011e-01 4.283181248769143967e-01 -5.551599430993134909e-01 -5.701499723576275783e-03 -8.317240713450240186e-01 -5.411401720126850501e-01 -7.679557778908765453e-01 5.374789042566978647e-01
1.586177205866173029e+09 5.156226544017635804e-01 -7.752900093908898782e-01 -3.647720930622637137e-01 -6.268454810408679023e-01 -6.315708500173740081e-01 4.562707581636787357e-01 -5.841215812080520209e-01 -6.607801299377957273e-03 -8.116392768372330258e-01 -5.489725483549769969e-01 -7.626531506743114974e-01 5.479301510400266251e-01
1.586177205866193056e+09 4.935160946157957085e-01 -7.838061539147034296e-01 -3.769479774601325883e-01 -6.173154153753329654e-01 -6.209795790067058618e-01 4.830176403040764566e-01 -6.126691952126877005e-01 -5.681182187069851695e-03 -7.903190379728104453e-01 -5.566002531949854060e-01 -7.573936087195890510e-01 5.585531389055515827e-01
1.586177205866210938e+09 4.708153303140991119e-01 -7.914657411188582570e-01 -3.897626273093325322e-01 -6.065154258612466265e-01 -6.112061211806854022e-01 5.084939685698305345e-01 -6.406808592436805672e-01 -3.009709881684989076e-03 -7.678013926928508592e-01 -5.640236008366430465e-01 -7.521874900692109289e-01 5.693458573897798303e-01
1.586177205866230011e+09 4.475814008805529265e-01 -7.981854607844901528e-01 -4.032007689088952795e-01 -5.944726223730280035e-01 -6.024104079205249151e-01 5.326387163230306143e-01 -6.680368188222186587e-01 1.292635626865002493e-03 -7.441270981269937357e-01 -5.712433052239268561e-01 -7.470450513013840999e-01 5.803059543770128226e-01
1.586177205866240978e+09 4.238811037187188990e-01 -8.038884443088566423e-01 -4.172387557353202658e-01 -5.812266097954900124e-01 -5.947378515784682573e-01 5.553940190655215492e-01 -6.946225150701915707e-01 7.089237676492581540e-03 -7.193394919247807495e-01 -5.782604599870948547e-01 -7.419764441432370461e-01 5.914307597414192319e-01
1.586177205866250992e+09 3.997860035417259983e-01 -8.085048143301271084e-01 -4.318461726677833012e-01 -5.668282625804884622e-01 -5.883176326204140327e-01 5.767045034817919191e-01 -7.203310853888270637e-01 1.422422708849317707e-02 -6.934845341910398364e-01 -5.850765157912772851e-01 -7.369916972747482253e-01 6.027173099593013950e-01
1.586177205866262913e+09 3.753716097125646134e-01 -8.119719853618799776e-01 -4.469873039359799627e-01 -5.513382095874053146e-01 -5.832615921833728123e-01 5.965166336163266747e-01 -7.450653217901960224e-01 2.252577088310605408e-02 -6.666110232269397695e-01 -5.916932564113038806e-01 -7.321007031864308345e-01 6.141623724005619289e-01
