1.592833325977734089e+09 7.416709073921937678e-01 -6.705878203191907305e-01 -1.537011969453001836e-02 2.180984253598030054e-01 2.627597022742098054e-01 -9.398885125609685032e-01 6.343164368989715474e-01 6.937357669999967280e-01 3.411353744534916244e-01 1.242487997723897286e-01 -7.347501355258267974e-01 3.790146227668313994e-01
1.592833325977806091e+09 7.332284218852322955e-01 -6.799733832872293382e-01 3.504222087561847943e-03 2.229043445571561588e-01 2.354870283091690664e-01 -9.459701438224091818e-01 6.424093201798783959e-01 6.943933019785007987e-01 3.242348034252744426e-01 1.203591331844450357e-01 -7.454207573500871709e-01 3.741282685503682370e-01
1.592833325977834940e+09 7.239875879723784990e-01 -6.894661668783598207e-01 2.187184043100713626e-02 2.270316390809718754e-01 2.082189403960710006e-01 -9.513682294696842456e-01 6.513820748647470849e-01 6.937443894567835168e-01 3.072785623517239051e-01 1.161572347519300302e-01 -7.561189574681765890e-01 3.695718776842855657e-01
1.592833325977859020e+09 7.140309675225556818e-01 -6.989786631279740758e-01 3.985732206900963193e-02 2.305526192567588784e-01 1.809998215716872305e-01 -9.560776928014914633e-01 6.610637392187881378e-01 6.918582899655030261e-01 2.903908392751333167e-01 1.116060110815485784e-01 -7.668173776785067730e-01 3.653649426617546214e-01
1.592833325977879047e+09 7.034377489156509178e-01 -7.084208423478157712e-01 5.757815331899737016e-02 2.335307332533072266e-01 1.538542260583934951e-01 -9.601001375262550042e-01 6.712963057877948669e-01 6.888169477887898795e-01 2.736649091744368656e-01 1.066696806815424919e-01 -7.774830818938043286e-01 3.615252121763109505e-01
1.592833325977896929e+09 6.922823336215083723e-01 -7.177042315781697601e-01 7.513858357941252675e-02 2.360176565416942096e-01 1.267921019734196408e-01 -9.634414507408067818e-01 6.819390269623145651e-01 6.847075281903216570e-01 2.571668030365816260e-01 1.013149047833851180e-01 -7.880776279877524937e-01 3.580683201151490525e-01
1.592833325977914095e+09 6.806326437444484290e-01 -7.267459876390524043e-01 9.262544969913492909e-02 2.380522262289282431e-01 9.981445996547005928e-02 -9.661098340753518920e-01 6.928710861305011903e-01 6.796155849739410337e-01 2.409404800022444670e-01 9.551193942161527450e-02 -7.985573607725036105e-01 3.550074495929867457e-01
1.592833325977931023e+09 6.685481357359055465e-01 -7.354726643803783936e-01 1.101060868674372945e-01 2.396612752885466380e-01 7.291884969092905788e-02 -9.681143087542375403e-01 7.039928007235362051e-01 6.736191814479604023e-01 2.250140776787693531e-01 8.923576219093519446e-02 -8.088739407639399248e-01 3.523530360818397655e-01
1.592833325977947950e+09 6.560776941837536125e-01 -7.438232789886910501e-01 1.276283238197659375e-01 2.408622034659559930e-01 4.610409026054063802e-02 -9.694636724141204587e-01 7.152254597512049950e-01 6.667843300497257042e-01 2.094067791706374915e-01 8.246712145705122066e-02 -8.189751142752851321e-01 3.501125159403721820e-01
1.592833325977966070e+09 6.432577715172800303e-01 -7.517512181419886419e-01 1.452224005334455115e-01 2.416668705881152013e-01 1.937380135022373495e-02 -9.701658517023369344e-01 7.265098507136477091e-01 6.591621668040443804e-01 1.941357126060027083e-01 7.519344851023396226e-02 -8.288057161043106413e-01 3.482901319268834062e-01
1.592833325977983952e+09 6.301111549494727848e-01 -7.592246690873364345e-01 1.629043721620241358e-01 2.420861766833650175e-01 -7.261505471398612549e-03 -9.702275784191309871e-01 7.378036429899631488e-01 6.507881165851054917e-01 1.792222417591074202e-01 6.740957309823863985e-02 -8.383088787986309187e-01 3.468868086472934875e-01
1.592833325977999926e+09 6.172432875037184852e-01 -7.656972247710824853e-01 1.808825149689746170e-01 2.418450948127690014e-01 -3.412207169228211739e-02 -9.697147181859008258e-01 7.486799545131688216e-01 6.422954495405466258e-01 1.641184981910218388e-01 5.912888512138474162e-02 -8.474364192374240767e-01 3.458936591039081243e-01
1.592833325978015900e+09 6.047554650039431712e-01 -7.711236435003083756e-01 1.990958417313405393e-01 2.408626169073277978e-01 -6.119235757840800483e-02 -9.686282545323988691e-01 7.591152926062934014e-01 6.337379759067097718e-01 1.487284460476135939e-01 5.036289935096401049e-02 -8.561360629553730339e-01 3.453089998042339626e-01
1.592833325978033066e+09 5.927297767023930186e-01 -7.754879672733838714e-01 2.174622372656084268e-01 2.390628979512287311e-01 -8.843395431889176928e-02 -9.669686483411010780e-01 7.691035969093611424e-01 6.251382636134061865e-01 1.329729627642708134e-01 4.113060642055231531e-02 -8.643579992911102350e-01 3.451282680225250532e-01
1.592833325978051901e+09 5.812282736522238480e-01 -7.788006511215297412e-01 2.358881937104408411e-01 2.363818900718049620e-01 -1.157909369159510760e-01 -9.647362651534039379e-01 7.786509462524747738e-01 6.164916909699910130e-01 1.167934035119130576e-01 3.145800657403671763e-02 -8.720562029361031975e-01 3.453441538341145423e-01
1.592833325978070021e+09 5.702938283894605220e-01 -7.810940665978358677e-01 2.542774245555151080e-01 2.327712186776719483e-01 -1.431959544280621832e-01 -9.619316393167860468e-01 7.877705942746593415e-01 6.077721432031333304e-01 1.001524487031142663e-01 2.137737023639169759e-02 -8.791896245365952156e-01 3.459468155364671671e-01
1.592833325978087902e+09 5.599523155536360042e-01 -7.824172193401699449e-01 2.725375192485525733e-01 2.281994397353551973e-01 -1.705759540253933837e-01 -9.585556112927035022e-01 7.964787631565154458e-01 5.989383433037317461e-01 8.303277063941903735e-02 1.092627234856200641e-02 -8.857231894050773269e-01 3.469241675066268016e-01
1.592833325978106022e+09 5.502156474627275529e-01 -7.828304415857492149e-01 2.905843100132387002e-01 2.226511729690917596e-01 -1.978568400978422126e-01 -9.546094103505978756e-01 8.047913994399282789e-01 5.899399722368096066e-01 6.543418665777057941e-02 1.464601753570979326e-04 -8.916285585003613789e-01 3.482622254948480323e-01
1.592833325978127956e+09 5.410850917399199211e-01 -7.824006937319042398e-01 3.083440905168687851e-01 2.161248727035460226e-01 -2.249667597970614608e-01 -9.500947303891432716e-01 8.127219469452974243e-01 5.807229216437307384e-01 4.737009045615500624e-02 -1.091737917681138287e-02 -8.968846222007910152e-01 3.499454922542709068e-01
1.592833325978143930e+09 5.325544797055284940e-01 -7.811978000292465474e-01 3.257540845286158726e-01 2.086298960983307416e-01 -2.518380532749587286e-01 -9.450138420703741993e-01 8.202800087479190649e-01 5.712333957665335360e-01 2.886373240519097064e-02 -2.221888304299998729e-02 -9.014777164180651781e-01 3.519573644388394595e-01
1.592833325978161097e+09 5.246129824736290859e-01 -7.792917483250331179e-01 3.427617099745454698e-01 2.001834713292818257e-01 -2.784080946951459912e-01 -9.393697413386853379e-01 8.274707224908998127e-01 5.614207905717869540e-01 9.944826441314488785e-03 -3.371124418317109073e-02 -9.054015688728758171e-01 3.542805413900779188e-01
1.592833325978178978e+09 5.172472652986441766e-01 -7.767509910661033468e-01 3.593232035799214241e-01 1.908080176409327477e-01 -3.046193485747775709e-01 -9.331663052241798706e-01 8.342946524453700441e-01 5.512394675964155111e-01 -9.353208213734321916e-03 -4.534835145059917805e-02 -9.086569992110988814e-01 3.568974176895078898e-01
1.592833325978198051e+09 5.104429627892282939e-01 -7.736415503496050228e-01 3.754020957901695321e-01 1.805290970565533171e-01 -3.304189796763120635e-01 -9.264084106448635669e-01 8.407480163579433841e-01 5.406496552532077393e-01 -2.899523242846702153e-02 -5.708579441449105479e-02 -9.112514103329394377e-01 3.597904433383817824e-01
1.592833325978212118e+09 5.041855270659187926e-01 -7.700266634016617040e-01 3.909678914691118168e-01 1.693741115723348400e-01 -3.557583099796166604e-01 -9.191019723281314002e-01 8.468231012332151364e-01 5.296177516028924837e-01 -4.894560903356572068e-02 -6.888170026694807879e-02 -9.131981143883757257e-01 3.629424398871390345e-01
1.592833325978228092e+09 4.984606113797221405e-01 -7.659667044850497764e-01 4.059951067873890929e-01 1.573716592950534787e-01 -3.805923206828756844e-01 -9.112538870237408828e-01 8.525087565008050428e-01 5.181162932570236856e-01 -6.916882961177549249e-02 -8.069738482539112745e-02 -9.145155421243679195e-01 3.663368641943198778e-01
1.592833325978243113e+09 4.932541537219770067e-01 -7.615191857021124111e-01 4.204626854497857114e-01 1.445513985751680219e-01 -4.048793062505378626e-01 -9.028718850800362405e-01 8.577909029383761208e-01 5.061237768150088634e-01 -8.962973623461359396e-02 -9.249781262520123670e-02 -9.152263816409968999e-01 3.699580165969899026e-01
1.592833325978260040e+09 4.885523046172756123e-01 -7.567387156998429676e-01 4.343537291495706554e-01 1.309442410656564970e-01 -4.285807134741010382e-01 -8.939643047111567320e-01 8.626530307972816169e-01 4.936244407216717200e-01 -1.102935184736205387e-01 -1.042518714417767500e-01 -9.153566867760890569e-01 3.737911948745877289e-01
1.592833325978276014e+09 4.843412921457704856e-01 -7.516768609363825293e-01 4.476554586592564333e-01 1.165827296750630571e-01 -4.516611584895555698e-01 -8.845398042944794259e-01 8.670766863570571470e-01 4.806080470846423869e-01 -1.311256088350457594e-01 -1.159324744917863137e-01 -9.149349924693545022e-01 3.778227975458596788e-01
1.592833325978291988e+09 4.806073213623151541e-01 -7.463819197322967280e-01 4.603592431587631428e-01 1.015014056821570698e-01 -4.740885540200794890e-01 -8.746070591526393656e-01 8.710419435701012292e-01 4.670696662391306542e-01 -1.520916160072515455e-01 -1.275165107934350117e-01 -9.139914731686741289e-01 3.820403807507873895e-01
1.592833325978307962e+09 4.773365212730731333e-01 -7.408986455014968664e-01 4.724606256239834434e-01 8.573709739316787148e-02 -4.958342969620221918e-01 -8.641744617927005212e-01 8.745278701970999879e-01 4.530094340365632966e-01 -1.731573191095497899e-01 -1.389846696617695887e-01 -9.125571728355535983e-01 3.864326749718502985e-01
1.592833325978323936e+09 4.745148943173379541e-01 -7.352679323696924563e-01 4.839593814689829854e-01 6.932917903019367167e-02 -5.168735155040868889e-01 -8.532498076374689377e-01 8.775130085469228236e-01 4.384322488985121780e-01 -1.942886594619738783e-01 -1.503211680903687175e-01 -9.106633267338474225e-01 3.909895691028493769e-01
1.592833325978341103e+09 4.721283151999892125e-01 -7.295265273195282729e-01 4.948594751397276670e-01 5.231966464278301615e-02 -5.371852857391204994e-01 -8.418400215034790302e-01 8.799758558291848054e-01 4.233473928070353720e-01 -2.154518006422531662e-01 -1.615134107680441800e-01 -9.083407889915796618e-01 3.957020690848139788e-01
1.592833325978355885e+09 4.701625820722911686e-01 -7.237068312992807062e-01 5.051688519316170911e-01 3.475309245055299701e-02 -5.567527519454331664e-01 -8.299509600538107490e-01 8.818953277740306795e-01 4.077680661908496540e-01 -2.366132610064777542e-01 -1.725516107883732497e-01 -9.056195710252665787e-01 4.005622385151887399e-01
1.592833325978372097e+09 4.686034728114389925e-01 -7.178368003035970890e-01 5.148991295496527787e-01 1.667628090591028248e-02 -5.755631557892698646e-01 -8.175872771031700292e-01 8.832512027112651154e-01 3.917108399060753032e-01 -2.577400454876778157e-01 -1.834283951709650695e-01 -9.025284877935328964e-01 4.055631284110773338e-01
1.592833325978400946e+09 4.674367780874085776e-01 -7.119399401521853132e-01 5.240652443345226175e-01 -1.861983687403832854e-03 -5.936077859961094161e-01 -8.047523406300082227e-01 8.840245424624987303e-01 3.751950403351125285e-01 -2.787997314753238864e-01 -1.941384143932688711e-01 -8.990949033615528441e-01 4.106987023818123861e-01
1.592833325978416920e+09 4.666482969901346034e-01 -7.060353802095992171e-01 5.326850936721724272e-01 -2.081128805685259625e-02 -6.108818610231783186e-01 -7.914481931814644211e-01 8.841980871812833431e-01 3.582420885872106275e-01 -2.997604857689594171e-01 -2.046779705456674425e-01 -8.953445648954524438e-01 4.159637618594976827e-01
1.592833325978431940e+09 4.662237920698023008e-01 -7.001380107279208120e-01 5.407791987993260108e-01 -4.011994090792771889e-02 -6.273843530417377856e-01 -7.776755520317431003e-01 8.837566215992326280e-01 3.408748153817230397e-01 -3.205910077603499331e-01 -2.150446737009535925e-01 -8.913015117062396131e-01 4.213538750683036294e-01
1.592833325978447914e+09 4.661489101475718155e-01 -6.942586747027368332e-01 5.483703915970189469e-01 -5.973532840841093428e-02 -6.431177528211243777e-01 -7.634338523239445617e-01 8.826873083264601405e-01 3.231167728151010388e-01 -3.412604094877590422e-01 -2.252371327546459356e-01 -8.869880469064914674e-01 4.268653116927652036e-01
1.592833325978463888e+09 4.664090744772422248e-01 -6.884044037832233176e-01 5.554835301871555719e-01 -7.960427225148264396e-02 -6.580877783593932495e-01 -7.487213341031775382e-01 8.809799857310407489e-01 3.049915623307267176e-01 -3.617380431848545852e-01 -2.352546852714325620e-01 -8.824247615578791892e-01 4.324949832823731799e-01
1.592833325978482008e+09 4.669894147212495517e-01 -6.825787648891262771e-01 5.621451026850424748e-01 -9.967350096783286761e-02 -6.723029425313886698e-01 -7.335352390965165226e-01 8.786273840024005910e-01 2.865222215676287987e-01 -3.819933728062029910e-01 -2.450971685989974669e-01 -8.776306013366993453e-01 4.382403887099736162e-01
1.592833325978497982e+09 4.678747973643269109e-01 -6.767823822025033076e-01 5.683826011971442327e-01 -1.198903026739795569e-01 -6.857739139920595584e-01 -7.178721714488484062e-01 8.756251992111733218e-01 2.677307346816279465e-01 -4.019959756664719941e-01 -2.547647312743809289e-01 -8.726229645566555559e-01 4.440995643861995745e-01
1.592833325978514910e+09 4.690498961332211780e-01 -6.710135365019630482e-01 5.742238491917417420e-01 -1.402031821841919490e-01 -6.985128032231397999e-01 -7.017285313899594978e-01 8.719720539227691081e-01 2.486376838457181604e-01 -4.217155908765454209e-01 -2.642576810665261400e-01 -8.674178204725245811e-01 4.500710393393738684e-01
1.592833325978533030e+09 4.704994198825694918e-01 -6.652689439676886529e-01 5.796960654466432050e-01 -1.605626613601999209e-01 -7.105322712844749367e-01 -6.851011046321464626e-01 8.676692502610118263e-01 2.292621292711130299e-01 -4.411223735794624345e-01 -2.735763658588140634e-01 -8.620298397172209137e-01 4.561537945483675194e-01
1.592833325978549957e+09 4.722085776743003560e-01 -6.595447549122892550e-01 5.848245682685874192e-01 -1.809222365036617375e-01 -7.218444519927212921e-01 -6.679878230879459089e-01 8.627202348923891373e-01 2.096218110222833331e-01 -4.601874540768889355e-01 -2.827210844368372444e-01 -8.564725315391092941e-01 4.623472250802502237e-01
1.592833325978568077e+09 4.741637764175157255e-01 -6.538376965274534935e-01 5.896312236857804701e-01 -2.012393502503346532e-01 -7.324598178967899331e-01 -6.503886064541386514e-01 8.571297668555651894e-01 1.897337134677080928e-01 -4.788837865105560199e-01 -2.916920233727041678e-01 -8.507583826939961735e-01 4.686511041556097878e-01
1.592833325978585958e+09 4.763534516214613102e-01 -6.481461812886571972e-01 5.941329119155817073e-01 -2.214761378804250280e-01 -7.423862211347341811e-01 -6.323061120587027961e-01 8.509028791029338290e-01 1.696149362788564596e-01 -4.971871518495498132e-01 -3.004892142691703572e-01 -8.448989923267764546e-01 4.750655496241193432e-01
1.592833325978604078e+09 4.787689244541519784e-01 -6.424712257825020423e-01 5.983402386858006627e-01 -2.415997806337379372e-01 -7.516282872997235298e-01 -6.137462538024537340e-01 8.440437566647770451e-01 1.492837634497574117e-01 -5.150771738723212145e-01 -3.091125061086807402e-01 -8.389051991482249226e-01 4.815909932869737453e-01
1.592833325978624105e+09 4.814052740425283639e-01 -6.368171560024386002e-01 6.022564836986324943e-01 -2.615824713801754298e-01 -7.601871798137643799e-01 -5.947184734320660748e-01 8.365545845807496050e-01 1.287608703126933707e-01 -5.325383230642253274e-01 -3.175615484770944463e-01 -8.327871990842822258e-01 4.882281532284641901e-01
1.592833325978642941e+09 4.842622720934982028e-01 -6.311921458589966338e-01 6.058766599274104658e-01 -2.814010572492776086e-01 -7.680606784771525364e-01 -5.752358120667878660e-01 8.284343649322146730e-01 1.080706687201704735e-01 -5.495609463931578897e-01 -3.258357846516494738e-01 -8.265546543166917282e-01 4.949780076908290583e-01
1.592833325978662014e+09 4.873453043935683238e-01 -6.256085396927234532e-01 6.091867608222584218e-01 -3.010362964127399898e-01 -7.752436158616442530e-01 -5.553147617665105118e-01 8.196778042163500588e-01 8.724271535393790522e-02 -5.661422136985944098e-01 -3.339344531753056233e-01 -8.202167939670758079e-01 5.018417696439418929e-01
1.592833325978681087e+09 4.906661555813259801e-01 -6.200829008118290409e-01 6.121633116251466999e-01 -3.204716736995598114e-01 -7.817287079618101542e-01 -5.349748908430131955e-01 8.102744166781341573e-01 6.631307201952477137e-02 -5.822868248509946998e-01 -3.418565963018165288e-01 -8.137825063929964298e-01 5.088208616704347209e-01
1.592833325978699923e+09 4.942434559933610583e-01 -6.146357079401264523e-01 6.147734159385188635e-01 -3.396917378783248509e-01 -7.875078104534086743e-01 -5.142382444159649957e-01 8.002080539630919143e-01 4.532543711639705486e-02 -5.980072536028464558e-01 -3.496010748717503502e-01 -8.072604236576881309e-01 5.159168902985895588e-01
1.592833325978718042e+09 4.981029161707956066e-01 -6.092908669668407606e-01 6.169749788646067268e-01 -3.586801854521006194e-01 -7.925733946228922244e-01 -4.931287246023334236e-01 7.894567813828197167e-01 2.433215599020533554e-02 -6.133236802475160454e-01 -3.571665897300729808e-01 -8.006589986868662967e-01 5.231316187828705111e-01
1.592833325978738070e+09 5.022772255183167722e-01 -6.040750169028760164e-01 6.187171913656909217e-01 -3.774177301067521695e-01 -7.969202269096850033e-01 -4.716715056808234996e-01 7.779932171520105300e-01 3.395017345617758545e-03 -6.282635021720566204e-01 -3.645517103832126016e-01 -7.939865754762841510e-01 5.304669371302261904e-01
1.592833325978756905e+09 5.068054700992400408e-01 -5.990166061461211777e-01 6.199413853347008896e-01 -3.958798479858481878e-01 -8.005472178075118128e-01 -4.498925408886951249e-01 7.657854540579929203e-01 -1.741430064493817986e-02 -6.428603119846889591e-01 -3.717549118069761183e-01 -7.872514523006390874e-01 5.379248281778336027e-01
1.592833325978775978e+09 5.117319070733752362e-01 -5.941447144834599570e-01 6.205823988371339528e-01 -4.140345562553512382e-01 -8.034593761291709546e-01 -4.278182060928333863e-01 7.527986727690936242e-01 -3.801433157279184710e-02 -6.571522419584181485e-01 -3.787746197304036055e-01 -7.804619372148369205e-01 5.455073290443440692e-01
1.592833325978792906e+09 5.171040771001780278e-01 -5.894876687296449758e-01 6.205704328068643028e-01 -4.318404873423336565e-01 -8.056697200234008704e-01 -4.054751485076278916e-01 7.389974067306211980e-01 -5.831458560971362198e-02 -6.711797391082322539e-01 -3.856092637470930340e-01 -7.736263946283864490e-01 5.532164880474998991e-01
1.592833325978809118e+09 5.229702342524149561e-01 -5.850714843725451919e-01 6.198334392981056373e-01 -4.492455359729418674e-01 -8.072009881215049809e-01 -3.828903413667970046e-01 7.243483849043256262e-01 -7.821715406342431842e-02 -6.849828423657952081e-01 -3.922573369372524543e-01 -7.667532816307276455e-01 5.610543177472612220e-01
1.592833325978823900e+09 5.293763967096739576e-01 -5.809182828468413273e-01 6.182997488864092617e-01 -4.661863696308309324e-01 -8.080869208624278377e-01 -3.600913737226131839e-01 7.088236025973903010e-01 -9.761904129646355177e-02 -6.985983276647793616e-01 -3.987174594413949724e-01 -7.598511727813694883e-01 5.690227457281504808e-01
1.592833325978841066e+09 5.363632486446177072e-01 -5.770447719527113106e-01 6.159008011664482973e-01 -4.825889566518811180e-01 -8.083729576406265549e-01 -3.371068978839305563e-01 6.924033251263089772e-01 -1.164151740708772587e-01 -7.120569800506756364e-01 -4.049884427681321175e-01 -7.529287725875121184e-01 5.771235652852177989e-01
1.592833325978857040e+09 5.439632977248815005e-01 -5.734609231926620643e-01 6.125736694564409834e-01 -4.983701266209548675e-01 -8.081162262886424363e-01 -3.139671671190304991e-01 6.750786234564830623e-01 -1.345018015302630043e-01 -7.253813602347553013e-01 -4.110693511624817220e-01 -7.459949156264745751e-01 5.853583885722377644e-01
1.592833325978873968e+09 5.521986165744660058e-01 -5.701689375135997606e-01 6.082631591341826072e-01 -5.134399957927341385e-01 -8.073848048838492275e-01 -2.907045714999300645e-01 6.568531485836719419e-01 -1.517799715722648046e-01 -7.385843091103745373e-01 -4.169595557412528186e-01 -7.390585551615613813e-01 5.937286052568163663e-01
1.592833325978889942e+09 5.610793430367360113e-01 -5.671625448600644548e-01 6.029233937552576084e-01 -5.277049762748138306e-01 -8.062563221600802521e-01 -2.673540748139645595e-01 6.377440153116096244e-01 -1.681588264597920213e-01 -7.516682647662473737e-01 -4.226587784843343631e-01 -7.321287421411102336e-01 6.022353487849143594e-01
1.592833325978905916e+09 5.706030471718257502e-01 -5.644266669632542754e-01 5.965188181365413955e-01 -5.410710216143809204e-01 -8.048160279666918271e-01 -2.439535017683064078e-01 6.177817675876262626e-01 -1.835584347794847748e-01 -7.646253912187483959e-01 -4.281671236245094825e-01 -7.252145971572879768e-01 6.108794720363850406e-01
1.592833325978923082e+09 5.807551155109386132e-01 -5.619374545780596586e-01 5.890244419056351877e-01 -5.534466677167180215e-01 -8.031545617643536250e-01 -2.205437286306312916e-01 5.970094488700764535e-01 -1.979117158937147292e-01 -7.774385319179024645e-01 -4.334850953562908171e-01 -7.183252783997194912e-01 6.196615331580412889e-01
1.592833325978938103e+09 5.915098326915989579e-01 -5.596626073070865015e-01 5.804256059336354578e-01 -5.647456213531184543e-01 -8.013656276915911425e-01 -1.971687456086126944e-01 5.754811041496468160e-01 -2.111655676569362539e-01 -7.900826551960481448e-01 -4.386136028546671062e-01 -7.114699485529473177e-01 6.285817908538509080e-01
1.592833325978955030e+09 6.028318934223386716e-01 -5.575619062724309627e-01 5.707174687695554249e-01 -5.748887723365821989e-01 -7.995437306380228648e-01 -1.738755950865492061e-01 5.532599822492051400e-01 -2.232813106760283550e-01 -8.025265407344571722e-01 -4.435539549389939662e-01 -7.046577429999446585e-01 6.376402074161309219e-01
1.592833325978970051e+09 6.146781969652959088e-01 -5.555878964188847302e-01 5.599042808734088217e-01 -5.838055442569557441e-01 -7.977821159873381696e-01 -1.507142403143660048e-01 5.304166295630278194e-01 -2.342344658422218506e-01 -8.147345667967066385e-01 -4.483078471536505183e-01 -6.978977409234158324e-01 6.468364574435420122e-01
1.592833325978985071e+09 6.269996703540093863e-01 -5.536866540010180193e-01 5.479986339117628447e-01 -5.914346626590785139e-01 -7.961709657110814797e-01 -1.277373613785618423e-01 5.070270736660091870e-01 -2.440141036162430388e-01 -8.266684123908784043e-01 -4.528773433578813790e-01 -6.911989403556478839e-01 6.561699406745400420e-01
1.592833325979000092e+09 6.397429947707645725e-01 -5.517985949317524286e-01 5.350207579945988057e-01 -5.977244308688388630e-01 -7.947958763817833949e-01 -1.050000950331319988e-01 4.831711970259457423e-01 -2.526219027337525125e-01 -8.382885952119972783e-01 -4.572648534345441496e-01 -6.845702378579047176e-01 6.656397977143655442e-01
1.592833325979016066e+09 6.528521988729355519e-01 -5.498592783341991197e-01 5.209978701190671746e-01 -6.026325756551413892e-01 -7.937366474182012688e-01 -8.255975794838268933e-02 4.589313515541700306e-01 -2.600709687708517293e-01 -8.495558286552238325e-01 -4.614731091936246643e-01 -6.780204128945697128e-01 6.752449270860898523e-01
1.592833325979031086e+09 6.662700538557161378e-01 -5.478001713834331765e-01 5.059636229803681218e-01 -6.061257765905974093e-01 -7.930663590614153158e-01 -6.047556039795542321e-02 4.343912505366599452e-01 -2.663845389266637498e-01 -8.604321699685781866e-01 -4.655051398081329062e-01 -6.715581167534799834e-01 6.849840025833231483e-01
