1.586175949703625917e+09 3.415039736776064316e-01 -8.092122565630520681e-01 -4.780696182926096327e-01 -2.609286933787055007e-01 4.070278699668997691e-01 -8.753539457234449372e-01 9.029348000436701049e-01 4.236789316389397708e-01 -7.214506178248818180e-02 2.069494804861057857e-01 -4.589549059874194481e-01 6.311106908458189446e-01
1.586175949703680038e+09 3.608343984554687744e-01 -7.988830947585473519e-01 -4.812321040248733195e-01 -2.431900478470828686e-01 4.175466747819793212e-01 -8.755074958322025536e-01 9.003650024930851536e-01 4.329440789592616801e-01 -4.361521482223912338e-02 2.022142154513352219e-01 -4.629634387320551991e-01 6.223851181516421027e-01
1.586175949703696012e+09 3.801580273737144577e-01 -7.883229338698163335e-01 -4.837631923804799339e-01 -2.255742203377415211e-01 4.282162575955197892e-01 -8.750697732765142511e-01 8.969928347187858808e-01 4.417893037257685784e-01 -1.503548341388743700e-02 1.977835853459197490e-01 -4.671402397869958700e-01 6.135788398015380452e-01
1.586175949703706980e+09 3.994625650434362463e-01 -7.775383927614181179e-01 -4.856580145076107025e-01 -2.081025625078891661e-01 4.390228379537048919e-01 -8.740436324851557082e-01 8.928174409155754665e-01 4.502143886665987416e-01 1.356545696820206544e-02 1.936453785115599124e-01 -4.714862244408432601e-01 6.047123664237833429e-01
1.586175949703716993e+09 4.187440700062868837e-01 -7.665326868733124410e-01 -4.869096876587109546e-01 -1.908041444046487678e-01 4.499464977917660424e-01 -8.724344834227639733e-01 8.878328573080961350e-01 4.582311527105638604e-01 4.215481427930666686e-02 1.897854881544442374e-01 -4.760015988037185064e-01 5.958051036920273269e-01
1.586175949703726053e+09 4.380076631157217015e-01 -7.553052008080622937e-01 -4.875072725965283182e-01 -1.737161499040498214e-01 4.609597025164409168e-01 -8.702521773562419405e-01 8.820272028291554767e-01 4.658650089227819313e-01 7.069517058653894404e-02 1.861880752954497009e-01 -4.806857335917185670e-01 5.868751434130156097e-01
1.586175949703735113e+09 4.572676765188435355e-01 -7.438512859818736667e-01 -4.874336226706167396e-01 -1.568838970701884328e-01 4.720259488564479966e-01 -8.675130815951729302e-01 8.753820395037126278e-01 4.731561774099025675e-01 9.914392028598938145e-02 1.828357742736212710e-01 -4.855370512953302020e-01 5.779390658079164300e-01
1.586175949703743935e+09 4.765471546353742260e-01 -7.321623240384190767e-01 -4.866632725296322626e-01 -1.403605413280552272e-01 4.830985501693952355e-01 -8.642422748137723598e-01 8.678719537480884538e-01 4.801605173058110521e-01 1.274525393280097896e-01 1.797099406931757515e-01 -4.905529328363876784e-01 5.690117602036333100e-01
1.586175949703753948e+09 4.958766443349620912e-01 -7.202260853664601559e-01 -4.851605298535857647e-01 -1.242065419244978569e-01 4.941195336383801817e-01 -8.604758112535180192e-01 8.594644197527496754e-01 4.869499694569990877e-01 1.555655447480064069e-01 1.767909386082720802e-01 -4.957296492646752206e-01 5.601062718730887013e-01
1.586175949703763008e+09 5.152922061658689046e-01 -7.080274120672475080e-01 -4.828779620112135240e-01 -1.084889481094758606e-01 5.050186212644053318e-01 -8.562630090458339671e-01 8.501200448701337065e-01 4.936125771012433439e-01 1.834190103069009703e-01 1.740584613758144605e-01 -5.010623236720036511e-01 5.512336826004446966e-01
1.586175949703773022e+09 5.348325984128503574e-01 -6.955492460582699543e-01 -4.797554983038403442e-01 -9.328054002555843938e-02 5.157122633771161757e-01 -8.516687164625219575e-01 8.397933274388226232e-01 5.002520445220406398e-01 2.109385205343985714e-01 1.714918795926556605e-01 -5.065449289881303052e-01 5.424030322574691088e-01
1.586175949703782082e+09 5.545263354251311894e-01 -6.827770227034947181e-01 -4.757268972405930274e-01 -7.865028990017267074e-02 5.261126799765285522e-01 -8.467700869849271728e-01 8.284411116656122953e-01 5.069723716115773771e-01 2.380427256382131040e-01 1.690738884491916061e-01 -5.121721875837451643e-01 5.336215763354602570e-01
1.586175949703792095e+09 5.744073014944351963e-01 -6.696939243173184453e-01 -4.707082959672437283e-01 -6.467979033209804440e-02 5.361071916836128715e-01 -8.416683456645100980e-01 8.160102799520012606e-01 5.139057570235606720e-01 2.646282226354361722e-01 1.667897427661563792e-01 -5.179392932567882246e-01 5.248951876645032710e-01
1.586175949703800917e+09 5.944989429496333466e-01 -6.562862546940798625e-01 -4.646066711761910883e-01 -5.145279057333967260e-02 5.455673575911839102e-01 -8.364860244015537294e-01 8.024485138900679937e-01 5.211953669956721491e-01 2.905714581344158720e-01 1.646248298161825940e-01 -5.238408855493834615e-01 5.162285245861905070e-01
1.586175949703809977e+09 6.148083958254957349e-01 -6.425458674751612920e-01 -4.573242228256759190e-01 -3.905322045070037940e-02 5.543485989042536977e-01 -8.313678350833926256e-01 7.877090088736227180e-01 5.289919086651552194e-01 3.157246873632528761e-01 1.625649017835351928e-01 -5.298711679504779504e-01 5.076250904320099844e-01
1.586175949703819036e+09 6.353204513038787082e-01 -6.284728528509472278e-01 -4.487647463364997646e-01 -2.756264433900266694e-02 5.622902839459966717e-01 -8.264804520149883205e-01 7.717565840684774692e-01 5.374490768075994573e-01 3.399121431930711146e-01 1.605962927926665451e-01 -5.360240584532672825e-01 4.990873386387283950e-01
1.586175949703828096e+09 6.559919809850599526e-01 -6.140783871330580679e-01 -4.388419482107360214e-01 -1.705713220539351038e-02 5.692163862579333600e-01 -8.220108029717821951e-01 7.545750959184097661e-01 5.467178801041208125e-01 3.629269685469400097e-01 1.587061081111190708e-01 -5.422933700862956341e-01 4.906168237724698455e-01
1.586175949703838110e+09 6.767475580669984891e-01 -5.993876662459369786e-01 -4.274893780816538258e-01 -7.603654068685773704e-03 5.749367924697261767e-01 -8.181624957521299590e-01 7.361758807147924522e-01 5.569399523939440044e-01 3.845295338276678576e-01 1.568823729513361687e-01 -5.486730169742743968e-01 4.822143964902187441e-01
1.586175949703846931e+09 6.974769318728373246e-01 -5.844428913429906558e-01 -4.146714801308791221e-01 7.438882582464605153e-04 5.792495392581856750e-01 -8.151499360518690285e-01 7.166068492426564962e-01 5.682398071103701431e-01 4.044479515811328363e-01 1.551141288493569637e-01 -5.551572391897344749e-01 4.738804380287108264e-01
1.586175949703855991e+09 7.180350171295514228e-01 -5.693062776345525489e-01 -4.003949008063039106e-01 7.948667912014760126e-03 5.819442159671132098e-01 -8.131898600737552663e-01 6.959615888072331336e-01 5.807161889479491856e-01 4.223815515658487230e-01 1.533914674140282874e-01 -5.617408380774362442e-01 4.656151278804580018e-01
1.586175949703865051e+09 7.382448643731979177e-01 -5.540630204158780714e-01 -3.847189751029553295e-01 1.399462327644077075e-02 5.828070097568117669e-01 -8.124900862432731241e-01 6.743876266523739504e-01 5.944326363385201706e-01 4.380081850585750836e-01 1.517054934569387337e-01 -5.684194117926943957e-01 4.574187363861759725e-01
1.586175949703874111e+09 7.579039229668127486e-01 -5.388240074020439474e-01 -3.677639633905871452e-01 1.888935579290326044e-02 5.816278962234472383e-01 -8.132356257065619376e-01 6.520926590755371510e-01 6.094076466047437801e-01 4.509961025817795788e-01 1.500482124454053379e-01 -5.751895788900898143e-01 4.492919322354818057e-01
1.586175949703883886e+09 7.767936341207757334e-01 -5.237278726917167226e-01 -3.497152635005838506e-01 2.266563144156674009e-02 5.782102374096408370e-01 -8.155729218481748699e-01 6.293472168580903636e-01 6.256053365169701452e-01 4.610206544819401842e-01 1.484123409264986870e-01 -5.820491761883784809e-01 4.412360934920335764e-01
1.586175949703892946e+09 7.946919248003952996e-01 -5.089417350902363246e-01 -3.308217875388771434e-01 2.538098905811440181e-02 5.723828068919067924e-01 -8.195936359653492875e-01 6.064821104313218303e-01 6.429278598839827108e-01 4.677854390810644025e-01 1.467910430694320256e-01 -5.889974166285741886e-01 4.332536103805383343e-01
1.586175949703902960e+09 8.113876196614742131e-01 -4.946597609535925422e-01 -3.113869806582426625e-01 2.711515052786955815e-02 5.640136414298063672e-01 -8.253201689277127606e-01 5.838791822710746038e-01 6.612112624042127962e-01 4.710464597943400666e-01 1.451776011395599641e-01 -5.960349926385177799e-01 4.253481681016713090e-01
1.586175949703912020e+09 8.266951737507025610e-01 -4.810986979549056741e-01 -2.917518340875087657e-01 2.796527521538801769e-02 5.530242621439637185e-01 -8.326956882368130586e-01 5.619546541254469840e-01 6.802265862638321448e-01 4.706365459153110664e-01 1.435650325062079458e-01 -6.031641104350594640e-01 4.175249980008144401e-01
1.586175949703926086e+09 8.404676703339085675e-01 -4.684898381531852896e-01 -2.722707601648212128e-01 2.803960051780159807e-02 5.394020488634817534e-01 -8.415813750497380674e-01 5.411357280172671702e-01 6.996875742649445451e-01 4.664862512303573072e-01 1.419456707105063720e-01 -6.103884426713132028e-01 4.097910869788355392e-01
1.586175949703936100e+09 8.526060953666159126e-01 -4.570673713700210139e-01 -2.532829728636082911e-01 2.745056504909624065e-02 5.232083694653800743e-01 -8.517625660627445860e-01 5.218326482980734093e-01 7.192651948338149026e-01 4.586374025037487367e-01 1.403107323517399918e-01 -6.177129895479278598e-01 4.021553369700817671e-01
1.586175949703944921e+09 8.630635705360251153e-01 -4.470537757117510891e-01 -2.350833788371904653e-01 2.630873177964104109e-02 5.045803561256153591e-01 -8.629637971492325477e-01 5.044096787839789098e-01 7.386078703751299823e-01 4.472463415987328883e-01 1.386498948197322501e-01 -6.251438422869642908e-01 3.946286687268477644e-01
1.586175949703953981e+09 8.718442285581157192e-01 -4.386437228118649223e-01 -2.178975120043523950e-01 2.471854647933838592e-02 4.837249698239749485e-01 -8.748709318377603239e-01 4.891591098948654404e-01 7.573650627995318629e-01 4.325754583445716728e-01 1.369509117465649850e-01 -6.326878478437595321e-01 3.872240670997121326e-01
1.586175949703963041e+09 8.789974574341294922e-01 -4.319886390097450457e-01 -2.018645232845007742e-01 2.277633357284417764e-02 4.609053207361099025e-01 -8.871569896540576483e-01 4.762821733543560754e-01 7.752110044516430376e-01 4.149737223324122537e-01 1.351992929106806129e-01 -6.403521798224982575e-01 3.799565685373712531e-01
1.586175949703973055e+09 8.846091457314828599e-01 -4.271840458429015386e-01 -1.870306136319419277e-01 2.057024352610359319e-02 4.364209219957083108e-01 -8.995074453675301340e-01 4.658793025777389629e-01 7.918652474741200153e-01 3.948492187872761905e-01 1.333780732261622970e-01 -6.481438263111239939e-01 3.728431943424588280e-01
1.586175949703982115e+09 8.887919067788306871e-01 -4.242612780983656129e-01 -1.733531497285997203e-01 1.818125860714352518e-02 4.105847726812998366e-01 -9.116411501372856385e-01 4.579502030572064064e-01 8.071074975988201672e-01 3.726380269700425019e-01 1.314676920870098686e-01 -6.560690099497866745e-01 3.659028343535184469e-01
1.586175949703990936e+09 8.916759948702406291e-01 -4.231843530153586164e-01 -1.607137943835983129e-01 1.568409813850853846e-02 3.837006078068226911e-01 -9.233243487421871620e-01 4.524023976922918466e-01 8.207855062434065152e-01 3.487738860745062119e-01 1.294459998782444277e-01 -6.641325598429334010e-01 3.591560860765541374e-01
1.586175949703999996e+09 8.934019682207731128e-01 -4.238519163891298902e-01 -1.489378270371410629e-01 1.314701986254630112e-02 3.560433297110245365e-01 -9.343769601092206667e-01 4.490657849892849551e-01 8.328161265639467681e-01 3.236622010545466832e-01 1.272884030528384502e-01 -6.723372587952560764e-01 3.526250540280057022e-01
1.586175949704009056e+09 8.941154684439892586e-01 -4.261034427433772476e-01 -1.378164915438709337e-01 1.062999058144275047e-02 3.278447850577251854e-01 -9.446717951524857826e-01 4.477103221836875035e-01 8.431806765526816960e-01 2.976605691099059592e-01 1.249681532548384405e-01 -6.806831923488038116e-01 3.463331129465581637e-01
1.586175949704021931e+09 8.939638956854387697e-01 -4.297285421515001369e-01 -1.271295930981267142e-01 8.181254677836131625e-03 2.992859193908047333e-01 -9.541284011453723402e-01 4.480643039606678202e-01 8.519162628037444396e-01 2.710665250288865624e-01 1.224567788004442409e-01 -6.891671289923338994e-01 3.403046383504944594e-01
1.586175949704037905e+09 8.930943319750461740e-01 -4.344784006604581750e-01 -1.166663350054809867e-01 5.832826429406057743e-03 2.704953058547928668e-01 -9.627036241711640630e-01 4.498316268689362962e-01 8.591046555457093614e-01 2.441120615467950450e-01 1.197246496735568516e-01 -6.977819620128761224e-01 3.345647070757913344e-01
1.586175949704055071e+09 8.916520173442127328e-01 -4.400785104037584494e-01 -1.062430459693223805e-01 3.595792144248073988e-03 2.415533013268131857e-01 -9.703808908067493855e-01 4.527071354058326835e-01 8.648600508779442642e-01 2.169639192412803341e-01 1.167416604159110805e-01 -7.065162430253912884e-01 3.291387694740200986e-01
1.586175949704071999e+09 8.897788081758500889e-01 -4.462420161423139020e-01 -9.571695628487794649e-02 1.456438548737536750e-03 2.125005546749904606e-01 -9.771598607165065120e-01 4.563896925998107701e-01 8.693167303078132013e-01 1.897284143191917960e-01 1.134780112204014646e-01 -7.153538347006135334e-01 3.240522917256467017e-01
1.586175949704087973e+09 8.876112447311819142e-01 -4.526831554307819694e-01 -8.499552450586284058e-02 -6.258568583347675664e-04 1.833492824826604417e-01 -9.830476332620986524e-01 4.605929729537515671e-01 8.726173283281664084e-01 1.624595699598190279e-01 1.099050626601819347e-01 -7.242737084581390983e-01 3.193303663441321993e-01
1.586175949704104900e+09 8.852780708584605529e-01 -4.591303327367475817e-01 -7.404103583959532886e-02 -2.718280635660229316e-03 1.540956221245074753e-01 -9.880522003104763584e-01 4.650541349272761527e-01 8.749022100181134132e-01 1.351694299646021835e-01 1.059962347398886867e-01 -7.332499103734843038e-01 3.149972898347818129e-01
1.586175949704123020e+09 8.828972512247087456e-01 -4.653383295961203703e-01 -6.287036629907763463e-02 -4.911439321873814143e-03 1.247314449725736435e-01 -9.921783835302844246e-01 4.695405432442933402e-01 8.763003514380275361e-01 1.078395689157506249e-01 1.017279161144336724e-01 -7.422517149425548189e-01 3.110761089945526248e-01
1.586175949704138994e+09 8.805727581734275056e-01 -4.710989392575589130e-01 -5.155004523062547972e-02 -7.313531091388577113e-03 9.525422633803501404e-02 -9.954261122623035973e-01 4.738545452281772152e-01 8.769221299961639238e-01 8.043288005585629008e-02 9.708034396739179117e-02 -7.512439810149013075e-01 3.075881421669380833e-01
1.586175949704154015e+09 8.783915856836338465e-01 -4.762491092810315352e-01 -4.018716560358438078e-02 -1.004247071109006829e-02 6.567393796950156404e-02 -9.977906007772980868e-01 4.778361342457259076e-01 8.768544463351429785e-01 5.290471676402522250e-02 9.203840801065507615e-02 -7.601877157256294870e-01 3.045524907048887675e-01
1.586175949704169035e+09 8.764214604740840908e-01 -4.806757957004479387e-01 -2.891717860112016578e-02 -1.321697586704767557e-02 3.601647621447486014e-02 -9.992637916666192721e-01 4.813634130043893955e-01 8.761584292473971747e-01 2.521253228040919517e-02 8.659233017287983059e-02 -7.690408395401253649e-01 3.019855619027554949e-01
1.586175949704181910e+09 8.747096564571905652e-01 -4.843170070548494244e-01 -1.789004605950247212e-02 -1.694782051038045551e-02 6.323743887466367480e-03 -9.998363776084165933e-01 4.843508939720339024e-01 8.748697315649631712e-01 -2.676677872305126271e-03 8.073817342628063221e-02 -7.777591304026917340e-01 2.999006298210243893e-01
1.586175949704195023e+09 8.732831602794141057e-01 -4.871589736809046056e-01 -7.256480179904207031e-03 -2.133042665706102320e-02 -2.334895269012196573e-02 -9.994997947237551639e-01 4.867458629339225795e-01 8.730011231572946118e-01 -3.078155595976812126e-02 7.447813906340956802e-02 -7.862973083520979900e-01 2.983074645308360640e-01
1.586175949704206944e+09 8.721502044053256464e-01 -4.892299382843025568e-01 2.844048543976976373e-03 -2.643969125026389769e-02 -5.293716733379219552e-02 -9.982477645290227519e-01 4.885232480608478478e-01 8.705467960197313948e-01 -5.910424983324448489e-02 6.782062479547328049e-02 -7.946102066987649204e-01 2.972120589389959378e-01
1.586175949704221010e+09 8.713029298009593582e-01 -4.905915865479176241e-01 1.229226987565308800e-02 -3.232746715952523886e-02 -8.237211456764069462e-02 -9.960771907611537523e-01 4.896796295562063084e-01 8.674875965713859660e-01 -8.763064816026447379e-02 6.078003523911610501e-02 -8.026539661888482113e-01 2.966164747521010114e-01
1.586175949704236031e+09 8.707207956900505641e-01 -4.913293558707480524e-01 2.099428928436049974e-02 -3.902274037494508907e-02 -1.115850233358892107e-01 -9.929884232188638249e-01 4.902270105808257394e-01 8.637964151801323931e-01 -1.163324181964361936e-01 5.337635702340706029e-02 -8.103871867745319202e-01 2.965188181636246312e-01
1.586175949704247952e+09 8.703741950357536394e-01 -4.915430040986452087e-01 2.888314227326076872e-02 -4.653391009697059599e-02 -1.405104123355566947e-01 -9.889850451762683958e-01 4.901870622987415382e-01 8.594430169560923760e-01 -1.451700549866629664e-01 4.563452792752618198e-02 -8.177719764752950926e-01 2.969133455803608101e-01
1.586175949704268932e+09 8.702278307779167665e-01 -4.913384428760026457e-01 3.591736713319743091e-02 -5.485245330628869820e-02 -1.690880448300801642e-01 -9.840733924904935259e-01 4.895862856797612017e-01 8.543978978742166053e-01 -1.740962414496826649e-01 3.758364168047149956e-02 -8.247748461397081954e-01 2.977906913823856194e-01
1.586175949704284906e+09 8.702435242975873342e-01 -4.908214349656494502e-01 4.207763736724805248e-02 -6.395713474622889694e-02 -1.972636661941135072e-01 -9.782619952040643163e-01 4.884523452240761565e-01 8.486350011747101352e-01 -2.030589607251817308e-01 2.925603749406041620e-02 -8.313674107764899013e-01 2.991382033785739969e-01
1.586175949704298019e+09 8.703823233249441405e-01 -4.900932734230927790e-01 4.736237704068952531e-02 -7.381819311150655816e-02 -2.249887891969387932e-01 -9.715610734520885305e-01 4.868115506363446254e-01 8.421333791739439301e-01 -2.320040649484467199e-01 2.068632763087124848e-02 -8.375268729340944462e-01 3.009403652317441669e-01
1.586175949704310894e+09 8.706058980681118387e-01 -4.892482687094012461e-01 5.178322106536518976e-02 -8.440103295734255329e-02 -2.522198769461366230e-01 -9.639821573322486792e-01 4.846873591405395088e-01 8.348779943638487966e-01 -2.608771717127772449e-01 1.191041593882534270e-02 -8.432362791344198971e-01 3.031792808997018085e-01
1.586175949704325914e+09 8.708773221803323139e-01 -4.883726583244443753e-01 5.536096533807578074e-02 -9.566912324889359498e-02 -2.789172674903101501e-01 -9.555378470256704615e-01 4.820996876134286957e-01 8.268599063499000312e-01 -2.896249070410901738e-01 2.964555865218642186e-03 -8.484845550568460570e-01 3.058351942907553966e-01
1.586175949704339027e+09 8.711614010281634179e-01 -4.875444607567069877e-01 5.812239081570597793e-02 -1.075859691368284687e-01 -3.050441240783347552e-01 -9.462416932032206018e-01 4.790647898083596479e-01 8.180760853247227571e-01 -3.181956097908019143e-01 -6.115510837388515517e-03 -8.532663387925271126e-01 3.088870169489283390e-01
1.586175949704351902e+09 8.714247315478208522e-01 -4.868338079280020714e-01 6.009809377313159173e-02 -1.201161669193029913e-01 -3.305656091949020770e-01 -9.361081587125198444e-01 4.755954624726626001e-01 8.085290481503545346e-01 -3.465396581590441394e-01 -1.529530381697072686e-02 -8.575816398707519772e-01 3.123128403553989685e-01
1.586175949704365969e+09 8.716356539612473142e-01 -4.863034032794195105e-01 6.132117800921316197e-02 -1.332257305749777188e-01 -3.554483559777940616e-01 -9.251526205396457536e-01 4.717013797861887570e-01 7.982264505866393245e-01 -3.746095863644611779e-01 -2.454222145509100950e-02 -8.614353591081483907e-01 3.160904124314555252e-01
1.586175949704379082e+09 8.717642048020478596e-01 -4.860088937889482374e-01 6.182658452421835316e-02 -1.468819025788549448e-01 -3.796602416617312903e-01 -9.133913771993352748e-01 4.673894288058052515e-01 7.871807011618809913e-01 -4.023601196234091182e-01 -3.382601572885464425e-02 -8.648367055466342768e-01 3.201975641020462504e-01
1.586175949704394102e+09 8.717821287518706663e-01 -4.859990713375419435e-01 6.165081360321073012e-02 -1.610526592966133874e-01 -4.031704202657050984e-01 -9.008416361948367035e-01 4.626639829985763064e-01 7.754086117021879998e-01 -4.297482100468482669e-01 -4.311912332054222696e-02 -8.677985447265781360e-01 3.246125780906653491e-01
1.586175949704406023e+09 8.716629697143342126e-01 -4.863158980286906297e-01 6.083185615588473927e-02 -1.757060615019228056e-01 -4.259495650689097968e-01 -8.875214635799045793e-01 4.575271002084917438e-01 7.629310686818887577e-01 -4.567331138851346006e-01 -5.239685842076430289e-02 -8.703367120174302363e-01 3.293144954413729786e-01
1.586175949704421043e+09 8.713822155236999878e-01 -4.869944473567078824e-01 5.940911447562056968e-02 -1.908096481300292913e-01 -4.479702136124200096e-01 -8.734496930232811263e-01 4.519786642063184923e-01 7.497726963390953792e-01 -4.832765163249360674e-01 -6.163747882496529995e-02 -8.724693250750837903e-01 3.342833569459689458e-01
1.586175949704435110e+09 8.709174695287842383e-01 -4.880628349123872223e-01 5.742325850121688530e-02 -2.063299278859642705e-01 -4.692071626344314073e-01 -8.586457941066536481e-01 4.460165046047323001e-01 7.359614853533883450e-01 -5.093426842520689668e-01 -7.082214228381517040e-02 -8.742161247117145040e-01 3.395003806892691878e-01
1.586175949704454899e+09 8.702486503337318879e-01 -4.895421422244091159e-01 5.491609735486689681e-02 -2.222318997373453342e-01 -4.896379335811648081e-01 -8.431296917339728969e-01 4.396365198510046035e-01 7.215283675617827353e-01 -5.348986310708019332e-01 -7.993477337240754987e-02 -8.755978673369156917e-01 3.449480802517365663e-01
1.586175949704472065e+09 8.693581686925542229e-01 -4.914464507940399796e-01 5.193034468886836841e-02 -2.384787396072131915e-01 -5.092431966520566400e-01 -8.269215547830861546e-01 4.328328378737592019e-01 7.065067252865613323e-01 -5.599142629791629133e-01 -8.896186288291414723e-02 -8.766357871537459046e-01 3.506103294502504464e-01
1.586175949704488993e+09 8.682310414274070354e-01 -4.937830604671716306e-01 4.850925754522194405e-02 -2.550316984469254700e-01 -5.280070811267248976e-01 -8.100415763485472320e-01 4.255980401176244765e-01 6.909318430085886753e-01 -5.843624704490215649e-01 -9.789222152606553984e-02 -8.773511387315227061e-01 3.564723815814357932e-01
1.586175949704505920e+09 8.668549472261846134e-01 -4.965528627510356063e-01 4.469625413023838034e-02 -2.718501257844916918e-01 -5.459173917564238421e-01 -7.925097544098408386e-01 4.179234497455301400e-01 6.748403189474275754e-01 -6.082191499617727315e-01 -1.067167075706058899e-01 -8.777648231765732278e-01 3.625208524455809100e-01
1.586175949704520941e+09 8.652202361144335496e-01 -4.997508289149283911e-01 4.053458013796176068e-02 -2.888915590342037154e-01 -5.629657492354441795e-01 -7.743456803343641282e-01 4.097994758509213020e-01 6.582694542434444074e-01 -6.314631545124703704e-01 -1.154279448088410404e-01 -8.778970955677944943e-01 3.687436764314698801e-01
1.586175949704535961e+09 8.633199063030982945e-01 -5.033665726836569210e-01 3.606706330647654196e-02 -3.061118410995189998e-01 -5.791476686892427228e-01 -7.555683416716223455e-01 4.012160021664691878e-01 6.412566347085506546e-01 -6.540761793188254458e-01 -1.240200439471149801e-01 -8.777673482464357635e-01 3.751300436771861646e-01
1.586175949704552889e+09 8.611495594245607288e-01 -5.073849558955323413e-01 3.133596980801536813e-02 -3.234652496743873340e-01 -5.944625822208164934e-01 -7.361959460214193562e-01 3.921628090923177656e-01 6.238387171932296971e-01 -6.760425921493555812e-01 -1.324883367868582573e-01 -8.773939614202207471e-01 3.816703255690961916e-01
1.586175949704570055e+09 8.587073384974086565e-01 -5.117867200254915261e-01 2.638295256943588157e-02 -3.409046421491463974e-01 -6.089137993178761477e-01 -7.162457750712103444e-01 3.826300198042077438e-01 6.060514321430706675e-01 -6.973492165668909726e-01 -1.408291298852388518e-01 -8.767942123718368563e-01 3.883559938331528349e-01
1.586175949704588890e+09 8.559938535382033420e-01 -5.165491258224437221e-01 2.124908202537700852e-02 -3.583816168433610061e-01 -6.225084033555342566e-01 -6.957340762147624647e-01 3.726085609609918192e-01 5.879288124921496772e-01 -7.179850778704537362e-01 -1.490394829062027249e-01 -8.759842357541146596e-01 3.951795361477179469e-01
1.586175949704613924e+09 8.530120364910601660e-01 -5.216466918246743800e-01 1.597481392011756984e-02 -3.758468283368303631e-01 -6.352569615895077293e-01 -6.746760368703923483e-01 3.620906344035713653e-01 5.695026969670923256e-01 -7.379410890639708231e-01 -1.571170150473631955e-01 -8.749790270289810046e-01 4.021343703295579552e-01
1.586175949704631090e+09 8.497668689067888748e-01 -5.270520975580819112e-01 1.059977065852457830e-02 -3.932505597916431395e-01 -6.471729436119939560e-01 -6.530858891647202125e-01 3.510701725134043882e-01 5.508023853491103017e-01 -7.572096582648893959e-01 -1.650597403117136375e-01 -8.737924796530457394e-01 4.092147593915952952e-01
1.586175949704648972e+09 8.462650547834560388e-01 -5.327370889565915535e-01 5.162487040742140890e-03 -4.105433644243938196e-01 -6.582720089641982408e-01 -6.309771061514555246e-01 3.395432274108253212e-01 5.318544504392433980e-01 -7.757842745067102808e-01 -1.728659300638481222e-01 -8.724374463041379979e-01 4.164157297947941871e-01
1.586175949704665899e+09 8.425145443828062630e-01 -5.386735120691324985e-01 -3.001142673685341933e-04 -4.276769671344372581e-01 -6.685709963019040858e-01 -6.083627495438030941e-01 3.275082511810122332e-01 5.126828166462908953e-01 -7.936590421764703196e-01 -1.805340008964080034e-01 -8.709258166698968795e-01 4.237329939096834419e-01
1.586175949704684973e+09 8.385238610096781287e-01 -5.448344980042185703e-01 -5.753648577036820332e-03 -4.446054850556515059e-01 -6.780865599756411566e-01 -5.852559954282889887e-01 3.149661846703033508e-01 4.933092206191941331e-01 -8.108281665499832425e-01 -1.880624262939868951e-01 -8.692686066015273827e-01 4.311628764386514212e-01
1.586175949704705954e+09 8.343012724999961938e-01 -5.511956755860993873e-01 -1.116754628848743228e-02 -4.612868306344528602e-01 -6.868335907948094343e-01 -5.616707921772833290e-01 3.019202658027134722e-01 4.737540986120725717e-01 -8.272854449646586117e-01 -1.954496697342608946e-01 -8.674760535602303868e-01 4.387022448817427533e-01
1.586175949704725027e+09 8.298539333789263228e-01 -5.577361885463172353e-01 -1.651645880285692453e-02 -4.776840080360176821e-01 -6.948237184208945205e-01 -5.376225340630120808e-01 2.883755156748709081e-01 4.540378227459092586e-01 -8.430238536244976100e-01 -2.026941351106077149e-01 -8.655577128132239118e-01 4.463484451643807693e-01
1.586175949704741001e+09 8.251871135613307873e-01 -5.644393591290008949e-01 -2.178158966643912314e-02 -4.937660678318320784e-01 -7.020641496601924825e-01 -5.131286391985236950e-01 2.743379270043247442e-01 4.341821504896491990e-01 -8.580352919942426659e-01 -2.097941305001317647e-01 -8.635225505280491598e-01 4.540992430920238188e-01
1.586175949704756021e+09 8.203035325287029167e-01 -5.712930132130278338e-01 -2.695195252566279231e-02 -5.095086966469581924e-01 -7.085568848069394576e-01 -4.882090017397577864e-01 2.598134001337144006e-01 4.142118228879157482e-01 -8.723104740832362536e-01 -2.167478419455674266e-01 -8.613790315699907385e-01 4.619527717374128928e-01
1.586175949704771042e+09 8.152027660529825859e-01 -5.782895529735672113e-01 -3.202566644479409863e-02 -5.248945112531773205e-01 -7.142982465473759479e-01 -4.628863439134487945e-01 2.448064594877771838e-01 3.941563244095462326e-01 -8.858389185543317224e-01 -2.235533164949804752e-01 -8.591352022692767543e-01 4.699074832218655962e-01
1.586175949704786062e+09 8.098807788656064988e-01 -5.854257397939386376e-01 -3.701117913270794008e-02 -5.399129494767189730e-01 -7.192788177624244161e-01 -4.371864472414100367e-01 2.293188421095947727e-01 3.740517152395906875e-01 -8.986090269323622204e-01 -2.302084534331258203e-01 -8.567987679452595540e-01 4.779621039800921456e-01
1.586175949704801083e+09 8.043296530334319572e-01 -5.927021441122352075e-01 -4.192824568132112739e-02 -5.545596392498008953e-01 -7.234838964529414218e-01 -4.111382473503618629e-01 2.133481101516254141e-01 3.539423965906117187e-01 -9.106082385388988287e-01 -2.367110024066969853e-01 -8.543771648008027242e-01 4.861155930266443659e-01
1.586175949704816103e+09 7.985376081522338465e-01 -6.001222073800591694e-01 -4.680838328579490365e-02 -5.688351131864776145e-01 -7.268946010934178581e-01 -3.847737689257096916e-01 1.968865224323196605e-01 3.338825770752536504e-01 -9.218232598034110659e-01 -2.430585681266732856e-01 -8.518776263867744447e-01 4.943671023263396802e-01
1.586175949704830885e+09 7.924891936820379623e-01 -6.076911188222747784e-01 -5.169508846844602518e-02 -5.827431624885119898e-01 -7.294893474282437840e-01 -3.581280481999838394e-01 1.799202179208383712e-01 3.139375674473284250e-01 -9.322402690471295328e-01 -2.492486218207308757e-01 -8.493072448640243133e-01 5.027159383331224474e-01
1.586175949704845905e+09 7.861656896613522516e-01 -6.154144970460977415e-01 -5.664367038623194933e-02 -5.962888292126806711e-01 -7.312457284819946501e-01 -3.312390633348287761e-01 1.624288795310629419e-01 2.941847745235134370e-01 -9.418450922722512164e-01 -2.552785201539953808e-01 -8.466730272260132306e-01 5.111615236948614527e-01
1.586175949704862118e+09 7.795457500558675701e-01 -6.232968801561515892e-01 -6.172052274145061607e-02 -6.094760777427797871e-01 -7.321428150156251702e-01 -3.041476770028015975e-01 1.443860609024666952e-01 2.747142110727786579e-01 -9.506233575692438764e-01 -2.611455325720232756e-01 -8.439819463446701642e-01 5.197033582491867865e-01
1.586175949704879045e+09 7.726063164817865703e-01 -6.313400530523956000e-01 -6.700162172872189958e-02 -6.223052408247129463e-01 -7.321638657341552614e-01 -2.768975646358080578e-01 1.257603567577238457e-01 2.556282677627357280e-01 -9.585606510249029544e-01 -2.668468775399445714e-01 -8.412409861689907897e-01 5.283409789545159274e-01
1.586175949704895973e+09 7.653237520195967925e-01 -6.395413316385173408e-01 -7.257024108209662872e-02 -6.347704989998457226e-01 -7.312992812610289439e-01 -2.495351181146990560e-01 1.065174565730624134e-01 2.370406009634809796e-01 -9.656426799000601413e-01 -2.723797672868414343e-01 -8.384571799826385785e-01 5.370739190518070139e-01
1.586175949704910994e+09 7.576751470871910810e-01 -6.478919282972978033e-01 -7.851382619416368003e-02 -6.468576486031865080e-01 -7.295496302367108221e-01 -2.221092519706514279e-01 8.662305867313192798e-02 2.190739291160088142e-01 -9.718554725844155140e-01 -2.777414600309530135e-01 -8.356376405472509816e-01 5.459016671716683256e-01
1.586175949704926968e+09 7.496396307908285150e-01 -6.563756139420368063e-01 -8.492041886401198447e-02 -6.585425643818625385e-01 -7.269283653590072891e-01 -1.946711146517874080e-01 6.604631111754818984e-02 2.018568928870042578e-01 -9.771855913214547718e-01 -2.829293174669629818e-01 -8.327895809761257651e-01 5.548236277454964283e-01
1.586175949704941988e+09 7.411995813558417412e-01 -6.649678121014557242e-01 -9.187485856839500142e-02 -6.697905759083894184e-01 -7.234639682719918863e-01 -1.672736422224900266e-01 4.476343812030839087e-02 1.855200679876166658e-01 -9.816203641357548193e-01 -2.879408645891042284e-01 -8.299203256041356447e-01 5.638390843413179088e-01
1.586175949704961061e+09 7.323415992738273594e-01 -6.736352424378021508e-01 -9.945522755919344871e-02 -6.805569165373144269e-01 -7.192012312764524129e-01 -1.399709706674384102e-01 2.276105663821479871e-02 1.701915074817196283e-01 -9.851481032749868083e-01 -2.927738483789709134e-01 -8.270373107280453162e-01 5.729471676462555285e-01
1.586175949704974890e+09 7.230571690067710833e-01 -6.823361338971823953e-01 -1.077298978751712322e-01 -6.907881941818440064e-01 -7.142015318727250595e-01 -1.128177423793226553e-01 3.876407726201291926e-05 1.559922190026193090e-01 -9.877582833935019124e-01 -2.974262911687136635e-01 -8.241480758195819378e-01 5.821468299395524681e-01
1.586175949704991102e+09 7.133430013162468386e-01 -6.910209491363726864e-01 -1.167553446221217539e-01 -7.004246610245979943e-01 -7.085421099051008031e-01 -8.586834728660130978e-02 -2.338925137809851756e-02 1.430319072241234279e-01 -9.894416691954580623e-01 -3.018965356514405340e-01 -8.212602467070636569e-01 5.914368270256993299e-01
1.586175949705005884e+09 7.032010770433775315e-01 -6.996335134485195395e-01 -1.265748485077059782e-01 -7.094029840447307889e-01 -7.023144493661669374e-01 -5.917618427929169367e-02 -4.749370331071286339e-02 1.314053317309972213e-01 -9.901903792922818193e-01 -3.061832788458567212e-01 -8.183815127955572644e-01 6.008157082186341702e-01
1.586175949705020905e+09 6.926384312365289064e-01 -7.081123697784700299e-01 -1.372183497603530200e-01 -7.176591847750900532e-01 -6.956219554248880277e-01 -3.279313929369668396e-02 -7.223086919749507895e-02 1.211897975560990298e-01 -9.899978458601708109e-01 -3.102855935682246602e-01 -8.155196007985431317e-01 6.102818141878030289e-01
1.586175949705035925e+09 6.816668016024801657e-01 -7.163921919959619355e-01 -1.487030564927990794e-01 -7.251313828802019579e-01 -6.885772686147698662e-01 -6.769272870599807312e-03 -9.754409023672463985e-02 1.124436415561441693e-01 -9.888587251159669522e-01 -3.142029379460417049e-01 -8.126822474206917279e-01 6.198332814789860867e-01
1.586175949705050945e+09 6.703022236936915235e-01 -7.244051459699016871e-01 -1.610345105052092274e-01 -7.317621252360835271e-01 -6.812994730423650447e-01 1.884729285848564528e-02 -1.233658030727724508e-01 1.052055733069096471e-01 -9.867688008251308540e-01 -3.179351548703979735e-01 -8.098771729700705579e-01 6.294680519866827639e-01
1.586175949705065966e+09 6.585646295091466262e-01 -7.320821004804840548e-01 -1.742079994879612570e-01 -7.375001839022671257e-01 -6.739114010124813703e-01 4.401025648010087332e-02 -1.496198779961644132e-01 9.949483338373649177e-02 -9.837248957624523671e-01 -3.214824638087721009e-01 -8.071120572489153266e-01 6.391838856063214447e-01
1.586175949705080986e+09 6.464774909975238293e-01 -7.393536638894276924e-01 -1.882100249637631006e-01 -7.423017971912306834e-01 -6.665371742968032587e-01 6.867486813259748857e-02 -1.762239935689707271e-01 9.531188331306530981e-02 -9.797248334580542783e-01 -3.248454468305379539e-01 -8.043945186131887803e-01 6.489783747476179920e-01
1.586175949705096960e+09 6.340675230605489210e-01 -7.461510410859844011e-01 -2.030197041082381360e-01 -7.461313952755149748e-01 -6.593000491457464696e-01 9.279755668420000547e-02 -2.030918944078866362e-01 9.263945816019331092e-02 -9.747674663847238907e-01 -3.280250302897499970e-01 -8.017320967784036245e-01 6.588489597140755327e-01
1.586175949705111980e+09 6.213644601373404797e-01 -7.524066934458608635e-01 -2.186100992775319718e-01 -7.489618690102021192e-01 -6.523206110284226478e-01 1.163354612410928690e-01 -2.301354532394906394e-01 9.144390744897208656e-02 -9.688527675850495680e-01 -3.310224641396340428e-01 -7.991322394501692017e-01 6.687929438637532087e-01
1.586175949705127001e+09 6.084009106722059190e-01 -7.580548205792720928e-01 -2.349494010628516150e-01 -7.507744653409970104e-01 -6.457153223229117334e-01 1.392459157580072937e-01 -2.572664658993245035e-01 9.167666898906159934e-02 -9.619819926543499156e-01 -3.338393001790749826e-01 -7.966022926711638918e-01 6.788075078883673008e-01
