1.592833327491183043e+09 4.336650273582650650e-01 -5.177033158637226462e-01 7.375079125317137718e-01 -3.572552607938331848e-01 -8.501832619012964498e-01 -3.867261307106094059e-01 8.272262827784797601e-01 -9.576898352190305053e-02 -5.536469806122271686e-01 -4.821800588467636262e-01 -7.618007588655281159e-01 5.255231757407582416e-01
1.592833327491231918e+09 4.362820205667894413e-01 -5.053571033770288823e-01 7.444945915541697490e-01 -3.754770086081703484e-01 -8.541590706720445514e-01 -3.597628362574034067e-01 8.177255131015881418e-01 -1.225825449783325555e-01 -5.624042186496620577e-01 -4.956609243393620967e-01 -7.513976228237848609e-01 5.330226705600872306e-01
1.592833327491260052e+09 4.390876556292539479e-01 -4.928222348787519858e-01 7.512178617020576210e-01 -3.933245605151513558e-01 -8.571907777888709834e-01 -3.324451246847049402e-01 8.077733723096947038e-01 -1.494998848218750120e-01 -5.702209779478644158e-01 -5.088700582583625120e-01 -7.407170729244034746e-01 5.406151689271878613e-01
1.592833327491282940e+09 4.422157331416381454e-01 -4.801851289690434177e-01 7.575404197378702298e-01 -4.108438658567351021e-01 -8.592397005198758597e-01 -3.048187253056047208e-01 7.972782221380299017e-01 -1.764351984376432425e-01 -5.772504287775832577e-01 -5.218599410960500506e-01 -7.298235111774197259e-01 5.482829360648499017e-01
1.592833327491305113e+09 4.458076765742082781e-01 -4.675278932693597844e-01 7.633303248144112096e-01 -4.280534687426071350e-01 -8.602840102199589278e-01 -2.769145175274304038e-01 7.861461337775608182e-01 -2.032955755970220491e-01 -5.836481521928822414e-01 -5.346953430849260558e-01 -7.187864534212174972e-01 5.560054491574599744e-01
1.592833327491327047e+09 4.500068929648288196e-01 -4.549276367633952600e-01 7.684625181836781671e-01 -4.449416642203048444e-01 -8.603194514270031679e-01 -2.487515975817780611e-01 7.742872283438771985e-01 -2.299810581124746844e-01 -5.895659430499307074e-01 -5.474443941149806925e-01 -7.076722021833925513e-01 5.637602227748609307e-01
1.592833327491345882e+09 4.549523252412421281e-01 -4.424559333098954106e-01 7.728202437168715244e-01 -4.614657760060691394e-01 -8.593597777452124387e-01 -2.203408957359460352e-01 7.616217693758885465e-01 -2.563854905443445631e-01 -5.951459996720029899e-01 -5.601708945500049053e-01 -6.965384056467858187e-01 5.715239949202288727e-01
1.592833327491365910e+09 4.607718882897914314e-01 -4.301783582106403214e-01 7.762962368537721369e-01 -4.775536643579922913e-01 -8.574367784002391302e-01 -1.916889904843785408e-01 7.480853994550922259e-01 -2.823982143485541108e-01 -6.005160147182437846e-01 -5.729286977243418510e-01 -6.854311096616984011e-01 5.792743388210004341e-01
1.592833327491384983e+09 4.675764506183308633e-01 -4.181539925880482511e-01 7.787936193729148027e-01 -4.931072661815979474e-01 -8.545997961041531532e-01 -1.628017595401355933e-01 7.336330739048341210e-01 -3.079065236062874522e-01 -6.057855114441357269e-01 -5.857583894582393258e-01 -6.743836576604742561e-01 5.869914762939161257e-01
1.592833327491405010e+09 4.754548516133819680e-01 -4.064348017883853692e-01 7.802265287977490082e-01 -5.080077366508699566e-01 -8.509146681906853971e-01 -1.336875736060473274e-01 7.182414801752361466e-01 -3.327987074118206601e-01 -6.110435310073484283e-01 -5.986860091184804666e-01 -6.634167998074188555e-01 5.946599882247968205e-01
1.592833327491426945e+09 4.844703514581152892e-01 -3.950648819026079672e-01 7.805204788553472550e-01 -5.221216281964613515e-01 -8.464620669196618596e-01 -1.043598342823813391e-01 7.019098832428483092e-01 -3.569673775780264346e-01 -6.163576943920624496e-01 -6.117232815576769678e-01 -6.525394969399791467e-01 6.022701923087938614e-01
1.592833327491445065e+09 4.947211180219965865e-01 -3.840988274977316097e-01 7.795634075334638702e-01 -5.352893325611698394e-01 -8.413468494299986000e-01 -7.483855808544565003e-02 6.846286191052904924e-01 -3.802677608874773796e-01 -6.218360589551145123e-01 -6.245043627498052530e-01 -6.414609870065179908e-01 6.100233837638207035e-01
1.592833327491456032e+09 5.061838692577294019e-01 -3.735615742169529629e-01 7.773220960702698079e-01 -5.473739380597679727e-01 -8.356689355642323846e-01 -4.515752918130245402e-02 6.664530461384157167e-01 -4.026278439235174700e-01 -6.274800051599633832e-01 -6.370241488870226343e-01 -6.301919165131436573e-01 6.179268261668436901e-01
1.592833327491465092e+09 5.188166965257735574e-01 -3.634682941492370367e-01 7.737700141654361152e-01 -5.582447493192511656e-01 -8.295341867758240229e-01 -1.535686177364420368e-02 6.474504116430013223e-01 -4.239856511948507656e-01 -6.332804531401611259e-01 -6.492780560747609675e-01 -6.187433874305635628e-01 6.259874922066033243e-01
1.592833327491475105e+09 5.325612012298545084e-01 -3.538239083046932909e-01 7.688869937278549616e-01 -5.677800238460033455e-01 -8.230523057523193575e-01 1.451712413319907781e-02 6.276977072932941049e-01 -4.442899325982785919e-01 -6.392198716684115434e-01 -6.612620240471409616e-01 -6.071269097849666396e-01 6.342120502659971404e-01
1.592833327491483927e+09 5.473449067651598998e-01 -3.446228586973859587e-01 7.626589267613222978e-01 -5.758689648262845795e-01 -8.163347950785720952e-01 4.441213876639166225e-02 6.072795803131817438e-01 -4.635003645169714082e-01 -6.452743011406093521e-01 -6.729725102702355244e-01 -5.953543519599515665e-01 6.426068576612207206e-01
1.592833327491493940e+09 5.630837340250246514e-01 -3.358491101053373007e-01 7.550775350817559017e-01 -5.824130327319667622e-01 -8.094930462174380059e-01 7.427023498981337457e-02 5.862864215206577967e-01 -4.815873582922166607e-01 -6.514152658319016798e-01 -6.844064759768813122e-01 -5.834378914515071513e-01 6.511779599065161683e-01
1.592833327491503954e+09 5.796844458099694730e-01 -3.274763504105660528e-01 7.461401902290324406e-01 -5.873266296009667098e-01 -8.026366371821995749e-01 1.040281653702274794e-01 5.648126890646553155e-01 -4.985315124183966051e-01 -6.576115553140778891e-01 -6.955613666871636180e-01 -5.713899686967462976e-01 6.599310946060731320e-01
1.592833327491513968e+09 5.970469239338176415e-01 -3.194683360231440616e-01 7.358498169919059917e-01 -5.905372759116814807e-01 -7.958718616647442179e-01 1.336177605896052834e-01 5.429555199668870680e-01 -5.143228192373164864e-01 -6.638308076870849117e-01 -7.064350889911004128e-01 -5.592232454602092950e-01 6.688716989187913908e-01
