1.584057353583288908e+09 1.484569806452992746e-01 -9.214972242081194143e-01 -3.588918928205185876e-01 -4.758611142689703755e-01 2.515689777128990445e-01 -8.427747323680928604e-01 8.669006430752469461e-01 2.958984881125303334e-01 -4.011575250618411026e-01 2.737722260113262807e-01 -2.165906513541420997e-01 7.124956699083128120e-01
1.584057353583334923e+09 1.594435696140483472e-01 -9.180911309660245712e-01 -3.628862403127988689e-01 -4.592901871625511001e-01 2.563971398377810629e-01 -8.504781189417230935e-01 8.738594121631201306e-01 3.022733563560023318e-01 -3.807893721695073674e-01 2.653289385378836407e-01 -2.194520798724578781e-01 7.075657967315822638e-01
1.584057353583349943e+09 1.720166091126369423e-01 -9.138742542761482124e-01 -3.677555351315421328e-01 -4.439047542582507666e-01 2.613582486604189015e-01 -8.571116818388447856e-01 8.794082416488078202e-01 3.106858755517313830e-01 -3.607151665803736695e-01 2.571408942604645476e-01 -2.224046586221117838e-01 7.022725240474552155e-01
1.584057353583362103e+09 1.858852919254052050e-01 -9.089569342936788532e-01 -3.731540565335427773e-01 -4.296945537209302390e-01 2.663323956337972920e-01 -8.628033644348549469e-01 8.836341148322583994e-01 3.207247210249310476e-01 -3.410665691332664395e-01 2.492168391218402557e-01 -2.254526798995862280e-01 6.966422982495252825e-01
1.584057353583372116e+09 2.007036346667434301e-01 -9.034648248027429274e-01 -3.787734962258447191e-01 -4.164769673569435615e-01 2.712726342106101529e-01 -8.677315793100333075e-01 8.867158433480846202e-01 3.319073188675913388e-01 -3.218268866887737389e-01 2.415627504915123513e-01 -2.286009451945212601e-01 6.907022747675894969e-01
1.584057353583395004e+09 2.161147681463305159e-01 -8.975316637870216496e-01 -3.843583218353461839e-01 -4.039284356776995932e-01 2.762049827689431192e-01 -8.720966841395791924e-01 8.888960715393995349e-01 3.437262283346556591e-01 -3.028465851268526965e-01 2.341817990350303913e-01 -2.318545593745064970e-01 6.844800503693242444e-01
1.584057353583405018e+09 2.317629913259945662e-01 -8.913002075689651083e-01 -3.897048317957231833e-01 -3.916275683391393092e-01 2.812223529102486075e-01 -8.760946501853285051e-01 8.904570532792390747e-01 3.556654724203202611e-01 -2.838807992277633252e-01 2.270743467283377892e-01 -2.352187138267264888e-01 6.780033913060402595e-01
1.584057353583415031e+09 2.472800742990177436e-01 -8.849299851035365982e-01 -3.946536284106790804e-01 -3.791022810453256731e-01 2.864736390214507877e-01 -8.798944907177824737e-01 8.917028796282143732e-01 3.671944657564684134e-01 -2.646397531935102965e-01 2.202379828579046350e-01 -2.386984629051583096e-01 6.712999592400544779e-01
1.584057353583424091e+09 2.622571387461601899e-01 -8.786095791232292340e-01 -3.990819474266223965e-01 -3.658800062808521547e-01 2.921454787821767263e-01 -8.836191715754525555e-01 8.929462550279213540e-01 3.777515410737509738e-01 -2.448484409842283938e-01 2.136676004734090750e-01 -2.422984988720298105e-01 6.643970364946900631e-01
1.584057353583434105e+09 2.762156690457713837e-01 -8.725692510039835259e-01 -4.028992510564937124e-01 -3.515432173559283058e-01 2.984325241144904495e-01 -8.873304880531807104e-01 8.944955397901892535e-01 3.867310833743473064e-01 -2.243140625718613168e-01 2.073555158976063129e-01 -2.460229313052974820e-01 6.573212526213005891e-01
1.584057353583444118e+09 2.889732730204528921e-01 -8.669172716099532439e-01 -4.061390055019843404e-01 -3.353069422807298805e-01 3.057121530143539490e-01 -8.911281244044959582e-01 8.966959920393807737e-01 3.936934388310026067e-01 -2.023407381173195074e-01 2.012916321698611788e-01 -2.498750769782576986e-01 6.500983159662130362e-01
1.584057353583452940e+09 3.017771352964498388e-01 -8.611592768015197130e-01 -4.090663280164860138e-01 -3.190489352062151340e-01 3.131096443126998863e-01 -8.945222902360534523e-01 8.984087809893188670e-01 4.004585505542114787e-01 -1.802626188349585601e-01 1.954685102933977903e-01 -2.538564780691525691e-01 6.427484708632107413e-01
1.584057353583462954e+09 3.146140509319425571e-01 -8.553007645553502014e-01 -4.116777881221743152e-01 -3.027731316000654149e-01 3.206233271697389031e-01 -8.975127369584765535e-01 8.996368322502662496e-01 4.070150910231788988e-01 -1.580894871837823790e-01 1.898845720443178842e-01 -2.579689605348601811e-01 6.352860551904759845e-01
1.584057353583471060e+09 3.274758072831572275e-01 -8.493452881908639673e-01 -4.139712275003688546e-01 -2.864872535933650211e-01 3.282495722527495330e-01 -9.000984790518299361e-01 9.003802804249464442e-01 4.133579560609630388e-01 -1.358328053267302271e-01 1.845369646668633123e-01 -2.622141637567923511e-01 6.277255081855190877e-01
1.584057353583481073e+09 3.403606861401768380e-01 -8.432939399465689823e-01 -4.159446288937024838e-01 -2.702035842997119741e-01 3.359815471740684178e-01 -9.022784620820267776e-01 9.006356791557806885e-01 4.194898460070625168e-01 -1.135061352901612503e-01 1.794215344396228040e-01 -2.665934654733597697e-01 6.200812543868366999e-01
1.584057353583492041e+09 3.532746998777068215e-01 -8.371449607392285053e-01 -4.175946614375848909e-01 -2.539394879749252154e-01 3.438079369494274617e-01 -9.040524537241250158e-01 9.003953148929754180e-01 4.254226337358157917e-01 -9.112551697517833060e-02 1.745328198827879596e-01 -2.711079052335170214e-01 6.123675762948399548e-01
1.584057353583503008e+09 3.662324845205752744e-01 -8.308934987674547745e-01 -4.189149807703274053e-01 -2.377176961734764615e-01 3.517116734672493528e-01 -9.054221091953971179e-01 8.996466330826490276e-01 4.311784926781463412e-01 -6.870984831003047744e-02 1.698640682759594567e-01 -2.757581090237367638e-01 6.045984779419754096e-01
1.584057353583513021e+09 3.792577539319255120e-01 -8.245315445372219942e-01 -4.198943775183393012e-01 -2.215663914280812663e-01 3.596687141701044865e-01 -9.063921614752423750e-01 8.983717996922556681e-01 4.367907373168483653e-01 -4.628133027295114332e-02 1.654072792467646547e-01 -2.805442184990571963e-01 5.967875424209972968e-01
1.584057353583523035e+09 3.923832384238709059e-01 -8.180480598572161810e-01 -4.205148821311553986e-01 -2.055191501577787738e-01 3.676468877387278344e-01 -9.069716891951211668e-01 8.965474183409307685e-01 4.423043497362043608e-01 -2.386606567027345360e-02 1.611532782202508840e-01 -2.854658285489906078e-01 5.889477875870599011e-01
1.584057353583534002e+09 4.056500521302301987e-01 -8.114293077555194689e-01 -4.207499421842854082e-01 -1.896148264482520329e-01 3.756048005400998702e-01 -9.071754249037123907e-01 8.941444251406830412e-01 4.477761856358007386e-01 -1.494920473813776685e-03 1.570918204538888086e-01 -2.905219365732362724e-01 5.810915252102878403e-01
1.584057353583544016e+09 4.191064229476096914e-01 -8.046593901820094930e-01 -4.205628040636921194e-01 -1.738974467852697492e-01 3.834907981478934969e-01 -9.070250745621402100e-01 8.911282087662968365e-01 4.532748323302213667e-01 2.079524313187980367e-02 1.532117249047389995e-01 -2.957109067761478083e-01 5.732302293351625444e-01
1.584057353583553076e+09 4.328057264666201887e-01 -7.977209942816365640e-01 -4.199052494860690543e-01 -1.584161730256954392e-01 3.912419766304083280e-01 -9.065506229622393164e-01 8.874590241109171496e-01 4.588800835742899986e-01 4.295986083408862011e-02 1.495010369574409359e-01 -3.010304535911764168e-01 5.653744198470186388e-01
1.584057353583561897e+09 4.468038155765125530e-01 -7.905963314022971256e-01 -4.187168390278069308e-01 -1.432253902408622825e-01 3.987832157834190761e-01 -9.057916065777976700e-01 8.830927687348251176e-01 4.646820285738870737e-01 6.494439428196195629e-02 1.459472181397104551e-01 -3.064776488171754298e-01 5.575335677215079722e-01
1.584057353583571911e+09 4.611555628465182077e-01 -7.832682762997521531e-01 -4.169248785141821401e-01 -1.283848839908728889e-01 4.060262980234090602e-01 -9.047983018458068960e-01 8.779822712527755035e-01 4.707796222789948359e-01 8.668147917864452157e-02 1.425373585624790662e-01 -3.120489563893861229e-01 5.497160287434843529e-01
1.584057353583580971e+09 4.759105290639016883e-01 -7.757217158059320772e-01 -4.144453981879367421e-01 -1.139599919545178919e-01 4.128692724318516194e-01 -9.036327153563663561e-01 8.720792904181648986e-01 4.772785178557348296e-01 1.080875933542612133e-01 1.392584052637926562e-01 -3.177402975795534656e-01 5.419290121905508961e-01
1.584057353583590031e+09 4.911078622354775325e-01 -7.679450718360124606e-01 -4.111854015152048847e-01 -1.000216238499541388e-01 4.191961904517612081e-01 -9.023692308695753228e-01 8.653373576991671978e-01 4.842880554505001323e-01 1.290594318061649148e-01 1.360973973377858637e-01 -3.235471479834449715e-01 5.341785900503024376e-01
1.584057353583600044e+09 5.067706734024234327e-01 -7.599319468071142891e-01 -4.070465832397353600e-01 -8.664601451588950509e-02 4.248773485289402130e-01 -9.010947269974060037e-01 8.577155431522327511e-01 4.919173457281602047e-01 1.494703055016788074e-01 1.330416974585852397e-01 -3.294646665418069498e-01 5.264697510694194005e-01
1.584057353583609104e+09 5.229002993153132328e-01 -7.516828315534570537e-01 -4.019305883478790919e-01 -7.391408111082523047e-02 4.297701449464662038e-01 -8.999079571118568932e-01 8.491831285457825951e-01 5.002704702064976194e-01 1.691669916162718557e-01 1.300792081685882562e-01 -3.354878551672308973e-01 5.188065022764676293e-01
1.584057353583617926e+09 5.394709843719805997e-01 -7.432068313306900986e-01 -3.957457049799287252e-01 -6.191029546255144567e-02 4.337206145811983160e-01 -8.989179851076777306e-01 8.397250577145691786e-01 5.094409037875695656e-01 1.879675323408293297e-01 1.271985605735355129e-01 -3.416117455893611932e-01 5.111920186036053027e-01
1.584057353583626986e+09 5.564254712970564398e-01 -7.345234098622617225e-01 -3.884147980987642801e-01 -5.072094288198324141e-02 4.365658473780739679e-01 -8.982414191091538935e-01 8.293479855055179151e-01 5.195051697238095567e-01 2.056606374299858042e-01 1.243892629907302899e-01 -3.478316078000828759e-01 5.036288388989920151e-01
1.584057353583636045e+09 5.736720745617590600e-01 -7.256641569877460007e-01 -3.798840379079000962e-01 -4.043175373713724791e-02 4.381374368445468126e-01 -8.979982515974238577e-01 8.180865628858474681e-01 5.305158977846936574e-01 2.220073378139874321e-01 1.216417983174261364e-01 -3.541431728475025742e-01 4.961191045099148655e-01
1.584057353583645105e+09 5.910837269389102033e-01 -7.166745769558734436e-01 -3.701318395100143266e-01 -3.112488341516391269e-02 4.382662674079658149e-01 -8.983061397049904029e-01 8.060094723986912513e-01 5.424944513105101063e-01 2.367456460440721111e-01 1.189476604566427759e-01 -3.605428607246531358e-01 4.886648344359603713e-01
1.584057353583653927e+09 6.084994961451511974e-01 -7.076158101605183326e-01 -3.591771547967796407e-01 -2.287529261451586721e-02 4.367889361802519965e-01 -8.992731211180082784e-01 7.932244854983361293e-01 5.554235235821370908e-01 2.495989288387199245e-01 1.162993224124649477e-01 -3.670280020834864598e-01 4.812682289149818882e-01
1.584057353583662987e+09 6.257290201877108160e-01 -6.985660779506824847e-01 -3.470859089007615750e-01 -1.574673282306085151e-02 4.335558784219615824e-01 -9.009890902991891659e-01 7.798815512079556589e-01 5.692404897152488763e-01 2.602883615802858430e-01 1.136901317487836044e-01 -3.735970407188725639e-01 4.739319913533588391e-01
1.584057353583673000e+09 6.425600764656823616e-01 -6.896214778646080346e-01 -3.339741988929528227e-01 -9.787596444047660590e-03 4.284410560020514014e-01 -9.035167207277879919e-01 7.661727946757781460e-01 5.838325778086005391e-01 2.685493809488402883e-01 1.111141331858359199e-01 -3.802497029804017270e-01 4.666596573187545838e-01
1.584057353583682060e+09 6.587691498654659750e-01 -6.808956067139814161e-01 -3.200068437847375935e-01 -5.026997946642660156e-03 4.213525885848710684e-01 -9.068829723461967474e-01 7.523283436697587589e-01 5.990351984346077296e-01 2.741512257267151864e-01 1.085658224412375944e-01 -3.869871197639379590e-01 4.594559184626487713e-01
1.584057353583690882e+09 6.741343262591977803e-01 -6.725174510483733492e-01 -3.053902230268602525e-01 -1.471551700131797785e-03 4.122430902157372956e-01 -9.110727025062123063e-01 7.386073008743710977e-01 6.146347799468132589e-01 2.769175736473609706e-01 1.060398398827554767e-01 -3.938118863362684574e-01 4.523269283924881146e-01
1.584057353583700895e+09 6.884492073224177666e-01 -6.646271274036892329e-01 -2.903592095701357234e-01 8.966895765857400835e-04 4.011179907548846346e-01 -9.160259568306824418e-01 7.252840030592831999e-01 6.303769817575696210e-01 2.767453269640721691e-01 1.035306175640081788e-01 -4.007280468019049913e-01 4.452805780008608494e-01
1.584057353583709955e+09 7.015361343463587529e-01 -6.573693254170097644e-01 -2.751592672128129191e-01 2.120890818945330228e-03 3.880401306014129026e-01 -9.216400376567698283e-01 7.126307278217198782e-01 6.459802064800214128e-01 2.736183817294582932e-01 1.010319976933911484e-01 -4.077409923232968580e-01 4.383267287122317724e-01
1.584057353583719015e+09 7.132570307014177713e-01 -6.508847090327687379e-01 -2.600259676037445788e-01 2.268661811857961008e-03 3.731292808096549063e-01 -9.277765857807863670e-01 7.008988953723991333e-01 6.611532617121276267e-01 2.676137201510762065e-01 9.853684432897474865e-02 -4.148572655893367211e-01 4.314773936668576115e-01
1.584057353583728075e+09 7.235205531269122137e-01 -6.453000543134707057e-01 -2.451649429096611210e-01 1.429920772024805952e-03 3.565558956394140333e-01 -9.342728984394018665e-01 6.903013579109361642e-01 6.756150777720829614e-01 2.588982467558880729e-01 9.603667268963615722e-02 -4.220842686457165205e-01 4.247468591658323800e-01
1.584057353583736897e+09 7.322848807936555016e-01 -6.407183660856352603e-01 -2.307354087423829081e-01 -2.865044569442896233e-04 3.385294103707771618e-01 -9.409557674918677117e-01 6.809983637858217920e-01 6.891137887185396771e-01 2.477164002220002548e-01 9.352132140549777872e-02 -4.294298770130877130e-01 4.181517419035696292e-01
1.584057353583746910e+09 7.395563409166210356e-01 -6.372102930872640680e-01 -2.168397129669756285e-01 -2.757318961808875087e-03 3.192826041516837465e-01 -9.476555365876684345e-01 6.730890104611680913e-01 7.014425573055543817e-01 2.343704823926907321e-01 9.097869198157709780e-02 -4.369019686350512632e-01 4.117109804208088919e-01
1.584057353583755970e+09 7.453847840518487144e-01 -6.348079246035872591e-01 -2.035200793297900212e-01 -5.850012079220006343e-03 2.990543096195157902e-01 -9.542181602776522720e-01 6.666088067696784858e-01 7.124502922239892566e-01 2.191968979410761909e-01 8.839457713189798060e-02 -4.445078807952424493e-01 4.054457608135546010e-01
1.584057353583767891e+09 7.498569568403680163e-01 -6.335016044254095924e-01 -1.907623170190412554e-01 -9.428705218483327682e-03 2.780729142258042130e-01 -9.605136927909311284e-01 6.615327988808982207e-01 7.220465162977759421e-01 2.025418093307732592e-01 8.575259583847695544e-02 -4.522538125211909010e-01 3.993793778208724055e-01
1.584057353583776951e+09 7.530890592102319481e-01 -6.332398977818842756e-01 -1.785051844652566500e-01 -1.336038268781588809e-02 2.565427265415223257e-01 -9.664405464280131364e-01 6.577829195643202231e-01 7.302006994318624988e-01 1.847391931848536006e-01 8.303424815444637730e-02 -4.601441940269890285e-01 3.935370331174904979e-01
1.584057353583786011e+09 7.552194142173157543e-01 -6.339323675624898291e-01 -1.666535024288706424e-01 -1.752122374776683006e-02 2.346345851473154720e-01 -9.719257267498004893e-01 6.552378524666755411e-01 7.369371512861365714e-01 1.660933230718980580e-01 8.021909724871066627e-02 -4.681810479810987191e-01 3.879455726670035243e-01
1.584057353583795071e+09 7.564017700308630632e-01 -6.354545707920777886e-01 -1.550930394297958814e-01 -2.180270714724354825e-02 2.124812438330089814e-01 -9.769218817936412558e-01 6.537438370280000965e-01 7.423268886523234356e-01 1.468665589969406771e-01 7.728507967371461840e-02 -4.763633706114993593e-01 3.826331661207780788e-01
1.584057353583803892e+09 7.567992858606420459e-01 -6.376547445651929991e-01 -1.437054897359854588e-01 -2.611712215572603579e-02 1.901773334057937637e-01 -9.814023017784117009e-01 6.531253608974790792e-01 7.464777349197109224e-01 1.272723632278776051e-01 7.420893809343953595e-02 -4.846865621776021427e-01 3.776289317934948819e-01
1.584057353583812952e+09 7.565790561130105729e-01 -6.403616793446508249e-01 -1.323822178541496086e-01 -3.040203629764046123e-02 1.677832107645895743e-01 -9.853550175045959758e-01 6.531951073270612085e-01 7.495236580336243071e-01 1.074729641901488453e-01 7.096676419616818055e-02 -4.931419363744415918e-01 3.729625111436714602e-01
1.584057353583823919e+09 7.559069750594701320e-01 -6.433933364492034901e-01 -1.210357789876306822e-01 -3.462325548300997785e-02 1.453316772718519223e-01 -9.887769889657165301e-01 6.537628587123575086e-01 7.516140753968658661e-01 8.758085666110909662e-02 6.753463495540423800e-02 -5.017163360992289434e-01 3.686635945006598858e-01
1.584057353583832979e+09 7.549427877296208678e-01 -6.465658225546776494e-01 -1.096085055329231173e-01 -3.877587853623597897e-02 1.228363737878506862e-01 -9.916691266069518340e-01 6.546432759098822496e-01 7.529036210035477961e-01 6.766327663997093178e-02 6.388932068178120038e-02 -5.103918816708966633e-01 3.647614003807862493e-01
1.584057353583842039e+09 7.538352797163334618e-01 -6.497023474403142984e-01 -9.807767794703087239e-02 -4.288318533171131541e-02 1.003006249957088952e-01 -9.940326036847466629e-01 6.556625684494842288e-01 7.535427290460927630e-01 4.774884350354249157e-02 6.000903890055358375e-02 -5.191458755267961411e-01 3.612841125098604222e-01
1.584057353583851099e+09 7.527176945195996893e-01 -6.526417536120497909e-01 -8.645700622405398661e-02 -4.699329051747779679e-02 7.772559232321354927e-02 -9.958666392099626563e-01 6.566640718039385982e-01 7.536693398853486769e-01 2.783564510816891047e-02 5.587422383311491103e-02 -5.279508843393387885e-01 3.582582820062389928e-01
1.584057353583859921e+09 7.517036592645695015e-01 -6.552460654693114117e-01 -7.479440126895781082e-02 -5.117376095876066677e-02 5.511678471866679474e-02 -9.971676821771813248e-01 6.575126272794856730e-01 7.534021063635993887e-01 7.900083218117668477e-03 5.146827685462105478e-02 -5.367750148240691965e-01 3.557082077959405342e-01
1.584057353583868980e+09 7.508840527708608992e-01 -6.574063789600378405e-01 -6.316638602134290459e-02 -5.550472492296658344e-02 3.248827834203878162e-02 -9.979297256964523299e-01 6.580975345643319541e-01 7.528355496505986233e-01 -1.209423013516362604e-02 4.677825791124014254e-02 -5.455823919886845230e-01 3.536553181600425866e-01
1.584057353583879948e+09 7.503252084689240320e-01 -6.590465102096156880e-01 -5.166990461121387379e-02 -6.007124867943766655e-02 9.864406613654813638e-03 -9.981453494913725688e-01 6.583339022196450507e-01 7.520374930867969043e-01 -3.218823387379322887e-02 4.179547644029926734e-02 -5.543338366688376206e-01 3.521175825232442103e-01
1.584057353583889008e+09 7.500687230107722092e-01 -6.601240254381077754e-01 -4.041264562383038716e-02 -6.495588884275209363e-02 -1.272087904115662763e-02 -9.978070514323241769e-01 6.581623230318655038e-01 7.510489001538600551e-01 -5.242047633233447301e-02 3.651594209323619222e-02 -5.629877247495279624e-01 3.511089873467319600e-01
1.584057353583899021e+09 7.501329322762756435e-01 -6.606285983193596056e-01 -2.950320530271465999e-02 -7.023230315995096507e-02 -3.522640098720662000e-02 -9.969084834694394992e-01 6.575469623531733365e-01 7.498859619325878301e-01 -7.282195147402531488e-02 3.094064072186609657e-02 -5.715009943218796185e-01 3.506391130323213701e-01
1.584057353583909035e+09 7.505158588452793822e-01 -6.605780295775062205e-01 -1.904238921909208113e-02 -7.596060535672487235e-02 -5.760709538942338642e-02 -9.954453320708446240e-01 6.564723392857302331e-01 7.485439797024335817e-01 -9.341294569757094268e-02 2.507561199335344576e-02 -5.798302516495197345e-01 3.507128453024980774e-01
1.584057353583918095e+09 7.511991916530998958e-01 -6.600126221600812748e-01 -9.116642750616844176e-03 -8.218480104212508297e-02 -7.981747318610793451e-02 -9.934157385500047566e-01 6.549392591135858588e-01 7.470023492018132982e-01 -1.142018273875372580e-01 1.893182078783211750e-02 -5.879329163062989583e-01 3.513302439956688117e-01
1.584057353583926916e+09 7.521527629876390009e-01 -6.589887547654752487e-01 2.057878715117488627e-04 -8.893235760197089335e-02 -1.018145102720117018e-01 -9.908202871441549320e-01 6.529603794192321287e-01 7.452299153557904177e-01 -1.351854888197226434e-01 1.252483155415614821e-02 -5.957683426781574809e-01 3.524865781143495247e-01
1.584057353583936930e+09 7.533388992826781649e-01 -6.575725957903351127e-01 8.876047491000448389e-03 -9.621548298718567149e-02 -1.235595866789958586e-01 -9.876616877859838439e-01 6.505559805657903372e-01 7.431899555004504165e-01 -1.563509079386974365e-01 5.874309142245765815e-03 -6.032988584231799845e-01 3.541725230499022103e-01
1.584057353583945990e+09 7.547161957794931153e-01 -6.558346443368516798e-01 1.686366631620350720e-02 -1.040335761701236955e-01 -1.450193797220777348e-01 -9.839443046642827317e-01 6.477503215321509522e-01 7.408443149171448638e-01 -1.776772980148979553e-01 -9.966199816306029954e-04 -6.104906684622818380e-01 3.563745056563515923e-01
1.584057353583955050e+09 7.562424388809264597e-01 -6.538455111960244093e-01 2.415411455998520140e-02 -1.123762080644386679e-01 -1.661658691744190286e-01 -9.796736660386293760e-01 6.445688184226782136e-01 7.381564546651059322e-01 -1.991383613806425035e-01 -8.062105748295207014e-03 -6.173145837899182142e-01 3.590751753039154170e-01
1.584057353583964109e+09 7.578766229781618291e-01 -6.516730260083577475e-01 3.074559549377179832e-02 -1.212261816263452002e-01 -1.869756977085385574e-01 -9.748560414244257233e-01 6.410360656128755164e-01 7.350934333769323370e-01 -2.207043429785924826e-01 -1.529436766337875959e-02 -6.237465481271452505e-01 3.622539719975300110e-01
1.584057353583973885e+09 7.595801348732923453e-01 -6.493805590067721623e-01 3.664571483628301096e-02 -1.305622912470220387e-01 -2.074291769296964516e-01 -9.694981303796291749e-01 6.371746283348264095e-01 7.316269720954694522e-01 -2.423436958716374823e-01 -2.266449923156192356e-02 -6.297679501737444285e-01 3.658877584695365837e-01
1.584057353583988905e+09 7.613172754550083798e-01 -6.470263011334844716e-01 4.186850679476522563e-02 -1.403615314096147704e-01 -2.275092052681277344e-01 -9.636068711697798328e-01 6.330044603128398562e-01 7.277338299927383902e-01 -2.640242907917453308e-01 -3.014324322437634054e-02 -6.353657234438279122e-01 3.699514819800890919e-01
1.584057353584001064e+09 7.630553337768712918e-01 -6.446631812895393665e-01 4.643210538255969355e-02 -1.506006339347104594e-01 -2.472003033899476954e-01 -9.571893538947146007e-01 6.285427645222709803e-01 7.233957373737315288e-01 -2.857141937953904254e-01 -3.770170337434809033e-02 -6.405322490868702312e-01 3.744188323138956664e-01
1.584057353584009886e+09 7.647644277515359690e-01 -6.423391053620024493e-01 5.035716328931976599e-02 -1.612569275472404973e-01 -2.664878978769277262e-01 -9.502528104405479903e-01 6.238041147205648507e-01 7.185991053191959077e-01 -3.073820953017226687e-01 -4.531196641780999013e-02 -6.452650857670120255e-01 3.792628677630557332e-01
1.584057353584022999e+09 7.664172795230272950e-01 -6.400972765478328830e-01 5.366591404707809349e-02 -1.723086535120145757e-01 -2.853578815342199260e-01 -9.428046497117940072e-01 6.188006801466779949e-01 7.133346733201210155e-01 -3.289975110988206941e-01 -5.294761677176080400e-02 -6.495665583454178771e-01 3.844565854483162348e-01
1.584057353584036112e+09 7.679890299744259741e-01 -6.379764513396113390e-01 5.638171246952400351e-02 -1.837348942034043031e-01 -3.037964305777713925e-01 -9.348525111306431601e-01 6.135424505816221563e-01 7.075971851720092021e-01 -3.505308618237216733e-01 -6.058413480048662619e-02 -6.534432390199180762e-01 3.899734201757796836e-01
1.584057353584044933e+09 7.694571384820202420e-01 -6.360110717097611222e-01 5.852887174379693691e-02 -1.955152720095262864e-01 -3.217900289077645914e-01 -9.264043155413197450e-01 6.080374089008343530e-01 7.013851253895928561e-01 -3.719535125245070351e-01 -6.819917676074202517e-02 -6.569053532905650972e-01 3.957876636163563111e-01
1.584057353584054947e+09 7.708013765247864191e-01 -6.342312678987157559e-01 6.013266078448282342e-02 -2.076295318074988239e-01 -3.393256527321314997e-01 -9.174682986710286370e-01 6.022916367007027372e-01 6.947005112835969998e-01 -3.932378214295155217e-01 -7.577274017398720474e-02 -6.599661430942256324e-01 4.018747999767181556e-01
1.584057353584064960e+09 7.720038772686523831e-01 -6.326627943816888200e-01 6.121929608596004407e-02 -2.200571541790761199e-01 -3.563910268248128843e-01 -9.080530188487684340e-01 5.963093681516459243e-01 6.875487071943415796e-01 -4.143572286203151545e-01 -8.328722375660554955e-02 -6.626412202038448607e-01 4.082117570549182450e-01
1.584057353584074020e+09 7.730492088384463001e-01 -6.313269494387133696e-01 6.181588592425461132e-02 -2.327770384123348524e-01 -3.729749145562134549e-01 -8.981673361054539617e-01 5.900930191662561164e-01 6.799382296836704587e-01 -4.352863801749630723e-01 -9.072739556738473876e-02 -6.649479388328118912e-01 4.147770764424406065e-01
1.584057353584083080e+09 7.739244716916205968e-01 -6.302404794815396061e-01 6.195038551667658711e-02 -2.457672021721878097e-01 -3.890674649729660151e-01 -8.878203591847646514e-01 5.836432083196356757e-01 6.718805294723070309e-01 -4.560012716191791937e-01 -9.808028586826685047e-02 -6.669048108122422880e-01 4.215510104801419855e-01
1.584057353584091902e+09 7.746193648048164127e-01 -6.294155512493136984e-01 6.165146908910601464e-02 -2.590045958895974554e-01 -4.046605309549187179e-01 -8.770213647011966263e-01 5.769588019430562653e-01 6.633897185627740667e-01 -4.764794039468761566e-01 -1.053350228783578035e-01 -6.685309821120239970e-01 4.285155552525217182e-01
1.584057353584101915e+09 7.751261820453888562e-01 -6.288598466229285977e-01 6.094830054287819765e-02 -2.724650611355591279e-01 -4.197479061551252499e-01 -8.657796982407152120e-01 5.700370097879564613e-01 6.544822295113330579e-01 -4.966999284737352860e-01 -1.124826294887069783e-01 -6.698457822979249077e-01 4.356544309541717785e-01
1.584057353584110975e+09 7.754397490089848244e-01 -6.285767616815648440e-01 5.987028024604080373e-02 -2.861233666559301891e-01 -4.343255015828909049e-01 -8.541046644734157089e-01 5.628735336360440877e-01 6.451764204551877491e-01 -5.166437571873269130e-01 -1.195157972270449592e-01 -6.708683513567506029e-01 4.429530219245944589e-01
1.584057353584120035e+09 7.755573160522925003e-01 -6.285656838603459473e-01 5.844681956171465798e-02 -2.999532763357535270e-01 -4.483914786003797004e-01 -8.420054121447272388e-01 5.554627635480687831e-01 6.354921424807152830e-01 -5.362936279471779422e-01 -1.264286511043417327e-01 -6.716173428325296069e-01 4.503982881461590648e-01
1.584057353584127903e+09 7.754784237098624189e-01 -6.288223207084215893e-01 5.670717296146599029e-02 -3.139276208060869378e-01 -4.619463501323544108e-01 -8.294908189012255573e-01 5.477980133300918153e-01 6.254502847881255878e-01 -5.556341224852832106e-01 -1.332165163539452135e-01 -6.721106990673030301e-01 4.579786582590786304e-01
1.584057353584136963e+09 7.752047528463031911e-01 -6.293390595512243779e-01 5.468033845562807194e-02 -3.280183605072470865e-01 -4.749930545555085537e-01 -8.165693806659451992e-01 5.398717870802006713e-01 6.150723099040925623e-01 -5.746516399733042624e-01 -1.398756949461104904e-01 -6.723654911149915536e-01 4.656839128013023354e-01
1.584057353584146023e+09 7.747399646305969112e-01 -6.301053477355497145e-01 5.239501966010769174e-02 -3.421966435769874804e-01 -4.875369962650595301e-01 -8.032491111383115445e-01 5.316760710027955694e-01 6.043797880403624090e-01 -5.933343303326131801e-01 -1.464032576632607052e-01 -6.723978155432015491e-01 4.735050640065746608e-01
1.584057353584155083e+09 7.740895358824487760e-01 -6.311080824486894336e-01 4.987964345474838607e-02 -3.564328600535582314e-01 -4.995860500786022951e-01 -7.895374563552389757e-01 5.232026441610185818e-01 5.933939391322251566e-01 -6.116719924632755268e-01 -1.527968565109236176e-01 -6.722227413556065567e-01 4.814342360235664975e-01
1.584057353584163904e+09 7.732605343467918724e-01 -6.323320815409021467e-01 4.716232396525255749e-02 -3.706967951299943720e-01 -5.111504266200739277e-01 -7.754412470287272985e-01 5.144434198679234127e-01 5.821351906426678324e-01 -6.296559280987942264e-01 -1.590545607354464930e-01 -6.718542997360131830e-01 4.894645482642385748e-01
1.584057353584172964e+09 7.722612852355453805e-01 -6.337606916556834946e-01 4.427068064072312015e-02 -3.849579617204128557e-01 -5.222423055472167341e-01 -7.609667155347815681e-01 5.053908142965585215e-01 5.706227827325111024e-01 -6.472787381578362087e-01 -1.651747173326488238e-01 -6.713055077611735921e-01 4.975900043539423501e-01
1.584057353584182024e+09 7.711010065566856753e-01 -6.353764165465637381e-01 4.123162754068102065e-02 -3.991859813490346021e-01 -5.328753589753593145e-01 -7.461195643047370263e-01 4.960380934164184130e-01 5.588744593002420435e-01 -6.645340840330166143e-01 -1.711558347803296409e-01 -6.705884167805949980e-01 5.058053887438853646e-01
1.584057353584191084e+09 7.697893287408910101e-01 -6.371616683501266643e-01 3.807095832614804803e-02 -4.133511636787133292e-01 -5.430640140062850119e-01 -7.309051185508522730e-01 4.863796921934753215e-01 5.469062856118314109e-01 -6.814163998613359530e-01 -1.769964884471773581e-01 -6.697141782390469977e-01 5.141061717062666014e-01
1.584057353584199905e+09 7.683356644975313232e-01 -6.390996694863788630e-01 3.481263060267037607e-02 -4.274253443312611145e-01 -5.528223884478257188e-01 -7.153285832406982570e-01 4.764114627275087277e-01 5.347326616717679171e-01 -6.979205534609194128e-01 -1.826952466529628838e-01 -6.686931219062725029e-01 5.224884222960353153e-01
1.584057353584208965e+09 7.667484803045113706e-01 -6.411754180959834404e-01 3.147779068014312093e-02 -4.413828999413049181e-01 -5.621629889264122548e-01 -6.993953886520318797e-01 4.661307796332184727e-01 5.223665928027657612e-01 -7.140414828440231343e-01 -1.882506154956575251e-01 -6.675348415417897696e-01 5.309487290098298118e-01
1.584057353584218025e+09 7.650345925995842844e-01 -6.433765441232802695e-01 2.808370922639332606e-02 -4.552017418127951021e-01 -5.710954015986098309e-01 -6.831115697091656447e-01 4.555364381754451464e-01 5.098202280321991742e-01 -7.297738614143145508e-01 -1.936609987619128948e-01 -6.662482824649453850e-01 5.394841285158182842e-01
1.584057353584230900e+09 7.631985909444509719e-01 -6.456939245618795731e-01 2.464278170625561898e-02 -4.688641202331638169e-01 -5.796251822348765792e-01 -6.664841221095725299e-01 4.446283253066929952e-01 4.971056266723033468e-01 -7.451118362270432449e-01 -1.989246693443501579e-01 -6.648418271125705603e-01 5.480920423986573864e-01
1.584057353584239960e+09 7.612423939030005249e-01 -6.481220602151016585e-01 2.116159051917169270e-02 -4.823572239380304882e-01 -5.877529797017113644e-01 -6.495213187521687859e-01 4.334068831524984233e-01 4.842357174773563866e-01 -7.600488430194208833e-01 -2.040397491881617287e-01 -6.633233762781189924e-01 5.567702214316104792e-01
1.584057353584252119e+09 7.591648957669719922e-01 -6.506592760992503388e-01 1.763994294383944977e-02 -4.956736288746658725e-01 -5.954738327126123387e-01 -6.322330016218481452e-01 4.218723916012982467e-01 4.712254462010772027e-01 -7.745774746770849317e-01 -2.090041973386736196e-01 -6.617004262249253088e-01 5.655166957932659111e-01
1.584057353584265947e+09 7.569617395657687320e-01 -6.533077077748721262e-01 1.406996522551385610e-02 -5.088115088715203793e-01 -6.027767234161783838e-01 -6.146308406633550492e-01 4.100241131851395382e-01 4.580930700597880545e-01 -7.886893976654379967e-01 -2.138158052847647095e-01 -6.599801413943593431e-01 5.743297301826452150e-01
1.584057353584280014e+09 7.546252615284761989e-01 -6.560730276536504979e-01 1.043538089341396191e-02 -5.217744994531809954e-01 -6.096444923570762953e-01 -5.967285520285290357e-01 3.978593803105013316e-01 4.448615239505718799e-01 -8.023753100807949901e-01 -2.184721985074226935e-01 -6.581694222517316950e-01 5.832077831457791461e-01
1.584057353584290028e+09 7.521446703250812549e-01 -6.589638495796351636e-01 6.711182809472060126e-03 -5.345710755564463401e-01 -6.160542603681397056e-01 -5.785420586333268611e-01 3.853727548691240345e-01 4.315597217041965417e-01 -8.156249423767713003e-01 -2.229708440963157345e-01 -6.562749684327378041e-01 5.921494697130375018e-01
1.584057353584300041e+09 7.495063373225627767e-01 -6.619909749381287511e-01 2.863483843474319904e-03 -5.472136452670277595e-01 -6.219781211113351027e-01 -5.600896744623882206e-01 3.725553339574815270e-01 4.182238230034546200e-01 -8.284270379654067318e-01 -2.273090647582330370e-01 -6.543033374118926160e-01 6.011535265031824338e-01
1.584057353584309101e+09 7.466942166485374122e-01 -6.651664631236944292e-01 -1.150341289031109847e-03 -5.597173195417763925e-01 -6.273841552607286598e-01 -5.413923199305196166e-01 3.593943087192436048e-01 4.048983801301854757e-01 -8.407693101250197643e-01 -2.314840600653194636e-01 -6.522609988895893274e-01 6.102187784919723690e-01
1.584057353584317923e+09 7.436904134680577538e-01 -6.685025152908260493e-01 -5.381086459796213459e-03 -5.720983384889306578e-01 -6.322378208157203305e-01 -5.224737593175309280e-01 3.458728959069334863e-01 3.916372366734210964e-01 -8.526383846318971171e-01 -2.354929360053186205e-01 -6.501543848257144154e-01 6.193441068125232762e-01
1.584057353584326982e+09 7.404759166941486948e-01 -6.720101732629402136e-01 -9.886554152631819165e-03 -5.843721659613703157e-01 -6.365037737846349630e-01 -5.033608226258118323e-01 3.319707646054137484e-01 3.785039935834422775e-01 -8.640197558555100521e-01 -2.393327433854005037e-01 -6.479899345129443988e-01 6.285284173583296496e-01
1.584057353584338903e+09 7.370314531494193133e-01 -6.756979134770819684e-01 -1.472979691349496877e-02 -5.965514036437099543e-01 -6.401480403536892183e-01 -4.840835768635928238e-01 3.176650122130865728e-01 3.655719030834431171e-01 -8.748977791213907729e-01 -2.430005247402940438e-01 -6.457741336273022936e-01 6.377706104120584030e-01
1.584057353584353924e+09 7.333384320050970739e-01 -6.795702134461700794e-01 -1.997671812315687800e-02 -6.086436798354531996e-01 -6.431404797464037593e-01 -4.646753645879271866e-01 3.029317006256027622e-01 3.529230064457489213e-01 -8.852557463791503878e-01 -2.464933687317658328e-01 -6.435135460782497319e-01 6.470695517958356957e-01
1.584057353584367990e+09 7.293798586345812129e-01 -6.836262682697745729e-01 -2.569333134648009442e-02 -6.206498447276054264e-01 -6.454572436929835177e-01 -4.451726821704750092e-01 2.877477926226352234e-01 3.406465500582879224e-01 -8.950760503969033000e-01 -2.498084697921437447e-01 -6.412148374216963820e-01 6.564240464132103936e-01
1.584057353584381104e+09 7.251411552582747166e-01 -6.878589673718671360e-01 -3.194285652133888737e-02 -6.325626779436575031e-01 -6.470830484824794393e-01 -4.256148340769724259e-01 2.720932992983320919e-01 3.288366912981710022e-01 -9.043404597566959691e-01 -2.529431900296071900e-01 -6.388847889533011415e-01 6.658328151553247753e-01
1.584057353584394932e+09 7.206108015589358651e-01 -6.922542528679139773e-01 -3.878301417906596799e-02 -6.443663197119137154e-01 -6.480129845007955858e-01 -4.060433697110374940e-01 2.559533527723269475e-01 3.175897061874269900e-01 -9.130304813905837369e-01 -2.558951198477741884e-01 -6.365303021409465245e-01 6.752944761233568016e-01
1.584057353584414959e+09 7.157807557239558305e-01 -6.967909091456382376e-01 -4.626379570654886447e-02 -6.560364884783620454e-01 -6.482536849961209047e-01 -3.865013399988786458e-01 2.393199440424009783e-01 3.070009592702143686e-01 -9.211277737700903634e-01 -2.586621329939969849e-01 -6.341583936990397019e-01 6.848075310830867846e-01
1.584057353584429979e+09 7.106466629623877651e-01 -7.014407662813003652e-01 -5.442583894681162632e-02 -6.675414022380395940e-01 -6.478237993969482300e-01 -3.670324255157480509e-01 2.221931520393163328e-01 2.971618691988970884e-01 -9.286145739223476969e-01 -2.612424329392788458e-01 -6.317761825275577392e-01 6.943703574540887047e-01
1.584057353584444046e+09 7.052078718211033381e-01 -7.061692648805850681e-01 -6.329950225320837842e-02 -6.788432523195524482e-01 -6.467537673906387230e-01 -3.476800300466316718e-01 2.045817596829390683e-01 2.881571340023603156e-01 -9.354740883362352433e-01 -2.636345878394125708e-01 -6.293908703037734975e-01 7.039812058351626600e-01
1.584057353584459066e+09 6.994672796267507042e-01 -7.109362918826038769e-01 -7.290482660088828948e-02 -6.899000535514249188e-01 -6.450848908936784865e-01 -3.284865290958377537e-01 1.865031928229043401e-01 2.800626226355921733e-01 -9.416907595857936242e-01 -2.658375526081171447e-01 -6.270097179756547456e-01 7.136382025677587837e-01
1.584057353584472895e+09 6.934310989077280274e-01 -7.156971444713839947e-01 -8.325207858706792918e-02 -7.006675685268743958e-01 -6.428679719068148835e-01 -3.094926966150500225e-01 1.679829442915446169e-01 2.729438921549468544e-01 -9.472504222128301787e-01 -2.678506786674787477e-01 -6.246400205007008877e-01 7.233393562837666657e-01
1.584057353584486961e+09 6.871086011377316449e-01 -7.204035232698019486e-01 -9.434264162585913327e-02 -7.111011050681890211e-01 -6.401617200763656257e-01 -2.907373224521893063e-01 1.490536437086552590e-01 2.668552716027481897e-01 -9.521403654582285547e-01 -2.696737133398887654e-01 -6.222890818240776056e-01 7.330825671506886465e-01
1.584057353584501982e+09 6.805118705094378440e-01 -7.250044765694199089e-01 -1.061701614201799870e-01 -7.211570703114287273e-01 -6.370310606259622643e-01 -2.722570621390706380e-01 1.297538983001000346e-01 2.618395251388543898e-01 -9.563493029071118423e-01 -2.713067913835540690e-01 -6.199641915275972970e-01 7.428656375934507006e-01
1.584057353584516048e+09 6.736555959029516538e-01 -7.294472504636384524e-01 -1.187217209512075045e-01 -7.307942043199473492e-01 -6.335455002561647397e-01 -2.540864620253116546e-01 1.101270590211945594e-01 2.579279125434993380e-01 -9.598672944851426303e-01 -2.727504205874898835e-01 -6.176726041102382769e-01 7.526862835959096110e-01
1.584057353584527969e+09 6.665569080809127245e-01 -7.336780257311956710e-01 -1.319789489832676743e-01 -7.399744854805113681e-01 -6.297776273482279530e-01 -2.362581238317279231e-01 9.022000451347350625e-02 2.551405393573507596e-01 -9.626856476451497446e-01 -2.740054629213727888e-01 -6.154215215387958127e-01 7.625421459159821280e-01
1.584057353584537029e+09 6.592352675784658445e-01 -7.376425231093600710e-01 -1.459190536137934535e-01 -7.486637268685503166e-01 -6.258017816315557535e-01 -2.188030034644457000e-01 7.008199582232113589e-02 2.534869589943887780e-01 -9.647968053954519840e-01 -2.750731132776862431e-01 -6.132180792685643089e-01 7.724308005744269234e-01
1.584057353584548950e+09 6.517124056332094240e-01 -7.412864781980323947e-01 -1.605157241844938909e-01 -7.568318964750191391e-01 -6.216929265337444166e-01 -2.017508010465713653e-01 4.976365046706716921e-02 2.529669197959547589e-01 -9.661942438252626442e-01 -2.759548771484643392e-01 -6.110693357141965265e-01 7.823497682469902070e-01
