1.584057355761388063e+09 6.228108791408121236e-01 -6.578135306905456003e-01 -4.235421677075024705e-01 -2.579509859167242181e-01 3.384349995263336019e-01 -9.049436668120481864e-01 7.386256818696552706e-01 6.728618803995103370e-01 4.109735077145101889e-02 1.096794563755913582e-01 -3.472353529254704751e-01 4.965472589080334731e-01
1.584057355761435032e+09 6.397945819234399645e-01 -6.439067842011133580e-01 -4.195794875395615908e-01 -2.605627861246523902e-01 3.318716966015515801e-01 -9.066246255341152693e-01 7.230283034956658250e-01 6.893803234910659272e-01 4.455156765896658988e-02 1.052855360825351444e-01 -3.542263295037898496e-01 4.874766088426579214e-01
1.584057355761454105e+09 6.560089551507921612e-01 -6.302906012107516442e-01 -4.151939413719764604e-01 -2.641704176639794177e-01 3.235640297180306102e-01 -9.085814818976823970e-01 7.070121932614801263e-01 7.057195454746756358e-01 4.575676966421624026e-02 1.009411774820001828e-01 -3.613194601804524120e-01 4.784615643486672121e-01
1.584057355761471987e+09 6.714437830050796752e-01 -6.169629980681816672e-01 -4.105117604234695405e-01 -2.684712716743747341e-01 3.138057226141522382e-01 -9.107409867161511130e-01 6.907144292524506346e-01 7.217219877783760396e-01 4.506606083016596875e-02 9.663825600547400196e-02 -3.685134177851828174e-01 4.695067431641398170e-01
1.584057355761490107e+09 6.861478993029296314e-01 -6.038707596281343015e-01 -4.056367415795202880e-01 -2.732055175693127169e-01 3.028779023977007379e-01 -9.130299675012201188e-01 6.742105054670459729e-01 7.372957900915871887e-01 4.283821302435695394e-02 9.236924855438978510e-02 -3.758082380095991160e-01 4.606175275059437579e-01
1.584057355761508942e+09 7.002089486600954205e-01 -5.909178515828806821e-01 -4.006538669126686325e-01 -2.781511645908569808e-01 2.910503371725504107e-01 -9.153805935334916599e-01 6.575251767700998062e-01 7.524000226631126775e-01 3.943156198305652893e-02 8.812690554931169873e-02 -3.832054436388977470e-01 4.518004499571634525e-01
1.584057355761523008e+09 7.137384469545007271e-01 -5.779715363620399060e-01 -3.956340893732070430e-01 -2.831161589823477653e-01 2.785875142791087722e-01 -9.177332060919600742e-01 6.406423886224470454e-01 7.670318769420352290e-01 3.520553838796657009e-02 8.390384990629559669e-02 -3.907080831211833805e-01 4.430635635735932221e-01
1.584057355761538029e+09 7.268602935469957727e-01 -5.648670230753694010e-01 -3.906396806421389423e-01 -2.879299270276073908e-01 2.657585936704112139e-01 -9.200373509644714787e-01 6.235146117213242745e-01 7.812154736991937520e-01 3.052724865703576596e-02 7.969211989537947072e-02 -3.983206670226457913e-01 4.344167792854163324e-01
1.584057355761548996e+09 7.397004308205458178e-01 -5.514122875326168405e-01 -3.857301673370483464e-01 -2.924362332804701925e-01 2.528506714151977919e-01 -9.222513689837310569e-01 6.060728688522449836e-01 7.949912121224131933e-01 2.578081821432050974e-02 7.548267891639508231e-02 -4.060489898367379280e-01 4.258721543681189825e-01
1.584057355761564016e+09 7.523753475445373873e-01 -5.373952963677824934e-01 -3.809693321628779272e-01 -2.964891182514847179e-01 2.401849876355191260e-01 -9.243405079521702650e-01 5.882393555553259157e-01 8.084042722554917182e-01 2.137740596301473256e-02 7.126492032893981532e-02 -4.138998294852503368e-01 4.174441171643911708e-01
1.584057355761576891e+09 7.649429392856986754e-01 -5.226378670325116937e-01 -3.764464899295411060e-01 -2.999448951573436273e-01 2.281686077795072043e-01 -9.262678589162559595e-01 5.699959296009173837e-01 8.214552614812375975e-01 1.777340524382864731e-02 6.702619926231144498e-02 -4.218805229479474228e-01 4.091496155335884732e-01
1.584057355761588097e+09 7.764186273053660381e-01 -5.090637391423351588e-01 -3.715214998668115443e-01 -3.039219027276398033e-01 2.139866636048192161e-01 -9.283540192243380229e-01 5.520920144943997077e-01 8.337048743650613547e-01 1.142761139681566611e-02 6.275469920103846078e-02 -4.299903253835346550e-01 4.009983963970653043e-01
1.584057355761598110e+09 7.867596411921236044e-01 -4.968571787923623528e-01 -3.662542983684218267e-01 -3.082220023403057785e-01 1.978579812181548436e-01 -9.305113737670821505e-01 5.347975920988388143e-01 8.449764277207940655e-01 2.524359774952220775e-03 5.843621768026622393e-02 -4.382362895465065633e-01 3.930101691777924122e-01
1.584057355761606932e+09 7.959744866098401594e-01 -4.861408306988664330e-01 -3.606822834479494477e-01 -3.126546421324234992e-01 1.800395872818902621e-01 -9.326482841525557399e-01 5.183355010674595142e-01 8.551332293825699704e-01 -8.687269402188573311e-03 5.405418461551703829e-02 -4.466250434870763231e-01 3.852073763910646154e-01
1.584057355761616945e+09 8.041171011774053135e-01 -4.769683285912338366e-01 -3.548195334455825356e-01 -3.170461013619850221e-01 1.608069214367184863e-01 -9.346779679641029626e-01 5.028692249983637286e-01 8.640846878614512061e-01 -2.191335354771726390e-02 4.958957486759251604e-02 -4.551621113999748669e-01 3.776150965636753121e-01
1.584057355761627913e+09 8.112778930260601262e-01 -4.693231528175592082e-01 -3.486602339186274935e-01 -3.212461581395583687e-01 1.404344108996823659e-01 -9.365250035552317165e-01 4.884967619246164960e-01 8.717877922546727332e-01 -3.683692679461540720e-02 4.502096070541818790e-02 -4.638511927915250355e-01 3.702608725437217529e-01
1.584057355761640072e+09 8.175732709967979961e-01 -4.631231892680807150e-01 -3.421854151090711338e-01 -3.251322659360104672e-01 1.191788715660910269e-01 -9.381286726179102198e-01 4.752504144553595378e-01 8.782444468345254052e-01 -5.313883208267688313e-02 4.032471502788723822e-02 -4.726934282266612719e-01 3.631744679001386311e-01
1.584057355761652946e+09 8.231350660258870411e-01 -4.582297325244327757e-01 -3.353716975368596365e-01 -3.286117188477439832e-01 9.726738599316678280e-02 -9.394431297456389274e-01 4.631015024309141914e-01 8.834956525729500409e-01 -7.051546384808524137e-02 3.547536898223022095e-02 -4.816866825963799226e-01 3.563875539846110829e-01
1.584057355761662960e+09 8.281008024986342697e-01 -4.544594387593725582e-01 -3.282006697483165203e-01 -3.316224196158858439e-01 7.489031174853300055e-02 -9.404350122058444672e-01 4.519686183208719843e-01 8.876136884886830503e-01 -8.869221144734454332e-02 3.044611918290219058e-02 -4.908248792964200469e-01 3.499333313937806889e-01
1.584057355761672020e+09 8.326052745609551220e-01 -4.515979664268437443e-01 -3.206676374254587292e-01 -3.341327388301623680e-01 5.219918902260899107e-02 -9.410794640600390615e-01 4.417281628460142939e-01 8.906932814662593678e-01 -1.074323452705717719e-01 2.520947140621739718e-02 -5.000974190900556726e-01 3.438460900184375224e-01
1.584057355761681080e+09 8.367735903265620667e-01 -4.494142464012397808e-01 -3.127887367908412375e-01 -3.361406963353926192e-01 2.930877721219188672e-02 -9.413556331237293850e-01 4.322260878683699126e-01 8.928425566555222570e-01 -1.265416069979284630e-01 1.973799989687564232e-02 -5.094887161037471301e-01 3.381607121378740199e-01
1.584057355761692047e+09 8.407157020935787095e-01 -4.476745334189289327e-01 -3.046056804806090423e-01 -3.376724558799606979e-01 6.302125285854633802e-03 -9.412425808075043365e-01 4.232899963699884860e-01 8.941743653285375570e-01 -1.458690634548183152e-01 1.400519653042154797e-02 -5.189778799385929009e-01 3.329121202317654737e-01
1.584057355761702061e+09 8.445223990403351033e-01 -4.461555633850581848e-01 -2.961876617607959172e-01 -3.387799635503353501e-01 -1.676255439014570289e-02 -9.407162979535567127e-01 4.147409481211609128e-01 8.947984299811931885e-01 -1.653049181528963019e-01 7.986378742604108988e-03 -5.285385702985684331e-01 3.281346717500541188e-01
1.584057355761712074e+09 8.482627554878456877e-01 -4.446562415040377081e-01 -2.876301874687001159e-01 -3.395375070892779346e-01 -3.984441229652550820e-02 -9.397482132234340479e-01 4.064044526861229079e-01 8.948146455922024733e-01 -1.847760027205303524e-01 1.659620290109789162e-03 -5.381390471467598635e-01 3.238615050687320140e-01
1.584057355761720896e+09 8.519830564694044206e-01 -4.430073237988451651e-01 -2.790508605061919334e-01 -3.400370278079995479e-01 -6.291293942365290548e-02 -9.383052711888979491e-01 3.981201972254270194e-01 8.943078180244860009e-01 -2.042396521056900338e-01 -4.993335594265286073e-03 -5.477424348246102692e-01 3.201238447280979060e-01
1.584057355761729956e+09 8.557072387249373691e-01 -4.410785023663598703e-01 -2.705824764163443086e-01 -3.403822180132213271e-01 -8.594219787385551368e-02 -9.363513680522418392e-01 3.897500063929767999e-01 8.933441070723094901e-01 -2.236766397875201429e-01 -1.198622550509773413e-02 -5.573072120546767039e-01 3.169502806522312421e-01
1.584057355761739969e+09 8.594388236741820064e-01 -4.387823202174431780e-01 -2.623642201706338217e-01 -3.406817489461548276e-01 -1.089067899191733385e-01 -9.338496973350605135e-01 3.811834919361278828e-01 8.919693867167634016e-01 -2.430838516773265734e-01 -1.932752759158644362e-02 -5.667879296071519635e-01 3.143660476768051493e-01
1.584057355761749029e+09 8.631641607872374555e-01 -4.360746175504907618e-01 -2.545320405376632622e-01 -3.410422096574087791e-01 -1.317797032077339670e-01 -9.307654490916427159e-01 3.723410304968192142e-01 8.902095472506429408e-01 -2.624673680729770475e-01 -2.701988507711199083e-02 -5.761361429357324537e-01 3.123923390911904074e-01
1.584057355761758089e+09 8.668566311786822798e-01 -4.329515793803515589e-01 -2.472094478235297710e-01 -3.415614948890288161e-01 -1.545318323820993600e-01 -9.270683136415008851e-01 3.631739616444794039e-01 8.880725437473399042e-01 -2.818365322955250774e-01 -3.505973597650675899e-02 -5.853015302810907761e-01 3.110456936203521150e-01
1.584057355761766911e+09 8.704813198983117895e-01 -4.294438865267535821e-01 -2.404999381132955638e-01 -3.423233942879366221e-01 -1.771327217217794625e-01 -9.227343565658071567e-01 3.536622197180800953e-01 8.855517757223427822e-01 -3.011994142920424444e-01 -4.343718400970368598e-02 -5.942331486436590593e-01 3.103374990341557504e-01
1.584057355761775970e+09 8.739996000309587787e-01 -4.256088711830475213e-01 -2.344819569084692634e-01 -3.433939761676806923e-01 -1.995519498936006719e-01 -9.177470221110530790e-01 3.438099424113419400e-01 8.826302217396673200e-01 -3.205598469579101772e-01 -5.213612945857794279e-02 -6.028807641120272898e-01 3.102736517125394000e-01
1.584057355761785030e+09 8.773731193679635831e-01 -4.215218267556211096e-01 -2.292068043901457353e-01 -3.448200348858594944e-01 -2.217606058617569431e-01 -9.120972411960440729e-01 3.336398554939148386e-01 8.792846999238059791e-01 -3.399159655218997877e-01 -6.113465747537268069e-02 -6.111961839736811397e-01 3.108543992855292148e-01
1.584057355761794090e+09 8.805668058207256621e-01 -4.172676107031158543e-01 -2.246994475836709415e-01 -3.466296160004950222e-01 -2.437324265980498061e-01 -9.057827629759074295e-01 3.231872677239953084e-01 8.754897175556747291e-01 -3.592599960281781524e-01 -7.040566008016969912e-02 -6.191345179745240124e-01 3.120743770220822944e-01
1.584057355761801958e+09 8.835507458086098165e-01 -4.129335005352642307e-01 -2.209615439762129263e-01 -3.488341414908000537e-01 -2.654443984720382677e-01 -8.988069944200965944e-01 3.124945144014225629e-01 8.712205207165933940e-01 -3.785788993883710263e-01 -7.991765140152007341e-02 -6.266553032515848054e-01 3.139228335675699477e-01
1.584057355761811972e+09 8.863009871789789829e-01 -4.086038369941381587e-01 -2.179758351718018849e-01 -3.514315705550426494e-01 -2.868768010713129701e-01 -8.911776211242065093e-01 3.016063851462844614e-01 8.664551954152248658e-01 -3.978554801529557428e-01 -8.963572475932007899e-02 -6.337234391951505064e-01 3.163840296537357433e-01
1.584057355761821032e+09 8.887994900330060677e-01 -4.043565736250100406e-01 -2.157109827591528473e-01 -3.544099356066180428e-01 -3.080128197227875453e-01 -8.829052613944623484e-01 2.905667983050838621e-01 8.611758615479880863e-01 -4.170696243082162025e-01 -9.952259452019947272e-02 -6.403098926321354467e-01 3.194377845768260338e-01
1.584057355761830091e+09 8.910334840889024832e-01 -4.002615385990557217e-01 -2.141262037918698902e-01 -3.577508087223719713e-01 -3.288378821555066889e-01 -8.740022919227747877e-01 2.794166947525208444e-01 8.553691298129274534e-01 -4.361994529655386366e-01 -1.095396639597098071e-01 -6.463921508420620299e-01 3.230601369321728367e-01
1.584057355761838913e+09 8.929945114859028088e-01 -3.963800265648316223e-01 -2.131752265065672280e-01 -3.614323326105685075e-01 -3.493388878943147202e-01 -8.644819318625114324e-01 2.681929745797589915e-01 8.490260397673938808e-01 -4.552222671330343751e-01 -1.196480634983466129e-01 -6.519544173965222678e-01 3.272240811221635570e-01
1.584057355761847973e+09 8.946774002205084564e-01 -3.927652535556573898e-01 -2.128093168393747348e-01 -3.654315907185340939e-01 -3.695034719190475880e-01 -8.543576165242423581e-01 2.569282044705529233e-01 8.421416983475178419e-01 -4.741152370075013001e-01 -1.298096107890606976e-01 -6.569875619581618809e-01 3.319003396855944588e-01
1.584057355761857033e+09 8.960793512409763739e-01 -3.894632201155844853e-01 -2.129793338715281759e-01 -3.697262269679712499e-01 -3.893194022603045368e-01 -8.436426496354960669e-01 2.456507960156553427e-01 8.347148036640488211e-01 -4.928558443112411869e-01 -1.399876540627104093e-01 -6.614888498241991988e-01 3.370581322694385928e-01
1.584057355761866093e+09 8.971992481578960899e-01 -3.865136111408716824e-01 -2.136369296431641362e-01 -3.742953404485391822e-01 -4.087741676534892288e-01 -8.323500934979236598e-01 2.343853822951782184e-01 8.267471853689509764e-01 -5.114221195467044678e-01 -1.501477720013937867e-01 -6.654614854844456140e-01 3.426659082148472701e-01
1.584057355761874914e+09 8.980372020416302892e-01 -3.839505225270219979e-01 -2.147351396490014552e-01 -3.791198150775447195e-01 -4.278547551324374809e-01 -8.204928241577882364e-01 2.231531979913300989e-01 8.182434265018780906e-01 -5.297927382698737198e-01 -1.602583150690875258e-01 -6.689140117664112983e-01 3.486920149861948426e-01
1.584057355761883974e+09 8.985942996483891054e-01 -3.818029289226554934e-01 -2.162286019589272634e-01 -3.841822559544587623e-01 -4.465475964330400949e-01 -8.080836828558725093e-01 2.119723544636056001e-01 8.092105831215407052e-01 -5.479470352306277103e-01 -1.702907841459877503e-01 -6.718596065145794327e-01 3.551052838463066852e-01
1.584057355761893988e+09 8.988724984589319122e-01 -3.800949036391765845e-01 -2.180736021194039920e-01 -3.894666940307702774e-01 -4.648386502873939063e-01 -7.951356636499391506e-01 2.008579746023892998e-01 7.996579854378826901e-01 -5.658649844926226802e-01 -1.802200507307036847e-01 -6.743153156612825549e-01 3.618755230849628468e-01
1.584057355761904001e+09 8.988746183250364563e-01 -3.788456401255582695e-01 -2.202280674402913307e-01 -3.949581686280775328e-01 -4.827135936255955162e-01 -7.816620956214463956e-01 1.898221951463701096e-01 7.895970920241482949e-01 -5.835271774370112130e-01 -1.900244298116092467e-01 -6.763012602900043690e-01 3.689739142014555884e-01
1.584057355761913061e+09 8.986043526101890055e-01 -3.780694059239361193e-01 -2.226516157003013974e-01 -4.006423266207600475e-01 -5.001580691479975416e-01 -7.676767758336472403e-01 1.788741004000897195e-01 7.790413534687858910e-01 -6.009148243323372274e-01 -1.996856231294508732e-01 -6.778398550316372395e-01 3.763733095531450745e-01
1.584057355761921883e+09 8.980662730655071258e-01 -3.777754985629400708e-01 -2.253056636380048328e-01 -4.065050691383784165e-01 -5.171579667694512494e-01 -7.531940429530641357e-01 1.680196362032560509e-01 7.680060613916290801e-01 -6.180097829538183651e-01 -2.091885551992757331e-01 -6.789550692132304555e-01 3.840484356811668665e-01
1.584057355761930943e+09 8.972658541349175509e-01 -3.779681824856221395e-01 -2.281535452971571731e-01 -4.125321868393285740e-01 -5.336997541032738601e-01 -7.382288042740944300e-01 1.572615084081119829e-01 7.565081795580895774e-01 -6.347946065820767592e-01 -2.185211267723886630e-01 -6.796717549409848624e-01 3.919760110404630349e-01
1.584057355761940956e+09 8.962094620188252314e-01 -3.786467295730511773e-01 -2.311606683049048094e-01 -4.187090771244564302e-01 -5.497707999010281732e-01 -7.227964972784959308e-01 1.465991443429700003e-01 7.445661300363030088e-01 -6.512526154968250047e-01 -2.276739115033836192e-01 -6.800150604802216447e-01 4.001347888075807990e-01
1.584057355761949062e+09 8.949042887595657358e-01 -3.798056260502962189e-01 -2.342946874768779830e-01 -4.250205741123426195e-01 -5.653596515697285607e-01 -7.069129904920852248e-01 1.360287680618852413e-01 7.321995295222603062e-01 -6.673679821041235138e-01 -2.366398200128695395e-01 -6.800099387875347956e-01 4.085055378808544191e-01
1.584057355761960983e+09 8.933582658627011730e-01 -3.814348957596178091e-01 -2.375256392713140097e-01 -4.314508313985523924e-01 -5.804562739596211829e-01 -6.905944499304235151e-01 1.255435745018496640e-01 7.194288947147939872e-01 -6.831258132010030737e-01 -2.454137519581217064e-01 -6.796807529234837331e-01 4.170709763733326803e-01
1.584057355761971951e+09 8.915799830269853787e-01 -3.835204922199892952e-01 -2.408260079653926078e-01 -4.379832191101908911e-01 -5.950522555892092669e-01 -6.738571904078504149e-01 1.151339821288633047e-01 7.062753325693592599e-01 -6.985122197026869539e-01 -2.539922524089465172e-01 -6.790509741268900834e-01 4.258156713574651753e-01
1.584057355761980057e+09 8.895786287688894900e-01 -3.860447203209692590e-01 -2.441707135378370086e-01 -4.446002139520842666e-01 -6.091409870243056357e-01 -6.567175251575888550e-01 1.047879439047277594e-01 6.927602269670301016e-01 -7.135143692005030402e-01 -2.623731850062362425e-01 -6.781429651627978172e-01 4.347259165956877669e-01
1.584057355761989117e+09 8.873639606193897134e-01 -3.889866621290683502e-01 -2.475370240573429581e-01 -4.512832763640623468e-01 -6.227178127782133643e-01 -6.391916225132554530e-01 9.449130152216198009e-02 6.789049289555008082e-01 -7.281205200290384871e-01 -2.705554299563337484e-01 -6.769778383997093751e-01 4.437895984572972630e-01
1.584057355761997938e+09 8.849463028842036172e-01 -3.923225987459575403e-01 -2.509044035572257636e-01 -4.580127241820323158e-01 -6.357801518964663057e-01 -6.212953750915523043e-01 8.422817636236366867e-02 6.647304545385407382e-01 -7.423200370638251000e-01 -2.785386122814667575e-01 -6.755753781140800829e-01 4.529960574290349817e-01
1.584057355762006998e+09 8.823365702294672097e-01 -3.960264192465608457e-01 -2.542543063431909611e-01 -4.647676097802022066e-01 -6.483275850230524329e-01 -6.030442865707852373e-01 7.398138906745617416e-02 6.502571937147999526e-01 -7.561033900232070337e-01 -2.863228646865187410e-01 -6.739540179618386251e-01 4.623359496896527476e-01
1.584057355762016058e+09 8.795462502371153013e-01 -4.000701305083604886e-01 -2.575699605320123098e-01 -4.715257181839449530e-01 -6.603618334696329528e-01 -5.844533738084096708e-01 6.373296617509670303e-02 6.355046339643980469e-01 -7.694621300253077223e-01 -2.939086274732208848e-01 -6.721308642522413335e-01 4.718011118744870336e-01
1.584057355762025118e+09 8.765872839056507715e-01 -4.044245579669961677e-01 -2.608361761867457052e-01 -4.782637896138957623e-01 -6.718865568865783899e-01 -5.655370919643970540e-01 5.346476812541103851e-02 6.204911214550568044e-01 -7.823888336853518366e-01 -3.012964847708421989e-01 -6.701217543186031023e-01 4.813844319419803286e-01
1.584057355762039900e+09 8.734719137121795818e-01 -4.090600716854938534e-01 -2.640391522260488455e-01 -4.849578396145296511e-01 -6.829070510296011420e-01 -5.463093021528691029e-01 4.315912352160479470e-02 6.052336884383447968e-01 -7.948770173724652999e-01 -3.084870336959612547e-01 -6.679413392024943219e-01 4.910797286248922977e-01
1.584057355762053967e+09 8.702123882601945359e-01 -4.139475060471016210e-01 -2.671663559572619584e-01 -4.915837571884240087e-01 -6.934297287093298401e-01 -5.267832772392370133e-01 3.279953013254528760e-02 5.897479748089163865e-01 -8.069210105968546154e-01 -3.154807831157719344e-01 -6.656031824026547028e-01 5.008816403530340633e-01
1.584057355762063980e+09 8.668204584785561551e-01 -4.190593329795229693e-01 -2.702065291686937543e-01 -4.981182724504133463e-01 -7.034613216804521674e-01 -5.069717504150502707e-01 2.237140145664365254e-02 5.740482946162995814e-01 -8.185157763633923445e-01 -3.222780797322557511e-01 -6.631198689366210042e-01 5.107855231588932510e-01
1.584057355762074947e+09 8.633066879504767144e-01 -4.243709808544810502e-01 -2.731498368079192107e-01 -5.045402245239188899e-01 -7.130078553790342166e-01 -4.868870096577200823e-01 1.186273853835130912e-02 5.581478916772758536e-01 -8.296566800558925481e-01 -3.288790582038577104e-01 -6.605031192166626042e-01 5.207873572815412411e-01
1.584057355762085915e+09 8.596796863698287217e-01 -4.298620589559311034e-01 -2.759881289346510780e-01 -5.108319077024734423e-01 -7.220735620261072851e-01 -4.665410306331848056e-01 1.264556702984025172e-03 5.420593892724364649e-01 -8.403392289478821553e-01 -3.352836097915431468e-01 -6.577639019507887097e-01 5.308836630132722778e-01
1.584057355762096882e+09 8.559453695807505147e-01 -4.355172989493889535e-01 -2.787152791088243764e-01 -5.169802875415575594e-01 -7.306598912727746420e-01 -4.459456309316178757e-01 -9.429038843552511526e-03 5.257954029890111736e-01 -8.505588090972269200e-01 -3.414913644675430238e-01 -6.549125421728455576e-01 5.410714258196012150e-01
1.584057355762111902e+09 8.521062521185053251e-01 -4.413272187781297484e-01 -2.813276048768126314e-01 -5.229780509971236890e-01 -7.387646504492384469e-01 -4.251126316520805193e-01 -2.022111425933532936e-02 5.093692937481762995e-01 -8.603104262040405237e-01 -3.475016824595269505e-01 -6.519588222952211742e-01 5.513480302305701075e-01
1.584057355762121916e+09 8.481607243856174039e-01 -4.472886032640824849e-01 -2.838244020505285015e-01 -5.288245470394180581e-01 -7.463812309207918938e-01 -4.040540270137286671e-01 -3.111244515669486094e-02 4.927960670690191836e-01 -8.695884384859664529e-01 -3.533136547144161144e-01 -6.489120765173027605e-01 5.617112006129378887e-01
1.584057355762135983e+09 8.441023696851087665e-01 -4.534047340617778366e-01 -2.862085547672562069e-01 -5.345265047408976899e-01 -7.534979909247315755e-01 -3.827821750946160950e-01 -4.210232067510046028e-02 4.760933994505971434e-01 -8.783862874067013271e-01 -3.589261112370448759e-01 -6.457812784370957626e-01 5.721589475884568676e-01
1.584057355762150049e+09 8.399194062105944658e-01 -4.596852775929662904e-01 -2.884871519404788587e-01 -5.400983803738453881e-01 -7.600978896710151034e-01 -3.613100300344726512e-01 -5.318957390830883480e-02 4.592827493798283811e-01 -8.866962420470390072e-01 -3.643376358940567661e-01 -6.425751215588140219e-01 5.826895193042427312e-01
1.584057355762171984e+09 8.355943892594817068e-01 -4.661456978612772417e-01 -2.906719890238921855e-01 -5.455621279083676667e-01 -7.661585130195807114e-01 -3.396514355747846658e-01 -6.437376339587036478e-02 4.423904626993737654e-01 -8.945091935858844323e-01 -3.695465875270509959e-01 -6.393020929267373420e-01 5.933013564761298042e-01
1.584057355762185097e+09 8.311040436242459473e-01 -4.728064369784110155e-01 -2.927800232645946243e-01 -5.509466299289861313e-01 -7.716523169575590924e-01 -3.178215110281506495e-01 -7.565632706097855098e-02 4.254489100686384417e-01 -9.018144739400851817e-01 -3.745511277794123517e-01 -6.359705400881681125e-01 6.039930501797113882e-01
1.584057355762200117e+09 8.264192964344148074e-01 -4.796918094664671672e-01 -2.948337067081074347e-01 -5.562867096352779317e-01 -7.765471517526563172e-01 -2.958371476949542278e-01 -8.704161847375792294e-02 4.084976000259567530e-01 -9.085997291091852945e-01 -3.793492566585223158e-01 -6.325887314487952384e-01 6.147633013973925475e-01
1.584057355762214899e+09 8.215055945044102970e-01 -4.868285580240684918e-01 -2.968611013416385114e-01 -5.616216489397337641e-01 -7.808071417544811821e-01 -2.737176117748092441e-01 -9.853771776443287500e-02 3.915841706037302972e-01 -9.148508926711218514e-01 -3.839388570579402304e-01 -6.291649097187173023e-01 6.256108815257482858e-01
1.584057355762229919e+09 8.163236046491456621e-01 -4.942440280028502775e-01 -2.988956565019841305e-01 -5.669931487583971252e-01 -7.843940063376685368e-01 -2.514852127876963661e-01 -1.101568969028938333e-01 3.747651048241281702e-01 -9.205523203933976273e-01 -3.883177487591978894e-01 -6.257073376162913814e-01 6.365345935474420180e-01
1.584057355762245893e+09 8.108303000814179873e-01 -5.019640535375028412e-01 -3.009756030406543492e-01 -5.724428398900627268e-01 -7.872687959559080406e-01 -2.291659620035834399e-01 -1.219156253713209043e-01 3.581060346573342601e-01 -9.256871223815869021e-01 -3.924837512834695730e-01 -6.222243346410856191e-01 6.475332341430377614e-01
1.584057355762263060e+09 8.049804545577040615e-01 -5.100106386160500049e-01 -3.031428977860606278e-01 -5.780094431226889817e-01 -7.893940330962878615e-01 -2.067900972998196196e-01 -1.338340450778471580e-01 3.416814440339046022e-01 -9.302377327822117792e-01 -3.964347541609060666e-01 -6.187243037268189694e-01 6.586055573667867202e-01
1.584057355762278080e+09 7.987283618082712255e-01 -5.183997291775525040e-01 -3.054418521279044230e-01 -5.837259642465101317e-01 -7.907360224705184404e-01 -1.843923577599652641e-01 -1.459349268956739165e-01 3.255737454739482395e-01 -9.341866696120226798e-01 -4.001687917214681312e-01 -6.152157467701291349e-01 6.697502410001765494e-01
1.584057355762291908e+09 7.920296701325809652e-01 -5.271392597684012582e-01 -3.079175257111974040e-01 -5.896171699758427920e-01 -7.912671739316964326e-01 -1.620118899837845738e-01 -1.582422025868512883e-01 3.098716838531778150e-01 -9.375174372656976951e-01 -4.036841187172170997e-01 -6.117072686035984752e-01 6.809658568450224214e-01
1.584057355762315035e+09 7.848431165440099555e-01 -5.362277194560031157e-01 -3.106140941749239714e-01 -5.956976840092245151e-01 -7.909680701400682024e-01 -1.396917372403806423e-01 -1.707792489134799530e-01 2.946681949079528740e-01 -9.402154558190476408e-01 -4.069792825289046401e-01 -6.082075697420208371e-01 6.922508462134030482e-01
1.584057355762329102e+09 7.771319961278201349e-01 -5.456533701151651261e-01 -3.135733733529702527e-01 -6.019709022537880205e-01 -7.898290751185202963e-01 -1.174779345472000969e-01 -1.835671365300697577e-01 2.800579082319796798e-01 -9.422688972547390573e-01 -4.100531869685671849e-01 -6.047254291490443689e-01 7.036035018542396990e-01
1.584057355762343884e+09 7.688652890498440806e-01 -5.553941258156086525e-01 -3.168336038103036767e-01 -6.084287545935520569e-01 -7.878513824548686317e-01 -9.541828921116024542e-02 -1.966230354194639651e-01 2.661344854710800956e-01 -9.436693371601425628e-01 -4.129051442725784615e-01 -6.012696791195568657e-01 7.150219567840202517e-01
1.584057355762358904e+09 7.600183889698475248e-01 -5.654180479252829405e-01 -3.204285875318382271e-01 -6.150522701758205368e-01 -7.850474420327008263e-01 -7.356098747145753403e-02 -2.099589330289370892e-01 2.529880333562772865e-01 -9.444121461155911001e-01 -4.155349123997015282e-01 -5.978491749734156091e-01 7.265041801182962056e-01
1.584057355762372971e+09 7.505733290763725307e-01 -5.756843925964597597e-01 -3.243873579529037432e-01 -6.218129176055108287e-01 -7.814406913363303175e-01 -5.195326352610968312e-02 -2.235807982754158540e-01 2.407029834207719543e-01 -9.444965329346902694e-01 -4.179427163485558983e-01 -5.944727625393975146e-01 7.380479793600717153e-01
1.584057355762389898e+09 7.405186768800711139e-01 -5.861449488076180270e-01 -3.287342214901153303e-01 -6.286743651522564980e-01 -7.770648096227321666e-01 -3.064024175308119324e-02 -2.374881722771368386e-01 2.293564492579831804e-01 -9.439253082331345857e-01 -4.201292546233076908e-01 -5.911492461000635856e-01 7.496510078684550660e-01
1.584057355762406111e+09 7.298492239423496342e-01 -5.967454814139572239e-01 -3.334890416826061799e-01 -6.355944017895454046e-01 -7.719626695820136497e-01 -9.664023690664168970e-03 -2.516741283961271836e-01 2.190170481189974427e-01 -9.427044425693947849e-01 -4.220956935540572386e-01 -5.878873587627759800e-01 7.613107759041832789e-01
1.584057355762422085e+09 7.185655236883919939e-01 -6.074271608261637700e-01 -3.386677319389926333e-01 -6.425268735486319160e-01 -7.661850957620642832e-01 1.093690852981545232e-02 -2.661255438957459973e-01 2.097442335458508667e-01 -9.408424691154412267e-01 -4.238436527001792076e-01 -5.846957364421655479e-01 7.730246637089744910e-01
1.584057355762438059e+09 7.066733964683219460e-01 -6.181278658205456855e-01 -3.442828087774233992e-01 -6.494234573512270847e-01 -7.597895896151918294e-01 3.112800543963536309e-02 -2.808235815342033370e-01 2.015879986299862758e-01 -9.383498255839568536e-01 -4.253751837813599113e-01 -5.815828962006653891e-01 7.847899354821239459e-01
1.584057355762453079e+09 6.941834524544918672e-01 -6.287833146008248164e-01 -3.503439421733606229e-01 -6.562352016353139028e-01 -7.528391041429022268e-01 5.087871437314439582e-02 -2.957443062057782401e-01 1.945888659102206208e-01 -9.352381936819197383e-01 -4.266927450222035012e-01 -5.785572193976327160e-01 7.966037534076975124e-01
1.584057355762466908e+09 6.811106420551964469e-01 -6.393280059166661644e-01 -3.568585074359104659e-01 -6.629138223313185696e-01 -7.454009085984752980e-01 7.016231033069719736e-02 -3.108593856099149955e-01 1.887781409346086514e-01 -9.315198635532588867e-01 -4.277991733476769198e-01 -5.756269394637248960e-01 8.084631908980881576e-01
1.584057355762481928e+09 6.674738671782687316e-01 -6.496959611329498063e-01 -3.638320971564054651e-01 -6.694127365134990848e-01 -7.375455910055314090e-01 8.895554816931025566e-02 -3.261368194617856320e-01 1.841783360214571674e-01 -9.272071590763849569e-01 -4.286976560049445273e-01 -5.728001339995606456e-01 8.203652445654959768e-01
