1.584057357890566111e+09 8.789914772226791184e-01 -3.639632680819117616e-01 -3.080661011059246945e-01 -4.538896056133455148e-01 -4.406242007035096608e-01 -7.744898578311251169e-01 1.461444802007031418e-01 8.205979853300228166e-01 -5.525040612702508680e-01 -2.259838487978106381e-01 -7.007132268923547125e-01 3.485736036502193880e-01
1.584057357890613079e+09 8.774806035131177406e-01 -3.616253128425473418e-01 -3.150474944566831192e-01 -4.612792799738547611e-01 -4.564474888813785380e-01 -7.608397439500721449e-01 1.313362727182656176e-01 8.129469990660983525e-01 -5.673340819300893845e-01 -2.404646496228106944e-01 -7.030245137219637286e-01 3.566020237953704819e-01
1.584057357890640974e+09 8.756841951965480542e-01 -3.597524727739528916e-01 -3.221107710242865352e-01 -4.685938233360352756e-01 -4.720048809717527494e-01 -7.467470932553497143e-01 1.166062572115218049e-01 8.048537450721582331e-01 -5.819050009802386736e-01 -2.548270013395680378e-01 -7.046839220555930483e-01 3.649960923313466665e-01
1.584057357890662909e+09 8.736647534417816274e-01 -3.582348999958004376e-01 -3.292076171851536226e-01 -4.757406649881646965e-01 -4.873239329973266254e-01 -7.322473654598351533e-01 1.018858109725794547e-01 7.963561646889710799e-01 -5.961846533002080895e-01 -2.690490471554337071e-01 -7.057242521711007965e-01 3.737220476163416460e-01
1.584057357890682936e+09 8.714777464441968435e-01 -3.569645369651222033e-01 -3.363076820361777242e-01 -4.826375631123994148e-01 -5.024292177971826368e-01 -7.173742844563110177e-01 8.710637367257995090e-02 7.874904448557230596e-01 -6.101403766979027754e-01 -2.831128655797250926e-01 -7.061802232067957430e-01 3.827493546028252758e-01
1.584057357890702009e+09 8.691757850448574851e-01 -3.558283860134707210e-01 -3.433942553306603140e-01 -4.892046087325613857e-01 -5.173449298605219404e-01 -7.021631395698550993e-01 7.219629974993795052e-02 7.782932503512997036e-01 -6.237365718922184277e-01 -2.970041853284773881e-01 -7.060875509964400498e-01 3.920506350109577154e-01
1.584057357890722036e+09 8.668122890182515805e-01 -3.547010777203383758e-01 -3.504619826274910088e-01 -4.953570821517545020e-01 -5.320969445557783839e-01 -6.866543548187201695e-01 5.707728955561394701e-02 7.688042581493245153e-01 -6.369318613719826550e-01 -3.107120383652852702e-01 -7.054821627895336844e-01 4.016015218777219675e-01
1.584057357890741110e+09 8.644447535173512831e-01 -3.534367731071462182e-01 -3.575160356251754212e-01 -5.009986357080545849e-01 -5.467140875164039349e-01 -6.708979607755981567e-01 4.166095717265227288e-02 7.590692683938153884e-01 -6.496754657500600771e-01 -3.242283775489641084e-01 -7.043995496283276259e-01 4.113804632020661711e-01
1.584057357890759945e+09 8.621376314953723696e-01 -3.518603283540118198e-01 -3.645723712632440439e-01 -5.060145087961838151e-01 -5.612280985741032735e-01 -6.549597991564006794e-01 2.584611129674667038e-02 7.491443992973558785e-01 -6.619022948375251625e-01 -3.375476808077941815e-01 -7.028742506469817242e-01 4.213684957014072197e-01
1.584057357890779972e+09 8.599646394628975843e-01 -3.497577461233660756e-01 -3.716589002025784128e-01 -5.102648676427684604e-01 -5.756713093791738789e-01 -6.389305976941969112e-01 9.517560082818997749e-03 7.391022005691380015e-01 -6.735260600400321263e-01 -3.506665582160274908e-01 -7.009394572943380419e-01 4.315490064756197786e-01
1.584057357890799999e+09 8.579841451334887514e-01 -3.468303067254144278e-01 -3.789088877764020813e-01 -5.136189193248823504e-01 -5.902525479213097670e-01 -6.227339204239881187e-01 -7.668939784433875979e-03 7.289106037844641506e-01 -6.845659350583198632e-01 -3.635833743337685831e-01 -6.986267243945545324e-01 4.419074956169821711e-01
1.584057357890820980e+09 8.557500527351057373e-01 -3.443631596966521546e-01 -3.861422816621360998e-01 -5.167990558932321621e-01 -6.045625243572738672e-01 -6.061541802489796016e-01 -2.470998376167159866e-02 7.182744382791207416e-01 -6.953209679036240765e-01 -3.762940178857086537e-01 -6.959610313551602978e-01 4.524348310107149662e-01
1.584057357890839100e+09 8.532785487239217259e-01 -3.423321029292984430e-01 -3.933502889171948125e-01 -5.197919787189972940e-01 -6.185884009655313598e-01 -5.892068306740718686e-01 -4.161751280792430618e-02 7.072178743442021354e-01 -7.057696941813752511e-01 -3.887948984382278983e-01 -6.929669375151724653e-01 4.631238233329965648e-01
1.584057357890857935e+09 8.505851298708064778e-01 -3.407111828535318576e-01 -4.005256882159357046e-01 -5.225838136448243132e-01 -6.323190652995610561e-01 -5.719079975291558871e-01 -5.840457845135388348e-02 6.957646799259934456e-01 -7.158913435518835522e-01 -4.010830269649811597e-01 -6.896671233533814283e-01 4.739683746461847980e-01
1.584057357890876055e+09 8.476845492687028472e-01 -3.394733927443565058e-01 -4.076625083931441629e-01 -5.251601559033942657e-01 -6.457451718627572612e-01 -5.542742858280084173e-01 -7.508472419457244695e-02 6.839378545804151166e-01 -7.256661047986776580e-01 -4.131558026261302197e-01 -6.860825023360501707e-01 4.849633621120422733e-01
1.584057357890894890e+09 8.445906823533504415e-01 -3.385916399452802428e-01 -4.147556881354442782e-01 -5.275063682888324612e-01 -6.588590192947328950e-01 -5.363225003404177293e-01 -9.167121097273760177e-02 6.717592532632429281e-01 -7.350754349882218097e-01 -4.250108390261116975e-01 -6.822323574645132727e-01 4.961045319698242362e-01
1.584057357890913963e+09 8.413162628742815174e-01 -3.380400701896526527e-01 -4.218007313519805956e-01 -5.296082358396210221e-01 -6.716542075708966664e-01 -5.180692446438440735e-01 -1.081760721167578376e-01 6.592492219853134383e-01 -7.441024130603732800e-01 -4.366458275838758785e-01 -6.781344945321631235e-01 5.073884023175818658e-01
1.584057357890933037e+09 8.378724994734914056e-01 -3.377956447984282184e-01 -4.287933968485246328e-01 -5.314529560367960981e-01 -6.841250692465853378e-01 -4.995304249100290250e-01 -1.246091103022931579e-01 6.464263239313567944e-01 -7.527320756732671647e-01 -4.480584343212326570e-01 -6.738054042287633383e-01 5.188121737605018158e-01
1.584057357890952110e+09 8.342686403642733950e-01 -3.378396994167573442e-01 -4.357294727263463230e-01 -5.330303084861360841e-01 -6.962659412880091159e-01 -4.807207396193610149e-01 -1.409770412675817874e-01 6.333072530661680855e-01 -7.609516393558429792e-01 -4.592462236167736966e-01 -6.692604242978614781e-01 5.303736484710608323e-01
1.584057357890969992e+09 8.305115450294878743e-01 -3.381592537160225120e-01 -4.426046688621729785e-01 -5.343338380725128900e-01 -7.080703688842219234e-01 -4.616532275004125996e-01 -1.572829402327591553e-01 6.199069866668098783e-01 -7.687505479559255672e-01 -4.702066027006510107e-01 -6.645138956638008132e-01 5.420711578487175109e-01
1.584057357890988111e+09 8.266052503395575624e-01 -3.387480620070736914e-01 -4.494146312673489296e-01 -5.353620165111251383e-01 -7.195302809747530226e-01 -4.423388817413896335e-01 -1.735259969379929768e-01 6.062391652877728854e-01 -7.761203535837609691e-01 -4.809367816832861853e-01 -6.595793091200319314e-01 5.539034984463884204e-01
1.584057357891005039e+09 8.225504820166772424e-01 -3.396075063050324472e-01 -4.561550683649665539e-01 -5.361194278147480841e-01 -7.306351302857170271e-01 -4.227863121893241649e-01 -1.897015125906514332e-01 5.923166790945921800e-01 -7.830544605430039828e-01 -4.914337479621903038e-01 -6.544694433059831118e-01 5.658698738240284243e-01
1.584057357891022921e+09 8.183441440905152575e-01 -3.407472393732707272e-01 -4.628219753770287936e-01 -5.366178753840183946e-01 -7.413710512987012891e-01 -4.030015141128985290e-01 -2.058011610195765451e-01 5.781524742088119950e-01 -7.895477180502427084e-01 -5.016942533562755990e-01 -6.491964938312687616e-01 5.779698408600032478e-01
1.584057357891041040e+09 8.139788464768535903e-01 -3.421854480172484281e-01 -4.694119266199824336e-01 -5.368772645354072948e-01 -7.517201137093096897e-01 -3.829878245225674660e-01 -2.218135265028107761e-01 5.637605786911122907e-01 -7.955958583121025551e-01 -5.117148119483381219e-01 -6.437721930506470347e-01 5.902032596757310623e-01
1.584057357891057968e+09 8.094425771468529707e-01 -3.439485408900017638e-01 -4.759223841354153217e-01 -5.369260406409049891e-01 -7.616597936712498074e-01 -3.627461727558797810e-01 -2.377249280377907448e-01 5.491573182598719072e-01 -8.011947945288804274e-01 -5.214917081555623390e-01 -6.382079209822089094e-01 6.025702458194187594e-01
1.584057357891076088e+09 8.047184224164789512e-01 -3.460705467953470449e-01 -4.823519850316166924e-01 -5.368013728843996635e-01 -7.711625791957278375e-01 -3.422755655612955139e-01 -2.535203086947456219e-01 5.343626608971290270e-01 -8.063398787777911192e-01 -5.310210153132619570e-01 -6.325148079097545617e-01 6.150711233092207575e-01
1.584057357891093969e+09 7.997843996725173543e-01 -3.485921353535794687e-01 -4.887007646911767922e-01 -5.365489789122380726e-01 -7.801957732542892376e-01 -3.215738622572809069e-01 -2.691841516456829897e-01 5.194016546333964923e-01 -8.110251624062018161e-01 -5.402986259094875177e-01 -6.267038291225152102e-01 6.277063770279076582e-01
1.584057357891113043e+09 7.946134836620092345e-01 -3.515591615773487888e-01 -4.949702695043365908e-01 -5.362224681528907633e-01 -7.887215797428015485e-01 -3.006388773241576162e-01 -2.847013812047903825e-01 5.043058851800517051e-01 -8.152427234277970225e-01 -5.493202949735412899e-01 -6.207858917532842469e-01 6.404766031014362815e-01
1.584057357891130924e+09 7.891739267548173453e-01 -3.550206308302613634e-01 -5.011635114559955806e-01 -5.358820621834485820e-01 -7.966975835090893687e-01 -2.794698125441818504e-01 -3.000582093373264647e-01 4.891148253548480707e-01 -8.189821481671599734e-01 -5.580816973630067235e-01 -6.147719127472451861e-01 6.533824565819770225e-01
1.584057357891148090e+09 7.834299003539458850e-01 -3.590261527780393980e-01 -5.072847455349358547e-01 -5.355927015447199402e-01 -8.040776647743341776e-01 -2.580689197206245122e-01 -3.152428421309733664e-01 4.738769153448686433e-01 -8.222302718688607737e-01 -5.665784983325528046e-01 -6.086728862095867054e-01 6.664245966653050690e-01
1.584057357891168118e+09 7.773425049089400796e-01 -3.636229310519457081e-01 -5.133390636555187347e-01 -5.354215203748485807e-01 -8.108134091806121768e-01 -2.364432517013057566e-01 -3.302460080211556681e-01 4.586501714471570845e-01 -8.249712690795398817e-01 -5.748064357718888351e-01 -6.024999381741776849e-01 6.796036302953811781e-01
1.584057357891185999e+09 7.708710184848115432e-01 -3.688526508772172474e-01 -5.193318736614163100e-01 -5.354349926805035409e-01 -8.168558810314799912e-01 -2.146062405900676096e-01 -3.450612144347702248e-01 4.435021892005056032e-01 -8.271871413750837565e-01 -5.827614106252397841e-01 -5.962643667371853029e-01 6.929200559912171986e-01
1.584057357891204119e+09 7.639743110785928160e-01 -3.747484916109614650e-01 -5.252683316619581877e-01 -5.356959397900940001e-01 -8.221576692115775131e-01 -1.925788859446504742e-01 -3.596847402094400792e-01 4.285094342608210538e-01 -8.288585843188577273e-01 -5.904395808964749692e-01 -5.899776661010692758e-01 7.063742102111443266e-01
1.584057357891222000e+09 7.566122487487862980e-01 -3.813326232673008853e-01 -5.311528364557811521e-01 -5.362607572840758507e-01 -8.266749841551848110e-01 -1.703903489984775477e-01 -3.741153638612167986e-01 4.137558474038628975e-01 -8.299661400630889974e-01 -5.978374537926212096e-01 -5.836515339976854344e-01 7.199662188411655173e-01
1.584057357891238928e+09 7.487469453823480947e-01 -3.886144286021741556e-01 -5.369886757301750579e-01 -5.371771389545670905e-01 -8.303695973994879020e-01 -1.480778624976965552e-01 -3.883538765138769833e-01 3.993308876756000436e-01 -8.304914864909719308e-01 -6.049519694362465172e-01 -5.772978630645094755e-01 7.336959567193923615e-01
1.584057357891257048e+09 7.403437908579778570e-01 -3.965895345342542178e-01 -5.427778667517503264e-01 -5.384824337980357312e-01 -8.332104789006408163e-01 -1.256859841183471105e-01 -4.024024603165729519e-01 3.853271846123032529e-01 -8.304187022936366791e-01 -6.117805714054211919e-01 -5.709287183043163516e-01 7.475630169538203251e-01
1.584057357891274929e+09 7.313721956616981990e-01 -4.052396770986367858e-01 -5.485212080837146287e-01 -5.402027342120891973e-01 -8.351750009073809489e-01 -1.032653091402330608e-01 -4.162639998899869687e-01 3.718380322341572897e-01 -8.297353557423845505e-01 -6.183212598902328994e-01 -5.645563037231287051e-01 7.615666913260952242e-01
1.584057357891300917e+09 7.218059275093267058e-01 -4.145334409361023376e-01 -5.542185756158971577e-01 -5.423528744606107566e-01 -8.362495234646996067e-01 -8.087084970534573480e-02 -4.299413481165312856e-01 3.589550962173983506e-01 -8.284332661526941921e-01 -6.245726252133830814e-01 -5.581929220188266427e-01 7.757059619669744999e-01
1.584057357891319990e+09 7.116231835568058717e-01 -4.244275420759779371e-01 -5.598693654339902404e-01 -5.449370546644061175e-01 -8.364294924717747826e-01 -5.856031796173991055e-02 -4.434366373268251449e-01 3.467664428672112553e-01 -8.265089129384036726e-01 -6.305338625717790135e-01 -5.518509313362286450e-01 7.899795029681551117e-01
1.584057357891338110e+09 7.008065035744390769e-01 -4.348684062448318621e-01 -5.654730002374013242e-01 -5.479498685664681012e-01 -8.357191685708054152e-01 -3.639248664217278190e-02 -4.567506829041972360e-01 3.353549474508905059e-01 -8.239635145295469698e-01 -6.362047709913407623e-01 -5.455427024939911718e-01 8.043856896927552569e-01
1.584057357891355991e+09 6.893425533545313177e-01 -4.457938970261833833e-01 -5.710294613314643719e-01 -5.513776339895081202e-01 -8.341310462558627625e-01 -1.442576413644708344e-02 -4.698824843731800316e-01 3.247971663840380496e-01 -8.208028094355616089e-01 -6.415857403064719744e-01 -5.392805791224715151e-01 8.189226133522513607e-01
1.584057357891385078e+09 6.772218858477417891e-01 -4.571349971958290626e-01 -5.765397747486603608e-01 -5.551998044589585568e-01 -8.316851182376434615e-01 7.282959114249903249e-03 -4.828288461865391512e-01 3.151625908702452850e-01 -8.170366252471505941e-01 -6.466777290785742371e-01 -5.330768423514158361e-01 8.335880990173122340e-01
1.584057357891407013e+09 6.644387206441746407e-01 -4.688173531926029258e-01 -5.820064226912389227e-01 -5.593903570374242351e-01 -8.284080717881151523e-01 2.867917907696622068e-02 -4.955841151782156562e-01 3.065132235051354348e-01 -8.126783059665362297e-01 -6.514822357257935570e-01 -5.269436811379976104e-01 8.483797256614035165e-01
1.584057357891423941e+09 6.509907365344875796e-01 -4.807626483909110404e-01 -5.874336873708223550e-01 -5.639191305637937246e-01 -8.243324546229791050e-01 4.971135385520829286e-02 -5.081400155347841618e-01 2.989034633584500278e-01 -8.077440464613503401e-01 -6.560012659641748511e-01 -5.208931685694172531e-01 8.632948466040039071e-01
1.584057357891443014e+09 6.368789044709992631e-01 -4.928897623940247108e-01 -5.928279205356477011e-01 -5.687530490695906771e-01 -8.194958752284268177e-01 7.033121583142934452e-02 -5.204855718208839521e-01 2.923802196620042815e-01 -8.022521904400191639e-01 -6.602372986008383515e-01 -5.149372441020496627e-01 8.783306093252503111e-01
