1.584057351201356888e+09 7.925023207757934118e-01 4.284676830560922856e-01 4.339994425612266893e-01 2.949020784173570497e-01 -8.921294458022311913e-01 3.422540227350182596e-01 5.338284703078570725e-01 -1.432497696683176502e-01 -8.333706664985456314e-01 3.440981478640251501e-01 1.656586827581386867e+00 1.601154767055990025e+00
1.584057351201426029e+09 7.855024558441890958e-01 4.203740817543331065e-01 4.541712488189756369e-01 2.874944804688506217e-01 -8.977611730047072580e-01 3.337241374932733429e-01 5.480262909421613760e-01 -1.315694023516583711e-01 -8.260488343932624877e-01 3.384176221860690226e-01 1.655052218032185385e+00 1.607431274416316835e+00
1.584057351201442957e+09 7.778864180175000254e-01 4.123892629784987607e-01 4.741601168863793792e-01 2.805573591532390942e-01 -9.030816502306429072e-01 3.251631917084740198e-01 5.622991098072228633e-01 -1.199109202591814860e-01 -8.181937926396403160e-01 3.324951884818921344e-01 1.653429312883861968e+00 1.613456961180365745e+00
1.584057351201455116e+09 7.696591116720786774e-01 4.045185008079223432e-01 4.939530689508099259e-01 2.740819828138083558e-01 -9.080946992053587907e-01 3.166118822348386042e-01 5.766315275096626225e-01 -1.082995834701225291e-01 -8.097945922908345029e-01 3.263410569805386685e-01 1.651721376556405829e+00 1.619221296530926946e+00
1.584057351201463938e+09 7.608258201736911586e-01 3.967666266529184527e-01 5.135370632515988687e-01 2.680570852955584948e-01 -9.128053361505663599e-01 3.081100733798637359e-01 5.910071660995324105e-01 -9.676085091604326449e-02 -8.008419740188297276e-01 3.199658630665167536e-01 1.649931829564914798e+00 1.624714234468105811e+00
1.584057351201472998e+09 7.513922056814245076e-01 3.891380907086424701e-01 5.328989581546746956e-01 2.624689218300748639e-01 -9.172197080478536879e-01 2.996966336850631629e-01 6.054088026413789736e-01 -8.532029962824529135e-02 -7.913283946358877774e-01 3.133806665909079081e-01 1.648064249280422278e+00 1.629926266155115044e+00
1.584057351201481104e+09 7.413643809636446536e-01 3.816369197867638396e-01 5.520254668903281647e-01 2.573012594909860895e-01 -9.213450681076138515e-01 2.914092094259826404e-01 6.198184544718153832e-01 -7.400356025082883982e-02 -7.812480762009340607e-01 3.065969499044308710e-01 1.646122370323051420e+00 1.634848484869342089e+00
1.584057351201488972e+09 7.307490718771866289e-01 3.742665309518140582e-01 5.709031071567823856e-01 2.525353013557544712e-01 -9.251898028283964681e-01 2.832838687811641831e-01 6.342174039876611324e-01 -6.283623597850340747e-02 -7.705971009084091605e-01 2.996266095376146077e-01 1.644110082649380855e+00 1.639472660095050216e+00
1.584057351201497078e+09 7.195538715507053817e-01 3.670293852812902546e-01 5.895181560204021398e-01 2.481495753078016842e-01 -9.287635086411157870e-01 2.753545592346098303e-01 6.485861656032885225e-01 -5.184375909341248229e-02 -7.593735644807988461e-01 2.924819376773338808e-01 1.642031425779230780e+00 1.643791316442248629e+00
1.584057351201505899e+09 7.077875743637358497e-01 3.599264839815329298e-01 6.078566243006485736e-01 2.441198406898744677e-01 -9.320771054007858103e-01 2.676523360056947132e-01 6.629044071047046627e-01 -4.105113538745558399e-02 -7.475777894812621893e-01 2.851755902862591063e-01 1.639890577798072124e+00 1.647797811261187961e+00
1.584057351201515913e+09 6.954605367940839278e-01 3.529567770548335259e-01 6.259042700719203989e-01 2.404191057974172374e-01 -9.351429453488561139e-01 2.602043914538766378e-01 6.771508660044700534e-01 -3.048254083101133854e-02 -7.352125674762040042e-01 2.777205403349368162e-01 1.637691838314704773e+00 1.651486404205824376e+00
1.584057351201524019e+09 6.825849927658654837e-01 3.461165928330594554e-01 6.436466669046747580e-01 2.370178485475354646e-01 -9.379748650640055141e-01 2.530329859486523669e-01 6.913033105096659803e-01 -2.016077066858026900e-02 -7.222833766641962860e-01 2.701300166055307650e-01 1.635439605258045326e+00 1.654852312518274360e+00
1.584057351201531887e+09 6.691752854181607368e-01 3.393991454452859324e-01 6.610693287829194631e-01 2.338844792789974425e-01 -9.405881550603862884e-01 2.461543680549133639e-01 7.053385624923456110e-01 -1.010656377022758554e-02 -7.087985395237028641e-01 2.624174302351280352e-01 1.633138346024089582e+00 1.657891746742920835e+00
1.584057351201539040e+09 6.552479823685380955e-01 3.327941765885322201e-01 6.781578854747735141e-01 2.309860604502244619e-01 -9.429994283609172134e-01 2.395777911006875260e-01 7.192325920593742872e-01 -3.378459098543964978e-04 -6.947692885991541001e-01 2.545962924987537068e-01 1.630792563994654776e+00 1.660601922781649087e+00
1.584057351201546907e+09 6.408218545016917123e-01 3.262877761605599836e-01 6.948982932214139430e-01 2.282892668847502915e-01 -9.452263808619265628e-01 2.333047353739276242e-01 7.329606820416650903e-01 9.131048732721348121e-03 -6.802097195210257130e-01 2.466801283034551207e-01 1.628406761844355843e+00 1.662981047727514650e+00
1.584057351201558113e+09 6.259176992986984489e-01 3.198624384574081936e-01 7.112770586553889274e-01 2.257615432573068792e-01 -9.472874394359257488e-01 2.273284686813638045e-01 7.464976619463683516e-01 1.829009434349181465e-02 -6.651366124024907789e-01 2.386823905786147615e-01 1.625985403375347582e+00 1.665028279374986431e+00
1.584057351201566935e+09 6.105580314396046315e-01 3.134973466584914381e-01 7.272814475039016680e-01 2.233723733721281746e-01 -9.492013226452512553e-01 2.216340043915039637e-01 7.598181842120733664e-01 2.713416161716377187e-02 -6.495691373631348187e-01 2.306163809185494407e-01 1.623532875768569195e+00 1.666743662558156647e+00
1.584057351201575041e+09 5.947666890253269223e-01 3.071688344486921962e-01 7.428996518843629104e-01 2.210945655929433262e-01 -9.509865540381421400e-01 2.161984438055253865e-01 7.728970039349979393e-01 3.566344321792355027e-02 -6.335284840690026398e-01 2.224951808698125144e-01 1.621053453849823800e+00 1.668128046780529505e+00
1.584057351201582909e+09 5.785683580983087548e-01 3.008510631756141085e-01 7.581208958959603228e-01 2.189054598463236190e-01 -9.526609390299360935e-01 2.109917886934760123e-01 7.857092685322095704e-01 4.388363057863549355e-02 -6.170374156486623241e-01 2.143315971530121433e-01 1.618551267633008717e+00 1.669182991323123977e+00
1.584057351201591015e+09 5.619880557036085467e-01 2.945168806340758838e-01 7.729354644914124828e-01 2.167879407477393827e-01 -9.542410421982140400e-01 2.059782079027359381e-01 7.982308024583499861e-01 5.180579510144518035e-02 -6.001197760456733477e-01 2.061381226247323284e-01 1.616030273914196735e+00 1.669910664857127358e+00
1.584057351201598883e+09 5.450506158815304758e-01 2.881388063857998061e-01 7.873346520903160561e-01 2.147311492300570113e-01 -9.557417051852571399e-01 2.011176932045453947e-01 8.104383750032569944e-01 5.944595212621252983e-02 -5.827999820678922971e-01 1.979269132073389059e-01 1.613494232161481801e+00 1.670313746828455459e+00
1.584057351201606989e+09 5.277802179890017653e-01 2.816900773596465180e-01 8.013106400248237726e-01 2.127308051183996740e-01 -9.571756431799056664e-01 1.963680031390376557e-01 8.223099452478520588e-01 6.682431009965350555e-02 -5.651025265618392357e-01 1.897097794919737623e-01 1.610946684410700103e+00 1.670395336658998975e+00
1.584057351201615095e+09 5.101999848716839425e-01 2.751456859108810660e-01 8.148563228949680104e-01 2.107890795866633471e-01 -9.585531518259112760e-01 1.916867732829288518e-01 8.338248853112140146e-01 7.396422546936774756e-02 -5.470515094456842586e-01 1.814981906663440114e-01 1.608390938467262332e+00 1.670158874047703801e+00
1.584057351201622963e+09 4.923317131461470431e-01 2.684832423957881908e-01 8.279651156803172762e-01 2.089140603114360284e-01 -9.598819661480280097e-01 1.870334902309964964e-01 8.449641410350168247e-01 8.089103545188848499e-02 -5.286702571062376066e-01 1.733032880894765093e-01 1.605830053569835991e+00 1.669608071697339380e+00
1.584057351201631069e+09 4.741957232959538304e-01 2.616836314859715129e-01 8.406307709216898072e-01 2.071188649325530484e-01 -9.611672660320753625e-01 1.823712216811621822e-01 8.557103433972917950e-01 8.763083772722603249e-02 -5.099810236492807736e-01 1.651359058176226635e-01 1.603266827690420504e+00 1.668746861592697472e+00
1.584057351201638937e+09 4.558108111401468210e-01 2.547314423308448816e-01 8.528472294238996776e-01 2.054204820276675225e-01 -9.624118154093994626e-01 1.776680137895076395e-01 8.660478797453852184e-01 9.420928748517694296e-02 -4.910047659038281886e-01 1.570065952557986311e-01 1.600703785676126811e+00 1.667579356412034253e+00
1.584057351201647997e+09 4.371942836519235320e-01 2.476151567563784073e-01 8.646085197861350657e-01 2.038384486602343171e-01 -9.636162159542313033e-01 1.728978750529978348e-01 8.759629245521931562e-01 1.006504967429040082e-01 -4.717609906674716802e-01 1.489256510297831126e-01 1.598143167469412429e+00 1.666109826644792680e+00
1.584057351201656103e+09 4.183620596646046019e-01 2.403271006433115864e-01 8.759087119841382219e-01 2.023934878276662241e-01 -9.647792472754895821e-01 1.680413047780152935e-01 8.854434273957157986e-01 1.069761128614610812e-01 -4.522676731305543263e-01 1.409031352757394440e-01 1.595586915758482771e+00 1.664342693066124701e+00
1.584057351201663971e+09 3.993288234890662314e-01 2.328631710498565710e-01 8.867419209102253008e-01 2.011062543858184171e-01 -9.658982588163910199e-01 1.630853398143966848e-01 8.944790468076083689e-01 1.132046694447526036e-01 -4.325412554175309121e-01 1.329488979642013402e-01 1.593036662609430554e+00 1.662282532736675256e+00
1.584057351201672077e+09 3.801082162504978990e-01 2.252223838842635495e-01 8.971023474144076415e-01 1.999963218541253029e-01 -9.669695716287560749e-01 1.580231590271760633e-01 9.030610251714805692e-01 1.193512687055020977e-01 -4.125967274163880316e-01 1.250725913345480667e-01 1.590493714880826692e+00 1.659934096312547513e+00
1.584057351201679945e+09 3.607130424923012391e-01 2.174063202057640309e-01 9.069843399478294543e-01 1.990814770096482611e-01 -9.679888502562362662e-01 1.528533653253156266e-01 9.111820161129520201e-01 1.254275795597587784e-01 -3.924477746123502531e-01 1.172836773025815182e-01 1.587959038507278375e+00 1.657302333254364823e+00
1.584057351201687098e+09 3.411554686863826347e-01 2.094185555517857622e-01 9.163824609714126268e-01 1.983773133385768050e-01 -9.689514178215234974e-01 1.475791023628865717e-01 9.188358872714897929e-01 1.314420727631798735e-01 -3.721069654948477856e-01 1.095914278661529462e-01 1.585433242050420688e+00 1.654392420236016070e+00
1.584057351201694965e+09 3.214471903430921040e-01 2.012641452372115058e-01 9.252915473851984762e-01 1.978970296617227065e-01 -9.698525076678070622e-01 1.422071693746180809e-01 9.260175319461445564e-01 1.374003537565171018e-01 -3.515859401568701692e-01 1.020049189032763565e-01 1.582916560091706559e+00 1.651209789786095783e+00
1.584057351201703072e+09 3.015995524658821592e-01 1.929492026438772434e-01 9.337067607934985691e-01 1.976512990127086422e-01 -9.706874648614405299e-01 1.367472469904462418e-01 9.327227208291795080e-01 1.433054456745243288e-01 -3.308955655324820055e-01 9.453301730237589906e-02 1.580408837069867234e+00 1.647760158702042510e+00
1.584057351201711893e+09 2.816236215174598434e-01 1.844805650548881626e-01 9.416236280597606312e-01 1.976480951620911697e-01 -9.714519208598227928e-01 1.312112645185797843e-01 9.389480104256033854e-01 1.491579249480211866e-01 -3.100460403601615900e-01 8.718436111161116664e-02 1.577909512195472042e+00 1.644049556289469471e+00
1.584057351201721907e+09 2.615302228397101691e-01 1.758655111625048728e-01 9.490380732747044634e-01 1.978924555811403807e-01 -9.721419577610884710e-01 1.256128575604879283e-01 9.446906999465405352e-01 1.549559161309975730e-01 -2.890469607010699993e-01 7.996733206032222152e-02 1.575417606112684110e+00 1.640084352808209855e+00
1.584057351201736927e+09 2.413299567352586716e-01 1.671114986593516538e-01 9.559464414903074969e-01 1.983861826115596305e-01 -9.727542723741785524e-01 1.199668626188171300e-01 9.499488273222803647e-01 1.606949675429020785e-01 -2.679073587556233260e-01 7.289002007430013530e-02 1.572931710079004564e+00 1.635871287551039055e+00
1.584057351201745987e+09 2.210332082174220891e-01 1.582258976279583007e-01 9.623455128928173341e-01 1.991275278183028408e-01 -9.732863397510096437e-01 1.142887943722373650e-01 9.547211888976224747e-01 1.663678640059862712e-01 -2.466357340208433502e-01 6.596017936342593591e-02 1.570449978515150224e+00 1.631417496012968149e+00
1.584057351201754093e+09 2.006501652999570506e-01 1.492157107955656703e-01 9.682325045240305350e-01 2.001109398669860817e-01 -9.737365642876626426e-01 1.085942683331703740e-01 9.590073633245257412e-01 1.719644585983921836e-01 -2.252400987131507604e-01 5.918517632834353892e-02 1.567970125882831356e+00 1.626730534556615426e+00
1.584057351201761961e+09 1.801908585007185593e-01 1.400872917342824153e-01 9.736050560711659863e-01 2.013269791129030928e-01 -9.741043961386446348e-01 1.028983620114803932e-01 9.628077180798142454e-01 1.774716205986934803e-01 -2.037280586665148607e-01 5.257192981348049465e-02 1.565489428891512436e+00 1.621818401021487555e+00
1.584057351201769114e+09 1.596652282220180075e-01 1.308460912372456098e-01 9.784611976490257268e-01 2.027624902690932374e-01 -9.743903871002186357e-01 9.721494775274701350e-02 9.661233810630536212e-01 1.828733822474684911e-01 -1.821069428349346431e-01 4.612684406105291290e-02 1.563004735049763338e+00 1.616689550365423944e+00
1.584057351201777935e+09 1.390832212314468685e-01 1.214964794060306441e-01 9.827992994827878803e-01 2.044011331974072421e-01 -9.745961544465195914e-01 9.155606198215666958e-02 9.689561570677638347e-01 1.881513784961661995e-01 -1.603839906302870211e-01 3.985573518945264432e-02 1.560512478585181828e+00 1.611352904028001687e+00
1.584057351201786041e+09 1.184549100030748842e-01 1.120417156403190895e-01 9.866180052343404006e-01 2.062244158085133894e-01 -9.747242085887243279e-01 8.593141169289238157e-02 9.713083571248841697e-01 1.932857241171098139e-01 -1.385666057602998325e-01 3.376375305561587353e-02 1.558008704677616763e+00 1.605817850930115975e+00
1.584057351201793909e+09 9.779060696594689406e-02 1.024841277197343636e-01 9.899161584471832809e-01 2.082131963024294596e-01 -9.747776352799024657e-01 8.034815893137220444e-02 9.731825430384645204e-01 1.982563121912372384e-01 -1.166626444136394658e-01 2.785530122563016284e-02 1.555489102741429930e+00 1.600094237914546413e+00
1.584057351201802015e+09 7.710093567383310975e-02 9.282552320984102656e-02 9.926927359254398286e-01 2.103494901916830029e-01 -9.747596584325541880e-01 7.481109722873213741e-02 9.745812114412991667e-01 2.030444053238116553e-01 -9.468068320621644829e-02 2.213395742524604942e-02 1.552949049262699610e+00 1.594192348696684691e+00
1.584057351201809883e+09 5.639682373213140976e-02 8.306782306713632325e-02 9.949468001073916712e-01 2.126183942397387450e-01 -9.746731255629467183e-01 6.932327701640572659e-02 9.755064411391308754e-01 2.076343783584104763e-01 -7.263021561233745649e-02 1.660239618480234200e-02 1.550383660526537755e+00 1.588122871472601894e+00
1.584057351201817036e+09 3.568939214396664450e-02 7.321389384396409516e-02 9.966774769386307353e-01 2.150099842961648577e-01 -9.745199568048986682e-01 6.388709135630780966e-02 9.759595144991769500e-01 2.120155172086120587e-01 -5.052174305617477407e-02 1.126231633636433013e-02 1.547787855241843147e+00 1.581896854685297837e+00
1.584057351201826096e+09 1.498973039079935093e-02 6.326853825446809854e-02 9.978839612150031124e-01 2.175210410108358861e-01 -9.743006049478645236e-01 5.850579386541856358e-02 9.759405231367890288e-01 2.161837719752217335e-01 -2.836674169209626312e-02 6.114376234329904798e-03 1.545156426708258035e+00 1.575525650758267338e+00
1.584057351201833010e+09 -5.691430597246623611e-03 5.323958603247598564e-02 9.985655482225885837e-01 2.201564462601413863e-01 -9.740135804311292889e-01 5.318537680492391867e-02 9.754479723634801314e-01 2.201433433354415270e-01 -6.177507367457741802e-03 1.158139500851031525e-03 1.542484123799786833e+00 1.569020848108650279e+00
1.584057351201842070e+09 -2.634410844544557428e-02 4.313902703857853266e-02 9.987216891089605308e-01 2.229301293967189401e-01 -9.736550875751858181e-01 4.793670666801068403e-02 9.744783965576498952e-01 2.239080051834373142e-01 1.603308633579943188e-02 -3.607965664445059173e-03 1.539765739572293901e+00 1.562394191964655121e+00
1.584057351201848984e+09 -4.695946165955625085e-02 3.298415978623041311e-02 9.983520692441947286e-01 2.258655328998237788e-01 -9.732187929321265418e-01 4.277782289554728917e-02 9.730259862967414186e-01 2.275021456757283511e-01 3.825184576570891948e-02 -8.186669838699773410e-03 1.536996205611979693e+00 1.555657494507030947e+00
1.584057351201857090e+09 -6.753010312913645952e-02 2.279872983110012297e-02 9.974567174017300308e-01 2.289955569716247141e-01 -9.726957422140303233e-01 3.773629507568516950e-02 9.710822416556078585e-01 2.309614924547921111e-01 6.046543594909644520e-02 -1.258186427343647475e-02 1.534170689446560099e+00 1.548822535312510684e+00
1.584057351201864958e+09 -8.805024142691116051e-02 1.261404952188044382e-02 9.960361643734423343e-01 2.323619740193404726e-01 -9.720744257957540935e-01 3.285154096535346929e-02 9.686356735196109957e-01 2.343335154618529925e-01 8.266036242899753306e-02 -1.679857773682556094e-02 1.531284691643569618e+00 1.541900954050790196e+00
1.584057351201873064e+09 -1.085155536700618539e-01 2.470107432282740885e-03 9.940916824827850107e-01 2.360143285048401374e-01 -9.713409762975679929e-01 2.817702088280261280e-02 9.656715856606832293e-01 2.376775259354562686e-01 1.048226230984302954e-01 -2.084292622585658811e-02 1.528334138850670598e+00 1.534904138601437484e+00
1.584057351201879978e+09 -1.289226958800200884e-01 -7.583331781820207979e-03 9.916256509221040849e-01 2.400083189173174425e-01 -9.704794759465191767e-01 2.378221220188626167e-02 9.621719936362093106e-01 2.410644723843525794e-01 1.269368930480578306e-01 -2.472203459016959065e-02 1.525315468684645293e+00 1.527843112355464550e+00
1.584057351201888084e+09 -1.492683697507259377e-01 -1.748564431207010050e-02 9.886421020953951588e-01 2.444036557948728594e-01 -9.694723423092725945e-01 1.975425350832697366e-02 9.581157585732873461e-01 2.445764292418905472e-01 1.489851114487891481e-01 -2.844392912341314750e-02 1.522225701644253304e+00 1.520728424474602658e+00
1.584057351201895952e+09 -1.695478931342147000e-01 -2.716427372008064708e-02 9.851475088369985311e-01 2.492614268627136309e-01 -9.683007426690903863e-01 1.619916124646046326e-02 9.534790259950939317e-01 2.483058073830847756e-01 1.709443564670749816e-01 -3.201740075057996071e-02 1.519062494564520360e+00 1.513570047254453099e+00
1.584057351201905966e+09 -1.897532417115868619e-01 -3.653375376675687541e-02 9.811518700468760956e-01 2.546408977216305103e-01 -9.669450098461421783e-01 1.324239938404503727e-02 9.482361100843712531e-01 2.523541812014364338e-01 1.927839380315449214e-01 -3.545184041251456947e-02 1.515824170110579683e+00 1.506377285485311024e+00
1.584057351201914072e+09 -2.098705777626370395e-01 -4.549501214960512130e-02 9.766701308323166852e-01 2.605956497208089528e-01 -9.653850427116159594e-01 1.102844756112507200e-02 9.423609966125883197e-01 2.568305339689508360e-01 2.144617189275751512e-01 -3.875705053989615678e-02 1.512509717266624421e+00 1.499158703125202274e+00
1.584057351201921940e+09 -2.298773787108366051e-01 -5.393510963204371095e-02 9.717239292654349381e-01 2.671691259340600588e-01 -9.636006425087416671e-01 9.719048551591339541e-03 9.358296046317384764e-01 2.618488222360163542e-01 2.359197859216412840e-01 -4.194303875403975618e-02 1.509118758674014682e+00 1.491922072565646573e+00
1.584057351201930046e+09 -2.497393737671328995e-01 -6.172757089213920523e-02 9.663435994424131037e-01 2.743897652119038355e-01 -9.615717340844200933e-01 9.489834417255649246e-03 9.286229062100018750e-01 2.675247786699471719e-01 2.570797363867171614e-01 -4.501980136363680635e-02 1.505651481596329999e+00 1.484674351237821988e+00
1.584057351201937914e+09 -2.694075807864919625e-01 -6.873341784617886807e-02 9.605702851365142125e-01 2.822660420974256734e-01 -9.592784283676411006e-01 1.052512934098331042e-02 9.207309253489837086e-01 2.739719221755405609e-01 2.778379905025590846e-01 -4.799710578744345590e-02 1.502108530750970949e+00 1.477421689615198153e+00
1.584057351201946020e+09 -2.888157732154601476e-01 -7.480294241783046194e-02 9.544579450918824204e-01 2.907818444042750694e-01 -9.567009124631000727e-01 1.301088227803150546e-02 9.121575346985799637e-01 2.812967897059635014e-01 2.980616513321683869e-01 -5.088428228757592431e-02 1.498490863118492333e+00 1.470169473698903273e+00
1.584057351201953888e+09 -3.078787069389524178e-01 -7.977835843827718598e-02 9.480749523851271787e-01 2.998925826346978130e-01 -9.538192442665661686e-01 1.712565759408138377e-02 9.029258777412968451e-01 2.895932713181205709e-01 3.175855735287408943e-01 -5.369003624068825059e-02 1.494799567122685691e+00 1.462922403838200935e+00
1.584057351201961994e+09 -3.264914106468909116e-01 -8.349737344891414170e-02 9.415049375349263672e-01 3.095225402142575688e-01 -9.506131819350797096e-01 2.302988126771499805e-02 8.930840698801730815e-01 2.989360583127783078e-01 3.362113578806491532e-01 -5.642229182152624922e-02 1.491035650590597061e+00 1.455684610340069129e+00
1.584057351201970100e+09 -3.445298190476615008e-01 -8.579785384817406602e-02 9.348464751304782494e-01 3.195639145727459107e-01 -9.470622785094784390e-01 3.085360802318985740e-02 8.827106594408870022e-01 3.093731871070414807e-01 3.537090934793542529e-01 -5.908807740401497005e-02 1.487199804293731997e+00 1.448459804920048777e+00
1.584057351201977968e+09 -3.618530152649910847e-01 -8.652373759151317512e-02 9.282112034331423400e-01 3.298780257843482722e-01 -9.431465147443056640e-01 4.068340977595472779e-02 8.719190807918579811e-01 3.209178937987798297e-01 3.698226899369540521e-01 -6.169346183833598202e-02 1.483292150400932652e+00 1.441251465586580238e+00
1.584057351201984882e+09 -3.783072733952264621e-01 -8.553215117440732262e-02 9.217200540369238082e-01 3.402991406197803381e-01 -9.388477190596573596e-01 5.254955100338631196e-02 8.608600942025400604e-01 3.335404196396942189e-01 3.842794382706103962e-01 -6.424354889350877840e-02 1.479311987636266368e+00 1.434063051065881389e+00
1.584057351201992989e+09 -3.937319955622135548e-01 -8.270156188465406510e-02 9.154974425603831234e-01 3.506411224915362834e-01 -9.341519388841541538e-01 6.641504571718631622e-02 8.497210829967749568e-01 3.471607793837807043e-01 3.968040755459368296e-01 -6.674253418889802836e-02 1.475257546629632710e+00 1.426898239584673656e+00
1.584057351202001095e+09 -4.079674404307780389e-01 -7.794045618001012310e-02 9.096635932261060153e-01 3.607067635166372188e-01 -9.290527137452408990e-01 8.216864266092481495e-02 8.387211683882191959e-01 3.616439414322503154e-01 4.071369073472622668e-01 -6.919382566234735799e-02 1.471125770390249610e+00 1.419761185699188522e+00
1.584057351202008963e+09 -4.208638094830581267e-01 -7.119559165075101115e-02 9.043256280782620005e-01 3.702991275467218402e-01 -9.235548876640157223e-01 9.962392087664427576e-02 8.281015698610768583e-01 3.767990939519939020e-01 4.150544937619896624e-01 -7.160022522683251456e-02 1.466912136215341667e+00 1.412656787686634718e+00
1.584057351202017069e+09 -4.322908764053458031e-01 -6.245854629415037440e-02 8.995685233342327614e-01 3.792336332868477267e-01 -9.176782684449342753e-01 1.185261448320777539e-01 8.181115141358372700e-01 3.923844105215976152e-01 4.203903243646486265e-01 -7.396416489566540187e-02 1.462610534984083221e+00 1.405590957301313670e+00
1.584057351202024937e+09 -4.421471591516606403e-01 -5.176938609992788598e-02 8.954472738911565255e-01 3.873492177527830815e-01 -9.114602102334921074e-01 1.385671991064401365e-01 8.089910216815328070e-01 4.081178945177475481e-01 4.230523738433162872e-01 -7.628798651336143877e-02 1.458213222625577954e+00 1.398570883223673400e+00
1.584057351202033043e+09 -4.503676246729406141e-01 -3.921658106563676721e-02 8.919815370387608189e-01 3.945169879114309164e-01 -9.049561594310369106e-01 1.594073265501683434e-01 8.009527756969592183e-01 4.236937682795887672e-01 4.230345633937283578e-01 -7.857425041183219161e-02 1.453710856251411609e+00 1.391605279347214008e+00
1.584057351202040911e+09 -4.569289823634757886e-01 -2.493271988903699235e-02 8.891536788188767471e-01 4.006452571251186701e-01 -8.982374628624890667e-01 1.807009636228302518e-01 7.941657780465809502e-01 4.388027116949458906e-01 4.204199057967003550e-01 -8.082605510174797891e-02 1.449092623774948407e+00 1.384704609280058119e+00
1.584057351202050924e+09 -4.618518297828581032e-01 -9.086214361443507512e-03 8.869105524440367150e-01 4.056806251644261008e-01 -8.913862953696285452e-01 2.021229892765044334e-01 7.887433788586081240e-01 4.531532998194343076e-01 4.153744926817933281e-01 -8.304734790492182550e-02 1.444346470696564966e+00 1.377881279287870298e+00
1.584057351202059031e+09 -4.651994275006068325e-01 8.129954032851865325e-03 8.851685695403760379e-01 4.096056587251780123e-01 -8.844882282307696686e-01 2.233915362364959634e-01 7.847373426785724249e-01 4.664916697755289721e-01 4.081333422264248889e-01 -8.524320591973837125e-02 1.439459422427501023e+00 1.371149792844541970e+00
1.584057351202065945e+09 -4.670733677911597659e-01 2.651085661569652779e-02 8.838210472619378866e-01 4.124344019428075603e-01 -8.776234991001820029e-01 2.442843792012746595e-01 7.821383082262566289e-01 4.786169327446235799e-01 3.989805740836271375e-01 -8.742006786225578474e-02 1.434417996018631181e+00 1.364526860352972326e+00
1.584057351202074051e+09 -4.676067458900100560e-01 4.585189934438516773e-02 8.827465856778906605e-01 4.142071660805525246e-01 -8.708583048093955226e-01 2.646473814577904315e-01 7.808817802755501081e-01 4.893908624730335388e-01 3.882270327559567136e-01 -8.958589956636917040e-02 1.429208690714641961e+00 1.358031457808228870e+00
1.584057351202081919e+09 -4.669556130027277541e-01 6.595929633995691044e-02 8.818173431684948049e-01 4.149858154040904634e-01 -8.642373838014216769e-01 2.843950025120686176e-01 7.808580078984898032e-01 4.987415319254625556e-01 3.761883249574117793e-01 -9.175027912617027270e-02 1.423818542467238935e+00 1.351684828314632103e+00
1.584057351202090025e+09 -4.652895753189268402e-01 8.665770885799359280e-02 8.809063812892043988e-01 4.148503013771481229e-01 -8.577788232692528103e-01 3.035040655384952935e-01 7.819238061008805252e-01 5.066615555251005043e-01 3.631655677598590870e-01 -9.392439166307016418e-02 1.418235723907100621e+00 1.345510420283424269e+00
1.584057351202097893e+09 -4.627823142881586360e-01 1.077946090074587554e-01 8.798936593997785938e-01 4.138966268323315822e-01 -8.514715956671288222e-01 3.220026460591864925e-01 7.839146075174956430e-01 5.132021473471243267e-01 3.494301705343643705e-01 -9.612092829816828998e-02 1.412450167197245809e+00 1.339533757058907426e+00
1.584057351202105045e+09 -4.596025864376686032e-01 1.292414915156076816e-01 8.786706433080802015e-01 4.122358540784423764e-01 -8.452759847486874811e-01 3.399560415988071016e-01 7.866556191576893342e-01 5.184642190918777871e-01 3.352130522066900098e-01 -9.835388905152672723e-02 1.406454184550993469e+00 1.333782233668687089e+00
1.584057351202112913e+09 -4.559061929793429280e-01 1.508924062905930286e-01 8.771436740509751528e-01 4.099934903003517039e-01 -8.391267366188880361e-01 3.574516160304928580e-01 7.899714432273698961e-01 5.225876018579797000e-01 3.206981716041005792e-01 -1.006382945860338496e-01 1.400243059805159618e+00 1.328284837587749845e+00
1.584057351202121019e+09 -4.518293443275768206e-01 1.726605301045025520e-01 8.752363023488026750e-01 4.073085132043815504e-01 -8.329385191273938061e-01 3.745840338631898914e-01 7.936939074202707944e-01 5.257392554283222275e-01 3.060199611565082023e-01 -1.029898161321973482e-01 1.393815585739875962e+00 1.323071789872675819e+00
1.584057351202127934e+09 -4.474837605863537515e-01 1.944736360979151812e-01 8.728907657175437595e-01 4.043313916746418268e-01 -8.266130987503803595e-01 3.914420910950334176e-01 7.976681074972623575e-01 5.281011170576311864e-01 2.912641420512291357e-01 -1.054243368351300697e-01 1.387174521830411900e+00 1.318174104499415966e+00
1.584057351202136040e+09 -4.429537474834097099e-01 2.162693497233046380e-01 8.700687018628090463e-01 4.012206688075015681e-01 -8.200475305633451173e-01 4.080980550538498286e-01 8.017567913728047557e-01 5.298581092967571404e-01 2.764713936389876503e-01 -1.079574613002209915e-01 1.380326947471415266e+00 1.313623066292930464e+00
1.584057351202143908e+09 -4.382953663724668547e-01 2.379910037434639358e-01 8.667510911179444610e-01 3.981379619230976941e-01 -8.131425913403198535e-01 4.246001524071761346e-01 8.058432447396559617e-01 5.311867922734880842e-01 2.616433767981032332e-01 -1.106039933774425610e-01 1.373284486535192972e+00 1.309449631875430731e+00
1.584057351202152014e+09 -4.335376902455595483e-01 2.595847091055641376e-01 8.629373383598890612e-01 3.952416349871248347e-01 -8.058106188054244834e-01 4.409685891231537314e-01 8.098327735462947929e-01 5.322452681041199840e-01 2.467505896077081540e-01 -1.133774054083464405e-01 1.366063380640160085e+00 1.305683764343559483e+00
1.584057351202159882e+09 -4.286859547967576956e-01 2.809979631344647899e-01 8.586434049562053916e-01 3.926798215403532466e-01 -7.979819140450726822e-01 4.571951690603899832e-01 8.136528190300260643e-01 5.331650866021088175e-01 2.317414087161115688e-01 -1.162893257559288740e-01 1.358684391095431820e+00 1.302353722888346832e+00
1.584057351202167988e+09 -4.237261831975758786e-01 3.021797911967069594e-01 8.538989960561094161e-01 3.905836744114202230e-01 -7.896090532687736196e-01 4.732461687953140039e-01 8.172518063342584238e-01 5.340458002722801023e-01 2.165515371813410139e-01 -1.193490731547217354e-01 1.351172517143130136e+00 1.299485336846799566e+00
1.584057351202176094e+09 -4.186306928639687008e-01 3.230820925800022558e-01 8.487439569427607244e-01 3.890617704252807840e-01 -7.806687416099437060e-01 4.890677403661863876e-01 8.205969057864720417e-01 5.349525935327313908e-01 2.011130052655282496e-01 -1.225632661893048952e-01 1.343556528742288592e+00 1.297101301042543176e+00
1.584057351202183962e+09 -4.133638061311757927e-01 3.436616259475115953e-01 8.432241995058885609e-01 3.881964527139949439e-01 -7.711612029088957820e-01 5.045928192400126466e-01 8.236709767143636229e-01 5.359170513981712514e-01 1.853619058483622628e-01 -1.259355337926761631e-01 1.335868325164197845e+00 1.295220535280086072e+00
1.584057351202191114e+09 -4.078871090967856050e-01 3.638819911088016501e-01 8.373876060581725289e-01 3.880425610949845283e-01 -7.611074704793844292e-01 5.197483902423717383e-01 8.264690417747652118e-01 5.369406996375243324e-01 1.692442260795932740e-01 -1.294663467003556445e-01 1.328142145715470734e+00 1.293857650752086030e+00
1.584057351202198982e+09 -4.021637441681009673e-01 3.837150676838802510e-01 8.312803797212547918e-01 3.886285407976547979e-01 -7.505452416408745497e-01 5.344620636939095837e-01 8.289946804140343461e-01 5.380005456155617649e-01 1.527194577097785722e-01 -1.331529805192487870e-01 1.320413672719899623e+00 1.293022558456669469e+00
1.584057351202207088e+09 -3.961614019756386496e-01 4.031415538459754422e-01 8.249442594186582323e-01 3.899596143885677990e-01 -7.395240641662600423e-01 5.486671647412184605e-01 8.312566647740000647e-01 5.390556984966380361e-01 1.357619651730367361e-01 -1.369896104069531495e-01 1.312719075990341766e+00 1.292720242107931794e+00
1.584057351202214003e+09 -3.898539740181972135e-01 4.221505862468347692e-01 8.184147857132746395e-01 3.920222246202577088e-01 -7.281006448883727833e-01 5.623059899353313185e-01 8.332661365653621921e-01 5.400540097477335433e-01 1.183605179497103643e-01 -1.409675276871953653e-01 1.305094051145302636e+00 1.292950704959216379e+00
1.584057351202222109e+09 -3.832220145013989776e-01 4.407386084791216629e-01 8.117206210253570253e-01 3.947889838338448087e-01 -7.163348365052397693e-01 5.753312613205416870e-01 8.350344578791160099e-01 5.409379641002330930e-01 1.005165317252525170e-01 -1.450754610943081335e-01 1.297572902249749749e+00 1.293709088316859379e+00
1.584057351202229977e+09 -3.762523251979835726e-01 4.589078033493969033e-01 8.048837281300552648e-01 3.982233999264140345e-01 -7.042866095176228969e-01 5.877061301411210525e-01 8.365717611386788155e-01 5.416493327598611573e-01 8.224164873425414413e-02 -1.492999799619245671e-01 1.290187713833794270e+00 1.294985949822131222e+00
1.584057351202236891e+09 -3.689369660182618693e-01 4.766643696563573340e-01 7.979201675642260128e-01 4.022839683051185333e-01 -6.920140588144267912e-01 5.994031625276118325e-01 8.378861044022687388e-01 5.421324756028619296e-01 6.355513312596758335e-02 -1.536259530356445524e-01 1.282967648876885969e+00 1.296767679849821553e+00
1.584057351202244997e+09 -3.612720058277375523e-01 4.940168959262196680e-01 7.908412257495065489e-01 4.069273724668887593e-01 -6.795723349617115439e-01 6.104027810324215153e-01 8.389831055169403307e-01 5.423363790989009781e-01 4.448146314316291094e-02 -1.580370353631846136e-01 1.275938398676333740e+00 1.299037027163127966e+00
1.584057351202253103e+09 -3.532562866069400287e-01 5.109750029253325998e-01 7.836546065445351150e-01 4.121107190026732647e-01 -6.670132816801956910e-01 6.206915798893591907e-01 8.398659126647515238e-01 5.422156659924827204e-01 2.504835915591819423e-02 -1.625161567237921045e-01 1.269121798893988684e+00 1.301773700720142868e+00
1.584057351202260017e+09 -3.448904073549088345e-01 5.275483383115243674e-01 7.763654794358365585e-01 4.177928778970413926e-01 -6.543855161518205010e-01 6.302608249204902924e-01 8.405353758727007740e-01 5.417308805998313215e-01 5.285348739799192869e-03 -1.670459878210351357e-01 1.262535614156964581e+00 1.304955012360997424e+00
1.584057351202267885e+09 -3.361760536384576503e-01 5.437459308303977945e-01 7.689772582240415044e-01 4.239350949112360434e-01 -6.417346982719693838e-01 6.391053217871216496e-01 8.409903068781666713e-01 5.408483518872724272e-01 -1.477714444622280597e-02 -1.716093649601335425e-01 1.256193483894076035e+00 1.308556528115975004e+00
1.584057351202275038e+09 -3.271156754342168793e-01 5.595758382907979334e-01 7.614920985057301861e-01 4.305011196608177215e-01 -6.291038033926119599e-01 6.472226746089543292e-01 8.412277461284350943e-01 5.395398833803847216e-01 -3.510830935429323091e-02 -1.761896587316115759e-01 1.250105013349867900e+00 1.312552698572789334e+00
1.584057351202282906e+09 -3.177124630114055437e-01 5.750450115444282195e-01 7.539111522887673722e-01 4.374570604952905395e-01 -6.165332881162031153e-01 6.546128816848020282e-01 8.412431937735631582e-01 5.377824275136926513e-01 -5.567719090675618543e-02 -1.807710774866908010e-01 1.244275988696154300e+00 1.316917445610079618e+00
1.584057351202291012e+09 -3.079705360615861420e-01 5.901593009659842348e-01 7.462346470122867004e-01 4.447711292177745634e-01 -6.040611070057019250e-01 6.612781726456965492e-01 8.410307910728087588e-01 5.355578199283690388e-01 -7.645279577047846276e-02 -1.853389009191642456e-01 1.238708693016196571e+00 1.321624690114638456e+00
1.584057351202299118e+09 -2.978952696162520675e-01 6.049235560618749785e-01 7.384618471268366013e-01 4.524133719266469900e-01 -5.917225775658695452e-01 6.672230002787723491e-01 8.405834576307474881e-01 5.328525898598158728e-01 -9.740414897376606373e-02 -1.898796428286206039e-01 1.233402297832737027e+00 1.326648809539352047e+00
1.584057351202308893e+09 -2.874936290506295289e-01 6.193417595106914808e-01 7.305909924039268866e-01 4.603554678704181446e-01 -5.795501559981703910e-01 6.724540578244342370e-01 8.398930029815226961e-01 5.296578155835759416e-01 -1.185003879064208815e-01 -1.943811458761591227e-01 1.228353302573568673e+00 1.331965016844535610e+00
1.584057351202316999e+09 -2.767744649551737157e-01 6.334171809975092104e-01 7.226192430085107699e-01 4.685705978782873093e-01 -5.675731694499588365e-01 6.769802745462792926e-01 8.389502311537596624e-01 5.259689840074035505e-01 -1.397109069089169375e-01 -1.988326144935483319e-01 1.223555995626409931e+00 1.337549657936780267e+00
1.584057351202323914e+09 -2.657488021197796924e-01 6.471525724957294390e-01 7.145425964099703098e-01 4.770333399448296041e-01 -5.558174985622588160e-01 6.808128236698511859e-01 8.377450487786487487e-01 5.217858336561580490e-01 -1.610055186713517938e-01 -2.032245944849924713e-01 1.219002913578119962e+00 1.343380429630321338e+00
1.584057351202332020e+09 -2.544300191931946897e-01 6.605503622660999774e-01 7.063558481698211100e-01 4.857196183592381034e-01 -5.443052997529820303e-01 6.839650524712586055e-01 8.362665948574283803e-01 5.171121344264264508e-01 -1.823546620037957700e-01 -2.075489095738987655e-01 1.214685278137107582e+00 1.349436522936717342e+00
1.584057351202339888e+09 -2.428338748188078045e-01 6.736128263905156732e-01 6.980526264995285946e-01 4.946066940809899504e-01 -5.330548328347365361e-01 6.864523023211733799e-01 8.345034016772274743e-01 5.119553743382724287e-01 -2.037296426033727570e-01 -2.117985657084264228e-01 1.210593395440173525e+00 1.355698700006825241e+00
1.584057351202347040e+09 -2.309784325833603158e-01 6.863422527681162233e-01 6.896254604832542379e-01 5.036731528556277482e-01 -5.220803839879929464e-01 6.882916734551198790e-01 8.324435829375396168e-01 5.063263618658224718e-01 -2.251028576136465120e-01 -2.159676333543738835e-01 1.206717008211114495e+00 1.362149315476484102e+00
1.584057351202354908e+09 -2.188839264589136913e-01 6.987411042433789854e-01 6.810658528944799617e-01 5.128988686003963515e-01 -5.113922669381687491e-01 6.895017765782001096e-01 8.300750431897248038e-01 5.002387615496624029e-01 -2.464479744628329527e-01 -2.200511167413346514e-01 1.203045596199474154e+00 1.368772293672990914e+00
1.584057351202363014e+09 -2.065725968321386052e-01 7.108121816737030807e-01 6.723643391960234528e-01 5.222649338016529530e-01 -5.009968839691345543e-01 6.901025004842276100e-01 8.273857027766580163e-01 4.937085827060900267e-01 -2.677400496808784447e-01 -2.240448176902465061e-01 1.199568623726317895e+00 1.375553072247190700e+00
1.584057351202370882e+09 -1.940685139506813373e-01 7.225587826731042496e-01 6.635105255194827523e-01 5.317535580602232859e-01 -4.908968332298767057e-01 6.901148111838867338e-01 8.243637336657245740e-01 4.867536386171342211e-01 -2.889555846660407101e-01 -2.279451998382590883e-01 1.196275736629211828e+00 1.382478522166465051e+00
1.584057351202378035e+09 -1.813973908391038337e-01 7.339848463311957616e-01 6.544931106995236503e-01 5.413479419905233847e-01 -4.810910592062957458e-01 6.895605835998592781e-01 8.209978028590604326e-01 4.793929892146164828e-01 -3.100725231175568419e-01 -2.317492578780419032e-01 1.193156912139009318e+00 1.389536851936804762e+00
1.584057351202385902e+09 -1.685863894925841433e-01 7.450950764999281217e-01 6.452998963688310052e-01 5.510321328984514322e-01 -4.715750409428000611e-01 6.884624675850948838e-01 8.172773200029738172e-01 4.716463799665620571e-01 -3.310701956885077069e-01 -2.354543959299617017e-01 1.190202565190750406e+00 1.396717501562116714e+00
1.584057351202394009e+09 -1.556638218385414107e-01 7.558949845470209761e-01 6.359178774869315154e-01 5.607908970871047227e-01 -4.623411160430404010e-01 6.868436955818140177e-01 8.131926858468780939e-01 4.635336716495840892e-01 -3.519292413713977496e-01 -2.390583182426733455e-01 1.187403615652030231e+00 1.404011030773547386e+00
1.584057351202400923e+09 -1.426586708456523689e-01 7.663907978686210765e-01 6.263334962901656588e-01 5.706096361468392386e-01 -4.533790299264894852e-01 6.847277549212132941e-01 8.087355233751778449e-01 4.550742798329012184e-01 -3.726315245194876113e-01 -2.425589337535754009e-01 1.184751522697718329e+00 1.411409005964052055e+00
