1.583561769268408060e+09 2.963369202949998199e-02 1.493057059404286624e-01 9.883469282868172501e-01 2.143950222658505544e-01 -9.667180543873075127e-01 1.396100919006222907e-01 9.762974028899630285e-01 2.077594992384382555e-01 -6.065782525713048906e-02 2.201862580172850303e-02 1.601345646149357815e+00 1.648643480366262626e+00
1.583561769268595934e+09 8.060655748366691437e-03 1.424502296083816344e-01 9.897691438399983666e-01 2.183489172875150985e-01 -9.661673147067745271e-01 1.372751628043296368e-01 9.758374743337558943e-01 2.150084931014977774e-01 -3.889179552624200120e-02 1.601112363270558447e-02 1.600931873559441332e+00 1.644144084520211768e+00
1.583561769268640041e+09 -1.351487889755327576e-02 1.357804731022058398e-01 9.906467641691760750e-01 2.227595109074307078e-01 -9.654299599424589484e-01 1.353631883386015311e-01 9.747797435914550279e-01 2.225054057755797843e-01 -1.719872279124703626e-02 1.008594225766012986e-02 1.600462749849479893e+00 1.639542128232957863e+00
1.583561769268671989e+09 -3.507374397487500461e-02 1.292342642048060486e-01 9.909936112955654020e-01 2.275083414615390320e-01 -9.645350688565897945e-01 1.338359276238214046e-01 9.731442787273204553e-01 2.301534399745332748e-01 4.427982945550678999e-03 4.239379682736021948e-03 1.599933412670912380e+00 1.634847092421650494e+00
1.583561769268699884e+09 -5.659935520499954908e-02 1.227415584617060351e-01 9.908234065719693229e-01 2.324883085369077174e-01 -9.635123848483397868e-01 1.326388730717163178e-01 9.709509254124983890e-01 2.378621325530218822e-01 2.599820239533597033e-02 -1.532616919172616159e-03 1.599339627073509407e+00 1.630068250830230658e+00
1.583561769268789053e+09 -7.807590464416261367e-02 1.162280917830809529e-01 9.901490716020133753e-01 2.376069154715129417e-01 -9.623910685255033792e-01 1.317056754870263580e-01 9.682185223469248481e-01 2.455493065296827926e-01 4.752295491171971975e-02 -7.234381789263524994e-03 1.598677783246349016e+00 1.625214624023837429e+00
1.583561769268814087e+09 -9.948680323090339228e-02 1.096191230757935509e-01 9.889823173575280624e-01 2.427882615985209880e-01 -9.611985152667135157e-01 1.309628737207468030e-01 9.649643704314466719e-01 2.531423752396473881e-01 6.901233121960727301e-02 -1.287046100424017042e-02 1.597944880311592319e+00 1.620294937303610849e+00
1.583561769268841028e+09 -1.208136022941201232e-01 1.028431015345152993e-01 9.873334645309150837e-01 2.479738750161782079e-01 -9.599592826321555750e-01 1.303346961226092005e-01 9.612039487063692711e-01 2.605791092829898292e-01 9.047373657940416258e-02 -1.844554412147228831e-02 1.597138495650020973e+00 1.615317584085056213e+00
1.583561769268861055e+09 -1.420355337463977963e-01 9.583511243630377097e-02 9.852114182257326602e-01 2.531225139936179591e-01 -9.586941727287981996e-01 1.297477402598449792e-01 9.569508348249200491e-01 2.678079805436757166e-01 1.119106139296492941e-01 -2.396439916562811620e-02 1.596256740188797041e+00 1.610290596979827793e+00
1.583561769268882990e+09 -1.631297122878697381e-01 8.853994453142367826e-02 9.826237201628579276e-01 2.582090680453992815e-01 -9.574195228239229527e-01 1.291353341016565903e-01 9.522167685821830707e-01 2.747881649272817528e-01 1.333217547301431827e-01 -2.943181330699736614e-02 1.595298200885761908e+00 1.605221628833863434e+00
1.583561769268903971e+09 -1.841704670953492329e-01 8.087830367311807378e-02 9.795610952259614645e-01 2.632463705634107143e-01 -9.561406438918491624e-01 1.284383801753971877e-01 9.469860546258952461e-01 2.815204595397023946e-01 1.548019490903076167e-01 -3.485254105051078383e-02 1.594261871501784888e+00 1.600117945340014058e+00
1.583561769268924952e+09 -2.051710671955921106e-01 7.352910475135213120e-02 9.759601959996790921e-01 2.684487978693639865e-01 -9.547032977054485947e-01 1.283622074118520306e-01 9.411907757351298809e-01 2.883315524731567270e-01 1.761386946614691973e-01 -4.020444721806414740e-02 1.593100722209932929e+00 1.594968704059736453e+00
1.583561769268944979e+09 -2.261357138411123069e-01 6.661405047644539112e-02 9.718154184000877827e-01 2.738097736837219465e-01 -9.530875041063191500e-01 1.290442457859489189e-01 9.348212914675897434e-01 2.952740724187385424e-01 1.972875450038437117e-01 -4.549339406206830139e-02 1.591818349327743576e+00 1.589783300108346786e+00
1.583561769268965960e+09 -2.470638220481547465e-01 6.027037099361066269e-02 9.671230275671734988e-01 2.793091130979205028e-01 -9.512732207297506237e-01 1.306356723169766476e-01 9.278716977014641598e-01 3.024016235911292649e-01 2.181911338518920662e-01 -5.072539687783611528e-02 1.590418986538171264e+00 1.584570452193272638e+00
1.583561769268985987e+09 -2.679465769132206021e-01 5.465000073587900770e-02 9.618825341877778046e-01 2.849100946542261203e-01 -9.492407343305935274e-01 1.332976604087402761e-01 9.203428003218543374e-01 3.097666956849858266e-01 2.387754685424265944e-01 -5.590649631659229402e-02 1.588907383600745016e+00 1.579338137386996355e+00
1.583561769269006014e+09 -2.887630120145271984e-01 4.991788137680734649e-02 9.560983883715078457e-01 2.905569606856318043e-01 -9.469709115176925263e-01 1.371960107119996886e-01 9.122458965151674093e-01 3.174181751373926219e-01 2.589461847975533249e-01 -6.104263382392977055e-02 1.587288655051259711e+00 1.574093553279991564e+00
1.583561769269026995e+09 -3.094758639581508541e-01 4.624927354932663326e-02 9.497819194736026871e-01 2.961732111723554550e-01 -9.444452584246233462e-01 1.424941502024213436e-01 9.036072813065514353e-01 3.253984612528976195e-01 2.785852164447204515e-01 -6.613953690383510275e-02 1.585568101985469047e+00 1.568843112421507868e+00
1.583561769269048929e+09 -3.300275235213993574e-01 4.382604736570867854e-02 9.429533983851355883e-01 3.016610793814287206e-01 -9.416457723115403411e-01 1.493446774848127545e-01 8.944732679758810034e-01 3.337401940306510828e-01 2.975484095108785754e-01 -7.120262120056095045e-02 1.583751011925318641e+00 1.563592473014343120e+00
1.583561769269069910e+09 -3.503364324756962356e-01 4.283177268836093482e-02 9.356440688445686327e-01 3.069025513258966109e-01 -9.385546643967046521e-01 1.578795931957433785e-01 8.849153678676032753e-01 3.424625253081420850e-01 3.156647124859489617e-01 -7.623691625212426770e-02 1.581842443770543838e+00 1.558346608548039081e+00
1.583561769269089937e+09 -3.702943165117584812e-01 4.344557808161562257e-02 9.278979475888979866e-01 3.117622606999172485e-01 -9.351540905156437988e-01 1.681996427283504736e-01 8.750350919708980157e-01 3.515669335865250766e-01 3.327375531339563097e-01 -8.124702089949425998e-02 1.579847006091050110e+00 1.553109917516860561e+00
1.583561769269109964e+09 -3.897646904419556635e-01 4.583461885353816434e-02 9.197731644458229106e-01 3.160925003908630071e-01 -9.314261307778338717e-01 1.803632282913968377e-01 8.649676395676916263e-01 3.610326171898650127e-01 3.485490382474962234e-01 -8.623709314426385164e-02 1.577768638448693750e+00 1.547886372743292549e+00
1.583561769269130945e+09 -4.085831603299373005e-01 5.014511696329129048e-02 9.113425637898100451e-01 3.197404502084988387e-01 -9.273533043421241517e-01 1.943756503397967850e-01 8.548835276300074115e-01 3.708116991528723760e-01 3.628675215498850526e-01 -9.121087758386643707e-02 1.575610406705830968e+00 1.542679708056695187e+00
1.583561769269150972e+09 -4.265600774247271798e-01 5.649230309534366418e-02 9.026932592380647602e-01 3.225574269405511729e-01 -9.229198830283426025e-01 2.101799130631906432e-01 8.449871045706847106e-01 3.808247750111563579e-01 3.754587648257465271e-01 -9.617177139296911870e-02 1.573374324167083449e+00 1.537493638199779467e+00
1.583561769269181967e+09 -4.434860645332088236e-01 6.494986927182846981e-02 8.939248431953685792e-01 3.244095546474761727e-01 -9.181141826464803701e-01 2.276505842198090490e-01 8.355109524334307647e-01 3.909576219588924983e-01 3.861004874816288401e-01 -1.011229271503565202e-01 1.571061210231127880e+00 1.532332106096676361e+00
1.583561769269202948e+09 -4.591407252984644471e-01 7.554003798261986480e-02 8.851460316068923140e-01 3.251887445783006592e-01 -9.129317941670118675e-01 2.465924159770496726e-01 8.267055551949265002e-01 4.010601475165939123e-01 3.945993959971791920e-01 -1.060673879928919761e-01 1.568670597741287809e+00 1.527199550011651974e+00
1.583561769269223928e+09 -4.733043686823747431e-01 8.822584818868969836e-02 8.764697225420911009e-01 3.248223797264105928e-01 -9.073793986338808404e-01 2.667452878356002532e-01 8.188243990218853074e-01 4.109486910972113827e-01 4.008089034558231512e-01 -1.110082477066323958e-01 1.566200699633556903e+00 1.522101181479239118e+00
1.583561769269244909e+09 -4.857718982556173404e-01 1.029074280040827294e-01 8.680067536385669413e-01 3.232798678985474572e-01 -9.014784712136755251e-01 2.877962699003603353e-01 8.121057751891622711e-01 4.204124489964527478e-01 4.046450084589417462e-01 -1.159488254476630509e-01 1.563648443177587666e+00 1.517043263762097416e+00
1.583561769269263983e+09 -4.963674438539459888e-01 1.194235595744529144e-01 8.598589269966976367e-01 3.205745482533954305e-01 -8.952679363996083328e-01 3.093982564361460463e-01 8.067535682682508424e-01 4.292241087682673872e-01 4.060977034853232581e-01 -1.208928423372689492e-01 1.561009577328091202e+00 1.512033379822418144e+00
1.583561769269282103e+09 -5.049579570732097844e-01 1.375590654175117555e-01 8.521120614950574712e-01 3.167602687720038612e-01 -8.888047898404832781e-01 3.311932633718738250e-01 8.029199175111564335e-01 4.371539192961155229e-01 4.052358043725224901e-01 -1.258445854057231583e-01 1.558278855246844508e+00 1.507080678482320524e+00
1.583561769269300938e+09 -5.114638642568237747e-01 1.570576533011777132e-01 8.448299292369143565e-01 3.119230583561288239e-01 -8.821619586421027837e-01 3.528374759139072947e-01 8.006926510504244199e-01 4.439855542081591611e-01 4.022040607028218306e-01 -1.308090435510500527e-01 1.555450289881848080e+00 1.502196087776417111e+00
1.583561769269320011e+09 -5.158651279387214128e-01 1.776388635137794714e-01 8.380498816787368410e-01 3.061694230399361061e-01 -8.754232361284496333e-01 3.740246543486064335e-01 8.000896539725242951e-01 4.495315249241246258e-01 3.972127313456097486e-01 -1.357920006329616791e-01 1.552517475716119089e+00 1.497392485705699716e+00
1.583561769269340038e+09 -5.182019114811097227e-01 1.990168557785875481e-01 8.317806623676546884e-01 2.996136045372012058e-01 -8.686758002187768835e-01 3.945048061929058991e-01 8.010608385984788749e-01 4.536459470978927433e-01 3.905213025983087505e-01 -1.408000725709681045e-01 1.549473965677913068e+00 1.492684820129702494e+00
1.583561769269360065e+09 -5.185700093310725567e-01 2.209185162023467597e-01 8.260025150426421048e-01 2.923662594347140042e-01 -8.620013756469475652e-01 4.140961225920045119e-01 8.034968052145144979e-01 4.562330957669739617e-01 3.824189411816232287e-01 -1.458406780420557769e-01 1.546313689402722291e+00 1.488090170696584336e+00
1.583561769269380093e+09 -5.171120008786554978e-01 2.430987128607149661e-01 8.206693576515348143e-01 2.845264722650368561e-01 -8.554673715992314742e-01 4.326895685457700091e-01 8.072421355157097800e-01 4.572511257823013708e-01 3.732044250225023396e-01 -1.509219359090491208e-01 1.543031396765900620e+00 1.483627746848621420e+00
1.583561769269401073e+09 -5.140055423586901151e-01 2.653512534744958962e-01 8.157125810844824132e-01 2.761780740473871454e-01 -8.491192788664333468e-01 4.502467342376101356e-01 8.121108139072984455e-01 4.567112464507301905e-01 3.631678173210943772e-01 -1.560524866949595801e-01 1.539623108883669378e+00 1.479318817119793739e+00
1.583561769269431114e+09 -5.094503790390593201e-01 2.875149288345225651e-01 8.110459156112456158e-01 2.673902659227819778e-01 -8.429752803907346603e-01 4.667923760717557213e-01 8.179014349007596163e-01 4.546733359766457760e-01 3.525753828285076996e-01 -1.612412399489036030e-01 1.536086557894853266e+00 1.475186565937264938e+00
1.583561769269453049e+09 -5.036554622956805893e-01 3.094747907227990424e-01 8.065708458915742396e-01 2.582217560519293187e-01 -8.370235989455393488e-01 4.824033784381325796e-01 8.244105168106853343e-01 4.512392367900581736e-01 3.416583837557432557e-01 -1.664970543208392217e-01 1.532421595954778892e+00 1.471255876134295759e+00
1.583561769269473076e+09 -4.968271154692289748e-01 3.311593192891562065e-01 8.021822254437664945e-01 2.487271066953254395e-01 -8.312227642793980076e-01 4.971956783375112709e-01 8.314431092728014061e-01 4.465447586725607709e-01 3.306057089379478842e-01 -1.718283619037621057e-01 1.528630554309254430e+00 1.467553037255953985e+00
1.583561769269494057e+09 -4.891589133371882503e-01 3.525343802340953903e-01 7.977738203846935772e-01 2.389638411463605450e-01 -8.255046572303336161e-01 5.113104179795439075e-01 8.388205054455412091e-01 4.407511449252572988e-01 3.195599914392975860e-01 -1.772427525956363770e-01 1.524718534719878393e+00 1.464105381642648362e+00
1.583561769269514084e+09 -4.808237034655452047e-01 3.735949901824496822e-01 7.932435626790164118e-01 2.289989436914387499e-01 -8.197799349747061370e-01 5.249003162695572433e-01 8.463852847274955238e-01 4.340364519657120557e-01 3.086167662316722793e-01 -1.827465370138461331e-01 1.520693618457708451e+00 1.460940850205097563e+00
1.583561769269534111e+09 -4.719679993669241291e-01 3.943559382531310886e-01 7.884983207169953268e-01 2.189136195394232320e-01 -8.139452643766265094e-01 5.381170261177596892e-01 8.540041188330821376e-01 4.265870376341696080e-01 2.978262321827216952e-01 -1.883443090850784318e-01 1.516566979945704441e+00 1.458087491572273242e+00
1.583561769269553900e+09 -4.627088159407512502e-01 4.148422797622676184e-01 7.834579981133630300e-01 2.088055092915912792e-01 -8.078916705764994655e-01 5.511000888417652011e-01 8.615688081465486814e-01 4.185892158805857854e-01 2.871972447899422409e-01 -1.940385313915132803e-01 1.512352894159548544e+00 1.455572900876286102e+00
1.583561769269575119e+09 -4.531328807317628327e-01 4.350806366622902988e-01 7.780587588586842518e-01 1.987879328753819896e-01 -8.015132322871505455e-01 5.639679922039428916e-01 8.689959438193249897e-01 4.102211332800844157e-01 2.767032194852201976e-01 -1.998291676294428054e-01 1.508068629238939584e+00 1.453423608177452975e+00
1.583561769269594908e+09 -4.432980500063677942e-01 4.550921213391387332e-01 7.722551393102157213e-01 1.889862073801430731e-01 -7.947152713135671176e-01 5.768117985789497082e-01 8.762254575808887669e-01 4.016451154418363978e-01 2.662895960536165729e-01 -2.057133870274792942e-01 1.503734218720150118e+00 1.451664432067942379e+00
1.583561769269615889e+09 -4.332366195068378389e-01 4.748875027404143578e-01 7.660208166196963431e-01 1.795316044581504178e-01 -7.874211574007373704e-01 5.896917193730764062e-01 8.832182260074636915e-01 3.930009933114602116e-01 2.558823650468250444e-01 -2.116853650995323965e-01 1.499372112003682922e+00 1.450317823010501384e+00
1.583561769269634962e+09 -4.229600242682455269e-01 4.944649022314213660e-01 7.593479298501591979e-01 1.705538880380310651e-01 -7.795770266969856976e-01 6.026367319871960282e-01 8.899529141361576245e-01 3.844009885987838548e-01 2.453970065472701190e-01 -2.177362014785555744e-01 1.495006708647710347e+00 1.449403227086018209e+00
1.583561769269654989e+09 -4.124642986831012492e-01 5.138099193401414189e-01 7.522450194816719948e-01 1.621736094046495047e-01 -7.711539938135436589e-01 6.156470078355769093e-01 8.964222905295825550e-01 3.759267012921787554e-01 2.347470820581165629e-01 -2.238539694023405635e-01 1.490663790318493387e+00 1.448936505470675762e+00
1.583561769269675016e+09 -4.017356321766101246e-01 5.328977181926326523e-01 7.447338477739489093e-01 1.544953555492954989e-01 -7.621478045898535392e-01 6.286985836562484220e-01 9.026293077379661245e-01 3.676285435579669247e-01 2.238517076357703639e-01 -2.300239028558105636e-01 1.486369873177049161e+00 1.448929447805985760e+00
1.583561769269695997e+09 -3.907554208600532153e-01 5.516963417652842594e-01 7.368455386217194203e-01 1.476029182865912226e-01 -7.525762643878122216e-01 6.417494408351106516e-01 9.085832817173374876e-01 3.595276246700347400e-01 2.126412648579721620e-01 -2.362287164887666158e-01 1.482151511947113809e+00 1.449389414501871309e+00
1.583561769269715071e+09 -3.795043745618172371e-01 5.701704329795093118e-01 7.286165708243598216e-01 1.415568997669313933e-01 -7.424750990507846815e-01 6.547460358312312545e-01 9.142964913262838778e-01 3.516196877123831666e-01 2.010609892520552611e-01 -2.424490420690013914e-01 1.478034592486604737e+00 1.450319133210804967e+00
1.583561769269735098e+09 -3.679654408331955451e-01 5.882846354076314288e-01 7.200851493616492460e-01 1.363948766601559837e-01 -7.318930291659806464e-01 6.676294117981286247e-01 9.197814263226978815e-01 3.438804759601329364e-01 1.890723308227253985e-01 -2.486639558377501946e-01 1.474043650824362173e+00 1.451716661221560623e+00
1.583561769269754887e+09 -3.561255349504161560e-01 6.060061863305037377e-01 7.112883421797977501e-01 1.321336041870746769e-01 -7.208868865087492139e-01 6.803402145420073266e-01 9.250488172177001589e-01 3.362716151230722983e-01 1.766524465275708944e-01 -2.548515651508485025e-01 1.470201253746034276e+00 1.453575512674855519e+00
1.583561769269776106e+09 -3.439762349671454111e-01 6.233065087304937579e-01 7.022601698711642415e-01 1.287725761262410451e-01 -7.095173687414513264e-01 6.928222911474690715e-01 9.301064313565216013e-01 3.287462543978470486e-01 1.637923282884283793e-01 -2.609896202022952139e-01 1.466527470434006108e+00 1.455884938881862434e+00
1.583561769269798040e+09 -3.315137127198869993e-01 6.401618663587899105e-01 6.930306222485075329e-01 1.262981260434538067e-01 -6.978457789372441988e-01 7.050248592753254329e-01 9.349585241451793260e-01 3.212538775412745462e-01 1.504942009862374197e-01 -2.670561168700557597e-01 1.463039457593265702e+00 1.458630341884420201e+00
1.583561769269819975e+09 -3.187381688679246650e-01 6.565532816467569699e-01 6.836254590790509233e-01 1.246874928682621952e-01 -6.859318236211960906e-01 7.169034540889988039e-01 9.396057732177149902e-01 3.137440387671912578e-01 1.367686707967623316e-01 -2.730298595717742804e-01 1.459751171953909132e+00 1.461793793912042894e+00
1.583561769269841909e+09 -3.056530267473214768e-01 6.724659804199109026e-01 6.740665639634826345e-01 1.239123872659334408e-01 -6.738323753790468329e-01 7.284199682819646471e-01 9.440455220789335522e-01 3.061689651676339219e-01 1.226320400564877289e-01 -2.788909581141532645e-01 1.456673215113077013e+00 1.465354630696553251e+00
1.583561769269864082e+09 -2.922640965618236719e-01 6.878886217963037231e-01 6.643725928268935377e-01 1.239417831870563702e-01 -6.616009876835177161e-01 7.395421336850362959e-01 9.482721826966185041e-01 2.984851374285495407e-01 1.081040725207550457e-01 -2.846212391105504280e-01 1.453812807238717530e+00 1.469290084868342561e+00
1.583561769269886971e+09 -2.785788652731692738e-01 7.028125226177401874e-01 6.545596795634820442e-01 1.247438391559939491e-01 -6.492878967899095022e-01 7.502427618401719123e-01 9.522776856833573556e-01 2.906540646603392175e-01 9.320635323567884323e-02 -2.902045601539006703e-01 1.451173878424742103e+00 1.473575925962646860e+00
1.583561769269911051e+09 -2.646060061802835706e-01 7.172310168840850819e-01 6.446420170514696180e-01 1.262870013632695909e-01 -6.369402496468181685e-01 7.604989886155879564e-01 9.560519102091039612e-01 2.826425073698613510e-01 7.796126121814080101e-02 -2.956270218729127319e-01 1.448757261512851668e+00 1.478187078166975255e+00
1.583561769269932985e+09 -2.503551184191029622e-01 7.311390014079393040e-01 6.346322364464355159e-01 1.285404888256228007e-01 -6.246023608376797265e-01 7.702916548861713508e-01 9.595830644858360792e-01 2.744223963754625628e-01 6.239143336261913919e-02 -3.008770798081554232e-01 1.446560966050454144e+00 1.483098191173567670e+00
1.583561769269956112e+09 -2.358366660643589074e-01 7.445326676199713889e-01 6.245415710917756602e-01 1.314743707161773467e-01 -6.123158778905067878e-01 7.796048714231926802e-01 9.628580149836735158e-01 2.659706237711512156e-01 4.651957125776923219e-02 -3.059455627896962016e-01 1.444580512136890649e+00 1.488284146785396000e+00
1.583561769269978046e+09 -2.210620600977372674e-01 7.574093869712615890e-01 6.143798388200969463e-01 1.350594257346161564e-01 -6.001198048495478554e-01 7.884257551389260987e-01 9.658625768395093791e-01 2.572688098808091350e-01 3.036844350599639947e-02 -3.108256073710954914e-01 1.442809303824144074e+00 1.493720491057326072e+00
1.583561769269999981e+09 -2.060438283746728882e-01 7.697677128161546367e-01 6.041552857750569494e-01 1.392669110577754443e-01 -5.880503768412174148e-01 7.967443013916932770e-01 9.685817820432944814e-01 2.483030865452159619e-01 1.396097931655139457e-02 -3.155125207464140602e-01 1.441239022144943593e+00 1.499383786167733934e+00
1.583561769270020962e+09 -1.907957878045097311e-01 7.816074325719015725e-01 5.938743881831098914e-01 1.440683774020494190e-01 -5.761408440152774313e-01 8.045533111664596726e-01 9.710001391458806808e-01 2.390639023224913617e-01 -2.679668364743190145e-03 -3.200035878006874945e-01 1.439860018013188858e+00 1.505251879330491427e+00
1.583561769270044088e+09 -1.753331819371637679e-01 7.929296391589258919e-01 5.835416548032636985e-01 1.494355556304824417e-01 -5.644212105533165102e-01 8.118483305456429822e-01 9.731018909945401418e-01 2.295458224655253232e-01 -1.953011441333414935e-02 -3.242978388031435566e-01 1.438661688041702469e+00 1.511304091046580478e+00
1.583561769270066023e+09 -1.596727983892980984e-01 8.037368321259854564e-01 5.731594039829255305e-01 1.553402611317268867e-01 -5.529179250604467910e-01 8.186276146314556135e-01 9.748712740446154879e-01 2.197472935532474025e-01 -3.656673701840958135e-02 -3.283957937912611591e-01 1.437632819892296743e+00 1.517521329042376355e+00
1.583561769270088911e+09 -1.438330009864525194e-01 8.140329898444246259e-01 5.627276068468868298e-01 1.617543846802620144e-01 -5.416536101772836398e-01 8.248920448382534021e-01 9.762927773442496848e-01 2.096703560884799478e-01 -5.376574114344243038e-02 -3.322991991646176979e-01 1.436761896881075584e+00 1.523886136396136237e+00
1.583561769270117044e+09 -1.278336524453695389e-01 8.238235809165610490e-01 5.522438456549219055e-01 1.686499754646487714e-01 -5.306468971480634567e-01 8.306449640741319085e-01 9.773513919302917463e-01 1.993202906645425154e-01 -7.110329569609055711e-02 -3.360107694950819623e-01 1.436037355898901247e+00 1.530382684641064195e+00
1.583561769270226002e+09 -1.116959630946495752e-01 8.331155321149015247e-01 5.417033525950429862e-01 1.759993508943929197e-01 -5.199123573844675050e-01 8.358919602092654833e-01 9.780328422614888995e-01 1.887051959740455309e-01 -8.855568139782296622e-02 -3.395339441673501102e-01 1.435447796874383286e+00 1.536996723757790617e+00
1.583561769270247936e+09 -9.544229444596269429e-02 8.419171667148992455e-01 5.310990990927145772e-01 1.837751924607630150e-01 -5.094605148746655932e-01 8.406406262122121387e-01 9.783237947095757558e-01 1.778355093230104544e-01 -1.060994088880954367e-01 -3.428726652492816718e-01 1.434982145162366551e+00 1.543715500660858941e+00
1.583561769270260096e+09 -7.909593881182072628e-02 8.502381227010588072e-01 5.204219128790622539e-01 1.919506058063785159e-01 -4.992979213905192615e-01 8.449003199457798541e-01 9.782120412370085560e-01 1.667234854618714068e-01 -1.237112849011441085e-01 -3.460311807025935882e-01 1.434629770103386992e+00 1.550527656340433547e+00
1.583561769270272017e+09 -6.268088770444017743e-02 8.580892546701479606e-01 5.096606101825601476e-01 2.004991382286800128e-01 -4.894272807870005404e-01 8.486819383077557344e-01 9.776866584504882995e-01 1.553826504038466338e-01 -1.413684196661896264e-01 -3.490138743285378098e-01 1.434380564711770889e+00 1.557423110528591614e+00
1.583561769270281076e+09 -4.622159315167596871e-02 8.654825164378322500e-01 4.988021434420710776e-01 2.093947593746266489e-01 -4.798476186929556131e-01 8.519977098560489459e-01 9.767381426450638671e-01 1.438272463140002067e-01 -1.590481818743116615e-01 -3.518251228156664134e-01 1.434224991700116192e+00 1.564392940658283271e+00
1.583561769270293951e+09 -2.974272687993131936e-02 8.724308232566502230e-01 4.878317630750537148e-01 2.186118098316993386e-01 -4.705544916466221084e-01 8.548610103473593957e-01 9.753585223000620363e-01 1.320716821715578748e-01 -1.767281075056701678e-01 -3.544691803504557703e-01 1.434154100654322583e+00 1.571429259814494328e+00
1.583561769270313025e+09 -1.326889340715767772e-02 8.789478383947233464e-01 4.767332944995961164e-01 2.281249941716861906e-01 -4.615403300782139340e-01 8.572861312095697572e-01 9.735414340047771065e-01 1.201300183248908554e-01 -1.943858410756939548e-01 -3.569500903326197627e-01 1.434159521422845751e+00 1.578525097279654288e+00
1.583561769270330906e+09 3.175723765189297429e-03 8.850476443120197656e-01 4.654896156862767254e-01 2.379094800084380901e-01 -4.527950005371981779e-01 8.592879417456312785e-01 9.712821394020431098e-01 1.080155312807793422e-01 -2.119991766923691179e-01 -3.592716217757335739e-01 1.434233439317718961e+00 1.585674284713223692e+00
1.583561769270349026e+09 1.956769914496162693e-02 8.907443802286708623e-01 4.540832021520495587e-01 2.479410181148642700e-01 -4.443064582504056004e-01 8.608815381409657963e-01 9.685774914303689753e-01 9.574038051392354254e-02 -2.295461236244775716e-01 -3.614372265160665787e-01 1.434368557612318185e+00 1.592871350241096495e+00
1.583561769270366907e+09 3.588473372875070760e-02 8.960517800815210876e-01 4.424968853375125799e-01 2.581962060120764901e-01 -4.360616294808318805e-01 8.620817678818529783e-01 9.654258155362278604e-01 8.331544227475007336e-02 -2.470051254777786420e-01 -3.634500140150409564e-01 1.434558051650635768e+00 1.600111421480476803e+00
1.583561769270384073e+09 5.210604379594788865e-02 9.009826047442091035e-01 4.307148782938904352e-01 2.686529608452987716e-01 -4.280475777089327027e-01 8.629025772735758881e-01 9.618266720386283719e-01 7.075038785203521807e-02 -2.643555102724445272e-01 -3.653127417216929240e-01 1.434795517781489060e+00 1.607390137602564106e+00
1.583561769270396948e+09 6.821269539431788764e-02 9.055480464222552817e-01 4.187239711830750832e-01 2.792911724744346902e-01 -4.202528556985429820e-01 8.633562290699507979e-01 9.577804912290893702e-01 5.805405338587107944e-02 -2.815781556583464296e-01 -3.670278183904345237e-01 1.435074920058473591e+00 1.614703570411223588e+00
1.583561769270414114e+09 8.418778185208092291e-02 9.097572412694419075e-01 4.065146732654145167e-01 2.900934184247736525e-01 -4.126688137473332185e-01 8.634525225892899503e-01 9.532881128943826443e-01 4.523507859737774250e-02 -2.986562601320745247e-01 -3.685973162929670477e-01 1.435390537465945249e+00 1.622048154473327175e+00
1.583561769270431995e+09 1.000163834325449586e-01 9.136169922671969479e-01 3.940821167233558575e-01 3.010456325315714055e-01 -4.052906664295577444e-01 8.631981249154572211e-01 9.483502783197106378e-01 3.230274545995426988e-02 -3.155761120303599565e-01 -3.700229888751236929e-01 1.435736913469778164e+00 1.629420625864396399e+00
1.583561769270446062e+09 1.156853162337628110e-01 9.171317084670347342e-01 3.814267127085858577e-01 3.121377245153361124e-01 -3.981182923406662577e-01 8.625960040812559182e-01 9.429670984454258109e-01 1.926797466152492880e-02 -3.323278451159022429e-01 -3.713062913433425871e-01 1.436108808845283802e+00 1.636817968743080609e+00
1.583561769270463943e+09 1.311826914619518003e-01 9.203035251716693566e-01 3.685546407967787985e-01 3.233641997341806240e-01 -3.911568319019974593e-01 8.616448962336372697e-01 9.371375011156366508e-01 6.144479908644953983e-03 -3.489062189284020676e-01 -3.724484042524157101e-01 1.436501157887815738e+00 1.644237368543078892e+00
1.583561769270482063e+09 1.464972648552080314e-01 9.231326320290069720e-01 3.554781221236924527e-01 3.347247059251088896e-01 -3.844170153837287440e-01 8.603388457727719763e-01 9.308587018647247469e-01 -7.049977862235866713e-03 -3.653113401092047963e-01 -3.734502596842736444e-01 1.436909028226290630e+00 1.651676170902429686e+00
1.583561769270493031e+09 1.616175701449213131e-01 9.256178313051078854e-01 3.422154169904183529e-01 3.462243962299252908e-01 -3.779151385892072224e-01 8.586668827310939278e-01 9.241257645349872929e-01 -2.029232902129125826e-02 -3.815492012087546292e-01 -3.743125693025828316e-01 1.437327584436694838e+00 1.659131845646012238e+00
1.583561769270505905e+09 1.765308597492009635e-01 9.277573442104712909e-01 3.287904591912400032e-01 3.578739409939675209e-01 -3.716725724767998562e-01 8.566129471615137048e-01 9.169313486368396715e-01 -3.355308264114407329e-02 -3.976318558287611493e-01 -3.750358544088867041e-01 1.437752055504884607e+00 1.666601955151822745e+00
1.583561769270518064e+09 1.912219330038224530e-01 9.295497372936163405e-01 3.152323880426880498e-01 3.696893220351420428e-01 -3.657150343576545115e-01 8.541559101456751568e-01 9.092656254958295658e-01 -4.679529640403532614e-02 -4.135773479817990150e-01 -3.756204784335683278e-01 1.438177706243822351e+00 1.674084126578625931e+00
1.583561769270529985e+09 2.056718983192720174e-01 9.309949549897454935e-01 3.015749728688277287e-01 3.816913180319271848e-01 -3.600715863274356332e-01 8.512697518868530544e-01 9.011164232079357239e-01 -5.997371697090583820e-02 -4.294092981470614689e-01 -3.760666826225901871e-01 1.438599812899753028e+00 1.681576027596051404e+00
1.583561769270539999e+09 2.198569538935661871e-01 9.320954305749551416e-01 2.878559159742537510e-01 3.939045868153294161e-01 -3.547733245006208236e-01 8.479239734359630409e-01 8.924696613902727282e-01 -7.303421628702332080e-02 -4.451560479054440522e-01 -3.763746257124103711e-01 1.439013643375328666e+00 1.689075345461924949e+00
1.583561769270550966e+09 2.337473212779686560e-01 9.328572278263547179e-01 2.741160019461614805e-01 4.063562555795609543e-01 -3.498517240928571970e-01 8.440843350752481600e-01 8.833101287404743207e-01 -8.591370010944320013e-02 -4.608492734457907414e-01 -3.765444278228982644e-01 1.439414442651345771e+00 1.696579769506873836e+00
1.583561769270560026e+09 2.473064943285760431e-01 9.332911137965128612e-01 2.603981470879154769e-01 4.190740661020530000e-01 -3.453367165981278686e-01 8.397139270660731736e-01 8.736225873736660485e-01 -9.854059723414734795e-02 -4.765221146649971096e-01 -3.765762179939771692e-01 1.439797423988689484e+00 1.704086977226348942e+00
1.583561769270570040e+09 2.604909864753640614e-01 9.334134618659452043e-01 2.467463381855313775e-01 4.320841296421942257e-01 -3.412545564665491749e-01 8.347745998896806130e-01 8.633931613461158783e-01 -1.108360822306107413e-01 -4.922068793241829998e-01 -3.764701842737364079e-01 1.440157766357631264e+00 1.711594624213965687e+00
1.583561769270579100e+09 2.732506819422360067e-01 9.332468445000181578e-01 2.332046146291002764e-01 4.454085956534133972e-01 -3.376257187568081353e-01 8.292285915058722479e-01 8.526108420116196296e-01 -1.227159382111352587e-01 -5.079326243023962739e-01 -3.762266243717410918e-01 1.440490618215614083e+00 1.719100338122608651e+00
1.583561769270587921e+09 2.855298436338001289e-01 9.328202316589601084e-01 2.198161141445889588e-01 4.590634536220449258e-01 -3.344629723750547345e-01 8.230402576286618421e-01 8.412689546865043111e-01 -1.340930115419741997e-01 -5.237228373613296295e-01 -3.758459944929088969e-01 1.440791107326069298e+00 1.726601716679494913e+00
1.583561769270601034e+09 2.972686949609467111e-01 9.321687376185509022e-01 2.066222830149210543e-01 4.730567818486452469e-01 -3.317698410604967285e-01 8.161777096493789685e-01 8.293663872595711251e-01 -1.448800103402929362e-01 -5.395935308408774667e-01 -3.753289537566504852e-01 1.441054355822268818e+00 1.734096329556116034e+00
1.583561769270610094e+09 3.084053994711780100e-01 9.313329293011733956e-01 1.936622952765041650e-01 4.873876511794053012e-01 -3.295395850235592894e-01 8.086142092488435296e-01 8.169084325822412174e-01 -1.549923770024330405e-01 -5.555519562423325564e-01 -3.746764013144683325e-01 1.441275499126540405e+00 1.741581723601423715e+00
1.583561769270622015e+09 3.188782295835779768e-01 9.303577650906003083e-01 1.809726605559847101e-01 5.020457433685573401e-01 -3.277547433891224715e-01 8.003292446051518683e-01 8.039071752562512163e-01 -1.643510187031749503e-01 -5.715960080863623505e-01 -3.738895044345780794e-01 1.441449707125537660e+00 1.749055430709551384e+00
1.583561769270637989e+09 3.286276839610625666e-01 9.292912689133420168e-01 1.685870193439105436e-01 5.170116728701831255e-01 -3.263872409467687419e-01 7.913092310101914606e-01 7.903814114791292145e-01 -1.728846629863712570e-01 -5.877143165942697589e-01 -3.729697162668880184e-01 1.441572205768707038e+00 1.756514977403137001e+00
1.583561769270653009e+09 3.375982255708700475e-01 9.281830888483117992e-01 1.565362319172545202e-01 5.322580061496755555e-01 -3.253990517316279751e-01 7.815477413699940534e-01 7.763561380824205438e-01 -1.805314679925885957e-01 -6.038870226819846865e-01 -3.719187830649200444e-01 1.441638297351775400e+00 1.763957895135628284e+00
1.583561769270672083e+09 3.457395717420777559e-01 9.270830749327458875e-01 1.448486138708100224e-01 5.477506705586395741e-01 -3.247432200455000473e-01 7.710454227578623643e-01 7.618617667183490427e-01 -1.872399888783328470e-01 -6.200869577850829373e-01 -3.707387421025815089e-01 1.441643378272952303e+00 1.771381730436644597e+00
1.583561769270687103e+09 3.530075273886603693e-01 9.260399677224693260e-01 1.335502303365963539e-01 5.634505186782471364e-01 -3.243650892526609431e-01 7.598097142667614712e-01 7.469331956452501808e-01 -1.929696019639583759e-01 -6.362810182604595743e-01 -3.694319123818284312e-01 1.441582953657058352e+00 1.778784054261775438e+00
1.583561769270703077e+09 3.593643372576314499e-01 9.251002703248967229e-01 1.226652484921132158e-01 5.793149157325235832e-01 -3.242036334671901665e-01 7.478544193058572764e-01 7.316088447123758609e-01 -1.976903996630013927e-01 -6.524316090267444634e-01 -3.680008804055434068e-01 1.441452648729258268e+00 1.786162470160473026e+00
1.583561769270721912e+09 3.647786749500257497e-01 9.243073240459696027e-01 1.122162610860288345e-01 5.952991834960567052e-01 -3.241927762710142824e-01 7.351992423564038814e-01 7.159297455548321309e-01 -2.013827568489846842e-01 -6.684980066621123429e-01 -3.664484827112757248e-01 1.441248216930321790e+00 1.793514621009311805e+00
1.583561769270744085e+09 3.692253562111723619e-01 9.237005882111970489e-01 1.022245562693566978e-01 6.113578343481791411e-01 -3.242626353283359908e-01 7.218693384053910256e-01 6.999387364953578716e-01 -2.040366802700381288e-01 -6.844375782313429912e-01 -3.647777864510946544e-01 1.440965544834247103e+00 1.800838194150758964e+00
1.583561769270764112e+09 3.726848176317344996e-01 9.233151234247890526e-01 9.271035431553872885e-02 6.274455884249136028e-01 -3.243406537002835877e-01 7.078948890493537149e-01 6.836797937653432689e-01 -2.056509748086065015e-01 -7.002068382947779224e-01 -3.629920695267240816e-01 1.440600654342393705e+00 1.808130924987757515e+00
1.583561769270776033e+09 3.751424479845322790e-01 9.231812535534431596e-01 8.369299279576028483e-02 6.435181581338925705e-01 -3.243525869310821541e-01 6.933107380690762822e-01 6.671975149814375339e-01 -2.062323269179567320e-01 -7.157623233826442277e-01 -3.610948012212319980e-01 1.440149702556916989e+00 1.815390599121643023e+00
