1.592833326599610090e+09 5.173727004507350236e-01 -7.814808667832083833e-01 3.487307613457830135e-01 2.020515546012706387e-01 -2.844356943601333287e-01 -9.371614083983417220e-01 8.315651858302952615e-01 5.553233210655335039e-01 1.074016071050765998e-02 -4.210836103673913644e-02 -9.106695057109999158e-01 3.538937069713721240e-01
1.592833326599653959e+09 5.086511727536845440e-01 -7.790486805175163010e-01 3.665475931839572432e-01 1.930990371580953990e-01 -3.116655856378183209e-01 -9.303640819118847993e-01 8.390391805390194913e-01 5.440107686477223536e-01 -8.095515551465395226e-03 -5.533510636423560197e-02 -9.143096570715242288e-01 3.565384385074163442e-01
1.592833326599677086e+09 5.003979013897139616e-01 -7.759783807080709028e-01 3.840045483939921178e-01 1.833216086018867874e-01 -3.385100433836319422e-01 -9.229323586710892480e-01 8.461649533514903343e-01 5.322297469063906883e-01 -2.713611033237706138e-02 -6.869086238358526608e-02 -9.172086651254205414e-01 3.594387199177431214e-01
1.592833326599699020e+09 4.926088287124161802e-01 -7.723204256636462262e-01 4.010706947740256267e-01 1.727366665491914255e-01 -3.649227820477142781e-01 -9.148734379718743703e-01 8.529352766075238845e-01 5.199543475475425502e-01 -4.635612841211174395e-02 -8.213188709332346071e-02 -9.193796044761314290e-01 3.625720848697076004e-01
1.592833326599730015e+09 4.852802557899701941e-01 -7.681238596765080917e-01 4.177185772337548286e-01 1.613626127698841173e-01 -3.908597664279760964e-01 -9.061957572859777876e-01 8.593399680685487318e-01 5.071630698999941567e-01 -6.573005451459010273e-02 -9.561747297993655748e-02 -9.208416942572416053e-01 3.659177336288421123e-01
1.592833326599845886e+09 4.784087092824065857e-01 -7.634363436241800027e-01 4.339240214001401363e-01 1.492190446326579767e-01 -4.162790863957136489e-01 -8.969088021002014077e-01 8.653662714618796103e-01 4.938387102576063392e-01 -8.523229860173657524e-02 -1.091105441917189917e-01 -9.216193252089709409e-01 3.694567191094150216e-01
1.592833326599875927e+09 4.719907077333332368e-01 -7.583040713605178063e-01 4.496662177715800013e-01 1.363272298393227444e-01 -4.411409999478395627e-01 -8.870228322355884210e-01 8.709992298520958798e-01 4.799682841684730916e-01 -1.048369593611296891e-01 -1.225780480346079504e-01 -9.217410404176266114e-01 3.731720420421288376e-01
1.592833326599889040e+09 4.660225114749924069e-01 -7.527715355685412613e-01 4.649279882648886253e-01 1.227107179885784938e-01 -4.654081321439020869e-01 -8.765485443285615519e-01 8.762220601409471676e-01 4.655430012960474762e-01 -1.245175310002571978e-01 -1.359911515568339169e-01 -9.212385138503828008e-01 3.770486668340680692e-01
1.592833326599900007e+09 4.604999442521072184e-01 -7.468811711885606774e-01 4.796960680529532284e-01 1.083958870815932285e-01 -4.890457646042820627e-01 -8.654967198823291241e-01 8.810165340099040954e-01 4.505582720685178399e-01 -1.442467002486898242e-01 -1.493252628092171519e-01 -9.201455694780087402e-01 3.810734709923623842e-01
1.592833326599914074e+09 4.554182881233001523e-01 -7.406729293995923946e-01 4.939613291911831294e-01 9.341235856705715213e-02 -5.120221643100105746e-01 -8.538778805328337551e-01 8.853633798068931693e-01 4.350136954070722428e-01 -1.639962522949341139e-01 -1.625599034285303002e-01 -9.184972751559103976e-01 3.852351428069215045e-01
1.592833326599926949e+09 4.507721932124950648e-01 -7.341838085066499930e-01 5.077189826980265108e-01 7.779334020747105671e-02 -5.343089445488971023e-01 -8.417019355659225432e-01 8.892427262790403297e-01 4.189129830670650367e-01 -1.837370040009860261e-01 -1.756784631686786335e-01 -9.163291357403734461e-01 3.895240425034307563e-01
1.592833326599941969e+09 4.466033472744875832e-01 -7.274837638810233154e-01 5.208769756205148260e-01 6.147441156185686623e-02 -5.558349897861332156e-01 -8.290165023650523102e-01 8.926176937087344498e-01 4.022621504666755166e-01 -2.035161306668619163e-01 -1.886607946507129485e-01 -9.136533415852258200e-01 3.939389370341759289e-01
1.592833326599951982e+09 4.429037113928363523e-01 -7.206085410620048926e-01 5.334413118814395061e-01 4.450340249964327560e-02 -5.765773044855145857e-01 -8.158296755200715733e-01 8.954639857621961019e-01 3.850739445594542620e-01 -2.232986961132762960e-01 -2.014941716301348051e-01 -9.105041067223209605e-01 3.984753291986672941e-01
1.592833326599962950e+09 4.396647248621793347e-01 -7.135895746432533437e-01 5.454217165745934848e-01 2.693083500961350810e-02 -5.965173177012706995e-01 -8.021482532232919738e-01 8.977581300302726053e-01 3.673649533088382824e-01 -2.430500592604915022e-01 -2.141686951216948409e-01 -9.069142916006172062e-01 4.031295509855667425e-01
1.592833326599973917e+09 4.368772984350118294e-01 -7.064539340453162009e-01 5.568312719512733544e-01 8.809571224406677684e-03 -6.156408327952144210e-01 -7.879776372404672102e-01 8.994779695835229960e-01 3.491549861345367156e-01 -2.627359475840328473e-01 -2.266768593977926682e-01 -9.029151086795547121e-01 4.078986663326558126e-01
1.592833326599986076e+09 4.345317770522784118e-01 -6.992243485570955874e-01 5.676860447074119076e-01 -9.805572304273885847e-03 -6.339379047173275827e-01 -7.733217855817864361e-01 9.006031232923703556e-01 3.304664031666142976e-01 -2.823224591769730174e-01 -2.390131353243909740e-01 -8.985359280931605186e-01 4.127803845181351461e-01
1.592833326599996090e+09 4.326178680880554128e-01 -6.919192972086183335e-01 5.780047288735006283e-01 -2.885822196909052645e-02 -6.514026529934988652e-01 -7.581832146907674375e-01 9.011154107202037356e-01 3.113234171992801391e-01 -3.017759876589039547e-01 -2.511735826122976634e-01 -8.938041683613733301e-01 4.177729860831116415e-01
1.592833326600006104e+09 4.311245412676262823e-01 -6.845531552108535811e-01 5.878083087593226619e-01 -4.829085440056304912e-02 -6.680330111318633080e-01 -7.425630544003464228e-01 9.009992361268245320e-01 2.917513907441877663e-01 -3.210630822117302996e-01 -2.631554986655886830e-01 -8.887452582451473848e-01 4.228752615476307763e-01
1.592833326600016117e+09 4.300399054173244529e-01 -6.771363872560736130e-01 5.971197476564500395e-01 -6.804520923957341205e-02 -6.838304163214564690e-01 -7.264611562596988703e-01 9.002419282907796472e-01 2.717761487669227427e-01 -3.401502546968082630e-01 -2.749571095644147145e-01 -8.833826586027495598e-01 4.280864614148541247e-01
1.592833326600030899e+09 4.293511389071039130e-01 -6.696758580012870388e-01 6.059635673605007211e-01 -8.806282756342452556e-02 -6.987993623938131282e-01 -7.098763201153756031e-01 8.988339880793820846e-01 2.514233413953111396e-01 -3.590038517015038955e-01 -2.865773061083474738e-01 -8.777379332558074010e-01 4.334062552854974770e-01
1.592833326600040913e+09 4.290445491538961154e-01 -6.621753300017890753e-01 6.143652068738942873e-01 -1.082857895128599146e-01 -7.129467562841503847e-01 -6.928066908124494994e-01 8.967691803571455900e-01 2.307179128504539267e-01 -3.775900980072026680e-01 -2.980154242673554998e-01 -8.718308563378479592e-01 4.388346983453578209e-01
1.592833326600052118e+09 4.291056913465867706e-01 -6.546360510127242627e-01 6.223503407304320501e-01 -1.286574569739111773e-01 -7.262812023260589722e-01 -6.752502308432278832e-01 8.940444981252880785e-01 2.096837049711601508e-01 -3.958752069820167252e-01 -3.092710663823974304e-01 -8.656795435129306382e-01 4.443722040922133965e-01
1.592833326600068092e+09 4.295196837734980289e-01 -6.470575399846654197e-01 6.299439510297393241e-01 -1.491233704768016310e-01 -7.388121235531028841e-01 -6.572053459989545265e-01 8.906599024540995391e-01 1.883432672200600899e-01 -4.138257509084135588e-01 -3.203439591380740636e-01 -8.593005978230768838e-01 4.500195217471385511e-01
1.592833326600084066e+09 4.302718143056118993e-01 -6.394386190180233465e-01 6.371690659168345316e-01 -1.696323122315863408e-01 -7.505487163980184562e-01 -6.386716709712938478e-01 8.866177556724492703e-01 1.667179567048114874e-01 -4.314094093782692707e-01 -3.312338451379560067e-01 -8.527092642280466039e-01 4.557777161809118405e-01
1.592833326600100040e+09 4.313484310571364944e-01 -6.317786167301004951e-01 6.440452706960891893e-01 -1.901373762667046274e-01 -7.614988656555589097e-01 -6.196509147033697484e-01 8.819219406417385665e-01 1.448283719205717690e-01 -4.485960694913987412e-01 -3.419404039515797078e-01 -8.459195869966911197e-01 4.616481488952058343e-01
1.592833326600116014e+09 4.327379945797150684e-01 -6.240785578754139973e-01 6.505872592405429478e-01 -2.105967811813692081e-01 -7.716682390576875550e-01 -6.001475859542103608e-01 8.765767644760903421e-01 1.226950801543131159e-01 -4.653591017140862873e-01 -3.524631964250193317e-01 -8.389445632605481151e-01 4.676324601529750491e-01
1.592833326600133896e+09 4.344321582714507080e-01 -6.163421740517314174e-01 6.568036423343325270e-01 -2.309742422414376717e-01 -7.810597289859660952e-01 -5.801694575883628024e-01 8.705857795178688630e-01 1.003395460670381406e-01 -4.816766303838198593e-01 -3.628016265059853529e-01 -8.317962882794789348e-01 4.737325525329940112e-01
1.592833326600152016e+09 4.364268581325806418e-01 -6.085767068601124485e-01 6.626960008983577843e-01 -2.512389094315244376e-01 -7.896732578762867272e-01 -5.597277521471683004e-01 8.639505819827398847e-01 7.778520376526674995e-02 -4.975327669897395277e-01 -3.729549158971007805e-01 -8.244860901527262254e-01 4.799505760675834565e-01
1.592833326600168943e+09 4.387234641997003193e-01 -6.007935510367907739e-01 6.682580573641206945e-01 -2.713649433551675871e-01 -7.975058949306016443e-01 -5.388370954284783521e-01 8.566695919084896804e-01 5.505866730192649633e-02 -5.129188568534627235e-01 -3.829220902778429081e-01 -8.170246551456668005e-01 4.862889134906126509e-01
1.592833326600186110e+09 4.413299026568263672e-01 -5.930086842469077801e-01 6.734750312131240202e-01 -2.913306637076244487e-01 -8.045523222410805309e-01 -5.175152224825583236e-01 8.487369213301121373e-01 3.219101497041461368e-02 -5.278346115857153187e-01 -3.927019754833538934e-01 -8.094221439580758792e-01 4.927501647470238222e-01
1.592833326600204945e+09 4.442616019478400902e-01 -5.852428201051552703e-01 6.783232789673039331e-01 -3.111172148453694164e-01 -8.108056800846689116e-01 -4.957824403004912339e-01 8.401414808757604602e-01 9.219051874132067753e-03 -5.422889464630564760e-01 -4.022932017980634933e-01 -8.016882988702864754e-01 4.993371304162071977e-01
1.592833326600219965e+09 4.475420262231284974e-01 -5.775211971917121323e-01 6.827703873171413473e-01 -3.307067144866501218e-01 -8.162588139307899171e-01 -4.736608681480430350e-01 8.308665380109550025e-01 -1.381360681600804670e-02 -5.563002611378216056e-01 -4.116942157964163518e-01 -7.938325424874549396e-01 5.060527931716812811e-01
1.592833326600238085e+09 4.512029454394027583e-01 -5.698731822024817317e-01 6.867754061351319939e-01 -3.500801332435449775e-01 -8.209057349452236751e-01 -4.511736638848021785e-01 8.208896409177464104e-01 -3.685553958669671171e-02 -5.698963650500785683e-01 -4.209032997783709318e-01 -7.858640687911482292e-01 5.129002962168375257e-01
1.592833326600255013e+09 4.552842988457965756e-01 -5.623316630793933069e-01 6.902892930950808026e-01 -3.692149511093761882e-01 -8.247432780308344702e-01 -4.283443072590870093e-01 8.101830208880184125e-01 -5.984668995128836211e-02 -5.831139225127668357e-01 -4.299185995046868602e-01 -7.777919270933097984e-01 5.198829173610415300e-01
1.592833326600270987e+09 4.598334836630719735e-01 -5.549322013172027779e-01 6.932556667510032522e-01 -3.880826919796516727e-01 -8.277729234936233027e-01 -4.051960163398193870e-01 7.987145871486074356e-01 -8.271782956473086590e-02 -5.959972895993030928e-01 -4.387381611953218297e-01 -7.696250990335136155e-01 5.270040373442667070e-01
1.592833326600295067e+09 4.649038808135186884e-01 -5.477119058278026031e-01 6.956119967753985334e-01 -4.066465096879871566e-01 -8.300027175745912089e-01 -3.817513658369586782e-01 7.864496156788640668e-01 -1.053904990410451242e-01 -6.085966192578070588e-01 -4.473599781491963134e-01 -7.613725679265207491e-01 5.342671015413217317e-01
1.592833326600312948e+09 4.705525979021672467e-01 -5.407080645787110118e-01 6.972912173159195870e-01 -4.248591103857138895e-01 -8.314491488820604514e-01 -3.580321905730957099e-01 7.733530818265452744e-01 -1.277775487974839586e-01 -6.209653042757519170e-01 -4.557820463097333463e-01 -7.530433790497721436e-01 5.416755750239687917e-01
1.592833326600330114e+09 4.768374082122316948e-01 -5.339565466775374469e-01 6.982238127051322296e-01 -4.426613110678910834e-01 -8.321388230795917496e-01 -3.340597897807819905e-01 7.593925533322514188e-01 -1.497844639365187580e-01 -6.331568246243257647e-01 -4.640024273827281220e-01 -7.446466892406249372e-01 5.492328916146551610e-01
1.592833326600347996e+09 4.838132411350196671e-01 -5.274901187397764701e-01 6.983401195500478220e-01 -4.599815448386254113e-01 -8.321097161811533693e-01 -3.098554485333517294e-01 7.445412858641566878e-01 -1.713113981048383361e-01 -6.452214184175067979e-01 -4.720193167636764775e-01 -7.361918040322277257e-01 5.569423987035906354e-01
1.592833326600366116e+09 4.915284955284900392e-01 -5.213367525829558646e-01 6.975727408153276077e-01 -4.767364764913528674e-01 -8.314118485400840974e-01 -2.854411855895755412e-01 7.287812225316017134e-01 -1.922558939648075504e-01 -6.572028615144051011e-01 -4.798311127986518709e-01 -7.276882010257811340e-01 5.648073003179948648e-01
1.592833326600383997e+09 5.000216494263395317e-01 -5.155180640748813214e-01 6.958588046121860771e-01 -4.928327399948266296e-01 -8.301072570630937397e-01 -2.608406266312647270e-01 7.121054983254277992e-01 -2.125160408849980087e-01 -6.691357798555132019e-01 -4.874364833799769148e-01 -7.191455389487952932e-01 5.728306014930930612e-01
1.592833326600403070e+09 5.093185515268029429e-01 -5.100479883932353964e-01 6.931418778615995313e-01 -5.081696141826023139e-01 -8.282692411064181970e-01 -2.360798758884707360e-01 6.945201628073147671e-01 -2.319937801359160945e-01 -6.810437795721617782e-01 -4.948344251689575923e-01 -7.105736527569823657e-01 5.810150576868918781e-01
1.592833326600420952e+09 5.194306027673976089e-01 -5.049317548744245432e-01 6.893734634194901290e-01 -5.226423317545099145e-01 -8.259809388835894772e-01 -2.111882619849060061e-01 6.760450001466257186e-01 -2.505981080697785579e-01 -6.929384866423444755e-01 -5.020243122011718295e-01 -7.019825364916841837e-01 5.893631319897704168e-01
1.592833326600438118e+09 5.303539578097600238e-01 -5.001652173305739524e-01 6.845140137696480442e-01 -5.361456457190060254e-01 -8.233333608914544799e-01 -1.861988822757661977e-01 6.567134278138231362e-01 -2.682478936778378564e-01 -7.048195098945602144e-01 -5.090059310952109728e-01 -6.933823164378397630e-01 5.978769625864840398e-01
1.592833326600455046e+09 5.420699191747785362e-01 -4.957345936367779093e-01 6.785332826298785536e-01 -5.485771747556280609e-01 -8.204231191602171513e-01 -1.611489659463115343e-01 6.365715091994097463e-01 -2.848738641311466258e-01 -7.166753766330756781e-01 -5.157795015652725246e-01 -6.847832178348283172e-01 6.065583418022452156e-01
1.592833326600471020e+09 5.545461567191362073e-01 -4.916165332027561674e-01 6.714102654775166990e-01 -5.598402612734689754e-01 -8.173500510331522806e-01 -1.360800362814816589e-01 6.156764102913087067e-01 -3.004198372323721444e-01 -7.284850578218259320e-01 -5.223456831926077681e-01 -6.761955285874912125e-01 6.154087062587162427e-01
1.592833326600487947e+09 5.677384444394760754e-01 -4.877784500515834898e-01 6.631328996585599267e-01 -5.698462084083777413e-01 -8.142148895852795443e-01 -1.110378884941473909e-01 5.940945696893262795e-01 -3.148432903636213531e-01 -7.402197950880863297e-01 -5.287055708958543487e-01 -6.676295629579508395e-01 6.244291364047344084e-01
1.592833326600505114e+09 5.815927392678520436e-01 -4.841790680871884134e-01 6.536975721967986930e-01 -5.785158026100986062e-01 -8.111171315810392635e-01 -8.607244232129340755e-02 5.718997744622196233e-01 -3.281152680466058458e-01 -7.518450765326271101e-01 -5.348606820455814592e-01 -6.590956274186570152e-01 6.336203631851157203e-01
1.592833326600522041e+09 5.960473079714844191e-01 -4.807691057034509940e-01 6.431086019483033267e-01 -5.857802064413549781e-01 -8.081531540359695454e-01 -6.123748610328318825e-02 5.491713363535325465e-01 -3.402198507810417771e-01 -7.633225378067822753e-01 -5.408129374517224308e-01 -6.506039901461250219e-01 6.429827801163143786e-01
1.592833326600558996e+09 6.110347540342421224e-01 -4.774920490688669972e-01 6.313777575090675498e-01 -5.915813177672190060e-01 -8.054146086457666387e-01 -3.659034011592387364e-02 5.259924658244515827e-01 -3.511533162282343135e-01 -7.746116928238383492e-01 -5.465646379429947022e-01 -6.421648551523284620e-01 6.525164594058621148e-01
1.592833326600584030e+09 6.264838961730991862e-01 -4.742849645445453288e-01 6.185238075301580096e-01 -5.958716613346852764e-01 -8.029871302182004511e-01 -1.219148322366155057e-02 5.024488942459566232e-01 -3.609230407615264258e-01 -7.856714756054561377e-01 -5.521184387893142143e-01 -6.337883414266873849e-01 6.622211702590126148e-01
1.592833326600601912e+09 6.423214198079281179e-01 -4.710793056322528094e-01 6.045721476381565873e-01 -5.986139354473450913e-01 -8.009493402256334660e-01 1.189584050733900021e-02 4.786277783633105520e-01 -3.695462656264509871e-01 -7.964615543779448581e-01 -5.574773234249633669e-01 -6.254844671166132075e-01 6.720963981390578601e-01
