1.589264475148864031e+09 9.176132762646810326e-01 -2.330720829386698500e-01 -3.219678238020531325e-01 -2.427731401691943791e-01 3.127304519083297651e-01 -9.182923648430385555e-01 3.147174572491104882e-01 9.208024049630558761e-01 2.303819730323913573e-01 1.224164736898708111e-01 -7.721635868056272445e-01 3.169396990325725749e-01
1.589264475148947001e+09 9.184966186651274400e-01 -2.408207664227114131e-01 -3.136388371147735832e-01 -2.436161136867273369e-01 2.801393307410526834e-01 -9.285327915542636035e-01 3.114725524258183387e-01 9.292617038317689815e-01 1.986392087640739823e-01 1.179426304671702258e-01 -7.834086557297708087e-01 3.112065226943018237e-01
1.589264475148998022e+09 9.192679981922490251e-01 -2.489325250904477482e-01 -3.049244916994435783e-01 -2.440615426345196515e-01 2.473241872149260501e-01 -9.376911593338013162e-01 3.088370301111759697e-01 9.364098166627126130e-01 1.666023543388548411e-01 1.130123573701634493e-01 -7.946494482496235801e-01 3.058517911350131513e-01
1.589264475149029970e+09 9.200015385988913330e-01 -2.570447007291407626e-01 -2.958465666347507850e-01 -2.442577844090887684e-01 2.142693667367811805e-01 -9.457413883833551971e-01 3.064886686202760724e-01 9.423463591866410027e-01 1.343429779214298236e-01 1.075903812222091110e-01 -8.058456053331529700e-01 3.008935252222106338e-01
1.589264475149053097e+09 9.207508569690012745e-01 -2.648375726253964224e-01 -2.864941879074613951e-01 -2.443701474390043427e-01 1.809564276481081535e-01 -9.526478902517888647e-01 3.041399195989490378e-01 9.471619881424503395e-01 1.018973891085526579e-01 1.016459877166623893e-01 -8.169513247741235773e-01 2.963478303930222602e-01
1.589264475149075985e+09 9.215493410040471733e-01 -2.720477460939704772e-01 -2.770141442792699582e-01 -2.445740300031403747e-01 1.473771802611995585e-01 -9.583650197364768086e-01 3.015466070234271156e-01 9.509311178757010596e-01 6.927952968434494818e-02 9.515418866539658571e-02 -8.279160271499420576e-01 2.922286063183894278e-01
1.589264475149108887e+09 9.224110633394294601e-01 -2.784779914794042743e-01 -2.675964100759294917e-01 -2.450461518218692847e-01 1.135428411391914694e-01 -9.628397619398758600e-01 2.985133396927824867e-01 9.537075190266254276e-01 3.649321260483717050e-02 8.809676455481264823e-02 -8.386852767744600312e-01 2.885472767320397813e-01
1.589264475149122000e+09 9.233324781059426556e-01 -2.840025164375857836e-01 -2.584563903888020264e-01 -2.459549076743519636e-01 7.948861050344575852e-02 -9.660164308444445513e-01 2.948954366202692357e-01 9.555229624758783125e-01 3.542602964368867912e-03 8.046311801728493751e-02 -8.492019374536780019e-01 2.853125513042964467e-01
1.589264475149147987e+09 9.242949116630050366e-01 -2.885670263738494001e-01 -2.498159077634521386e-01 -2.474511299074003967e-01 4.527377568639195937e-02 -9.678420449712751283e-01 2.905974102806232473e-01 9.563887059602272922e-01 -2.955991627241003755e-02 7.225087755198611461e-02 -8.594075231578037766e-01 2.825302345382613711e-01
1.589264475149194002e+09 9.252677036238281527e-01 -2.921835559287062067e-01 -2.418851927887068765e-01 -2.496605289816573037e-01 1.097816599366528527e-02 -9.682711916670158070e-01 2.855683756753241154e-01 9.562992470361585395e-01 -6.278895873185956489e-02 6.346619992918542397e-02 -8.692436829558169986e-01 2.802030992112221619e-01
1.589264475149213076e+09 9.262117151520350422e-01 -2.949208185459620823e-01 -2.348479715011199676e-01 -2.526787769111025206e-01 -2.330372196788388708e-02 -9.672695450149358942e-01 2.797950941314291673e-01 9.552374823531813997e-01 -9.610441204199766940e-02 5.412373865894101049e-02 -8.786537425671273605e-01 2.783308399430390878e-01
1.589264475149228096e+09 9.271040607684837287e-01 -2.969908956400560962e-01 -2.286361052598443466e-01 -2.563652761217663500e-01 -5.748803778334730941e-02 -9.648688880791416178e-01 2.734134341824621117e-01 9.531482223542400156e-01 -1.294355462687995784e-01 4.424201042221682922e-02 -8.875804519135076509e-01 2.769161079762781363e-01
1.589264475149240971e+09 9.279079345332641449e-01 -2.985083519748908398e-01 -2.233374779259673093e-01 -2.607494255482086798e-01 -9.148952144811248188e-02 -9.610616031315175611e-01 2.664518763155410697e-01 9.500118060432440892e-01 -1.627297341999272839e-01 3.385344833614267052e-02 -8.959763771054293224e-01 2.759557032764739515e-01
1.589264475149252892e+09 9.285878923461886592e-01 -2.996021762143603051e-01 -2.190047086493076556e-01 -2.658374023447945267e-01 -1.252252407642217014e-01 -9.558499437999473658e-01 2.589498059239072059e-01 9.458103274099908253e-01 -1.959281066691931361e-01 2.299679252582929878e-02 -9.037998681239540755e-01 2.754436758102293825e-01
1.589264475149266958e+09 9.291112205803112589e-01 -3.004058262847185135e-01 -2.156587107928757685e-01 -2.716168575900388404e-01 -1.586169077603838129e-01 -9.492444151627622562e-01 2.509514350426772511e-01 9.405301783868351695e-01 -2.289680353238128796e-01 1.171590230857283595e-02 -9.110159937299651123e-01 2.753715206586495601e-01
1.589264475149279118e+09 9.294485746170989549e-01 -3.010498013438310250e-01 -2.132940797771197272e-01 -2.780619813722210454e-01 -1.915919194245988000e-01 -9.412619568424088756e-01 2.425013029715849810e-01 9.341635584143545001e-01 -2.617853406784117487e-01 5.843793474138991861e-05 -9.175972011392451444e-01 2.757284416933700744e-01
1.589264475149293900e+09 9.295740170517265977e-01 -3.016567749640967633e-01 -2.118851980565465698e-01 -2.851383670343974885e-01 -2.240833786186565979e-01 -9.319242198505485186e-01 2.336413036103165974e-01 9.267091398547805392e-01 -2.943160066379031936e-01 -1.192551376418313734e-02 -9.235236823424404218e-01 2.765016696267912910e-01
1.589264475149311066e+09 9.294646456102022558e-01 -3.023389736604987221e-01 -2.113920948888652618e-01 -2.928072038436982938e-01 -2.560294454177751144e-01 -9.212561342691564237e-01 2.244090332933480203e-01 9.181721344216720038e-01 -3.264973472392903586e-01 -2.418479776216703875e-02 -9.287834487523916049e-01 2.776768174369203535e-01
1.589264475149328947e+09 9.291000156516390218e-01 -3.031972522118792646e-01 -2.117654064812656833e-01 -3.010285080676658453e-01 -2.873723714037074717e-01 -9.092848607321103449e-01 2.148371442111401131e-01 9.085640025594493574e-01 -3.582686912454841055e-01 -3.666846883899155946e-02 -9.333721335763418558e-01 2.792382549904895428e-01
1.589264475149343014e+09 9.284615426548147310e-01 -3.043212359758238894e-01 -2.129501100259730551e-01 -3.097632752743776363e-01 -3.180575148901531035e-01 -8.960391347399054851e-01 2.049533541784405999e-01 8.979020007197453523e-01 -3.895717137073509972e-01 -4.932693606883360726e-02 -9.372925570039205567e-01 2.811694843235783559e-01
1.589264475149355888e+09 9.275320254379861851e-01 -3.057899468012548749e-01 -2.148879950976273212e-01 -3.189745849648676912e-01 -3.480325522567158103e-01 -8.815489533703815273e-01 1.947807901738512482e-01 8.862086951413971070e-01 -4.203505594636811060e-01 -6.211293568203406223e-02 -9.405540973162015428e-01 2.834535000582947273e-01
1.589264475149367094e+09 9.262953440167608354e-01 -3.076724984126144036e-01 -2.175191246495251640e-01 -3.286278806894227800e-01 -3.772469767717313016e-01 -8.658455029752222254e-01 1.843384169798763239e-01 8.735115068362420132e-01 -4.505518792064111544e-01 -7.498230856058693550e-02 -9.431719179466415692e-01 2.860731214145775803e-01
1.589264475149380922e+09 9.247363378882706986e-01 -3.100286293060828813e-01 -2.207825958142233536e-01 -3.386906671183503859e-01 -4.056519034448941574e-01 -8.489612274484090726e-01 1.736414054455845679e-01 8.598423009944288209e-01 -4.801248589084778917e-01 -8.789457337403520920e-02 -9.451660992114742088e-01 2.890112871107948789e-01
1.589264475149393082e+09 9.228408345978446059e-01 -3.129089984486380649e-01 -2.246169025329770863e-01 -3.491318580089856072e-01 -4.332001463317665113e-01 -8.309299485597915202e-01 1.627013829453021199e-01 8.452370035939420490e-01 -5.090212845742485559e-01 -1.008132982492273844e-01 -9.465607184184829936e-01 2.922513093410371576e-01
1.589264475149413109e+09 9.205957947592868784e-01 -3.163552591351221355e-01 -2.289601120369042786e-01 -3.599209389978244023e-01 -4.598465233095850313e-01 -8.117869752239560421e-01 1.515265674201697332e-01 8.297352140010597621e-01 -5.371956574832618125e-01 -1.137062827515575303e-01 -9.473829197741628905e-01 2.957770851049924543e-01
1.589264475149430037e+09 9.179894941908998129e-01 -3.204000448419355718e-01 -2.337500802894123264e-01 -3.710271673371379753e-01 -4.855482801960531725e-01 -7.915691436436128603e-01 1.401218396471868022e-01 8.133797877984516589e-01 -5.646053411554230461e-01 -1.265455698951169217e-01 -9.476620146896572727e-01 2.995732635592421866e-01
1.589264475149447918e+09 9.150117131261958914e-01 -3.250669618448371323e-01 -2.389247483491749868e-01 -3.824188688124049440e-01 -5.102655769710872091e-01 -7.703147734574824490e-01 1.284888085125255597e-01 7.962163723573320029e-01 -5.912107195269382665e-01 -1.393073145097411258e-01 -9.474286456402050138e-01 3.036253707222204001e-01
1.589264475149465084e+09 9.116539642844854185e-01 -3.303705873985617880e-01 -2.444224306425182569e-01 -3.940627501980867309e-01 -5.339620530245912100e-01 -7.480635503139639875e-01 1.166258916681921359e-01 7.782928762655474397e-01 -6.169753646243085754e-01 -1.519715379835624713e-01 -9.467140380830547652e-01 3.079198950295688464e-01
1.589264475149481058e+09 9.079096859116229101e-01 -3.363166224851184549e-01 -2.501821973741254479e-01 -4.059233911947247586e-01 -5.566053510863370191e-01 -7.248563196215360716e-01 1.045284794088762320e-01 7.596588793108099980e-01 -6.418661733438757455e-01 -1.645218009118084024e-01 -9.455493583167423610e-01 3.124443376091410873e-01
1.589264475149497986e+09 9.037743612207990163e-01 -3.429022845280550458e-01 -2.561443489133867213e-01 -4.179629783654424946e-01 -5.781675177938234711e-01 -7.007348075814886501e-01 9.218922397269535551e-02 7.403650079295818198e-01 -6.658534391464389079e-01 -1.769448240250411641e-01 -9.439651855209246767e-01 3.171872325545679328e-01
1.589264475149512053e+09 8.992455975263684564e-01 -3.501168913889925460e-01 -2.622508682701321647e-01 -4.301411903679153159e-01 -5.986252951546862100e-01 -6.757413061387368414e-01 7.959844207960695139e-02 7.204622951255478247e-01 -6.889108576059209677e-01 -1.892300841035442771e-01 -9.419910972080073330e-01 3.221381435130830084e-01
1.589264475149528980e+09 8.943231923754469959e-01 -3.579425791828733106e-01 -2.684457818670039075e-01 -4.424151726374516147e-01 -6.179603179430713800e-01 -6.499183494410051276e-01 6.674460955926189709e-02 7.000015398465860850e-01 -7.110154722040780140e-01 -2.013694066202902366e-01 -9.396553609888310676e-01 3.272876429385024877e-01
1.589264475149549007e+09 8.890092064568668739e-01 -3.663550999603690794e-01 -2.746753934790036045e-01 -4.547395638664628592e-01 -6.361592297946372376e-01 -6.233084018957883998e-01 5.361492513975658902e-02 6.790326762472913558e-01 -7.321475703689096504e-01 -2.133565719770854352e-01 -9.369847225145525593e-01 3.326272792587973703e-01
1.589264475149566889e+09 8.833080531992918427e-01 -3.753246583535014835e-01 -2.808883838822638923e-01 -4.670665596909289730e-01 -6.532137238243507227e-01 -5.959535722673816593e-01 4.019592370846462870e-02 6.576041607001960054e-01 -7.522905395878722867e-01 -2.251869469025021830e-01 -9.340042763216566124e-01 3.381495368406970403e-01
1.589264475149585009e+09 8.772266022629794380e-01 -3.848167654902372448e-01 -2.870357913129755190e-01 -4.793460225202028080e-01 -6.691205014775560844e-01 -5.678953650706559664e-01 2.647412491663620610e-02 6.357623862971837347e-01 -7.714306898782331556e-01 -2.368571488018408888e-01 -9.307374068842667603e-01 3.438477919152293505e-01
1.589264475149601936e+09 8.707742947725266580e-01 -3.947930880063870163e-01 -2.930708880811531136e-01 -4.915256415716502958e-01 -6.838811485031101034e-01 -5.391744790621055827e-01 1.243670204921965873e-02 6.135511329253743318e-01 -7.895570505888261925e-01 -2.483647486974252250e-01 -9.272057893075394963e-01 3.497162654069390642e-01
1.589264475149619102e+09 8.639631673840564297e-01 -4.052124017251894084e-01 -2.989490844720862350e-01 -5.035513174009682569e-01 -6.975017990300551585e-01 -5.098306695029579672e-01 -1.927814154129445234e-03 5.910111252478913446e-01 -8.066611021812108984e-01 -2.597080158867868249e-01 -9.234294390160188160e-01 3.557499729848593306e-01
1.589264475149636030e+09 8.568076824581527529e-01 -4.160317239029876490e-01 -3.046279701568515019e-01 -5.153679054787899672e-01 -7.099924776784986014e-01 -4.799027027581738158e-01 -1.662881854526322700e-02 5.681798013607269882e-01 -8.227364074391453341e-01 -2.708857040680171524e-01 -9.194267983519466281e-01 3.619446734480213923e-01
1.589264475149653912e+09 8.493244632155966256e-01 -4.272074217656144368e-01 -3.100673720126021493e-01 -5.269200865528872457e-01 -7.213662933668993915e-01 -4.494284077063295801e-01 -3.167299949456979513e-02 5.450912675045377354e-01 -8.377782114615486275e-01 -2.818968758094770322e-01 -9.152148479649316881e-01 3.682968171814146041e-01
1.589264475149671078e+09 8.415317585388439880e-01 -4.386964469037669123e-01 -3.152296417842357368e-01 -5.381535995576016695e-01 -7.316383117903191291e-01 -4.184448404223152784e-01 -4.706381819768087199e-02 5.217765887053193996e-01 -8.517829470599264097e-01 -2.927407618279288526e-01 -9.108092339187323638e-01 3.748034952961341038e-01
1.589264475149688005e+09 8.334485270555809233e-01 -4.504577169218474952e-01 -3.200802996582663984e-01 -5.490169057299637556e-01 -7.408240560029550892e-01 -3.869885731417339048e-01 -6.280119668064840233e-02 4.982645518580282040e-01 -8.647476200970978244e-01 -3.034166522070967376e-01 -9.062244044134989407e-01 3.814623887639189692e-01
1.589264475149703979e+09 8.250931722282556224e-01 -4.624534934533099384e-01 -3.245890074386835744e-01 -5.594630986407242990e-01 -7.489377893811128839e-01 -3.550960846989157371e-01 -7.888154877987925417e-02 4.745829267411110219e-01 -8.766691207715294754e-01 -3.139238157693753362e-01 -9.014737502381647838e-01 3.882717175104893892e-01
1.589264475149719954e+09 8.164821105823727443e-01 -4.746504960715828836e-01 -3.287306950876972556e-01 -5.694516725410880831e-01 -7.559909056940478100e-01 -3.228041877366203960e-01 -9.529824803601533167e-02 4.507600885285221182e-01 -8.875435690248805187e-01 -3.242614418605208049e-01 -8.965697425555113620e-01 3.952301910964650666e-01
1.589264475149734974e+09 8.076283607937608799e-01 -4.870205774691147016e-01 -3.324866736850051185e-01 -5.789498276688274103e-01 -7.619907026416691265e-01 -2.901504206478757175e-01 -1.120425286522012814e-01 4.268268109333679394e-01 -8.973657814113871201e-01 -3.344285991790326706e-01 -8.915240637639574306e-01 4.023369622897213227e-01
1.589264475149749994e+09 7.985401916158827440e-01 -4.995409911164911398e-01 -3.358457395640284671e-01 -5.879332662839893420e-01 -7.669395882717053858e-01 -2.571733711147313750e-01 -1.291047524957786852e-01 4.028181555703067573e-01 -9.061288522237539445e-01 -3.444242072317846848e-01 -8.863477292224238857e-01 4.095915842351937064e-01
1.589264475149765015e+09 7.892197788105917988e-01 -5.121943613201119794e-01 -3.388053676979297935e-01 -5.963865607962747228e-01 -7.708346559420777844e-01 -2.239129379301217637e-01 -1.464759747717908900e-01 3.787754872617858370e-01 -9.138237901645197558e-01 -3.542470191629619736e-01 -8.810512005733420748e-01 4.169939696100352644e-01
1.589264475149780989e+09 7.796619846558574540e-01 -5.249683192601478643e-01 -3.413728953366850782e-01 -6.043029597807767495e-01 -7.736677335755485219e-01 -1.904105335755239270e-01 -1.641496964223886634e-01 3.547485054455115083e-01 -9.204392296371398663e-01 -3.638956143962674972e-01 -8.756444907369378416e-01 4.245443509231816570e-01
1.589264475149796963e+09 7.698534212544115851e-01 -5.378547621416530644e-01 -3.435665362623513408e-01 -6.116834939160621376e-01 -7.754260232054646096e-01 -1.567092412037199844e-01 -1.821236212292649814e-01 3.307971246769165763e-01 -9.259612569120921899e-01 -3.733683993252629452e-01 -8.701372603892004731e-01 4.322432416739819261e-01
1.589264475149816990e+09 7.597720339207028051e-01 -5.508486814135618026e-01 -3.454159620976207656e-01 -6.185352368376589860e-01 -7.760934679676362302e-01 -1.228539386442189102e-01 -2.004011417671356377e-01 3.069929306656269397e-01 -9.303734321798725615e-01 -3.826636154796692613e-01 -8.645389063881191438e-01 4.400913974019152741e-01
1.589264475149831057e+09 7.493870107907277811e-01 -5.639467966859519343e-01 -3.469627051725837630e-01 -6.248691204380867337e-01 -7.756525561263813984e-01 -8.889147861179655385e-02 -2.189924444899816469e-01 2.834203997535816866e-01 -9.336568891548008287e-01 -3.917793551840553778e-01 -8.588586425802455793e-01 4.480897754828100932e-01
1.589264475149847984e+09 7.386591314183201806e-01 -5.771459878081097727e-01 -3.482602425546448277e-01 -6.306973312390848907e-01 -7.740865943710063535e-01 -5.487095092343345637e-02 -2.379150358974616575e-01 2.601777344137181092e-01 -9.357905655731157957e-01 -4.007135853567050376e-01 -8.531055732718434426e-01 4.562394922856548019e-01
1.589264475149866104e+09 7.275416752798953279e-01 -5.904415369105355804e-01 -3.493735857739307948e-01 -6.360303658329128362e-01 -7.713824607706432079e-01 -2.084402614964406264e-02 -2.571934774415475244e-01 2.373771071879605121e-01 -9.367516343999605644e-01 -4.094641803575402861e-01 -8.472887592203022233e-01 4.645417763469537609e-01
1.589264475149882078e+09 7.159820133916903195e-01 -6.038252262183746444e-01 -3.503781569915514482e-01 -6.408738856267786055e-01 -7.675338062915849635e-01 1.313466381126722829e-02 -2.768581217764306546e-01 2.151440277830844183e-01 -9.365162188249044339e-01 -4.180289642436964548e-01 -8.414172753201517585e-01 4.729979168973856285e-01
1.589264475149899006e+09 7.039238366319773288e-01 -6.172834425545993264e-01 -3.513579143610491284e-01 -6.452257030745610633e-01 -7.625445023193937466e-01 4.700717548050661193e-02 -2.969427969978263859e-01 1.936156859275144360e-01 -9.350603947768955093e-01 -4.264057618289250340e-01 -8.355002586438260437e-01 4.816092080366227712e-01
1.589264475149914026e+09 6.913099804947381299e-01 -6.307954477866477561e-01 -3.524026307150579518e-01 -6.490732082927289648e-01 -7.564321077810046701e-01 8.071206270947814398e-02 -3.174814664258302499e-01 1.729380515507189797e-01 -9.323614906292211346e-01 -4.345924572666226560e-01 -8.295469454145736332e-01 4.903768895216467638e-01
1.589264475149929047e+09 6.780854901066716289e-01 -6.443320662887344064e-01 -3.536046615554877537e-01 -6.523917151675183712e-01 -7.492309159234283866e-01 1.141844344802421529e-01 -3.385042370043100379e-01 1.532619433478147053e-01 -9.283995145721366526e-01 -4.425870575957591146e-01 -8.235666955669287415e-01 4.993020862453412256e-01
1.589264475149945974e+09 6.642006834924718550e-01 -6.578549444552604930e-01 -3.550553820445275788e-01 -6.551439596042690772e-01 -7.409942598529246638e-01 1.473563691575789925e-01 -3.600331160155155752e-01 1.347381876838011083e-01 -9.231585868951449614e-01 -4.503877579772118667e-01 -8.175690041229428662e-01 5.083857490595649065e-01
1.589264475149960995e+09 6.496138408116064467e-01 -6.713164986066022522e-01 -3.568417250539106522e-01 -6.572809067350074974e-01 -7.317957460976393103e-01 1.801576978850869815e-01 -3.820780913068326234e-01 1.175123184553295702e-01 -9.166281621033571803e-01 -4.579930048277967014e-01 -8.115634994211384790e-01 5.176285999639461677e-01
1.589264475149976969e+09 6.342932608491057556e-01 -6.846605454113133815e-01 -3.590431687323647481e-01 -6.587437735756863644e-01 -7.217292596202233845e-01 2.125170982663689978e-01 -4.046340326877713167e-01 1.017192885296638871e-01 -9.088038767183205247e-01 -4.654015523568388879e-01 -8.055599292130014577e-01 5.270310851401934782e-01
1.589264475149992943e+09 6.182185857923194749e-01 -6.978235149603998488e-01 -3.617293496029087008e-01 -6.594669747361388001e-01 -7.109077592943325863e-01 2.443633922659542157e-01 -4.276787226519807583e-01 8.747856899952631549e-02 -8.996879517715923313e-01 -4.726125093632257967e-01 -7.995681367311338050e-01 5.365933380719646317e-01
1.589264475150007963e+09 6.013813588363641216e-01 -7.107360880064996778e-01 -3.649584560799100652e-01 -6.593816229415749852e-01 -6.994610046252760505e-01 2.756268833183415645e-01 -4.511721810688176237e-01 7.489002938570402113e-02 -8.892891244891124591e-01 -4.796253735689900988e-01 -7.935980295598059620e-01 5.463151545288009725e-01
1.589264475150022984e+09 5.837847613979857408e-01 -7.233250124695005390e-01 -3.687767331467375342e-01 -6.584192002649674746e-01 -6.875324984000943385e-01 3.062404624448137325e-01 -4.750573749397477563e-01 6.403116634873576296e-02 -8.776220716560028112e-01 -4.864400521532002419e-01 -7.876595445954359676e-01 5.561959799674452976e-01
1.589264475150037050e+09 5.654428375416321595e-01 -7.355148991124137448e-01 -3.732187439979525734e-01 -6.565149667276962697e-01 -6.752760367785191065e-01 3.361404068056628169e-01 -4.992619516260211610e-01 5.495550579523403312e-02 -8.647065377616639514e-01 -4.930568692913342432e-01 -7.817626122372286490e-01 5.662349081448597721e-01
1.589264475150053024e+09 5.463794336768282855e-01 -7.472298706668510926e-01 -3.783081218439213744e-01 -6.536108504352435844e-01 -6.628521655228394316e-01 3.652668385266423789e-01 -5.237006502359597970e-01 4.769200480465478342e-02 -8.505663419313880258e-01 -4.994765629336494484e-01 -7.759171222803702417e-01 5.764306886413201880e-01
1.589264475150068045e+09 5.266269818723300356e-01 -7.583949562362729546e-01 -3.840587357869990059e-01 -6.496576914386728019e-01 -6.504247975983943331e-01 3.935638030814194166e-01 -5.482781286272586652e-01 4.224539381278873129e-02 -8.352283644471077961e-01 -5.057002735613720379e-01 -7.701328931427390279e-01 5.867817406910110778e-01
1.589264475150084019e+09 5.062253036201659340e-01 -7.689372219732798497e-01 -3.904759798676117333e-01 -6.446168059543164741e-01 -6.381581391089936606e-01 4.209790534485649549e-01 -5.728918884670358702e-01 3.859712973041165562e-02 -8.187216536232837516e-01 -5.117295269981190220e-01 -7.644196454917892014e-01 5.972861713516741666e-01
1.589264475150099993e+09 4.852205110398373211e-01 -7.787866478232560175e-01 -3.975580624931919771e-01 -6.384609192657045851e-01 -6.262139977310178240e-01 4.474636120271419659e-01 -5.974351099951282773e-01 3.670676347761094721e-02 -8.010767149696118583e-01 -5.175662128832348996e-01 -7.587869809537840515e-01 6.079417965004669799e-01
1.589264475150116920e+09 4.636640334680798836e-01 -7.878767442748104699e-01 -4.052972984290938441e-01 -6.311745422820752571e-01 -6.147495353045734356e-01 4.729711476296118988e-01 -6.217992937146825660e-01 3.651362673646450091e-02 -7.823249924455111248e-01 -5.232125609391461429e-01 -7.532443659129764990e-01 6.187461628109964806e-01
1.589264475150134087e+09 4.416118080276370539e-01 -7.961449466613330639e-01 -4.136813207422717631e-01 -6.227538902142387700e-01 -6.039154596127194186e-01 4.974572447316833457e-01 -6.458766164346393390e-01 3.793865847492330218e-02 -7.624985606166492236e-01 -5.286711164198688584e-01 -7.478011201996103141e-01 6.296965695340018820e-01
