1.589264473573649883e+09 4.573929092986388223e-02 -9.397035482645511584e-01 -3.389176282659630557e-01 -6.278299998300478357e-01 2.368513476208020385e-01 -7.414384199308686751e-01 7.770054109332619197e-01 2.466955220754376565e-01 -5.791406657892600451e-01 3.551359031104581732e-01 -3.967331731126960137e-01 7.387468637532792481e-01
1.589264473573704958e+09 5.649313319875758771e-02 -9.358269995091913485e-01 -3.479027924524270010e-01 -6.101728881069100607e-01 2.434491982598461501e-01 -7.539373545540067889e-01 7.902515881409578613e-01 2.548731350276416396e-01 -5.572630550147399386e-01 3.460816296374431000e-01 -3.995878411980909317e-01 7.374465183785343658e-01
1.589264473573729992e+09 6.771012051899762130e-02 -9.315804568887998682e-01 -3.571738960609591729e-01 -5.925861947961059695e-01 2.504572849173967164e-01 -7.655800090617798093e-01 8.026561787920012403e-01 2.634938346089396588e-01 -5.350832250900250386e-01 3.371762406361577535e-01 -4.024306949197182792e-01 7.353412569814906652e-01
1.589264473573750019e+09 7.945190142605354500e-02 -9.269023366749901127e-01 -3.667962019047358302e-01 -5.751950964309890946e-01 2.578948588816091791e-01 -7.762994544060326518e-01 8.141486328900531255e-01 2.726578444335862605e-01 -5.126594419646561818e-01 3.284790945774656024e-01 -4.052523698334495883e-01 7.324746043666922057e-01
1.589264473573769093e+09 9.176201361621304231e-02 -9.217379176342681557e-01 -3.768009343920845078e-01 -5.581221139751152416e-01 2.657677318258658272e-01 -7.860453032242911142e-01 8.246692905547677865e-01 2.824300338462509274e-01 -4.900549328421748285e-01 3.200365790667578647e-01 -4.080561525124378752e-01 7.289133362440227693e-01
1.589264473573787928e+09 1.046602889690200905e-01 -9.160410882719498549e-01 -3.871885181904067275e-01 -5.414803110262823571e-01 2.740710745298133300e-01 -7.947855805117967076e-01 8.341734212502834866e-01 2.928374477559171907e-01 -4.673338554828565528e-01 3.118766579911265158e-01 -4.108553354398558621e-01 7.247419864528555911e-01
1.589264473573806047e+09 1.181405725893720504e-01 -9.097757156024719460e-01 -3.979333518549410531e-01 -5.253662515121838572e-01 2.827922940464051571e-01 -8.025078319355467560e-01 8.426346224314595901e-01 3.038694881603363762e-01 -4.445562138348374548e-01 3.040056404455918626e-01 -4.136688899321255275e-01 7.200568087595260458e-01
1.589264473573823929e+09 1.321718157957451623e-01 -9.029166843234274209e-01 -4.089890859086339203e-01 -5.098534668109824253e-01 2.919135503327440206e-01 -8.092193285119706481e-01 8.500470890101299304e-01 3.154804913332741045e-01 -4.217724576992776808e-01 2.964074268587550409e-01 -4.165162328087042010e-01 7.149597816915886916e-01
1.589264473573843956e+09 1.467020887126970763e-01 -8.954506670707343963e-01 -4.202934690485554126e-01 -4.949870825638899019e-01 3.014136001938573228e-01 -8.149463969145104292e-01 8.564264622905675139e-01 3.275941766458112525e-01 -3.990185085206460203e-01 2.890451406915887089e-01 -4.194118951718821542e-01 7.095531396682241976e-01
1.589264473573863029e+09 1.616647091638266087e-01 -8.873766870301770249e-01 -4.317720894668216625e-01 -4.807800697639262877e-01 3.112688012684659000e-01 -8.197330406969147720e-01 8.618091705136702307e-01 3.401093188735817563e-01 -3.763118452341286391e-01 2.818647684749664983e-01 -4.223608096876473872e-01 7.039347721022098936e-01
1.589264473573882103e+09 1.769855251568282495e-01 -8.787065263651289149e-01 -4.433406867461107126e-01 -4.672113865808706357e-01 3.214532429029541283e-01 -8.236390793374717134e-01 8.662503357495728862e-01 3.529060119386395744e-01 -3.536491235404716216e-01 2.748002411781081955e-01 -4.253547530638920326e-01 6.981946803580398875e-01
1.589264473573899031e+09 1.924934497025159730e-01 -8.696710452380340683e-01 -4.545531267216548765e-01 -4.537726275428475287e-01 3.318281416414331497e-01 -8.270311282189907187e-01 8.700785449406877037e-01 3.654618415112976249e-01 -3.307581715735735672e-01 2.679551514677149249e-01 -4.284435329268911352e-01 6.922428670280986740e-01
1.589264473573915958e+09 2.081812079954013794e-01 -8.602727629152248090e-01 -4.653937667610122952e-01 -4.404770815995583955e-01 3.423773187639908011e-01 -8.299142801018909443e-01 8.732929206596964367e-01 3.777678454992635104e-01 -3.076539121515089459e-01 2.613355110201073250e-01 -4.316273342489712617e-01 6.860895211426527585e-01
1.589264473573934078e+09 2.240399274350787784e-01 -8.505157843377247895e-01 -4.758455753955185830e-01 -4.273348737127992680e-01 3.530847309184081406e-01 -8.322956677988083696e-01 8.758944095464322732e-01 3.898128698428903749e-01 -2.843499777734881384e-01 2.549467583855057895e-01 -4.349066264588571373e-01 6.797452340687409889e-01
1.589264473573951960e+09 2.400588665491633911e-01 -8.404059674078157016e-01 -4.858904718685960744e-01 -4.143526594411889863e-01 3.639349551817526174e-01 -8.341841656051696141e-01 8.778858776947591203e-01 4.015833144594080917e-01 -2.608586347459583843e-01 2.487936960950886678e-01 -4.382821519664202303e-01 6.732210062908116077e-01
1.589264473573970079e+09 2.562252104148612375e-01 -8.299510350744033760e-01 -4.955097587767662848e-01 -4.015334642304829171e-01 3.749136751009045643e-01 -8.355899792726837472e-01 8.792721528068470072e-01 4.130629682152654469e-01 -2.371907789464717253e-01 2.428804222410228530e-01 -4.417549095137894843e-01 6.665282457658577853e-01
1.589264473573987007e+09 2.725239802186547600e-01 -8.191605936257195797e-01 -5.046846561693385524e-01 -3.888767584089181106e-01 3.860081234194792654e-01 -8.365241153481871583e-01 8.800599678577687435e-01 4.242330145262341867e-01 -2.133560460586807483e-01 2.372102574140927678e-01 -4.453261316361155076e-01 6.596787567711293043e-01
1.589264473574003935e+09 2.889381190758473217e-01 -8.080460124671329236e-01 -5.133969275298595480e-01 -3.763788688635955615e-01 3.972074129128875253e-01 -8.369977409381308409e-01 8.802577522911293473e-01 4.350723077508534264e-01 -1.893630813789801970e-01 2.317856685007421980e-01 -4.489972556993087061e-01 6.526847179283493672e-01
1.589264473574022055e+09 3.054488495604869014e-01 -7.966200981857296526e-01 -5.216295808185688054e-01 -3.640338704434643025e-01 4.085026555074076082e-01 -8.370214583562779476e-01 8.798751851956467807e-01 4.455580767062325975e-01 -1.652200314380677937e-01 2.266081921506671870e-01 -4.527698884561054959e-01 6.455586477050552219e-01
1.589264473574039936e+09 3.220363346819064554e-01 -7.848965599088094658e-01 -5.293675372594943696e-01 -3.518349360829551298e-01 4.198867785928092622e-01 -8.366046085517214737e-01 8.789225090685587327e-01 4.556670753017559305e-01 -1.409352318201528009e-01 2.216783616172065263e-01 -4.566457644251073478e-01 6.383133559590411510e-01
1.589264473574057102e+09 3.386806072426942205e-01 -7.728893119541053736e-01 -5.365981344181621759e-01 -3.397759988110266582e-01 4.313540002952936381e-01 -8.357547470381128107e-01 8.774096631342037655e-01 4.653770922636276119e-01 -1.165180031780559955e-01 2.169956398544801157e-01 -4.606266981666968796e-01 6.309618813084316713e-01
1.589264473574074984e+09 3.553627037159001745e-01 -7.606116699014388027e-01 -5.433113624190943902e-01 -3.278535528027747281e-01 4.428989788482634582e-01 -8.344774068752770502e-01 8.753453014521512809e-01 4.746687078920742153e-01 -9.197945968170548325e-02 2.125583606907214262e-01 -4.647145302627364027e-01 6.235174150093584222e-01
1.589264473574091911e+09 3.720659425575892354e-01 -7.480754829074151013e-01 -5.494997783236976741e-01 -3.160684605163608940e-01 4.545156793491259006e-01 -8.327762158155953554e-01 8.727357347491344619e-01 4.835272166127962956e-01 -6.733326158888867929e-02 2.083636810132726280e-01 -4.689110674875937024e-01 6.159932118073891960e-01
1.589264473574110031e+09 3.887772657004334165e-01 -7.352902544343340452e-01 -5.551580671525988553e-01 -3.044276328349700966e-01 4.661960282946066569e-01 -8.306534052806584523e-01 8.695838396003912063e-01 4.919446158284388471e-01 -4.259625444658414473e-02 2.044075469455739480e-01 -4.732180179613856841e-01 6.084024887222556632e-01
1.589264473574127913e+09 4.054885301606757086e-01 -7.222623208827920749e-01 -5.602822430323488589e-01 -2.929454449161718044e-01 4.779284517277164190e-01 -8.281107181213975821e-01 8.658879940643900985e-01 4.999215288105025579e-01 -1.778895153020786449e-02 2.006846766821542838e-01 -4.776369222869289999e-01 6.007583133145449894e-01
1.589264473574146032e+09 4.221976288306121816e-01 -7.089941591421253797e-01 -5.648685197710897610e-01 -2.816447921888058925e-01 4.896963934930282369e-01 -8.251506852498933231e-01 8.616410930876889918e-01 5.074689395500945333e-01 7.064143556192420403e-03 1.971885627251408479e-01 -4.821690821211315758e-01 5.930734834181105031e-01
1.589264473574163914e+09 4.389093514136372942e-01 -6.954838727039993618e-01 -5.689119124842880737e-01 -2.705577835459980762e-01 5.014768691018485214e-01 -8.217782156117350301e-01 8.568296604692159368e-01 5.146096896387152286e-01 3.193431226409546714e-02 1.939114968782644499e-01 -4.868154884500295321e-01 5.853604007813029142e-01
1.589264473574181080e+09 4.556358747352231564e-01 -6.817249222009948983e-01 -5.724046472737083224e-01 -2.597260672567678341e-01 5.132391003452445588e-01 -8.180024425389327281e-01 8.514330976054288458e-01 5.213796663011046606e-01 5.678841342563180350e-02 1.908446213967974203e-01 -4.915767525616895894e-01 5.776309418778426963e-01
1.589264473574197054e+09 4.723967812551030931e-01 -6.677061621966281502e-01 -5.753344784911568199e-01 -2.492008175455834862e-01 5.249432452490748746e-01 -8.138387690061867907e-01 8.454231092487407562e-01 5.278286372841463070e-01 8.158857788061096850e-02 1.879780086840560083e-01 -4.964530430510175618e-01 5.698963301410591153e-01
1.589264473574213028e+09 4.892185200115393706e-01 -6.534122392185800487e-01 -5.776830319762760180e-01 -2.390424306749402150e-01 5.365392065706930946e-01 -8.093110627472174246e-01 8.387633492667645463e-01 5.340207164117357630e-01 1.062916666513599451e-01 1.853007698675663562e-01 -5.014440319802869750e-01 5.621670146521430267e-01
1.589264473574228048e+09 5.061332182769195942e-01 -6.388244116777093140e-01 -5.794243147448159270e-01 -2.293199529376299950e-01 5.479654992896647592e-01 -8.044539582278369405e-01 8.314093604241979962e-01 5.400344273634264392e-01 1.308483576164024553e-01 1.828011911552782920e-01 -5.065488533459153730e-01 5.544525606088710479e-01
1.589264473574243069e+09 5.231767652420494796e-01 -6.239218469068013029e-01 -5.805235579883853969e-01 -2.201102419172216995e-01 5.591481569921159522e-01 -7.993152194666288679e-01 8.233089054388533778e-01 5.459623316580005659e-01 1.552017353809688194e-01 1.804668966915861095e-01 -5.117660777681465323e-01 5.467615571122947937e-01
1.589264473574259996e+09 5.403861432525778330e-01 -6.086834256288677913e-01 -5.809365745600234554e-01 -2.114968712257209171e-01 5.699996341951493184e-01 -7.939581164108404643e-01 8.144027810025107339e-01 5.519102322720815801e-01 1.792852638628763262e-01 1.782850357703463784e-01 -5.170937078161814693e-01 5.391015481638027351e-01
1.589264473574278116e+09 5.577959386537204578e-01 -5.930901120417119143e-01 -5.806098603502933830e-01 -2.035686508166479058e-01 5.804177658388619543e-01 -7.884637097792367433e-01 8.046263078534481306e-01 5.579958209532245306e-01 2.030201185560015220e-01 1.762424899611998996e-01 -5.225291979060124881e-01 5.314789928048655465e-01
1.589264473574295044e+09 5.754339883660333221e-01 -5.771279356820999684e-01 -5.794817262042869510e-01 -1.964175416612866654e-01 5.902849577512254697e-01 -7.829328311649048633e-01 7.939117548104789313e-01 5.643465376982083059e-01 2.263119771276335124e-01 1.743260932815479114e-01 -5.280695018025939325e-01 5.238992597885412383e-01
1.589264473574311972e+09 5.933163179367089146e-01 -5.607915360026355378e-01 -5.774847185285973961e-01 -1.901358299559634535e-01 5.994677582033369756e-01 -7.774874746110996826e-01 7.821918646368332118e-01 5.710965418614560862e-01 2.490474388534599515e-01 1.725228564125305120e-01 -5.337111495478905621e-01 5.163666610596122641e-01
1.589264473574328899e+09 6.114416920319883930e-01 -5.440881500050164243e-01 -5.745495125621467025e-01 -1.848124642108984472e-01 6.078169839667401098e-01 -7.722712394032252847e-01 7.694045817294309364e-01 5.783827444944076301e-01 2.710903733342512889e-01 1.708201848358424924e-01 -5.394503546687792195e-01 5.088845269936517202e-01
1.589264473574346066e+09 6.297862781165758372e-01 -5.270418547199864356e-01 -5.706103113207912081e-01 -1.805285576974233752e-01 6.151685565545577106e-01 -7.674484262918210842e-01 7.554989634821389632e-01 5.863399444882775313e-01 2.922786097279868600e-01 1.692060796819792323e-01 -5.452831510224926959e-01 5.014553246578061785e-01
1.589264473574368000e+09 6.482990515800861608e-01 -5.096978406365648695e-01 -5.656115726247177289e-01 -1.773521928969684636e-01 6.213451650044069519e-01 -7.632014057480538405e-01 7.404421243202469194e-01 5.950952001805905889e-01 3.124214513822162753e-01 1.676693094933552342e-01 -5.512055568413238849e-01 4.940808183826143063e-01
1.589264473574393988e+09 6.668985372998046390e-01 -4.921264951459011217e-01 -5.595157315384573504e-01 -1.753326700768743918e-01 6.261590287701651603e-01 -7.597258226681782300e-01 7.242270333439229102e-01 6.047614269826181443e-01 3.312986879500665061e-01 1.661995411238359754e-01 -5.572137614503631653e-01 4.867622697277129706e-01
1.589264473574414968e+09 6.854715254624604848e-01 -4.744270302372597947e-01 -5.523113079384164292e-01 -1.744945788144924570e-01 6.294159656226250288e-01 -7.572233384670695733e-01 7.068807748282738279e-01 6.154303659225619505e-01 3.486617772401045534e-01 1.647874192556657291e-01 -5.633043285263406030e-01 4.795006720646223242e-01
1.589264473574436903e+09 7.038742715572078312e-01 -4.567303241211186915e-01 -5.440206071319823034e-01 -1.748321334072897859e-01 6.309211360729108931e-01 -7.558916888815792046e-01 6.884727554868805832e-01 6.271649951834203929e-01 3.642380180575744975e-01 1.634245855854173368e-01 -5.694744077916020775e-01 4.722970131092266710e-01
1.589264473574460983e+09 7.219366014947878885e-01 -4.392004930634174631e-01 -5.347059663321791501e-01 -1.763044144480727382e-01 6.304868032004975476e-01 -7.559121275463586143e-01 6.691220344229404926e-01 6.399916546175705712e-01 3.777385141856696160e-01 1.621036309533091802e-01 -5.757219450091964896e-01 4.651525569596943188e-01
1.589264473574486017e+09 7.394691549814123022e-01 -4.220345676799921453e-01 -5.244732525405475521e-01 -1.788323920979751902e-01 6.279421679474045392e-01 -7.574348878851254740e-01 6.490025766143128205e-01 6.538925427715562844e-01 3.888704129724442349e-01 1.608179766605769001e-01 -5.820458782839762479e-01 4.580691356766206090e-01
1.589264473574512959e+09 7.562736255520603468e-01 -4.054595296458690101e-01 -5.134712973768984501e-01 -1.822986054005498457e-01 6.231450655844602560e-01 -7.605638999073492945e-01 6.283449863332878360e-01 6.687995194008033994e-01 3.973534711421340404e-01 1.595616851029216798e-01 -5.884463076911962132e-01 4.510494397413942758e-01
1.589264473574537992e+09 7.721553711952052756e-01 -3.897259955500797513e-01 -5.018861735922962586e-01 -1.865502490083075504e-01 6.159947288151185196e-01 -7.653427328997447487e-01 6.074331958483243366e-01 6.845904925983128386e-01 4.029401569155380836e-01 1.583292039478937097e-01 -5.949246245193459126e-01 4.440972963759152736e-01
1.589264473574563026e+09 7.869371705241454684e-01 -3.750981622682726946e-01 -4.899298505160090134e-01 -1.914060249646807599e-01 6.064440916137584514e-01 -7.717443213198955654e-01 5.865949397549533595e-01 7.010898177116029473e-01 4.054373492718965077e-01 1.571150523095737050e-01 -6.014835857721815282e-01 4.372179243711165064e-01
1.589264473574587107e+09 8.004723560837951890e-01 -3.618402662225826405e-01 -4.778238472511083246e-01 -1.966664072767226323e-01 5.945095450278775617e-01 -7.796670605169460089e-01 5.661857747136724850e-01 7.180738281662550904e-01 4.047266310043926563e-01 1.559134620852200281e-01 -6.081273207348573129e-01 4.304181550532808487e-01
1.589264473574615955e+09 8.126554077721566127e-01 -3.502004917477899992e-01 -4.657797804912722217e-01 -2.021260873527363777e-01 5.802760784849031461e-01 -7.889389822319462509e-01 5.465676839383609709e-01 7.352817748331074155e-01 4.007798379436758873e-01 1.547179918366517748e-01 -6.148612583011578980e-01 4.237066103849387866e-01
1.589264473574650049e+09 8.234284714768228541e-01 -3.403938922484684992e-01 -4.539796808200814993e-01 -2.075867693214315246e-01 5.638962030646623713e-01 -7.993302230664560692e-01 5.280845440471277907e-01 7.524314389832033045e-01 3.936669201213518487e-01 1.535211341318910017e-01 -6.216919667101886704e-01 4.170938310628672374e-01
1.589264473574676991e+09 8.327830132196895052e-01 -3.325864118334369568e-01 -4.425592973520223739e-01 -2.128684022113726260e-01 5.455818782509135323e-01 -8.105723025120616931e-01 5.110376662554113603e-01 7.692377349469049497e-01 3.835541823935775807e-01 1.523139397238366111e-01 -6.286269015201879640e-01 4.105923499286064926e-01
1.589264473574703932e+09 8.407567222563337994e-01 -3.268822513937361673e-01 -4.315971823596281842e-01 -2.178173570503292578e-01 5.255898941827104043e-01 -8.223812146663731504e-01 4.956649403063485559e-01 7.854318919754769146e-01 3.706926085701663931e-01 1.510856828293082044e-01 -6.356740630467708764e-01 4.042167091360213682e-01
1.589264473574731112e+09 8.474266950133939602e-01 -3.233162273397002240e-01 -4.211111656483609855e-01 -2.223108602826910363e-01 5.042025905454311507e-01 -8.344804546681539037e-01 4.821264129673654697e-01 8.007785991762453870e-01 3.553980262328130246e-01 1.498235908279064443e-01 -6.428415698272587075e-01 3.979834221677926998e-01
1.589264473574758053e+09 8.529004616762295710e-01 -3.218518249041668056e-01 -4.110622889472517749e-01 -2.262579652995980184e-01 4.817066792783791795e-01 -8.466203449082742027e-01 4.704977531441859040e-01 8.150890000572115213e-01 3.380263100730996895e-01 1.485126593675694662e-01 -6.501371591449921494e-01 3.919108830522539666e-01
1.589264473574784994e+09 8.573064326804227253e-01 -3.223846764582075086e-01 -4.013649224657364623e-01 -2.295980867311093188e-01 4.583731064566300972e-01 -8.585911797719769645e-01 4.607715259841875244e-01 8.282283596505258805e-01 3.189473077836367243e-01 1.471355704644645990e-01 -6.575676299856126894e-01 3.860192257865984189e-01
1.589264473574815035e+09 8.607849612123311678e-01 -3.247504668988485665e-01 -3.919009886640852369e-01 -2.322984081417595326e-01 4.344404263245228992e-01 -8.702292604166407264e-01 4.528649911726256305e-01 8.401182358981426068e-01 2.985207689780360329e-01 1.456727268415859700e-01 -6.651382478744367610e-01 3.803301371590075419e-01
1.589264473574842930e+09 8.634807210460886395e-01 -3.287358089643414027e-01 -3.825360275876104610e-01 -2.343513253058351897e-01 4.101033169355880470e-01 -8.814163181501402100e-01 4.466324000942417660e-01 8.507338228878071895e-01 2.770766352660965492e-01 1.441024107881817007e-01 -6.728521344114790637e-01 3.748666256433179078e-01
1.589264473574871063e+09 8.655365992867464220e-01 -3.340906480700490122e-01 -3.731351421180951755e-01 -2.357726466401385557e-01 3.855068686482981954e-01 -8.920738273578091571e-01 4.418796832811501263e-01 8.600976067617288612e-01 2.549008677421957247e-01 1.424010698185476931e-01 -6.807096677397175277e-01 3.696527494464235675e-01
1.589264473574898005e+09 8.670889045722817157e-01 -3.405412039434422833e-01 -3.635773921747795789e-01 -2.366006858555282921e-01 3.607464378551095141e-01 -9.021541570945984523e-01 4.383799118639320480e-01 8.682705200856026817e-01 2.322269511793920715e-01 1.405437251501025497e-01 -6.887079220111268496e-01 3.647133066146630020e-01
1.589264473574920893e+09 8.682635959584360519e-01 -3.478027556903789397e-01 -3.537676796765448217e-01 -2.368959050512475240e-01 3.358722938130504487e-01 -9.116304802683116160e-01 4.358883552114768967e-01 8.753416735419424777e-01 2.092326369891948090e-01 1.385044929053724783e-01 -6.968401743397092396e-01 3.600734898066450529e-01
1.589264473574943066e+09 8.691732855111414802e-01 -3.555918350291810137e-01 -3.436455248225551706e-01 -2.367404826074047119e-01 3.108979069100605286e-01 -9.204870642813393067e-01 4.341563586478964787e-01 8.814175732274063257e-01 1.860411725428977037e-01 1.362572037851103868e-01 -7.050955060002969121e-01 3.557585058114005050e-01
1.589264473574965000e+09 8.699148761170832911e-01 -3.636375717165081234e-01 -3.331903733041259863e-01 -2.362370996193843831e-01 2.858105207814126136e-01 -9.287111386806992108e-01 4.329435773625988637e-01 8.866115624667769701e-01 1.627261384975484670e-01 1.337761024134345167e-01 -7.134585236578059320e-01 3.517931599577355795e-01
1.589264473574981928e+09 8.705678135367717063e-01 -3.716919970683879026e-01 -3.224232334453271398e-01 -2.355063384164833296e-01 2.605825972448033157e-01 -9.362870685395241477e-01 4.320282938713931875e-01 8.910341011319496962e-01 1.393190006574082651e-01 1.310366031364856021e-01 -7.219092247361744707e-01 3.482014067519659806e-01
1.589264473575015068e+09 8.711930231745553810e-01 -3.795390645354061454e-01 -3.114045840699669609e-01 -2.346823221068773391e-01 2.351827980802961848e-01 -9.431931187795894456e-01 4.312156353479217330e-01 8.947844153922951405e-01 1.158185038419345808e-01 1.280160745568736658e-01 -7.304230283987475092e-01 3.450058707420886051e-01
1.589264473575028896e+09 8.718326712235644482e-01 -3.870019451603572413e-01 -3.002287260498329724e-01 -2.339066176296319965e-01 2.095853304043706067e-01 -9.494006970946873292e-01 4.303434532118638467e-01 8.979440315355821101e-01 9.220102242893685185e-02 1.246946201166685142e-01 -7.389709894906398846e-01 3.422273463731637100e-01
1.589264473575052977e+09 8.725108845454162543e-01 -3.939479772767144894e-01 -2.890151339732610625e-01 -2.333209018698098602e-01 1.837767541569045870e-01 -9.548756262036085518e-01 4.292855846712839152e-01 9.005726488623658765e-01 6.843092096474408248e-02 1.210558155511701622e-01 -7.475202060548410410e-01 3.398842941825023223e-01
1.589264473575078011e+09 8.732354488083662325e-01 -4.002907560581612234e-01 -2.778977539942672492e-01 -2.330592042392360952e-01 1.577597824310449925e-01 -9.595807722657877514e-01 4.279524019912180344e-01 9.027065756426514431e-01 4.446998933092070894e-02 1.170873613412785202e-01 -7.560344199454963610e-01 3.379923562596422459e-01
1.589264473575107098e+09 8.740003689512478857e-01 -4.059890790924199355e-01 -2.670135255881108116e-01 -2.332407140974270543e-01 1.315540920581791395e-01 -9.634792630283188775e-01 4.262887806015540626e-01 9.043596566445575302e-01 2.028514226239228752e-02 1.127816085790426665e-01 -7.644747963943547830e-01 3.365639184248022109e-01
1.589264473575133085e+09 8.747890396823664316e-01 -4.110428386984592009e-01 -2.564915611136883156e-01 -2.339641088949284964e-01 1.051946169358969341e-01 -9.665375773617050914e-01 4.242698809803993609e-01 9.055262985509481277e-01 -4.146173552120879791e-03 1.081359201987167479e-01 -7.728008529172256669e-01 3.356077498481421784e-01
1.589264473575161934e+09 8.755776717744526705e-01 -4.154863974797938231e-01 -2.464443026639345502e-01 -2.353041052942710099e-01 7.872812700915210460e-02 -9.687279598446695283e-01 4.218953884891448181e-01 9.061859277052846107e-01 -2.883306487582644462e-02 1.031528391384032572e-01 -7.809714928602695672e-01 3.351287486333119348e-01
1.589264473575191975e+09 8.763385877049409967e-01 -4.193803773968313720e-01 -2.369615556794439359e-01 -2.373104947917289431e-01 5.220903050774013121e-02 -9.700298687827446642e-01 4.191830255007497619e-01 9.063080691638312203e-01 -5.377057680733385303e-02 9.784005018765370987e-02 -7.889460880717552582e-01 3.351278136033616351e-01
1.589264473575218916e+09 8.770430395861035233e-01 -4.228029326802853483e-01 -2.281078406077709231e-01 -2.400096003249565235e-01 2.569526111913399483e-02 -9.704303918588886857e-01 4.161621061228873431e-01 9.058572921360024122e-01 -7.894091297305408372e-02 9.221013942411200592e-02 -7.966855511905609477e-01 3.356018510744080419e-01
1.589264473575244904e+09 8.776633245815768092e-01 -4.258416245880057294e-01 -2.199227127171801688e-01 -2.434075021131315297e-01 -7.551158468640413457e-04 -9.699238206429543485e-01 4.128678683392185134e-01 9.047974030747960583e-01 -1.043157836176397402e-01 8.628017006015636925e-02 -8.041533403763284626e-01 3.365439148283240200e-01
1.589264473575273037e+09 8.781741210172139267e-01 -4.285866649873615875e-01 -2.124233600310394265e-01 -2.474943139485291377e-01 -2.708626724268984112e-02 -9.685106601506907609e-01 4.093369978961411970e-01 9.030945713291481658e-01 -1.298592215394204497e-01 8.007110474633291619e-02 -8.113163461733933213e-01 3.379434690348663839e-01
1.589264473575305939e+09 8.785531148838499060e-01 -4.311259259351574169e-01 -2.056085125442519146e-01 -2.522487132521578634e-01 -5.324590610454390388e-02 -9.661963880502033586e-01 4.056045008363431403e-01 9.007193289320628571e-01 -1.555303167202554127e-01 7.360711184369382598e-02 -8.181456198725463036e-01 3.397867575619373248e-01
1.589264473575331926e+09 8.787810517506385866e-01 -4.335417236114966766e-01 -1.994628714528989821e-01 -2.576422181553070789e-01 -7.918571301333640622e-02 -9.629901922730601527e-01 4.017018180399592464e-01 8.976475905302185865e-01 -1.812855554872264130e-01 6.691479815312204038e-02 -8.246169154060503104e-01 3.420572569965420473e-01
1.589264473575359106e+09 8.788413996408341866e-01 -4.359091464845529229e-01 -1.939613631749106948e-01 -2.636428143147965808e-01 -1.048611171859893942e-01 -9.589038599871222424e-01 3.976559578913123061e-01 8.938609299862709801e-01 -2.070806051450722329e-01 6.002241176257935157e-02 -8.307110306518036280e-01 3.447361868785247530e-01
1.589264473575386047e+09 8.787198183849410649e-01 -4.382955396027480299e-01 -1.890727395953570866e-01 -2.702177071089464921e-01 -1.302307143041168125e-01 -9.539509169512578879e-01 3.934893539241837157e-01 8.893463785605514316e-01 -2.328715253507573080e-01 5.295905636369030445e-02 -8.364139475891362308e-01 3.478030492837563270e-01
1.589264473575417042e+09 8.784036101363925653e-01 -4.407607029480448690e-01 -1.847622811948349264e-01 -2.773351330447645924e-01 -1.552555719602935480e-01 -9.481460496621011425e-01 3.892201456607434218e-01 8.840959846956941703e-01 -2.586154830755652556e-01 4.575395352653386510e-02 -8.417167837028534105e-01 3.512361700731979619e-01
1.589264473575460911e+09 8.778812827569516530e-01 -4.433573964772132281e-01 -1.809935703006535224e-01 -2.849652920447817706e-01 -1.798986175058447379e-01 -9.415047901550160914e-01 3.848626194177012794e-01 8.781063184216510997e-01 -2.842710990455181719e-01 3.843578161060896836e-02 -8.466155756712790970e-01 3.550132182800596614e-01
1.589264473575480938e+09 8.771422779347930465e-01 -4.461318679152684874e-01 -1.777295158549000442e-01 -2.930806108360941575e-01 -2.041242081198997860e-01 -9.340433947878912235e-01 3.804276277059394085e-01 8.713780259647135873e-01 -3.097985732270200354e-01 3.103211217373367733e-02 -8.511109240769857420e-01 3.591116835633981208e-01
1.589264473575500011e+09 8.761768697471578049e-01 -4.491242471959240312e-01 -1.749328545956652381e-01 -3.016555520711424743e-01 -2.278979196632226756e-01 -9.257788430577531535e-01 3.759228922742736678e-01 8.639154755177264056e-01 -3.351597085789884134e-01 2.356895595535865237e-02 -8.552075301905994742e-01 3.635092981108538068e-01
1.589264473575519085e+09 8.749762048079368082e-01 -4.523687614693789882e-01 -1.725663489292771635e-01 -3.106661655598416116e-01 -2.511865428963550029e-01 -9.167288881559504388e-01 3.713531670901022985e-01 8.557264892245440846e-01 -3.603179165143108875e-01 1.607042299549812925e-02 -8.589136550983699214e-01 3.681843957265035217e-01
1.589264473575536966e+09 8.735324498843016761e-01 -4.558937852904443866e-01 -1.705928358662862632e-01 -3.200895136468808744e-01 -2.739582603689231788e-01 -9.069121098344971044e-01 3.667202780928890959e-01 8.468221348998918874e-01 -3.852382503188000462e-01 8.558495716177312931e-03 -8.622405317593414553e-01 3.731162043532482708e-01
1.589264473575555086e+09 8.718389713845117184e-01 -4.597218263339890587e-01 -1.689752954829775722e-01 -3.299031344317884806e-01 -2.961829230543409630e-01 -8.963479224712856963e-01 3.620231069695269976e-01 8.372165302546137333e-01 -4.098874864132628915e-01 1.052908534083509158e-03 -8.652017616070212247e-01 3.782850702771368145e-01
1.589264473575572968e+09 8.698905148874551685e-01 -4.638695134858948910e-01 -1.676769712376110777e-01 -3.400845799022140792e-01 -3.178323822827071599e-01 -8.850565266810679343e-01 3.572575691775821127e-01 8.269266299259175890e-01 -4.342342432539336716e-01 -6.428877402193200995e-03 -8.678127236810931899e-01 3.836726163186477412e-01
1.589264473575591087e+09 8.676834081365314422e-01 -4.683475806370569483e-01 -1.666614744690874117e-01 -3.506109629715578602e-01 -3.388808920846232420e-01 -8.730588146050695109e-01 3.524165943912891952e-01 8.159719877192824766e-01 -4.582491236049616723e-01 -1.387161913288361900e-02 -8.700900192134725097e-01 3.892618395818860377e-01
1.589264473575608969e+09 8.652157172996580714e-01 -4.731609556597793365e-01 -1.658929555254955168e-01 -3.614586222086624834e-01 -3.593054877016880200e-01 -8.603762148467319903e-01 3.474901827142909960e-01 8.043744629209194086e-01 -4.819048623405846055e-01 -2.126217326670780047e-02 -8.720509703786861744e-01 3.950371556962220532e-01
1.589264473575627089e+09 8.624873201381779708e-01 -4.783090162546112523e-01 -1.653363471431244791e-01 -3.726029383329500511e-01 -3.790862744379681071e-01 -8.470304876531397076e-01 3.424655793816645533e-01 7.921578640376203406e-01 -5.051764497794432041e-01 -2.858933115514211351e-02 -8.737131851730642884e-01 4.009843983643096021e-01
1.589264473575650930e+09 8.594999256616951966e-01 -4.837859740404921172e-01 -1.649575982652946027e-01 -3.840182315573352212e-01 -3.982066389097674297e-01 -8.330434986813625153e-01 3.373275496225857650e-01 7.793475502662019494e-01 -5.280412106922318660e-01 -3.584362406406867152e-02 -8.750941935590159648e-01 4.070907840651325493e-01
1.589264473575670958e+09 8.562570652742765853e-01 -4.895813436668103868e-01 -1.647238483568958245e-01 -3.956776936654138876e-01 -4.166533967058100862e-01 -8.184369920065024395e-01 3.320587312800752922e-01 7.659700092071013433e-01 -5.504788315689949085e-01 -4.301711234186397781e-02 -8.762111546987293442e-01 4.133448515286687885e-01
1.589264473575689077e+09 8.527640741768365285e-01 -4.956804575691486359e-01 -1.646035172576341687e-01 -4.075533284428888292e-01 -4.344168892072934884e-01 -8.032323767018501037e-01 3.266400440620527701e-01 7.520524253103220147e-01 -5.724713366009068771e-01 -5.010317014561545268e-02 -8.770806319882330504e-01 4.197363842198678641e-01
1.589264473575706959e+09 8.490280733571664573e-01 -5.020649975415683031e-01 -1.645663058199487161e-01 -4.196158916292851426e-01 -4.514910366396318042e-01 -7.874505365175341609e-01 3.210511396344639667e-01 7.376222489453334585e-01 -5.940030165157971220e-01 -5.709627442214689624e-02 -8.777184293878105281e-01 4.262563231116342499e-01
1.589264473575725079e+09 8.450579517714815747e-01 -5.087135294099369709e-01 -1.645831196061599278e-01 -4.318348385443920856e-01 -4.678733438417597701e-01 -7.711116692653476878e-01 3.152708842959442426e-01 7.227067726132436754e-01 -6.150603144113824250e-01 -6.399180465958842490e-02 -8.781394820872631124e-01 4.328966750199685354e-01
1.589264473575742960e+09 8.408643493379476253e-01 -5.156020269112049359e-01 -1.646259274043709586e-01 -4.441782845881128150e-01 -4.835648586884349065e-01 -7.542351616555125204e-01 3.092778647609195075e-01 7.073327204025559034e-01 -6.356316740428155088e-01 -7.078585866688433259e-02 -8.783577954395924703e-01 4.396504195756827382e-01
1.589264473575759888e+09 8.364595579661056046e-01 -5.227044757863575919e-01 -1.646676622663913736e-01 -4.566131033877418588e-01 -4.985699717747358317e-01 -7.368395057233806389e-01 3.030509558154214078e-01 6.915258594621160881e-01 -6.557073309824795748e-01 -7.747508814804911215e-02 -8.783864255076293537e-01 4.465114169787733900e-01
1.589264473575778008e+09 8.318572653756588497e-01 -5.299936263007299919e-01 -1.646822584207384421e-01 -4.691052656721357850e-01 -5.128959537377795197e-01 -7.189422720174478698e-01 2.965699578175985951e-01 6.753106668707273830e-01 -6.752790262997268034e-01 -8.405655567926183236e-02 -8.782374929661269647e-01 4.534743186965470851e-01
1.589264473575809956e+09 8.270722374641976682e-01 -5.374417448493671312e-01 -1.646447236490003463e-01 -4.816202701655932783e-01 -5.265523662273444705e-01 -7.005601481111575213e-01 2.898161995157865212e-01 6.587100853828157243e-01 -6.943396819589208180e-01 -9.052761267398182210e-02 -8.779222215514818073e-01 4.605344831000085515e-01
1.589264473575835943e+09 8.221198083412175617e-01 -5.450214968405894256e-01 -1.645314220167839736e-01 -4.941238508171116317e-01 -5.395501801229244387e-01 -6.817090459415292569e-01 2.827731262116824351e-01 6.417454099441353144e-01 -7.128830113964922388e-01 -9.688579739746715214e-02 -8.774509941846901917e-01 4.676878968227392575e-01
1.589264473575865030e+09 8.170151112097145951e-01 -5.527069976819820596e-01 -1.643206708986094389e-01 -5.065830404440536672e-01 -5.519005268778547357e-01 -6.624042811621358995e-01 2.754268166155540709e-01 6.244363724357652190e-01 -7.309030616284966086e-01 -1.031287523316273130e-01 -8.768334219792778272e-01 4.749311015250031187e-01
1.589264473575890064e+09 8.117721009963313472e-01 -5.604749294435775742e-01 -1.639936267829958660e-01 -5.189674973335045571e-01 -5.636131821378567164e-01 -6.426608108227538363e-01 2.677663027298883280e-01 6.068014786263218330e-01 -7.483937283869372958e-01 -1.092541594007924444e-01 -8.760784213538428400e-01 4.822611259717831667e-01
1.589264473575917006e+09 8.064025296890175998e-01 -5.683055200851568900e-01 -1.635353052649918815e-01 -5.312508470452010911e-01 -5.746950399291890221e-01 -6.224934929218661761e-01 2.597835594256137082e-01 5.888585967793650289e-01 -7.653483228444557529e-01 -1.152596899898991195e-01 -8.751942938372413439e-01 4.896754241162810661e-01
1.589264473575947046e+09 8.009150220393509434e-01 -5.761832364943837437e-01 -1.629355871833547964e-01 -5.434118180070537374e-01 -5.851488104724623662e-01 -6.019173247120008785e-01 2.514731072015673474e-01 5.706257509672509887e-01 -7.817592524026021339e-01 -1.211429666459628018e-01 -8.741888046742828378e-01 4.971718194786696743e-01
1.589264473575975895e+09 7.953142712707085282e-01 -5.840972059264886163e-01 -1.621902095017841994e-01 -5.554351352082820270e-01 -5.949719803785986638e-01 -5.809476338501148307e-01 2.428312595479506786e-01 5.521220849383028373e-01 -7.976178174660861764e-01 -1.269015337719328340e-01 -8.730692578885485000e-01 5.047484556549782786e-01
1.589264473576003075e+09 7.896003066418877392e-01 -5.920414496445328689e-01 -1.613018219675725895e-01 -5.673122278901194804e-01 -6.041559667041976889e-01 -5.596002181178871826e-01 2.338550661466236580e-01 5.333689997401708238e-01 -8.129140902846704320e-01 -1.325328367384755179e-01 -8.718425679576694565e-01 5.124037515219216354e-01
1.589264473576029062e+09 7.837679053890267422e-01 -6.000148853834635920e-01 -1.602810279371455759e-01 -5.790416315285782378e-01 -6.126855571569492787e-01 -5.378914362057852783e-01 2.245409975140106040e-01 5.143914321377840437e-01 -8.276368738814613435e-01 -1.380342085711969979e-01 -8.705153277907795584e-01 5.201363602405587594e-01
1.589264473576055050e+09 7.778062464211209504e-01 -6.080210416555199560e-01 -1.591472778549613554e-01 -5.906289354983039752e-01 -6.205387541956897124e-01 -5.158382646032795282e-01 2.148834654106839825e-01 4.952192115967121722e-01 -8.417737396641995495e-01 -1.434028631520142816e-01 -8.690938725136524434e-01 5.279451315257912558e-01
1.589264473576086998e+09 7.716989439752395263e-01 -6.160674034914125352e-01 -1.579293966906437641e-01 -6.020860851375079426e-01 -6.276871902199283593e-01 -4.934583441924172975e-01 2.048733415514973066e-01 4.758883752310448245e-01 -8.553111528976489186e-01 -1.486358947040853917e-01 -8.675843392062243531e-01 5.358290763548054780e-01
1.589264473576122046e+09 7.654242920268784500e-01 -6.241645859210778191e-01 -1.566659598424071931e-01 -6.134302903623711778e-01 -6.340968552513082113e-01 -4.707700682518587976e-01 1.944966122300899880e-01 4.564424913776238268e-01 -8.682345995902441826e-01 -1.537302837621618290e-01 -8.659927228199322258e-01 5.437873332934862747e-01
1.589264473576142073e+09 7.589557735774320468e-01 -6.323253081641322382e-01 -1.554054005652251436e-01 -6.246824824150860600e-01 -6.397292035454044123e-01 -4.477927449506182156e-01 1.837333122920358219e-01 4.369339204967226387e-01 -8.805287156607596311e-01 -1.586829103250024520e-01 -8.643249285104476209e-01 5.518191356048360863e-01
1.589264473576160908e+09 7.522628892182249283e-01 -6.405631487727344586e-01 -1.542057004641187445e-01 -6.358652833408429128e-01 -6.445427134126757718e-01 -4.245468550867100843e-01 1.725569096739148489e-01 4.174248951811007080e-01 -8.921774318130119008e-01 -1.634905751199285384e-01 -8.625868203819980762e-01 5.599237784379190730e-01
1.589264473576179028e+09 7.453123561065525537e-01 -6.488910775618426108e-01 -1.531334758037947996e-01 -6.470004888785523267e-01 -6.484949769314850565e-01 -4.010544008249604109e-01 1.609343324334480407e-01 3.979882340632515114e-01 -9.031641634946777630e-01 -1.681500295067133721e-01 -8.607842661067423018e-01 5.681005858222668570e-01
1.589264473576198101e+09 7.380696166711181450e-01 -6.573198579192451874e-01 -1.522624229683513519e-01 -6.581062488422914081e-01 -6.515452461638345794e-01 -3.773393135780543362e-01 1.488267661153341859e-01 3.787075344976980618e-01 -9.134720559666575923e-01 -1.726580137813055194e-01 -8.589231764009149783e-01 5.763488777051655187e-01
1.589264473576215982e+09 7.305006080149829550e-01 -6.658564095575753017e-01 -1.516710376342689237e-01 -6.691941352493455675e-01 -6.536573777004002217e-01 -3.534278456223249876e-01 1.361913035732093824e-01 3.596766249414979355e-01 -9.230843159383378405e-01 -1.770113030556591249e-01 -8.570095381913515054e-01 5.846679375916794541e-01
1.589264473576235056e+09 7.225735553435238545e-01 -6.745023487265721096e-01 -1.514398850923298900e-01 -6.802665377475138886e-01 -6.548028456756930238e-01 -3.293488591927194453e-01 1.229833113525807542e-01 3.409982623988214723e-01 -9.319845976191691861e-01 -1.812067587804169211e-01 -8.550494401765839081e-01 5.930569818240652991e-01
1.589264473576252937e+09 7.142606468959559196e-01 -6.832528364892688222e-01 -1.516485734893669168e-01 -6.913146694529265224e-01 -6.549636040480986132e-01 -3.051339137281159908e-01 1.091593158078155712e-01 3.227820300211033389e-01 -9.401574362294068399e-01 -1.852413832808848249e-01 -8.530490897748619350e-01 6.015151317109792561e-01
1.589264473576271057e+09 7.055393853364952950e-01 -6.920958795363674199e-01 -1.523727973885208864e-01 -7.023174947196016982e-01 -6.541344649066224148e-01 -2.808170909464554610e-01 9.468005324821990309e-02 3.051415990225571084e-01 -9.475886724167280617e-01 -1.891123741149862703e-01 -8.510148209258446839e-01 6.100413897595781121e-01
1.589264473576287985e+09 6.963934973571923592e-01 -7.010121365489320189e-01 -1.536817535231172760e-01 -7.132417046358123791e-01 -6.523247603735871092e-01 -2.564345489735413430e-01 7.951331800857015797e-02 2.881915882179004740e-01 -9.542658124282447085e-01 -1.928171743310652941e-01 -8.489530927727156895e-01 6.186346213100919478e-01
1.589264473576307058e+09 6.868133858153014915e-01 -7.099751976486494698e-01 -1.556360880544851999e-01 -7.240426724328380415e-01 -6.495591919984792240e-01 -2.320238451584607231e-01 6.363632371317905212e-02 2.720442517676643357e-01 -9.601782873060965562e-01 -1.963535156941376425e-01 -8.468704801867411591e-01 6.272935421828054192e-01
1.589264473576324940e+09 6.767961449670228946e-01 -7.189522636781220388e-01 -1.582865149850138098e-01 -7.346662269953174729e-01 -6.458778334245588448e-01 -2.076231185075085861e-01 4.703735967584690009e-02 2.568062829244131540e-01 -9.653175746224124110e-01 -1.997194522079131229e-01 -8.447736576475188830e-01 6.360167126341800259e-01
