1.584057357475613117e+09 8.806907275707324123e-01 -3.963841858053460121e-01 -2.593519226953928114e-01 -3.923293525219128108e-01 -3.035650283956788931e-01 -8.682890952250433836e-01 2.654458922850305158e-01 8.664455268872235383e-01 -4.228600566799752825e-01 -1.157028535494892124e-01 -6.575523793769559866e-01 3.050174851882812010e-01
1.584057357475662947e+09 8.818927911040919110e-01 -3.907227849047638091e-01 -2.638196553449537740e-01 -3.994288677465466231e-01 -3.219653607202979662e-01 -8.583675706297491104e-01 2.504429771787518022e-01 8.623653588452332430e-01 -4.400048901715088445e-01 -1.287179904523119423e-01 -6.653538438390127485e-01 3.082254472945029633e-01
1.584057357475689888e+09 8.825782572369259560e-01 -3.855633710627708322e-01 -2.690659899332742411e-01 -4.069707134918537639e-01 -3.399143745499325631e-01 -8.478402305482540813e-01 2.354367397410983831e-01 8.577873309580357208e-01 -4.569140365071285848e-01 -1.419514973939039471e-01 -6.724474304150096504e-01 3.121117026570024988e-01
1.584057357475712061e+09 8.828288689036442038e-01 -3.808742237128138197e-01 -2.748599900547618602e-01 -4.147526994023007507e-01 -3.575006979972600862e-01 -8.367636759992833628e-01 2.204390772408078569e-01 8.527180524211408486e-01 -4.735805492517443649e-01 -1.553507281695846176e-01 -6.788138735576846328e-01 3.166368185182811823e-01
1.584057357475732088e+09 8.827378127922554940e-01 -3.765758958441999260e-01 -2.810063143904656946e-01 -4.225813697644272282e-01 -3.748095001472500076e-01 -8.251925985666900276e-01 2.054238058244287901e-01 8.471767428051060200e-01 -4.899924762483654495e-01 -1.688640942194125638e-01 -6.844434878567651204e-01 3.217597120437976632e-01
1.584057357475752115e+09 8.824049711089454462e-01 -3.725505373795691133e-01 -2.873457225222706413e-01 -4.302720662018810205e-01 -3.919195198354143428e-01 -8.131820455594181984e-01 1.903350104734613801e-01 8.411927171287982841e-01 -5.061298220484572452e-01 -1.824421927030238644e-01 -6.893355906407897526e-01 3.274386405648035958e-01
1.584057357475770950e+09 8.819350714061796603e-01 -3.686463116176863508e-01 -2.937523224518962528e-01 -4.376448624683312860e-01 -4.089017283918170431e-01 -8.007910782939064998e-01 1.750928450307669415e-01 8.348049315427735761e-01 -5.219609393624804472e-01 -1.960387276151467628e-01 -6.934976917837264443e-01 3.336320894978428431e-01
1.584057357475790024e+09 8.814378087933550932e-01 -3.646771446922276172e-01 -3.001299211343705364e-01 -4.445179601260506042e-01 -4.258181604969309419e-01 -7.880879884367241184e-01 1.595969064733731846e-01 8.280636899467722634e-01 -5.374377667834027150e-01 -2.096112091798765231e-01 -6.969445133749830879e-01 3.402995344597353755e-01
1.584057357475809097e+09 8.810290172533231656e-01 -3.604184742195926106e-01 -3.064088680020461974e-01 -4.506995933428026291e-01 -4.427193228541160264e-01 -7.751577116523339361e-01 1.437280331669844591e-01 8.210347890861638964e-01 -5.524890296842595028e-01 -2.231214302213853917e-01 -6.996968984474499775e-01 3.474020664764991273e-01
1.584057357475828886e+09 8.808318893603855892e-01 -3.555999712573034710e-01 -3.125441461922607855e-01 -4.559793488136484885e-01 -4.596382017780658580e-01 -7.621125619772742832e-01 1.273499758144651384e-01 8.138067240959530046e-01 -5.670102290131410205e-01 -2.365357290565879844e-01 -7.017806662127571427e-01 3.549028768251779042e-01
1.584057357475847006e+09 8.809767229850734571e-01 -3.499079419877287878e-01 -3.185034472086984980e-01 -4.601126887452776648e-01 -4.765453322220763455e-01 -7.491334061399208544e-01 1.103463973658711655e-01 8.065165706579462412e-01 -5.808224291225202451e-01 -2.498250585646608068e-01 -7.032254703921475558e-01 3.627676030973222554e-01
1.584057357475858927e+09 8.807581922817333542e-01 -3.447836878836485486e-01 -3.246370519355342155e-01 -4.642396680634482409e-01 -4.932340798059179354e-01 -7.356641035936211104e-01 9.352292511197707325e-02 7.986515832080121058e-01 -5.944822213044734793e-01 -2.629727370769229244e-01 -7.040973935411992679e-01 3.709484317220404503e-01
1.584057357475869894e+09 8.801934595188369848e-01 -3.402318232430078804e-01 -3.309105324168920559e-01 -4.683457578151666301e-01 -5.096898083603419449e-01 -7.217122353071149243e-01 7.688774383754792829e-02 7.902269332149076675e-01 -6.079717667775363932e-01 -2.759591005215248360e-01 -7.044300175138056286e-01 3.794214113044661052e-01
1.584057357475879908e+09 8.792998941495460130e-01 -3.362524081301461187e-01 -3.372921795220067409e-01 -4.724171838951489177e-01 -5.258970536004433649e-01 -7.072865710423227315e-01 6.044584935272009907e-02 7.812596286199873230e-01 -6.212726392767132788e-01 -2.887681628769141473e-01 -7.042571624972062683e-01 3.881647344682079837e-01
1.584057357475889921e+09 8.780948871825834390e-01 -3.328410610849241169e-01 -3.437531052239364837e-01 -4.764407788604438920e-01 -5.418399108408717968e-01 -6.923970648844974818e-01 4.419902189765580192e-02 7.717683197337117385e-01 -6.343659097460699892e-01 -3.013872049861102131e-01 -7.036122568456054660e-01 3.971587063479453672e-01
1.584057357475898981e+09 8.765956640721810356e-01 -3.299891854023843663e-01 -3.502672971299966576e-01 -4.804038410568481354e-01 -5.575024210729321306e-01 -6.770547985189256934e-01 2.814589527910470179e-02 7.617730556290142063e-01 -6.472322771817223819e-01 -3.138063379386808460e-01 -7.025278340516611930e-01 4.063856679896227231e-01
1.584057357475914955e+09 8.748191245833628615e-01 -3.276842606496901400e-01 -3.568116096444947094e-01 -4.842939700653030033e-01 -5.728689467489169740e-01 -6.612718961297474607e-01 1.228210138306155483e-02 7.512950122545339893e-01 -6.598522219984876980e-01 -3.260180638288636690e-01 -7.010351505661600591e-01 4.158298886574063324e-01
1.584057357475933075e+09 8.727817262902746176e-01 -3.259101612643936496e-01 -3.633656907714537532e-01 -4.880988646264522446e-01 -5.879245297729033259e-01 -6.450614279613503532e-01 -3.399528853426401348e-03 7.403562077401344421e-01 -6.722061656913653760e-01 -3.380168516603320183e-01 -6.991639142743003577e-01 4.254774387371976774e-01
1.584057357475951910e+09 8.704994180877160259e-01 -3.246474788383862942e-01 -3.699118513703745781e-01 -4.918060833068899074e-01 -6.026552251524703863e-01 -6.284373128806239883e-01 -1.890872082239359112e-02 7.289792139298640894e-01 -6.842746278098611468e-01 -3.497987404531993083e-01 -6.969421094653109883e-01 4.353160533291977607e-01
1.584057357475970030e+09 8.679876209847653401e-01 -3.238738433231637126e-01 -3.764348862947229923e-01 -4.954027812791095275e-01 -6.170484028922096353e-01 -6.114142237394822876e-01 -3.425747085854307511e-02 7.171868671125882777e-01 -6.960383780086213390e-01 -3.613609778468894751e-01 -6.943959044137295589e-01 4.453349935682611727e-01
1.584057357475986958e+09 8.652612532205610218e-01 -3.235642367752528115e-01 -3.829218569717108278e-01 -4.988754348042681031e-01 -6.310930130264593707e-01 -5.940074996663723406e-01 -4.945972518362579118e-02 7.050019814487860081e-01 -7.074785806420654799e-01 -3.727017006410696109e-01 -6.915496298170136225e-01 4.555249093997260079e-01
1.584057357476006031e+09 8.623347472734644859e-01 -3.236914307717764228e-01 -3.893618387581934126e-01 -5.022096586252496886e-01 -6.447797711744537308e-01 -5.762330306998957319e-01 -6.453094311492152402e-02 6.924470409963128237e-01 -7.185769639540465770e-01 -3.838196610851071777e-01 -6.884258160328947662e-01 4.658777061346023318e-01
1.584057357476022959e+09 8.592220140061349598e-01 -3.242266567203248018e-01 -3.957456328383586186e-01 -5.053902161675725146e-01 -6.581012122859574154e-01 -5.581070900747501229e-01 -7.948748480208156497e-02 6.795438688657434723e-01 -7.293160291506568527e-01 -3.947139987635757130e-01 -6.850452752649069943e-01 4.763864171825945015e-01
1.584057357476041079e+09 8.559364063573412507e-01 -3.251403316076966754e-01 -4.020654588814468466e-01 -5.084011307662149592e-01 -6.710516409307308860e-01 -5.396461670777111808e-01 -9.434595221020364297e-02 6.663133348638583531e-01 -7.396792422485705121e-01 -4.053840545270875895e-01 -6.814272146856672485e-01 4.870450852455016078e-01
1.584057357476058960e+09 8.524905936835801556e-01 -3.264030379159459927e-01 -4.083146393551052578e-01 -5.112260685534377735e-01 -6.836269020081399139e-01 -5.208667448436368197e-01 -1.091223840608464279e-01 6.527750883260199366e-01 -7.496512453715392654e-01 -4.158292226648584999e-01 -6.775893698727785130e-01 4.978486525726688039e-01
1.584057357476077080e+09 8.488962922422050861e-01 -3.279868400567008679e-01 -4.144872952920123366e-01 -5.138490978653577068e-01 -6.958239140743299744e-01 -5.017849992049332464e-01 -1.238312958469802577e-01 6.389473480646149506e-01 -7.592180825687170342e-01 -4.260488385294547986e-01 -6.735481512847295571e-01 5.087928593109607434e-01
1.584057357476095915e+09 8.451638586031723355e-01 -3.298668277337624133e-01 -4.205780881873091848e-01 -5.162557931755736851e-01 -7.076399741934255028e-01 -4.824164416124774313e-01 -1.384846862093563891e-01 6.248468157309862159e-01 -7.683673918677242920e-01 -4.360420975969451218e-01 -6.693187967556694096e-01 5.198741494300911370e-01
1.584057357476114035e+09 8.413018130834246655e-01 -3.320226146828398894e-01 -4.265820470122290153e-01 -5.184345066446550687e-01 -7.190719271157500758e-01 -4.627755678036728493e-01 -1.530912205636408563e-01 6.104887773053936373e-01 -7.770884964402484663e-01 -4.458079992955817361e-01 -6.649155224261403818e-01 5.310895850622139314e-01
1.584057357476131916e+09 8.373163554590188351e-01 -3.344395674398530915e-01 -4.324945049395435004e-01 -5.203776240012264465e-01 -7.301153086087905919e-01 -4.428755635342573882e-01 -1.676557470261543226e-01 5.958874156300261182e-01 -7.853723567277732798e-01 -4.553453093670744023e-01 -6.603516669900713065e-01 5.424367696198784117e-01
1.584057357476151943e+09 8.332108643437946549e-01 -3.371097592485848282e-01 -4.383111519802556089e-01 -5.220827661075672088e-01 -7.407635009676794002e-01 -4.227280700041523565e-01 -1.821791455256520087e-01 5.810563192082643935e-01 -7.932113924881268874e-01 -4.646525356857800770e-01 -6.556398264981709856e-01 5.539137794507589252e-01
1.584057357476169109e+09 8.289853338016021089e-01 -3.400327523451450729e-01 -4.440282016560012646e-01 -5.235539843764555057e-01 -7.510068838464887264e-01 -4.023429955405986580e-01 -1.966584398830858449e-01 5.660091765899855076e-01 -8.005991945836216095e-01 -4.737279165685205351e-01 -6.507919803451981400e-01 5.655191017960088384e-01
1.584057357476187944e+09 8.246357840766995739e-01 -3.432161203148039186e-01 -4.496426565259261099e-01 -5.248028405703981658e-01 -7.608320387574705190e-01 -3.817284211730237464e-01 -2.110871913255733812e-01 5.507606592617582120e-01 -8.075301196841517815e-01 -4.825694200657783539e-01 -6.458196083551874800e-01 5.772515776612220373e-01
1.584057357476206064e+09 8.201537123955585651e-01 -3.466755876756502097e-01 -4.551526393913989943e-01 -5.258492177487417152e-01 -7.702210902354005295e-01 -3.608906656474847319e-01 -2.254561785127146278e-01 5.353274785573278738e-01 -8.139987730956126377e-01 -4.911747523446244323e-01 -6.407337986149918008e-01 5.891103487984041820e-01
1.584057357476219893e+09 8.155256985133324532e-01 -3.504346031447442833e-01 -4.605577316412761135e-01 -5.267216361719876394e-01 -7.791513123385683803e-01 -3.398345931055990476e-01 -2.397543602229338933e-01 5.197295658610273650e-01 -8.199994057639710121e-01 -4.995413747836745522e-01 -6.355453464706911637e-01 6.010948075068973662e-01
1.584057357476237059e+09 8.107330692889875845e-01 -3.545236296125517383e-01 -4.658592991440986264e-01 -5.274572808240115540e-01 -7.875948928153582163e-01 -3.185641252852579042e-01 -2.539698947923644257e-01 5.039913502092807640e-01 -8.255252944535662607e-01 -5.076665301123670648e-01 -6.302648450841767946e-01 6.132045479342779215e-01
1.584057357476253986e+09 8.057516910024603574e-01 -3.589790699868471990e-01 -4.710607603584539560e-01 -5.281016367495986463e-01 -7.955189194331085956e-01 -2.970830023549505539e-01 -2.680911671494612403e-01 4.881430900481101287e-01 -8.305681489582827925e-01 -5.155472787097310494e-01 -6.249027677939069658e-01 6.254393174827905799e-01
1.584057357476272106e+09 8.005519758929765528e-01 -3.638417416974279450e-01 -4.761677446907380262e-01 -5.287076149223520760e-01 -8.028856723836128584e-01 -2.753958155202962388e-01 -2.821077666640153803e-01 4.722221768449663681e-01 -8.351176108865796532e-01 -5.231805464740959533e-01 -6.194695420494088500e-01 6.377989670924567589e-01
1.584057357476289988e+09 7.950992097964922900e-01 -3.691548128573255427e-01 -4.811880826835771008e-01 -5.293340380340252338e-01 -8.096533289384431065e-01 -2.535092963174083724e-01 -2.960113561259657966e-01 4.562742720183454170e-01 -8.391609297791821076e-01 -5.305631848882276236e-01 -6.139756139301427718e-01 6.502833998426221784e-01
1.584057357476308107e+09 7.893542317630116711e-01 -3.749612811259434575e-01 -4.861316021877691296e-01 -5.300435175668787302e-01 -8.157771040194027323e-01 -2.314337621111139387e-01 -3.097963306430797648e-01 4.403541238992407791e-01 -8.426829056141352803e-01 -5.376920425674885928e-01 -6.084315016931590714e-01 6.628925181670505262e-01
1.584057357476325035e+09 7.832745169228485516e-01 -3.813010583344484394e-01 -4.910097089098527379e-01 -5.308997293875723500e-01 -8.212108698966168463e-01 -2.091845708978114782e-01 -3.234602118856540476e-01 4.245258652849759895e-01 -8.456661760767048008e-01 -5.445640466304266791e-01 -6.028478367168090823e-01 6.756261705424566610e-01
1.584057357476342916e+09 7.768155283180047110e-01 -3.882080190768510963e-01 -4.958348203584305169e-01 -5.319644232330580369e-01 -8.259090935894199959e-01 -1.867833551001794601e-01 -3.370036907467014453e-01 4.088626948847429166e-01 -8.480918638236976115e-01 -5.511762904723266354e-01 -5.972353903183968971e-01 6.884840993813877708e-01
1.584057357476361036e+09 7.699322605720286816e-01 -3.957072377030924071e-01 -5.006197123079199063e-01 -5.332943786135921904e-01 -8.298289824991093022e-01 -1.642588376480622336e-01 -3.504303355435033351e-01 3.934458565673826236e-01 -8.499405498092746924e-01 -5.575261235365522872e-01 -5.916050855920356177e-01 7.014658922456863399e-01
1.584057357476378918e+09 7.625807890175008152e-01 -4.038127513455932460e-01 -5.053768913034890620e-01 -5.349386790438429573e-01 -8.329326012207599605e-01 -1.416470673480524356e-01 -3.637459966581920723e-01 3.783629790149117822e-01 -8.511934600050483635e-01 -5.636112379594225841e-01 -5.859679943464338736e-01 7.145709386773501093e-01
1.584057357476398945e+09 7.547196705068928146e-01 -4.125260644570951651e-01 -5.101180895488203193e-01 -5.369365798453548111e-01 -8.351887493631494630e-01 -1.189910179931583933e-01 -3.769579928528233870e-01 3.637059241944251009e-01 -8.518337118590199042e-01 -5.694297460083099782e-01 -5.803353203477883415e-01 7.277983951575917043e-01
1.584057357476417065e+09 7.463111140663930554e-01 -4.218354553414151997e-01 -5.148539305757610096e-01 -5.393160907581043828e-01 -8.365744651798350251e-01 -9.633960068593847015e-02 -3.900741922676078111e-01 3.495683238482404920e-01 -8.518474698078117857e-01 -5.749802440664664172e-01 -5.747183713013954698e-01 7.411471595926708567e-01
1.584057357476434946e+09 7.373218507825402002e-01 -4.317160835930358709e-01 -5.195937949178480730e-01 -5.420933467803153993e-01 -8.370760408812656372e-01 -7.374622268916147805e-02 -4.031020862501219493e-01 3.360430406369899203e-01 -8.512248723043231990e-01 -5.802618594928410367e-01 -5.691285228279334696e-01 7.546158562541205317e-01
1.584057357476453066e+09 7.277235667846992939e-01 -4.421309023168780161e-01 -5.243459504507009816e-01 -5.452729071099043923e-01 -8.366893921636707754e-01 -5.126712411046588369e-02 -4.160479146966474806e-01 3.232199351325358294e-01 -8.499605911680588877e-01 -5.852742785771146705e-01 -5.635771781928551327e-01 7.682028310790268710e-01
1.584057357476470947e+09 7.174930423657485123e-01 -4.530320491847867337e-01 -5.291178477046541984e-01 -5.488486703117129162e-01 -8.354199380507961736e-01 -2.895970314291602260e-02 -4.289159258648657103e-01 3.111840126476127510e-01 -8.480540307912468601e-01 -5.900177567234099474e-01 -5.580757273518015538e-01 7.819061558925688438e-01
1.584057357476490021e+09 7.066121034244799981e-01 -4.643624762098893521e-01 -5.339164973792083213e-01 -5.528051652673565686e-01 -8.332821260282722298e-01 -6.880980845070053947e-03 -4.417078047260222795e-01 3.000139819040856803e-01 -8.455092112067370547e-01 -5.944931139381847141e-01 -5.526355080946121490e-01 7.957236393631615945e-01
1.584057357476509094e+09 6.950674157200764647e-01 -4.760576739787266698e-01 -5.387489014760112882e-01 -5.571190997401165301e-01 -8.302986759864141586e-01 1.491367030031794105e-02 -4.544222667503985402e-01 2.897812966847044813e-01 -8.423343777280055678e-01 -5.987017193823577221e-01 -5.472677711043386628e-01 8.096528423929346685e-01
1.584057357476531982e+09 6.828502345375578875e-01 -4.880473127819859314e-01 -5.436224589452818279e-01 -5.617609437515173054e-01 -8.264997011712919006e-01 3.637150314500039311e-02 -4.670548142119277935e-01 2.805495761116020281e-01 -8.385414337969993026e-01 -6.026454678444012059e-01 -5.419836501129915440e-01 8.236910962246229984e-01
1.584057357476560116e+09 6.699561546985514093e-01 -5.002567224138871893e-01 -5.485453150403125644e-01 -5.666964438443823360e-01 -8.219217927753181829e-01 5.744307875623098220e-02 -4.795976350321099480e-01 2.723743351463308593e-01 -8.341452693353038628e-01 -6.063267503463671826e-01 -5.367941379041790695e-01 8.378355219606200555e-01
1.584057357476636887e+09 6.563848598022837821e-01 -5.126081812165250717e-01 -5.535266647268700657e-01 -5.718880418126714993e-01 -8.166071067628707381e-01 7.808265503873947078e-02 -4.920396159542403947e-01 2.653030077842094547e-01 -8.291630302428592003e-01 -6.097484218047010129e-01 -5.317100681374880011e-01 8.520830500361955551e-01
1.584057357476680994e+09 6.421399028181835611e-01 -5.250219822825042959e-01 -5.585769987389689328e-01 -5.772961390822268779e-01 -8.106025138803476526e-01 9.824832056311486039e-02 -5.043664473629453360e-01 2.593751777167052630e-01 -8.236133827762721626e-01 -6.129137676478630947e-01 -5.267421027426565372e-01 8.664304387447527844e-01
