1.583561770283942938e+09 -1.634530609088932773e-01 9.382287576991385492e-02 9.820796123834262259e-01 2.615773640742463102e-01 -9.557172266599212040e-01 1.348401471442459976e-01 9.512414938701654332e-01 2.789298311114239426e-01 1.316729655211520689e-01 -3.022159959013565392e-02 1.595801158876852144e+00 1.605366820109997539e+00
1.583561770283993959e+09 -1.846104379337553669e-01 8.925368289311762238e-02 9.787506150669944560e-01 2.681265206279567770e-01 -9.535170219592349339e-01 1.375262076204454009e-01 9.455300922334589631e-01 2.878177704054065145e-01 1.520979155476447076e-01 -3.602540319747742775e-02 1.595102440061348936e+00 1.600372142729666214e+00
1.583561770284044981e+09 -2.056513967643627816e-01 8.530523781727226973e-02 9.749002613651858162e-01 2.748509946174385044e-01 -9.510625711529674398e-01 1.411981463143178739e-01 9.392360906319898728e-01 2.969899025075115606e-01 1.721411167015566845e-01 -4.184932176480309074e-02 1.594443856667203896e+00 1.595395458405294287e+00
1.583561770284063101e+09 -2.265542934942593734e-01 8.194333939068026984e-02 9.705454350169052669e-01 2.816633058050725946e-01 -9.483683047536319854e-01 1.458195484681075460e-01 9.323834696328850979e-01 3.064030804491915116e-01 1.917764793883725560e-01 -4.768234936408915353e-02 1.593806291858381297e+00 1.590426711423238215e+00
1.583561770284074068e+09 -2.473014457940389266e-01 7.913786768337444100e-02 9.657013995094135828e-01 2.884850352449838118e-01 -9.454460163485873814e-01 1.513545989577834705e-01 9.249964213634481736e-01 3.160206134292958824e-01 2.109800762100635940e-01 -5.351497021268853543e-02 1.593167634872620475e+00 1.585457627229752919e+00
1.583561770284084082e+09 -2.678780362083313382e-01 7.686332315314532704e-02 9.603818966870840690e-01 2.952455812498971932e-01 -9.423051432083643375e-01 1.577690205757476261e-01 9.170994518934653117e-01 3.258113667191193108e-01 2.297292947463159540e-01 -5.933938021246486227e-02 1.592503109250964943e+00 1.580482308116081258e+00
1.583561770284092903e+09 -2.882712621126811148e-01 7.509854588122760743e-02 9.545993337868825535e-01 3.018808966500712287e-01 -9.389531392086417627e-01 1.650300779542995810e-01 9.087175600148003074e-01 3.357487316840152003e-01 2.480023901339943049e-01 -6.514964766194134005e-02 1.591785733144869042e+00 1.575497801107596185e+00
1.583561770284102917e+09 -3.084697402526406784e-01 7.382574360098630162e-02 9.483650031278982873e-01 3.083324382301396716e-01 -9.353958917491580483e-01 1.731058440959994671e-01 8.998763954534334530e-01 3.458096085077453363e-01 2.657784562320505417e-01 -7.094179980197935775e-02 1.590986899501927399e+00 1.570504607257255048e+00
1.583561770284111977e+09 -3.284631435195207172e-01 7.302906195387490196e-02 9.416892904220706129e-01 3.145464745400943229e-01 -9.316381301472297372e-01 1.819640344740396376e-01 8.906023124408565250e-01 3.559735251777658704e-01 2.830377548760728557e-01 -7.671382602957214913e-02 1.590077055102501857e+00 1.565507103597769012e+00
1.583561770284121990e+09 -3.482420525323173255e-01 7.269275219588082482e-02 9.345818513496393365e-01 3.204738130918020622e-01 -9.276838168594107037e-01 1.915705381776469651e-01 8.809222486711538735e-01 3.662219269561508561e-01 2.997623930082448096e-01 -8.246559377978808503e-02 1.589026450171951765e+00 1.560513853808376705e+00
1.583561770284132957e+09 -3.678805989895569950e-01 7.279903203289081470e-02 9.270189674801758706e-01 3.260931536144123788e-01 -9.235187067343888501e-01 2.019318041210112213e-01 8.708197978260496797e-01 3.765813316089479668e-01 3.160053490800079912e-01 -8.819867854570119514e-02 1.587805924816340086e+00 1.555537790769554674e+00
1.583561770284142017e+09 -3.870792792906762037e-01 7.467975924813613497e-02 9.190171735872531000e-01 3.310877268408110030e-01 -9.189833631390056379e-01 2.141272879556087583e-01 8.605524672625827209e-01 3.871595432167407314e-01 3.309938661574172158e-01 -9.392500304395552668e-02 1.586498532384214011e+00 1.550576029065052541e+00
1.583561770284152031e+09 -4.056828898488858415e-01 7.848848328262220120e-02 9.106376618181912797e-01 3.352933921397430739e-01 -9.140697643053460331e-01 2.281552261253527170e-01 8.502939105412322673e-01 3.978894620975121366e-01 3.445057937068685128e-01 -9.964755810566834626e-02 1.585108067908316265e+00 1.545632536519284228e+00
1.583561770284161091e+09 -4.235099878959048270e-01 8.434843679382952875e-02 9.019560031446657300e-01 3.385506277012386156e-01 -9.087745943140375093e-01 2.439512435929998002e-01 8.402516068818451922e-01 4.086735592323181288e-01 3.563189012194191152e-01 -1.053691674223636715e-01 1.583637204973436186e+00 1.540711266815537384e+00
1.583561770284169912e+09 -4.403577474360964583e-01 9.234161293710528573e-02 8.930610735213092566e-01 3.407158135757968886e-01 -9.031012362821095873e-01 2.613826532944092951e-01 8.306610553554989451e-01 4.193819066487370906e-01 3.662253783405879926e-01 -1.110925988338680170e-01 1.582087374751005138e+00 1.535816422016921479e+00
1.583561770284179926e+09 -4.560100452508106805e-01 1.024982997051904071e-01 8.840525648589855345e-01 3.416728999162356173e-01 -8.970623677727097567e-01 2.802476366126337992e-01 8.217751933011427923e-01 4.298525409543192954e-01 3.740485596274001345e-01 -1.168206984335309617e-01 1.580458700020567209e+00 1.530952736167502604e+00
1.583561770284189939e+09 -4.702487152565552053e-01 1.147887111754400946e-01 8.750369694087746231e-01 3.413437846407773035e-01 -8.906828041923028350e-01 3.002808069813385217e-01 8.138492284930695098e-01 4.398950945251463573e-01 3.796600312691555956e-01 -1.225565388401783223e-01 1.578749993444073407e+00 1.526125769924824960e+00
1.583561770284198999e+09 -4.828672270654590370e-01 1.291185662860289685e-01 8.661221837086306996e-01 3.396954648402696897e-01 -8.840019700175766326e-01 3.211658577901985723e-01 8.071221917562594328e-01 4.492982449700190228e-01 3.829945885920334470e-01 -1.283035705222499434e-01 1.576958826514974321e+00 1.521342204902756290e+00
1.583561770284209013e+09 -4.936854346719459219e-01 1.453300285052746554e-01 8.574111467978942080e-01 3.367423476258905035e-01 -8.770752064415251459e-01 3.425546286347295188e-01 8.017975325111138529e-01 4.578408731771906881e-01 3.840604795560006446e-01 -1.340657631261693017e-01 1.575081672368006336e+00 1.516610125534571196e+00
1.583561770284219027e+09 -5.025636213523940743e-01 1.632086478979279109e-01 8.489951377895812445e-01 3.325429584494564716e-01 -8.699731214107887523e-01 3.640905778052620501e-01 7.980256809853012445e-01 4.653060340993652733e-01 3.829429557623626468e-01 -1.398477225955071790e-01 1.573114121839267909e+00 1.511939275927199677e+00
1.583561770284229040e+09 -5.094138695880023882e-01 1.824960343697178411e-01 8.409475055891162398e-01 3.271914228786313439e-01 -8.627784473086842487e-01 3.854336826127032212e-01 7.958915017135075320e-01 4.714960746368597189e-01 3.798001702890598796e-01 -1.456547697510111317e-01 1.571051167824134787e+00 1.507341279569217374e+00
1.583561770284238100e+09 -5.142069833734534967e-01 2.029069515166407323e-01 8.333186350502721496e-01 3.208052517861248454e-01 -8.555803921000876278e-01 4.062833778514925442e-01 7.954088061561578327e-01 4.762467446429442530e-01 3.748517967885204305e-01 -1.514929671992716609e-01 1.568887548265181842e+00 1.502829811138431948e+00
1.583561770284246922e+09 -5.169740005277200234e-01 2.241485486440049635e-01 8.261327442760051376e-01 3.135118324706498427e-01 -8.484670536379473882e-01 4.263965171409740962e-01 7.965225758974147086e-01 4.794383037873946596e-01 3.683621848080516070e-01 -1.573690838044390916e-01 1.566618134274757379e+00 1.498420711431556640e+00
1.583561770284255981e+09 -5.178023127136416326e-01 2.459391360914185976e-01 8.193867868917968922e-01 3.054361904915598447e-01 -8.415169189396519700e-01 4.455984837434215362e-01 7.991179504441550119e-01 4.810023041395621313e-01 3.606206939981582704e-01 -1.632904891049115070e-01 1.564238347563151832e+00 1.494132037870034457e+00
1.583561770284265041e+09 -5.168272552803699904e-01 2.680242269718133286e-01 8.130514142422811119e-01 2.966920547113259254e-01 -8.347906671099504239e-01 4.637869843100527745e-01 8.030338804227805660e-01 4.809236488016369604e-01 3.519219106077361436e-01 -1.692649739291316735e-01 1.561744589683700335e+00 1.489984044479710112e+00
1.583561770284274101e+09 -5.142205495035883089e-01 2.901882914267454039e-01 8.070737154888059095e-01 2.873773034719784292e-01 -8.283244148152922870e-01 4.809292560327302901e-01 8.080789021837033737e-01 4.792383743584778810e-01 3.425479070687375005e-01 -1.753004978917857004e-01 1.559134664614402865e+00 1.485999086754586251e+00
1.583561770284284115e+09 -5.101772039786477420e-01 3.122615180283520031e-01 8.013812857466854345e-01 2.775738711482796384e-01 -8.221252175404644147e-01 4.970541950108859353e-01 8.140466613370377358e-01 4.760282251759908601e-01 3.327539064401298652e-01 -1.814048690955167298e-01 1.556408176103466934e+00 1.482201448139775612e+00
1.583561770284293890e+09 -5.049023240522061418e-01 3.341216725244804953e-01 7.958871473783057926e-01 2.673513667560708518e-01 -8.161692445771318027e-01 5.122411648219736824e-01 8.207294865536954864e-01 4.714132712183061180e-01 3.227578625996760930e-01 -1.875853663836662133e-01 1.553566881209965889e+00 1.478617087242632966e+00
1.583561770284303904e+09 -4.985988584186932804e-01 3.556916800491495279e-01 7.904951659391987739e-01 2.567731119572375098e-01 -8.104027539785022549e-01 5.266070122567423351e-01 8.279291923820329968e-01 4.655435588814869075e-01 3.127338284147437308e-01 -1.938483190597146133e-01 1.550614982760708749e+00 1.475273307081776508e+00
1.583561770284312963e+09 -4.914570328071236616e-01 3.769338215616479526e-01 7.851056485042007260e-01 2.459031403238422508e-01 -8.047457046591732777e-01 5.402925100809756742e-01 8.354649189061766901e-01 4.585904982954628339e-01 3.028087257652308795e-01 -2.001986628398033652e-01 1.547559345614332393e+00 1.472198349855202038e+00
1.583561770284322023e+09 -4.836459736628511696e-01 3.978415661201198383e-01 7.796208441753306184e-01 2.348127708088611765e-01 -7.990976135004215219e-01 5.534491546665458728e-01 8.431782344587558375e-01 4.507383858730811821e-01 2.930620628551104945e-01 -2.066394930999856383e-01 1.544409625073871695e+00 1.469420920735143632e+00
1.583561770284331083e+09 -4.753078107224995574e-01 4.184300985683668261e-01 7.739500874889178039e-01 2.235855937941721716e-01 -7.933451011740842995e-01 5.662270151881729774e-01 8.509359362223806178e-01 4.421762128300032457e-01 2.835281811425530152e-01 -2.131716386471950442e-01 1.541178298142635850e+00 1.466969646117023407e+00
1.583561770284341097e+09 -4.665543695610896990e-01 4.387265762342363873e-01 7.680143304620631328e-01 2.123200301137205537e-01 -7.873704546164991269e-01 5.787641765413908956e-01 8.586310181313355772e-01 4.330897812733811025e-01 2.742006861929215389e-01 -2.197932806914203452e-01 1.537880590741446341e+00 1.464872474456527796e+00
1.583561770284349918e+09 -4.574664082822781919e-01 4.587610725663305855e-01 7.617498039625308914e-01 2.011289995854224355e-01 -7.810604565687665479e-01 5.911782208001874483e-01 8.661822043085696254e-01 4.236541533210250177e-01 2.650387661500498981e-01 -2.264996423271607162e-01 1.534534296643129903e+00 1.463156031664916590e+00
1.583561770284359932e+09 -4.480952233088873471e-01 4.785590560494488166e-01 7.551105223519740672e-01 1.901367007344774707e-01 -7.743146408861102392e-01 6.035601643426609098e-01 8.735323154433259907e-01 4.140266500232350211e-01 2.559750519017572334e-01 -2.332827734480709125e-01 1.531159487029854382e+00 1.461844948636048969e+00
1.583561770284368992e+09 -4.384662822584031727e-01 4.981360664557823448e-01 7.480693676821067450e-01 1.794730203827024639e-01 -7.670520980309009085e-01 6.159711956733212590e-01 8.806456463980335547e-01 4.043408690110918413e-01 2.469244973203201243e-01 -2.401314542193148938e-01 1.527778113867670262e+00 1.460961187543461826e+00
1.583561770284378052e+09 -4.285843257702146025e-01 5.174949253292296936e-01 7.406176329310811823e-01 1.692664682909867102e-01 -7.592161319101462524e-01 6.284423026800546319e-01 8.875045569794794975e-01 3.947022516525409142e-01 2.377935956463502754e-01 -2.470312349724772538e-01 1.524413516786687017e+00 1.460523399378685250e+00
1.583561770284388065e+09 -4.184392434744097500e-01 5.366254310774202230e-01 7.327630902872964702e-01 1.596367767844227570e-01 -7.507763518456072038e-01 6.409765744903622720e-01 8.941055302712912489e-01 3.851856907876697877e-01 2.284891345339346014e-01 -2.539646224477793424e-01 1.521089850459872217e+00 1.460546349340651417e+00
1.583561770284396887e+09 -4.080119922266142729e-01 5.555061126968934282e-01 7.245268616148800023e-01 1.506883390855654759e-01 -7.417281541163956993e-01 6.535536472951822828e-01 9.004550177029588820e-01 3.758354750529399046e-01 2.189256883845352719e-01 -2.609114119601617654e-01 1.517831457049608312e+00 1.461040448813600179e+00
1.583561770284405947e+09 -3.972799028336078120e-01 5.741073375214652552e-01 7.159395533523660315e-01 1.425054506756432970e-01 -7.320899406796180786e-01 6.661355082275397521e-01 9.065654281826670546e-01 3.666675386834798989e-01 2.090311956362592427e-01 -2.678491528656060106e-01 1.514662214890401204e+00 1.462011428575974659e+00
1.583561770284415007e+09 -3.862209063940682530e-01 5.923949589116107584e-01 7.070372156867750224e-01 1.351498850970502819e-01 -7.218987507470053799e-01 6.786727504963526725e-01 9.124515988623078666e-01 3.576736032952800848e-01 1.987502792167502308e-01 -2.747537229698567840e-01 1.511604898082347548e+00 1.463460177016375097e+00
1.583561770284424067e+09 -3.748164373485151635e-01 6.103337675936150175e-01 6.978576722184844927e-01 1.286609539416203873e-01 -7.112051050240579819e-01 6.911104525013844757e-01 9.181279853421170367e-01 3.488265914386012301e-01 1.880452389354758946e-01 -2.815999787750022576e-01 1.508680580989365527e+00 1.465382752742403261e+00
1.583561770284446001e+09 -3.630530324185200497e-01 6.278902258342763387e-01 6.884376225914375924e-01 1.230575682296334850e-01 -7.000679136237474287e-01 7.033930275841664415e-01 9.236066970293574929e-01 3.400864313553547125e-01 1.768951346415382486e-01 -2.883624437911678218e-01 1.505908117506848498e+00 1.467770567554034455e+00
1.583561770284456015e+09 -3.509228241924934322e-01 6.450342543483262858e-01 6.788107117775288302e-01 1.183416483745841907e-01 -6.885500580199551690e-01 7.154677294601204940e-01 9.288963483431675883e-01 3.314055348021822667e-01 1.652935140486642418e-01 -2.950159962063892971e-01 1.503303718733595584e+00 1.470610724894492183e+00
1.583561770284466028e+09 -3.384232454996339290e-01 6.617400973501803563e-01 6.690065401102746057e-01 1.145020915097393205e-01 -6.767150015194564050e-01 7.272867919854827390e-01 9.340015943188060277e-01 3.227334046248129251e-01 1.532454619182990752e-01 -3.015365192123377613e-01 1.500880645474679476e+00 1.473886490780673686e+00
1.583561770284475088e+09 -3.255562448414657251e-01 6.779864399161801281e-01 6.590504677036196357e-01 1.115187308771079938e-01 -6.646245010898030880e-01 7.388083954942628040e-01 9.389231621134510597e-01 3.140201586328585370e-01 1.407644694815420316e-01 -3.079014821174456684e-01 1.498649023775254996e+00 1.477577866978934118e+00
1.583561770284483910e+09 -3.123272918395659792e-01 6.937560223963277206e-01 6.489639777420939115e-01 1.093658277991252925e-01 -6.523373216360259796e-01 7.499967563587629504e-01 9.436581895617549565e-01 3.052189384360706748e-01 1.278695473611159150e-01 -3.140904273553349890e-01 1.496615783500177210e+00 1.481662231954755660e+00
1.583561770284493923e+09 -2.987443969704677849e-01 7.090349998562950340e-01 6.387653360220696408e-01 1.080148185975997044e-01 -6.399087321999852307e-01 7.608216699435241814e-01 9.482007089678993195e-01 2.962873328830785136e-01 1.145828614372693399e-01 -3.200853466955046467e-01 1.494784712583692166e+00 1.486115013987705957e+00
1.583561770284502983e+09 -2.848173033325348547e-01 7.238122534141369080e-01 6.284703062005271290e-01 1.074362153703575518e-01 -6.273905094590956910e-01 7.712578092348032488e-01 9.525421584342478321e-01 2.871880405685013904e-01 1.009280239041497884e-01 -3.258709389324114247e-01 1.493156613103579833e+00 1.490910361835391162e+00
1.583561770284512043e+09 -2.705569389791439017e-01 7.380787976593833344e-01 6.180927369430635476e-01 1.076007055351128616e-01 -6.148311784305072747e-01 7.812840138107379762e-01 9.566718513597165519e-01 2.778890258288002624e-01 8.692904226574789395e-02 -3.314347488611750769e-01 1.491729541592188291e+00 1.496021783595249621e+00
1.583561770284522057e+09 -2.559751282789680671e-01 7.518273453531517658e-01 6.076449429787520451e-01 1.084796430723617006e-01 -6.022762862431380038e-01 7.908826980698114850e-01 9.605773789690480458e-01 2.683634066190949685e-01 7.260978756404351531e-02 -3.367671946293719909e-01 1.490499113061453329e+00 1.501422729270708523e+00
1.583561770284532070e+09 -2.410845205328177032e-01 7.650520393392171714e-01 5.971378662488410205e-01 1.100451359230004422e-01 -5.897685839006884256e-01 8.000394274919098159e-01 9.642449493074205513e-01 2.585892394387312998e-01 5.799382062751148870e-02 -3.418614950003872610e-01 1.489458848225576171e+00 1.507087100306448768e+00
1.583561770284540892e+09 -2.258986695862698346e-01 7.777483279040148245e-01 5.865810513198622678e-01 1.122699155287161105e-01 -5.773480638725801972e-01 8.087426532883472685e-01 9.676596805655227618e-01 2.485492944966754270e-01 4.310442045061091410e-02 -3.467135103215194802e-01 1.488600544930518188e+00 1.512989676795307936e+00
1.583561770284549952e+09 -2.104322034847241341e-01 7.899129521999460612e-01 5.759824788387073458e-01 1.151271138257859983e-01 -5.650518457376296766e-01 8.169835734754771206e-01 9.708058691853147515e-01 2.382308539793029367e-01 2.796470663148737171e-02 -3.513215135150631885e-01 1.487914655773030059e+00 1.519106457734809235e+00
1.583561770284559011e+09 -1.947009933783678537e-01 8.015439857627023601e-01 5.653483548317530527e-01 1.185900830967494546e-01 -5.529139691659955558e-01 8.247560457070493012e-01 9.736672509716109980e-01 2.276255297715669423e-01 1.259773118251391807e-02 -3.556859104167138241e-01 1.487390654670596613e+00 1.525414913089310875e+00
1.583561770284568071e+09 -1.787222844680934342e-01 8.126408961367864725e-01 5.546828996880637241e-01 1.226322842899044002e-01 -5.409651408633344705e-01 8.320565120583280905e-01 9.762272625420976846e-01 2.167290716867636413e-01 -2.973483597309372825e-03 -3.598089288351788984e-01 1.487017378189149142e+00 1.531894151487453781e+00
1.583561770284576893e+09 -1.625148054005664255e-01 8.232046361928105904e-01 5.439881112874899172e-01 1.272271903379282587e-01 -5.292324317674216294e-01 8.388839462299751970e-01 9.784693047359510620e-01 2.055411402517850761e-01 -1.872590726475272666e-02 -3.636942943586953247e-01 1.486783331014005949e+00 1.538525011393937936e+00
1.583561770284586906e+09 -1.460987898645758343e-01 8.332377099701666623e-01 5.332635957288206496e-01 1.323482736147107708e-01 -5.177390135193266074e-01 8.452397579322439292e-01 9.803770082562278665e-01 1.940650220561943029e-01 -3.463652907328728520e-02 -3.673469097233265646e-01 1.486676948022451761e+00 1.545290085679449366e+00
1.583561770284595966e+09 -1.294958874378458191e-01 8.427441817730182416e-01 5.225065161988537987e-01 1.379690843963833347e-01 -5.065040007258656551e-01 8.511276220624226507e-01 9.819344922822424993e-01 1.823072723738853040e-01 -5.068245806347934646e-02 -3.707725511314719502e-01 1.486686809386263297e+00 1.552173691575199799e+00
1.583561770284605980e+09 -1.127290018327571919e-01 8.517296428836986788e-01 5.117116256494959048e-01 1.440633558251931123e-01 -4.955423905261117645e-01 8.565532608881764043e-01 9.831266052244562736e-01 1.702772881236600255e-01 -6.684103154826409598e-02 -3.739775907037492519e-01 1.486801808761562649e+00 1.559161798823655021e+00
1.583561770284615040e+09 -9.582208674750464228e-02 8.602011480208261451e-01 5.008713536237211494e-01 1.506050950322455062e-01 -4.848650825749987181e-01 8.615242057469922887e-01 9.839391410486397760e-01 1.579868249912653455e-01 -8.308989162943973550e-02 -3.769687504908715292e-01 1.487011277242150653e+00 1.566241928237445791e+00
1.583561770284625053e+09 -7.879992103815365578e-02 8.681671302023609149e-01 4.899759246395991030e-01 1.575686386361619395e-01 -4.744789606480734889e-01 8.660495598167512465e-01 9.843590284080242503e-01 1.454494763406746216e-01 -9.940700816935449380e-02 -3.797528909450770263e-01 1.487305067211449616e+00 1.573403031212411207e+00
1.583561770284638882e+09 -6.168787590299919937e-02 8.756372977543287472e-01 4.790134956281771328e-01 1.649286657702462855e-01 -4.643870215550447988e-01 8.701397758157012330e-01 9.843744924667817697e-01 1.326801312310662284e-01 -1.157706422484596764e-01 -3.823368338097338781e-01 1.487673601463881390e+00 1.580635359206232105e+00
1.583561770284647942e+09 -4.451167786777165958e-02 8.826225110275796037e-01 4.679703129543778539e-01 1.726601743821737089e-01 -4.545885473260526943e-01 8.738064527459296071e-01 9.839751902161002484e-01 1.196944271865306580e-01 -1.321592576743139680e-01 -3.847272184490495572e-01 1.488107893009152916e+00 1.587930329978169741e+00
1.583561770284657001e+09 -2.729717216757324844e-02 8.891346381991801495e-01 4.568308875195713492e-01 1.807384254850296634e-01 -4.450793144649019539e-01 8.770621559654498967e-01 9.831523209500965255e-01 1.065082119993590315e-01 -1.485513878645567387e-01 -3.869303909396998864e-01 1.488599540561684753e+00 1.595280395290429087e+00
1.583561770284666061e+09 -1.007004166385755406e-02 8.951863394290537901e-01 4.455782896488018618e-01 1.891389337093682399e-01 -4.358519364725999545e-01 8.799201971011267887e-01 9.818987006104206161e-01 9.313703563733569113e-02 -1.649255425384588414e-01 -3.889523243519059092e-01 1.489140704793263881e+00 1.602678913587044285e+00
1.583561770284676075e+09 7.144539817386533556e-03 9.007907433074772152e-01 4.341946482491613746e-01 1.978375683586455214e-01 -4.268964272871537124e-01 8.823943205582864824e-01 9.802087799751988406e-01 7.959571204987141158e-02 -1.812602287655906141e-01 -3.907985666199738084e-01 1.489724070616698981e+00 1.610120030454710305e+00
1.583561770284684896e+09 2.432223535547106685e-02 9.059610925221727173e-01 4.226617181023101799e-01 2.068106790423993591e-01 -4.182008553572556520e-01 8.844983819378072765e-01 9.780786124563087824e-01 6.589797911306778666e-02 -1.975340083471794905e-01 -3.924742110060595590e-01 1.490342800390693778e+00 1.617598568800743264e+00
1.583561770284693956e+09 4.143990380437338750e-02 9.107102992495044180e-01 4.109616593545130647e-01 2.160353723202769194e-01 -4.097522321074778540e-01 8.862459174673227302e-01 9.755057419213672976e-01 5.205630952561231262e-02 -2.137257316430676013e-01 -3.939838851121758578e-01 1.490990481852900729e+00 1.625109929479879645e+00
1.583561770284703970e+09 5.847597949089428787e-02 9.150504069663858431e-01 3.990780785499055683e-01 2.254900089317934397e-01 -4.015376926636157195e-01 8.876495576974265944e-01 9.724889798533349339e-01 3.808194217048713193e-02 -2.298150343073573076e-01 -3.953317558346771676e-01 1.491661073669060977e+00 1.632650002262490130e+00
1.583561770284713984e+09 7.541079890907895211e-02 9.189920334721385364e-01 3.869972274687384917e-01 2.351548934189561513e-01 -3.935458724316912571e-01 8.887203285799285535e-01 9.690280634480168409e-01 2.398518179902655104e-02 -2.457830823177262758e-01 -3.965215471360963861e-01 1.492348851110479213e+00 1.640215086881050111e+00
1.583561770284723043e+09 9.222677234173687344e-02 9.225439228933481894e-01 3.747091312495994253e-01 2.450130345041925672e-01 -3.857682481556956033e-01 8.894669592941891745e-01 9.651232230271553636e-01 9.775954549037731839e-03 -2.616134463969292945e-01 -3.975565660711404270e-01 1.493048353938459138e+00 1.647801823863037640e+00
1.583561770284732103e+09 1.089083400608725771e-01 9.257127016195586533e-01 3.622084590001388160e-01 2.550508636720031919e-01 -3.782002433826087140e-01 8.898952932135435479e-01 9.607747033743985199e-01 -4.535438908786760398e-03 -2.772929847635694500e-01 -3.984397333162305044e-01 1.493754337704212398e+00 1.655407134440264105e+00
1.583561770284742117e+09 1.254417208693865138e-01 9.285028439459909189e-01 3.494951268549901235e-01 2.652589084161952604e-01 -3.708420734120108642e-01 8.900077910509812673e-01 9.559822626015911373e-01 -1.893741304414509746e-02 -2.928127186918043634e-01 -3.991736155605555281e-01 1.494461728976392179e+00 1.663028168548320140e+00
1.583561770284751892e+09 1.418144744305435134e-01 9.309168153735178919e-01 3.365747137600624828e-01 2.756324717006274350e-01 -3.636993976021384856e-01 8.898030617873610160e-01 9.507446532180173770e-01 -3.341603328200831724e-02 -3.081687416763669307e-01 -3.997604598933318654e-01 1.495165584597013320e+00 1.670662259681605866e+00
1.583561770284761906e+09 1.580148556441774710e-01 9.329554185495633201e-01 3.234586413138632599e-01 2.861722425300895489e-01 -3.567837100242143289e-01 8.892754533353401936e-01 9.450591268466659312e-01 -4.795384762941597157e-02 -3.233630707280898964e-01 -4.002022297953189978e-01 1.495861055103523185e+00 1.678306885674120341e+00
1.583561770284770966e+09 1.740309522520715191e-01 9.346183617582976000e-01 3.101640626641402054e-01 2.968847228526398929e-01 -3.501123826463895528e-01 8.884147572460157072e-01 9.389210239571041949e-01 -6.252869440835849557e-02 -3.384043046361503992e-01 -4.005006420267268608e-01 1.496543352381472403e+00 1.685959634657462791e+00
1.583561770284780025e+09 1.898496247629082867e-01 9.359050641367928636e-01 2.967133821490702261e-01 3.077822951303396115e-01 -3.437082402627947841e-01 8.872061228473748784e-01 9.323235377345471253e-01 -7.711262374882865700e-02 -3.533078890911684478e-01 -4.006572045741604304e-01 1.497207721609329356e+00 1.693618175519497449e+00
1.583561770284789085e+09 2.054553281011396171e-01 9.368155815837041489e-01 2.831336689669576856e-01 3.188830692209103645e-01 -3.375988989293870479e-01 8.856300421982281623e-01 9.252576379309933596e-01 -9.167087752842711934e-02 -3.680961204806079690e-01 -4.006732561092516409e-01 1.497849417668768446e+00 1.701280232355190769e+00
1.583561770284797907e+09 2.208288579757144154e-01 9.373516400666866977e-01 2.694559678227333444e-01 3.302104113145897801e-01 -3.318158284513298417e-01 8.836624583440924052e-01 9.177122097767723696e-01 -1.061610055382525564e-01 -3.827977810529832325e-01 -4.005500077081371457e-01 1.498463686383398885e+00 1.708943562585315767e+00
1.583561770284807920e+09 2.359461034811399238e-01 9.375177485290753232e-01 2.557145042638221399e-01 3.417920521111018073e-01 -3.263930948161521406e-01 8.812750653502764431e-01 9.096744635267265400e-01 -1.205322325893228297e-01 -3.974472940702238333e-01 -4.002885875656956305e-01 1.499045751152428441e+00 1.716605938623602112e+00
1.583561770284816980e+09 2.507769380359938238e-01 9.373223419285715563e-01 2.419457685446903816e-01 3.536586734766760109e-01 -3.213657366217293476e-01 8.784358861285262998e-01 9.011306621400004824e-01 -1.347252422189016696e-01 -4.120832914709477990e-01 -3.998900888316693769e-01 1.499590805606288546e+00 1.724265133153044971e+00
1.583561770284826994e+09 2.652844124416599003e-01 9.367788559178977792e-01 2.281875453798686004e-01 3.658420130723573638e-01 -3.167678434783449681e-01 8.751101386953312744e-01 8.920671511771675055e-01 -1.486724879969166802e-01 -4.267466336748384492e-01 -3.993556198774832477e-01 1.500094012773849128e+00 1.731918908164258752e+00
1.583561770284836054e+09 2.794244363825160726e-01 9.359066285785706540e-01 2.144778943874132704e-01 3.783725321268689434e-01 -3.126303827090347598e-01 8.712614250483158296e-01 8.824716491222768244e-01 -1.622991886422898156e-01 -4.414779293586611475e-01 -3.986863558023255316e-01 1.500550511026023992e+00 1.739565007913963068e+00
1.583561770284845114e+09 2.931460630056965111e-01 9.347314919815096212e-01 2.008542354249297501e-01 3.912769563490593461e-01 -3.089790169774121464e-01 8.668531078193159045e-01 8.723346430082690173e-01 -1.755249418452989874e-01 -4.563148755488776742e-01 -3.978835891468729402e-01 1.500955426576245477e+00 1.747201155865204303e+00
1.583561770284853935e+09 3.063924381348420711e-01 9.332859652582773391e-01 1.873525584334635730e-01 4.045759138414428691e-01 -3.058320567360123254e-01 8.618498030690150413e-01 8.616507436359421845e-01 -1.882659299200671876e-01 -4.712896517772348637e-01 -3.969487774666943802e-01 1.501303891814846692e+00 1.754825055493311359e+00
1.583561770284863949e+09 3.191023414444942308e-01 9.316089922670081069e-01 1.740068431348119615e-01 4.182820009190971189e-01 -3.031987698345565696e-01 8.562188235001879644e-01 8.504198160932838757e-01 -2.004375008379709888e-01 -4.864267107211944774e-01 -3.958835853045070130e-01 1.501591068222074332e+00 1.762434394611020583e+00
1.583561770284873009e+09 3.312121501748358510e-01 9.297452357404214496e-01 1.608487128963179413e-01 4.323985025353767053e-01 -3.010781938326652085e-01 8.499314420832669859e-01 8.386477489334042135e-01 -2.119568778325455483e-01 -5.017412036077564252e-01 -3.946899179288456683e-01 1.501812171951175001e+00 1.770026852564608344e+00
1.583561770284882069e+09 3.426580187247808551e-01 9.277439937297337069e-01 1.479072836200552021e-01 4.469188423597489912e-01 -2.994585026526286331e-01 8.429639100050401179e-01 8.263467981141691121e-01 -2.227457912766498960e-01 -5.172381288771610297e-01 -3.933699454209809154e-01 1.501962500158486868e+00 1.777600109489372526e+00
1.583561770284892082e+09 3.533780319960840854e-01 9.256578432911876098e-01 1.352091857158144173e-01 4.618267665300406777e-01 -2.983169448059997397e-01 8.352981732268659476e-01 8.135354967188986874e-01 -2.327328035302562714e-01 -5.329122235308818567e-01 -3.919261161922668046e-01 1.502037455996348525e+00 1.785151856652829050e+00
1.583561770284900904e+09 3.633139998458427278e-01 9.235411714745475065e-01 1.227788351194431110e-01 4.770972757857656621e-01 -2.976203673300220065e-01 8.269221888583361268e-01 8.002381690177482465e-01 -2.418549602253383113e-01 -5.487486230605672644e-01 -3.903611600726958897e-01 1.502032570463270877e+00 1.792679806899452943e+00
1.583561770284909964e+09 3.724128142832724420e-01 9.214487236660889868e-01 1.106388071953080532e-01 4.926979912258867000e-01 -2.973261248499367015e-01 8.178299731373348536e-01 7.864841927177168568e-01 -2.500588438339790276e-01 -5.647239940669439573e-01 -3.886780824831089776e-01 1.501943520091026718e+00 1.800181704412686212e+00
1.583561770284919024e+09 3.806273527182613692e-01 9.194342594017321790e-01 9.881022845297225687e-02 5.085907121083274030e-01 -2.973832226643945975e-01 8.080214764924268378e-01 7.723071319825324244e-01 -2.573011110736702078e-01 -5.808079134950872024e-01 -3.868801519464889482e-01 1.501766140212986711e+00 1.807655333290609567e+00
1.583561770284929037e+09 3.879168972806116833e-01 9.175493931966005601e-01 8.731318396774560842e-02 5.247330298824922634e-01 -2.977335912401802842e-01 7.975023235299585345e-01 7.577438408470242859e-01 -2.635485153349891863e-01 -5.969643640724870970e-01 -3.849708832726050911e-01 1.501496434083021025e+00 1.815098524687793091e+00
1.583561770284938097e+09 3.942471835447169393e-01 9.158426375108458251e-01 7.616706525846704545e-02 5.410798187416078209e-01 -2.983133686448005695e-01 7.862835136745892628e-01 7.428336208063984758e-01 -2.687775988588995690e-01 -6.131531736855373449e-01 -3.829540181402006360e-01 1.501130578127067405e+00 1.822509162372773162e+00
1.583561770284946918e+09 3.995901643116446800e-01 9.143586488559312109e-01 6.539084105286081805e-02 5.575845284021987425e-01 -2.990541256723411867e-01 7.743811229898149850e-01 7.276174781092968891e-01 -2.729741588941795860e-01 -6.293313232115722577e-01 -3.808335043699759281e-01 1.500664923609144941e+00 1.829885186617664194e+00
1.583561770284955978e+09 4.039235290239511222e-01 9.131376800873618471e-01 5.500327400582516457e-02 5.742002683771223470e-01 -2.998839932389618657e-01 7.618160161304123879e-01 7.121375110679724063e-01 -2.761325189956861381e-01 -6.454541018014812170e-01 -3.786134753217626492e-01 1.500095995452148223e+00 1.837224596554327016e+00
1.583561770284965038e+09 4.072300663193837988e-01 9.122152137936189176e-01 4.502307247205901419e-02 5.908806614571741056e-01 -3.007286560489388361e-01 7.486135981833682562e-01 6.964364415869498393e-01 -2.782547023817462106e-01 -6.614760794476995942e-01 -3.762982302877365126e-01 1.499420488783918870e+00 1.844525451135458738e+00
