1.583561772930427074e+09 -4.463233562735272608e-01 5.173348829101767077e-01 7.301781158486447820e-01 1.726277948189597067e-01 -7.508572282805723308e-01 6.375053468659548361e-01 8.780632701260022710e-01 4.105825639804721594e-01 2.458187381957688267e-01 -2.656441160279323643e-01 1.516249034489950409e+00 1.466270149735033002e+00
1.583561772930489063e+09 -4.388166671060631518e-01 5.369872253569262233e-01 7.204752964322378439e-01 1.610589130370195798e-01 -7.418091414420715513e-01 6.509832749714842270e-01 8.840248635896629237e-01 4.017012791402314598e-01 2.390316362531031136e-01 -2.754314966493144334e-01 1.512476517374691243e+00 1.466900045991476276e+00
1.583561772930517912e+09 -4.309874958914124976e-01 5.564016167064759211e-01 7.103991973594000475e-01 1.500480969934350484e-01 -7.321191810063868433e-01 6.644449363796643970e-01 8.897951153032505056e-01 3.929615069206018330e-01 2.320472087724129995e-01 -2.852584117411511300e-01 1.508965565849689439e+00 1.468135535107994993e+00
1.583561772930541039e+09 -4.227931378919881911e-01 5.755614291809078020e-01 6.999821455511361368e-01 1.397264032811512124e-01 -7.217755009349415829e-01 6.778765806306117359e-01 8.953895772353723803e-01 3.844075541514392902e-01 2.247406005336339274e-01 -2.950946043440723088e-01 1.505761024785762459e+00 1.469979906547099535e+00
1.583561772930562019e+09 -4.141955260925533899e-01 5.944374001440271282e-01 6.892650025774653688e-01 1.301504105293329605e-01 -7.108149236804981452e-01 6.912329672446958506e-01 9.008345780713887807e-01 3.760137255347381080e-01 2.170500896109657241e-01 -3.049060688754038351e-01 1.502905211187482992e+00 1.472429593660522951e+00
1.583561772930583000e+09 -4.051764002354773520e-01 6.129978236099178357e-01 6.782814705190096660e-01 1.213018341531121730e-01 -6.993037785444400356e-01 7.044573020712997513e-01 9.061555881688688752e-01 3.677062601853641755e-01 2.089836273297235036e-01 -3.146558660815701458e-01 1.500436739488019366e+00 1.475474191581217953e+00
1.583561772930603027e+09 -3.957472526344701924e-01 6.312167998934099522e-01 6.670453237058423523e-01 1.130938876306390589e-01 -6.873184637382243611e-01 7.174978063283752316e-01 9.113692362927319213e-01 3.593865344771786652e-01 2.006176318732972308e-01 -3.243050844906004149e-01 1.498389477211898635e+00 1.479096728791512216e+00
1.583561772930623055e+09 -3.859553710072542998e-01 6.490787844035281751e-01 6.555419006804072968e-01 1.053829985358381016e-01 -6.749283776520159650e-01 7.303191827995878516e-01 9.164785188208668387e-01 3.509535822798190430e-01 1.920903638126878754e-01 -3.338138935092451187e-01 1.496791686673600630e+00 1.483274179079287824e+00
1.583561772930641890e+09 -3.758874708812959264e-01 6.665790340230483002e-01 6.437243206239087190e-01 9.798375988688545757e-02 -6.621830148895315737e-01 7.429083642689884304e-01 9.214704511187344904e-01 3.423244753776247817e-01 1.835923787081503167e-01 -3.431426280361767334e-01 1.495665393333220461e+00 1.487978182665913529e+00
1.583561772930666924e+09 -3.656721614080138960e-01 6.837204301971651077e-01 6.315142469003502956e-01 9.068512549558815916e-02 -6.491041472426254400e-01 7.552747938085921930e-01 9.263153235479230085e-01 3.334519150137053023e-01 1.753560434774228960e-01 -3.522528448523837286e-01 1.495026004703753353e+00 1.493175932746778400e+00
1.583561772930694103e+09 -3.555869910311674764e-01 7.003384704901867153e-01 6.189377342647545133e-01 8.334078050067612875e-02 -6.358217527874459041e-01 7.673232780935139719e-01 9.309200859198820677e-01 3.244329294338655356e-01 1.677231891538438213e-01 -3.611082958160301559e-01 1.494882187193784073e+00 1.498831176231339324e+00
1.583561772930717945e+09 -3.448923945611868103e-01 7.165403611652978455e-01 6.063160457474937592e-01 7.670745603666231927e-02 -6.222735138700772328e-01 7.790325026855480228e-01 9.355026470384029125e-01 3.151913466903676353e-01 1.596534140120722256e-01 -3.696966313211081379e-01 1.495198521245309164e+00 1.504877819939542727e+00
1.583561772930737972e+09 -3.336007588137787083e-01 7.323040562931503183e-01 5.936676706638078782e-01 7.076038396692727050e-02 -6.085150449773625292e-01 7.903811790607045973e-01 9.400550526606570312e-01 3.056799133875606755e-01 1.511829645449482840e-01 -3.779911744981810373e-01 1.495967305467322150e+00 1.511283364289250253e+00
1.583561772930763006e+09 -3.217273608122262485e-01 7.476102694119998171e-01 5.810080814501967783e-01 6.547373694640944153e-02 -5.945981908548571004e-01 8.013527196676513142e-01 9.445658766479270163e-01 2.958578658440683129e-01 1.423496685650607885e-01 -3.859690836087886212e-01 1.497176165047678031e+00 1.518014864779397399e+00
1.583561772930783033e+09 -3.092890807325888725e-01 7.624420341784886590e-01 5.683506042868964325e-01 6.082204687575770707e-02 -5.805712230348305525e-01 8.119345624580974752e-01 9.490210447643030456e-01 2.856907415118296045e-01 1.331910547257134647e-01 -3.936116293467683547e-01 1.498808675576811078e+00 1.525039669269544262e+00
1.583561772930838108e+09 -2.963036021967042632e-01 7.767842749199287411e-01 5.557070864208045746e-01 5.678095509238269972e-02 -5.664792027754383952e-01 8.221175317909468205e-01 9.534044780237134198e-01 2.751499651969347982e-01 1.237432753183474177e-01 -4.009043042269796464e-01 1.500845055111837301e+00 1.532326062450620752e+00
1.583561772930866957e+09 -2.827890381356233385e-01 7.906234583638211966e-01 5.430883052792444543e-01 5.332748872873657731e-02 -5.523643250224584689e-01 8.318953248484499685e-01 9.576985638014573476e-01 2.642124142028621225e-01 1.140406126069896664e-01 -4.078367779814637273e-01 1.503262885777669089e+00 1.539843799917571143e+00
1.583561772930888891e+09 -2.687638813389269243e-01 8.039473553334353095e-01 5.305041246549663247e-01 5.044004614175275764e-02 -5.382661377617135035e-01 8.412641480537748073e-01 9.618844931090132500e-01 2.528600701705241427e-01 1.041153546785037326e-01 -4.144027182784778551e-01 1.506037831413867378e+00 1.547564523901655331e+00
1.583561772930911064e+09 -2.542471620623330542e-01 8.167449111713906973e-01 5.179634456163954015e-01 4.809824288386974761e-02 -5.242216015744888269e-01 8.502224835832675742e-01 9.659425137476187473e-01 2.410797851685735904e-01 9.399785938021126830e-02 -4.205994983614920746e-01 1.509144324362337253e+00 1.555462061003132668e+00
1.583561772930934906e+09 -2.392587186733217963e-01 8.290062113616851747e-01 5.054740026929842589e-01 4.628271212131726542e-02 -5.102649924479227828e-01 8.587709520920896455e-01 9.698521414872843804e-01 2.288631453680209371e-01 8.371669245043567020e-02 -4.264278161415509527e-01 1.512556198797664564e+00 1.563512607493701800e+00
1.583561772930954933e+09 -2.238194542676433252e-01 8.407225054806218845e-01 4.930421087550656556e-01 4.497495038937356082e-02 -4.964277170964386809e-01 8.669122075805769656e-01 9.735923715695730118e-01 2.162063615663947225e-01 7.329872775029708243e-02 -4.318912529966653646e-01 1.516247251364295501e+00 1.571694811523456803e+00
1.583561772930974007e+09 -2.079515362329328321e-01 8.518862660307876533e-01 4.806723922407101224e-01 4.415721704737032849e-02 -4.827380876919906694e-01 8.746508326129056599e-01 9.771419032107760971e-01 2.031101394502485835e-01 6.276920018750463404e-02 -4.369957998436820867e-01 1.520191716630542089e+00 1.579989765975019500e+00
1.583561772931014061e+09 -1.916785715700066173e-01 8.624912825288896245e-01 4.683674979100009295e-01 4.381244282635547022e-02 -4.692210460160741170e-01 8.819932425736074499e-01 9.804793701570798659e-01 1.895795290844867198e-01 5.215176985047033364e-02 -4.417493754904469050e-01 1.524364651447781993e+00 1.588380928450189522e+00
1.583561772931026936e+09 -1.750256718941669287e-01 8.725327500193739150e-01 4.561278490265048280e-01 4.392418642636707060e-02 -4.558979284060680204e-01 8.889475489803519981e-01 9.835835908928902693e-01 1.756236867051115813e-01 4.146855006397671267e-02 -4.461613601212599534e-01 1.528742227138516707e+00 1.596853985560362510e+00
1.583561772931045055e+09 -1.580193817936929590e-01 8.820073236460846955e-01 4.439515247728426095e-01 4.447663680245561579e-02 -4.427863356943287920e-01 8.955233608440762438e-01 9.864338315392108258e-01 1.612555185804783187e-01 3.074010364766683809e-02 -4.502421615054853499e-01 1.533301934058984850e+00 1.605396678751896289e+00
1.583561772931068897e+09 -1.406875257714631788e-01 8.909131424542894306e-01 4.318342193833753506e-01 4.545461579078854258e-02 -4.299000927626321356e-01 9.017315499982963001e-01 9.890100597286084483e-01 1.464912392012290010e-01 1.998546579290239739e-02 -4.540028253376309220e-01 1.538022707447578963e+00 1.613998607620342085e+00
1.583561772931087971e+09 -1.230590145444338118e-01 8.992498269955456758e-01 4.197692555723398500e-01 4.684355533382109776e-02 -4.172492764258646236e-01 9.075840031435754574e-01 9.912931758626134515e-01 1.313498773901734251e-01 9.222225753940998735e-03 -4.574546957748628628e-01 1.542884985813965493e+00 1.622651024258195740e+00
1.583561772931107044e+09 -1.051636380930497522e-01 9.070184550130437895e-01 4.077476325188260642e-01 4.862943753041178846e-02 -4.048402903410128761e-01 9.130933781593305598e-01 9.932652149739695790e-01 1.158527595875538524e-01 -1.533319509728535424e-03 -4.606091287826469260e-01 1.547870713580235869e+00 1.631346629190734143e+00
1.583561772931123972e+09 -8.703185983883081345e-02 9.142215173564501862e-01 3.957580989839456498e-01 5.079869604636008673e-02 -3.926759716133439437e-01 9.182728755189516479e-01 9.949095175451100337e-01 1.000229915737657210e-01 -1.226594084639433951e-02 -4.634772568944112159e-01 1.552963299891176208e+00 1.640079376748233120e+00
1.583561772931144953e+09 -6.869461383845480718e-02 9.208628524415779504e-01 3.837872553364283235e-01 5.333808560702687357e-02 -3.807557253751620019e-01 9.231360280772005211e-01 9.962108707007569786e-01 8.388495045053268040e-02 -2.296119412417078204e-02 -4.660698028982980246e-01 1.558147544121266881e+00 1.648844294949993516e+00
1.583561772931164026e+09 -5.018310813611271543e-02 9.269475591585366603e-01 3.718196855516833765e-01 5.623452547913271315e-02 -3.690756817468659468e-01 9.276965125533032097e-01 9.971556217818375867e-01 6.746379799091606344e-02 -3.360509127459998524e-02 -4.683969405918887996e-01 1.563409536899119656e+00 1.657637322657453449e+00
1.583561772931175947e+09 -3.152856372481030456e-02 9.324818491680375576e-01 3.598382288995016220e-01 5.947497286466112143e-02 -3.576289797525447067e-01 9.319679396632912782e-01 9.977317663187971197e-01 5.078497947957370806e-02 -4.418380458594415444e-02 -4.704681996206877548e-01 1.568736544739293359e+00 1.666455165228619251e+00
1.583561772931185007e+09 -1.276184467244908735e-02 9.374728073709345244e-01 3.478244831758356970e-01 6.304637834182530431e-02 -3.464062766335267995e-01 9.359635921355137222e-01 9.979290003543613841e-01 3.387369595151863005e-02 -5.468348218964622781e-02 -4.722924086981449832e-01 1.574116885908744878e+00 1.675295168862431794e+00
1.583561772931195021e+09 6.086910190243702799e-03 9.419281168956696870e-01 3.357593966840473620e-01 6.693567541779690822e-02 -3.353963503269841717e-01 9.396961762506224058e-01 9.977387258850671792e-01 1.675443577255387312e-02 -6.509012214800631579e-02 -4.738776697202043975e-01 1.579539803989483682e+00 1.684155212941646607e+00
1.583561772931216002e+09 2.498874727422457226e-02 9.458556992660697160e-01 3.236241014069889399e-01 7.112990366723613567e-02 -3.245869599578922737e-01 9.431775243006599307e-01 9.971539999239819041e-01 -5.494736215793512247e-04 -7.538964626789780576e-02 -4.752313567992779153e-01 1.584995343686705249e+00 1.693033618880124713e+00
1.583561772931236029e+09 4.391646663343314744e-02 9.492632603808733860e-01 3.114010385105199785e-01 7.561653517255115253e-02 -3.139660436836027579e-01 9.464182284479218943e-01 9.961694051805654038e-01 -1.801627695733771378e-02 -8.556827798227049919e-02 -4.763601363696430280e-01 1.590474232002178745e+00 1.701929073540390691e+00
1.583561772931250095e+09 6.284521834001524643e-02 9.521577949802274565e-01 2.990752619761598563e-01 8.038400669182736713e-02 -3.035231707196892059e-01 9.494272465127452376e-01 9.947808252330253564e-01 -3.562609473088003409e-02 -9.561323848183030105e-02 -4.772700038638992281e-01 1.595967767270784377e+00 1.710840565306676719e+00
1.583561772931262970e+09 8.175298307627616723e-02 9.545451497428050214e-01 2.866356697910046325e-01 8.542238225959086773e-02 -2.932510144713399991e-01 9.522115622260448609e-01 9.929851291026791094e-01 -5.336103396159953133e-02 -1.055136658710167652e-01 -4.779663305541941853e-01 1.601467717817338432e+00 1.719767331083333906e+00
1.583561772931276083e+09 1.006208345154094297e-01 9.564297252916204028e-01 2.740759540272367234e-01 9.072406195135587770e-02 -2.831466386418976522e-01 9.547759557745365555e-01 9.907797901132437968e-01 -7.120506959489499021e-02 -1.152616407014866035e-01 -4.784539153863868743e-01 1.606966230787038263e+00 1.728708812518715776e+00
1.583561772931288004e+09 1.194329862740092230e-01 9.578143274859138856e-01 2.613952489780573263e-01 9.628452736391557298e-02 -2.732125745028559094e-01 9.571228651746689353e-01 9.881624622666661528e-01 -8.914372399621313392e-02 -1.248532934656610832e-01 -4.787370382415166437e-01 1.612455750835624757e+00 1.737664619863185766e+00
1.583561772931298018e+09 1.381766609382219513e-01 9.587001461537569824e-01 2.485985528369996089e-01 1.021031598199711593e-01 -2.634577712048272735e-01 9.592522857220101562e-01 9.851305270776429257e-01 -1.071635800455195131e-01 -1.342900293454769578e-01 -4.788195149001203688e-01 1.617928948087576480e+00 1.746634501888528979e+00
1.583561772931308031e+09 1.568417313468529750e-01 9.590868894692652358e-01 2.356968605904897762e-01 1.081840639800333570e-01 -2.538983452824400411e-01 9.611617130743096427e-01 9.816806404646239992e-01 -1.252516229134246206e-01 -1.435797734521654379e-01 -4.787047532393016724e-01 1.623378654926120213e+00 1.755618320633476559e+00
1.583561772931320906e+09 1.754200821056338955e-01 9.589731039553001102e-01 2.227069397668415551e-01 1.145367864840530492e-01 -2.445580273517492520e-01 9.628461434289831145e-01 9.778083245660885714e-01 -1.433944123015049865e-01 -1.527380868677520598e-01 -4.783958097556769151e-01 1.628797811154344410e+00 1.764616029997827518e+00
1.583561772931333065e+09 1.939046434331823110e-01 9.583567137410702319e-01 2.096506589982214952e-01 1.211767517666726690e-01 -2.354681476091632364e-01 9.642981626079798474e-01 9.735076704072536113e-01 -1.615771054934548034e-01 -1.617889207846298916e-01 -4.778954466853035932e-01 1.634179417222830555e+00 1.773627657321963369e+00
1.583561772931345940e+09 2.122882244734548007e-01 9.572356962773059808e-01 1.965541448515675527e-01 1.281255096411614836e-01 -2.266674143983896939e-01 9.655080202388169885e-01 9.687711617225122085e-01 -1.797823833211595057e-01 -1.707651343577898106e-01 -4.772061903598220356e-01 1.639516495494737658e+00 1.782653287236011019e+00
1.583561772931360960e+09 2.305621514383894566e-01 9.556089043993113430e-01 1.834467674634005785e-01 1.354106841877446288e-01 -2.182014207789231275e-01 9.664637016951048709e-01 9.635896643222425784e-01 -1.979892980248035006e-01 -1.797086445584905601e-01 -4.763303918052032571e-01 1.644802059900513314e+00 1.791693047183736898e+00
1.583561772931375980e+09 2.487147505201887376e-01 9.534770361388099635e-01 1.703599564614663442e-01 1.430654971932809605e-01 -2.101217937406329450e-01 9.671510199676142117e-01 9.579526275572912697e-01 -2.161720927408843917e-01 -1.886700557220587493e-01 -4.752702905295041469e-01 1.650029094703037824e+00 1.800747094155515926e+00
1.583561772931394100e+09 2.667297644082289865e-01 9.508437366601615315e-01 1.573258452028588605e-01 1.511277280573391502e-01 -2.024848768227434093e-01 9.675537631504740332e-01 9.518485398680816001e-01 -2.342990897126634997e-01 -1.977075971248321573e-01 -4.740280815992823360e-01 1.655190543193550079e+00 1.809815602332857543e+00
1.583561772931411028e+09 2.845848734026695248e-01 9.477167648665294486e-01 1.443758420139186205e-01 1.596380978917948390e-01 -1.953499625041764942e-01 9.676538998874777420e-01 9.452656387442309738e-01 -2.523317777600895817e-01 -2.068853460058263094e-01 -4.726059849988248351e-01 1.660279306915389608e+00 1.818898751519764323e+00
1.583561772931423903e+09 3.022505157717400581e-01 9.441091415013158628e-01 1.315391766177951005e-01 1.686380703607194553e-01 -1.887770469313269361e-01 9.674318724815916815e-01 9.381928518167158559e-01 -2.702242694717708060e-01 -2.162707036066659483e-01 -4.710063156101112480e-01 1.665288255673402995e+00 1.827996716363400775e+00
1.583561772931435108e+09 3.196892317448322141e-01 9.400401385801160359e-01 1.188416311761041066e-01 1.781673380208832203e-01 -1.828243448140885186e-01 9.668669291697743473e-01 9.306208653521307328e-01 -2.879232486731556628e-01 -2.259314234337586047e-01 -4.692315510696777325e-01 1.670210247824108762e+00 1.837109656514872569e+00
1.583561772931452036e+09 3.368556735176533867e-01 9.355359977753278100e-01 1.063045268152397055e-01 1.882612031465254465e-01 -1.775456886208736373e-01 9.659374969211519391e-01 9.225432102991578676e-01 -3.053685079415355830e-01 -2.359324050200420630e-01 -4.672843943979529957e-01 1.675038159577762364e+00 1.846237707955613816e+00
1.583561772931468010e+09 3.536973354831360328e-01 9.306302718588100875e-01 9.394409139509131423e-02 1.989482037325308317e-01 -1.729880808563627470e-01 9.646215507801854105e-01 9.139572240342709319e-01 -3.224940639829001476e-01 -2.463326441652013421e-01 -4.651678282203043358e-01 1.679764921240074704e+00 1.855380975747473293e+00
1.583561772931482077e+09 3.701559285937159327e-01 9.253637400694985082e-01 8.177125061680012852e-02 2.102482633514874688e-01 -1.691896089630413325e-01 9.628969540365960311e-01 9.048647725188759816e-01 -3.392297526822500853e-01 -2.571826561017663826e-01 -4.628851572619037125e-01 1.684383557319851121e+00 1.864539528480779751e+00
1.583561772931492090e+09 3.861692315578836299e-01 9.197839037804249607e-01 6.979179952084234306e-02 2.221715061710877737e-01 -1.661778339948218053e-01 9.607417704309506590e-01 8.952726661218463056e-01 -3.555031619483915994e-01 -2.685225416791556241e-01 -4.604400374649152416e-01 1.688887227477082753e+00 1.873713394536258070e+00
1.583561772931502104e+09 4.016731912837095408e-01 9.139441156949617007e-01 5.800690585125937299e-02 2.347178146048992664e-01 -1.639687494621217823e-01 9.581345400429240877e-01 8.851927446451546277e-01 -3.712417041567097065e-01 -2.803808163417337851e-01 -4.578364907877559009e-01 1.693269265061093432e+00 1.882902560190596652e+00
1.583561772931514025e+09 4.166039612467431485e-01 9.079024639994336399e-01 4.641395989571418107e-02 2.478772340333134094e-01 -1.625664681593225747e-01 9.550544593867594800e-01 8.746416503819433030e-01 -3.863745069378656249e-01 -2.927741861157305836e-01 -4.550789061565707061e-01 1.697523210462824839e+00 1.892106969440064068e+00
1.583561772931524038e+09 4.308996879841174854e-01 9.017205381090311889e-01 3.500757608677642491e-02 2.616309411971236010e-01 -1.619634318607597046e-01 9.514815276528124643e-01 8.636403821988957175e-01 -4.008340282567040558e-01 -3.057079853011793746e-01 -4.521720288020054657e-01 1.701642837770241057e+00 1.901326525232196474e+00
1.583561772931538105e+09 4.445019407614673179e-01 8.954621751370440697e-01 2.378062013583501222e-02 2.759525426643260615e-01 -1.621409878739139554e-01 9.473966932413802056e-01 8.522137168088770309e-01 -4.145573461719302411e-01 -3.191770478398195943e-01 -4.491209411180694944e-01 1.705622174417918746e+00 1.910561091702803527e+00
1.583561772931548119e+09 4.573567043869906090e-01 8.891922818789158578e-01 1.272521650737157631e-02 2.908095723007097511e-01 -1.630702554925493042e-01 9.427819920576603341e-01 8.403895750607897064e-01 -4.274870500194816181e-01 -3.331669017847410652e-01 -4.459310382086033586e-01 1.709455514326939207e+00 1.919810497017776951e+00
1.583561772931560040e+09 4.694149763284251042e-01 8.829757743462051112e-01 1.833644519929492414e-03 3.061649777567590491e-01 -1.647131134483639514e-01 9.376207105059524149e-01 8.281983981229349423e-01 -4.395718058389251337e-01 -3.476550605243186043e-01 -4.426080004478057939e-01 1.713137425022442262e+00 1.929074536513647908e+00
1.583561772931571007e+09 4.806330211420314913e-01 8.768766579184189558e-01 -8.900905663444253282e-03 3.219784954338899552e-01 -1.670232219067883384e-01 9.318975758839281864e-01 8.156725738461048092e-01 -4.507666474498836506e-01 -3.626123027037553292e-01 -4.391577647897165759e-01 1.716662749197754190e+00 1.938352975901432629e+00
1.583561772931580067e+09 4.909723149748086435e-01 8.709572730391319517e-01 -1.948370612686698561e-02 3.382078870500436207e-01 -1.699470407961510277e-01 9.255989566643394451e-01 8.028459449502425294e-01 -4.610330055162153995e-01 -3.780039110269816649e-01 -4.355864966840538033e-01 1.720026601903293928e+00 1.947645554295119652e+00
1.583561772931592941e+09 5.003992542207928995e-01 8.652777010436700778e-01 -2.991800106586665203e-02 3.548099895799043391e-01 -1.734247805317067626e-01 9.187130764869818611e-01 7.897534159001217136e-01 -4.703385439059337148e-01 -3.937908028897986190e-01 -4.319005637103496831e-01 1.723224364257570418e+00 1.956951986917156550e+00
