1.583561769057404041e+09 9.426595591281651532e-02 1.704955770095308298e-01 9.808390224464009766e-01 2.051704040611546098e-01 -9.674038164570862852e-01 1.484417771807612085e-01 9.741760800867246273e-01 1.872461325402022814e-01 -1.261738919416378057e-01 4.065992270404129860e-02 1.602254687009895928e+00 1.661243072725947956e+00
1.583561769057441950e+09 7.276219012722613677e-02 1.632870932155408294e-01 9.838917567778390216e-01 2.076845224289432801e-01 -9.673616308115007278e-01 1.451847594898819649e-01 9.754859317241862948e-01 1.937751285639208176e-01 -1.042995528802623806e-01 3.433542914022106457e-02 1.601998760579996350e+00 1.657205314087915937e+00
1.583561769057457924e+09 5.121087218121635198e-02 1.562358206590723220e-01 9.863913093157998802e-01 2.107994785802962678e-01 -9.671252951522513186e-01 1.422400904034950286e-01 9.761869834017217196e-01 2.006465346006662265e-01 -8.246175940806813043e-02 2.812280350004994420e-02 1.601698609368776838e+00 1.653000387940154248e+00
1.583561769057468891e+09 2.963369202950000975e-02 1.493057059404286624e-01 9.883469282868168060e-01 2.143950222658504712e-01 -9.667180543873070686e-01 1.396100919006222907e-01 9.762974028899625845e-01 2.077594992384381722e-01 -6.065782525713051682e-02 2.201862580173107736e-02 1.601345646149358926e+00 1.648643480366261294e+00
1.583561769057478905e+09 8.049188366778698214e-03 1.424465406756039720e-01 9.897697680796591069e-01 2.183510318058980437e-01 -9.661670100063227684e-01 1.372739439820299390e-01 9.758370958545473650e-01 2.150123062871817647e-01 -3.888020939577499502e-02 1.601844484594929299e-02 1.600932377815865282e+00 1.644149567838900206e+00
1.583561769057488918e+09 -1.352569944682114819e-02 1.355964993367337335e-01 9.906718149903372961e-01 2.225534585582474856e-01 -9.655017565863267537e-01 1.351899261214771775e-01 9.748266582906734978e-01 2.223059770408742086e-01 -1.711838332577532082e-02 1.011692178301107012e-02 1.600452475051476586e+00 1.639533299768873853e+00
1.583561769057498932e+09 -3.507383849357301880e-02 1.286853552463095296e-01 9.910650359082153749e-01 2.268992546883051575e-01 -9.647528976578729765e-01 1.332988173081046113e-01 9.732864708084011385e-01 2.295472191943910556e-01 4.638976118862576416e-03 4.307982027797687893e-03 1.599900815808611876e+00 1.634808884142326724e+00
1.583561769057507992e+09 -5.657620613488770211e-02 1.216381555495801292e-01 9.909607924754589847e-01 2.313001133120453634e-01 -9.639505182874824607e-01 1.315281562606771260e-01 9.712360118290926936e-01 2.366507076779001961e-01 2.640174405954088394e-02 -1.415027702278574611e-03 1.599273501458638336e+00 1.629989978837331321e+00
1.583561769057518005e+09 -7.801059135152639545e-02 1.143791624600028756e-01 9.903695043019800082e-01 2.356849860674019581e-01 -9.631226816321662998e-01 1.297971012139900737e-01 9.686934165061028557e-01 2.435407714537267121e-01 4.817631862201279119e-02 -7.059180292417675980e-03 1.598567844806158211e+00 1.625089590870506084e+00
1.583561769057527065e+09 -9.935091804338730404e-02 1.068358356072274945e-01 9.893005102315817201e-01 2.400013794521058119e-01 -9.622940325928673877e-01 1.280216103402282701e-01 9.656752731428752679e-01 2.501525516744296795e-01 6.996404763946702243e-02 -1.263181012907414573e-02 1.597782329478055763e+00 1.620119985818454511e+00
1.583561769057537079e+09 -1.206559089792720030e-01 9.890931635687487400e-02 9.877545742726923095e-01 2.442331948626945970e-01 -9.614811138251013745e-01 1.261119118151211860e-01 9.621810112291547812e-01 2.564586027774773958e-01 9.185143941364101727e-02 -1.814035942005241472e-02 1.596916540891744507e+00 1.615092610076809043e+00
1.583561769057547092e+09 -1.419069444541679048e-01 9.102997611766618091e-02 9.856855293622428515e-01 2.486039613414987026e-01 -9.605703758355251809e-01 1.245014999482890322e-01 9.581536879516042715e-01 2.627129546834832130e-01 1.136811942983805834e-01 -2.355656882333282201e-02 1.595925387858537547e+00 1.609988640701934148e+00
1.583561769057557106e+09 -1.631079313037261391e-01 8.327311787239312368e-02 9.830876821606787663e-01 2.531317090700841432e-01 -9.595452648796573003e-01 1.232770154049324940e-01 9.535827918031943851e-01 2.689581241204550555e-01 1.354303764940628374e-01 -2.888540709673087514e-02 1.594809748247358661e+00 1.604818820305724314e+00
1.583561769057565928e+09 -1.842641888617525536e-01 7.572859932891630452e-02 9.799550439572354277e-01 2.578300475592532615e-01 -9.583877017252889763e-01 1.225425631124682641e-01 9.484568390246461700e-01 2.752420615917226532e-01 1.570714241006516687e-01 -3.413237399647110759e-02 1.593571292310796306e+00 1.599593518662623559e+00
1.583561769057574987e+09 -2.053809306750158659e-01 6.850146700913020692e-02 9.762818356207842996e-01 2.627053650789984429e-01 -9.570785503022836149e-01 1.224195234709343355e-01 9.427643208604554736e-01 2.816171117193018159e-01 1.785699804846679339e-01 -3.930339250623707259e-02 1.592212460791383899e+00 1.594322621538917018e+00
1.583561769057584047e+09 -2.264611047010736677e-01 6.171233226369315927e-02 9.720632470855852247e-01 2.677538599985979650e-01 -9.555980704756029676e-01 1.230455126204001159e-01 9.364951888434298599e-01 2.881387092957106710e-01 1.998820795104025438e-01 -4.440468751258970503e-02 1.590736413854857645e+00 1.589015429558732873e+00
1.583561769057593107e+09 -2.475025536753092115e-01 5.549723348168231901e-02 9.672965125702184253e-01 2.729584822603188243e-01 -9.539263334361878233e-01 1.245721371575340963e-01 9.296430245527386171e-01 2.948637100393415866e-01 2.209507629160025743e-01 -4.944265499366957278e-02 1.589146948916881685e+00 1.583680572776613893e+00
1.583561769057602882e+09 -2.684945579535810145e-01 5.000679836981249821e-02 9.619823245239687015e-01 2.782859927056918758e-01 -9.520435440446336495e-01 1.271613012028527390e-01 9.222079910877324371e-01 3.018483235098774475e-01 2.417023189774926140e-01 -5.442372713815862156e-02 1.587448387047145637e+00 1.578325946750339659e+00
1.583561769057612896e+09 -2.894139222049980087e-01 4.540452746280024265e-02 9.561265662820092048e-01 2.836844305151120516e-01 -9.499302139130424427e-01 1.309798938589407935e-01 9.142005938140217447e-01 3.091456252768556290e-01 2.620424715063654486e-01 -5.935423961866784920e-02 1.585645428904678855e+00 1.572958675504053438e+00
1.583561769057621956e+09 -3.102208665931240894e-01 4.186408442691704618e-02 9.497422874631481493e-01 2.890813499748670079e-01 -9.475671395515944395e-01 1.361928381214629613e-01 9.056461711061958297e-01 3.168026428628668567e-01 2.818529731379153525e-01 -6.424030796122932874e-02 1.583742982884247752e+00 1.567585106177592058e+00
1.583561769057631969e+09 -3.308550478728934929e-01 3.956556802089510050e-02 9.428517928893360711e-01 2.943832127172069102e-01 -9.449351754575816553e-01 1.429546720821199546e-01 8.965899071367254836e-01 3.248570147912189232e-01 3.009891336782577476e-01 -6.908772032146383302e-02 1.581745970049952321e+00 1.562210839235525839e+00
1.583561769057641029e+09 -3.512320635997707718e-01 3.869059502996576028e-02 9.354886827675147343e-01 2.994762927092151639e-01 -9.420148899115127206e-01 1.513997929556265554e-01 8.871020165778353839e-01 3.333331443038166086e-01 3.192789177552461388e-01 -7.390185391551312710e-02 1.579659112455876091e+00 1.556840796858065090e+00
1.583561769057651043e+09 -3.712408300197295175e-01 3.941617229241033138e-02 9.276996344283549023e-01 3.042294246686933490e-01 -9.387862506221371639e-01 1.616317816069824387e-01 8.772825676506271764e-01 3.422378428175152920e-01 3.365242274648718168e-01 -7.868762151845135056e-02 1.577486712768279009e+00 1.551479330634822462e+00
1.583561769057667971e+09 -3.907422670115746621e-01 4.190720932486989569e-02 9.195456850030252482e-01 3.084988342179681986e-01 -9.352285933733504031e-01 1.737122547200411482e-01 8.672652133392139140e-01 3.515554920591439370e-01 3.525050155184084044e-01 -8.344945329423614222e-02 1.575232434616116173e+00 1.546130368103010966e+00
1.583561769057679892e+09 -4.095698060940556329e-01 4.630764430530340259e-02 9.111027254077320725e-01 3.121351500285999281e-01 -9.313211729926575977e-01 1.876499956543170589e-01 8.572188881867447430e-01 3.612429582287011165e-01 3.669867887226329062e-01 -8.819131759002594995e-02 1.572899094470913361e+00 1.540797595955061272e+00
1.583561769057688951e+09 -4.275322587006883390e-01 5.273051890119434537e-02 9.024608913283304057e-01 3.149924133811489169e-01 -9.270445722754736551e-01 2.033915940833475045e-01 8.473464152836364116e-01 3.712248017690465418e-01 3.797317464847990154e-01 -9.291678217954621455e-02 1.570488476879261519e+00 1.535484675924157161e+00
1.583561769057698965e+09 -4.444195398302362987e-01 6.124760866751303989e-02 8.937225538611064390e-01 3.169384990314498829e-01 -9.223831550672481061e-01 2.208150880187813858e-01 8.378790250748016089e-01 3.813896245842479105e-01 3.905133721527072610e-01 -9.762911473339799806e-02 1.568001184861377073e+00 1.530195487675061861e+00
1.583561769057708979e+09 -4.600115245762844141e-01 7.187970211091335160e-02 8.849987039040650982e-01 3.178658637535516918e-01 -9.173285236679376009e-01 2.397283302871651700e-01 8.290661554598371952e-01 3.915886721446561469e-01 3.991335891025992733e-01 -1.023314184259535436e-01 1.565436536967489856e+00 1.524934391479594975e+00
1.583561769057718039e+09 -4.740898343196673359e-01 8.458910243533925011e-02 8.764037385670832014e-01 3.177010550704956748e-01 -9.118836082217729455e-01 2.598736706178514932e-01 8.211606839187557405e-01 4.016378578654463682e-01 4.054407016398691166e-01 -1.070267956604813858e-01 1.562792522063604972e+00 1.519706501864463100e+00
1.583561769057727098e+09 -4.864516742579680364e-01 9.927608452155334273e-02 8.680489778141067259e-01 3.164111843807956848e-01 -9.060666612806060893e-01 2.809397937840406589e-01 8.144008418603692068e-01 4.113240382301281417e-01 4.093455808752239911e-01 -1.117185298437503582e-01 1.560065820784611201e+00 1.514517962329772649e+00
1.583561769057735920e+09 -4.969242924401292560e-01 1.157805734586573598e-01 8.600355263725375510e-01 3.140058780825712437e-01 -8.999141772436016762e-01 3.025802077836995396e-01 8.089910730814838802e-01 4.204156663074008482e-01 4.108334351396752959e-01 -1.164102725423607210e-01 1.557251899956676233e+00 1.509376210484499214e+00
1.583561769057745934e+09 -5.053783004245274713e-01 1.338895424734219131e-01 8.524472793708125495e-01 3.105340341488982969e-01 -8.934817094365664625e-01 3.244365092809130546e-01 8.050847081574218356e-01 4.286770642253979746e-01 4.099690080104416157e-01 -1.211062214047120000e-01 1.554345182936729630e+00 1.504290222629402818e+00
1.583561769057754993e+09 -5.117379909464433441e-01 1.533497522399420721e-01 8.453449487283120067e-01 3.060757973847682556e-01 -8.868418235725114007e-01 3.461635252806437579e-01 8.027713467057581154e-01 4.358846562201214025e-01 4.068940053760716768e-01 -1.258112732206604079e-01 1.551339294690529114e+00 1.499270727109487611e+00
1.583561769057765007e+09 -5.159870595607773947e-01 1.738844828583514524e-01 8.387619097320363482e-01 3.007312507371156518e-01 -8.800790093481031251e-01 3.674529250826744087e-01 8.020711124402090109e-01 4.418428725314398897e-01 4.018168821901139109e-01 -1.305311367249788190e-01 1.548227375629555036e+00 1.494330376891925605e+00
1.583561769057775021e+09 -5.181689823377271242e-01 1.952120260341748403e-01 8.327023302868458154e-01 2.946081096762548368e-01 -8.732820705268623529e-01 3.880521704953627804e-01 8.029364655264010775e-01 4.463974577348085448e-01 3.949966357917026327e-01 -1.352723913162321712e-01 1.545002454007237791e+00 1.489483873261042257e+00
1.583561769057784081e+09 -5.183822545122830361e-01 2.170634613554806025e-01 8.271416397338287041e-01 2.878108222543314110e-01 -8.665350855244527972e-01 4.077767479458299649e-01 8.052606838886606777e-01 4.494445453967100268e-01 3.867231979429262001e-01 -1.400424804628205566e-01 1.541657863726526134e+00 1.484748033588843663e+00
1.583561769057794094e+09 -5.167714664918553469e-01 2.391975897553815511e-01 8.220290534436723862e-01 2.804329408422248093e-01 -8.599083114165771979e-01 4.265150192714602384e-01 8.088909798780429261e-01 4.509348169107758597e-01 3.772971955905279340e-01 -1.448496320017173822e-01 1.538187691950132718e+00 1.480141797171006246e+00
1.583561769057802916e+09 -5.135156259198396800e-01 2.614116132768611878e-01 8.172916680173429871e-01 2.725537058555072001e-01 -8.534503544691603993e-01 4.442262598020922937e-01 8.136437670006746448e-01 4.508729987412005702e-01 3.670113890030685111e-01 -1.497027016448392034e-01 1.534587238959635558e+00 1.475686164184058402e+00
1.583561769057812929e+09 -5.088152850989398068e-01 2.835469667092992974e-01 8.128395435447680617e-01 2.642388273458520231e-01 -8.471825901416116800e-01 4.609332935476684323e-01 8.193197471023608847e-01 4.493136729804584339e-01 3.561353331415256784e-01 -1.546109405013489368e-01 1.530853471582922509e+00 1.471404063704661258e+00
1.583561769057821989e+09 -5.028798269498069295e-01 3.054904580694566829e-01 8.085712460296077264e-01 2.555446745536352204e-01 -8.410963710527677994e-01 4.767114577246948648e-01 8.257171423522379206e-01 4.463546512913206810e-01 3.449039378249399435e-01 -1.595836923787595785e-01 1.526985450351093343e+00 1.467320148606765517e+00
1.583561769057831049e+09 -4.959158209494778924e-01 3.271713723970625654e-01 8.043795073510106031e-01 2.465245818859805316e-01 -8.351532055945506405e-01 4.916754556899812223e-01 8.326422576826791877e-01 4.421289589821216226e-01 3.335099017740981719e-01 -1.646300314153109068e-01 1.522984710714897050e+00 1.463460516927209687e+00
1.583561769057840109e+09 -4.881170859278313734e-01 3.485554344415379147e-01 8.001567470046224706e-01 2.372358367810584179e-01 -8.292877565392644534e-01 5.059653887547315154e-01 8.399171794849090711e-01 4.367962065764057211e-01 3.220996829515193616e-01 -1.697583548893930039e-01 1.518855579811446699e+00 1.459852361118928021e+00
1.583561769057849884e+09 -4.796568662159433338e-01 3.696366421713923600e-01 7.958002536356628687e-01 2.277460005439656265e-01 -8.234132512608185461e-01 5.197329861584484290e-01 8.473848300215740537e-01 4.305338204125679358e-01 3.107725527796160181e-01 -1.749759489735062401e-01 1.514605413069962214e+00 1.456523546517362044e+00
1.583561769057858944e+09 -4.706823355106832807e-01 3.904280120779443086e-01 7.912168518513112980e-01 2.181374479809453371e-01 -8.174287169165626032e-01 5.331288273629219976e-01 8.549118042522854122e-01 4.235283464588813218e-01 2.995822874049807183e-01 -1.802885479150861114e-01 1.510244736648050479e+00 1.453502122078969450e+00
1.583561769057868004e+09 -4.613114891295779230e-01 4.109522442723481661e-01 7.863268806005543343e-01 2.085093397814361815e-01 -8.112273354872461262e-01 5.462911910318841713e-01 8.623894511443319644e-01 4.159669015648863044e-01 2.885411090094076036e-01 -1.856999092363122161e-01 1.505787283579042457e+00 1.450815769012957945e+00
1.583561769057878017e+09 -4.516323539352812277e-01 4.312332319951230897e-01 7.810672933443980614e-01 1.989766222625994063e-01 -8.047051408240895043e-01 5.593370541463447143e-01 8.697335919099569157e-01 4.080288422018906735e-01 2.776255450524717783e-01 -1.912114290139850514e-01 1.501249913731121488e+00 1.448491196663278302e+00
1.583561769057887077e+09 -4.417043473314808955e-01 4.512892174309138249e-01 7.753936497092883684e-01 1.896661194918395354e-01 -7.977692005217940086e-01 5.723557161700987272e-01 8.768831352527939327e-01 3.998779126763332692e-01 2.667838493869933991e-01 -1.968218220562106546e-01 1.496652410528861665e+00 1.446553500551615690e+00
1.583561769057897091e+09 -4.315614854727443661e-01 4.711281919108870064e-01 7.692807753179352614e-01 1.807103040395391935e-01 -7.903444041912346396e-01 5.854054225871172523e-01 8.837977542947649257e-01 3.916553965798798553e-01 2.559444862939620480e-01 -2.025268917237630917e-01 1.492017151479733350e+00 1.445025506559872053e+00
1.583561769057910919e+09 -4.212169518501847620e-01 4.907458046708782495e-01 7.627219905721863702e-01 1.722397034586171938e-01 -7.823781602497624776e-01 5.985130733188260832e-01 8.904548075298481802e-01 3.834748618681680932e-01 2.450250319723746018e-01 -2.083194110078361860e-01 1.487368656606770534e+00 1.443927131504898043e+00
1.583561769057923079e+09 -4.106684187482755322e-01 5.101256580453291667e-01 7.557269765444648568e-01 1.643751288250489273e-01 -7.738425875459680192e-01 6.116767665530310483e-01 8.968457320484282125e-01 3.754190496361508034e-01 2.339407410172522073e-01 -2.141891308350988010e-01 1.482733027357030053e+00 1.443274795235119479e+00
1.583561769057934999e+09 -3.999034790290114660e-01 5.292415029083810118e-01 7.483185413246141726e-01 1.572209213234622704e-01 -7.647341559849450965e-01 6.248705886702119461e-01 9.029721975708964177e-01 3.675392528671920234e-01 2.226120128086199190e-01 -2.201229235432310971e-01 1.478137297875838918e+00 1.443080922514184294e+00
1.583561769057945967e+09 -3.889046068222134500e-01 5.480605937152691620e-01 7.405287250602459181e-01 1.508601749037617457e-01 -7.550711166153949438e-01 6.380507946065493430e-01 9.088423486216357094e-01 3.598571863973688001e-01 2.109701186921298377e-01 -2.261050589815130907e-01 1.473608729575929699e+00 1.443353570179314760e+00
1.583561769057982922e+09 -3.776532166104885069e-01 5.665473859026416426e-01 7.323947758832403121e-01 1.453524335442208382e-01 -7.448893805876458662e-01 6.511624073665401857e-01 9.144674506369175893e-01 3.523689406718357731e-01 1.989608293265729966e-01 -2.321175994440301815e-01 1.469174086204514618e+00 1.444096205589296522e+00
1.583561769058016062e+09 -3.661325842114529494e-01 5.846668597338841034e-01 7.239555194471473110e-01 1.407339656202534761e-01 -7.342376271975252777e-01 6.641453588974383093e-01 9.198591641808349095e-01 3.450503877338230718e-01 1.865458341217161586e-01 -2.381408900537349549e-01 1.464858928410272876e+00 1.445307649124167204e+00
1.583561769058154106e+09 -3.543296098645430936e-01 6.023870046481637486e-01 7.152485053704626949e-01 1.370200765546751021e-01 -7.231724643993268087e-01 6.769394990487830333e-01 9.250275814386903495e-01 3.378631135653850648e-01 1.737023036706293599e-01 -2.441541148346554058e-01 1.460686964422243328e+00 1.446982180763865644e+00
1.583561769058180094e+09 -3.422355699458684564e-01 6.196802907481140377e-01 7.063081141772239446e-01 1.342087618979185548e-01 -7.117542318847833727e-01 6.894881591737392901e-01 9.299800122162888982e-01 3.307601106518398004e-01 1.604210906042797535e-01 -2.501358856246251872e-01 1.456679488165625758e+00 1.449109800152765581e+00
1.583561769058201075e+09 -3.298461139947423404e-01 6.365242096191269239e-01 6.971645945411600875e-01 1.322848784519232435e-01 -7.000437868928135465e-01 7.017402706005910762e-01 9.347204139440057347e-01 3.236906349448476217e-01 1.467041950192321531e-01 -2.560648306933253626e-01 1.452854929184632216e+00 1.451676621332357309e+00
1.583561769058222055e+09 -3.171607645447417911e-01 6.529010943267291589e-01 6.878438854062609575e-01 1.312242554444655318e-01 -6.881003425968518217e-01 7.136512546881723651e-01 9.392492983465454692e-01 3.166039792832943123e-01 1.325619707472626696e-01 -2.619201521791719722e-01 1.449228530182070873e+00 1.454665375682617334e+00
1.583561769058240891e+09 -3.041821668090626818e-01 6.687974883236534884e-01 6.783679895438339269e-01 1.309972848977495330e-01 -6.759802624908898272e-01 7.251830086874812009e-01 9.435639464141538646e-01 3.094521037109274064e-01 1.180104858354631275e-01 -2.676821259876467907e-01 1.445812158886689458e+00 1.458055991702921661e+00
1.583561769058262110e+09 -2.909152958277280709e-01 6.842033228483985763e-01 6.687556383964943230e-01 1.315717206710993459e-01 -6.637365975181866995e-01 7.363033420075512092e-01 9.476587852179698679e-01 3.021912346147181960e-01 1.030693201303225087e-01 -2.733325238996580642e-01 1.442614252230346228e+00 1.461826218280731782e+00
1.583561769058281898e+09 -2.773667759239048514e-01 6.991111099545844754e-01 6.590230100550924508e-01 1.329145966436453274e-01 -6.514191013525364449e-01 7.469851835270717721e-01 9.515258177475062196e-01 2.947826495813596903e-01 8.775994471640038985e-02 -2.788549448419878618e-01 1.439639882713896091e+00 1.465952258138806252e+00
1.583561769058300972e+09 -2.635444084180963986e-01 7.135152873557687458e-01 6.491843187659398495e-01 1.349933215939708997e-01 -6.390744643472285880e-01 7.572058056837597251e-01 9.551550387992976399e-01 2.871929036296422266e-01 7.210470298101173681e-02 -2.842350490355287640e-01 1.436890931463782550e+00 1.470409382535396325e+00
1.583561769058320045e+09 -2.494569214114357725e-01 7.274117605544602183e-01 6.392521999941936928e-01 1.377761550950255820e-01 -6.267465715341566934e-01 7.669461950973311959e-01 9.585348067096400859e-01 2.793937469713275168e-01 5.612627468777293266e-02 -2.894606954034300017e-01 1.434366347942501285e+00 1.475172502319509249e+00
1.583561769058339119e+09 -2.351139147188952283e-01 7.407976373548571525e-01 6.292378785685465159e-01 1.412322769534845035e-01 -6.144766660843044015e-01 7.761906149917779940e-01 9.616521675108823386e-01 2.713619123971630076e-01 3.984747736894939801e-02 -2.945219874578683950e-01 1.432062475020243308e+00 1.480216677603388709e+00
1.583561769058358908e+09 -2.205259459115190279e-01 7.536711186113017602e-01 6.191511547121963943e-01 1.453316411105432804e-01 -6.023033697369288841e-01 7.849263436224565016e-01 9.644931422761554574e-01 2.630788778106585846e-01 2.329125979943683436e-02 -2.994112359442624438e-01 1.429973418782618522e+00 1.485517555386527633e+00
1.583561769058377981e+09 -2.057047042844779572e-01 7.660315060788166486e-01 6.090002516914773123e-01 1.500447417683087037e-01 -5.902625539018490075e-01 7.931435512855224967e-01 9.670429930091716253e-01 2.545306451767241351e-01 6.480784572572565599e-03 -3.041228494981867980e-01 1.428091442648570908e+00 1.491051728816005895e+00
1.583561769058396101e+09 -1.906631879532525720e-01 7.778792595331331938e-01 5.987916220006043178e-01 1.553424274519575043e-01 -5.783871206567275935e-01 8.008352320600132801e-01 9.692864794359934422e-01 2.457075424717096168e-01 -1.056052015683676439e-02 -3.086531678586967864e-01 1.426407365337696298e+00 1.496797014810836490e+00
1.583561769058417082e+09 -1.754158472070194985e-01 7.892160722538713591e-01 5.885297546218400955e-01 1.611957877599643485e-01 -5.667067394082085929e-01 8.079971469842101017e-01 9.712081130123304540e-01 2.366040214978217815e-01 -2.780896368042302252e-02 -3.130002532847729335e-01 1.424910944906715438e+00 1.502732651776816031e+00
1.583561769058434963e+09 -1.599787082273351480e-01 8.000449763070308640e-01 5.782169567128097043e-01 1.675760591123716670e-01 -5.552475352068664272e-01 8.146277917404539659e-01 9.727924123621588537e-01 2.272184207287885893e-01 -4.524060082513321757e-02 -3.171636556279321950e-01 1.423591234603228672e+00 1.508839423235156518e+00
1.583561769058454990e+09 -1.443694117862542869e-01 8.103704184725241122e-01 5.678532011317580785e-01 1.744546169651463308e-01 -5.440318169139232163e-01 8.207283160837948177e-01 9.740241576995377626e-01 2.175526769273000705e-01 -6.283130756529037297e-02 -3.211441661896933253e-01 1.422436899381917641e+00 1.515099715390150870e+00
1.583561769058474064e+09 -1.286071420085221351e-01 8.201982751448968489e-01 5.574360884479616640e-01 1.818030592098136833e-01 -5.330779109344304656e-01 8.263023590385049078e-01 9.748886351310520615e-01 2.076119710266313145e-01 -8.055692899834211718e-02 -3.249435732558779155e-01 1.421436486350091677e+00 1.521497519053383707e+00
1.583561769058492899e+09 -1.127124801035000040e-01 8.295358243484584060e-01 5.469608881646559340e-01 1.895933154896629058e-01 -5.224000922206927244e-01 8.313558313900918373e-01 9.753718633274609529e-01 1.974043058367085102e-01 -9.839343726660075562e-02 -3.285644290524645239e-01 1.420578646722729266e+00 1.528018387590387217e+00
1.583561769058512926e+09 -9.670721164970831618e-02 8.383916890786933251e-01 5.364206289183348630e-01 1.977977419698798422e-01 -5.120085962563153403e-01 8.358966746243917667e-01 9.754607981389090687e-01 1.869400257781399510e-01 -1.163170593127388353e-01 -3.320098348165854141e-01 1.419852310181930255e+00 1.534649362356860225e+00
1.583561769058538914e+09 -8.061410863232137958e-02 8.467757614921587184e-01 5.258062147495206062e-01 2.063891800110012331e-01 -5.019096939624064779e-01 8.399346197757370236e-01 9.751435135824250144e-01 1.762312941912660413e-01 -1.343043524860114135e-01 -3.352832484586715789e-01 1.419246814529355971e+00 1.541378875723124819e+00
1.583561769058557987e+09 -6.445669908484920330e-02 8.546991116125634003e-01 5.151065547847437642e-01 2.153409721939363031e-01 -4.921058158870307286e-01 8.434809610664559809e-01 9.744093594862880403e-01 1.652915447837913776e-01 -1.523322211464210318e-01 -3.383883166437826051e-01 1.418751995383576547e+00 1.548196640575599803e+00
1.583561769058579922e+09 -4.825902858778335913e-02 8.621738772634982562e-01 5.043087068003268003e-01 2.246269415068646302e-01 -4.825957220838220096e-01 8.465483484081273158e-01 9.732490963389184291e-01 1.541349233322711065e-01 -1.703778803592937985e-01 -3.413287320645533307e-01 1.418358241004723519e+00 1.555093533111220783e+00
1.583561769058666945e+09 -3.204541870781101726e-02 8.692131338677687724e-01 4.933980333179708300e-01 2.342213384696255341e-01 -4.733747118121239272e-01 8.491506031553812672e-01 9.716550087142056258e-01 1.427757343877375795e-01 -1.884187727948878899e-01 -3.441081167085440762e-01 1.418056516960016333e+00 1.562061473668347578e+00
1.583561769058696032e+09 -1.584017784244620003e-02 8.758306876842989475e-01 4.823584719964974510e-01 2.440988311088678753e-01 -4.644349676891557088e-01 8.513024852869393033e-01 9.696209824615812378e-01 1.312279219560439081e-01 -2.064325146391164101e-01 -3.467299309962839082e-01 1.417838365654324750e+00 1.569093309264764757e+00
1.583561769058712959e+09 3.327571208752225229e-04 8.820407515708438284e-01 4.711730065182720972e-01 2.542345976208326142e-01 -4.557661196624815392e-01 8.530193512208500417e-01 9.671425225147725069e-01 1.195046314601523885e-01 -2.243969349929461621e-01 -3.491974067260237291e-01 1.417695886389665594e+00 1.576182701000973463e+00
1.583561769058727026e+09 1.645016388833614451e-02 8.878575857720396591e-01 4.598242052410030922e-01 2.646044385615470285e-01 -4.473558993867073896e-01 8.543167974436067791e-01 9.642167201469092896e-01 1.076178743358168072e-01 -2.422901358773603131e-01 -3.515135002858628122e-01 1.417621701589750760e+00 1.583324018753683449e+00
1.583561769058742046e+09 3.248991192091473662e-02 8.932950357875999448e-01 4.482949753131635351e-01 2.751850280911141700e-01 -4.391910244332312696e-01 8.552101755642548264e-01 9.608421338312502780e-01 9.557836209820141926e-02 -2.600906972271936901e-01 -3.536808631689363214e-01 1.417608913642119495e+00 1.590512244307294099e+00
1.583561769058752060e+09 4.843136312269422095e-02 8.983659598517860223e-01 4.365695883545770983e-01 2.859543682606452975e-01 -4.312583658550354082e-01 8.557139248426203215e-01 9.570185486940230302e-01 8.339558901802382462e-02 -2.777781010425685593e-01 -3.557018279297002317e-01 1.417651055664703952e+00 1.597742883109934287e+00
1.583561769058762074e+09 6.425572083856526118e-02 9.030816239697663228e-01 4.246348820081483622e-01 2.968924179407989028e-01 -4.235463003511477642e-01 8.558407700296727372e-01 9.527466057208161532e-01 7.107821126158407610e-02 -2.953333597855311576e-01 -3.575784071333448222e-01 1.417742039262454457e+00 1.605011884725450866e+00
1.583561769058773041e+09 7.994622260432902860e-02 9.074512021982182874e-01 4.124814145518988506e-01 3.079817813329689402e-01 -4.160460165518932718e-01 8.556009201112015905e-01 9.480273329709518748e-01 5.863469920221990594e-02 -3.127397451881381851e-01 -3.593123013898948948e-01 1.417876102232710434e+00 1.612315572139114916e+00
1.583561769058782101e+09 9.548811387676681139e-02 9.114814860995392731e-01 4.001043874246582588e-01 3.192083511214210412e-01 -4.087525773339728552e-01 8.550013795977405850e-01 9.428616276433454679e-01 4.607419268791019401e-02 -3.299835149167169579e-01 -3.609049131159354218e-01 1.418047758194415531e+00 1.619650579578149063e+00
1.583561769058792114e+09 1.108684093551518118e-01 9.151768099026980074e-01 3.875043259807656182e-01 3.305619037576104091e-01 -4.016657125702113862e-01 8.540453636350180400e-01 9.372497126106215104e-01 3.340751672861852484e-02 -3.470546272105114460e-01 -3.623573635478097854e-01 1.418251749229546332e+00 1.627013798127853406e+00
1.583561769058800936e+09 1.260754635156116632e-01 9.185391553506369045e-01 3.746876002985556342e-01 3.420366945213295651e-01 -3.947904071993570407e-01 8.527317479730365246e-01 9.311905698059280700e-01 2.064835790554004832e-02 -3.639474800726177905e-01 -3.636705130579547807e-01 1.418483001655039155e+00 1.634402327933589305e+00
1.583561769058810949e+09 1.410983297316467100e-01 9.215684642168787688e-01 3.616667351835263222e-01 3.536319804430730906e-01 -3.881372165982595046e-01 8.510545949092381823e-01 9.246813959130811833e-01 7.814541972677578607e-03 -3.806615940922929986e-01 -3.648449843582098895e-01 1.418736585177805987e+00 1.641813436121488223e+00
1.583561769058820009e+09 1.559259014034811153e-01 9.242631821854794261e-01 3.484604476239897553e-01 3.653523625893345672e-01 -3.817222268209775615e-01 8.490028225619083990e-01 9.177171484789899969e-01 -5.070682592203419083e-03 -3.972021195770908397e-01 -3.658811878726769273e-01 1.419007675675101554e+00 1.649244519772618878e+00
1.583561769058830023e+09 1.705458575198813831e-01 9.266210542511635895e-01 3.350933191391594623e-01 3.772077841477047833e-01 -3.755665466742986736e-01 8.465601317179909380e-01 9.102902824095163714e-01 -1.797751520928508873e-02 -4.135799933853129828e-01 -3.667793493941256533e-01 1.419291521652261245e+00 1.656693073280124828e+00
1.583561769058840036e+09 1.849434952067773585e-01 9.286400407998608442e-01 3.215953644478749540e-01 3.892133141061681068e-01 -3.696955596030074842e-01 8.437050369348130241e-01 9.023906581346133882e-01 -3.086856085480187833e-02 -4.298118568548631724e-01 -3.675395404505464314e-01 1.419583414467876503e+00 1.664156659559774765e+00
1.583561769058850050e+09 1.991004957049518631e-01 9.303193411513591693e-01 3.080014875291535725e-01 4.013886276244272300e-01 -3.641379018041063786e-01 8.404110649559199953e-01 8.940056836545114960e-01 -4.369796524146336847e-02 -4.459196403591996205e-01 -3.681617121452301356e-01 1.419878662526629753e+00 1.671632884742196845e+00
1.583561769058859110e+09 2.129937081701540058e-01 9.316604979262343988e-01 2.943508062061254149e-01 4.137570922363808523e-01 -3.589241314975209485e-01 8.366471995230170267e-01 8.851207539562011561e-01 -5.641085578168851533e-02 -4.619297203004759655e-01 -3.686457332792178465e-01 1.420172569828610731e+00 1.679119376180255641e+00
1.583561769058867931e+09 2.265940848557895793e-01 9.326685364022844205e-01 2.806858068089934655e-01 4.263443752624676564e-01 -3.540850565736868294e-01 8.323786676808381246e-01 8.757200434885061835e-01 -6.894326750594692577e-02 -4.778715638421947576e-01 -3.689914330162398226e-01 1.420460419442772793e+00 1.686613763833970880e+00
1.583561769058877945e+09 2.398659298579786936e-01 9.333530399101932495e-01 2.670513786038112847e-01 4.391766212798883795e-01 -3.496497992949484379e-01 8.275680716358296829e-01 8.657876363107978035e-01 -8.122266285864919444e-02 -4.937759087687494386e-01 -3.691986475512784582e-01 1.420737462510997640e+00 1.694113665252509282e+00
1.583561769058887005e+09 2.527666430633783157e-01 9.337290624499161584e-01 2.534937125873125696e-01 4.522782568522091262e-01 -3.456436584919191368e-01 8.221768907844045904e-01 8.553089516099828815e-01 -9.316919823413283286e-02 -5.096725399971372417e-01 -3.692672697211635824e-01 1.420998913280956621e+00 1.701616674415899588e+00
1.583561769058897018e+09 2.652470650190782986e-01 9.338177363766888561e-01 2.400592217714399568e-01 4.656697221015262400e-01 -3.420860124361513321e-01 8.161671826472089997e-01 8.442722929152504108e-01 -1.046976386700546185e-01 -5.255879565814202126e-01 -3.691972995864246654e-01 1.421239950386812279e+00 1.709120354666771258e+00
1.583561769058907032e+09 2.772524744945668584e-01 9.336464915904018058e-01 2.267935059872767389e-01 4.793653453723575320e-01 -3.389884084169819123e-01 8.095033814826370078e-01 8.326703616720245726e-01 -1.157198683001365996e-01 -5.415431479618879607e-01 -3.689888935911566081e-01 1.421455724191752257e+00 1.716622235805522312e+00
1.583561769058916092e+09 2.887241563114648635e-01 9.332488268916599994e-01 2.137404708940281450e-01 4.933716669358769735e-01 -3.363530505598940068e-01 8.021539899924636785e-01 8.205015295463912173e-01 -1.261477415739039598e-01 -5.575517801412964713e-01 -3.686424096679550289e-01 1.421641369532866461e+00 1.724119815195713779e+00
1.583561769058926105e+09 2.996013638691875092e-01 9.326636447560533449e-01 2.009416550855118722e-01 5.076864123059146028e-01 -3.341718168361370589e-01 7.940930069011099546e-01 8.077707160357031624e-01 -1.358959999514262607e-01 -5.736189917909465530e-01 -3.681584453279016511e-01 1.421792022635571140e+00 1.731610562433096412e+00
1.583561769058934927e+09 3.098234683153579527e-01 9.319342175902599612e-01 1.884357524354127733e-01 5.222981696065511770e-01 -3.324258427881326972e-01 7.853010130447484194e-01 7.944897989653803005e-01 -1.448850349456298203e-01 -5.897408636169330087e-01 -3.675378669121641684e-01 1.421902840700324910e+00 1.739091926867529558e+00
1.583561769058943987e+09 3.193320553043199617e-01 9.311068884808415547e-01 1.762583357151435715e-01 5.371867550200782881e-01 -3.310856719267937787e-01 7.757658590661514753e-01 7.806775447235194676e-01 -1.530432628003958462e-01 -6.059045561033180594e-01 -3.667818286094589042e-01 1.421969022411486927e+00 1.746561347064606640e+00
1.583561769058953047e+09 3.280726444526828045e-01 9.302296503841854802e-01 1.644418977583501640e-01 5.523242539181413280e-01 -3.301119600334249671e-01 7.654828622467788612e-01 7.663590924892522693e-01 -1.603087384061326337e-01 -6.220891013195589681e-01 -3.658917809071768890e-01 1.421985827659727253e+00 1.754016261194630610e+00
1.583561769058962107e+09 3.359959630447614809e-01 9.293507403102254649e-01 1.530160597221326690e-01 5.676764342685471920e-01 -3.294565322385741846e-01 7.544546768085829136e-01 7.515651528210565147e-01 -1.666301145368811465e-01 -6.382665792796773374e-01 -3.648694696306367669e-01 1.421948595218071487e+00 1.761454117432422306e+00
1.583561769058971882e+09 3.430587654534294484e-01 9.285173411438673030e-01 1.420078549627456221e-01 5.832043023031387996e-01 -3.290636420981825072e-01 7.426909594448088958e-01 7.363310569014046569e-01 -1.719670516832443596e-01 -6.544034749363161207e-01 -3.637169276166365983e-01 1.421852757670799328e+00 1.768872383677682736e+00
1.583561769058980942e+09 3.492241749387805516e-01 9.277744627157415991e-01 1.314420868720262980e-01 5.988656701576182684e-01 -3.288713264875752218e-01 7.302078880276712258e-01 7.206957644370113325e-01 -1.762900937864838591e-01 -6.704620930270388524e-01 -3.624364612753342429e-01 1.421693853367089089e+00 1.776268556159871226e+00
1.583561769058990002e+09 3.544616648719609020e-01 9.271640243992476105e-01 1.213416673134888185e-01 6.146165742784118757e-01 -3.288127413025039858e-01 7.170276478604327153e-01 7.047009258447316515e-01 -1.795802139361222516e-01 -6.864018881873270583e-01 -3.610306337257959686e-01 1.421467535308787333e+00 1.783640166638783997e+00
1.583561769059003115e+09 3.587467664902150855e-01 9.267241404299904062e-01 1.117279074696143210e-01 6.304124812715692361e-01 -3.288174174896794644e-01 7.031779358237174593e-01 6.883900501265385330e-01 -1.818281433665370483e-01 -7.021806501161599323e-01 -3.595022457867269594e-01 1.421169576969961490e+00 1.790984788014426066e+00
1.583561769059012890e+09 3.620605442576069199e-01 9.264886064931162624e-01 1.026207803554292225e-01 6.462092755268704636e-01 -3.288123985460048027e-01 6.886914975533846572e-01 6.718078107864373649e-01 -1.830335182999844601e-01 -7.177555271650346569e-01 -3.578543163526551885e-01 1.420795875443873424e+00 1.798300038370042708e+00
1.583561769059022903e+09 3.643889253855996935e-01 9.264865636543667682e-01 9.403913363424339089e-02 6.619640151719642374e-01 -3.287232297352605248e-01 6.736057310227503425e-01 6.549995067080577327e-01 -1.832039459748480148e-01 -7.330838701146952241e-01 -3.560900631166352137e-01 1.420342452270148437e+00 1.805583583520617985e+00
