1.592830854782351017e+09 2.223766345590966198e-01 -9.740785392013511235e-01 4.146852216267472857e-02 -9.514211796975436952e-01 -2.261011377066850236e-01 -2.089880841144487744e-01 2.129468873312173605e-01 7.020036274076709576e-03 -9.770385594295809550e-01 -5.938062161583964604e-01 -3.035507521556787824e-01 3.527917040057240161e-01
1.592830854782414913e+09 2.105036281317942126e-01 -9.760669041369827159e-01 5.460428236619236514e-02 -9.549536317963712717e-01 -2.172588044453915290e-01 -2.021439535605161208e-01 2.091692836636159514e-01 -9.592522330385912233e-03 -9.778323980277301430e-01 -5.962978970099386267e-01 -3.198228469925704087e-01 3.576589195938453258e-01
1.592830854782440901e+09 2.020534893993352343e-01 -9.769746688827858350e-01 6.851926915039202592e-02 -9.582247684574277669e-01 -2.116667416488132447e-01 -1.923603091759615025e-01 2.024343994444640360e-01 -2.678978926919502526e-02 -9.789293260795508544e-01 -5.979564547967713972e-01 -3.359744947280813854e-01 3.632314228857310145e-01
1.592830854782476902e+09 1.974809186953346285e-01 -9.768571060962665253e-01 8.216743568168813350e-02 -9.611340548172694342e-01 -2.094333105055561361e-01 -1.798861364170659949e-01 1.929316483922421943e-01 -4.344984123534954834e-02 -9.802497103765603903e-01 -5.987875081892369833e-01 -3.519551611621848930e-01 3.694448745865192008e-01
1.592830854782496929e+09 1.969629589704290362e-01 -9.758459313091850662e-01 9.450035775256739046e-02 -9.635417942140920289e-01 -2.104761978727796856e-01 -1.651877292323041257e-01 1.810878491913494592e-01 -5.851918035815451002e-02 -9.817243507007579195e-01 -5.988006930175101550e-01 -3.677208433559192025e-01 3.762362236855805175e-01
1.592830854782514095e+09 2.003747369703160197e-01 -9.741226562428050295e-01 1.045706548914316220e-01 -9.652947966512003264e-01 -2.145449455093688118e-01 -1.489175170201800236e-01 1.674990324712179457e-01 -7.110220073066619850e-02 -9.833049148332887457e-01 -5.980089189977725317e-01 -3.832336057834949683e-01 3.835442074854270023e-01
1.592830854782533884e+09 2.073117115492000284e-01 -9.718859330821070230e-01 1.116225507174643528e-01 -9.662602373830226909e-01 -2.212559723318948124e-01 -1.318595970136506867e-01 1.528496433059346737e-01 -8.052039356235275724e-02 -9.849636831562232908e-01 -5.964277192064059152e-01 -3.984610859426030438e-01 3.913097072546767863e-01
1.592830854782552958e+09 2.171514723846253714e-01 -9.693218624944233142e-01 1.151536861607849183e-01 -9.663572358737557710e-01 -2.301324496488897364e-01 -1.148597112182673519e-01 1.378366289777463727e-01 -8.633764237731010593e-02 -9.866847924270769621e-01 -5.940746954264018997e-01 -4.133759962819636979e-01 3.994759830334686512e-01
1.592830854782578945e+09 2.291390557796211536e-01 -9.665837476827624508e-01 1.149398031159853673e-01 -9.655770365572831082e-01 -2.406432572365096445e-01 -9.875127437593599067e-02 1.231108654304791383e-01 -8.835546062423980940e-02 -9.884518358445256725e-01 -5.909690571424792704e-01 -4.279556428921179045e-01 4.079888114120931442e-01
1.592830854782592058e+09 2.424766137298837165e-01 -9.637836663046842611e-01 1.110231636462956778e-01 -9.639872839522176662e-01 -2.522375813271793832e-01 -8.428952436358044809e-02 1.092410810913570229e-01 -8.658667945722328674e-02 -9.902369098041627904e-01 -5.871312453375137075e-01 -4.421814740309532588e-01 4.167965500769077458e-01
1.592830854782603025e+09 2.564011641233566174e-01 -9.609944299045267702e-01 1.036733101444297783e-01 -9.617212650000677154e-01 -2.643736218342484512e-01 -7.210271491219177875e-02 9.669879594987910998e-02 -8.121760687177093097e-02 -9.919944796176035640e-01 -5.825826279790332629e-01 -4.560386646597966442e-01 4.258501504345792443e-01
1.592830854782613039e+09 2.702035718486046068e-01 -9.580055246523920820e-01 9.599714060008801564e-02 -9.591192146236243721e-01 -2.765422687313793815e-01 -6.012246433290027725e-02 8.414492013576956031e-02 -7.582739743448135838e-02 -9.935642116187520800e-01 -5.777073852855435510e-01 -4.697202421825234508e-01 4.350003294821961908e-01
1.592830854782624006e+09 2.838758846296579041e-01 -9.548125245944854012e-01 8.802006311561259844e-02 -9.561859640540730787e-01 -2.887408398133640697e-01 -4.834391939689572371e-02 7.157436681636274167e-02 -7.043987598229629887e-02 -9.949448920831593934e-01 -5.725140369211630942e-01 -4.832297936970086916e-01 4.442307402031661079e-01
1.592830854782634020e+09 2.974109091409485317e-01 -9.514117637553292095e-01 7.976473794585030308e-02 -9.529258936897069265e-01 -3.009663520469851861e-01 -3.676276708846730468e-02 5.898303146936146463e-02 -6.507623618490121498e-02 -9.961355780608508459e-01 -5.670100290026507395e-01 -4.965707620347180606e-01 4.535261042132114340e-01
1.592830854782644033e+09 3.108021789381252287e-01 -9.478003036461118969e-01 7.125023847885636474e-02 -9.493429200517604638e-01 -3.132156837018087447e-01 -2.537637885126288809e-02 4.636843197917775439e-02 -5.975387560038562113e-02 -9.971356212985574841e-01 -5.612018253803895407e-01 -5.097464089126605424e-01 4.628720354918009483e-01
1.592830854782654047e+09 3.240440123158972452e-01 -9.439757925260711113e-01 6.249150113921733696e-02 -9.454405045315074085e-01 -3.254858593776107645e-01 -1.418494657108318804e-02 3.373034642063650612e-02 -5.448544936713388409e-02 -9.979446898167951829e-01 -5.550949996063253566e-01 -5.227597956458599482e-01 4.722548802699791937e-01
1.592830854782665014e+09 3.371316690498488144e-01 -9.399362185959178051e-01 5.349905796285120418e-02 -9.412216731815383763e-01 -3.377744429815616733e-01 -3.192581187499907852e-03 2.107143752718890900e-02 -4.927815264084812324e-02 -9.985627985203420209e-01 -5.486943240426803703e-01 -5.356137760937788039e-01 4.816615731217438467e-01
1.592830854782675028e+09 3.500616136424008484e-01 -9.356795631258290058e-01 4.427898271616675929e-02 -9.366890346810601287e-01 -3.500800269243866669e-01 7.591576231725752355e-03 8.397905111879098647e-03 -4.413315703148867897e-02 -9.989903623339416727e-01 -5.420038577503863975e-01 -5.483109998850327349e-01 4.910795081512752125e-01
1.592830854782685995e+09 3.628318595542931457e-01 -9.312033629546551117e-01 3.483310238777154871e-02 -9.318447994582257365e-01 -3.624027713470960310e-01 1.815230055395700842e-02 -4.279870051494974806e-03 -3.904527831551943273e-02 -9.992282788980404451e-01 -5.350270335109417186e-01 -5.608539237854632820e-01 5.004964245783187771e-01
1.592830854782696962e+09 3.754423471989821182e-01 -9.265042084246248866e-01 2.515953514714868930e-02 -9.266908100880333343e-01 -3.747449200261136482e-01 2.846739162276398089e-02 -1.694674967775999103e-02 -3.400297439013427736e-02 -9.992780442919364514e-01 -5.277667435082821212e-01 -5.732448290471886532e-01 5.099003060804593312e-01
1.592830854782706976e+09 3.878952793334329296e-01 -9.215772271252770098e-01 1.525362981608618419e-02 -9.212286023726572459e-01 -3.871111841323384151e-01 3.850711964010113120e-02 -2.958243331813103366e-02 -2.898881007163118390e-02 -9.991418982935023063e-01 -5.202254247379665131e-01 -5.854858437709720143e-01 5.192792932950125451e-01
1.592830854782716990e+09 4.001954117159202129e-01 -9.164155912256878311e-01 5.109120045650176328e-03 -9.154594912936736550e-01 -3.995089761081156987e-01 4.823383441289947476e-02 -4.216109799176107065e-02 -2.398015173750178350e-02 -9.988230066106354998e-01 -5.124051456375356972e-01 -5.975789698522361304e-01 5.286216092716992110e-01
1.592830854782727003e+09 4.123502455733844552e-01 -9.110100976028674413e-01 -5.280487555743076933e-03 -9.093847010175818424e-01 -4.119484190891239406e-01 5.760182755722728642e-02 -5.465113442889887874e-02 -1.895013323174093642e-02 -9.983256734914051078e-01 -5.043076959003055526e-01 -6.095261145863499763e-01 5.379154982257117190e-01
1.592830854782737970e+09 4.243700647818202110e-01 -9.053488824686352077e-01 -1.592029012015009834e-02 -9.030055569885853117e-01 -4.244420564286611741e-01 6.655756722673794590e-02 -6.701505912380516239e-02 -1.386892877070106112e-02 -9.976555713578308948e-01 -4.959346813092864181e-01 -6.213291271517369374e-01 5.471491785577553557e-01
1.592830854782747984e+09 4.362677593878210858e-01 -8.994173429079143078e-01 -2.681215960791025546e-02 -8.963237521275672082e-01 -4.370041938077505184e-01 7.504046201346945000e-02 -7.920971844131356743e-02 -8.705358838344577632e-03 -9.968199645010513699e-01 -4.872876241417046228e-01 -6.329898396856088461e-01 5.563108114350094890e-01
1.592830854782757998e+09 4.480584227968832933e-01 -8.931983195392877439e-01 -3.795284232576358330e-02 -8.893416759594848786e-01 -4.496498762188428366e-01 8.298419844013378566e-02 -9.118683669792075619e-02 -3.428724796088963162e-03 -9.958279013239352828e-01 -4.783680679896702426e-01 -6.445101119286303915e-01 5.653884860784483823e-01
1.592830854782768965e+09 4.597587177139029757e-01 -8.866725825514012449e-01 -4.933213298995582641e-02 -8.820627818205546422e-01 -4.623935333853475549e-01 9.031873661204352366e-02 -1.028940059333364326e-01 1.989211787584849178e-03 -9.946903392389958576e-01 -4.691776847700849240e-01 -6.558918780008349270e-01 5.743702224801526812e-01
1.592830854782778978e+09 4.713861045960261453e-01 -8.798195916170470365e-01 -6.093138032442070584e-02 -8.744919313362858881e-01 -4.752474623198104653e-01 9.697276194432420671e-02 -1.142760188511686564e-01 7.572387800180956086e-03 -9.934201804143426573e-01 -4.597183799442878249e-01 -6.671371930946179418e-01 5.832439912448481589e-01
1.592830854782788992e+09 4.829580074892456110e-01 -8.726184780922517925e-01 -7.272249446782338977e-02 -8.666356586530560291e-01 -4.882203098805223407e-01 1.028764751726461146e-01 -1.252765111054054137e-01 1.333888925729164593e-02 -9.920321941321122994e-01 -4.499923912657661229e-01 -6.782482776229956656e-01 5.919977490815598875e-01
1.592830854782799006e+09 4.944910378381552341e-01 -8.650491408730764942e-01 -8.466760821080873689e-02 -8.585022926199589177e-01 -5.013157717535254854e-01 1.079644178895950157e-01 -1.358397333789015948e-01 1.929989852548039467e-02 -9.905428234803324017e-01 -4.400023760902114223e-01 -6.892275563023044782e-01 6.006194871841546989e-01
1.592830854782809019e+09 5.060003663342754754e-01 -8.570933369853027672e-01 -9.671942655237325548e-02 -8.501019014520355688e-01 -5.145316750112667314e-01 1.121780617167689453e-01 -1.459122768527694458e-01 2.545922789879517117e-02 -9.889698881029551636e-01 -4.297514818920689095e-01 -7.000776895045345283e-01 6.090972881412439754e-01
1.592830854782819033e+09 5.174992793154746806e-01 -8.487356669022037003e-01 -1.088221950875749994e-01 -8.414460585658243286e-01 -5.278595267173437078e-01 1.154679849593760743e-01 -1.554446286302572089e-01 3.181340792748917068e-02 -9.873322029094231400e-01 -4.192433970582996050e-01 -7.108015954550719329e-01 6.174193867783794865e-01
1.592830854782829046e+09 5.289989339735570173e-01 -8.399643704453216841e-01 -1.209131537297620101e-01 -8.325474556292373762e-01 -5.412845515347942671e-01 1.177954726118849993e-01 -1.643924211671679292e-01 3.835225882221436622e-02 -9.856491467565748898e-01 -4.084823800357081924e-01 -7.214024623442826245e-01 6.255742298346754771e-01
1.592830854782841921e+09 5.405083456875451331e-01 -8.307718541362205666e-01 -1.329242683817435933e-01 -8.234194122112380443e-01 -5.547862090745647734e-01 1.191332816100102582e-01 -1.727171271539281738e-01 4.505988973463984082e-02 -9.839402444867928477e-01 -3.974732670622030950e-01 -7.318837504620481216e-01 6.335505298770062188e-01
1.592830854782851934e+09 5.520345069040702990e-01 -8.211549783205757125e-01 -1.447840159484367617e-01 -8.140753567682770253e-01 -5.683390262467856724e-01 1.194657679850400916e-01 -1.803863156841410131e-01 5.191587285364462900e-02 -9.822247826519545644e-01 -3.862214615225931236e-01 -7.422491858099246054e-01 6.413373105715103328e-01
1.592830854782861948e+09 5.635825636063573896e-01 -8.111151426471926440e-01 -1.564190713274847266e-01 -8.045283376032298372e-01 -5.819136031364325889e-01 1.187885409075943172e-01 -1.873735685972922060e-01 5.889642473322050098e-02 -9.805214741864115569e-01 -3.747329095127623355e-01 -7.525027473634204878e-01 6.489239422103075805e-01
1.592830854782872915e+09 5.751560214271954630e-01 -8.006582019946193451e-01 -1.677557781491454680e-01 -7.947906063342100591e-01 -5.954776911103925041e-01 1.171077130061550925e-01 -1.936580732538233651e-01 6.597551004321172696e-02 -9.788481941210743775e-01 -3.630140663848819282e-01 -7.626486502223939201e-01 6.563001676920379168e-01
1.592830854782882929e+09 5.867569245401251798e-01 -7.897942724055584396e-01 -1.787213621457456603e-01 -7.848732997357967811e-01 -6.089972359099600219e-01 1.144389574780710628e-01 -1.992240475567803593e-01 7.312577418870694346e-02 -9.772217785233449083e-01 -3.510718578145763380e-01 -7.726913262839190111e-01 6.634561193005745761e-01
1.592830854782892942e+09 5.983859904651915862e-01 -7.785374670289962884e-01 -1.892448819775810753e-01 -7.747862272092462810e-01 -6.224373305420283220e-01 1.108064828761069209e-01 -2.040600765037501596e-01 8.031928078820935180e-02 -9.756578819990548990e-01 -3.389136380567572271e-01 -7.826354036513110124e-01 6.703823267093391713e-01
1.592830854782902956e+09 6.100427096571365837e-01 -7.669055898161073470e-01 -1.992579112874303948e-01 -7.645377625027149904e-01 -6.357630530620361764e-01 1.062419645967528914e-01 -2.081583733723521568e-01 8.752806134512135239e-02 -9.741708959253886357e-01 -3.265471483606346426e-01 -7.924856861285850540e-01 6.770697177664793953e-01
1.592830854782912970e+09 6.217254044906035393e-01 -7.549198188057472114e-01 -2.086949809960353119e-01 -7.541348307270943074e-01 -6.489401703748952643e-01 1.007835171583899569e-01 -2.115140298467075852e-01 9.472448082866949393e-02 -9.727739163370276998e-01 -3.139804773625154977e-01 -8.022471336104124440e-01 6.835096133030744703e-01
