1.589264476700723886e+09 9.243718551973697517e-01 -2.896749383503009478e-01 -2.482440404061755923e-01 -2.471729348662162762e-01 4.089861700027724173e-02 -9.681078678869252663e-01 2.905894248721058171e-01 9.562508737581629781e-01 -3.379427422996295755e-02 7.119227690623423921e-02 -8.610679661088393999e-01 2.819283938482370355e-01
1.589264476700783968e+09 9.253819466269549432e-01 -2.935688459897152214e-01 -2.397615184045081838e-01 -2.492452340742650763e-01 5.260354553528773236e-03 -9.684261161434696286e-01 2.855609679326585049e-01 9.559234601549893018e-01 -6.830279862614267727e-02 6.202789671793593890e-02 -8.713678712701166118e-01 2.794661767744135439e-01
1.589264476700807095e+09 9.263746652995785702e-01 -2.965609935078764026e-01 -2.321240116991786229e-01 -2.520831950557293477e-01 -3.036957746489563417e-02 -9.672289036224532843e-01 2.797928564487482395e-01 9.545309142356518395e-01 -1.028916499538824331e-01 5.228543977361210793e-02 -8.812285484380832923e-01 2.774691785211481632e-01
1.589264476700824976e+09 9.273106267840662831e-01 -2.987612434966478991e-01 -2.254700002775134049e-01 -2.557399402294804336e-01 -6.588899473537447593e-02 -9.644976536064786554e-01 2.732985266760102339e-01 9.520506079468206151e-01 -1.375047475783193196e-01 4.198704643991889307e-02 -8.905944487620979233e-01 2.759331350572714614e-01
1.589264476700860977e+09 9.281490447349570738e-01 -3.003075523392098045e-01 -2.198970780963771243e-01 -2.602390436116972516e-01 -1.011948666973748051e-01 -9.602266605359688345e-01 2.661108626076073014e-01 9.484592628548473847e-01 -1.720756690802796585e-01 3.116262989044945447e-02 -8.994147116236784756e-01 2.748508258738232013e-01
1.589264476700879097e+09 9.288500682506027895e-01 -3.013528769643333827e-01 -2.154622808054423300e-01 -2.655784007752159948e-01 -1.361879096871054240e-01 -9.544217970947895813e-01 2.582743967484682490e-01 9.437368791842176696e-01 -2.065309643497276471e-01 1.984890622481197062e-02 -9.076444380934046707e-01 2.742123254086683559e-01
1.589264476700896025e+09 9.293763646423545133e-01 -3.020540791602343567e-01 -2.121860181684387947e-01 -2.717354348101020944e-01 -1.707754735871494234e-01 -9.470985120708425020e-01 2.498388011909856710e-01 9.378694318589234635e-01 -2.407934853540381615e-01 8.088202920690587203e-03 -9.152457163752011349e-01 2.740053228912753824e-01
1.589264476700912952e+09 9.296939684689617955e-01 -3.025635537469066882e-01 -2.100581375295705322e-01 -2.786726919718562345e-01 -2.048728254587433850e-01 -9.382796260282224576e-01 2.408540139063691243e-01 9.308503755515179501e-01 -2.747852301481851223e-01 -4.072882098146119595e-03 -9.221883572752939129e-01 2.742154946944215799e-01
1.589264476700930119e+09 9.297724935796833901e-01 -3.030236735939407233e-01 -2.090448842628780390e-01 -2.863432148721259951e-01 -2.384031566632601185e-01 -9.279932643483249644e-01 2.313669677326133933e-01 9.226811954662114124e-01 -3.084294703240397229e-01 -1.658489355934334927e-02 -9.284503189066460882e-01 2.748269105212282071e-01
1.589264476700946093e+09 9.295848794966171669e-01 -3.035637504463233327e-01 -2.090956753333515217e-01 -2.946951904733124405e-01 -2.712967477856857434e-01 -9.162711497374795844e-01 2.214197299374470740e-01 9.133712960176221252e-01 -3.416521318494253334e-01 -2.939692848647055406e-02 -9.340178208943175076e-01 2.758224536654975134e-01
1.589264476700963020e+09 9.291068729889628841e-01 -3.042989412799192439e-01 -2.101489308026091574e-01 -3.036755626229145077e-01 -3.034897245772391616e-01 -9.031473524459462388e-01 2.110487420321788266e-01 9.029375071088553417e-01 -3.743825411720212992e-01 -4.245797404131823605e-02 -9.388851672927808201e-01 2.771842361552219192e-01
1.589264476700983047e+09 9.283417088543234330e-01 -3.053096426902332516e-01 -2.120558744734153123e-01 -3.131532061856194815e-01 -3.349541096836661791e-01 -8.886736264513106498e-01 2.002916407165155621e-01 8.913987698093538414e-01 -4.065605640408282984e-01 -5.572084265095522682e-02 -9.430424702155993932e-01 2.789016680020982575e-01
1.589264476700993061e+09 9.272686834404325618e-01 -3.066799437687880436e-01 -2.147561431426542877e-01 -3.230885074049816286e-01 -3.656346811076763847e-01 -8.728832091652027891e-01 1.891734795847818396e-01 8.787825057384792693e-01 -4.381263546301744638e-01 -6.913544985190127334e-02 -9.464996627018591457e-01 2.809589859780101118e-01
1.589264476701009989e+09 9.258683940504377485e-01 -3.084834793142496867e-01 -2.181872134327003943e-01 -3.334442054118408327e-01 -3.954782373540435825e-01 -8.558106835889811581e-01 1.777151627227510633e-01 8.651213250752605166e-01 -4.690228291140968175e-01 -8.265489742608579660e-02 -9.492727622141357013e-01 2.833403469082664272e-01
1.589264476701020956e+09 9.241226145531485914e-01 -3.107839631337091513e-01 -2.222852261110631611e-01 -3.441850671670569906e-01 -4.244334046522834636e-01 -8.374920447639571108e-01 1.659338214402798217e-01 8.504525933904597546e-01 -4.991957068018579302e-01 -9.623609071188402031e-02 -9.513829583822074332e-01 2.860300838028104198e-01
1.589264476701035023e+09 9.220143243547560541e-01 -3.136354869554076052e-01 -2.269853898905730416e-01 -3.552772021329352881e-01 -4.524507342042509705e-01 -8.179648178565274153e-01 1.538430876503533162e-01 8.348180129649548364e-01 -5.285935962563204082e-01 -1.098401443716914838e-01 -9.528556462111882341e-01 2.890129244078171733e-01
1.589264476701044083e+09 9.195278590700540766e-01 -3.170825958680744128e-01 -2.322221867274843199e-01 -3.666871857116735800e-01 -4.794830384337711027e-01 -7.972681632785832972e-01 1.414532591320458998e-01 8.182631872341565860e-01 -5.571681364633672695e-01 -1.234325884893868464e-01 -9.537194482263097184e-01 2.922741714823370862e-01
1.589264476701054096e+09 9.166491021345825052e-01 -3.211602736222954890e-01 -2.379296165247288264e-01 -3.783812226051760930e-01 -5.054858492072764609e-01 -7.754429102902709037e-01 1.287714029886476153e-01 8.008371465092828378e-01 -5.848741667529386845e-01 -1.369833951906750391e-01 -9.540052682373740822e-01 2.957998442068449085e-01
1.589264476701064110e+09 9.133656858191729899e-01 -3.258939356493869566e-01 -2.440415269824243449e-01 -3.903244142726923771e-01 -5.304179368393645566e-01 -7.525315039187302490e-01 1.158014502704086124e-01 7.825918190970055921e-01 -6.116699021444894635e-01 -1.504668530500035128e-01 -9.537454115955976697e-01 2.995767824080724506e-01
1.589264476701073885e+09 9.096672340934690570e-01 -3.312994319802680110e-01 -2.504919356050770984e-01 -4.024800472466766865e-01 -5.542419076388566124e-01 -7.285778749547562327e-01 1.025443078927482654e-01 7.635814262529256879e-01 -6.375171141170129507e-01 -1.638613205599209199e-01 -9.529727977349224943e-01 3.035927170990581070e-01
1.589264476701082945e+09 9.055455699981981299e-01 -3.373832116806294024e-01 -2.572154531702763869e-01 -4.148090743603620734e-01 -5.769247520200686541e-01 -7.036272186487078084e-01 8.899804932382060496e-02 7.438618146640364470e-01 -6.623812710916734403e-01 -1.771488915923032370e-01 -9.517202838711059654e-01 3.078363109267384656e-01
1.589264476701092958e+09 9.009948461039302137e-01 -3.441427368692753785e-01 -2.641478074320666725e-01 -4.272698550458982614e-01 -5.984382572537821909e-01 -6.777256994629519138e-01 7.515822353044401827e-02 7.234897575283265603e-01 -6.862316027254140582e-01 -1.903150047082597940e-01 -9.500201085900557008e-01 3.122971732789457944e-01
1.589264476701102018e+09 8.960116317739715841e-01 -3.515670986825609190e-01 -2.712263465568187093e-01 -4.398180605339703786e-01 -6.187593010445430197e-01 -6.509201191294056166e-01 6.101827314523999846e-02 7.025222436539634296e-01 -7.090410904210794341e-01 -2.033480244597382081e-01 -9.479034545671928269e-01 3.169658556839408670e-01
1.589264476701111078e+09 8.905949854233032870e-01 -3.596377771281963898e-01 -2.783904477852003345e-01 -4.524066791937575438e-01 -6.378700422860300590e-01 -6.232575761780430046e-01 4.657004258490199389e-02 6.810157698252505831e-01 -7.307863933973461901e-01 -2.162388176959773589e-01 -9.454001229928213901e-01 3.218338331143313358e-01
1.589264476701119900e+09 8.847465325257914959e-01 -3.683294894116566631e-01 -2.855817932400894210e-01 -4.649860821108861564e-01 -6.557580224902055388e-01 -5.947851375676240782e-01 3.180435404785079273e-02 6.590256470763347085e-01 -7.514477226999601855e-01 -2.289803427784279366e-01 -9.425383090910599559e-01 3.268934757161718330e-01
1.589264476701129913e+09 8.784705599863787961e-01 -3.776110840131980395e-01 -2.927445041063688191e-01 -4.775041328816157504e-01 -6.724161838449940198e-01 -5.655495374171443101e-01 1.671163160829879785e-02 6.366053292810890385e-01 -7.710086747188021894e-01 -2.415672640880469069e-01 -9.393444648021272991e-01 3.321380151713394513e-01
1.589264476701139927e+09 8.717741241853751433e-01 -3.874464569054428820e-01 -2.998251484601138217e-01 -4.899063499909352970e-01 -6.878427971766609694e-01 -5.355969147588330870e-01 1.282558187566434221e-03 6.138057752574346271e-01 -7.894560315159130370e-01 -2.539956001938710739e-01 -9.358432353246206592e-01 3.375615082597213101e-01
1.589264476701149940e+09 8.646671706150604875e-01 -3.977954657963623797e-01 -3.067726383973796156e-01 -5.021361250071165738e-01 -7.020412986900633756e-01 -5.049726006278374424e-01 -1.449125056476140150e-02 5.906748535882679896e-01 -8.067795370405019817e-01 -2.662624117047998062e-01 -9.320574584986687228e-01 3.431587980210780153e-01
1.589264476701159000e+09 8.571625567189169459e-01 -4.086149492154340646e-01 -3.135381553394199772e-01 -5.141351753946783454e-01 -7.150199023796869335e-01 -4.737209738984130003e-01 -3.061654951242509526e-02 5.672568755113869265e-01 -8.229716061157587026e-01 -2.783655321810243888e-01 -9.280082159242035722e-01 3.489254723489932375e-01
1.589264476701169014e+09 8.492758690218056294e-01 -4.198599197361905233e-01 -3.200752197738291893e-01 -5.258443669936359033e-01 -7.267908778708956907e-01 -4.418854173121690154e-01 -4.709777409819376759e-02 5.435923729958296313e-01 -8.380269280205128180e-01 -2.903033419918661928e-01 -9.237149231411868611e-01 3.548578207450778788e-01
1.589264476701178074e+09 8.410251380791624598e-01 -4.314847253816744832e-01 -3.263397755378820708e-01 -5.372046614497931749e-01 -7.373696783276574296e-01 -4.095083756017876553e-01 -6.393644630335357237e-02 5.197180866409834010e-01 -8.519420412469811410e-01 -3.020745820273617599e-01 -9.191954461113406305e-01 3.609527907119002288e-01
1.589264476701186895e+09 8.324302658876633343e-01 -4.434443221355526821e-01 -3.322905141842344423e-01 -5.481584257587506226e-01 -7.467737455065961427e-01 -3.766315358280194481e-01 -8.113071574915098338e-02 4.956673345341730541e-01 -8.647148089570098062e-01 -3.136782036718843703e-01 -9.144662344591356629e-01 3.672079442170043118e-01
1.589264476701196909e+09 8.235120482547695353e-01 -4.556956706276051872e-01 -3.378895712616475366e-01 -5.586511645304933493e-01 -7.550209502033404796e-01 -3.432961427269511923e-01 -9.867513914759282190e-02 4.714709119993933939e-01 -8.763437661354148700e-01 -3.251132520731560005e-01 -9.095424650907021347e-01 3.736214133843137608e-01
1.589264476701206923e+09 8.142908247047204728e-01 -4.681990999412385390e-01 -3.431035642962760868e-01 -5.686334734388771572e-01 -7.621278385019992774e-01 -3.095434236961643881e-01 -1.165608254438161295e-01 4.471585411578609670e-01 -8.868273864925287908e-01 -3.363787788003960721e-01 -9.044381900022063769e-01 3.801918552927213701e-01
1.589264476701215982e+09 8.047849482430468049e-01 -4.809193783666455002e-01 -3.479047841145104791e-01 -5.780628093559480041e-01 -7.681080250702447820e-01 -2.754150517866295611e-01 -1.347760211102022321e-01 4.227607049734624090e-01 -8.961633840186635780e-01 -3.474737780078058780e-01 -8.991664814734187106e-01 3.869184075498606212e-01
1.589264476701225996e+09 7.950092743826163710e-01 -4.938263221789150337e-01 -3.522723625062865738e-01 -5.869047480718018184e-01 -7.729710182994843359e-01 -2.409535682414101487e-01 -1.533071123121261259e-01 3.983106435024148517e-01 -9.043481414692843279e-01 -3.583971405773672125e-01 -8.937395700959548384e-01 3.938006460351200499e-01
1.589264476701235056e+09 7.849737112590386978e-01 -5.068949783937239939e-01 -3.561934217926065460e-01 -5.951336856601083802e-01 -7.767215270161559326e-01 -2.062027307063149795e-01 -1.721399697269747620e-01 3.738464266022470950e-01 -9.113762562909274445e-01 -3.691476216680264488e-01 -8.881689732515913871e-01 4.008385456230551536e-01
1.589264476701245070e+09 7.746817799339157373e-01 -5.201054931326525299e-01 -3.596643102513074619e-01 -6.027330693905686987e-01 -7.793591840690530237e-01 -1.712077970148519757e-01 -1.912615676446061119e-01 3.494131344898656066e-01 -9.172401400831924345e-01 -3.797238202980566801e-01 -8.824656148545633183e-01 4.080324422741122836e-01
1.589264476701255083e+09 7.641293070459774794e-01 -5.334426365563337269e-01 -3.626918193648014932e-01 -6.096950294489039690e-01 -7.808787923163229561e-01 -1.360157463837774194e-01 -2.106617514850871453e-01 3.250650174151069050e-01 -9.219296943400246969e-01 -3.901241692997051147e-01 -8.766399364487832413e-01 4.153829956715930360e-01
1.589264476701263905e+09 7.533034229047502750e-01 -5.468949524968191866e-01 -3.652942159278973477e-01 -6.160192865887345048e-01 -7.812712030905750726e-01 -1.006754501382883804e-01 -2.303349559972923677e-01 3.008674433807992377e-01 -9.254321098551567815e-01 -4.003469337928921012e-01 -8.707019994561392418e-01 4.228911521617763625e-01
1.589264476701273918e+09 7.421821177758244348e-01 -5.604534956693221215e-01 -3.675018142305122582e-01 -6.217112146922542104e-01 -7.805249486135267256e-01 -6.523780043937812967e-02 -2.502815813174353865e-01 2.768983281174806632e-01 -9.277318827822659264e-01 -4.103902175414982922e-01 -8.646615790906956311e-01 4.305581070231634944e-01
1.589264476701283932e+09 7.307341536667992798e-01 -5.741103888680739731e-01 -3.693573584964892076e-01 -6.267794775841141197e-01 -7.786283283416538525e-01 -2.975589473871728674e-02 -2.705089342605691005e-01 2.532492606634851318e-01 -9.288109220128438759e-01 -4.202519771650040092e-01 -8.585282504320960184e-01 4.383852648845198985e-01
1.589264476701297045e+09 7.189194524390782881e-01 -5.878572019216848910e-01 -3.709160703857299346e-01 -6.312332907879494304e-01 -7.755719665401635821e-01 5.714700908573573657e-03 -2.910315341671154687e-01 2.300261619755885056e-01 -9.286488094639734348e-01 -4.299300448309156253e-01 -8.523114670122660108e-01 4.463741968317658793e-01
1.589264476701307058e+09 7.066900886844248442e-01 -6.016831759990070028e-01 -3.722451806159970955e-01 -6.350794152571330731e-01 -7.713518282810761795e-01 4.111561519099891926e-02 -3.118705745164068177e-01 2.073492538033269161e-01 -9.272232913865730008e-01 -4.394221603316884606e-01 -8.460206318227243560e-01 4.545265927636826242e-01
1.589264476701316118e+09 6.939920164116133439e-01 -6.155733540926913161e-01 -3.734227190529597062e-01 -6.383190556263442783e-01 -7.659726284634713611e-01 7.638531375525109413e-02 -3.330523453782128218e-01 1.853520393722410953e-01 -9.245110908639023739e-01 -4.487260129048746826e-01 -8.396651599074489436e-01 4.628442082587166939e-01
1.589264476701325893e+09 6.807674769156433214e-01 -6.295067754828946871e-01 -3.745355286377062276e-01 -6.409450171006130237e-01 -7.594513962574011012e-01 1.114587917798048611e-01 -3.546055947272043207e-01 1.641791602646678616e-01 -9.204890417135307423e-01 -4.578392921880080624e-01 -8.332545311240477925e-01 4.713288062339685558e-01
1.589264476701334953e+09 6.669580389096713136e-01 -6.434549026622592427e-01 -3.756764070188017279e-01 -6.429394430816854911e-01 -7.518209264149448012e-01 1.462674523700376317e-01 -3.765578936245101427e-01 1.439829266386599693e-01 -9.151355473247546612e-01 -4.667597470172518692e-01 -8.267983315382202436e-01 4.799820943974307252e-01
1.589264476701347113e+09 6.525078867444533692e-01 -6.573805173123826728e-01 -3.769407293080443977e-01 -6.442725905420513266e-01 -7.431326607161881093e-01 1.807392545673135731e-01 -3.989314317062204740e-01 1.249187910254893896e-01 -9.084321707410494273e-01 -4.754852494791057538e-01 -8.203062819444817411e-01 4.888056607032432166e-01
1.589264476701356888e+09 6.373670924723859876e-01 -6.712372304751349494e-01 -3.784227399011004800e-01 -6.449028409974862930e-01 -7.334586660627856469e-01 2.147992349595428951e-01 -4.217386815322969884e-01 1.071399361343027268e-01 -9.003652142193617758e-01 -4.840138608958041710e-01 -8.137882525764500441e-01 4.978009096688242319e-01
1.589264476701366901e+09 6.214944718891227682e-01 -6.849696967771327083e-01 -3.802119621016567530e-01 -6.447780425986013864e-01 -7.228923983897088679e-01 2.483704020641864796e-01 -4.449785361016371787e-01 9.079149276062940810e-02 -8.909270495629149078e-01 -4.923438958869926774e-01 -8.072542638965517492e-01 5.069690028440035912e-01
1.589264476701376915e+09 6.048597478046116027e-01 -6.985145013444574724e-01 -3.823900850102338600e-01 -6.438380254516715695e-01 -7.115481331258028952e-01 2.813749308593650467e-01 -4.686334205630385275e-01 7.600490749729847673e-02 -8.801170215144423770e-01 -5.004739799234726449e-01 -8.007144743530876241e-01 5.163108072617311750e-01
1.589264476701385975e+09 5.874449157429645352e-01 -7.118016016517536571e-01 -3.850285068285564938e-01 -6.420179454524820306e-01 -6.995591240921649190e-01 3.137355416665630892e-01 -4.926676659658406066e-01 6.289286198697016661e-02 -8.679418524386290912e-01 -5.084030971492751183e-01 -7.941791571899992075e-01 5.258268543974529141e-01
1.589264476701395988e+09 5.692447780861189521e-01 -7.247561487262030866e-01 -3.881866918405825206e-01 -6.392520485113639683e-01 -6.870746851755628049e-01 3.453768897210134359e-01 -5.170272734607638254e-01 5.154514695254056034e-02 -8.544155293035758936e-01 -5.161306256624025313e-01 -7.876586691751394920e-01 5.355173116941268630e-01
1.589264476701416016e+09 5.502665994917314007e-01 -7.373004163969751890e-01 -3.919116809710342930e-01 -6.354774404052542236e-01 -6.742565587277509209e-01 3.762266819844554133e-01 -5.416411105421106154e-01 4.202605489016492807e-02 -8.395586450467996675e-01 -5.236563588474841824e-01 -7.811634146490296082e-01 5.453819673981851190e-01
1.589264476701426983e+09 5.305292141266960693e-01 -7.493556530399593241e-01 -3.962383858639325074e-01 -6.306374504263395631e-01 -6.612749789019624069e-01 4.062164557060806702e-01 -5.664231276088352862e-01 3.437306834785262832e-02 -8.233974332446750699e-01 -5.309805135307873458e-01 -7.747038082280747195e-01 5.554202275339257255e-01
1.589264476701436996e+09 5.100618306166426752e-01 -7.608437428016955328e-01 -4.011903889731095463e-01 -6.246843610388533863e-01 -6.483047370848116220e-01 4.352819976007592517e-01 -5.912752137849329737e-01 2.859662919750333848e-02 -8.059626881896347905e-01 -5.381037271881301542e-01 -7.682902388527541593e-01 5.656311226245118728e-01
1.589264476701446056e+09 4.889026760559539997e-01 -7.716885723546451636e-01 -4.067811707287652956e-01 -6.175814017924142751e-01 -6.355215189325773562e-01 4.633633688825445907e-01 -6.160904040178207808e-01 2.468089454676539174e-02 -7.872886814334815186e-01 -5.450270469613455182e-01 -7.619330370080403814e-01 5.760133214048416272e-01
1.589264476701456070e+09 4.670976672402650243e-01 -7.818171121904171628e-01 -4.130154628604451039e-01 -6.093040107550811157e-01 -6.230986405716330001e-01 4.904046360751389555e-01 -6.407561097298470898e-01 2.258511644896327164e-02 -7.674122234826591393e-01 -5.517519125752102793e-01 -7.556424463237004785e-01 5.865651494364289009e-01
1.589264476701466084e+09 4.446991916530185773e-01 -7.911602315428283294e-01 -4.198906014489231509e-01 -5.998404376697651363e-01 -6.112042451009358501e-01 5.163533873183889789e-01 -6.651571834543952288e-01 2.224542813765188753e-02 -7.463719331658502654e-01 -5.582801347743723275e-01 -7.494286003389176720e-01 5.972846110127442154e-01
1.589264476701474905e+09 4.217650294684247014e-01 -7.996532436906570451e-01 -4.273978825279762250e-01 -5.891917821413206191e-01 -5.999990155934116220e-01 5.411600739453215070e-01 -6.891787171685724855e-01 2.357692549419894423e-02 -7.242077221197392722e-01 -5.646138714433064365e-01 -7.433015045281309296e-01 6.081694123533314400e-01
1.589264476701484919e+09 3.983574567031789027e-01 -8.072362267782249301e-01 -4.355238352636022214e-01 -5.773715827182048788e-01 -5.896343813149925728e-01 5.647772590404072091e-01 -7.127084906071259329e-01 2.647585350097678841e-02 -7.009605102925889897e-01 -5.707556028192311004e-01 -7.372710234349416636e-01 6.192169848007216260e-01
