1.586177206106852055e+09 8.829669306803388240e-01 -4.683183472707980188e-01 3.236240273514662258e-02 -9.805574216336677973e-02 -2.514138753983103935e-01 -9.628998572383701271e-01 4.590800267419106739e-01 8.470354120015531896e-01 -2.679114409725777968e-01 1.463277427728633742e-02 -8.396489795332741091e-01 2.605502133514236984e-01
1.586177206106901884e+09 8.843592974866195666e-01 -4.653685288992602809e-01 3.661646399385042744e-02 -1.109245306932974129e-01 -2.856910755955028303e-01 -9.518804327221124240e-01 4.534361935712733493e-01 8.377426466117994242e-01 -3.042743445469068275e-01 3.140079942607702009e-03 -8.478995283725671017e-01 2.597094048074199968e-01
1.586177206106925011e+09 8.859265454177049914e-01 -4.621428174728104965e-01 3.947369451730463330e-02 -1.246151645999224039e-01 -3.191322806214495489e-01 -9.394815850248295908e-01 4.467719967482299825e-01 8.273926540885826464e-01 -3.403177621339327774e-01 -8.769699380337406258e-03 -8.555735839505328455e-01 2.593536440835874091e-01
1.586177206106945992e+09 8.875963699576534527e-01 -4.587983114601119072e-01 4.094867049915709711e-02 -1.390713147125436921e-01 -3.516726469198603322e-01 -9.257351236807337402e-01 4.391262388722883547e-01 8.159843498040554310e-01 -3.759490491419388847e-01 -2.105296253082699146e-02 -8.626424957523608494e-01 2.594653156617956480e-01
1.586177206106966019e+09 8.892981792903956739e-01 -4.554793758861719888e-01 4.107659466694756067e-02 -1.542315290996989496e-01 -3.832560184298729467e-01 -9.106741789205012871e-01 4.305361586999288392e-01 8.035255831611453070e-01 -4.110781599640733197e-01 -3.366377523948355793e-02 -8.690856906481829736e-01 2.600249410625847801e-01
1.586177206106986046e+09 8.909643742627380014e-01 -4.523161552259203910e-01 3.990713836584825619e-02 -1.700326512837142257e-01 -4.138328848206736521e-01 -8.943328470553396636e-01 4.210360809950471905e-01 7.900331888452325479e-01 -4.456188723173227229e-01 -4.655520125893878453e-02 -8.748906849523983009e-01 2.610117108130867725e-01
1.586177206107003927e+09 8.925309141716319949e-01 -4.494244670532107633e-01 3.749954450643930987e-02 -1.864121463035467441e-01 -4.433585549311173102e-01 -8.767460885932574222e-01 4.106568873989022150e-01 7.755326173006504842e-01 -4.794893957916538385e-01 -5.968053711196601857e-02 -8.800528200612302010e-01 2.624039960176906550e-01
1.586177206107022047e+09 8.939374396278069179e-01 -4.469064159193350538e-01 3.391916299258222744e-02 -2.033093493638249427e-01 -4.717917888788278336e-01 -8.579497752149908285e-01 3.994260415958040267e-01 7.600573423565374354e-01 -5.126125963795870044e-01 -7.299440326707642979e-02 -8.845747613673374810e-01 2.641798206305037700e-01
1.586177206107039928e+09 8.951271902901316579e-01 -4.448512282989036115e-01 2.923521952291601236e-02 -2.206658505278879245e-01 -4.990939467638709770e-01 -8.379807963779037916e-01 3.873679075872214495e-01 7.436481811297697142e-01 -5.449160368496049900e-01 -8.645365844581825998e-02 -8.884658098976015994e-01 2.663172793075725409e-01
1.586177206107059956e+09 8.960468849994913665e-01 -4.433360043170474496e-01 2.351950967186721905e-02 -2.384252558020775181e-01 -5.252286204980779472e-01 -8.168771596691143388e-01 3.745041755381099957e-01 7.263525891730631123e-01 -5.763319694829575068e-01 -1.000181191847413220e-01 -8.917410772234575234e-01 2.687948924803501560e-01
1.586177206107079029e+09 8.966466584931543915e-01 -4.424262570642949477e-01 1.684568340676106252e-02 -2.565325662560991038e-01 -5.501616577165194810e-01 -7.946780437462401814e-01 3.608542815085346578e-01 7.082239460444045287e-01 -6.067973550603599220e-01 -1.136510799448851167e-01 -8.944205708980065284e-01 2.715918967327506373e-01
1.586177206107094049e+09 8.968946020999207791e-01 -4.421455767804514103e-01 9.346755255622970701e-03 -2.748779128729853527e-01 -5.738986547302009633e-01 -7.714158849136675267e-01 3.464422115759003273e-01 6.893095265146016448e-01 -6.362626588419375562e-01 -1.273200423762038125e-01 -8.965015850519053586e-01 2.747046743300062266e-01
1.586177206107104063e+09 8.967495296800285232e-01 -4.425371068780876160e-01 1.090977049052059208e-03 -2.934130925077017005e-01 -5.964090953701909337e-01 -7.471311454413189779e-01 3.312839241345226227e-01 6.696693962743485162e-01 -6.646757567758722063e-01 -1.409922839775368530e-01 -8.980121956780957593e-01 2.781176500636316495e-01
1.586177206107120037e+09 8.961737771020307219e-01 -4.436337591104451139e-01 -7.851699721524940667e-03 -3.120883199972212529e-01 -6.176660205669172177e-01 -7.218653392025554671e-01 3.153941058195577352e-01 6.493672113100231735e-01 -6.919890051378867479e-01 -1.546393363305989810e-01 -8.989822630976672668e-01 2.818159563654080157e-01
1.586177206107137918e+09 8.951334686524611284e-01 -4.454581532997094473e-01 -1.740997223798652557e-02 -3.308516081028490818e-01 -6.376466801341414969e-01 -6.956607830784675706e-01 2.987863566955056838e-01 6.284693670194375636e-01 -7.181594308458328912e-01 -1.682367964218223211e-01 -8.994426239955157776e-01 2.857855514504021865e-01
1.586177206107157946e+09 8.935987602445590872e-01 -4.480227271208703788e-01 -2.751166750428790664e-02 -3.496483721581393755e-01 -6.563330945650887038e-01 -6.685603078327772009e-01 2.814733944333365767e-01 6.070440719336978042e-01 -7.431488567563889758e-01 -1.817640405584803331e-01 -8.994243871017756353e-01 2.900133016452985379e-01
1.586177206107177019e+09 8.915440044203104542e-01 -4.513301112598551712e-01 -3.808436724780230043e-02 -3.684213217138698204e-01 -6.737124379439517474e-01 -6.406069630045420071e-01 2.634672999257021697e-01 5.851603899245426677e-01 -7.669239207869412711e-01 -1.952038723906105444e-01 -8.989583439890059813e-01 2.944870318974024959e-01
1.586177206107197046e+09 8.889478454586938749e-01 -4.553737293774235417e-01 -4.905603758503558620e-02 -3.871105380252787831e-01 -6.897772744847429083e-01 -6.118437246044607924e-01 2.447798187140955428e-01 5.628872697999114383e-01 -7.894559912936840451e-01 -2.085421335270440102e-01 -8.980744966640960003e-01 2.991955499222223591e-01
1.586177206107214928e+09 8.857932619517364659e-01 -4.601385683333340526e-01 -6.035557297676322902e-02 -4.056536647634762516e-01 -7.045256745066137416e-01 -5.823132134930845138e-01 2.254227175660311056e-01 5.402925801795929184e-01 -8.107209918029880669e-01 -2.217673005626055460e-01 -8.968016965287851638e-01 3.041286498527479010e-01
1.586177206107233047e+09 8.820675762650713736e-01 -4.656020641705505003e-01 -7.191320406077410243e-02 -4.239861644315483513e-01 -7.179612276868245768e-01 -5.520574320600458718e-01 2.054081875852115380e-01 5.174421645757252275e-01 -8.306991532041811954e-01 -2.348700874130589256e-01 -8.951673856237996052e-01 3.092771003812993524e-01
1.586177206107248068e+09 8.777624459406087043e-01 -4.717350602862344089e-01 -8.366075286180700565e-02 -4.420416174939851839e-01 -7.300929601484119624e-01 -5.211175283261071378e-01 1.847492818901225187e-01 4.943989307622345675e-01 -8.493747114461557279e-01 -2.478430665341789518e-01 -8.931974272948501881e-01 3.146326223103653175e-01
1.586177206107264042e+09 8.728738420042151391e-01 -4.785028121139817125e-01 -9.553174823122199955e-02 -4.597520659291348677e-01 -7.409351469177332117e-01 -4.895336008075134027e-01 1.634603746562572624e-01 4.712219935012580407e-01 -8.667355646908307953e-01 -2.606803184930782669e-01 -8.909160136540126285e-01 3.201878587743393068e-01
1.586177206107275963e+09 8.674020195101829200e-01 -4.858660113771768319e-01 -1.074614150027385917e-01 -4.770483986333469151e-01 -7.505070179519861551e-01 -4.573445547394839328e-01 1.415576284768817195e-01 4.479658863008203484e-01 -8.827729056063731150e-01 -2.733771168062939516e-01 -8.883456392110027355e-01 3.259363390990673848e-01
1.586177206107290030e+09 8.613513912935761851e-01 -4.937819307183875517e-01 -1.193867069189174096e-01 -4.938609421014413803e-01 -7.588322162641001345e-01 -4.245880801554267614e-01 1.190594425371879067e-01 4.246799650905629386e-01 -8.974807946331827546e-01 -2.859296522929516970e-01 -8.855071297297674171e-01 3.318724367236593475e-01
1.586177206107306957e+09 8.547302126785846221e-01 -5.022057477616895804e-01 -1.312465261477236689e-01 -5.101203697670744219e-01 -7.659379050392499666e-01 -3.913008233526587554e-01 9.598683327482042393e-02 4.014081623860851766e-01 -9.108556501167981434e-01 -2.983347977936840478e-01 -8.824197135745722731e-01 3.379913226367861068e-01
1.586177206107323885e+09 8.475501734922242791e-01 -5.110918339282659595e-01 -1.429819599860194801e-01 -5.257586858393776819e-01 -7.718537390622216554e-01 -3.575186850275082762e-01 7.236371992797151209e-02 3.781890308770017306e-01 -9.228957412971939833e-01 -3.105899111102069510e-01 -8.791011225399999462e-01 3.442889165719339450e-01
1.586177206107342958e+09 8.398257439354620546e-01 -5.203951322019370052e-01 -1.545368123784017500e-01 -5.407104932465724989e-01 -7.766105364647900577e-01 -3.232773384086788937e-01 4.821703646448681491e-02 3.550563072494591910e-01 -9.336006300442157846e-01 -3.226926732670274967e-01 -8.755677123044798282e-01 3.507618369723818352e-01
1.586177206107358932e+09 8.315731801800271272e-01 -5.300726125509973574e-01 -1.658585891804746359e-01 -5.549145805086022065e-01 -7.802386437362791582e-01 -2.886130065385375532e-01 2.357656969099171038e-02 3.320401851072342092e-01 -9.429705515961546158e-01 -3.346409595807466331e-01 -8.718345958060921275e-01 3.574073492628261350e-01
1.586177206107374907e+09 8.228092281894339166e-01 -5.400846254607083452e-01 -1.768998912480601593e-01 -5.683156226990940807e-01 -7.827662117145826048e-01 -2.535634263410684874e-01 -1.525549602917508629e-03 3.091692989574280070e-01 -9.510057926335561129e-01 -3.464327400636552645e-01 -8.679157830041460686e-01 3.642233126939040666e-01
1.586177206107387066e+09 8.135497018166899519e-01 -5.503958836523686893e-01 -1.876199725743609714e-01 -5.808656233852459438e-01 -7.842177589793777326e-01 -2.181688209949171897e-01 -2.705569343598448681e-02 2.864731715804436085e-01 -9.577061719334049039e-01 -3.580660037494102221e-01 -8.638243198224555552e-01 3.712081278867464529e-01
1.586177206107403994e+09 8.038081122584279647e-01 -5.609759068871479348e-01 -1.979862387540740898e-01 -5.925248140875448710e-01 -7.846133144720243147e-01 -1.824727152958073861e-01 -5.297984208117861860e-02 2.639848081184075212e-01 -9.630706919835831936e-01 -3.695387017172070965e-01 -8.595724213523533441e-01 3.783606867971818777e-01
1.586177206107424021e+09 7.935943857685628933e-01 -5.717989708172841468e-01 -2.079756909477953331e-01 -6.032619916900745505e-01 -7.839681814889788436e-01 -1.465225585999240798e-01 -7.926487603185443376e-02 2.417433094285401651e-01 -9.670973333207928402e-01 -3.808487043851757070e-01 -8.551715966143601522e-01 3.856803260986504944e-01
1.586177206107443094e+09 7.829136260935974923e-01 -5.828436723814161002e-01 -2.175764413217106397e-01 -6.130543846532148233e-01 -7.822932567337793630e-01 -1.103702057169671513e-01 -1.058800068598658162e-01 2.197965293137111864e-01 -9.697829191066413834e-01 -3.919937716165828312e-01 -8.506327655030444523e-01 3.931667823215877489e-01
1.586177206107459068e+09 7.717650232815594924e-01 -5.940920993311873399e-01 -2.267891675715072164e-01 -6.218869565743984085e-01 -7.795959970843059361e-01 -7.407222796999721193e-02 -1.327982018120558161e-01 1.982035799451790647e-01 -9.711230503053649432e-01 -4.029715339513474381e-01 -8.459663678346643900e-01 4.008201479308827198e-01
1.586177206107472897e+09 7.601410517648784504e-01 -6.055286012401365214e-01 -2.356282977026496472e-01 -6.297510753109009096e-01 -7.758821078658051373e-01 -3.769002815280811380e-02 -1.599973902710411511e-01 1.770369114919988496e-01 -9.711121291683196821e-01 -4.137794831068510870e-01 -8.411824641386353996e-01 4.086408281255160535e-01
1.586177206107486963e+09 7.480271634665418556e-01 -6.171381730450005154e-01 -2.441225885967518994e-01 -6.366425039122084462e-01 -7.711579988823067389e-01 -1.289711560818404545e-03 -1.874611566692359899e-01 1.563835553478419571e-01 -9.697435221227299618e-01 -4.244149710613207560e-01 -8.362908286080048548e-01 4.166294973534503954e-01
1.586177206107501984e+09 7.354018130277922838e-01 -6.289046825870736601e-01 -2.523154251959016103e-01 -6.425591116523263757e-01 -7.654336812868045570e-01 3.505806566232444466e-02 -2.151789064086230274e-01 1.363458104248129188e-01 -9.670097510151524078e-01 -4.348752176483233201e-01 -8.313010346365927727e-01 4.247870543216533123e-01
1.586177206107517004e+09 7.222369162858502945e-01 -6.408089743915713621e-01 -2.602646638893352793e-01 -6.474984057356498734e-01 -7.587260536826453405e-01 7.127826047703042511e-02 -2.431453303330549098e-01 1.170411638990484504e-01 -9.629027545045151237e-01 -4.451573272585251928e-01 -8.262225332634623998e-01 4.331145740000682531e-01
1.586177206107532978e+09 7.084988451853050373e-01 -6.528269107223388934e-01 -2.680418086495408025e-01 -6.514550438063582138e-01 -7.510624679805972814e-01 1.072916374832174752e-01 -2.713590105618924331e-01 9.860118694971294062e-02 -9.574142748366432087e-01 -4.552583155596682807e-01 -8.210647244173393533e-01 4.416132551609581181e-01
1.586177206107546091e+09 6.941500533555606811e-01 -6.649274568749697911e-01 -2.757302680094405600e-01 -6.544185488190690236e-01 -7.424843810226345875e-01 1.430150596358959747e-01 -2.998200572582608858e-01 8.116909059046982511e-02 -9.505364339889166292e-01 -4.651751466559641557e-01 -8.158370201045979098e-01 4.502843627518874903e-01
1.586177206107557058e+09 6.791512737357064955e-01 -6.770709938792747185e-01 -2.834226822376765265e-01 -6.563715701264309921e-01 -7.330507447925415088e-01 1.783619014042623629e-01 -3.285268781433844931e-01 6.489587843843401538e-02 -9.422624982673685201e-01 -4.749047801818971903e-01 -8.105488980830254375e-01 4.591291654723178017e-01
1.586177206107572079e+09 6.634642165175338446e-01 -6.892080571508206743e-01 -2.912172514386233146e-01 -6.572889801080474825e-01 -7.228407505172546044e-01 2.132426936705098808e-01 -3.574722791800820643e-01 4.993499351902605521e-02 -9.325878330656309778e-01 -4.844442271496624541e-01 -8.052099444345294232e-01 4.681488696645664804e-01
1.586177206107585907e+09 6.470544347762731130e-01 -7.012787060819825058e-01 -2.992135274492756514e-01 -6.571381122700925559e-01 -7.119554743109116624e-01 2.475659596642963423e-01 -3.866394446954038444e-01 3.643596051034665717e-02 -9.215109119968765139e-01 -4.937906120625010775e-01 -7.998298834490922271e-01 4.773445518622733141e-01
1.586177206107599020e+09 6.298941100347077438e-01 -7.132126479896137017e-01 -3.075079333407954585e-01 -6.558801916835037549e-01 -7.005181193252960625e-01 2.812392914189633109e-01 -4.159982988661291570e-01 2.453738910734486883e-02 -9.090342855020806523e-01 -5.029412380312670017e-01 -7.944185937889923776e-01 4.867170929702831494e-01
1.586177206107614040e+09 6.119644204712464397e-01 -7.249301418370405203e-01 -3.161895597734373786e-01 -6.534728524956684437e-01 -6.886726928494376621e-01 3.141705803514360240e-01 -4.455028389244836684e-01 1.436007644079193360e-02 -8.951653529135480403e-01 -5.118936510283412789e-01 -7.889861107191399325e-01 4.962671174442083721e-01
1.586177206107626915e+09 5.932572634385675503e-01 -7.363435874506401024e-01 -3.253366575933364646e-01 -6.498734207295668863e-01 -6.765811931935693524e-01 3.462692975556698749e-01 -4.750898407357266873e-01 6.000870699652518375e-03 -8.799168330714810526e-01 -5.206456986069211146e-01 -7.835426151709562470e-01 5.059949413337558877e-01
1.586177206107641935e+09 5.737762457408367434e-01 -7.473596380533532590e-01 -3.350140167345418973e-01 -6.450425242355216637e-01 -6.644195576513433066e-01 3.774477364112007738e-01 -5.046790684357621570e-01 -4.722581302208268828e-04 -8.633069067238291483e-01 -5.291955796885357000e-01 -7.780984116419571439e-01 5.159005316569937882e-01
1.586177206107661009e+09 5.535369296131659178e-01 -7.578816160889850773e-01 -3.452713769270156496e-01 -6.389475846156575933e-01 -6.523727615343146713e-01 4.076220853996858628e-01 -5.341749264387638529e-01 -5.023565246972540310e-03 -8.453590433054746223e-01 -5.375418823776950683e-01 -7.726638977239548289e-01 5.259834790496248358e-01
1.586177206107678890e+09 5.325663628335898236e-01 -7.678118879577150446e-01 -3.561431932036753234e-01 -6.315657823788789482e-01 -6.406296665970194759e-01 4.367130558932557083e-01 -5.634693710180979087e-01 -7.650829300601041938e-03 -8.261015271003189220e-01 -5.456836081303122477e-01 -7.672495286239845447e-01 5.362429842640537014e-01
1.586177206107697010e+09 5.109021589906533878e-01 -7.770540409046102770e-01 -3.676492916201599126e-01 -6.228862351956283572e-01 -6.293780334518087605e-01 4.646461335208010301e-01 -5.924455437531392921e-01 -8.385029628646411409e-03 -8.055668620959842707e-01 -5.536201827940422371e-01 -7.618657800283064052e-01 5.466778571378281271e-01
1.586177206107716084e+09 4.885913291082953358e-01 -7.855147722735844606e-01 -3.797960713810348277e-01 -6.129113051263473944e-01 -6.187999808750352937e-01 4.913515198928902206e-01 -6.209816789084268152e-01 -7.288786347543823804e-03 -7.837911892817169823e-01 -5.613514565540899115e-01 -7.565231120520624630e-01 5.572865254411019098e-01
1.586177206107734919e+09 4.656890075996201195e-01 -7.931053876417344384e-01 -3.925781354976802806e-01 -6.016570523018988093e-01 -6.090681472258768769e-01 5.167637601785826096e-01 -6.489549599073611841e-01 -4.453798815096422781e-03 -7.608137906411441831e-01 -5.688776954113554662e-01 -7.512319361662844752e-01 5.680670506896698946e-01
1.586177206107744932e+09 4.422572091560469376e-01 -7.997429539768048379e-01 -4.059800102101811525e-01 -5.891529622670891309e-01 -6.003425753294259204e-01 5.408212086100416816e-01 -6.762450357480506158e-01 2.247288186719206132e-06 -7.366767621983635328e-01 -5.761995662006864638e-01 -7.460025863575483474e-01 5.790171487233796155e-01
1.586177206107754946e+09 4.183636829971203452e-01 -8.053511437467476552e-01 -4.199778139273432354e-01 -5.754410986403513117e-01 -5.927683050080458926e-01 5.634654194865497123e-01 -7.027370568834453435e-01 5.939026536441112045e-03 -7.114248781063179372e-01 -5.833181167150726099e-01 -7.408452953408245500e-01 5.901342133615092855e-01
1.586177206107768059e+09 3.940809092273787617e-01 -8.098607685272326551e-01 -4.345408758210236311e-01 -5.605748218502412117e-01 -5.864736775303984739e-01 5.846404835924553511e-01 -7.283241767663707344e-01 1.319702072753627629e-02 -6.851056360325038508e-01 -5.902347531000254888e-01 -7.357701759720737256e-01 6.014153410860065829e-01
1.586177206107778072e+09 3.694852662863663539e-01 -8.132100637946826360e-01 -4.496332175414097798e-01 -5.446172231166191979e-01 -5.815692521956369321e-01 6.042923841726203227e-01 -7.529095023001498577e-01 2.160086189949778773e-02 -6.577694766811058580e-01 -5.969512159453728151e-01 -7.307872077392376653e-01 6.128573554481060448e-01
