1.583561771199104071e+09 -2.056591978928728748e-01 8.530373173642050166e-02 9.748987474977294232e-01 2.748534761720144992e-01 -9.510616473309088104e-01 1.411995383313767449e-01 9.392336563047626319e-01 2.969932934702481653e-01 1.721485483322078014e-01 -4.187681168208444438e-02 1.594440748037722066e+00 1.595371967582039918e+00
1.583561771199173927e+09 -2.265732425113686221e-01 8.207548637482410536e-02 9.705298452461915693e-01 2.817030655346691725e-01 -9.483344366666587311e-01 1.459629374643520161e-01 9.323668531344653232e-01 3.064725286350065692e-01 1.917462921772214168e-01 -4.777483260683210858e-02 1.593811801442345244e+00 1.590359062387487699e+00
1.583561771199207067e+09 -2.473090178440176257e-01 7.968580527704008376e-02 9.656544010833241209e-01 2.886043955952364293e-01 -9.453187734286072619e-01 1.519207670455535730e-01 9.249571626380318490e-01 3.162634804746032313e-01 2.107881837301632810e-01 -5.367918264142160223e-02 1.593200009923272154e+00 1.585351487630416223e+00
1.583561771199229956e+09 -2.678366340568214543e-01 7.811720377426334405e-02 9.602922680808182454e-01 2.954607403119465237e-01 -9.420242479891048903e-01 1.590385712619162284e-01 9.170422501574012619e-01 3.263250200618079688e-01 2.292280369169027998e-01 -5.958072987761128814e-02 1.592579218896591486e+00 1.580341716990312451e+00
1.583561771199251890e+09 -2.881297339768280619e-01 7.735371797646170555e-02 9.544619735337538380e-01 3.021823545196216654e-01 -9.384581685642551241e-01 1.672784818434840670e-01 9.086622481440165267e-01 3.366194709405149199e-01 2.470227738223398362e-01 -6.547246466003421583e-02 1.591920606088266021e+00 1.575325230812581800e+00
1.583561771199276924e+09 -3.081647407967174623e-01 7.738017561968932312e-02 9.481807850638044322e-01 3.086861140812823256e-01 -9.346259712428302002e-01 1.765989152577178978e-01 8.998596422195308531e-01 3.471118009357778700e-01 2.641325844465498562e-01 -7.134961635220561649e-02 1.591193308117410110e+00 1.570301132007957845e+00
1.583561771199300051e+09 -3.279203864080548203e-01 7.818103070789698961e-02 9.414647878891291288e-01 3.148954266742919894e-01 -9.305316194256931794e-01 1.869539395960154449e-01 8.906790053867998935e-01 3.577689641932754738e-01 2.805214391814564445e-01 -7.720966848399583859e-02 1.590365171853181270e+00 1.565272670763161900e+00
1.583561771199311018e+09 -3.473775357527505991e-01 7.973882503084639417e-02 9.343289397551567399e-01 3.207404659675058833e-01 -9.261779833455261457e-01 1.982924524110003250e-01 8.811665003576131250e-01 3.685594429762270585e-01 2.961579576258530633e-01 -8.305226617841689196e-02 1.589403598814408181e+00 1.560247646124125698e+00
1.583561771199321032e+09 -3.665193023830473629e-01 8.203242396209764475e-02 9.267870751336564350e-01 3.261587271179293701e-01 -9.215671837572715352e-01 2.105573807253808549e-01 8.713690870817846212e-01 3.794530370207323533e-01 3.110165703090944644e-01 -8.887901693469671405e-02 1.588276443190945519e+00 1.555238660300750198e+00
1.583561771199331045e+09 -3.853314880733350045e-01 8.503493445293841546e-02 9.188518403237641019e-01 3.310958894641529149e-01 -9.167009224062143691e-01 2.236848919282908021e-01 8.613333596846630691e-01 3.904208996095426820e-01 3.250790132944570421e-01 -9.469319303520035147e-02 1.586952920525899646e+00 1.550263211859587598e+00
1.583561771199341059e+09 -4.038667392033865600e-01 8.872339840049059401e-02 9.105052530249817533e-01 3.355216216666326856e-01 -9.115629337876743898e-01 2.376515499129661646e-01 8.510680928020216696e-01 4.014737555462855045e-01 3.383813311398585211e-01 -1.004993500146762891e-01 1.585404484954254123e+00 1.545343625332352033e+00
1.583561771199350119e+09 -4.216359557891262155e-01 9.446077393475454942e-02 9.018316268672503799e-01 3.389822380237118571e-01 -9.060280056928012860e-01 2.533856650290122192e-01 8.410197163659677289e-01 4.125414102390481674e-01 3.499934596014275257e-01 -1.063051007323208147e-01 1.583775751303784451e+00 1.540449554584074177e+00
1.583561771199358940e+09 -4.384380911481725596e-01 1.023308586936775011e-01 8.929168135016585239e-01 3.413310695615788259e-01 -9.001029611105538786e-01 2.707540588604266940e-01 8.314235631784121505e-01 4.234891437045762430e-01 3.597107226622097698e-01 -1.121132163593135112e-01 1.582068347009958575e+00 1.535585193718596919e+00
1.583561771199368000e+09 -4.540584782700057276e-01 1.123658433814570812e-01 8.838579160684679747e-01 3.424490235628092072e-01 -8.938047211507222922e-01 2.895544624884792140e-01 8.225324095730455198e-01 4.341509389247971140e-01 3.673600382115184138e-01 -1.179265554962970891e-01 1.580282600022469008e+00 1.530755324262423223e+00
1.583561771199377060e+09 -4.682799617296282135e-01 1.245378239329113373e-01 8.747595144364808117e-01 3.422551470125239081e-01 -8.871629352804647484e-01 3.095211473315184203e-01 8.146013086241223888e-01 4.443334972260198912e-01 3.728169141453391289e-01 -1.237482130073314646e-01 1.578417549536180076e+00 1.525965613029342638e+00
1.583561771199385881e+09 -4.808964923090359722e-01 1.387542388506871893e-01 8.657284938884860503e-01 3.407139830134905401e-01 -8.802221432248071853e-01 3.303376460430205164e-01 8.078691389639962583e-01 4.538240186057692083e-01 3.760202317537889027e-01 -1.295816713930007802e-01 1.576471028064984292e+00 1.521222906986037682e+00
1.583561771199398994e+09 -4.917278485839208790e-01 1.548586634956146402e-01 8.568678530041695662e-01 3.378380811350623070e-01 -8.730427092650996368e-01 3.516558811842449006e-01 8.025391916217401445e-01 4.624015811269350240e-01 3.769822594294398033e-01 -1.354309415383468107e-01 1.574439817503916483e+00 1.516535512655326823e+00
1.583561771199410915e+09 -5.006337195371270976e-01 1.726376251248389615e-01 8.482700805157938895e-01 3.336848719053031598e-01 -8.656997847571803462e-01 3.731196711114908027e-01 7.987617200087341329e-01 4.698511819241760201e-01 3.757919394229136123e-01 -1.413006785244840802e-01 1.572319877971230184e+00 1.511913447394066745e+00
1.583561771199421883e+09 -5.075251716784013878e-01 1.918331891797492861e-01 8.400108498623874986e-01 3.283482546496476195e-01 -8.582798212681014283e-01 3.943896196782567531e-01 7.966213805875673737e-01 4.759787558597285972e-01 3.726105207895695770e-01 -1.471962581073062715e-01 1.570106643853968365e+00 1.507368650444522507e+00
1.583561771199431896e+09 -5.123717096871646115e-01 2.121600220664341951e-01 8.321438315541473951e-01 3.219464092451397308e-01 -8.508746716218610340e-01 4.151659942769701517e-01 7.961317359048839526e-01 4.806250288214251043e-01 3.676599529423508761e-01 -1.531238007083098596e-01 1.567795376783922778e+00 1.502915143238767293e+00
1.583561771199446917e+09 -5.152029402747563269e-01 2.333246524876084749e-01 8.246972396694303153e-01 3.146082304187522438e-01 -8.435738802358293542e-01 4.352065831005800800e-01 7.972374752319301150e-01 4.836762504295812337e-01 3.612058874081230941e-01 -1.590901321767246857e-01 1.565381561494595175e+00 1.498569130382693793e+00
1.583561771199462891e+09 -5.161048278297127867e-01 2.550443292462338807e-01 8.176724264977975887e-01 3.064609606845323242e-01 -8.364561893949102878e-01 4.543376749034725992e-01 7.998234095705101243e-01 4.850705448182073831e-01 3.535379474608950634e-01 -1.651026737745605322e-01 1.562861328233999147e+00 1.494349034289808698e+00
1.583561771199480057e+09 -5.152113815191211588e-01 2.770631829832821413e-01 8.110445272812867312e-01 2.976210762868803372e-01 -8.295814609620149049e-01 4.724577172778553491e-01 8.037281428029559027e-01 4.847995383402275982e-01 3.449499678702761529e-01 -1.711692577553244610e-01 1.560231883818868237e+00 1.490275457966940165e+00
1.583561771199495077e+09 -5.126931452608954887e-01 2.991641188439124743e-01 8.047649153904702368e-01 2.881895300500752488e-01 -8.229841186969976130e-01 4.895344065328573468e-01 8.087598740065966574e-01 4.829057573523100610e-01 3.357223495016628534e-01 -1.772978693814331874e-01 1.557491932507566235e+00 1.486371072031417162e+00
1.583561771199512005e+09 -5.087440974922532444e-01 3.211757162908242536e-01 7.987650485446040616e-01 2.782514554825255559e-01 -8.166688862394312354e-01 5.055967343721049501e-01 8.147119558595325994e-01 4.794768916559789540e-01 3.261078649611915403e-01 -1.834963209121093786e-01 1.554642067863156507e+00 1.482660423393365345e+00
1.583561771199527979e+09 -5.035684189622089413e-01 3.429742120672599204e-01 7.929612459164308014e-01 2.678796029777813503e-01 -8.106092054380047429e-01 5.207237601695036133e-01 8.213765068254774704e-01 4.746381843445237614e-01 3.163214002235721911e-01 -1.897718681565967735e-01 1.551685116912304041e+00 1.479169665446994797e+00
1.583561771199546099e+09 -4.973681730057222805e-01 3.644811839129326048e-01 7.872600379156632355e-01 2.571402263059587301e-01 -8.047484386904852904e-01 5.350316387635224435e-01 8.285552514644662914e-01 4.685439329707572487e-01 3.065334865704575362e-01 -1.961307847864733056e-01 1.548626419327795212e+00 1.475926211799521326e+00
1.583561771199562073e+09 -4.903326649903564372e-01 3.856578213405915112e-01 7.815637675371587267e-01 2.460999668872416446e-01 -7.990036788770303877e-01 5.486601201805207939e-01 8.360673921253121144e-01 4.613687962010046273e-01 2.968672261447986016e-01 -2.025779134664550951e-01 1.545474026665981215e+00 1.472958317685741259e+00
1.583561771199578047e+09 -4.826299993810161948e-01 4.064968036703817122e-01 7.757761484783081141e-01 2.348323505078809548e-01 -7.932717680288743356e-01 5.617594407223799324e-01 8.437547339639950295e-01 4.532992949314297859e-01 2.873981530387904604e-01 -2.091162151546371029e-01 1.542238810191651099e+00 1.470294593117017712e+00
1.583561771199594975e+09 -4.744011359848579468e-01 4.270128456134865691e-01 7.698075032772436765e-01 2.234227338017305275e-01 -7.874369663160024624e-01 5.744782903966392240e-01 8.514844945338647664e-01 4.445256504346962179e-01 2.781566140074876459e-01 -2.157463400879126303e-01 1.538934468288902346e+00 1.467963453666770945e+00
1.583561771199610949e+09 -4.657565652272895873e-01 4.472329460739675744e-01 7.635794091895561353e-01 2.119708580588936797e-01 -7.813795997445278640e-01 5.869533852652110140e-01 8.591502648062758762e-01 4.352339752206919044e-01 2.691323271905320391e-01 -2.224662454040492454e-01 1.535577427017524421e+00 1.465992517437491038e+00
1.583561771199625969e+09 -4.567755609457817556e-01 4.671873010230674361e-01 7.570284756401457482e-01 2.005905428102577326e-01 -7.749849387164566838e-01 5.993010753662714185e-01 8.666715186813489513e-01 4.255988377167675418e-01 2.602808258070352654e-01 -2.292708849563095952e-01 1.532186630188945520e+00 1.464407960526493024e+00
1.583561771199645996e+09 -4.475078344387576901e-01 4.869017324970839056e-01 7.501089529207514150e-01 1.894065158869233101e-01 -7.681514680156060759e-01 6.116113912955507548e-01 8.739919393744948195e-01 4.157764125349363016e-01 2.515314392478187888e-01 -2.361519964464738885e-01 1.528783218726845305e+00 1.463233848840992390e+00
1.583561771199666977e+09 -4.379772404898515381e-01 5.063923007916375507e-01 7.427938978993035013e-01 1.785488922603577777e-01 -7.607976749648499570e-01 6.239448620496133024e-01 8.810767447401647301e-01 4.058986765363001847e-01 2.427962819036690589e-01 -2.430980091229643369e-01 1.525390103740086989e+00 1.462491473092267791e+00
1.583561771199682951e+09 -4.281869658863496353e-01 5.256624430670620018e-01 7.350747706447313679e-01 1.681461886863020727e-01 -7.528666613548655739e-01 6.363321848595134833e-01 8.879092192966854258e-01 3.960691686049478411e-01 2.339795551124654316e-01 -2.500940899099929338e-01 1.522031444472754957e+00 1.462198719421134774e+00
1.583561771199692965e+09 -4.181254918776208251e-01 5.447025959410171092e-01 7.269595279393545884e-01 1.583180051413899392e-01 -7.443281693576607738e-01 6.487765297744344517e-01 8.944867145615682524e-01 3.863607879036649040e-01 2.249863535537260095e-01 -2.571223377447660607e-01 1.518732049765214143e+00 1.462369511980630810e+00
1.583561771199702978e+09 -4.077725851608715035e-01 5.634918834670421539e-01 7.184694957356085876e-01 1.491685382783360103e-01 -7.351779839858518795e-01 6.612579520034796987e-01 9.008164442417497808e-01 3.768159090147208956e-01 2.157301665023960424e-01 -2.641621253830108151e-01 1.515516729307290200e+00 1.463013365628315521e+00
1.583561771199712038e+09 -3.971046531600523899e-01 5.820011723708864437e-01 7.096354909685271828e-01 1.407818844790733326e-01 -7.254350687516695206e-01 6.737391350257267986e-01 9.069114376159191915e-01 3.674487672385860493e-01 2.061384195591923207e-01 -2.711905755730483758e-01 1.512409627372496734e+00 1.464135082458979831e+00
1.583561771199722052e+09 -3.860989898079067451e-01 6.001966847310755693e-01 7.004937615366281234e-01 1.332196600204808568e-01 -7.151371189517690130e-01 6.861715698852758338e-01 9.127869918501939628e-01 3.582496907184803958e-01 1.961557209241636957e-01 -2.781831466545270359e-01 1.509433574751962936e+00 1.465734614772651101e+00
1.583561771199731112e+09 -3.747366686702730543e-01 6.180434339780187525e-01 6.910822983662356922e-01 1.265210871511812940e-01 -7.043353393533133833e-01 6.985013559625845581e-01 9.184578617975465153e-01 3.491905548882444643e-01 1.857447515307236174e-01 -2.851142938546192274e-01 1.506609493298856961e+00 1.467807102549746334e+00
1.583561771199739933e+09 -3.630041095840984555e-01 6.355079612792492449e-01 6.814379266083908648e-01 1.207050654548432883e-01 -6.930893018010301221e-01 7.106739807675075404e-01 9.239363094047463587e-01 3.402305851211274712e-01 1.748852348077546415e-01 -2.919581679139381380e-01 1.503955882774879349e+00 1.470343080111540246e+00
1.583561771199749947e+09 -3.508935260851849258e-01 6.525601383751429285e-01 6.715943711794450932e-01 1.157735795107247001e-01 -6.814624942248795891e-01 7.226377704559268089e-01 9.292309787543512334e-01 3.313217996820962408e-01 1.635715544363955665e-01 -2.986893118133103764e-01 1.501488412978572384e+00 1.473328835921152491e+00
1.583561771199759007e+09 -3.384025793282664507e-01 6.691740566940185264e-01 6.615812696836580464e-01 1.117156562485774884e-01 -6.695189138995133460e-01 7.343459921026317394e-01 9.343464596663467736e-01 3.224135635455895321e-01 1.518097084935255692e-01 -3.052833184784312648e-01 1.499219636564383507e+00 1.476746901576629245e+00
1.583561771199768066e+09 -3.255335452823672204e-01 6.853281723769981681e-01 6.514239842735994879e-01 1.085113105624565255e-01 -6.573207746142760710e-01 7.457577990057755457e-01 9.392833473527251176e-01 3.134560504923027957e-01 1.396141040071456618e-01 -3.117174173079562127e-01 1.497158829418412829e+00 1.480576639074134171e+00
1.583561771199778080e+09 -3.122922790982649022e-01 7.010049476759874221e-01 6.411439744659478412e-01 1.061350229004178886e-01 -6.449272249870633411e-01 7.568383126017378393e-01 9.440386059732345236e-01 3.044025919587466933e-01 1.270046167782903357e-01 -3.179709644931769108e-01 1.495311957087587906e+00 1.484794891477132284e+00
1.583561771199786901e+09 -2.986872035464889219e-01 7.161902334863292641e-01 6.307594661524866808e-01 1.045584734507039870e-01 -6.323938535412104711e-01 7.675581669622106862e-01 9.486060722479623397e-01 2.952110493401770563e-01 1.140041941502885070e-01 -3.240258204390129571e-01 1.493681758320304365e+00 1.489376661287263648e+00
1.583561771199795961e+09 -2.847284797983708482e-01 7.308725979462923350e-01 6.202861747673734660e-01 1.037524331601667738e-01 -6.197727026227788372e-01 7.778928137824864253e-01 9.529769806473008531e-01 2.858444381979956539e-01 1.006371290812574232e-01 -3.298666067016080006e-01 1.492267930354931327e+00 1.494295782088510327e+00
1.583561771199805021e+09 -2.704274479942638809e-01 7.450427446501638462e-01 6.097378980021291861e-01 1.036878569921545340e-01 -6.071125186627889248e-01 7.878218187082227653e-01 9.571404410651551675e-01 2.762710598745328205e-01 8.692800351724387642e-02 -3.354808424773690345e-01 1.491067397077000090e+00 1.499525554515765746e+00
1.583561771199814081e+09 -2.557963335051245402e-01 7.586930826502499281e-01 5.991269000375383236e-01 1.043363719411642410e-01 -5.944590335450165020e-01 7.973282755329277327e-01 9.610838451947510963e-01 2.664643765603098569e-01 7.290115754971543405e-02 -3.408589680395439636e-01 1.490074638446784006e+00 1.505039322635478349e+00
1.583561771199822903e+09 -2.408481746111791610e-01 7.718174595828242168e-01 5.884640737667617971e-01 1.056703635279813980e-01 -5.818551517570590415e-01 8.063983858385794790e-01 9.647932064941612262e-01 2.564027918338866452e-01 5.858051966818612899e-02 -3.459942669842526186e-01 1.489282059938289882e+00 1.510810974668924667e+00
1.583561771199832916e+09 -2.255969032021606369e-01 7.844110356926440319e-01 5.777589156333139409e-01 1.076628458929430876e-01 -5.693409915010426703e-01 8.150211942325636949e-01 9.682534529341475515e-01 2.460694265576920392e-01 4.398964010719385448e-02 -3.508827013928584315e-01 1.488680382573551730e+00 1.516815359443494549e+00
1.583561771199841976e+09 -2.100575161695422410e-01 7.964702685155613526e-01 5.670193572674804283e-01 1.102872400721023882e-01 -5.569537724701112413e-01 8.231884474687569675e-01 9.714486938676372141e-01 2.354519205932547876e-01 2.915181836353729003e-02 -3.555226765455277715e-01 1.488259035317984535e+00 1.523028614646150247e+00
1.583561771199851036e+09 -1.942462453932998212e-01 8.079929497813520545e-01 5.562515523563326125e-01 1.135171949502326444e-01 -5.447276105057631268e-01 8.308945040381148228e-01 9.743624802097557991e-01 2.245422536359755195e-01 1.409019991560739316e-02 -3.599147548402948926e-01 1.488006532541650717e+00 1.529428406341365898e+00
1.583561771199860096e+09 -1.781806889513055381e-01 8.189782649624335331e-01 5.454596628977751438e-01 1.173264761675283097e-01 -5.326932661607711728e-01 8.381362551605272548e-01 9.769780654212736337e-01 2.133365555177558492e-01 -1.172180709783487290e-03 -3.640613385824431614e-01 1.487910822520208898e+00 1.535994084219842737e+00
1.583561771199868917e+09 -1.618799205094193228e-01 8.294268824802376594e-01 5.346456192652966344e-01 1.216888696674807563e-01 -5.208778432007983294e-01 8.449130674211209335e-01 9.792786684975405276e-01 2.018348812718478991e-01 -1.661235593630679477e-02 -3.679663399070694507e-01 1.487959596704521603e+00 1.542706760949558609e+00
1.583561771199877977e+09 -1.453645101418861163e-01 8.393410184521969963e-01 5.238089481666311498e-01 1.265781684705176158e-01 -5.093045267628061312e-01 8.512266832771370195e-01 9.812477397157606251e-01 1.900409271213867879e-01 -3.220744577960076016e-02 -3.716348548444842748e-01 1.488140552659927174e+00 1.549549325983342385e+00
1.583561771199887037e+09 -1.286564337369530686e-01 8.487244460489098419e-01 5.129467194374620620e-01 1.319682494336898992e-01 -4.979924279677012677e-01 8.570810480145230059e-01 9.828692199061511703e-01 1.779616716781162455e-01 -4.793474957372227674e-02 -3.750728550402758210e-01 1.488441607635303976e+00 1.556506406096600958e+00
1.583561771199896097e+09 -1.117789098023937722e-01 8.575824631438919710e-01 5.020535772963259369e-01 1.378331759072330687e-01 -4.869565260576582122e-01 8.624820910526865836e-01 9.841277819379495861e-01 1.656069468968369707e-01 -6.377184488072365487e-02 -3.782869063639717755e-01 1.488851063383579421e+00 1.563564285610094418e+00
1.583561771199906111e+09 -9.475619426494966135e-02 8.659218299237485539e-01 4.911218263878363022e-01 1.441472862434340640e-01 -4.762076907873565301e-01 8.674374877425223840e-01 9.850090475505267618e-01 1.529889535909098597e-01 -7.969665341062759367e-02 -3.812839198278579200e-01 1.489357725446004199e+00 1.570710798536081088e+00
1.583561771199915886e+09 -7.761335516403500279e-02 8.737506848496232603e-01 4.801415500345601051e-01 1.508852465702097689e-01 -4.657527659750698157e-01 8.719564228741311096e-01 9.854997766142965521e-01 1.401217397030259659e-01 -9.568745266679483386e-02 -3.840709376792202923e-01 1.489950981501278582e+00 1.577935203141301423e+00
1.583561771199925900e+09 -6.037603996894193997e-02 8.810784426183274620e-01 4.691007482359473846e-01 1.580220610835745276e-01 -4.555946997144765254e-01 8.760493695222928423e-01 9.855880286649183475e-01 1.270206588429138861e-01 -1.117228276656263009e-01 -3.866549545542809496e-01 1.490620844545862855e+00 1.585228047815575581e+00
1.583561771199942112e+09 -4.307023923945263455e-02 8.879156717660877662e-01 4.579854960243042172e-01 1.655330456288731100e-01 -4.457327171604910099e-01 8.797278873009465316e-01 9.852632975684707528e-01 1.137018245846098258e-01 -1.277815706302158627e-01 -3.890427726427321264e-01 1.491357966622430586e+00 1.592581034893912006e+00
1.583561771199953079e+09 -2.572205116178228820e-02 8.942739513494253334e-01 4.467801207154485921e-01 1.733937692802193231e-01 -4.361625296446927647e-01 8.830044442391965509e-01 9.845166210366188553e-01 1.001815746637170906e-01 -1.438425362770960059e-01 -3.912408901244670556e-01 1.492153628320275871e+00 1.599986886982214251e+00
1.583561771199965000e+09 -8.357401527467132885e-03 9.001656571712618460e-01 4.354675002037851628e-01 1.815800420183814323e-01 -4.268766772299201206e-01 8.858922004483261725e-01 9.833406543098400787e-01 8.647596381683603228e-02 -1.598845380439762043e-01 -3.932554212400473093e-01 1.492999709295550703e+00 1.607439219135546882e+00
1.583561771199979067e+09 8.998302409598814625e-03 9.056036424110073257e-01 4.240295669528910683e-01 1.900680127490784743e-01 -4.178650932884878655e-01 8.884047019112694121e-01 9.817296885197828171e-01 7.260032297107625598e-02 -1.758863611126124382e-01 -3.950920443094535495e-01 1.493888645207502863e+00 1.614932419506717176e+00
1.583561771199991941e+09 2.632049928053942917e-02 9.106008880621078161e-01 4.124478806136819831e-01 1.988342924023051295e-01 -4.091157599657794797e-01 8.905555676935208442e-01 9.796796189162114699e-01 5.856891531968603376e-02 -1.918268142897462947e-01 -3.967559726091158812e-01 1.494813376041511876e+00 1.622461540216102671e+00
1.583561771200002909e+09 4.358583292231721362e-02 9.151700653050960366e-01 4.007044134802215662e-01 2.078562284599490273e-01 -4.006156000682740137e-01 8.923580723620838651e-01 9.771878343980981985e-01 4.439473826858555960e-02 -2.076849627693575229e-01 -3.982519439901472946e-01 1.495767289657664145e+00 1.630022199023339446e+00
1.583561771200012922e+09 6.077253412733953086e-02 9.193230070117168751e-01 3.887825975005441137e-01 2.171124009224208173e-01 -3.923516645654642199e-01 8.938245782679302698e-01 9.742529983005427940e-01 3.008953849813189585e-02 -2.234406301849838905e-01 -3.995842265840527374e-01 1.496744163455048904e+00 1.637610491574000848e+00
1.583561771200021982e+09 7.786075100507941493e-02 9.230701619900179011e-01 3.766685276755160627e-01 2.265833122783784681e-01 -3.843125194497588049e-01 8.949658597000054172e-01 9.708747119403945414e-01 1.566408867655334769e-02 -2.390751561385662527e-01 -4.007566374210195792e-01 1.497738106652782841e+00 1.645222913850158841e+00
1.583561771200033903e+09 9.483272526155397952e-02 9.264201572650241356e-01 3.643520916326795644e-01 2.362521504769106995e-01 -3.764895993887111825e-01 8.957904347472098738e-01 9.670530884337165123e-01 1.128716994018997416e-03 -2.545722891259940557e-01 -4.017725693368792705e-01 1.498743505238778306e+00 1.652856294437299312e+00
1.583561771200043917e+09 1.116727534053400528e-01 9.293795613986131077e-01 3.518278375086112963e-01 2.461055124979371345e-01 -3.688783268226534795e-01 8.963039979583264927e-01 9.627882805159360124e-01 -1.350596507339358807e-02 -2.699190916750698888e-01 -4.026350223735638556e-01 1.499754970749388905e+00 1.660507735833785192e+00
1.583561771200053930e+09 1.283669406636488985e-01 9.319528546431468108e-01 3.390955698792587625e-01 2.561340848149515903e-01 -3.614789717238875433e-01 8.965089423061436413e-01 9.580799858955206805e-01 -2.822817673950808737e-02 -2.851068412130676744e-01 -4.033466370037883664e-01 1.500767293338300057e+00 1.668174563780106201e+00
1.583561771200067997e+09 1.449027693986600362e-01 9.341425748879632618e-01 3.261607539954478607e-01 2.663333322568972039e-01 -3.542973209411577895e-01 8.964039070309141044e-01 9.529269351746819661e-01 -4.302392815904803464e-02 -3.001319677515942308e-01 -4.039097293191357685e-01 1.501775399190011573e+00 1.675854283358419572e+00
1.583561771200078011e+09 1.612684596012955163e-01 9.359496640386926192e-01 3.130346794977805214e-01 2.767041201153233043e-01 -3.473450874969885582e-01 8.959833816206338453e-01 9.473264031366356308e-01 -5.787587421945349087e-02 -3.149969354543467603e-01 -4.043263277875608352e-01 1.502774312378185595e+00 1.683544540917493615e+00
1.583561771200090885e+09 1.774521115315245978e-01 9.373740344261323187e-01 2.997343289335974714e-01 2.872531543407333965e-01 -3.406399726983797005e-01 8.952374178723643272e-01 9.412738037701164906e-01 -7.276213866588705781e-02 -3.297109305967788062e-01 -4.045982108672468436e-01 1.503759121199629067e+00 1.691243091063032056e+00
1.583561771200100899e+09 1.934406478640153526e-01 9.384153689492434891e-01 2.862818738907510485e-01 2.979930631758824222e-01 -3.342052577073377773e-01 8.941515419979204626e-01 9.347624566066315976e-01 -8.765524103267524625e-02 -3.442901518782234827e-01 -4.047269456427572409e-01 1.504724949021319036e+00 1.698947768028646665e+00
1.583561771200113058e+09 2.092186354667312509e-01 9.390740422235651641e-01 2.727040631159123873e-01 3.089422585063880677e-01 -3.280691583083124585e-01 8.927067314147910659e-01 9.277835112294607889e-01 -1.025210750477427990e-01 -3.587578371323469351e-01 -4.047139279409350809e-01 1.505666929799421405e+00 1.706656460908896777e+00
1.583561771200123072e+09 2.247670286912560045e-01 9.393521499191807012e-01 2.590315067711108643e-01 3.201244787156762861e-01 -3.222639017440134812e-01 8.908795068903390124e-01 9.203260841493420275e-01 -1.173180136013626390e-01 -3.731439169557236868e-01 -4.045604246814311078e-01 1.506580188630042283e+00 1.714367092415286953e+00
1.583561771200134993e+09 2.400619145209649530e-01 9.392546188759949288e-01 2.452978564138572626e-01 3.315679087490411292e-01 -3.168244791307929797e-01 8.886422065987646945e-01 9.123776626529307432e-01 -1.319962521598604666e-01 -3.874841807736372767e-01 -4.042676191991273482e-01 1.507459827904610083e+00 1.722077601015029380e+00
1.583561771200145006e+09 2.550733905786858324e-01 9.387903485829929284e-01 2.315388673003103137e-01 3.433037745122791140e-01 -3.117870242169816231e-01 8.859635263220342338e-01 9.039248221208799894e-01 -1.464975534885808450e-01 -4.018188435323651886e-01 -4.038366596618287452e-01 1.508300919706055954e+00 1.729785926490129411e+00
1.583561771200156927e+09 2.697647399913889465e-01 9.379732861873933958e-01 2.177914132852702966e-01 3.553644491720570620e-01 -3.071868845011540561e-01 8.828093374520612491e-01 8.949542410325073138e-01 -1.607555057539520882e-01 -4.161905501928309659e-01 -4.032687098808684367e-01 1.509098504940427077e+00 1.737489999050296330e+00
1.583561771200172901e+09 2.840920899069240280e-01 9.368233298917109098e-01 2.040924625445970364e-01 3.677811143664344029e-01 -3.030564282385188601e-01 8.791438183005824136e-01 8.854539720311317419e-01 -1.746964513517727524e-01 -4.306418622724467182e-01 -4.025650013087366252e-01 1.509847599467944335e+00 1.745187732145643489e+00
1.583561771200190067e+09 2.980046713044547935e-01 9.353669242202827805e-01 1.904781698778279797e-01 3.805812861585636253e-01 -2.994228315529882112e-01 8.749307701801992687e-01 8.754148163713152409e-01 -1.882410296946327444e-01 -4.452125495301904046e-01 -4.017268841732962170e-01 1.510543206998426813e+00 1.752877019043945994e+00
1.583561771200206995e+09 3.114457441087079559e-01 9.336372576072674567e-01 1.769831063371569979e-01 3.937864297900545152e-01 -2.963059901282873443e-01 8.701350515665542407e-01 8.648316578405370603e-01 -2.013063130224434505e-01 -4.599369219536410536e-01 -4.007558753830807174e-01 1.511180337998605516e+00 1.760555733076402340e+00
1.583561771200225115e+09 3.243541184057584514e-01 9.316740048774956318e-01 1.636397101969654932e-01 4.074099964666026419e-01 -2.937167817632394540e-01 8.647239715233761004e-01 8.537045746996995144e-01 -2.138083276842880354e-01 -4.748415508269518415e-01 -3.996537007290090204e-01 1.511754033311861756e+00 1.768221731243273531e+00
1.583561771200241089e+09 3.366661048308483006e-01 9.295226255302277973e-01 1.504779808809631469e-01 4.214561120154636242e-01 -2.916558294787332528e-01 8.586685174229420348e-01 8.420395950969231658e-01 -2.256647203250380929e-01 -4.899436238300521329e-01 -3.984223287405151415e-01 1.512259390518661872e+00 1.775872860590969049e+00
1.583561771200258970e+09 3.483176884413961005e-01 9.272332822887041637e-01 1.375253735844926273e-01 4.359189954769225883e-01 -2.901128200196064211e-01 8.519443532767233540e-01 8.298490329610973548e-01 -2.367973650976987476e-01 -5.052500278262340716e-01 -3.970639947811349657e-01 1.512691591054534657e+00 1.783506966611186462e+00
1.583561771200278044e+09 3.592466840708328779e-01 9.248594843290807166e-01 1.248068687022214768e-01 4.507831148047696246e-01 -2.890663985734191477e-01 8.445325338079849864e-01 8.171513957603824263e-01 -2.471346833268373289e-01 -5.207571842479893354e-01 -3.955812144756893911e-01 1.513045925937591241e+00 1.791121902758876727e+00
1.583561771200289011e+09 3.693945404804514498e-01 9.224566171031607364e-01 1.123452859288019412e-01 4.660240985581119433e-01 -2.884846597415174907e-01 8.364198351870621995e-01 8.039709032204749306e-01 -2.566133100542618561e-01 -5.364516717468038598e-01 -3.939767866282850584e-01 1.513317818246521895e+00 1.798715540163466908e+00
1.583561771200299978e+09 3.787077118402508158e-01 9.200804877735185849e-01 1.001616955515493845e-01 4.816100886238220968e-01 -2.883260325095912679e-01 8.275988288720957931e-01 7.903367584288266690e-01 -2.651791757212033085e-01 -5.523113372746655259e-01 -3.922537871690499611e-01 1.513502841300976787e+00 1.806285776785327091e+00
1.583561771200313091e+09 3.871385773790484430e-01 9.177859761504409963e-01 8.827584115206298099e-02 4.975032916730482424e-01 -2.885404067444644616e-01 8.180677896651676884e-01 7.762822919988765502e-01 -2.727880787307824240e-01 -5.683066667508231973e-01 -3.904155564111509991e-01 1.513596732284582025e+00 1.813830545525495941e+00
1.583561771200323105e+09 3.946458777078899471e-01 9.156258698420272069e-01 7.670657031047298235e-02 5.136615933020532987e-01 -2.890703987448194345e-01 8.078304724218685617e-01 7.618440778547242997e-01 -2.794057466941311518e-01 -5.844022843847135329e-01 -3.884656819744110590e-01 1.513595401591159906e+00 1.821347821035243841e+00
1.583561771200333118e+09 4.011947793459419431e-01 9.136499003293561127e-01 6.547219943085685889e-02 5.300400530457206605e-01 -2.898526296129924629e-01 7.968958497263962659e-01 7.470611028400269138e-01 -2.850075665216765808e-01 -6.005584033971438362e-01 -3.864079791152619792e-01 1.513494938186566108e+00 1.828835625067638748e+00
1.583561771200347900e+09 4.067566523168890114e-01 9.119039812590055138e-01 5.459079596899093362e-02 5.465922045815196917e-01 -2.908189498459430311e-01 7.852778491328079591e-01 7.319740349672062552e-01 -2.895780855215991934e-01 -6.167321499334733614e-01 -3.842464697673114160e-01 1.513291611277446158e+00 1.836292030279736309e+00
1.583561771200364113e+09 4.113086012122040280e-01 9.104296529842759167e-01 4.408040131834276010e-02 5.632711497255428190e-01 -2.918975694334693394e-01 7.729950975802692970e-01 7.166246204470447800e-01 -2.931103139869190022e-01 -6.328787383422754820e-01 -3.819853617341223972e-01 1.512981869050477268e+00 1.843715162596742729e+00
1.583561771200381994e+09 4.148328370109882757e-01 9.092637083675851883e-01 3.395918473163048873e-02 5.800304227077898167e-01 -2.930140560490180346e-01 7.600707017959300593e-01 7.010552233893501128e-01 -2.956049252684424533e-01 -6.489524652527629556e-01 -3.796290289099370496e-01 1.512562335070012143e+00 1.851103202258387759e+00
