1.586177207289148092e+09 8.670976890771806556e-01 -4.853743799159033756e-01 -1.120415510662483016e-01 -4.795869168054937015e-01 -7.526059775525812956e-01 -4.511991048835877205e-01 1.346773445950844306e-01 4.449673631266507501e-01 -8.853621061323397878e-01 -2.766100268479534385e-01 -8.933362414582409761e-01 3.213806760566800258e-01
1.586177207289190054e+09 8.596511538681363973e-01 -4.948198063134883751e-01 -1.270954490929229186e-01 -4.995714130807883402e-01 -7.621343619835675431e-01 -4.118004589397729620e-01 1.069032142420756337e-01 4.174979927340400354e-01 -9.023675133879404120e-01 -2.919897613241219658e-01 -8.907738649053132951e-01 3.273927934430655440e-01
1.586177207289216042e+09 8.513990901216883511e-01 -5.049178310393425129e-01 -1.420477859228738149e-01 -5.186446545424052701e-01 -7.699898157562712342e-01 -3.716495747515510817e-01 7.827714859901312161e-02 3.900944345948118008e-01 -9.174415624309143480e-01 -3.072748426739305150e-01 -8.879438142572302350e-01 3.335250575534432493e-01
1.586177207289232969e+09 8.423439274998607562e-01 -5.156171071162893860e-01 -1.568301849155803729e-01 -5.367223364963252807e-01 -7.762003101792850357e-01 -3.308205139513071824e-01 4.884507812628358092e-02 3.628389142542232659e-01 -9.305708361089620739e-01 -3.224637878697749760e-01 -8.848561529761207467e-01 3.397708444038286535e-01
1.586177207289252996e+09 8.324914721068357171e-01 -5.268659105060362613e-01 -1.713775407245692051e-01 -5.537236208524702885e-01 -7.807975344586428612e-01 -2.893879098416445861e-01 1.865746327816707184e-02 3.358087594157005973e-01 -9.417453883805120274e-01 -3.375565820840094045e-01 -8.815240850915782023e-01 3.461232020927099140e-01
1.586177207289272070e+09 8.218501563483446848e-01 -5.386131881373917851e-01 -1.856290772637596842e-01 -5.695723982979682409e-01 -7.838156217609908438e-01 -2.474274735201192621e-01 -1.223127033375865681e-02 3.090775064920093795e-01 -9.509581964426357947e-01 -3.525546256978074333e-01 -8.779631912675674998e-01 3.525750456078268757e-01
1.586177207289289951e+09 8.104299521563269604e-01 -5.508094897224061759e-01 -1.995299449560026250e-01 -5.841986255600655209e-01 -7.852898218551286336e-01 -2.050167360492461954e-01 -4.376367122476389898e-02 2.827168231572541046e-01 -9.582045394189847576e-01 -3.674606223232538826e-01 -8.741906995871431274e-01 3.591192898663503885e-01
1.586177207289305925e+09 7.982411409786259737e-01 -5.634075077980860158e-01 -2.130330051055870366e-01 -5.975393176725469768e-01 -7.852555626225793395e-01 -1.622358335441172750e-01 -7.588046568862788499e-02 2.567989133612259556e-01 -9.634814338668468148e-01 -3.822784148769418633e-01 -8.702248069996992852e-01 3.657489415586057113e-01
1.586177207289323092e+09 7.852931400509662874e-01 -5.763620870656047668e-01 -2.261004843963015098e-01 -6.095389191811175778e-01 -7.837482104848972897e-01 -1.191681545091536759e-01 -1.085218438466263868e-01 2.313989791114694217e-01 -9.667872166414782642e-01 -3.970127794937300947e-01 -8.660840625836997431e-01 3.724571676055297154e-01
1.586177207289343119e+09 7.715934318657559077e-01 -5.896297630847544546e-01 -2.387055061163408654e-01 -6.201490799927728004e-01 -7.808035502195787014e-01 -7.590082367898688676e-02 -1.416287219995990554e-01 2.065975770140971723e-01 -9.681212458503324347e-01 -4.116691888420284107e-01 -8.617868200834882808e-01 3.792373544421184794e-01
1.586177207289361000e+09 7.571465546430157234e-01 -6.031679373614291517e-01 -2.508336787502570275e-01 -6.293279689493955775e-01 -7.764589018118935870e-01 -3.252509464438570891e-02 -1.751439485346638070e-01 1.824829129298567443e-01 -9.674836350918070149e-01 -4.262535587144210547e-01 -8.573507670915601064e-01 3.860831670977502572e-01
1.586177207289380074e+09 7.420307321712218407e-01 -6.169122706336641615e-01 -2.623159223514161531e-01 -6.369737867824994959e-01 -7.708079904244776737e-01 1.092873900643971663e-02 -2.089372821966224425e-01 1.589789061807173054e-01 -9.649201624424722512e-01 -4.406977630563806425e-01 -8.526605537733312756e-01 3.930555713886075275e-01
1.586177207289398909e+09 7.262494425223787742e-01 -6.308271207075845100e-01 -2.731645864304698690e-01 -6.430659916444330104e-01 -7.638789868441392406e-01 5.436013553021231542e-02 -2.429565353318419441e-01 1.361838375299966319e-01 -9.604301560890756706e-01 -4.549959636362670978e-01 -8.477259693899820148e-01 4.001590141299051773e-01
1.586177207289416075e+09 7.097993995778597576e-01 -6.448743974638985188e-01 -2.834110515108760886e-01 -6.475872776460410707e-01 -7.557066964832543920e-01 9.766323365466456075e-02 -2.771561484641454909e-01 1.142120866982734573e-01 -9.540126147020708824e-01 -4.691422683642003100e-01 -8.425563471813936056e-01 4.073981183840875153e-01
1.586177207289434910e+09 6.926706527037336247e-01 -6.590116195599398097e-01 -2.931058723942350785e-01 -6.505207194831140738e-01 -7.463367946458387969e-01 1.407273355374727974e-01 -3.114966466187044092e-01 9.319374764420647328e-02 -9.456663073914949313e-01 -4.831307110727408594e-01 -8.371606759060318259e-01 4.147776687576661403e-01
1.586177207289452076e+09 6.748472537400389548e-01 -6.731900382913751368e-01 -3.023183036615563202e-01 -6.518469925728131997e-01 -7.358302995567199689e-01 1.834373708233321132e-01 -3.459431786411101273e-01 7.327307112262740341e-02 -9.353899585681250128e-01 -4.969552435698605941e-01 -8.315477078170924186e-01 4.223025908241594406e-01
1.586177207289468050e+09 6.563085889257230798e-01 -6.873529481820065401e-01 -3.111349562357895726e-01 -6.515419591506277364e-01 -7.242680219201522718e-01 2.256743414226826117e-01 -3.804630232091314457e-01 5.460547038956468924e-02 -9.231826097605162484e-01 -5.106097409278459454e-01 -8.257260638252433838e-01 4.299779230496229565e-01
1.586177207289488077e+09 6.370314432086018330e-01 -7.014343570259138350e-01 -3.196572905647944163e-01 -6.495749781351043417e-01 -7.117546002103358749e-01 2.673158007801517133e-01 -4.150220338857440461e-01 3.735280718976395631e-02 -9.090442671149298048e-01 -5.240880206933076213e-01 -8.197043353463339121e-01 4.378087801118283884e-01
1.586177207289506912e+09 6.169926840453102690e-01 -7.153582049649634955e-01 -3.279979675057239641e-01 -6.459083470088619050e-01 -6.984216097745782337e-01 3.082363748013793314e-01 -4.495802882355155461e-01 2.167703683291020283e-02 -8.929768591034992209e-01 -5.373838759067821602e-01 -8.134911809777097824e-01 4.458003074109501140e-01
1.586177207289525032e+09 5.961724146459989049e-01 -7.290383404856050076e-01 -3.362760032788109088e-01 -6.404981821131655595e-01 -6.844291856690440934e-01 3.483084394623099378e-01 -4.840873177435133234e-01 7.732285424611934355e-03 -8.749855318530350701e-01 -5.504911211434198037e-01 -8.070954155049216983e-01 4.539576273116640581e-01
1.586177207289542913e+09 5.745571782485416890e-01 -7.423793312105486653e-01 -3.446113430786464371e-01 -6.332968721801601752e-01 -6.699657155506895112e-01 3.874029067521420622e-01 -5.184776958448443773e-01 -4.343835223595941125e-03 -8.550801192853841881e-01 -5.634036493879759355e-01 -8.005260878447315598e-01 4.622857789712876975e-01
1.586177207289558887e+09 5.521428859913009024e-01 -7.552781368844054821e-01 -3.531192003525647771e-01 -6.242569419647380213e-01 -6.552453355957260639e-01 4.253901986122956558e-01 -5.526676255575849739e-01 -1.443905973416597863e-02 -8.332766705030627552e-01 -5.761154965541727124e-01 -7.937925446330059698e-01 4.707896545041511116e-01
1.586177207289573908e+09 5.289370855350512546e-01 -7.676264964474979191e-01 -3.619048518069931664e-01 -6.133358906158563606e-01 -6.405032871051458132e-01 4.621413473997840193e-01 -5.865531905220282560e-01 -2.247446275591228823e-02 -8.095988226290833367e-01 -5.886209095558152526e-01 -7.869044766934348845e-01 4.794739349785395732e-01
1.586177207289588928e+09 5.049603383419127844e-01 -7.793137879115970001e-01 -3.710593981244992290e-01 -6.005013693174702238e-01 -6.259894934816698786e-01 4.975291549094748578e-01 -6.200106149366487740e-01 -2.841081368206574420e-02 -7.840788630118382674e-01 -6.009144126614567316e-01 -7.798719462230814248e-01 4.883430306604616966e-01
1.586177207289604902e+09 4.802466495893746301e-01 -7.902301112010685635e-01 -3.806567051469651464e-01 -5.857360353161531474e-01 -6.119608868852723926e-01 5.314293653358231895e-01 -6.528985012813095512e-01 -3.225282286060157655e-02 -7.567584177478822172e-01 -6.129908678447364423e-01 -7.727053947975863757e-01 4.974010289223438352e-01
1.586177207289619923e+09 4.548430042212305846e-01 -8.002693083827819853e-01 -3.907516805281402439e-01 -5.690414954557365679e-01 -5.986731709056165585e-01 5.637217499563450529e-01 -6.850617625040874570e-01 -3.405097360790079741e-02 -7.276887474334634565e-01 -6.248455249731910133e-01 -7.654156334604880207e-01 5.066516529907821864e-01
1.586177207289644957e+09 4.288081563177301159e-01 -8.093314885096151157e-01 -4.013802524367837687e-01 -5.504408501817105170e-01 -5.863729929838777943e-01 5.942908244596207812e-01 -7.163368174330642102e-01 -3.390066530708193970e-02 -6.969306344764462091e-01 -6.364740589651065594e-01 -7.580138177382655940e-01 5.160982334754943279e-01
1.586177207289659977e+09 4.022109973843568387e-01 -8.173250178339959149e-01 -4.125604550484153199e-01 -5.299797550881497621e-01 -5.752909647737689536e-01 6.230262960204022704e-01 -7.465572806297552377e-01 -3.193933894431520704e-02 -6.645540653375322515e-01 -6.478725934011825283e-01 -7.505114118640151544e-01 5.257436925339845635e-01
1.586177207289675951e+09 3.751287487583444547e-01 -8.241679847589409302e-01 -4.242941845198933692e-01 -5.077261106528148105e-01 -5.656357967039583601e-01 6.498233163983690996e-01 -7.755595521267860670e-01 -2.834217146635244211e-02 -6.306378539317213372e-01 -6.590377118971744164e-01 -7.429201467947897930e-01 5.355905389967375863e-01
1.586177207289693117e+09 3.476451701769515124e-01 -8.297890906854687998e-01 -4.365694685797869568e-01 -4.837685681811921823e-01 -5.575898076187015828e-01 6.745825222804022747e-01 -8.031879036488182022e-01 -2.331676898107037238e-02 -5.952692836915375318e-01 -6.699664594504382009e-01 -7.352519760123377157e-01 5.456408720962130365e-01
1.586177207289709091e+09 3.198489151229046423e-01 -8.341281184083677580e-01 -4.493628309498163831e-01 -4.582141831580687219e-01 -5.513056863382105321e-01 6.972100135902161711e-01 -8.292987605914486915e-01 -1.709744388596571088e-02 -5.585438599467273946e-01 -6.806563355107465574e-01 -7.275190319429396535e-01 5.558963919502949436e-01
1.586177207289726019e+09 2.918320949449194068e-01 -8.371360693252997143e-01 -4.626415783937526949e-01 -4.311855054975597401e-01 -5.469043878668473635e-01 7.176173429254157909e-01 -8.537640708504186104e-01 -9.939429663340661539e-03 -5.205651923179507312e-01 -6.911052801899024711e-01 -7.197335850280067726e-01 5.663584153238971908e-01
1.586177207289742947e+09 2.636891024841321873e-01 -8.387749908888483263e-01 -4.763660065060705273e-01 -4.028173377355287466e-01 -5.444741032342077514e-01 7.357215124036384779e-01 -8.764737589406779161e-01 -2.113258709226367542e-03 -4.814449962520770954e-01 -7.013116558815400969e-01 -7.119080070869384658e-01 5.770278945414107907e-01
1.586177207289760113e+09 2.355157052799853323e-01 -8.390175923650273759e-01 -4.904914194279857420e-01 -3.732533863030297328e-01 -5.440700912586307059e-01 7.514450385075925887e-01 -8.973373182002218895e-01 6.100475075640611131e-03 -4.413032086436958767e-01 -7.112742258576612020e-01 -7.040547398036577365e-01 5.879054381102609694e-01
