1.584057355076538086e+09 5.504757136902164172e-01 -7.125438519029883011e-01 -4.350376396460289286e-01 -2.559381979747356595e-01 3.519701381303783072e-01 -9.003403027881293763e-01 7.946522054867182216e-01 6.069582202455851005e-01 1.138382352605673241e-02 1.275578360205154027e-01 -3.213255308176889979e-01 5.323843226159741260e-01
1.584057355076603889e+09 5.690665194528296000e-01 -6.990833357479334653e-01 -4.329500967483808083e-01 -2.548833367364559122e-01 3.506219828148436357e-01 -9.011651957126267654e-01 7.817913924579794616e-01 6.231747066378686695e-01 2.134253810679019592e-02 1.229851561226932566e-01 -3.275674602201646413e-01 5.234173497595728808e-01
1.584057355076634884e+09 5.873659853465454939e-01 -6.854656099451913454e-01 -4.302767679059922856e-01 -2.550324351754831298e-01 3.478002882312618560e-01 -9.022158370686572670e-01 7.680883129538917942e-01 6.396654260155951732e-01 2.947009524251264015e-02 1.185058843092986064e-01 -3.339346769827221117e-01 5.144914122154249370e-01
1.584057355076658964e+09 6.052756078602302692e-01 -6.716981422223307074e-01 -4.271569318498262269e-01 -2.560015829868727000e-01 3.438524106680104775e-01 -9.034537671232492073e-01 7.537271577100477238e-01 6.561913787684084953e-01 3.616968915862298073e-02 1.141139692868504002e-01 -3.404301642493123281e-01 5.056146214706521702e-01
1.584057355076682091e+09 6.227743472958813253e-01 -6.577371560813325413e-01 -4.237144628495815857e-01 -2.574428202725306258e-01 3.391319602620522788e-01 -9.048274465129019228e-01 7.388337477916715468e-01 6.725855686854990134e-01 4.187297671620854311e-02 1.098032815490818104e-01 -3.470571935121010143e-01 4.967954298581200856e-01
1.584057355076704025e+09 6.398863668338830024e-01 -6.435039507906399336e-01 -4.200572616092639877e-01 -2.590454276048048121e-01 3.339982681983313384e-01 -9.062784469594546977e-01 7.234921590576198769e-01 6.887291356784586149e-01 4.702418224593048895e-02 1.055675810328411957e-01 -3.538194272211550584e-01 4.880427889581260836e-01
1.584057355076729059e+09 6.566541142875607084e-01 -6.289012654312393646e-01 -4.162794406516334145e-01 -2.605315153644371939e-01 3.288214344763105146e-01 -9.077443438978409773e-01 7.077631693853886352e-01 7.045279715913272955e-01 5.207334809643208995e-02 1.014004489727386299e-01 -3.607210092522465938e-01 4.793663344869285026e-01
1.584057355076751947e+09 6.731157403029449648e-01 -6.138304927659605781e-01 -4.124649397184525501e-01 -2.616499682004460592e-01 3.239906410103008394e-01 -9.091585993808688482e-01 6.917040512767028693e-01 7.198904019975563839e-01 5.747447124272361124e-02 9.729518108479691396e-02 -3.677666331512663977e-01 4.707765937587944372e-01
1.584057355076778889e+09 6.892851722784386626e-01 -5.982111628055982733e-01 -4.086922511769039978e-01 -2.621719314620544750e-01 3.199232915779343656e-01 -9.104476734064269605e-01 6.753901316244951269e-01 7.347057182403220477e-01 6.368420515831016426e-02 9.324464134911962521e-02 -3.749615769555495470e-01 4.622852100176694234e-01
1.584057355076800108e+09 7.051333260490070254e-01 -5.820042904567224173e-01 -4.050407369602495589e-01 -2.618906725250766399e-01 3.170717640836785978e-01 -9.115255192360716130e-01 6.589387440543101881e-01 7.488234121211621019e-01 7.115637254773736486e-02 8.924107834829082819e-02 -3.823116926591508258e-01 4.539051760814339920e-01
1.584057355076839924e+09 7.206417621199329160e-01 -5.651606747766515504e-01 -4.015829460857970878e-01 -2.606224936232289791e-01 3.159179066389544710e-01 -9.122893138888746867e-01 6.424572879036367645e-01 7.620953274907976693e-01 8.037005255069538945e-02 8.527590948094215806e-02 -3.898233389064895693e-01 4.456510684476341355e-01
1.584057355076865911e+09 7.357846838877365458e-01 -5.483640404633369769e-01 -3.973886992545431762e-01 -2.604997063972221971e-01 3.124699330257119656e-01 -9.135110530668093531e-01 6.251086323151853197e-01 7.756670808515567783e-01 8.706191933943900618e-02 8.132771006228325938e-02 -3.974343605579995220e-01 4.374802816377337256e-01
1.584057355076889992e+09 7.503560803694480086e-01 -5.318622135094385195e-01 -3.925408752037287674e-01 -2.614389634169673737e-01 3.066361005694631658e-01 -9.152179906385027319e-01 6.071370696385243182e-01 7.893648636127701401e-01 9.103675672574537692e-02 7.738980243615616039e-02 -4.051466221709822402e-01 4.293999604397187864e-01
1.584057355076911926e+09 7.641634408503041875e-01 -5.159220977555986076e-01 -3.871416083651519902e-01 -2.633206385977235331e-01 2.983873843457394703e-01 -9.174024254955716051e-01 5.888263557474509025e-01 8.029877696153114863e-01 9.216379406365429738e-02 7.345500712783559205e-02 -4.129635530259628817e-01 4.214193173445699436e-01
1.584057355076934099e+09 7.770421226276343907e-01 -5.008138506415914515e-01 -3.813017530515074860e-01 -2.659946838618569842e-01 2.877645863597582121e-01 -9.200208536483240884e-01 5.704843276404363284e-01 8.163191962013356395e-01 9.039138311060732067e-02 6.951521747630851067e-02 -4.208899582405289386e-01 4.135498927024320870e-01
1.584057355076955080e+09 7.888672805104516295e-01 -4.867925050905725914e-01 -3.751286058673209967e-01 -2.692894426887643133e-01 2.748792814950555830e-01 -9.229976039050695746e-01 5.524233974566068461e-01 8.291407828828075699e-01 8.575518884469313097e-02 6.556098262865051041e-02 -4.289317229545511756e-01 4.058057508277033709e-01
1.584057355076980114e+09 7.995616655200527001e-01 -4.740792279156896827e-01 -3.687140204846209857e-01 -2.730222119933764513e-01 2.599077269018043590e-01 -9.262326086941357062e-01 5.349392629518653353e-01 8.412472046941327219e-01 7.837809552181852768e-02 6.158112754243113413e-02 -4.370954105759146668e-01 3.982036034839901983e-01
1.584057355077002048e+09 8.090983420221575795e-01 -4.628447850287100707e-01 -3.621250862906262857e-01 -2.770100847528423338e-01 2.430780830418222405e-01 -9.296119935991031813e-01 5.182907351459579148e-01 8.524598235514567746e-01 6.846140082766317969e-02 5.756243871414793573e-02 -4.453877627905453718e-01 3.907628561309378079e-01
1.584057355077023983e+09 8.174983934618589299e-01 -4.531974262535292675e-01 -3.553990288910861550e-01 -2.810796687325313736e-01 2.246527382086092595e-01 -9.330194891822717329e-01 5.026833961511355531e-01 8.626373747456979046e-01 5.626867011592924517e-02 5.348944217925596933e-02 -4.538151152149240142e-01 3.835055758783867952e-01
1.584057355077047110e+09 8.248245923411877678e-01 -4.451765253740749273e-01 -3.485430437368240986e-01 -2.850747530725120105e-01 2.049084254157092777e-01 -9.363465824723576914e-01 4.882589244255560734e-01 8.716825102682396187e-01 4.210492040206049308e-02 4.934429653850577746e-02 -4.623827473647419972e-01 3.764563820745299716e-01
1.584057355077075958e+09 8.311725091334167814e-01 -4.387522548900134600e-01 -3.415387519770772262e-01 -2.888616332712559687e-01 1.841169883532621232e-01 -9.394998092479582841e-01 4.750907462097019862e-01 8.795438554664711805e-01 2.629428622131550070e-02 4.510681865235986049e-02 -4.710941899820736412e-01 3.696422618076663502e-01
1.584057355077091932e+09 8.366605678770100418e-01 -4.338306675590413719e-01 -3.343501850713800350e-01 -2.923323417130054280e-01 1.625291849973852232e-01 -9.424044069114061450e-01 4.631855960583045051e-01 8.862139787722822515e-01 9.159025249369470711e-03 4.075465340621794996e-02 -4.799505165816008168e-01 3.630923134754537318e-01
1.584057355077101946e+09 8.414202907999721592e-01 -4.302629060761897217e-01 -3.269338252570889169e-01 -2.954063166554773967e-01 1.403630955512773781e-01 -9.450043966250472049e-01 4.524897817145873691e-01 8.917241912866042952e-01 -8.998023613054132591e-03 3.626359206081420511e-02 -4.889496488875634816e-01 3.568374216255961184e-01
1.584057355077111006e+09 8.455875240576865570e-01 -4.278570783578299341e-01 -3.192492127936473190e-01 -2.980310814017746446e-01 1.177977204021189717e-01 -9.472598227202058130e-01 4.428986497168926340e-01 8.961372762206001319e-01 -2.790642502510180117e-02 3.160803565674082105e-02 -4.980857084283512592e-01 3.509098675805097378e-01
1.584057355077124119e+09 8.492949557402938998e-01 -4.263916067882829175e-01 -3.112688163418699805e-01 -3.001823191004432956e-01 9.497150290434441811e-02 -9.491422385970043063e-01 4.342679514964083443e-01 8.995391106352970123e-01 -4.733640302532949456e-02 2.676159192314155055e-02 -5.073484471705734800e-01 3.453428809223562657e-01
1.584057355077140093e+09 8.526659835455852043e-01 -4.256290777842649531e-01 -3.029861529196111181e-01 -3.018634509614172012e-01 7.198499278349416997e-02 -9.506295902931841679e-01 4.264260518778201781e-01 9.020299602702884778e-01 -6.710270758680833558e-02 2.169778663486337383e-02 -5.167227890295678083e-01 3.401701372563038506e-01
1.584057355077157974e+09 8.558098824017169592e-01 -4.253298307580629656e-01 -2.944214334302903691e-01 -3.031045930795155940e-01 4.890655131963606017e-02 -9.517015052239247153e-01 4.191861771085250155e-01 9.037160420025011076e-01 -8.706471535173171405e-02 1.639086549481466940e-02 -5.261885109720184639e-01 3.354252049656406554e-01
1.584057355077174902e+09 8.588182116285206780e-01 -4.252646923886189700e-01 -2.856242654171262108e-01 -3.039606310697265390e-01 2.577986496969017147e-02 -9.523357251910699039e-01 4.123581142346566253e-01 9.047017963049993616e-01 -1.071235067487503745e-01 1.081665739894611955e-02 -5.357200900859844239e-01 3.311409442336701314e-01
1.584057355077192068e+09 8.617624413131681482e-01 -4.252263496735573800e-01 -2.766731763245943165e-01 -3.045081304974725511e-01 2.632052934467176558e-03 -9.525061001965537955e-01 4.057589104903486787e-01 9.050832139138568211e-01 -1.272166764219731516e-01 4.953465185667890562e-03 -5.452867398227261297e-01 3.273488635111826972e-01
1.584057355077208996e+09 8.646928244463599755e-01 -4.250388740708077595e-01 -2.676719542497248971e-01 -3.048408882119785779e-01 -2.051870674088095842e-02 -9.521822387028529011e-01 3.992221843330857611e-01 9.049425056159110525e-01 -1.473116063883652127e-01 -1.217054462406923915e-03 -5.548526542406203577e-01 3.240784422931580200e-01
1.584057355077227116e+09 8.676385765891015955e-01 -4.245648294971963166e-01 -2.587431277941981134e-01 -3.050641593809893526e-01 -4.365687704692140098e-02 -9.513306133521844954e-01 3.926056027533754711e-01 9.043443939720250402e-01 -1.673979034780115893e-01 -7.709064671327433595e-03 -5.643774727651094114e-01 3.213564353417113217e-01
1.584057355077244043e+09 8.706093851793098581e-01 -4.237093786589625211e-01 -2.500193214261862695e-01 -3.052879281387693711e-01 -6.676512998847450309e-02 -9.499166797691905861e-01 3.857960336853107353e-01 9.033342571396584253e-01 -1.874797071190063835e-01 -1.453182338104732838e-02 -5.738169680579056076e-01 3.192061845361169881e-01
1.584057355077265978e+09 8.735981301519127884e-01 -4.224210486524630492e-01 -2.416335342263275232e-01 -3.056198356887693812e-01 -8.982196869236729053e-02 -9.479074480808558079e-01 3.787120585149544860e-01 9.019381751890659382e-01 -2.075685553805967642e-01 -2.168910727709595296e-02 -5.831239454178832604e-01 3.176469712816850088e-01
1.584057355077281952e+09 8.765845410164081475e-01 -4.206891611211040494e-01 -2.337095898300829144e-01 -3.061585383901785362e-01 -1.128012324517944920e-01 -9.452739452039864432e-01 3.713037732866263929e-01 9.001647137830305345e-01 -2.276773952631937492e-01 -2.917882788121640286e-02 -5.922493256220194846e-01 3.166934474368987562e-01
1.584057355077303886e+09 8.795393754030594868e-01 -4.185383537739140181e-01 -2.263540009544537657e-01 -3.069882756073680219e-01 -1.356730280144452239e-01 -9.419931147637807811e-01 3.635501148249878356e-01 8.980080601847236776e-01 -2.478161378215957833e-01 -3.699287447129802342e-02 -6.011433652692247387e-01 3.163551857597643457e-01
1.584057355077321053e+09 8.824286258905603697e-01 -4.160210260014698957e-01 -2.196502363892485765e-01 -3.081752562410483565e-01 -1.584054739114333366e-01 -9.380488886134995541e-01 3.554542613089117231e-01 8.954519596417240823e-01 -2.679889109682271342e-01 -4.511720336970575368e-02 -6.097569529309210257e-01 3.166363865152052037e-01
1.584057355077338934e+09 8.852172830412845528e-01 -4.132088135999827938e-01 -2.136558877741776274e-01 -3.097661360871173941e-01 -1.809666453507255135e-01 -9.334323833880661114e-01 3.470378984643640030e-01 8.924738370954223843e-01 -2.881928997050686170e-01 -5.353217309594495571e-02 -6.180429103257185641e-01 3.175357645658781758e-01
1.584057355077357054e+09 8.878722813639432498e-01 -4.101842118563531758e-01 -2.084027939871252733e-01 -3.117885949684451319e-01 -2.033262209302821311e-01 -9.281413254904538057e-01 3.383351655739207375e-01 8.890485703780802718e-01 -3.084184747312713193e-01 -6.221310458141192379e-02 -6.259572274379547885e-01 3.190466250860546360e-01
1.584057355077374935e+09 8.903644553391130145e-01 -4.070333280696138423e-01 -2.038995015234951469e-01 -3.142535239489868681e-01 -2.254565610632281170e-01 -9.221789749894269139e-01 3.293870968691223200e-01 8.851515176389874728e-01 -3.286501659034011813e-01 -7.113102952782464350e-02 -6.334601672731038358e-01 3.211571214257865070e-01
1.584057355077392101e+09 8.926695157459334506e-01 -4.038403335771007518e-01 -2.001352563805977869e-01 -3.171582472888997417e-01 -2.473331489530079808e-01 -9.155528164770102562e-01 3.202370716560641872e-01 8.807606364210753824e-01 -3.488680546841391727e-01 -8.025357921667258809e-02 -6.405171872273092148e-01 3.238506772280881352e-01
1.584057355077409029e+09 8.947682198885452687e-01 -4.006837815478885290e-01 -1.970846013625586202e-01 -3.204901101174645883e-01 -2.689344956023695943e-01 -9.082732664486818930e-01 3.109275192410599353e-01 8.758577193483172429e-01 -3.690492291651193968e-01 -8.954596028532513241e-02 -6.470996377349593764e-01 3.271065466525122645e-01
1.584057355077425957e+09 8.966459557508421607e-01 -3.976346323889163870e-01 -1.947119137928162436e-01 -3.242299836213288211e-01 -2.902416647380242631e-01 -9.003525386893609372e-01 3.014978407589141152e-01 8.704289031484863104e-01 -3.891690852216292407e-01 -9.897196192683030413e-02 -6.531852155333661702e-01 3.309004789441422623e-01
1.584057355077444077e+09 8.982919887432802009e-01 -3.947556339269955306e-01 -1.929753680001913552e-01 -3.283553208038830773e-01 -3.112375999984408059e-01 -8.918037563277885216e-01 2.919833667930600285e-01 8.644646586703337299e-01 -4.092023554880604430e-01 -1.084949415143402623e-01 -6.587581659704589976e-01 3.352054492717020384e-01
1.584057355077460051e+09 8.996985987179531019e-01 -3.921016072647737216e-01 -1.918300322097758193e-01 -3.328425383497877754e-01 -3.319064181092341026e-01 -8.826403426289398668e-01 2.824150781259162080e-01 8.579594742508110938e-01 -4.291238335273498405e-01 -1.180787420272424032e-01 -6.638092446148778913e-01 3.399924168479875330e-01
1.584057355077476978e+09 9.008602849692293191e-01 -3.897201900899550098e-01 -1.912300201685895318e-01 -3.376686370074976073e-01 -3.522327923490567447e-01 -8.728756794233925032e-01 2.728197917460311595e-01 8.509114135367439324e-01 -4.489088190884164553e-01 -1.276885037677504553e-01 -6.683354628479756254e-01 3.452310726027303933e-01
1.584057355077493906e+09 9.017731525080041610e-01 -3.876526634541266891e-01 -1.911297835110173371e-01 -3.428120881748203397e-01 -3.722015048688145922e-01 -8.625229922314958664e-01 2.632205422023919383e-01 8.433216779767208626e-01 -4.685333434538154762e-01 -1.372913439544953818e-01 -6.723396505135548207e-01 3.508905449991980285e-01
1.584057355077511072e+09 9.024345037491651178e-01 -3.859346411856794945e-01 -1.914847758652101217e-01 -3.482531497108400376e-01 -3.917971843174472002e-01 -8.515953911516687125e-01 2.536369657176069103e-01 8.351942404896867123e-01 -4.879742519695329239e-01 -1.468568887298859482e-01 -6.758298759732825900e-01 3.569400380118445404e-01
1.584057355077531099e+09 9.028426158959694803e-01 -3.845965246838582985e-01 -1.922517212809607134e-01 -3.539737853590758099e-01 -4.110042173095317386e-01 -8.401060009223302316e-01 2.440855801113125667e-01 8.265355689904074765e-01 -5.072092103720434730e-01 -1.563576525148921981e-01 -6.788187643812062522e-01 3.633493843050612515e-01
1.584057355077542067e+09 9.029966574124529410e-01 -3.836637238544328699e-01 -1.933886861022577341e-01 -3.599573517658021249e-01 -4.298068047046054163e-01 -8.280681226159668507e-01 2.345799263106347621e-01 8.173544261072800410e-01 -5.262166859818687703e-01 -1.657692677423075467e-01 -6.813227520437965534e-01 3.700895052918573014e-01
1.584057355077552080e+09 9.028966997769579672e-01 -3.831566868408869952e-01 -1.948550822361663770e-01 -3.661881644618944498e-01 -4.481891360537868518e-01 -8.154953872860059017e-01 2.251305797859375901e-01 8.076617187286718735e-01 -5.449759356671632915e-01 -1.750705745666275848e-01 -6.833613136014921041e-01 3.771327747354757398e-01
1.584057355077565908e+09 9.025437517920421593e-01 -3.830908624172580379e-01 -1.966117174682546487e-01 -3.726510837199591419e-01 -4.661356262506083925e-01 -8.024018618470779574e-01 2.157450952326956939e-01 7.974703563878925427e-01 -5.634670219954381887e-01 -1.842435865030066788e-01 -6.849561986422497695e-01 3.844532856494748407e-01
1.584057355077574968e+09 9.019397905390929004e-01 -3.834766632244291373e-01 -1.986209032726056756e-01 -3.793311520522623659e-01 -4.836311889391648466e-01 -7.888020983246414319e-01 2.064279330350426711e-01 7.867950953649567314e-01 -5.816708576878623083e-01 -1.932733525381480355e-01 -6.861307086439735192e-01 3.920270256718629831e-01
1.584057355077584028e+09 9.010878126969857904e-01 -3.843194117958711464e-01 -2.008465676532917299e-01 -3.862132244600599562e-01 -5.006615615100704630e-01 -7.747111372839720067e-01 1.971803724306480377e-01 7.756523646477460066e-01 -5.995692706062211164e-01 -2.021477386522670117e-01 -6.869090381166160775e-01 3.998319703001042003e-01
1.584057355077593088e+09 8.999918511583830938e-01 -3.856193881716149519e-01 -2.032544108424886586e-01 -3.932816859799240783e-01 -5.172136211765909763e-01 -7.601444505457830569e-01 1.880004881129560823e-01 7.640600485391333407e-01 -6.171450874846793333e-01 -2.108571528931239836e-01 -6.873156981848440594e-01 4.078481051224811527e-01
1.584057355077601910e+09 8.986569347135233699e-01 -3.873720410618788912e-01 -2.058120883406008017e-01 -4.005202873437888611e-01 -5.332756502892223027e-01 -7.451178298685519064e-01 1.788832393641575091e-01 7.520372217169859486e-01 -6.343822224318612646e-01 -2.193942368567396717e-01 -6.873750325336596134e-01 4.160573903017020236e-01
1.584057355077615023e+09 8.970890225101700866e-01 -3.895683153521892206e-01 -2.084893608261004505e-01 -4.079120376922383273e-01 -5.488375589186205161e-01 -7.296472459890328555e-01 1.698206565887922237e-01 7.396038546594273511e-01 -6.512657545729493291e-01 -2.277535432145662009e-01 -6.871108276580714103e-01 4.244436814557433491e-01
1.584057355077622890e+09 8.952949375148383515e-01 -3.921950499158231573e-01 -2.112581782892624660e-01 -4.154391148785420707e-01 -5.638910721112145863e-01 -7.137486958135637050e-01 1.608021047581170704e-01 7.267805045854486279e-01 -6.677819865575029823e-01 -2.359312149567565076e-01 -6.865460135005352349e-01 4.329926203469243173e-01
1.584057355077632904e+09 8.932823154127055298e-01 -3.952354072167880705e-01 -2.140926856886207486e-01 -4.230827712144201724e-01 -5.784298877557474405e-01 -6.974380501562591483e-01 1.518146036339216576e-01 7.135880030250261186e-01 -6.839184807950690059e-01 -2.439246784621991182e-01 -6.857024474359499910e-01 4.416915067010866447e-01
1.584057355077641964e+09 8.910595768622094903e-01 -3.986693091027054825e-01 -2.169691514339835425e-01 -4.308232280558912941e-01 -5.924498073094492945e-01 -6.807309102280154622e-01 1.428431897305866838e-01 7.000471470010156683e-01 -6.996640732766937765e-01 -2.517323583565033718e-01 -6.846007714209710882e-01 4.505291608551573734e-01
1.584057355077651024e+09 8.886359215674071166e-01 -4.024738700170992223e-01 -2.198658296911448762e-01 -4.386395679641514334e-01 -6.059488348635917454e-01 -6.636424783699750307e-01 1.338713132740772249e-01 6.861783978704956155e-01 -7.150088657415085702e-01 -2.593534196155036775e-01 -6.832603321549298725e-01 4.594957841985097824e-01
1.584057355077660084e+09 8.860213430029063586e-01 -4.066238180727535512e-01 -2.227627673816560683e-01 -4.465096307511201568e-01 -6.189272426883009048e-01 -6.461874480815299471e-01 1.248812619650460365e-01 6.720015915568425813e-01 -7.299441976383490571e-01 -2.667875413441680998e-01 -6.816991555326085139e-01 4.685828215594052826e-01
1.584057355077668905e+09 8.832265967736787626e-01 -4.110920126522262796e-01 -2.256416098537649684e-01 -4.544100297643889341e-01 -6.313875248792387707e-01 -6.283799156798063335e-01 1.158546667164447874e-01 6.575356650241148682e-01 -7.444625885376119356e-01 -2.740347248271793879e-01 -6.799339663499246456e-01 4.777828283547264632e-01
1.584057355077677965e+09 8.802630612057668058e-01 -4.158501438585781584e-01 -2.284854506127768081e-01 -4.623163896281076157e-01 -6.433341627256674577e-01 -6.102333251344611575e-01 1.067731200043686712e-01 6.427984234102889216e-01 -7.585576365818121891e-01 -2.810951354411265757e-01 -6.779802428376844325e-01 4.870893450350577969e-01
1.584057355077687025e+09 8.771425614356088696e-01 -4.208694530065480444e-01 -2.312786861265416771e-01 -4.702036771357627210e-01 -6.547732893957223244e-01 -5.917604596923301541e-01 9.761879492442654405e-02 6.278063739987045366e-01 -7.722238846053043337e-01 -2.879689754631345466e-01 -6.758522954520781445e-01 4.964967809023431156e-01
1.584057355077696085e+09 8.738770465228354878e-01 -4.261216342058889439e-01 -2.340069670640167743e-01 -4.780468030960765002e-01 -6.657121318838644664e-01 -5.729734825152262845e-01 8.837511983130665050e-02 6.125746571117330896e-01 -7.854566365943123074e-01 -2.946563848129994945e-01 -6.735633618384622157e-01 5.060003079013575267e-01
1.584057355077703953e+09 8.704780561444496190e-01 -4.315799720488252000e-01 -2.366573085911080343e-01 -4.858215832820202973e-01 -6.761581670327558857e-01 -5.538840334633412521e-01 7.902748371380634296e-02 5.971171251021010207e-01 -7.982517122051605574e-01 -3.011573677129528170e-01 -6.711257123610002706e-01 5.155957637363235424e-01
1.584057355077713966e+09 8.669560029824638914e-01 -4.372206093456492693e-01 -2.392183685847736885e-01 -4.935059871535990572e-01 -6.861180486806205403e-01 -5.345033807859538300e-01 6.956385360800616813e-02 5.814466116892271774e-01 -8.106051494637358523e-01 -3.074717422727863969e-01 -6.685507607992320356e-01 5.252795638527009148e-01
1.584057355077722073e+09 8.633193845271605049e-01 -4.430237134922840880e-01 -2.416808428391103714e-01 -5.010814533859200282e-01 -6.955964808295019841e-01 -5.148426100116727522e-01 5.997514121417835131e-02 5.655753931579411420e-01 -8.225128919362809654e-01 -3.135991078541360277e-01 -6.658491744419456904e-01 5.350486225846324828e-01
1.584057355077730894e+09 8.595740316369826495e-01 -4.489743615158350298e-01 -2.440379213340896636e-01 -5.085340668473001813e-01 -7.045952028041421178e-01 -4.949128238331479968e-01 5.025522043786528198e-02 5.495158078612724095e-01 -8.339704971041357329e-01 -3.195388254511048465e-01 -6.630309796622949614e-01 5.449002833265355061e-01
1.584057355077739954e+09 8.557224018997159343e-01 -4.550631503464948602e-01 -2.462858101799122457e-01 -5.158555627786821640e-01 -7.131121180313315655e-01 -4.747253370323965549e-01 4.040061170661007200e-02 5.332810108321935916e-01 -8.449728719730179582e-01 -3.252900072738843518e-01 -6.601056608300986950e-01 5.548322571330205344e-01
1.584057355077749014e+09 8.517628713239995264e-01 -4.612866232832559810e-01 -2.484243595666465465e-01 -5.230442139889576181e-01 -7.211405192636918260e-01 -4.542918685626362585e-01 3.040989040459683018e-02 5.168858702409536710e-01 -8.555140186003015179e-01 -3.308515150531777804e-01 -6.570822529149046298e-01 5.648425679234306829e-01
1.584057355077756882e+09 8.476890804518175671e-01 -4.676474499572391141e-01 -2.504577522128528244e-01 -5.301054892507933713e-01 -7.286684815652527680e-01 -4.336247391384990824e-01 2.028283352137914830e-02 5.003479856248069790e-01 -8.655867953338629572e-01 -3.362219660789633746e-01 -6.539694276317220556e-01 5.749295030802286099e-01
1.584057355077765942e+09 8.434894192713483507e-01 -4.741542754174392638e-01 -2.523951720871815407e-01 -5.370523367454006491e-01 -7.356785186686969347e-01 -4.127370893427217968e-01 1.001934924117886712e-02 4.836887847242363758e-01 -8.751827080579114293e-01 -3.413997456338794811e-01 -6.507755728096609182e-01 5.850915686467235144e-01
1.584057355077775002e+09 8.391467827494910603e-01 -4.808211163416497569e-01 -2.542513152245620689e-01 -5.439048919347543309e-01 -7.421476441451234640e-01 -3.916431321658173093e-01 -3.817265728603119052e-04 4.669346084447150158e-01 -8.842917652179110855e-01 -3.463830256783172468e-01 -6.475088652283104151e-01 5.953274480861331375e-01
1.584057355077785015e+09 8.346384651351725914e-01 -4.876665365217890957e-01 -2.560468353366574523e-01 -5.506898431579033693e-01 -7.480476541086249487e-01 -3.703584803655401991e-01 -1.092379709771760729e-02 4.501178251652909745e-01 -8.929023543681813280e-01 -3.511697901852154358e-01 -6.441773371561650974e-01 6.056359636233722421e-01
1.584057355077794075e+09 8.299362591857414317e-01 -4.947125535341712621e-01 -2.578086408108715699e-01 -5.574393785710473059e-01 -7.533456938864563357e-01 -3.489005658843555846e-01 -2.161353949682379150e-02 4.332779189725133318e-01 -9.010011654554460625e-01 -3.557578681221045813e-01 -6.407889367090484622e-01 6.160160392289023568e-01
1.584057355077801943e+09 8.250068381210419188e-01 -5.019832314606901269e-01 -2.595699377780016359e-01 -5.641896451214849506e-01 -7.580051832758064601e-01 -3.272891483353353448e-01 -3.246169392818940014e-02 4.164624564696619013e-01 -9.085732007325399984e-01 -3.601449752824724126e-01 -6.373515817955830443e-01 6.264666644869359979e-01
1.584057355077811003e+09 8.198125097344074463e-01 -5.095029255196148466e-01 -2.613698872904018922e-01 -5.709786652729409440e-01 -7.619871856585435088e-01 -3.055468750432057679e-01 -4.348347808756664740e-02 3.997277798295181261e-01 -9.156019274099292948e-01 -3.643287654980346124e-01 -6.338732068698452737e-01 6.369868590492863136e-01
1.584057355077822924e+09 8.143123372401475102e-01 -5.172942721096002172e-01 -2.632528322228625539e-01 -5.778438287770035764e-01 -7.652521922488171313e-01 -2.836998272048781855e-01 -5.469851133572342650e-02 3.831392938453053176e-01 -9.220696040322452491e-01 -3.683068906576754675e-01 -6.303618013178895474e-01 6.475756379017074682e-01
1.584057355077832937e+09 8.084636383161596385e-01 -5.253760096702486670e-01 -2.652670243280081941e-01 -5.848190709881109228e-01 -7.677623099954306030e-01 -2.617779396978445194e-01 -6.613017395845588453e-02 3.667711602619221356e-01 -9.279578203793277247e-01 -3.720770681796780610e-01 -6.268254382707287853e-01 6.582319779944799665e-01
1.584057355077841043e+09 8.022236777155196119e-01 -5.337609102862179711e-01 -2.674630101066046706e-01 -5.919321264389931780e-01 -7.694836126348137961e-01 -2.398151949507220382e-01 -7.780442647846479154e-02 3.507053759533824144e-01 -9.332482042889548302e-01 -3.756371531586737422e-01 -6.232722927570228943e-01 6.689547872449674859e-01
1.584057355077850103e+09 7.955514415188171817e-01 -5.424539951470661592e-01 -2.698917695273242989e-01 -5.992021079529747940e-01 -7.703884969496497259e-01 -2.178494841530188297e-01 -8.974819161842247095e-02 3.350301883439155137e-01 -9.379232566208539623e-01 -3.789852116227022671e-01 -6.197106486327925712e-01 6.797428770654765362e-01
1.584057355077858925e+09 7.884092842463970019e-01 -5.514512579530227443e-01 -2.726028444979696763e-01 -6.066377433586283008e-01 -7.704577735829426510e-01 -1.959220957720986811e-01 -1.019874944425934876e-01 3.198379736871696521e-01 -9.419672084928499833e-01 -3.821195907744193709e-01 -6.161488944420928648e-01 6.905949395763503196e-01
1.584057355077867985e+09 7.807642943069377228e-01 -5.607390127997760043e-01 -2.756426608346277396e-01 -6.142364567283005172e-01 -7.696822876046744977e-01 -1.740768552302774386e-01 -1.145455897720639993e-01 3.052227643154053482e-01 -9.453667924769927344e-01 -3.850389813467969824e-01 -6.125955092258762447e-01 7.015095306595148239e-01
1.584057355077876091e+09 7.725893093677647094e-01 -5.702938665759132997e-01 -2.790531580341033546e-01 -6.219843082213034613e-01 -7.680639679953018550e-01 -1.523589890592083607e-01 -1.274412788355885895e-01 2.912776115622556783e-01 -9.481118466521459842e-01 -3.877424687150149429e-01 -6.090590401832508549e-01 7.124850593065574778e-01
1.584057355077884912e+09 7.638635361601827656e-01 -5.800832641539336310e-01 -2.828708273853110522e-01 -6.298567323949962882e-01 -7.656162453124545353e-01 -1.308138437770373919e-01 -1.406875792488642418e-01 2.780920202852816270e-01 -9.501956817464233263e-01 -3.902295698944111546e-01 -6.055480746939567727e-01 7.235197833800472988e-01
1.584057355077893972e+09 7.545726892091426663e-01 -5.900665325086937862e-01 -2.871263556783331672e-01 -6.378200195232809344e-01 -7.623637638154051599e-01 -1.094856815747906331e-01 -1.542908926916905510e-01 2.657498429324754441e-01 -9.516151226859371759e-01 -3.925002550981169791e-01 -6.020712095499909378e-01 7.346118113189761267e-01
1.584057355077903032e+09 7.447088183242225323e-01 -6.001961786216689632e-01 -2.918446903583434837e-01 -6.458331821238791903e-01 -7.583416098070476785e-01 -8.841664920344839695e-02 -1.682506372938374628e-01 2.543276433808523973e-01 -9.523702920468303246e-01 -3.945549548775455495e-01 -5.986370200403704489e-01 7.457591086394061985e-01
1.584057355077912092e+09 7.342699490531571227e-01 -6.104192689719890597e-01 -2.970453807037707894e-01 -6.538499470055624263e-01 -7.535942330502517494e-01 -6.764598190278527101e-02 -1.825592750028417754e-01 2.438935180890565990e-01 -9.524642057607125567e-01 -3.963945554178845421e-01 -5.952540309095820659e-01 7.569595077713388021e-01
1.584057355077920914e+09 7.232595914806861925e-01 -6.206787786901057924e-01 -3.027431538899289509e-01 -6.618207239909585926e-01 -7.481741721655713606e-01 -4.720950702783556496e-02 -1.972026693480162796e-01 2.345064220298694047e-01 -9.519022247791896207e-01 -3.980203850878477057e-01 -5.919306904724284113e-01 7.682107198191450159e-01
1.584057355077929974e+09 7.116862294591006499e-01 -6.309148102691291005e-01 -3.089485607566875291e-01 -6.696943825528035577e-01 -7.421407457166148136e-01 -2.713941189067847759e-02 -2.121606583364220033e-01 2.262158613268202556e-01 -9.506914533376357168e-01 -3.994341945950256045e-01 -5.886753487101671345e-01 7.795103472028223068e-01
1.584057355077939034e+09 6.995628374625246781e-01 -6.410656433455435010e-01 -3.156686198778985153e-01 -6.774197717894476778e-01 -7.355587930547367037e-01 -7.464241552733095336e-03 -2.274077602017427480e-01 2.190618704108678594e-01 -9.488401381913202925e-01 -4.006381325641715230e-01 -5.854962398625052078e-01 7.908558964016417780e-01
1.584057355077948093e+09 6.869064352028337872e-01 -6.510685989671367579e-01 -3.229074618651235906e-01 -6.849469748305742067e-01 -7.284975063526903938e-01 1.179088892843102761e-02 -2.429139582588186186e-01 2.130752516448418121e-01 -9.463570923971168503e-01 -4.016347189075209489e-01 -5.824014694352451782e-01 8.022447900258916631e-01
1.584057355077958107e+09 6.737377098880983350e-01 -6.608607130490692372e-01 -3.306669267333639528e-01 -6.922282869207000422e-01 -7.210294023254055773e-01 3.060392005066523216e-02 -2.586455049503126880e-01 2.082779851970691654e-01 -9.432511775566739809e-01 -4.024268175236426770e-01 -5.793990053944217955e-01 8.136743777606956218e-01
