1.584057353835136890e+09 1.484569806452993301e-01 -9.214972242081197473e-01 -3.588918928205188097e-01 -4.758611142689704310e-01 2.515689777128992111e-01 -8.427747323680933045e-01 8.669006430752473902e-01 2.958984881125303890e-01 -4.011575250618412136e-01 2.737722260113247263e-01 -2.165906513541432654e-01 7.124956699083130340e-01
1.584057353835186958e+09 1.594435696137309066e-01 -9.180911309655727104e-01 -3.628862403140888371e-01 -4.592901871586752005e-01 2.563971398404397140e-01 -8.504781189430218324e-01 8.738594121652235591e-01 3.022733563551246450e-01 -3.807893721653986541e-01 2.653288540290132946e-01 -2.194521085125055726e-01 7.075657473884884308e-01
1.584057353835213900e+09 1.720166091136030861e-01 -9.138742542745216246e-01 -3.677555351349329760e-01 -4.439047542531948665e-01 2.613582486650696812e-01 -8.571116818401703918e-01 8.794082416512355449e-01 3.106858755524008475e-01 -3.607151665739693480e-01 2.571408436800837194e-01 -2.224047551553022806e-01 7.022722638580066734e-01
1.584057353835237026e+09 1.858852919281388238e-01 -9.089569342901506754e-01 -3.731540565397326037e-01 -4.296945537181955932e-01 2.663323956398455650e-01 -8.628033644347908870e-01 8.836341148331476880e-01 3.207247210287716976e-01 -3.410665691273334077e-01 2.492169193271907002e-01 -2.254528714492469721e-01 6.966417209464406124e-01
1.584057353835268021e+09 2.007036346713816366e-01 -9.034648247960219702e-01 -3.787734962366027247e-01 -4.164769673603264666e-01 2.712726342183401917e-01 -8.677315793068870464e-01 8.867158433455404332e-01 3.319073188763482785e-01 -3.218268866859188559e-01 2.415630290780799716e-01 -2.286012461777737204e-01 6.907013249829185852e-01
1.584057353835290909e+09 2.161147681534753284e-01 -8.975316637752154270e-01 -3.843583218533599410e-01 -4.039284356911830853e-01 2.762049827791597245e-01 -8.720966841314571338e-01 8.888960715313821703e-01 3.437262283507618865e-01 -3.028465851292236333e-01 2.341823081865466449e-01 -2.318549704764393538e-01 6.844787177405710077e-01
1.584057353835310936e+09 2.317629913356364646e-01 -8.913002075507376887e-01 -3.897048318228358843e-01 -3.916275683645966676e-01 2.812223529239132325e-01 -8.760946501713211543e-01 8.904570532649719317e-01 3.556654724446508542e-01 -2.838807992358839960e-01 2.270750788872016868e-01 -2.352192206698994204e-01 6.780017033125338433e-01
1.584057353835334063e+09 2.472800743098607368e-01 -8.849299850790898203e-01 -3.946536284466350408e-01 -3.791022810808821197e-01 2.864736390393906040e-01 -8.798944906987169468e-01 8.917028796091509557e-01 3.671944657868908002e-01 -2.646397532056269930e-01 2.202388884475718345e-01 -2.386990346041702182e-01 6.712979730953213542e-01
1.584057353835356951e+09 2.622571387572125712e-01 -8.786095790937505923e-01 -3.990819474695133651e-01 -3.658800063225406962e-01 2.921454788045169115e-01 -8.836191715531771518e-01 8.929462550064427573e-01 3.777515411072540630e-01 -2.448484409974077958e-01 2.136685878370464808e-01 -2.422990867030841988e-01 6.643948304536460014e-01
1.584057353835402012e+09 2.762156690569607109e-01 -8.725692509708561362e-01 -4.028992511036922908e-01 -3.515432173993572329e-01 2.984325241408294915e-01 -8.873304880296901676e-01 8.944955397684530851e-01 3.867310834084095039e-01 -2.243140625829772583e-01 2.073564535401136444e-01 -2.460234677542110782e-01 6.573189170880550103e-01
1.584057353835427046e+09 2.889732730255987758e-01 -8.669172715789337236e-01 -4.061390055477944738e-01 -3.353069423264787297e-01 3.057121530402113208e-01 -8.911281243809739960e-01 8.966959920192391076e-01 3.936934388592359113e-01 -2.023407381329820620e-01 2.012923533034149393e-01 -2.498754754550103763e-01 6.500959448083195591e-01
1.584057353835448027e+09 3.017771352955586073e-01 -8.611592767727398456e-01 -4.090663280611094299e-01 -3.190489352542485446e-01 3.131096443379526306e-01 -8.945222902126351849e-01 8.984087809710228356e-01 4.004585505767081499e-01 -1.802626188552162723e-01 1.954690141574182416e-01 -2.538567392057676786e-01 6.427460561221345348e-01
1.584057353835472107e+09 3.146140509250276440e-01 -8.553007645289383287e-01 -4.116777881658169047e-01 -3.027731316503431414e-01 3.206233271942689478e-01 -8.975127369352969842e-01 8.996368322340664303e-01 4.070150910400376354e-01 -1.580894872086753833e-01 1.898848581051805484e-01 -2.579690852363994980e-01 6.352835890454617829e-01
1.584057353835494041e+09 3.274758072702389500e-01 -8.493452881669453225e-01 -4.139712275432382294e-01 -2.864872536458414887e-01 3.282495722764416368e-01 -9.000984790290245119e-01 9.003802804110928593e-01 4.133579560722878687e-01 -1.358328053562902760e-01 1.845370326082600432e-01 -2.622141531924138680e-01 6.277229829807844386e-01
1.584057353835515022e+09 3.403606861212815637e-01 -8.432939399252673551e-01 -4.159446289360060334e-01 -2.702035843543354465e-01 3.359815471968085054e-01 -9.022784620597319449e-01 9.006356791445229160e-01 4.194898460129610762e-01 -1.135061353244118110e-01 1.794213841511167751e-01 -2.665933210642867368e-01 6.200786626594667617e-01
1.584057353835536003e+09 3.532746998528656368e-01 -8.371449607206675747e-01 -4.175946614795277290e-01 -2.539394880316367953e-01 3.438079369711006805e-01 -9.040524537024788865e-01 9.003953148845627030e-01 4.254226337363978816e-01 -9.112551701413475203e-02 1.745324514465687593e-01 -2.711076286378318323e-01 6.123649108029480814e-01
1.584057353835581064e+09 3.662324844898229292e-01 -8.308934987517608839e-01 -4.189149808121105378e-01 -2.377176962322092579e-01 3.517116734877381856e-01 -9.054221091745399130e-01 8.996466330773312814e-01 4.311784926735223178e-01 -6.870984835370039234e-02 1.698634819518610450e-01 -2.757577021180070420e-01 6.045957316926013903e-01
1.584057353835597038e+09 3.792577538952988103e-01 -8.245315445245267050e-01 -4.198943775601585715e-01 -2.215663914887593677e-01 3.596687141892871420e-01 -9.063921614553169803e-01 8.983717996902846892e-01 4.367907373071273636e-01 -4.628133032133474600e-02 1.654064754556771322e-01 -2.805436833569178723e-01 5.967847086971149739e-01
1.584057353835613966e+09 3.923832383814070957e-01 -8.180480598476598253e-01 -4.205148821732008213e-01 -2.055191502203163600e-01 3.676468877564771365e-01 -9.069716891762731326e-01 8.965474183425622412e-01 4.423043497214925179e-01 -2.386606572336363516e-02 1.611522575261338519e-01 -2.854651674169417230e-01 5.889448599729886213e-01
1.584057353835623026e+09 4.056500520819656952e-01 -8.114293077492542583e-01 -4.207499422267409472e-01 -1.896148265125524313e-01 3.756048005562825920e-01 -9.071754248860892655e-01 8.941444251461778681e-01 4.477761856161989185e-01 -1.494920531595902990e-03 1.570905835446717580e-01 -2.905211518440523610e-01 5.810884976147803194e-01
1.584057353835632086e+09 4.191064228935790226e-01 -8.046593901792038483e-01 -4.205628041067368539e-01 -1.738974468512245186e-01 3.834907981623701945e-01 -9.070250745458917629e-01 8.911282087759245796e-01 4.532748323058240492e-01 2.079524306942848177e-02 1.532102725724658332e-01 -2.957100009604296531e-01 5.732270960114513869e-01
1.584057353835640907e+09 4.328057264068555510e-01 -7.977209942824786681e-01 -4.199052495298780663e-01 -1.584161730931834544e-01 3.912419766430339507e-01 -9.065506229475157607e-01 8.874590241249579181e-01 4.588800835451834481e-01 4.295986076700032685e-02 1.494993700780841150e-01 -3.010294292877209732e-01 5.653711754091033104e-01
1.584057353835653067e+09 4.468038155110440335e-01 -7.905963314069981429e-01 -4.187168390725531930e-01 -1.432253903097489012e-01 3.987832157940441880e-01 -9.057916065647482196e-01 8.830927687535721216e-01 4.646820285401478956e-01 6.494439421028053161e-02 1.459453376531449076e-01 -3.064765086829934204e-01 5.575302071559801176e-01
1.584057353835663080e+09 4.611555627753755049e-01 -7.832682763085491162e-01 -4.169248785600381813e-01 -1.283848840610091746e-01 4.060262980318819492e-01 -9.047983018345764350e-01 8.779822712765368298e-01 4.707796222406891995e-01 8.668147910242857135e-02 1.425352654531566177e-01 -3.120477031103310317e-01 5.497125474162575243e-01
1.584057353835671902e+09 4.759105289871166655e-01 -7.757217158190899964e-01 -4.144453982350764232e-01 -1.139599920257403365e-01 4.128692724380212953e-01 -9.036327153470921081e-01 8.720792904472643992e-01 4.772785178129181349e-01 1.080875932735883005e-01 1.392561005426855014e-01 -3.177389338426265808e-01 5.419254058479980873e-01
1.584057353835680962e+09 4.911078621530887145e-01 -7.679450718538253229e-01 -4.111854015638044535e-01 -1.000216239220845516e-01 4.191961904554816210e-01 -9.023692308623822989e-01 8.653373577339442679e-01 4.842880554032173435e-01 1.290594317211369857e-01 1.360948820261664027e-01 -3.235456764518940820e-01 5.341748548144955588e-01
1.584057353835690975e+09 5.067706733144816678e-01 -7.599319468299033931e-01 -4.070465832899731740e-01 -8.664601458873580353e-02 4.248773485300753050e-01 -9.010947269924001191e-01 8.577155431930397755e-01 4.919173456764465713e-01 1.494703054124286168e-01 1.330389725741800977e-01 -3.294630898341449066e-01 5.264658834273913124e-01
1.584057353835700035e+09 5.229002992218889645e-01 -7.516828315815675676e-01 -4.019305883999340079e-01 -7.391408118418309192e-02 4.297701449448962929e-01 -8.999079571091187502e-01 8.491831285929798412e-01 5.002704701503805085e-01 1.691669915229702947e-01 1.300762747145852993e-01 -3.354861758412540640e-01 5.188024990636740386e-01
1.584057353835709095e+09 5.394709842731715277e-01 -7.432068313644850654e-01 -3.957457050339760474e-01 -6.191029553620720771e-02 4.337206145768272014e-01 -8.989179851072540695e-01 8.397250577685164696e-01 5.094409037270706264e-01 1.879675322436929197e-01 1.271954195308339641e-01 -3.416099661321375658e-01 5.111878769820569213e-01
1.584057353835717916e+09 5.564254711929962349e-01 -7.345234099021132890e-01 -3.884147981549695428e-01 -5.072094295571821093e-02 4.365658473708375342e-01 -8.982414191110494883e-01 8.293479855665634171e-01 5.195051696589479961e-01 2.056606373292843570e-01 1.243859153137080176e-01 -3.478297306247054577e-01 5.036245563308333617e-01
1.584057353835726023e+09 5.736720744526250249e-01 -7.256641570340225389e-01 -3.798840379664100708e-01 -4.043175381073363384e-02 4.381374368344219117e-01 -8.979982516015928562e-01 8.180865629543129236e-01 5.305158977154885713e-01 2.220073377100506284e-01 1.216382449333691662e-01 -3.541412002971804918e-01 4.961146787275246828e-01
1.584057353835736036e+09 5.910837268249297116e-01 -7.166745770089245626e-01 -3.701318395709459752e-01 -3.112488348841219166e-02 4.382662673949798693e-01 -8.983061397113298874e-01 8.060094724748536610e-01 5.424944512369851424e-01 2.367456459372945521e-01 1.189439022688430075e-01 -3.605407950844412013e-01 4.886602634099309617e-01
1.584057353835745096e+09 6.084994960266049135e-01 -7.076158102206564493e-01 -3.591771548602075703e-01 -2.287529268722330450e-02 4.367889361644922697e-01 -8.992731211263526037e-01 7.932244855824069907e-01 5.554235235043223362e-01 2.495989287295633796e-01 1.162953603068524466e-01 -3.670258455996389113e-01 4.812635108215947977e-01
1.584057353835753918e+09 6.257290200649323619e-01 -6.985660780181621732e-01 -3.470859089667056030e-01 -1.574673289506059448e-02 4.335558784035842828e-01 -9.009890903093081826e-01 7.798815513000592059e-01 5.692404896331845210e-01 2.602883614692784731e-01 1.136859666038284727e-01 -3.735947956254579427e-01 4.739271245433917534e-01
1.584057353835763931e+09 6.425600763390536541e-01 -6.896214779396045991e-01 -3.339741989613670414e-01 -9.787596515207492090e-03 4.284410559812888986e-01 -9.035167207393896005e-01 7.661727947759301438e-01 5.838325777223388746e-01 2.685493808365714830e-01 1.111097658853488768e-01 -3.802473715324674597e-01 4.666546402896021850e-01
1.584057353835772991e+09 6.587691497354075665e-01 -6.808956067965703518e-01 -3.200068438555031536e-01 -5.026998016872164660e-03 4.213525885620368894e-01 -9.068829723589344471e-01 7.523283437778486293e-01 5.990351983442145922e-01 2.741512256138261550e-01 1.085612538896237461e-01 -3.869847042761724309e-01 4.594507498358115782e-01
1.584057353835782051e+09 6.741343261261542041e-01 -6.725174511385130227e-01 -3.053902230997839751e-01 -1.471551769386833519e-03 4.122430901912270129e-01 -9.110727025196970752e-01 7.386073009901498176e-01 6.146347798523690287e-01 2.769175735345314471e-01 1.060350710222339732e-01 -3.938093892257810702e-01 4.523216068984742821e-01
1.584057353835791111e+09 6.884492071868407725e-01 -6.646271275012096691e-01 -2.903592096449559290e-01 8.966895083021547003e-04 4.011179907291731461e-01 -9.160259568445008327e-01 7.252840031823599709e-01 6.303769816591691111e-01 2.767453268520042031e-01 1.035256493933160993e-01 -4.007254706334764105e-01 4.452751024734236118e-01
1.584057353835799932e+09 7.015361342086879892e-01 -6.573693255216092046e-01 -2.751592672892129721e-01 2.120890751586368070e-03 3.880401305750462160e-01 -9.216400376705038422e-01 7.126307279515687876e-01 6.459802063777734249e-01 2.736183816188582640e-01 1.010268312875415297e-01 -4.077383398552547056e-01 4.383210980936294021e-01
1.584057353835808992e+09 7.132570305620636875e-01 -6.508847091440197463e-01 -2.600259676813727050e-01 2.268661745340080395e-03 3.731292807832377045e-01 -9.277765857940346583e-01 7.008988955083766959e-01 6.611532616061539525e-01 2.676137200426371154e-01 9.853148085973160997e-02 -4.148545398181058275e-01 4.314716070254741020e-01
1.584057353835818052e+09 7.235205529862409612e-01 -6.453000544308368225e-01 -2.451649429881552489e-01 1.429920706237522779e-03 3.565558956135935764e-01 -9.342728984518007262e-01 6.903013580523080783e-01 6.756150776625174936e-01 2.588982466502742774e-01 9.603111344649686854e-02 -4.220814728470924648e-01 4.247409157270388147e-01
1.584057353835827112e+09 7.322848806519786091e-01 -6.407183662084946496e-01 -2.307354088213964260e-01 -2.865045221270832478e-04 3.385294103462249127e-01 -9.409557675031078317e-01 6.809983639317966908e-01 6.891137886055267447e-01 2.477164001198347287e-01 9.351556781712637434e-02 -4.294270147784068903e-01 4.181456410941555291e-01
1.584057353835835934e+09 7.395563407741911899e-01 -6.372102932149413812e-01 -2.168397130462014766e-01 -2.757319026518066218e-03 3.192826041290760530e-01 -9.476555365975066758e-01 6.730890106109341797e-01 7.014425571892481948e-01 2.343704822945469612e-01 9.097274563778702527e-02 -4.368990439006571469e-01 4.117047219267064295e-01
1.584057353835844994e+09 7.453847839088590943e-01 -6.348079247353864973e-01 -2.035200794089796483e-01 -5.850012143582105327e-03 2.990543095995158440e-01 -9.542181602859187706e-01 6.666088069224398449e-01 7.124502921045522408e-01 2.191968978474736485e-01 8.838843980640792575e-02 -4.445048978639331572e-01 4.054393446499489073e-01
1.584057353835854053e+09 7.498569566969569555e-01 -6.335016045606481905e-01 -1.907623170980167482e-01 -9.428705282613907002e-03 2.780729142090459516e-01 -9.605136927975304051e-01 6.615327990359070043e-01 7.220465161753780725e-01 2.025418092421762961e-01 8.574626951273910114e-02 -4.522507760746531935e-01 3.993728044131596433e-01
1.584057353835863113e+09 7.530890590664891526e-01 -6.332398979199231892e-01 -1.785051845439151463e-01 -1.336038275181579589e-02 2.565427265285972758e-01 -9.664405464329219875e-01 6.577829197209016376e-01 7.302006993066805229e-01 1.847391931016726663e-01 8.302773504285772266e-02 -4.601411091285665389e-01 3.935303033909319237e-01
1.584057353835871935e+09 7.552194140732911842e-01 -6.339323677027588477e-01 -1.666535025071810561e-01 -1.752122381172079718e-02 2.346345851387624526e-01 -9.719257267530616584e-01 6.552378526242461643e-01 7.369371511583540091e-01 1.660933229944920320e-01 8.021239982545215474e-02 -4.681779200685758924e-01 3.879386881423487754e-01
1.584057353835880995e+09 7.564017698865755923e-01 -6.354545709340939652e-01 -1.550930395077890211e-01 -2.180270721122056291e-02 2.124812438293064987e-01 -9.769218817953558842e-01 6.537438371860776476e-01 7.423268885221303570e-01 1.468665589256196724e-01 7.727820070132897234e-02 -4.763602054799264129e-01 3.826261290126242720e-01
1.584057353835890055e+09 7.567992857160882325e-01 -6.376547447085718634e-01 -1.437054898137389569e-01 -2.611712221978066545e-02 1.901773334073543487e-01 -9.814023017787310010e-01 6.531253610556851941e-01 7.464777347873056135e-01 1.272723631629053831e-01 7.420188065305650948e-02 -4.846833659525062732e-01 3.776217451077387155e-01
1.584057353835899115e+09 7.565790559681734306e-01 -6.403616794891111574e-01 -1.323822179317692416e-01 -3.040203636181437047e-02 1.677832107717558141e-01 -9.853550175037126824e-01 6.531951074851176653e-01 7.495236578992146015e-01 1.074729641317446471e-01 7.095953171902544265e-02 -4.931387154760519254e-01 3.729551787701211318e-01
1.584057353835911036e+09 7.559069749143263461e-01 -6.433933365945646576e-01 -1.210357790652300258e-01 -3.462325554733307331e-02 1.453316772848939065e-01 -9.887769889638563514e-01 6.537628588700772347e-01 7.516140752606719211e-01 8.758085660944855966e-02 6.752723125498179269e-02 -5.017130971985320764e-01 3.686561212966826262e-01
1.584057353835921049e+09 7.549427875841479008e-01 -6.465658227008511671e-01 -1.096085056106030631e-01 -3.877587860072681525e-02 1.228363738069641886e-01 -9.916691266043650144e-01 6.546432760671575535e-01 7.529036208658044238e-01 6.766327659518653337e-02 6.388174998551010564e-02 -5.103886316384917965e-01 3.647537922417916079e-01
1.584057353835930109e+09 7.538352795705151044e-01 -6.497023475872908405e-01 -9.807767802486094810e-02 -4.288318539637664406e-02 1.003006250210151939e-01 -9.940326036817003219e-01 6.556625686062720337e-01 7.535427289070525392e-01 4.774884346572352140e-02 6.000130587970424478e-02 -5.191426213756544783e-01 3.612763764224775076e-01
1.584057353835938931e+09 7.527176943734309456e-01 -6.526417537598818708e-01 -8.645700630205704895e-02 -4.699329058231142137e-02 7.772559235476081407e-02 -9.958666392067336837e-01 6.566640719602456766e-01 7.536693397452842724e-01 2.783564507736165441e-02 5.586633362915367773e-02 -5.279476331627055430e-01 3.582504260802713558e-01
1.584057353835947990e+09 7.517036591180594751e-01 -6.552460656180936205e-01 -7.479440134709902654e-02 -5.117376102374180530e-02 5.511678475643350117e-02 -9.971676821740487195e-01 6.575126274353532141e-01 7.534021062228040133e-01 7.900083194325981106e-03 5.146023510009584134e-02 -5.367717737299106950e-01 3.557002412716284701e-01
1.584057353835957050e+09 7.508840526240349034e-01 -6.574063791098875287e-01 -6.316638609952432426e-02 -5.550472498805811283e-02 3.248827838593931761e-02 -9.979297256936905391e-01 6.580975347198223524e-01 7.528355495093861371e-01 -1.209423015197685740e-02 4.677007074320203156e-02 -5.455791680323118786e-01 3.536472513879428958e-01
1.584057353835966110e+09 7.503252083218239221e-01 -6.590465103606532038e-01 -5.166990468927452895e-02 -6.007124874458465852e-02 9.864406663547427984e-03 -9.981453494892460476e-01 6.583339023748300267e-01 7.520374929454992641e-01 -3.218823388370352367e-02 4.178715050439316125e-02 -5.543306367855566075e-01 3.521094269151268108e-01
1.584057353835974932e+09 7.500687228634556059e-01 -6.601240255904397003e-01 -4.041264570155154306e-02 -6.495588890788105141e-02 -1.272087898546009344e-02 -9.978070514310826145e-01 6.581623231868167778e-01 7.510489000128238724e-01 -5.242047633545202090e-02 3.650748453692356787e-02 -5.629845556893376957e-01 3.511007552972648660e-01
1.584057353835984945e+09 7.501329321288134899e-01 -6.606285984730654315e-01 -2.950320537982925942e-02 -7.023230322496980260e-02 -3.522640092592977529e-02 -9.969084834693144881e-01 6.575469625079561897e-01 7.498859617921690424e-01 -7.282195147049023987e-02 3.093205917579213565e-02 -5.714978625883450070e-01 3.506308178129270980e-01
1.584057353835994005e+09 7.505158586977532797e-01 -6.605780297326292461e-01 -1.904238929529693258e-02 -7.596060542152402451e-02 -5.760709532281410583e-02 -9.954453320720483278e-01 6.564723394403996215e-01 7.485439795629915682e-01 -9.341294568754782146e-02 2.506691454057598939e-02 -5.798271634449077006e-01 3.507045009304312067e-01
1.584057353836003065e+09 7.511991915055994395e-01 -6.600126223166239425e-01 -9.116642825585875159e-03 -8.218480110657938598e-02 -7.981747311442781434e-02 -9.934157385527301320e-01 6.549392592681848591e-01 7.470023490637055508e-01 -1.142018273712093607e-01 1.892301592137925897e-02 -5.879298774848393805e-01 3.513218650828400791e-01
1.584057353836011887e+09 7.521527628402584487e-01 -6.589887549233979236e-01 2.057877981145889851e-04 -8.893235766594199954e-02 -1.018145101955269943e-01 -9.908202871485770613e-01 6.529603795737919381e-01 7.452299152193669896e-01 -1.351854887972863961e-01 1.251592812406990621e-02 -5.957653587088911351e-01 3.524781797015109630e-01
1.584057353836020947e+09 7.533388991355142172e-01 -6.575725959495576367e-01 8.876047419509877981e-03 -9.621548305052494976e-02 -1.235595865979703112e-01 -9.876616877922619331e-01 6.505559807203319389e-01 7.431899553660494817e-01 -1.563509079103574673e-01 5.865316293849390759e-03 -6.032959343633508276e-01 3.541641204324494363e-01
1.584057353836030006e+09 7.547161956326426946e-01 -6.558346444972577016e-01 1.686366624694379118e-02 -1.040335762326750069e-01 -1.450193796367676424e-01 -9.839443046725632191e-01 6.477503216866871139e-01 7.408443147850902744e-01 -1.776772979808629860e-01 -1.005692876058883294e-03 -6.104878089416869713e-01 3.563661142082050204e-01
1.584057353836038113e+09 7.562424387344859333e-01 -6.538455113574654920e-01 2.415411449326344828e-02 -1.123762081260409884e-01 -1.661658690850701114e-01 -9.796736660490485971e-01 6.445688185772161516e-01 7.381564545357042206e-01 -1.991383613411221720e-01 -8.071249161958716362e-03 -6.173117930061022829e-01 3.590668103057582106e-01
1.584057353836046934e+09 7.578766228322261211e-01 -6.516730261706589200e-01 3.074559542987355398e-02 -1.212261816868348552e-01 -1.869756976153847672e-01 -9.748560414371125749e-01 6.410360657674190055e-01 7.350934332504729385e-01 -2.207043429337953999e-01 -1.530357198891079719e-02 -6.237438298508273249e-01 3.622456484751061523e-01
1.584057353836056948e+09 7.595801347279544924e-01 -6.493805591697365820e-01 3.664571477546974682e-02 -1.305622913062343404e-01 -2.074291768329598329e-01 -9.694981303947075579e-01 6.371746284893783363e-01 7.316269719722235942e-01 -2.423436958217697890e-01 -2.267375485395192389e-02 -6.297653077634390861e-01 3.658794910468248784e-01
1.584057353836066008e+09 7.613172753103597534e-01 -6.470263012968973104e-01 4.186850673727331162e-02 -1.403615314673853642e-01 -2.275092051680192851e-01 -9.636068711873700954e-01 6.330044604674036623e-01 7.277338298729603139e-01 -2.640242907370101144e-01 -3.015254059056004035e-02 -6.353631598682896175e-01 3.699432847510696343e-01
1.584057353836075068e+09 7.630553336330017089e-01 -6.446631814531715854e-01 4.643210532860030104e-02 -1.506006339908761427e-01 -2.472003032866686989e-01 -9.571893539149355368e-01 6.285427646768522170e-01 7.233957372576580447e-01 -2.857141937359876094e-01 -3.771103305750903023e-02 -6.405297669537661776e-01 3.744107187353901134e-01
1.584057353836082935e+09 7.647644276085343584e-01 -6.423391055256141291e-01 5.035716323907937775e-02 -1.612569276016398989e-01 -2.664878977706713892e-01 -9.502528104635177275e-01 6.238041148751720666e-01 7.185991052070479501e-01 -3.073820952378489846e-01 -4.532131917485067440e-02 -6.452626873561276843e-01 3.792548505699296912e-01
1.584057353836091995e+09 7.664172793809825857e-01 -6.400972767111754447e-01 5.366591400071928086e-02 -1.723086535644887951e-01 -2.853578814251729323e-01 -9.428046497376306734e-01 6.188006803013238466e-01 7.133346732121044198e-01 -3.289975110306701533e-01 -5.295698359286905854e-02 -6.495642456447049407e-01 3.844486765911906967e-01
1.584057353836101055e+09 7.679890298334269838e-01 -6.379764515024298754e-01 5.638171242718629378e-02 -1.837348942537974095e-01 -3.037964304661156523e-01 -9.348525111594657711e-01 6.135424507363239632e-01 7.075971850683149267e-01 -3.505308617514857339e-01 -6.059350695015044280e-02 -6.534410137628010595e-01 3.899656307804553745e-01
1.584057353836110115e+09 7.694571383421564548e-01 -6.360110718717967293e-01 5.852887170559767371e-02 -1.955152720576860403e-01 -3.217900287936787396e-01 -9.264043155732485380e-01 6.080374090556153188e-01 7.013851252903982036e-01 -3.719535124483750455e-01 -6.820854580992066762e-02 -6.569032169931074971e-01 3.957800039634380429e-01
1.584057353836118937e+09 7.708013763861482071e-01 -6.342312680597079755e-01 6.013266075051806880e-02 -2.076295318532774270e-01 -3.393256526157922282e-01 -9.174682987061854034e-01 6.022916368555919497e-01 6.947005111890658391e-01 -3.932378213496751096e-01 -7.578209802347959934e-02 -6.599640970909848026e-01 4.018672794993552455e-01
1.584057353836128950e+09 7.720038771313317838e-01 -6.326627945413769716e-01 6.121929605630550830e-02 -2.200571542223310750e-01 -3.563910267063963300e-01 -9.080530188872764086e-01 5.963093683066793549e-01 6.875487071046251231e-01 -4.143572285369523933e-01 -8.329656265200041654e-02 -6.626392656814883431e-01 4.082043843521149795e-01
1.584057353836137056e+09 7.730492087025371273e-01 -6.313269495968389933e-01 6.181588589896657576e-02 -2.327770384529300740e-01 -3.729749144358963653e-01 -8.981673361474382666e-01 5.900930193214766195e-01 6.799382295989072622e-01 -4.352863800882630363e-01 -9.073670810625013294e-02 -6.649460768608345118e-01 4.147698593051354354e-01
1.584057353836147070e+09 7.739244715572187738e-01 -6.302404796378482388e-01 6.195038549579286874e-02 -2.457672022099945675e-01 -3.890674648509268030e-01 -8.878203592303518521e-01 5.836432084750942106e-01 6.718805293926236599e-01 -4.560012715293260688e-01 -9.808956500043024274e-02 -6.669030423703798949e-01 4.215439559271908498e-01
1.584057353836154938e+09 7.746193646720197501e-01 -6.294155514035568721e-01 6.165146907264705545e-02 -2.590045959244954288e-01 -4.046605308313384608e-01 -8.770213647505143983e-01 5.769588020988114518e-01 6.633897184882854292e-01 -4.764794038540537402e-01 -1.053442619002762648e-01 -6.685293081141938654e-01 4.285086695737900242e-01
1.584057353836163998e+09 7.751261819142978293e-01 -6.288598467748651721e-01 6.094830053084822341e-02 -2.724650611674376832e-01 -4.197479060301884668e-01 -8.657796982938923414e-01 5.700370099440754679e-01 6.544822294421429598e-01 -4.966999283781273755e-01 -1.124918220329873819e-01 -6.698442036127204569e-01 4.356477197581600791e-01
1.584057353836177111e+09 7.754397488797024618e-01 -6.285767618309624494e-01 5.987028023842898283e-02 -2.861233666846890733e-01 -4.343255014567860006e-01 -8.541046645305814256e-01 5.628735337926020765e-01 6.451764203913887830e-01 -5.166437570891174724e-01 -1.195249372481488742e-01 -6.708668688246776091e-01 4.429464901883539141e-01
1.584057353836186886e+09 7.755573159249242732e-01 -6.285656840069829832e-01 5.844681955849632266e-02 -2.999532763613039776e-01 -4.483914784732995762e-01 -8.420054122060108837e-01 5.554627637051492428e-01 6.354921424223896054e-01 -5.362936278465515461e-01 -1.264377328614286478e-01 -6.716159572802817834e-01 4.503919402656337834e-01
1.584057353836195946e+09 7.754784235845162410e-01 -6.288223208520874463e-01 5.670717296260383011e-02 -3.139276208283526270e-01 -4.619463500044967974e-01 -8.294908189667561382e-01 5.477980134877862284e-01 6.254502847353449191e-01 -5.556341223824252662e-01 -1.332255343917090329e-01 -6.721094113194434616e-01 4.579724980983866933e-01
1.584057353836205006e+09 7.752047527230893076e-01 -6.293390596917206592e-01 5.468033846107330648e-02 -3.280183605261647872e-01 -4.749930544270757893e-01 -8.165693807358507250e-01 5.398717872386079586e-01 6.150723098569186309e-01 -5.746516398684011762e-01 -1.398846440743358455e-01 -6.723643020034367757e-01 4.656779437398325117e-01
1.584057353836214066e+09 7.747399645096276766e-01 -6.301053478726906798e-01 5.239501966980111836e-02 -3.421966435925076211e-01 -4.875369961362585602e-01 -8.032491112127189137e-01 5.316760711620219793e-01 6.043797879988473953e-01 -5.933343302258529128e-01 -1.464121329357157553e-01 -6.723967259149047360e-01 4.734992889830872964e-01
1.584057353836222887e+09 7.740895357638384322e-01 -6.311080825823028873e-01 4.987964346862136522e-02 -3.564328600656456736e-01 -4.995860499496444507e-01 -7.895374564342731993e-01 5.232026443211764688e-01 5.933939390964122484e-01 -6.116719923548473714e-01 -1.528056532041375815e-01 -6.722217520788065226e-01 4.814286575767356968e-01
1.584057353836231947e+09 7.732605342306556606e-01 -6.323320816708294378e-01 4.716232398322786623e-02 -3.706967951386285209e-01 -5.111504264911743700e-01 -7.754412471125111672e-01 5.144434200291311265e-01 5.821351906125914466e-01 -6.296559279888892524e-01 -1.590632743278532490e-01 -6.718534117053698296e-01 4.894591685692940564e-01
1.584057353836241007e+09 7.722612851219997632e-01 -6.337606917817796282e-01 4.427068066271570151e-02 -3.849579617255884934e-01 -5.222423054185939550e-01 -7.609667156234356522e-01 5.053908144589391860e-01 5.706227827081975512e-01 -6.472787380466470397e-01 -1.651833434844803827e-01 -6.713047219020613632e-01 4.975848252552735884e-01
1.584057353836250067e+09 7.711010064458471147e-01 -6.353764166686970416e-01 4.123162756659864980e-02 -3.991859813507613319e-01 -5.328753588472350256e-01 -7.461195643983787873e-01 4.960380935800989821e-01 5.588744592817097567e-01 -6.645340839207376504e-01 -1.711643693145289136e-01 -6.705877340527806041e-01 5.058004117836412128e-01
1.584057353836257935e+09 7.697893286328756357e-01 -6.371616684681785658e-01 3.807095835589187349e-02 -4.133511636770156872e-01 -5.430640138788827009e-01 -7.309051186495960639e-01 4.863796923585855803e-01 5.469062855990918237e-01 -6.814163997481634816e-01 -1.770049273315200122e-01 -6.697135996399290470e-01 5.141013981490978324e-01
1.584057353836267948e+09 7.683356643924547091e-01 -6.390996696002428923e-01 3.481263063613547482e-02 -4.274253443261777918e-01 -5.528223883213708723e-01 -7.153285833446543229e-01 4.764114628941801821e-01 5.347326616648255815e-01 -6.979205533470518308e-01 -1.827035859835403619e-01 -6.686926484738094922e-01 5.224838531501969641e-01
1.584057353836277008e+09 7.667484802024882029e-01 -6.411754182055641182e-01 3.147779071721902577e-02 -4.413828999328877623e-01 -5.621629888011315801e-01 -6.993953887613066911e-01 4.661307798015834614e-01 5.223665928016184568e-01 -7.140414827296608369e-01 -1.882588514818239744e-01 -6.675344743572018125e-01 5.309443650449181540e-01
1.584057353836286068e+09 7.650345925007281389e-01 -6.433765442284913316e-01 2.808370926696470565e-02 -4.552017418011075622e-01 -5.710954014747312568e-01 -6.831115698238606759e-01 4.555364383456357302e-01 5.098202280368377970e-01 -7.297738612996604868e-01 -1.936691277127164379e-01 -6.662480226552531803e-01 5.394799702774555339e-01
1.584057353836298943e+09 7.631985908488746473e-01 -6.456939246626426376e-01 2.464278175020297168e-02 -4.688641202182794454e-01 -5.796251821126292558e-01 -6.664841222297843704e-01 4.446283254788402917e-01 4.971056266827118542e-01 -7.451118361123030276e-01 -1.989326876564068702e-01 -6.648416758530177884e-01 5.480880902204477989e-01
1.584057353836308002e+09 7.612423938108165977e-01 -6.481220603113440060e-01 2.116159056637230418e-02 -4.823572239200306644e-01 -5.877529795813262181e-01 -6.495213188779875857e-01 4.334068833267323284e-01 4.842357174935107422e-01 -7.600488429048029015e-01 -2.040476533348929422e-01 -6.633233347945164393e-01 5.567664754446749464e-01
1.584057353836317062e+09 7.591648956782939273e-01 -6.506592761909033573e-01 1.763994299416853095e-02 -4.956736288536380264e-01 -5.954738325943222943e-01 -6.322330017533575042e-01 4.218723917777471577e-01 4.712254462229444885e-01 -7.745774745628010161e-01 -2.090119838608529013e-01 -6.617004957959266020e-01 5.655131559336352698e-01
1.584057353836325884e+09 7.569617394807118815e-01 -6.533077078618693134e-01 1.406996527884597087e-02 -5.088115088475557712e-01 -6.027767233002191416e-01 -6.146308408006310176e-01 4.100241133639306312e-01 4.580930700873246386e-01 -7.886893975517033084e-01 -2.138234707823289948e-01 -6.599803233536656322e-01 5.743263961967732811e-01
1.584057353836334944e+09 7.546252614471600229e-01 -6.560730277359254625e-01 1.043538094962466120e-02 -5.217744994263727731e-01 -6.096444922436871083e-01 -5.967285521716394481e-01 3.978593804917610610e-01 4.448615239837218072e-01 -8.023753099678287981e-01 -2.184797396325007246e-01 -6.581697179902100681e-01 5.832046545944180593e-01
1.584057353836343050e+09 7.521446702476305424e-01 -6.589638496571205151e-01 6.711182868439790131e-03 -5.345710755268878733e-01 -6.160542602575643789e-01 -5.785420587823304484e-01 3.853727550529790769e-01 4.315597217428887022e-01 -8.156249422647973146e-01 -2.229782575474424378e-01 -6.562753794004253516e-01 5.921465459737044190e-01
1.584057353836352110e+09 7.495063372491105325e-01 -6.619909750107553226e-01 2.863483905082546237e-03 -5.472136452348115299e-01 -6.219781210038219932e-01 -5.600896746173336105e-01 3.725553341440598354e-01 4.182238230475999741e-01 -8.284270378546528812e-01 -2.273163472757381565e-01 -6.543038651198427313e-01 6.011508067714383952e-01
1.584057353836360931e+09 7.466942165792270769e-01 -6.651664631913902781e-01 -1.150341224891682571e-03 -5.597173195069932161e-01 -6.273841551565314534e-01 -5.413923200914450007e-01 3.593943089086756304e-01 4.048983801796738335e-01 -8.407693100157193067e-01 -2.314912084279034943e-01 -6.522616449114962967e-01 6.102162617817394885e-01
1.584057353836369991e+09 7.436904134030452029e-01 -6.685025153535167908e-01 -5.381086393225311022e-03 -5.720983384516697967e-01 -6.322378207150979312e-01 -5.224737594844628408e-01 3.458728960993532331e-01 3.916372367281176214e-01 -8.526383845242879733e-01 -2.354999470278499596e-01 -6.501551507992343604e-01 6.193417919556780671e-01
1.584057353836379051e+09 7.404759166336047915e-01 -6.720101733205496863e-01 -9.886554083717340874e-03 -5.843721659217201436e-01 -6.365037736878507157e-01 -5.033608227987645956e-01 3.319707648009598833e-01 3.785039936431837115e-01 -8.640197557498345837e-01 -2.393396139179733151e-01 -6.479908221406157631e-01 6.285263030038314991e-01
1.584057353836388111e+09 7.370314530935311303e-01 -6.756979135295333450e-01 -1.472979684231097083e-02 -5.965514036017585120e-01 -6.401480402610091325e-01 -4.840835770425677143e-01 3.176650124119027030e-01 3.655719031480343939e-01 -8.748977790178960046e-01 -2.430072516685712891e-01 -6.457751446769637305e-01 6.377686950248858677e-01
1.584057353836396933e+09 7.333384319540693363e-01 -6.795702134933884198e-01 -1.997671804976193510e-02 -6.086436797912911922e-01 -6.431404796580943994e-01 -4.646753647729119918e-01 3.029317008278373247e-01 3.529230065149600581e-01 -8.852557462780867858e-01 -2.464999489786049713e-01 -6.435146823828604701e-01 6.470678336560131694e-01
1.584057353836405993e+09 7.293798585886360764e-01 -6.836262683116897110e-01 -2.569333127091619207e-02 -6.206498446813280001e-01 -6.454572436093087839e-01 -4.451726823614439166e-01 2.877477928284404851e-01 3.406465501318517997e-01 -8.950760502985239953e-01 -2.498149003204553353e-01 -6.412161008784806882e-01 6.564225236151991494e-01
1.584057353836414099e+09 7.251411552176514341e-01 -6.878589674084167882e-01 -3.194285644363087373e-02 -6.325626778953672424e-01 -6.470830484036965702e-01 -4.256148342738857449e-01 2.720932995078620409e-01 3.288366913757820309e-01 -9.043404596612553137e-01 -2.529494678463438673e-01 -6.388861815221711371e-01 6.658314856080250754e-01
1.584057353836422920e+09 7.206108015238893438e-01 -6.922542528990480726e-01 -3.878301409922168402e-02 -6.443663196617237521e-01 -6.480129844271502737e-01 -4.060433699138422114e-01 2.559533529857349055e-01 3.175897062687409456e-01 -9.130304812983361940e-01 -2.559012420088922490e-01 -6.365318258421952535e-01 6.752933375509203584e-01
1.584057353836437941e+09 7.157807556947540784e-01 -6.967909091713220260e-01 -4.626379562455969902e-02 -6.560364884263977237e-01 -6.482536849278424107e-01 -3.865013402075090365e-01 2.393199442598359372e-01 3.070009593548500559e-01 -9.211277736812887307e-01 -2.586680966101756463e-01 -6.341600506103468593e-01 6.848065810266665832e-01
1.584057353836447954e+09 7.106466629393095591e-01 -7.014407663015186367e-01 -5.442583886265368182e-02 -6.675414021844409129e-01 -6.478237993342444989e-01 -3.670324257301266213e-01 2.221931522609192355e-01 2.971618692864386180e-01 -9.286145738372418856e-01 -2.612482351821550086e-01 -6.317779747803903279e-01 6.943695932745768129e-01
1.584057353836457014e+09 7.052078718044346717e-01 -7.061692648953448170e-01 -6.329950216684389341e-02 -6.788432522644751721e-01 -6.467537673336918314e-01 -3.476800302666705478e-01 2.045817599088387562e-01 2.881571340923607671e-01 -9.354740882550709458e-01 -2.636402259480729593e-01 -6.293928000793009847e-01 7.039806247168872710e-01
1.584057353836466074e+09 6.994672796167812345e-01 -7.109362918919370777e-01 -7.290482651226719291e-02 -6.899000534950405772e-01 -6.450848908426400907e-01 -3.284865293214399573e-01 1.865031930532136117e-01 2.800626227275785918e-01 -9.416907595088116478e-01 -2.658430238956007718e-01 -6.270117875003209384e-01 7.136378015230355754e-01
1.584057353836474895e+09 6.934310989047479667e-01 -7.156971444753497114e-01 -8.325207849612945021e-02 -7.006675684693701722e-01 -6.428679718618030003e-01 -3.094926968461110262e-01 1.679829445263567034e-01 2.729438922484253016e-01 -9.472504221402658908e-01 -2.678559805270825378e-01 -6.246422320415964125e-01 7.233391321581581490e-01
1.584057353836483955e+09 6.871086011420285411e-01 -7.204035232684875556e-01 -9.434264153253335561e-02 -7.111011050097663100e-01 -6.401617200374616345e-01 -2.907373226885981432e-01 1.490536439480407427e-01 2.668552716972095729e-01 -9.521403653903116604e-01 -2.696788432511267319e-01 -6.222914376842373363e-01 7.330825166288091888e-01
1.584057353836499929e+09 6.805118705212934715e-01 -7.250044765629418686e-01 -1.061701613243892783e-01 -7.211570702523014686e-01 -6.370310605932090198e-01 -2.722570623807114565e-01 1.297538985441044623e-01 2.618395252337801238e-01 -9.563493028440664956e-01 -2.713117469176765106e-01 -6.199666940413220972e-01 7.428657572051607927e-01
1.584057353836515903e+09 6.736555959226389056e-01 -7.294472504521418710e-01 -1.187217208528678625e-01 -7.307942042603396970e-01 -6.335455002295651283e-01 -2.540864622720644950e-01 1.101270592698365969e-01 2.579279126383671739e-01 -9.598672944271879892e-01 -2.727551994125112511e-01 -6.176752556385206594e-01 7.526865697227507201e-01
1.584057353836533070e+09 6.665569081086931691e-01 -7.336780257148546314e-01 -1.319789488822897539e-01 -7.399744854206549149e-01 -6.297776273277445602e-01 -2.362581240834694118e-01 9.022000476674388314e-02 2.551405394516403358e-01 -9.626856475925004153e-01 -2.740100628065885724e-01 -6.154243244649112432e-01 7.625425947977112484e-01
1.584057353836550951e+09 6.592352676145873946e-01 -7.376425230883768558e-01 -1.459190535100836073e-01 -7.486637268086813179e-01 -6.258017816171100867e-01 -2.188030037210494660e-01 7.008199608018213234e-02 2.534869590875871159e-01 -9.647968053483191309e-01 -2.750775320976917571e-01 -6.132210359938657929e-01 7.724314083155365829e-01
1.584057353836568117e+09 6.517124056779040053e-01 -7.412864781726363761e-01 -1.605157240779549466e-01 -7.568318964153756268e-01 -6.216929265252175707e-01 -2.017508013079082618e-01 4.976365072945274082e-02 2.529669198875610925e-01 -9.661942437838544340e-01 -2.759591128867088239e-01 -6.110724486541356804e-01 7.823505308231195610e-01
