1.584005329892935991e+09 -4.168560178476047318e-01 3.768626711785046379e-01 8.271672065646596961e-01 3.377036544200416324e-01 -7.806579695760106352e-01 5.258606056097290260e-01 8.439119044302662020e-01 4.985455464632302935e-01 1.981540711761985429e-01 -1.221062150891702863e-01 1.250703068301864063e+00 1.555087121116847770e+00
1.584005329893003941e+09 -4.127570942944642218e-01 3.981216134030418630e-01 8.192257089540890824e-01 3.267718186775747657e-01 -7.748183122502246833e-01 5.411808955644097363e-01 8.502068924041925602e-01 4.910761287552914967e-01 1.897168314528963617e-01 -1.286639530125253117e-01 1.242514830525164093e+00 1.564114719366828110e+00
1.584005329893033028e+09 -4.082105949043426385e-01 4.192280109193536330e-01 8.109327871231668539e-01 3.163382185842898986e-01 -7.683158237074129149e-01 5.564359142880378473e-01 8.563260138145063483e-01 4.836720688593938999e-01 1.810168172630086114e-01 -1.357207726833092598e-01 1.235315282209053400e+00 1.573597150225433783e+00
1.584005329893055916e+09 -4.031114845696108784e-01 4.401648366553360670e-01 8.023440956020057024e-01 3.065522091393629855e-01 -7.611357569647040355e-01 5.715751068322828532e-01 8.622800440377750286e-01 4.763688448460307034e-01 1.718890618330061737e-01 -1.432398853098444114e-01 1.229163930055259035e+00 1.583454761851113446e+00
1.584005329893080950e+09 -3.974036518736369650e-01 4.608949869309154623e-01 7.935024566266547508e-01 2.974418267010517369e-01 -7.533339016139884992e-01 5.865291063711565167e-01 8.681006263525903321e-01 4.691096289836700906e-01 1.622881966953092503e-01 -1.511761091952905922e-01 1.224108293637779843e+00 1.593603928613027243e+00
1.584005329893106937e+09 -3.910982707782071355e-01 4.813803611987323983e-01 7.844202257892340935e-01 2.889357167780725044e-01 -7.449967257457413838e-01 6.012453994965037962e-01 8.738182273411826406e-01 4.617930562408001927e-01 1.522789514096746233e-01 -1.594772034847946607e-01 1.220182775055106861e+00 1.603959160750337620e+00
1.584005329893130064e+09 -3.842790111814308740e-01 5.015946065981031765e-01 7.750693468246956375e-01 2.808887831214382791e-01 -7.362084315971683113e-01 6.157098642909423214e-01 8.794493352966539224e-01 4.543126634797319263e-01 1.420171493875464486e-01 -1.680854279004538598e-01 1.217408057509841157e+00 1.614435233969427896e+00
1.584005329893151999e+09 -3.771018189129693998e-01 5.215275671721587569e-01 7.653778250336708000e-01 2.731076296544585613e-01 -7.270269883311070158e-01 6.299555389808800809e-01 8.849895146675612612e-01 4.465879031607202232e-01 1.317300419623061991e-01 -1.769392349101942818e-01 1.215791045367307310e+00 1.624949227891981707e+00
1.584005329893173933e+09 -3.697948157391522939e-01 5.411820396105513353e-01 7.552309543904525135e-01 2.653740409882303086e-01 -7.174687737112684927e-01 6.440614701690987598e-01 8.904091266938360949e-01 4.385892829244816826e-01 1.217005681406057999e-01 -1.859749975961419721e-01 1.215325319629816603e+00 1.635422373890809133e+00
1.584005329893198967e+09 -3.626615482994996476e-01 5.605636738577937095e-01 7.444763053078076176e-01 2.574666564271561597e-01 -7.075008865108828315e-01 6.581439178940757806e-01 8.956492184412762070e-01 4.303613173777894874e-01 1.122569120265443643e-01 -1.951286818016387814e-01 1.215992049423564980e+00 1.645781632146611884e+00
1.584005329893223047e+09 -3.561331479944147560e-01 5.795382361096141910e-01 7.330106506833624636e-01 2.492372221587294268e-01 -6.971114910183884295e-01 6.722472584006184970e-01 9.005831379009786586e-01 4.221030707470397880e-01 1.038220096207789489e-01 -2.043373834890403196e-01 1.217761274954007655e+00 1.655960941994653490e+00
1.584005329893244982e+09 -3.488644228414603532e-01 5.981868842304607359e-01 7.214333415076192857e-01 2.414232446882748073e-01 -6.864530766287367802e-01 6.859278320330466361e-01 9.055431694188614822e-01 4.134665953588783083e-01 9.506283778917697103e-02 -2.135479714877271118e-01 1.220321875991750238e+00 1.665968793201187292e+00
1.584005329893266916e+09 -3.408731035569051993e-01 6.164840806622610137e-01 7.097555253678489162e-01 2.340104680948235372e-01 -6.755673752082668182e-01 6.991765318020071174e-01 9.105188786483459085e-01 4.044206970460278439e-01 8.601901948473092419e-02 -2.227292834554139012e-01 1.223640168007763762e+00 1.675779050250687519e+00
1.584005329893306971e+09 -3.321772174791933208e-01 6.344061102078746295e-01 6.979879538698327002e-01 2.269861320827100681e-01 -6.644935679060571809e-01 7.119870745315797222e-01 9.154974562014986939e-01 3.949394711802393654e-01 7.672823521891215803e-02 -2.318522978412406177e-01 1.227679074925475122e+00 1.685371053907667616e+00
1.584005329893333912e+09 -3.227950193267072887e-01 6.519308290495235969e-01 6.861410713995863553e-01 2.203389133772223896e-01 -6.532684580285366138e-01 7.243556345077958314e-01 9.204640889415812710e-01 3.850019691276570510e-01 6.722607399009840334e-02 -2.408905377322541064e-01 1.232399158315964582e+00 1.694729458001819511e+00
1.584005329893361092e+09 -3.127451826114687750e-01 6.690375042512007875e-01 6.742249393839894189e-01 2.140587835489118629e-01 -6.419265196403272089e-01 7.362806399834544990e-01 9.254022305031487372e-01 3.745919935591593974e-01 5.754607222498122482e-02 -2.498203329251829363e-01 1.237759591389170355e+00 1.703843908605712665e+00
1.584005329893383980e+09 -3.020471364046252161e-01 6.857067492591586433e-01 6.622490329467486392e-01 2.081368456036165049e-01 -6.304998150966903969e-01 7.477626875631359082e-01 9.302938144334278459e-01 3.636980032014073827e-01 4.771982377967238370e-02 -2.586209469592757326e-01 1.243719049665597209e+00 1.712708599486159944e+00
1.584005329893407106e+09 -2.907213923726146287e-01 7.019205339018798062e-01 6.502219900407314457e-01 2.025652051280439347e-01 -6.190178346434850321e-01 7.588044928116550736e-01 9.351194629400535474e-01 3.523130494711588234e-01 3.777704978408800984e-02 -2.672745824359534783e-01 1.250236493762297174e+00 1.721321741201888411e+00
1.584005329893429041e+09 -2.787898121471317769e-01 7.176622466509098297e-01 6.381513461582890567e-01 1.973368749310761006e-01 -6.075072986958292010e-01 7.694108395845239423e-01 9.398587121030791414e-01 3.404346958065618267e-01 2.774562059832013511e-02 -2.757662827741629297e-01 1.257271829211157987e+00 1.729684980719007115e+00
1.584005329893459082e+09 -2.662758592534749669e-01 7.329168039988247507e-01 6.260432296764117943e-01 1.924456781633648861e-01 -5.959919169407381645e-01 7.795885428506345027e-01 9.444902477079297753e-01 3.280649229972218972e-01 1.765158833621217546e-02 -2.840837513107254964e-01 1.264786437312230394e+00 1.737802805363811043e+00
1.584005329893472910e+09 -2.532047293497673435e-01 7.476707693566717605e-01 6.139020979873046624e-01 1.878861708776180528e-01 -5.844921821390159922e-01 7.893463600079160258e-01 9.489921770529959888e-01 3.152099459244589452e-01 7.519186782188677295e-03 -2.922171104013514542e-01 1.272743576730421156e+00 1.745681961214289535e+00
1.584005329893482924e+09 -2.396033238689213862e-01 7.619124482695552869e-01 6.017305614571671901e-01 1.836535805570213842e-01 -5.730252557268510349e-01 7.986948221280711913e-01 9.533423361096602378e-01 3.018799062719136894e-01 -2.629193333874576578e-03 -3.001586223674219678e-01 1.281108663258164970e+00 1.753330909495610657e+00
1.584005329893491983e+09 -2.255001325079516450e-01 7.756319541671402584e-01 5.895292716587194892e-01 1.797437320619991175e-01 -5.616049344784932451e-01 8.076460168912246163e-01 9.575186062433872491e-01 2.880884752672924765e-01 -1.277299507706086863e-02 -3.079023913465800955e-01 1.289849441321455625e+00 1.760759337026413185e+00
1.584005329893501997e+09 -2.109250718968471716e-01 7.888212443948779962e-01 5.772968548895159868e-01 1.761529464331045847e-01 -5.502416804701384390e-01 8.162133500395363228e-01 9.614992219376070626e-01 2.738524014868762291e-01 -2.289342046523277704e-02 -3.154440615245290291e-01 1.298936063887817349e+00 1.767977729922245000e+00
1.584005329893512011e+09 -1.959093114729110185e-01 8.014741288853636236e-01 5.650298776475084495e-01 1.728779073406672695e-01 -5.389426954108897938e-01 8.244113053950590242e-01 9.652630579844299064e-01 2.591910340346071373e-01 -3.297327787722937470e-02 -3.227805240411262266e-01 1.308341097369890349e+00 1.774997014620781188e+00
1.584005329893522024e+09 -1.804851017938807756e-01 8.135862535160782727e-01 5.527228386350838685e-01 1.699154965049874955e-01 -5.277120249910109973e-01 8.322552150475109878e-01 9.687898907167293849e-01 2.441258427544994170e-01 -4.299675373587767691e-02 -3.299096409075696901e-01 1.318039468443013229e+00 1.781828265309228332e+00
1.584005329893532038e+09 -1.646856049898321739e-01 8.251550571199479656e-01 5.403681924828747096e-01 1.672626046832966784e-01 -5.165506887792841173e-01 8.397610417509464575e-01 9.720606322961152790e-01 2.286799465625390382e-01 -5.294912149961868153e-02 -3.368299920068257292e-01 1.328008366906649806e+00 1.788482474414814005e+00
1.584005329893542051e+09 -1.485447289865237386e-01 8.361797027044450825e-01 5.279564077687918244e-01 1.649159241529908615e-01 -5.054568297574351110e-01 8.469451761824708935e-01 9.750575376491686930e-01 2.128776605547742784e-01 -6.281640070568240974e-02 -3.435406504970460184e-01 1.338227115004233747e+00 1.794970381988306496e+00
1.584005329893552065e+09 -1.320968679068548202e-01 8.466609421120470103e-01 5.154761554328586293e-01 1.628717666762882210e-01 -4.944259729285247484e-01 8.538241886710957740e-01 9.777643915501265104e-01 1.967440131745057108e-01 -7.258504104807844692e-02 -3.500409901796569523e-01 1.348677012434192024e+00 1.801302358176726459e+00
1.584005329893560886e+09 -1.153764786719796848e-01 8.566008765030995731e-01 5.029147112305191181e-01 1.611259550240292104e-01 -4.834514779668554474e-01 8.604144904147570383e-01 9.801666669808206667e-01 1.803042072386606687e-01 -8.224170522975199349e-02 -3.563305252141870105e-01 1.359341166716223626e+00 1.807488330795109732e+00
1.584005329893570900e+09 -9.841763237610942627e-02 8.660026668806383165e-01 4.902584530855166878e-01 1.596737614280336892e-01 -4.725250718385637372e-01 8.667319923954647232e-01 9.822516275482922055e-01 1.635831218664134945e-01 -9.177310448339061344e-02 -3.624087797669904853e-01 1.370204318019604628e+00 1.813537748956250750e+00
1.584005329893579960e+09 -8.125340365456454328e-02 8.748701379351504492e-01 4.774935877816368079e-01 1.585099794527576322e-01 -4.616376032040713229e-01 8.727916761566388848e-01 9.840083694154470040e-01 1.466047931519626479e-01 -1.011660211364147771e-01 -3.682751851703567336e-01 1.381252664437166322e+00 1.819459575010626606e+00
1.584005329893589973e+09 -6.391505650850939912e-02 8.832072556372861927e-01 4.646071559606758106e-01 1.576292015635378796e-01 -4.507800869336449079e-01 8.786070499859226501e-01 9.854277754538584011e-01 1.293918742788256193e-01 -1.104076198548930299e-01 -3.739290031875840414e-01 1.392473690871781633e+00 1.825262298708969277e+00
1.584005329893599033e+09 -4.643112040649510081e-02 8.910175263059213480e-01 4.515882185156903095e-01 1.570263212642671324e-01 -4.399449667047585777e-01 8.841895503498039544e-01 9.865023495951189547e-01 1.119651481503489976e-01 -1.194860666786304038e-01 -3.793692727972321488e-01 1.403856004638563304e+00 1.830953967587832132e+00
1.584005329893614054e+09 -2.882655262814478106e-02 8.983034230807918075e-01 4.384290024321032542e-01 1.566972052207224742e-01 -4.291273944172032673e-01 8.895480119044418821e-01 9.872259194363237622e-01 9.434320194604450815e-02 -1.283913724789289557e-01 -3.845947753381740442e-01 1.415389181650668959e+00 1.836542227239992275e+00
1.584005329893624067e+09 -1.112214023289329924e-02 9.050659310622581888e-01 4.251258150897777033e-01 1.566394606142924861e-01 -4.183263473752953376e-01 8.946882958419292153e-01 9.875932247848564494e-01 7.654232705749809684e-02 -1.371163550238297113e-01 -3.896040131413704422e-01 1.427063625374982658e+00 1.842034366631606579e+00
1.584005329893632889e+09 6.665853001299605618e-03 9.113042253484548993e-01 4.116797001244024146e-01 1.568532826225055021e-01 -4.075455659168297218e-01 8.996130610871008182e-01 9.875994200072347740e-01 5.857662392861993916e-02 -1.456576981070638321e-01 -3.943951977177121426e-01 1.438870439161449299e+00 1.847437365179202873e+00
1.584005329893642902e+09 2.452584905489169076e-02 9.170154549807505440e-01 3.980968955961400324e-01 1.573424111656435698e-01 -3.967943850641946768e-01 9.043216141818890552e-01 9.872395092577204156e-01 4.045827002327107014e-02 -1.540171420155874715e-01 -3.989662473011479360e-01 1.450801309961331942e+00 1.852757940561678751e+00
1.584005329893651962e+09 4.245085102500629343e-02 9.221946627446470091e-01 3.843890340283391827e-01 1.581151347463917167e-01 -3.860884022328326393e-01 9.088098536392841265e-01 9.865077443550034353e-01 2.219797220347923331e-02 -1.622027146659603958e-01 -4.033147929054321512e-01 1.462848402324486319e+00 1.858002596075584156e+00
1.584005329893661976e+09 6.043798027871878642e-02 9.268348770254183355e-01 3.705730177681681448e-01 1.591852344589842760e-01 -3.754499011079879267e-01 9.130703330711543719e-01 9.853970326367450516e-01 3.805625935179288155e-03 -1.702298609800564910e-01 -4.074381915825729394e-01 1.475004262039579350e+00 1.863177666381859332e+00
1.584005329893671036e+09 7.848754742529777395e-02 9.309274259253164097e-01 3.566704820810470689e-01 1.605726886154161814e-01 -3.649079049639917804e-01 9.170924886902277473e-01 9.838984281049253378e-01 -1.470880194023208021e-02 -1.781222462397391570e-01 -4.113335469128341360e-01 1.487261728269158034e+00 1.868289361132175141e+00
1.584005329893681049e+09 9.660184120613632408e-02 9.344623777877034687e-01 3.427070892229048260e-01 1.623042155048478874e-01 -3.544980859282354513e-01 9.208628828164384661e-01 9.820007261506156215e-01 -3.333424471153588475e-02 -1.859123510058573181e-01 -4.149977373614164300e-01 1.499613853144574405e+00 1.873343806122220290e+00
1.584005329893692017e+09 1.147836090170192835e-01 9.374291302290470584e-01 3.287116504289744889e-01 1.644135368026471145e-01 -3.442624831970242383e-01 9.243654752453120960e-01 9.796902123989978950e-01 -5.205736026050747367e-02 -1.936417291279548814e-01 -4.184274538279640354e-01 1.512053827959162655e+00 1.878347081680326491e+00
1.584005329893702030e+09 1.330342325184490360e-01 9.398171719579285766e-01 3.147150719300369492e-01 1.669412179284646969e-01 -3.342489626565119942e-01 9.275819429926582815e-01 9.769506246407324568e-01 -7.086123447092881888e-02 -2.013607775876143646e-01 -4.216192479556028494e-01 1.524574915534360642e+00 1.883305257849031467e+00
1.584005329893711090e+09 1.513516473525977624e-01 9.416170391096342351e-01 3.007491159268136371e-01 1.699339167985556009e-01 -3.245103228537176143e-01 9.304920819272489707e-01 9.737633916994244965e-01 -8.972403419941649139e-02 -2.091278435798661350e-01 -4.245695919753461056e-01 1.537170389081988553e+00 1.888224425564729358e+00
1.584005329893721104e+09 1.697281851117757312e-01 9.428214335467588469e-01 2.868450589642373427e-01 1.734429867775558465e-01 -3.151030489762691178e-01 9.330742730940383423e-01 9.701081763198866614e-01 -1.086177391708343515e-01 -2.170076341101161432e-01 -4.272749495393601271e-01 1.549833478547068655e+00 1.893110722771129018e+00
1.584005329893731117e+09 1.881485372618444951e-01 9.434264674936647666e-01 2.730322848810243785e-01 1.775223767556637078e-01 -3.060856656315048552e-01 9.353060308221943231e-01 9.659637332327719594e-01 -1.275071214403711573e-01 -2.250688791200288752e-01 -4.297318560420954614e-01 1.562557325667805364e+00 1.897970354405734472e+00
1.584005329893739939e+09 2.065881669879186533e-01 9.434329061056160315e-01 2.593370030797443326e-01 1.822260587338265236e-01 -2.975168559413216562e-01 9.371645448882258700e-01 9.613089997601630410e-01 -1.463491455303887745e-01 -2.333815221263021988e-01 -4.319370051878584915e-01 1.575334949193369249e+00 1.902809605279895511e+00
1.584005329893749952e+09 2.250123844000471718e-01 9.428473087208236736e-01 2.457811618761803485e-01 1.876051679540704231e-01 -2.894534119300635755e-01 9.386272015690779735e-01 9.561243266759660298e-01 -1.650929285237847932e-01 -2.420136301476030205e-01 -4.338873375650670883e-01 1.588159221391704401e+00 1.907634845267775825e+00
1.584005329893759966e+09 2.433762593581479117e-01 9.416829342317423190e-01 2.323816859957592018e-01 1.937052145955070470e-01 -2.819482102263200507e-01 9.396720155645329475e-01 9.503927011789745638e-01 -1.836803158062068619e-01 -2.510283956416368700e-01 -4.355801262496621917e-01 1.601022856427494867e+00 1.912452526751078130e+00
1.584005329893769979e+09 2.616253873576783184e-01 9.399603140262965395e-01 2.191500969067339821e-01 2.005636832817510040e-01 -2.750483707314542725e-01 9.402779392035413020e-01 9.441008239960545501e-01 -2.020470294279998746e-01 -2.604815393010443403e-01 -4.370130534972206937e-01 1.613918410507297008e+00 1.917269174882029636e+00
1.584005329893779039e+09 2.796973848125699491e-01 9.377074465448124174e-01 2.060924982917063664e-01 2.082082159158172296e-01 -2.687936887192708957e-01 9.404250592026291988e-01 9.372399436549372354e-01 -2.201242782740685799e-01 -2.704192863302471994e-01 -4.381842743399620987e-01 1.626838292554675158e+00 1.922091371928883907e+00
1.584005329893789053e+09 2.975239082351999187e-01 9.349596021126084233e-01 1.932099031483261453e-01 2.166555228989301141e-01 -2.632154379818071321e-01 9.400946855779289679e-01 9.298063823454504329e-01 -2.378406523529207339e-01 -2.808770473451911998e-01 -4.390924634531885862e-01 1.639774783486442677e+00 1.926925737414266759e+00
1.584005329893799067e+09 3.150329139009742652e-01 9.317587656678261165e-01 1.804989362542916420e-01 2.259112165388811044e-01 -2.583357230878347566e-01 9.392692780374736206e-01 9.218017062371082204e-01 -2.551240033077443736e-01 -2.918790119243511172e-01 -4.397368434982436569e-01 1.652720061521570027e+00 1.931778906037975529e+00
1.584005329893809080e+09 3.321508666947516897e-01 9.281528322159046107e-01 1.679527374954649099e-01 2.359703195166584777e-01 -2.541672420900628060e-01 9.379323118444987673e-01 9.132326156449945831e-01 -2.719031691313924526e-01 -3.034383901648841642e-01 -4.401171960033501418e-01 1.665666230688149785e+00 1.936657505285868108e+00
1.584005329893817902e+09 3.488047104367789086e-01 9.241946519871448995e-01 1.555619472884519350e-01 2.468182315245344427e-01 -2.507133587622798476e-01 9.360681452606248731e-01 9.041106319343562570e-01 -2.881094536148204321e-01 -3.155580901329864685e-01 -4.402338577610791504e-01 1.678605349991356022e+00 1.941568134210055918e+00
1.584005329893827915e+09 3.649234697115196768e-01 9.199410111279853197e-01 1.433157267267824997e-01 2.584320358534925588e-01 -2.479684514986784383e-01 9.336618928457963706e-01 8.944516444764214480e-01 -3.036777624258463759e-01 -3.282317361085089757e-01 -4.400877064112603265e-01 1.691529461318228345e+00 1.946517344342284295e+00
1.584005329893836975e+09 3.804394513321424087e-01 9.154516216894645897e-01 1.312027150821509225e-01 2.707819137366727080e-01 -2.459184078680571595e-01 9.306993564579131295e-01 8.842753978637336587e-01 -3.185474302262182866e-01 -3.414448062521339700e-01 -4.396801380063904974e-01 1.704430614750971573e+00 1.951511623353269442e+00
1.584005329893846989e+09 3.952890619589224941e-01 9.107881663241882420e-01 1.192118861865642393e-01 2.838325448647106009e-01 -2.445411989141267062e-01 9.271670231170283660e-01 8.736049703216184348e-01 -3.326627697889511515e-01 -3.551757842436005230e-01 -4.390130387319101102e-01 1.717300890374386491e+00 1.956557381836858678e+00
1.584005329893857002e+09 4.094132612470688382e-01 9.060134345459778249e-01 1.073333040856420811e-01 2.975444527664440342e-01 -2.438075080006847639e-01 9.230521100765882725e-01 8.624662777974464456e-01 -3.459733454345699788e-01 -3.693972985802395637e-01 -4.380887536618507383e-01 1.730132416138209672e+00 1.961660943183701766e+00
1.584005329893867016e+09 4.227577068663639914e-01 9.011905706948164507e-01 9.555876100361039571e-02 3.118752217668950277e-01 -2.436813562862209515e-01 9.183426609347877800e-01 8.508876350747898165e-01 -3.584340276481869370e-01 -3.840771805094377878e-01 -4.369100544317854329e-01 1.742917381657267173e+00 1.966828536389529924e+00
