1.584057358420701027e+09 8.377151456190129464e-01 -3.600298309471797187e-01 -4.106237399666544108e-01 -5.410250242713509072e-01 -6.494813376683934436e-01 -5.342901041201425505e-01 -7.433208002807920045e-02 6.697406312280186347e-01 -7.388655013719650499e-01 -4.336225695045545780e-01 -6.820062964059014909e-01 5.011635035553577699e-01
1.584057358420762062e+09 8.342035422354178165e-01 -3.609877814928563189e-01 -4.168840029675985881e-01 -5.441949923194373540e-01 -6.611628651885882446e-01 -5.164450370156717929e-01 -8.919787365690101666e-02 6.576864660121783945e-01 -7.479921470952418661e-01 -4.469673871523998643e-01 -6.777379569144593718e-01 5.134136027429080373e-01
1.584057358420789003e+09 8.306572409935890633e-01 -3.619597038302121428e-01 -4.230764954279603862e-01 -5.469525957439305142e-01 -6.726302087102703497e-01 -4.984089290606749656e-01 -1.041700830493949986e-01 6.454097732438313084e-01 -7.566999529241953404e-01 -4.601312208889897226e-01 -6.732274229028543111e-01 5.257722585945303617e-01
1.584057358420804024e+09 8.270688449370811046e-01 -3.629678304319017279e-01 -4.291986486483177488e-01 -5.493110703077032086e-01 -6.838707162501017622e-01 -4.801855805009483391e-01 -1.192244688835706751e-01 6.329101024555467969e-01 -7.649904107802860675e-01 -4.731246377334584752e-01 -6.684978973640502975e-01 5.382290044399323792e-01
1.584057358420818090e+09 8.234410443296492632e-01 -3.640123428732140454e-01 -4.352468965366572129e-01 -5.512668155169917483e-01 -6.948809425934368011e-01 -4.617849867181329504e-01 -1.343493387848688769e-01 6.201898823083188406e-01 -7.728614141015924810e-01 -4.859597360090888718e-01 -6.635731112863657577e-01 5.507739055761398106e-01
1.584057358420828104e+09 8.197886230577845490e-01 -3.650698446325990609e-01 -4.412149388228973068e-01 -5.527958945665141233e-01 -7.056688805885368287e-01 -4.432246948753905680e-01 -1.495436814597241038e-01 6.072523690922041473e-01 -7.803084312783177268e-01 -4.986497082020752702e-01 -6.584765729175726667e-01 5.633976020462676537e-01
1.584057358420838118e+09 8.161415452285235572e-01 -3.660907590100994646e-01 -4.470911926161689753e-01 -5.538492586640572091e-01 -7.162568159259166123e-01 -4.245317097049363109e-01 -1.648149781987287010e-01 5.940990911156018850e-01 -7.873260399946261368e-01 -5.112083834092824297e-01 -6.532309323428765468e-01 5.760913305046143629e-01
1.584057358420847893e+09 8.125497015375923171e-01 -3.669951250980062474e-01 -4.528549004714530479e-01 -5.543460345323095728e-01 -7.266849351865949380e-01 -4.057455843249710425e-01 -1.801761824969716486e-01 5.807267717115744965e-01 -7.939099194712975205e-01 -5.236497676046708571e-01 -6.478574649532038432e-01 5.888469417282337082e-01
1.584057358420866013e+09 8.090900814999745227e-01 -3.676663009127727477e-01 -4.584699896253019435e-01 -5.541641707696532970e-01 -7.370156904216849103e-01 -3.869236929104810097e-01 -1.956407730092129815e-01 5.671237638283870286e-01 -8.000595757780371020e-01 -5.359875976244466989e-01 -6.423756706323646704e-01 6.016569257875679089e-01
1.584057358420883894e+09 8.058773826007510355e-01 -3.679421536496010336e-01 -4.638752159533829356e-01 -5.531278132060080122e-01 -7.473385600324664590e-01 -3.681503757632113016e-01 -2.112137937754772210e-01 5.532663449984620563e-01 -8.057822814927517729e-01 -5.482349232818498619e-01 -6.368029823985699167e-01 6.145144516095797371e-01
1.584057358420902967e+09 8.029284503572108322e-01 -3.675889887474030338e-01 -4.692379344790562623e-01 -5.508688384848240416e-01 -7.583193055962882401e-01 -3.485618363711073253e-01 -2.277046916608663762e-01 5.383587710452897301e-01 -8.113694641720787804e-01 -5.604037291850278990e-01 -6.311545755530045820e-01 6.274134233969357322e-01
1.584057358420922041e+09 7.997394705534769388e-01 -3.675796966213201178e-01 -4.746598214154682527e-01 -5.484821193216317115e-01 -7.688321359357794815e-01 -3.287316713748962838e-01 -2.440986362823321099e-01 5.232421176014933062e-01 -8.164762963428037201e-01 -5.723354827377571397e-01 -6.252909096800676192e-01 6.404371897439162797e-01
1.584057358420941114e+09 7.962772316547330753e-01 -3.679562451361950148e-01 -4.801570286990374248e-01 -5.460191921598857023e-01 -7.788422446557378143e-01 -3.086548233232911942e-01 -2.603951081598898654e-01 5.079497611485924713e-01 -8.210855181722170881e-01 -5.840227309177447035e-01 -6.192224064976739051e-01 6.535882090685886103e-01
1.584057358420958996e+09 7.925035810211760179e-01 -3.687632513283842783e-01 -4.857486373978546212e-01 -5.435369956058007102e-01 -7.883112808861865162e-01 -2.883276938891828900e-01 -2.765964726626881642e-01 4.925230848818040186e-01 -8.251759827610842812e-01 -5.954579331540659215e-01 -6.129594670277140889e-01 6.668690053242090077e-01
1.584057358420978069e+09 7.883763456753134502e-01 -3.700457671928670256e-01 -4.914558657273533915e-01 -5.410958614322265436e-01 -7.971983524180685787e-01 -2.677499876207056206e-01 -2.927080568320633569e-01 4.770124917933911135e-01 -8.287225570088633253e-01 -6.066335182315468755e-01 -6.065125714538192048e-01 6.802821200187355588e-01
1.584057358420996904e+09 7.838506434253805777e-01 -3.718466860645414096e-01 -4.973009260598420522e-01 -5.387569901215589763e-01 -8.054614476972118409e-01 -2.469266330243146124e-01 -3.087378736267259449e-01 4.614779502608295503e-01 -8.316964753851985304e-01 -6.175419570861092611e-01 -5.998923689136601567e-01 6.938300604620938339e-01
1.584057358421015978e+09 7.788804167672650491e-01 -3.742040741594176434e-01 -5.033056799346553589e-01 -5.365797280900497235e-01 -8.130591415016021895e-01 -2.258694934061269144e-01 -3.246959993517960497e-01 4.459889500223569447e-01 -8.340661633345074488e-01 -6.281758483173039975e-01 -5.931097537958902599e-01 7.075152458689690782e-01
1.584057358421036005e+09 7.734201013290639137e-01 -3.771486101266486868e-01 -5.094902088708073151e-01 -5.346188313386931457e-01 -8.199524990685050918e-01 -2.045986429021890707e-01 -3.405936761819211567e-01 4.306237631483409434e-01 -8.357984940842484445e-01 -6.385280119012480826e-01 -5.861759253794933677e-01 7.213399535619531289e-01
1.584057358421055079e+09 7.674262256893672474e-01 -3.807014266123407431e-01 -5.158715073494968273e-01 -5.329220487362525960e-01 -8.261069747809002273e-01 -1.831429944528550624e-01 -3.564422510212235107e-01 4.154680375543149951e-01 -8.368603418816910056e-01 -6.485915854307634509e-01 -5.791024283677589368e-01 7.353062679653394884e-01
1.584057358421077967e+09 7.608587866812469569e-01 -3.848725496887637210e-01 -5.224624650839062578e-01 -5.315282631971292027e-01 -8.314941200902015161e-01 -1.615401928503215068e-01 -3.722520817565199147e-01 4.006128417630608896e-01 -8.372202452157456731e-01 -6.583601157137902726e-01 -5.719011726969841503e-01 7.494160356121480904e-01
1.584057358421097040e+09 7.536823296859643806e-01 -3.896600042332287739e-01 -5.292712227352233123e-01 -5.304662850196653068e-01 -8.360929766352761527e-01 -1.398358148210002150e-01 -3.880315278395402023e-01 3.861523219593526179e-01 -8.368499973140730575e-01 -6.678276400928377932e-01 -5.645844333413587712e-01 7.636708284028966842e-01
1.584057358421113968e+09 7.458666765694739187e-01 -3.950496088308044773e-01 -5.363009486672358772e-01 -5.297543544270467697e-01 -8.398910429921808696e-01 -1.180820058058966726e-01 -4.037861129004474137e-01 3.721811960526374419e-01 -8.357259913932477691e-01 -6.769887521531852137e-01 -5.571648320843126667e-01 7.780719170137406770e-01
1.584057358421124935e+09 7.373871724212743839e-01 -4.010154982172101090e-01 -5.435501157517139692e-01 -5.294004870254960249e-01 -8.428846566594054845e-01 -9.633576767420388987e-02 -4.195179167924126817e-01 3.587924553100708125e-01 -8.338301336959325072e-01 -6.858386483672377354e-01 -5.496553047628410793e-01 7.926202552893563125e-01
1.584057358421134949e+09 7.282246266236430676e-01 -4.075211053153020568e-01 -5.510131051953222059e-01 -5.294033664082896662e-01 -8.450789221350909486e-01 -7.465715790610685798e-02 -4.352251934807038203e-01 3.460753737467688329e-01 -8.311503275595634177e-01 -6.943731555017274015e-01 -5.420690587253182979e-01 8.073164748441490346e-01
1.584057358421144009e+09 7.183650750013064190e-01 -4.145204046377159446e-01 -5.586809942649676453e-01 -5.297535613034769497e-01 -8.464872998850273556e-01 -5.310758559465471318e-02 -4.509021884316189444e-01 3.341138810338516452e-01 -8.276805732435220664e-01 -7.025887410578419701e-01 -5.344195253097121512e-01 8.221608880244275497e-01
1.584057358421153069e+09 7.077994025592749816e-01 -4.219592987008303209e-01 -5.665424575194503154e-01 -5.304349658451071869e-01 -8.471309166453209194e-01 -3.174834327351185037e-02 -4.665391226632543131e-01 3.229853874861606799e-01 -8.234207228699476078e-01 -7.104825101495784168e-01 -5.267203113673546433e-01 8.371534970158365230e-01
1.584057358421164036e+09 6.965229510529223900e-01 -4.297769876880836448e-01 -5.745846497304173406e-01 -5.314262573373129683e-01 -8.470377415824605905e-01 -1.063943491897541976e-02 -4.821222997340532390e-01 3.127599805179718251e-01 -8.183760034618544621e-01 -7.180521914846890175e-01 -5.189851526639109869e-01 8.522940073933147342e-01
1.584057358421174049e+09 6.845351588801400489e-01 -4.379072472216486989e-01 -5.827940110221111469e-01 -5.327022789349289411e-01 -8.462417092392822138e-01 1.016128876498778935e-02 -4.976343019814360447e-01 3.034999383830397912e-01 -8.125563914274452904e-01 -7.252961145757425010e-01 -5.112278711606511594e-01 8.675818447846258552e-01
1.584057358421184063e+09 6.718392299135532708e-01 -4.462795804823154189e-01 -5.911569887849026372e-01 -5.342353294555638454e-01 -8.447818259517919648e-01 3.059868512069787577e-02 -5.130542487369696980e-01 2.952595515968017836e-01 -8.059758900863294162e-01 -7.322131813969684488e-01 -5.034623376301619047e-01 8.830161729446269758e-01
1.584057358421200037e+09 6.584418622551813094e-01 -4.548202053908377840e-01 -5.996606498626586568e-01 -5.359963080542745617e-01 -8.427013190860590530e-01 5.062059650831471358e-02 -5.283580907120775105e-01 2.880851745596629265e-01 -7.986517767679907065e-01 -7.388028346730340923e-01 -4.957024402802490681e-01 8.985959121270745698e-01
