1.584057352728487968e+09 -8.335119986147002114e-02 -9.958040050357560569e-01 -3.777513782160756700e-02 -8.999901081892092147e-01 9.149891768227746969e-02 -4.261991943044063369e-01 4.278672488568754373e-01 -1.526963849834727651e-03 -9.038402988021844164e-01 5.340981478640239866e-01 -1.434131724186142043e-01 6.711547670559901979e-01
1.584057352728528976e+09 -8.424985893129335879e-02 -9.949611211410370748e-01 -5.435373666307452556e-02 -8.922903923047831309e-01 9.961115549658072776e-02 -4.403356373300098547e-01 4.435310779101805934e-01 1.140110168353773018e-02 -8.961864749094569094e-01 5.284176221694927289e-01 -1.449477819644953147e-01 6.774312744458549362e-01
1.584057352728543997e+09 -8.442477176204669920e-02 -9.939116222634055697e-01 -7.079650446969490418e-02 -8.843036556705485829e-01 1.074795590758305663e-01 -4.543734025572664370e-01 4.592161827325298429e-01 2.424523690679024346e-02 -8.879936182249642540e-01 5.224951885119070161e-01 -1.465706870872252043e-01 6.834569613149257261e-01
1.584057352728555918e+09 -8.388786113328204619e-02 -9.926647199310156822e-01 -8.706078659730927261e-02 -8.760276765610669480e-01 1.151049768197148215e-01 -4.683229166028207713e-01 4.749087666684205788e-01 3.698105081081211332e-02 -8.792576785164573083e-01 5.163410570877415839e-01 -1.482786233797384889e-01 6.892212968344186841e-01
1.584057352728565931e+09 -8.265352617610847996e-02 -9.912304424476713338e-01 -1.031048232728893621e-01 -8.674591741380052179e-01 1.224892536740208593e-01 -4.821939069981857062e-01 4.905945126300530479e-01 4.958419813467348364e-02 -8.699761097209590677e-01 5.099658632563693894e-01 -1.500681703362579944e-01 6.947142349847625908e-01
1.584057352728575945e+09 -8.073857740665150995e-02 -9.896196014799899521e-01 -1.188878736217128945e-01 -8.585938543093808439e-01 1.296351357514963221e-01 -4.959952872081078157e-01 5.062587040961439300e-01 6.203044375761615492e-02 -8.601478643774472799e-01 5.033806668635169013e-01 -1.519357505846352652e-01 6.999262668970815948e-01
1.584057352728585005e+09 -7.816227035778415544e-02 -9.878437413560072766e-01 -1.343703917128105940e-01 -8.494264785123861738e-01 1.365462855404438736e-01 -5.097349993120388056e-01 5.218863066920599314e-01 7.429572382651176976e-02 -8.497733982275951226e-01 4.965969502602750607e-01 -1.538776295017113549e-01 7.048484858209064230e-01
1.584057352728595018e+09 -7.494644961602897615e-02 -9.859150566994154818e-01 -1.495143159702514435e-01 -8.399509693333883087e-01 1.432274441143784327e-01 -5.234197821924910787e-01 5.374619975688781359e-01 8.635624029981708860e-02 -8.388546959794975777e-01 4.896266099618242773e-01 -1.558899171387061189e-01 7.094726612269122157e-01
1.584057352728605986e+09 -7.111577713050414029e-02 -9.838462627688867590e-01 -1.642835277804267635e-01 -8.301605694719305095e-01 1.496847464835542874e-01 -5.370548441199970435e-01 5.529701394922551527e-01 9.818863438207112160e-02 -8.273953208445065099e-01 4.824819381376904692e-01 -1.579685739855724025e-01 7.137913177141135268e-01
1.584057352728619099e+09 -6.669799187004242513e-02 -9.816504023563761283e-01 -1.786445226145619292e-01 -8.200480717391107621e-01 1.559261750140853164e-01 -5.506434309227828949e-01 5.683947026140780956e-01 1.097702852248440136e-01 -8.154004823285876391e-01 4.751755907471113538e-01 -1.601094219578390598e-01 7.177978126143741422e-01
1.584057352728630066e+09 -6.172408970620657520e-02 -9.793405852578137560e-01 -1.925672735511904377e-01 -8.096061265285318109e-01 1.619620650220756075e-01 -5.641863250888152770e-01 5.837191590822912168e-01 1.210797571021459268e-01 -8.028770988140908615e-01 4.677205407585858787e-01 -1.623081614467590805e-01 7.214864055591746483e-01
1.584057352728638887e+09 -5.622830066165675211e-02 -9.769296703313269381e-01 -2.060262057534020530e-01 -7.988276147443761355e-01 1.678055449895390350e-01 -5.776813490398879924e-01 5.989263896080102567e-01 1.320973819433849950e-01 -7.898338189610524251e-01 4.601300169918838279e-01 -1.645603945102777355e-01 7.248523138702441804e-01
1.584057352728648901e+09 -5.024781071034031821e-02 -9.744299015641009198e-01 -2.190011974458367650e-01 -7.877060794914394481e-01 1.734728503848732839e-01 -5.911229166151014125e-01 6.139986074035116426e-01 1.428059422303802617e-01 -7.762809884507188007e-01 4.524174305841659471e-01 -1.668616537523449628e-01 7.278917480919234739e-01
1.584057352728657961e+09 -4.382219565132569605e-02 -9.718525156767484630e-01 -2.314785151308612343e-01 -7.762361924904574995e-01 1.789834621677654780e-01 -6.045016904644089362e-01 6.289173146596063191e-01 1.531914098844469052e-01 -7.622305447295775194e-01 4.445962928105320899e-01 -1.692074357910851035e-01 7.306019241260638397e-01
1.584057352728666067e+09 -3.699257193551787337e-02 -9.692073459837281524e-01 -2.434515765791824826e-01 -7.644142319279497721e-01 1.843600350323202630e-01 -6.178043861489287414e-01 6.436632906186731118e-01 1.632436767327430371e-01 -7.476958408179764648e-01 4.366801285781049535e-01 -1.715932379518216033e-01 7.329810490656960553e-01
1.584057352728674889e+09 -2.980049151258969825e-02 -9.665024586653236938e-01 -2.549214155884289568e-01 -7.522385335972980869e-01 1.896280765039004279e-01 -6.310137725983385737e-01 6.582166203610158028e-01 1.729571912771548092e-01 -7.326914021099355523e-01 4.286823908163421848e-01 -1.740145964323360495e-01 7.350282807052732625e-01
1.584057352728683949e+09 -2.228666849874555086e-02 -9.637438475827359019e-01 -2.658967857642649535e-01 -7.397098889826319024e-01 1.948154046577998955e-01 -6.441088714536465920e-01 6.725567519481430168e-01 1.823314409903458166e-01 -7.172326408461421332e-01 4.206163811196347302e-01 -1.764671240516240969e-01 7.367436638788794623e-01
1.584057352728693962e+09 -1.448964869151605009e-02 -9.609352000198523314e-01 -2.763939063541721586e-01 -7.268318793003826217e-01 1.999514528126489776e-01 -6.570653207914379790e-01 6.866625585802708098e-01 1.913712567239414519e-01 -7.013355636239179125e-01 4.124951810346086933e-01 -1.789465459838172068e-01 7.381280480900196395e-01
1.584057352728703976e+09 -6.444502932046034492e-03 -9.580777734087768671e-01 -2.864357668102139876e-01 -7.136111020766022772e-01 2.050664055340251368e-01 -6.698559280549379880e-01 7.005124291670636882e-01 2.000868547422051669e-01 -6.850164868100725446e-01 4.043315972819428450e-01 -1.814487322149519188e-01 7.391829926197200917e-01
1.584057352728713036e+09 1.818335033567476840e-03 -9.551704031973550224e-01 -2.960509998963423706e-01 -7.000572658623452904e-01 2.101902197231494962e-01 -6.824513873398179165e-01 7.140843915208094916e-01 2.084935788165633019e-01 -6.682917846557742125e-01 3.961381227182894094e-01 -1.839697259488906056e-01 7.399106661391821049e-01
1.584057352728722095e+09 1.027397046981134293e-02 -9.522096508142743332e-01 -3.052723807570205672e-01 -6.861831365162280871e-01 2.153516009201956183e-01 -6.948211217125099814e-01 7.273562735923722045e-01 2.166113314129135270e-01 -6.511776888293440146e-01 3.879269132660798647e-01 -1.865057677174757345e-01 7.403137480943415838e-01
1.584057352728730917e+09 1.890359401903034253e-02 -9.491900899943495062e-01 -3.141350461438495723e-01 -6.720043249203434543e-01 2.205770101156787344e-01 -7.069342048117006616e-01 7.403059107316467546e-01 2.244637068306543637e-01 -6.336901473996672252e-01 3.797097795165189082e-01 -1.890533154848097752e-01 7.403953379071130936e-01
1.584057352728739977e+09 2.769460669675413364e-02 -9.461047213720049642e-01 -3.226745496372920297e-01 -6.575389098287743872e-01 2.258897721870817832e-01 -7.187603167387758285e-01 7.529114097049219856e-01 2.320768558863202380e-01 -6.158447386783865163e-01 3.714981906573736059e-01 -1.916090614454220020e-01 7.401588752764717283e-01
1.584057352728749037e+09 3.664032295247616339e-02 -9.429454429120540659e-01 -3.309250344888473028e-01 -6.428069647814900200e-01 2.313094269071017395e-01 -7.302706040148996269e-01 7.651514182207108661e-01 2.394782677708019447e-01 -5.976566460101601086e-01 3.633032880477281568e-01 -1.941699463605869591e-01 7.396080729052187941e-01
1.584057352728758097e+09 4.573930709581264936e-02 -9.397035469087082760e-01 -3.389176297269063665e-01 -6.278300077703886650e-01 2.368513367125120450e-01 -7.414384166446326141e-01 7.770054035670010961e-01 2.466955375435185838e-01 -5.791406691327927181e-01 3.551359057438885358e-01 -1.967331722582508768e-01 7.387468627781808017e-01
1.584057352728766918e+09 5.499442105107692214e-02 -9.363702133627300750e-01 -3.466791560022156604e-01 -6.126303981155819534e-01 2.425265522425605336e-01 -7.522398997647292695e-01 7.884539358776555540e-01 2.537551871461053987e-01 -5.603112492671029621e-01 3.470065951509230806e-01 -1.992962142912495238e-01 7.375793575736505625e-01
1.584057352728776932e+09 6.441168486439069474e-02 -9.329369643484796137e-01 -3.542312174714288275e-01 -5.972307196447778077e-01 2.483419280199665735e-01 -7.626544134376174178e-01 7.994789568266053026e-01 2.606816206769020927e-01 -5.411824925960643240e-01 3.389256508946604796e-01 -2.018568325170752020e-01 7.361098277811098933e-01
1.584057352728785992e+09 7.399906451002782881e-02 -9.293960481766579962e-01 -3.615897179281630236e-01 -5.816531939272288065e-01 2.543004594018296038e-01 -7.726647645507344064e-01 8.100640101183507191e-01 2.674962840877930792e-01 -5.217681837463662431e-01 3.309031351113120301e-01 -2.044130842474734255e-01 7.343426941757508208e-01
1.584057352728795052e+09 8.376531804124512370e-02 -9.257407180709504857e-01 -3.687648226513025596e-01 -5.659191849379502370e-01 2.604017999670246719e-01 -7.822572330947599184e-01 8.201943962597093574e-01 2.742171137958779314e-01 -5.020817930431376030e-01 3.229488977714577436e-01 -2.069633374163057926e-01 7.322825338182596955e-01
1.584057352728804111e+09 9.371901985527218704e-02 -9.219653849156771441e-01 -3.757613263239990009e-01 -5.500488466981068303e-01 2.666428920567404104e-01 -7.914214012760015793e-01 8.298572236275039149e-01 2.808583222053596118e-01 -4.821364861748425046e-01 3.150725911145216829e-01 -2.095062851649564795e-01 7.299340973647822084e-01
1.584057352728812933e+09 1.038678329172893489e-01 -9.180656520302719059e-01 -3.825793144870929252e-01 -5.340609291675871839e-01 2.730186259747892086e-01 -8.001498321211231168e-01 8.390413561113084784e-01 2.874304932538515045e-01 -4.619451421354344722e-01 3.072836770563491804e-01 -2.120409615587754981e-01 7.273023342759852294e-01
1.584057352728821993e+09 1.142180362045797370e-01 -9.140382622469639395e-01 -3.892149732220434588e-01 -5.179727210874732757e-01 2.795224529749772424e-01 -8.084376652086788795e-01 8.477372826874344236e-01 2.939409012887849171e-01 -4.415203802216205453e-01 2.995914275948339256e-01 -2.145667580360865190e-01 7.243924212258032735e-01
1.584057352728831053e+09 1.247742438654167452e-01 -9.098810068339803214e-01 -3.956613975316675136e-01 -5.018000682086678488e-01 2.861469053755184566e-01 -8.162822061797991857e-01 8.559369600952736468e-01 3.003939113328323862e-01 -4.208745875398124947e-01 2.920049186080314052e-01 -2.170834400153973387e-01 7.212097907428768329e-01
1.584057352728840113e+09 1.355392131042554849e-01 -9.055926455605479708e-01 -4.019092957917786424e-01 -4.855573916179398708e-01 2.928840189758393220e-01 -8.236825668361038577e-01 8.636336846139617274e-01 3.067913162953457840e-01 -4.000199333854053685e-01 2.845330169844063617e-01 -2.195911630579391316e-01 7.177601596246928617e-01
1.584057352728849888e+09 1.465136480637343475e-01 -9.011728676085933865e-01 -4.079475623695738573e-01 -4.692576513786508863e-01 2.997256874405076488e-01 -8.306393735833124126e-01 8.708220298070951104e-01 3.131325198592874726e-01 -3.789683594563095781e-01 2.771843607721584668e-01 -2.220904879531064580e-01 7.140495571769136518e-01
1.584057352728858948e+09 1.576959734966942861e-01 -8.966222881771463982e-01 -4.137637638955649066e-01 -4.529122558737451731e-01 3.066639866382653290e-01 -8.371545184817740237e-01 8.774978452771584614e-01 3.194145764709223068e-01 -3.577315472971711596e-01 2.699673317006669460e-01 -2.245823940567028554e-01 7.100843536594244609e-01
1.584057352728871107e+09 1.690820717940950957e-01 -8.919424706091589883e-01 -4.193445864054557437e-01 -4.365309277730149984e-01 3.136914981318325024e-01 -8.432309251524207072e-01 8.836583062130320965e-01 3.256321131928192614e-01 -3.363208658083485236e-01 2.628900196957614233e-01 -2.270682901111948648e-01 7.058712883650540837e-01
1.584057352728879929e+09 1.806650119974031743e-01 -8.871359540761112328e-01 -4.246762913697477160e-01 -4.201215595491063493e-01 3.208016447157329698e-01 -8.488722989859414092e-01 8.893019895884103354e-01 3.317771899213797226e-01 -3.147473075687078903e-01 2.559601789673605632e-01 -2.295500216958374917e-01 7.014174967888697765e-01
1.584057352728888988e+09 1.924348290589220911e-01 -8.822062615331320856e-01 -4.297452137056504418e-01 -4.036901082217294601e-01 3.279890284785580423e-01 -8.540828377608288280e-01 8.944289424727661642e-01 3.378391767223011821e-01 -2.930214285652671946e-01 2.491851759161447244e-01 -2.320298743488936888e-01 6.967305352935475593e-01
1.584057352728898048e+09 2.043784319003664751e-01 -8.771578620513739155e-01 -4.345383086006652240e-01 -3.872405880939241429e-01 3.352497374558898180e-01 -8.588668933568222030e-01 8.990407018320326626e-01 3.438047390543002568e-01 -2.711533107173023094e-01 2.425719293865763737e-01 -2.345105713608760245e-01 6.918184017186556067e-01
1.584057352728905916e+09 2.164797123455554362e-01 -8.719960702175068024e-01 -4.390437195703036921e-01 -3.707752098117589323e-01 3.425815707342322880e-01 -8.632285973126020417e-01 9.031402316229188987e-01 3.496580056819367788e-01 -2.491525660040737611e-01 2.361268436209046639e-01 -2.369952652231956391e-01 6.866895510220965004e-01
1.584057352728914976e+09 2.287199368097726782e-01 -8.667268677773362073e-01 -4.432513138217850091e-01 -3.542947133150434746e-01 3.499841126081971732e-01 -8.671714807780719347e-01 9.067317390865194948e-01 3.553810034508360638e-01 -2.270284030230491079e-01 2.298557347375518589e-01 -2.394875217082390040e-01 6.813529046435135017e-01
1.584057352728924990e+09 2.410785422886318752e-01 -8.613566280126913055e-01 -4.471531011328350735e-01 -3.377989558624674982e-01 3.574585520499343749e-01 -8.706981388636140240e-01 9.098203129796481603e-01 3.609544887710333105e-01 -2.047897829127229286e-01 2.237637525934814964e-01 -2.419912956361461587e-01 6.758178515038700818e-01
1.584057352728933096e+09 2.535343232967845473e-01 -8.558917681826980761e-01 -4.507434171384569477e-01 -3.212877152884416887e-01 3.650071925667346950e-01 -8.738100213520407777e-01 9.124113934839894746e-01 3.663591551341905395e-01 -1.824456591693803253e-01 2.178553007548044984e-01 -2.445108975925487926e-01 6.700942384460164547e-01
1.584057352728941917e+09 2.660668922311146822e-01 -8.503383807145344919e-01 -4.540187740263355032e-01 -3.047615981157492659e-01 3.726326631395799338e-01 -8.765074253601100596e-01 9.145101296413744585e-01 3.715770938369113985e-01 -1.600052692220304829e-01 2.121339569472901476e-01 -2.470509510913672657e-01 6.641923491854170303e-01
1.584057352728950977e+09 2.786582742903971344e-01 -8.447018920457661784e-01 -4.569773296017181075e-01 -2.882229330054592031e-01 3.803368791906179824e-01 -8.787897355188223347e-01 9.161206837003271763e-01 3.765933774256310929e-01 -1.374784384381204649e-01 2.066023957012904366e-01 -2.496163398474927075e-01 6.581228719182168341e-01
1.584057352728960037e+09 2.912945295546296443e-01 -8.389867843052346563e-01 -4.596179640079632867e-01 -2.716765587720451625e-01 3.881198072296838664e-01 -8.806559275254680630e-01 9.172455202996139256e-01 3.813976809265564594e-01 -1.148758657591670840e-01 2.012623158488774933e-01 -2.522121451520353275e-01 6.518968550874904011e-01
1.584057352728971004e+09 3.039672847499789721e-01 -8.331964129252324991e-01 -4.619389865733000700e-01 -2.551304272311964993e-01 3.959781052263377510e-01 -8.821053255242009561e-01 9.178847176780938755e-01 3.859858516693119856e-01 -9.220936733274390229e-02 1.961143757444489266e-01 -2.548435737053665329e-01 6.455256511168071532e-01
1.584057352728980064e+09 3.166750366560042718e-01 -8.273329521976359180e-01 -4.639365337985138504e-01 -2.385959558543760684e-01 4.039037319168214957e-01 -8.831385764587407206e-01 9.180353430306250617e-01 3.903613218168583421e-01 -6.949206743090065308e-02 1.911581390101484701e-01 -2.575158766335009508e-01 6.390208484233818043e-01
1.584057352728988886e+09 3.294241059455870757e-01 -8.213974911799328815e-01 -4.656027490590876616e-01 -2.220881059442797456e-01 4.118826111417680513e-01 -8.837587837600775487e-01 9.176909238216304221e-01 3.945362798797387716e-01 -4.673855211538186644e-02 1.863920338455865577e-01 -2.602342608805976454e-01 6.323941922354952005e-01
1.584057352728998899e+09 3.422291848003078951e-01 -8.153902863727617856e-01 -4.669238331740834802e-01 -2.056252235534729578e-01 4.198933870241949862e-01 -8.839727433625450548e-01 9.168410181455272090e-01 3.985325889325546100e-01 -2.396503837617617455e-02 1.818133296735958970e-01 -2.630037948604834197e-01 6.256574947339663684e-01
1.584057352729008913e+09 3.551134044352012298e-01 -8.093111765994993601e-01 -4.678780711335936426e-01 -1.892286949014374553e-01 4.279063047889689608e-01 -8.837922241023162817e-01 9.154709012639481447e-01 4.023824222949774487e-01 -1.189633045968713915e-03 1.774181352426177638e-01 -2.658293110454741370e-01 6.188225354955949609e-01
1.584057352729024887e+09 3.681078701134317122e-01 -8.031601566105771584e-01 -4.684339428563465413e-01 -1.729224950635753211e-01 4.358822254367906712e-01 -8.832352440234870761e-01 9.135613863918951028e-01 4.061286106648240302e-01 2.156721940727083370e-02 1.732014217844369264e-01 -2.687153088680689361e-01 6.119009541901394567e-01
1.584057352729038954e+09 3.812506320743921373e-01 -7.969380972026665066e-01 -4.685484231069256822e-01 -1.567327247604833884e-01 4.437717564225711619e-01 -8.823273095777727226e-01 9.110888038917063225e-01 4.098247155158321053e-01 4.428198319102310404e-02 1.691570733020096584e-01 -2.716658616806414961e-01 6.049041386972243695e-01
1.584057352729049921e+09 3.945850489923312665e-01 -7.906475931537788604e-01 -4.681655931163385964e-01 -1.406872222065050637e-01 4.515144865976653543e-01 -8.811025899043960496e-01 9.080251894437537663e-01 4.135348254399242029e-01 6.692685218796462499e-02 1.652779649456328492e-01 -2.746845318664467017e-01 5.978431124079125469e-01
1.584057352729062080e+09 4.081575076321385942e-01 -7.842939091353089420e-01 -4.672157029498190672e-01 -1.248153274819071845e-01 4.590383167242613194e-01 -8.796050010320036749e-01 9.043387545792553883e-01 4.173330658973837815e-01 8.946803414915573127e-02 1.615560704215867338e-01 -2.777742989267616980e-01 5.907284244839793308e-01
1.584057352729070902e+09 4.220145099983509951e-01 -7.778859811689295967e-01 -4.656148125627239120e-01 -1.091478724789622240e-01 4.662588508335909765e-01 -8.778891877615451200e-01 8.999947196117493720e-01 4.213028415989698572e-01 1.118634005892243793e-01 1.579825988048003949e-01 -2.809375060265962287e-01 5.835700472210629819e-01
1.584057352729084015e+09 4.361990687205526407e-01 -7.714374199867615189e-01 -4.632652366815455114e-01 -9.371740851755880342e-02 4.730789240790943539e-01 -8.760213347681033991e-01 8.949566580750878408e-01 4.255357078502599033e-01 1.340594702780515957e-01 1.545481591543454158e-01 -2.841758305008508789e-01 5.763772854094877385e-01
1.584057352729094028e+09 4.507463575359671459e-01 -7.649674337622703879e-01 -4.600571121908033634e-01 -7.855863344436972429e-02 4.793884448374928220e-01 -8.740796646208017773e-01 8.891885414940041699e-01 4.301296830711560659e-01 1.559877991275466780e-01 1.512429490394546494e-01 -2.874902833653628642e-01 5.691587030073017583e-01
1.584057352729109049e+09 4.656787527399967042e-01 -7.585015628295557200e-01 -4.558713398073621637e-01 -6.370897576622047698e-02 4.850646733963178692e-01 -8.721544754604615424e-01 8.826576152156101474e-01 4.351869044763163608e-01 1.775609544184666988e-01 1.480569608387228286e-01 -2.908812419787998871e-01 5.619220724060401961e-01
1.584057352729120970e+09 4.810005376710332903e-01 -7.520721139437533953e-01 -4.505840856205065026e-01 -4.920925931233448292e-02 4.899730575800673726e-01 -8.703475464890687574e-01 8.753381812778391335e-01 4.408105469401771837e-01 1.986683924616345354e-01 1.449801982433679415e-01 -2.943485190776046756e-01 5.546743510368894459e-01
1.584057352729134083e+09 4.966926920892378305e-01 -7.457182045811625581e-01 -4.440728870439063503e-01 -3.510435706100920733e-02 4.939687032438532799e-01 -8.687707432728668522e-01 8.672162670205498802e-01 4.471009724794043905e-01 2.191726868993864874e-01 1.420028938345448410e-01 -2.978914699443959146e-01 5.474216893733231393e-01
1.584057352729149103e+09 5.127082912541305326e-01 -7.394853849899264420e-01 -4.362242238708057829e-01 -2.144375233730277594e-02 4.968985026800777360e-01 -8.675436839467874917e-01 8.582950387887663402e-01 4.541511240117900861e-01 2.389066407808723980e-01 1.391157173500517097e-01 -3.015091375986342914e-01 5.401694734164684819e-01
1.584057352729159117e+09 5.289689956702855467e-01 -7.334248476672505790e-01 -4.269423783954416907e-01 -8.281894521575336454e-03 4.986040952258554149e-01 -8.667902667214889556e-01 8.486007376186908147e-01 4.620410685959694952e-01 2.576719602585654245e-01 1.363099634131539339e-01 -3.052004336165397569e-01 5.329224035155855077e-01
1.584057352729167938e+09 5.453631742302583740e-01 -7.275923131272943323e-01 -4.161591451568581457e-01 4.321708619352363293e-03 4.989257579748173632e-01 -8.666339543889529651e-01 8.381887204396185620e-01 4.708317257034509984e-01 2.752401770430483730e-01 1.335777078490313630e-01 -3.089643501710760409e-01 5.256846099776473213e-01
1.584057352729182005e+09 5.617461186067232992e-01 -7.220467018614213917e-01 -4.038438542152666955e-01 1.630275191108325472e-02 4.977074914974061737e-01 -8.671917165330025323e-01 8.271490304378653624e-01 4.805578146909929016e-01 2.913565997963665222e-01 1.309119222836917507e-01 -3.128001964907464183e-01 5.184598045181901815e-01
1.584057352729192019e+09 5.779427905827154710e-01 -7.168487184500084153e-01 -3.900128788849940298e-01 2.759284710818774716e-02 4.948035378842928766e-01 -8.685666892770075309e-01 8.156106703848352568e-01 4.912202904773490530e-01 3.057480345603746930e-01 1.283065378668936385e-01 -3.167078504067179501e-01 5.112514651456516734e-01
1.584057352729203939e+09 5.937534502861976371e-01 -7.120594986572311713e-01 -3.747373889423972204e-01 3.812077300020346587e-02 4.900863280509600295e-01 -8.708399380824034530e-01 8.037435206473162452e-01 5.027789389515169294e-01 3.181347067266122597e-01 1.257564508295646866e-01 -3.206880131949351731e-01 5.040630505862501165e-01
1.584057352729217052e+09 6.089622460370609502e-01 -7.077394141445289000e-01 -3.581478809011359177e-01 4.781439485236249620e-02 4.834556540668386582e-01 -8.740620196711891277e-01 7.917567597372330290e-01 5.151461464882686192e-01 3.282463727575197221e-01 1.232574655522933049e-01 -3.247424542255149538e-01 4.968982390667121551e-01
1.584057352729228973e+09 6.233484562426006015e-01 -7.039470639478254688e-01 -3.404338897426631427e-01 5.660337938411748315e-02 4.748484041985404636e-01 -8.782454386493379062e-01 7.798927872375972514e-01 5.281832297743250804e-01 3.358418024304274385e-01 1.208061740971932141e-01 -3.288742304892614543e-01 4.897611851432802088e-01
1.584057352729238033e+09 6.366995173035151501e-01 -7.007384122513579117e-01 -3.218375402078408332e-01 6.442274271458674206e-02 4.642476321264214500e-01 -8.833594094829758658e-01 7.684161860146700995e-01 5.417008525809996478e-01 3.407297337237678025e-01 1.183997745512477967e-01 -3.330878646889804950e-01 4.826567870931814941e-01
1.584057352729248047e+09 6.488243806973953420e-01 -6.981659498342398518e-01 -3.026404294386519367e-01 7.121711597400300076e-02 4.516893271227030993e-01 -8.893283275549901390e-01 7.575982084505584746e-01 5.554647228070378473e-01 3.427884133531766686e-01 1.160358349011032381e-01 -3.373894659455362044e-01 4.755909566707430813e-01
1.584057352729262114e+09 6.595654499342432642e-01 -6.962776184644080546e-01 -2.831446543812689565e-01 7.694550341701289486e-02 4.372653370127873584e-01 -8.960348288916936133e-01 7.476983394386024218e-01 5.692069071096691468e-01 3.419805406147907734e-01 1.137120133021976842e-01 -3.417867783298733642e-01 4.685708825564468549e-01
1.584057352729278088e+09 6.688075142719134281e-01 -6.951151935677570837e-01 -2.636501025048174074e-01 8.158614512581344180e-02 4.211212974191777536e-01 -9.033274897950737126e-01 7.389453361508185880e-01 5.826420175039958016e-01 3.383608571918607644e-01 1.114257494225650430e-01 -3.462891447304632386e-01 4.616052786438351041e-01
1.584057352729295015e+09 6.764826103620261710e-01 -6.947119773734323767e-01 -2.444310667607361987e-01 8.514084309650316040e-02 4.034490699460627772e-01 -9.110323182151357502e-01 7.315205497841726912e-01 5.954864536533019947e-01 3.320746434442999884e-01 1.091739447514685768e-01 -3.509073772340073338e-01 4.547046085410816341e-01
1.584057352729319096e+09 6.825704818653552941e-01 -6.950899273335525708e-01 -2.257155958981344468e-01 8.763792838330972113e-02 3.844741497183965517e-01 -9.189663877111983181e-01 7.255460914625428970e-01 6.074780828556123335e-01 3.233469469057667633e-01 1.069526519670134374e-01 -3.556535303402008630e-01 4.478812785139101305e-01
1.584057352729335070e+09 6.870952128765420719e-01 -6.962565125950572753e-01 -2.076705013650825271e-01 8.913317300580038405e-02 3.644396143014987377e-01 -9.269514793308566425e-01 7.210793617582778037e-01 6.183935932964033100e-01 3.124642665586277457e-01 1.047567939707146067e-01 -3.605405786378799160e-01 4.411497920362792424e-01
1.584057352729351997e+09 6.901192623693824801e-01 -6.982017142417075162e-01 -1.903937235383476034e-01 8.970821859483268934e-02 3.435888452550935890e-01 -9.348257275924661824e-01 7.181140851319137708e-01 6.280613598053780278e-01 2.997517124460806759e-01 1.025799320463923747e-01 -3.655820050762454421e-01 4.345268595111639320e-01
1.584057352729368925e+09 6.917363309632198476e-01 -7.008956135061248371e-01 -1.739143105656689725e-01 8.946644955717336645e-02 3.221493455287632868e-01 -9.424518839786962809e-01 7.165867727433018475e-01 6.363687124448011989e-01 2.855490483445342065e-01 1.004141003600072524e-01 -3.707913104106829172e-01 4.280314569337146935e-01
1.584057352729384899e+09 6.920642788941337997e-01 -7.042869411848847738e-01 -1.581990467142506407e-01 8.852660793576737353e-02 3.003195832428477985e-01 -9.497216369253675960e-01 7.163868184211354961e-01 6.432635948300193807e-01 2.701885897268562209e-01 9.824972081729949069e-02 -3.761814586895489421e-01 4.216848274083416781e-01
1.584057352729401112e+09 6.912389232974532893e-01 -7.083027761728044602e-01 -1.431639906212177071e-01 8.701479047580033821e-02 2.782601133550102745e-01 -9.565561852761603756e-01 7.173682298502106480e-01 6.487514829415204076e-01 2.539770388096870835e-01 9.607560829666686453e-02 -3.817642772822145147e-01 4.155104193463834417e-01
1.584057352729412079e+09 6.894090419596611286e-01 -7.128494412558533666e-01 -1.286889544273181474e-01 8.505564137793591994e-02 2.560894370545319654e-01 -9.629038052343813492e-01 7.193613214341140205e-01 6.528888683140724458e-01 2.371822398830042422e-01 9.387907167679716836e-02 -3.875498340256894325e-01 4.095337560922446829e-01
1.584057352729424000e+09 6.867323934602239666e-01 -7.178146365579682886e-01 -1.146331860399104619e-01 8.276356625036515591e-02 2.338844025755273948e-01 -9.687354016290415926e-01 7.221833644686850295e-01 6.557745297081635227e-01 2.200248947971824021e-01 9.164611093739685743e-02 -3.935458167066602231e-01 4.037822326736368317e-01
1.584057352729434013e+09 6.833723529740968194e-01 -7.230707708227253061e-01 -1.008508185320922262e-01 8.023480566881738274e-02 2.116845102499431142e-01 -9.740390362380243472e-01 7.256477128685517863e-01 6.575396022611530444e-01 2.026747846345680615e-01 8.936170541533157430e-02 -3.997569414882867767e-01 3.982848365656561640e-01
1.584057352729445934e+09 6.794947200308626423e-01 -7.284793897389519879e-01 -8.720495514510892554e-02 7.754113205235585449e-02 1.894991798652554404e-01 -9.788142999090302387e-01 7.295713113409073580e-01 6.583371777412945214e-01 1.852508087208261101e-01 8.701018387983831814e-02 -4.061844155903801545e-01 3.930717888249939396e-01
1.584057352729458094e+09 6.752643232203839885e-01 -7.338965512291565352e-01 -7.357952096734314551e-02 7.472578047758968167e-02 1.673168612459591253e-01 -9.830672030491026669e-01 7.337807244397065443e-01 6.583319224205004261e-01 1.678240996479700153e-01 8.457566318554597673e-02 -4.128254795375788100e-01 3.881741034277103597e-01
1.584057352729470015e+09 6.708411924019110906e-01 -7.391789334088176844e-01 -5.988822094119509998e-02 7.180201451314636996e-02 1.451148056398678388e-01 -9.868060416981279115e-01 7.381169049210459798e-01 6.576900467777543335e-01 1.504235257499131062e-01 8.204253872681152582e-02 -4.196730539351055111e-01 3.836230651988721263e-01
1.584057352729480982e+09 6.663762558360474264e-01 -7.441903708637741532e-01 -4.608012150250417882e-02 6.875447849732439776e-02 1.228683531779382748e-01 -9.900384788026536098e-01 7.424388913480600705e-01 6.565699199198015146e-01 1.330429739976996262e-01 7.939600665342030905e-02 -4.267155149104877032e-01 3.794496307607893582e-01
1.584057352729490042e+09 6.620067878353576019e-01 -7.488083423443087083e-01 -3.214155132530165104e-02 6.554319024415580786e-02 1.005587099215065061e-01 -9.927698807415094029e-01 7.466264816588150666e-01 6.551137400007025491e-01 1.156498361773788119e-01 7.662259462359827245e-02 -4.339366208451105322e-01 3.756837632101945879e-01
1.584057352729505062e+09 6.578520913184870977e-01 -7.529297591296563175e-01 -1.809430272121700239e-02 6.210967096390657138e-02 7.817841919889204072e-02 -9.950027756646148136e-01 7.505817841930124690e-01 6.534408256548186467e-01 9.819405615904981677e-02 7.371067427415436968e-02 -4.413156104296279691e-01 3.723537217381941988e-01
1.584057352729515076e+09 6.540099594546253670e-01 -7.564754117885184037e-01 -3.990528745321556339e-03 5.838440456238911530e-02 5.573411860996763112e-02 -9.967371616241844645e-01 7.542295633822460044e-01 6.516430460204580832e-01 8.061703513023450729e-02 7.065092687039656316e-02 -4.488274844216629811e-01 3.694853356818542101e-01
1.584057352729527950e+09 6.505544281505836191e-01 -7.593925400836852857e-01 1.009485537449216971e-02 5.429463572582821779e-02 3.324662568616625763e-02 -9.979713194515430486e-01 7.575163553262422855e-01 6.497827575360355379e-01 6.285968089240866197e-02 6.743673382762546686e-02 -4.564434728619102821e-01 3.671012998648418568e-01
1.584057352729538918e+09 6.475351750416623586e-01 -7.616552249397736674e-01 2.407312675626096382e-02 4.977150121700992663e-02 1.074882522596914275e-02 -9.987027888510360274e-01 7.604084394534206259e-01 6.478933408550836548e-01 4.486896637360256179e-02 6.406446621276881692e-02 -4.641316764787987714e-01 3.652205340916858667e-01
1.584057352729548931e+09 6.449786595357829277e-01 -7.632626332533142266e-01 3.785077870741621747e-02 4.475566091093407389e-02 -1.171785830065286138e-02 -9.989292380590536480e-01 7.628888907313804424e-01 6.459820775555493721e-01 2.660255505479877311e-02 6.053365329027961955e-02 -4.718578559654356686e-01 3.638576495550437384e-01
1.584057352729561090e+09 6.428907840953937969e-01 -7.642355047805220458e-01 5.133744232221465476e-02 3.920093765938988117e-02 -3.410750656816791127e-02 -9.986490697528822569e-01 7.649540680676091275e-01 6.440347593695948669e-01 8.031346733094097551e-03 5.684701945327353539e-02 -4.795863289977597699e-01 3.630225572530207945e-01
1.584057352729573011e+09 6.412606802976658082e-01 -7.646114724770222137e-01 6.445181212976977547e-02 3.307578938832770460e-02 -5.637345881957653293e-02 -9.978617265598609398e-01 7.666098956455374980e-01 6.420212841843272455e-01 -1.085995453163411152e-02 5.301038954422052779e-02 -4.872809257626636859e-01 3.627202408996718641e-01
1.584057352729584932e+09 6.400649645735189130e-01 -7.644400163596214437e-01 7.712523931708756275e-02 2.636292945260498150e-02 -7.847121661286607375e-02 -9.965677418770606533e-01 7.678683722599052297e-01 6.399013436465128546e-01 -3.007379826517922808e-02 4.903247223950424338e-02 -4.949059506414190124e-01 3.629507037482825327e-01
1.584057352729593992e+09 6.392719060632936490e-01 -7.637777090129336255e-01 8.930308706463925550e-02 1.905758114248166935e-02 -1.003602650540718066e-01 -9.947686292979107670e-01 7.687445861661766910e-01 6.376295385748621536e-01 -4.960174227570784966e-02 4.492453880494000351e-02 -5.024270995688675523e-01 3.637090871051178453e-01
1.584057352729603052e+09 6.388450485016785585e-01 -7.626842377043971943e-01 1.009443291535843390e-01 1.116499225248646261e-02 -1.220048624990513753e-01 -9.924667029732330281e-01 7.692544097976661277e-01 6.351594816536552113e-01 -6.942683870152988046e-02 4.070001990707417666e-02 -5.098122880147448743e-01 3.649859486113662399e-01
1.584057352729615927e+09 6.387460787268547380e-01 -7.612194028293070014e-01 1.120199432841153947e-01 2.697685078908331271e-03 -1.433739997654480958e-01 -9.896649022383496863e-01 7.694128732001853654e-01 6.324467700912445034e-01 -8.952604992275529916e-02 3.637404680051062322e-02 -5.170323529994872436e-01 3.667676786417285451e-01
1.584057352729624987e+09 6.389368665698281768e-01 -7.594411164206555931e-01 1.225106985279014876e-01 -6.327143605656025682e-03 -1.644408119076871122e-01 -9.863666593457546261e-01 7.692331557019504995e-01 6.294508798317531850e-01 -1.098723901061336022e-01 3.196296443775363538e-02 -5.240616032257118251e-01 3.690370259593110935e-01
1.584057352729636908e+09 6.393807335585565133e-01 -7.574042716736119063e-01 1.324048595437651299e-01 -1.588978172361571461e-02 -1.851817305163480643e-01 -9.825758197491512025e-01 7.687260841352344665e-01 6.261361640939370199e-01 -1.304366192586367545e-01 2.748384303978646317e-02 -5.308782030315312150e-01 3.717736995221144758e-01
1.584057352729649067e+09 6.400430982662363988e-01 -7.551602624489658355e-01 1.416961905129507648e-01 -2.596955910267658568e-02 -2.055756200051563343e-01 -9.782966045609471362e-01 7.679000028651257193e-01 6.224722022153779122e-01 -1.511884358297996278e-01 2.295401190327467020e-02 -5.374643877898309663e-01 3.749550111701812072e-01
1.584057352729661942e+09 6.408916897213298158e-01 -7.527569013316176560e-01 1.503824776025334264e-01 -3.654576120367577369e-02 -2.256030711977103087e-01 -9.735335955375009620e-01 7.667608815153088564e-01 6.184337489317127678e-01 -1.720972074727476486e-01 1.839063472322920861e-02 -5.438065180718275604e-01 3.785565269337108352e-01
1.584057352729675055e+09 6.418965269810077423e-01 -7.502385126769806067e-01 1.584645789192928866e-01 -4.759800593135614377e-02 -2.452459215921280744e-01 -9.682917266040003135e-01 7.653125364963353494e-01 6.140004984470048832e-01 -1.931323625086147633e-01 1.381034090934862499e-02 -5.498949886330338765e-01 3.825526974003387592e-01
1.584057352729685068e+09 6.430298133175692543e-01 -7.476460466458593190e-01 1.659459193403255983e-01 -5.910622478204855673e-02 -2.644870117385021424e-01 -9.625762696273065799e-01 7.635568828931822427e-01 6.091568021548248169e-01 -2.142635690796239889e-01 9.228922110622131761e-03 -5.557240133017150585e-01 3.869174444486332964e-01
1.584057352729696035e+09 6.442658388125549473e-01 -7.450171311658781992e-01 1.728322980077382220e-01 -7.105039965045120698e-02 -2.833101458048619126e-01 -9.563928073911411865e-01 7.614941691732065587e-01 6.038914104447281606e-01 -2.354608136528641704e-01 4.661098633452511603e-03 -5.612913089947064726e-01 3.916246889653230423e-01
1.584057352729708910e+09 6.455809350578359807e-01 -7.423860323402432515e-01 1.791318935926193845e-01 -8.341016918205476638e-02 -3.017002174577911866e-01 -9.497471887291438764e-01 7.591231784119922832e-01 5.981972566202755637e-01 -2.566944530554464698e-01 1.203566784297943962e-04 -5.665977041893737187e-01 3.966488084032374073e-01
1.584057352729721069e+09 6.469534890282133688e-01 -7.397835506246214221e-01 1.848552982350400165e-01 -9.616445729522672681e-02 -3.196434155350357242e-01 -9.426454710516465330e-01 7.564413924568706982e-01 5.920712669829057972e-01 -2.779353065930117994e-01 -4.381146415384684807e-03 -5.716466994580394756e-01 4.019650157226406506e-01
1.584057352729733944e+09 6.483639948122446039e-01 -7.372368895259682198e-01 1.900155229956194125e-01 -1.092911695004046418e-01 -3.371274687391379588e-01 -9.350938509725881254e-01 7.534451343889391195e-01 5.855141660117464397e-01 -2.991547942537217675e-01 -8.832615079617177692e-03 -5.764440064131041153e-01 4.075496568300784883e-01
1.584057352729743004e+09 6.497951259098738719e-01 -7.347695052662144288e-01 1.946280259899110798e-01 -1.227669081512195448e-01 -3.541419481351972820e-01 -9.270985745161981484e-01 7.501297092103684783e-01 5.785302539703767177e-01 -3.203250921497152182e-01 -1.322459511834768800e-02 -5.809970884678267167e-01 4.133804285397463807e-01
1.584057352729756117e+09 6.512318002382194715e-01 -7.324009977996118748e-01 1.987106459320605589e-01 -1.365668109960908594e-01 -3.706785402119321948e-01 -9.186658402252031452e-01 7.464895501782581322e-01 5.711271297233201372e-01 -3.414193216975981437e-01 -1.754891025487616274e-02 -5.853147239139142588e-01 4.194365218631668224e-01
1.584057352729764938e+09 6.526612061089012151e-01 -7.301470920757050509e-01 2.022834002086734417e-01 -1.506645462486495557e-01 -3.867312358564122809e-01 -9.098017068310160216e-01 7.425183799582701916e-01 5.633153425961211491e-01 -3.624117551621980349e-01 -2.179856643727001372e-02 -5.894066066146765870e-01 4.256986989511644115e-01
1.584057352729778051e+09 6.540727782935199519e-01 -7.280197075442454979e-01 2.053682208831323908e-01 -1.650323972299925779e-01 -4.022964541715903231e-01 -9.005120048402780464e-01 7.382093934587848905e-01 5.551079790871848996e-01 -3.832779970501031808e-01 -2.596763413124973663e-02 -5.932829938464202479e-01 4.321493144395486263e-01
1.584057352729789019e+09 6.554581255136368023e-01 -7.260271024090548808e-01 2.079886830858282964e-01 -1.796413888871805364e-01 -4.173731177695067518e-01 -8.908022519044367371e-01 7.335554628839339175e-01 5.465201983360088445e-01 -4.039951184651759397e-01 -3.005111756634293654e-02 -5.969544058596982783e-01 4.387722926555891467e-01
1.584057352729798079e+09 6.568109168965885480e-01 -7.241740748447601517e-01 2.101697618457858685e-01 -1.944614254621093441e-01 -4.319626920289874605e-01 -8.806775725191846593e-01 7.285493624195119589e-01 5.375687324206973594e-01 -4.245417346993244911e-01 -3.404481856343142404e-02 -6.004313783335334387e-01 4.455530712501065138e-01
1.584057352729808092e+09 6.581267363350529198e-01 -7.224622052286305829e-01 2.119376346080891760e-01 -2.094614247764301496e-01 -4.460691937364456572e-01 -8.701426239220294567e-01 7.231840087279979290e-01 5.282713663206642929e-01 -4.448980255132469752e-01 -3.794520075961697186e-02 -6.037242654304391110e-01 4.524785211904595594e-01
1.584057352729821920e+09 6.594029114967174809e-01 -7.208901301001026107e-01 2.133195271418568684e-01 -2.246094504623590005e-01 -4.596991641190902866e-01 -8.592015324166828449e-01 7.174527127971993545e-01 5.186464102753028937e-01 -4.650457032037452754e-01 -4.174925884752741373e-02 -6.068430899196345374e-01 4.595368509826185388e-01
1.584057352729830980e+09 6.606383244518532205e-01 -7.194538378214522245e-01 2.143436015736125133e-01 -2.398728415676233683e-01 -4.728616043350500342e-01 -8.478578436624419901e-01 7.113494388626703246e-01 5.087121764306705707e-01 -4.849679344458958652e-01 -4.545439694749238424e-02 -6.097974368661448485e-01 4.667175006304715712e-01
1.584057352729842901e+09 6.618331829834658286e-01 -7.181470399501586055e-01 2.150387568298224583e-01 -2.552184408693279893e-01 -4.855677735971166142e-01 -8.361145165108294641e-01 7.048690554761299909e-01 4.984864755578469753e-01 -5.046492330103047319e-01 -4.905831930813239067e-02 -6.125963864024338568e-01 4.740110298651491472e-01
