1.592833326420480013e+09 5.795239745961425770e-01 -7.795837237563518762e-01 2.374893276340277470e-01 2.365518250731419858e-01 -1.179539487877854648e-01 -9.644325276289343885e-01 7.798687050236003948e-01 6.150903054988182683e-01 1.160548114093556682e-01 2.901227322749422646e-02 -8.744764118667767150e-01 3.450904146343681811e-01
1.592833326420574903e+09 5.679037569949662023e-01 -7.821291604312687884e-01 2.564357607894799385e-01 2.330678637875445158e-01 -1.459953205271943555e-01 -9.614388891564988882e-01 7.894078121060555953e-01 6.057716922112745817e-01 9.937788157584279136e-02 1.802880329696994466e-02 -8.822311132875277906e-01 3.456805116659567023e-01
1.592833326420645952e+09 5.567847659578391006e-01 -7.837080091059499543e-01 2.753043426432317253e-01 2.286772733915389266e-01 -1.740053374670217368e-01 -9.578250610085669026e-01 7.985595965151465192e-01 5.962582488249175139e-01 8.233268954069089540e-02 6.637665988591587990e-03 -8.893321639844996573e-01 3.466486491921121349e-01
1.592833326420675039e+09 5.461752354865485604e-01 -7.843738572456289138e-01 2.940242582328482235e-01 2.233719440035691062e-01 -2.019170548766122952e-01 -9.535903092582439511e-01 8.073398212217652858e-01 5.865041818383073258e-01 6.492501830357463866e-02 -5.118649113678323120e-03 -8.957469637342679869e-01 3.479751558952106638e-01
1.592833326420703888e+09 5.360746124054185380e-01 -7.841850276234205719e-01 3.125345622585447014e-01 2.171559748250260768e-01 -2.296657929872283344e-01 -9.487343708644125906e-01 8.157617867324582495e-01 5.764611576474956145e-01 4.717246313986449974e-02 -1.719407668790480515e-02 -9.014509352195659853e-01 3.496391808390336697e-01
1.592833326420732975e+09 5.264767719625397246e-01 -7.832011517782196952e-01 3.307841662793220006e-01 2.100426762739087128e-01 -2.571907651060732491e-01 -9.432576449834257915e-01 8.238351066165320313e-01 5.660820315914839584e-01 2.910070217033652873e-02 -2.954035130356642835e-02 -9.064277924342912796e-01 3.516192354535450093e-01
1.592833326420758963e+09 5.173727004507350236e-01 -7.814808667832083833e-01 3.487307613457829025e-01 2.020515546012709163e-01 -2.844356943601329957e-01 -9.371614083983417220e-01 8.315651858302951505e-01 5.553233210655336149e-01 1.074016071050806417e-02 -4.210836103673749192e-02 -9.106695057110009150e-01 3.538937069713710692e-01
1.592833326420785904e+09 5.087524829549484595e-01 -7.790805299755902968e-01 3.663392405059263113e-01 1.932057141912730813e-01 -3.113487311934441948e-01 -9.304480210761262304e-01 8.389531949235540242e-01 5.441465755578719365e-01 -7.876629871820663847e-03 -5.484941467756318523e-02 -9.141759891588929765e-01 3.564413228522158583e-01
1.592833326420809031e+09 5.006065669139316832e-01 -7.760537202980857252e-01 3.835800941314814749e-01 1.835299432109382123e-01 -3.378819889639206320e-01 -9.231210764665825907e-01 8.459963506401626532e-01 5.325189058052642865e-01 -2.671684732103287926e-02 -6.771636995789138969e-02 -9.169545517838901816e-01 3.592415500028056652e-01
1.592833326420860052e+09 4.929263777841133565e-01 -7.724512391882021323e-01 4.004281076611883039e-01 1.730495848059898922e-01 -3.639909685231855763e-01 -9.151854546321533945e-01 8.526883530794044930e-01 5.204129689057880315e-01 -4.574838345390323802e-02 -8.066458541448080777e-02 -9.190191605725968049e-01 3.622749189922034874e-01
1.592833326420877934e+09 4.857044690056068759e-01 -7.683213329164257921e-01 4.168614858887590424e-01 1.617900946669398876e-01 -3.896340537386964176e-01 -9.066472686624311716e-01 8.590198683680093650e-01 5.078066894456282343e-01 -6.494022000677676654e-02 -9.365267321953350821e-02 -9.203895698257132940e-01 3.655232684194201220e-01
1.592833326420892954e+09 4.790152515443261705e-01 -7.637200523055465151e-01 4.327540534047196741e-01 1.496393998007593262e-01 -4.147340453605327104e-01 -8.975543002985332253e-01 8.649580562152801022e-01 4.946992557264547341e-01 -8.438132283405834488e-02 -1.066424947999919798e-01 -9.210843363154767038e-01 3.689732039530575491e-01
1.592833326420903921e+09 4.728505755601382643e-01 -7.587034179178118176e-01 4.480864392906259153e-01 1.366291913963619264e-01 -4.392466477804689018e-01 -8.879160133763949192e-01 8.704853803760892461e-01 4.810732858333437445e-01 -1.040369957287047842e-01 -1.195992017847140876e-01 -9.211323346233314391e-01 3.726121132165394756e-01
1.592833326420913935e+09 4.672021391364111209e-01 -7.533246744099139081e-01 4.628434901296921145e-01 1.227931396879470421e-01 -4.631310762704112238e-01 -8.777422465487348946e-01 8.755820956545276035e-01 4.669170605203373792e-01 -1.238727275695604424e-01 -1.324923416996907355e-01 -9.205651171030950763e-01 3.764285811871431742e-01
1.592833326420923948e+09 4.620613531791417650e-01 -7.476340475203409053e-01 4.770142944718626099e-01 1.081672549061669930e-01 -4.863501639028963708e-01 -8.670428843926485385e-01 8.802267611611866993e-01 4.522243351980291814e-01 -1.438540922658682608e-01 -1.452958175409517216e-01 -9.194159950249163327e-01 3.804123915722551486e-01
1.592833326420933962e+09 4.574192503012460276e-01 -7.416784458628659094e-01 4.905922060532207363e-01 9.279016883223292766e-02 -5.088705345883913767e-01 -8.558275316522858667e-01 8.843967515900738041e-01 4.369941215322390438e-01 -1.639467102275658505e-01 -1.579877076968745353e-01 -9.177191984025351301e-01 3.845544956082401211e-01
1.592833326420943022e+09 4.532663913054666982e-01 -7.355011211813443639e-01 5.035748995906973446e-01 7.670338635873011346e-02 -5.306628363577919894e-01 -8.441051741151932575e-01 8.880687863202540999e-01 4.212304062286579831e-01 -1.841162021750399891e-01 -1.705499775688988084e-01 -9.155091363302406693e-01 3.888469566332891647e-01
1.592833326420953989e+09 4.495928233970987731e-01 -7.291413496049367060e-01 5.159643259858113229e-01 5.995136446594000190e-02 -5.517019487290950597e-01 -8.318838825253348501e-01 8.912194607682109027e-01 4.049417888351956041e-01 -2.043282180077453936e-01 -1.829681153912966207e-01 -9.128197729670783911e-01 3.932828779668184338e-01
1.592833326420964003e+09 4.463880991724843428e-01 -7.226341970782409474e-01 5.277665036492351636e-01 4.258137095274541067e-02 -5.719670976686548336e-01 -8.191705966222873059e-01 8.938257615271789636e-01 3.881410267882544063e-01 -2.245485507086774357e-01 -1.952307230362211321e-01 -9.096841246001697856e-01 3.978563212449353625e-01
1.592833326420974016e+09 4.436413087811999501e-01 -7.160103825016541634e-01 5.389912072906336560e-01 2.464320747081146651e-02 -5.914418783503027077e-01 -8.059709778876966713e-01 8.958655600447856804e-01 3.708444916139810865e-01 -2.447432565699404483e-01 -2.073290884020578539e-01 -9.061338743521205608e-01 4.025622216904783390e-01
1.592833326420983076e+09 4.413410957499206977e-01 -7.092962342327122638e-01 5.496516074291319942e-01 6.188859407459152903e-03 -6.101141946154873263e-01 -7.922893208204713211e-01 8.973180792944329687e-01 3.530715535237006208e-01 -2.648787325078397203e-01 -2.192567606614227449e-01 -9.021990951302696349e-01 4.073963056058563792e-01
1.592833326420991898e+09 4.394756407257369712e-01 -7.025137265329661762e-01 5.597639015561325371e-01 -1.272788544746307655e-02 -6.279761266837874389e-01 -7.781285148261164464e-01 8.981643292567260684e-01 3.348439168063313542e-01 -2.849217248646713219e-01 -2.310091446147637673e-01 -8.979080688949437894e-01 4.123550136647677333e-01
1.592833326421001911e+09 4.380326087735334495e-01 -6.956805815035387308e-01 5.693469613634788429e-01 -3.205182785841306087e-02 -6.450237356148798007e-01 -7.634900530868715673e-01 8.983875078115023394e-01 3.161849289342203995e-01 -3.048392638659745968e-01 -2.425831249226758357e-01 -8.932871876002228539e-01 4.174354325692249956e-01
1.592833326421011925e+09 4.369990663140269072e-01 -6.888104279783033856e-01 5.784220004398960002e-01 -5.172675588934429886e-02 -6.612568051923810586e-01 -7.483740913808838435e-01 8.979733620642552649e-01 2.971188855770757198e-01 -3.245985353135529272e-01 -2.539767272723031377e-01 -8.883609222586263954e-01 4.226352359919965940e-01
1.592833326421020985e+09 4.363613728157680338e-01 -6.819130074251442686e-01 5.870122680682313687e-01 -7.169584703193114528e-02 -6.766785250740168234e-01 -7.327795572750791520e-01 8.969105072666304634e-01 2.776703518169875151e-01 -3.441667008119689286e-01 -2.651888215428820361e-01 -8.831518492088736849e-01 4.279526338878505420e-01
1.592833326421030998e+09 4.361051241990745453e-01 -6.749944944859752605e-01 5.951426327400920480e-01 -9.190218868901944838e-02 -6.912950365392485086e-01 -7.167043745566233914e-01 8.951906548749962722e-01 2.578635397621051872e-01 -3.635107791484069595e-01 -2.762188695275118455e-01 -8.776807228442387032e-01 4.333863285896106810e-01
1.592833326421046972e+09 4.362152218755896982e-01 -6.680579993366194680e-01 6.028389419822336448e-01 -1.122894865001485692e-01 -7.051147804557797993e-01 -7.001458547635371898e-01 8.928086870327481828e-01 2.377218041591868392e-01 -3.825976900837366745e-01 -2.870667162823308249e-01 -8.719665826886283666e-01 4.389354765799895475e-01
1.592833326421062946e+09 4.366759956713257562e-01 -6.611041555155613425e-01 6.101273396663914328e-01 -1.328027737811550979e-01 -7.181477746110908056e-01 -6.831011619338698271e-01 8.897626078329268218e-01 2.172672769827412032e-01 -4.013943601074928536e-01 -2.977324212759723254e-01 -8.660268827259581803e-01 4.445996553991419797e-01
1.592833326421086073e+09 4.374715165913283799e-01 -6.541318976806277385e-01 6.170333320428477153e-01 -1.533892642151514218e-01 -7.304047278006824406e-01 -6.655679285904477771e-01 8.860532749296881061e-01 1.965207223379485946e-01 -4.198680744583885849e-01 -3.082161252887922753e-01 -8.598776341197746920e-01 4.503788345886419742e-01
1.592833326421103954e+09 4.385861908921078745e-01 -6.471394729167817550e-01 6.235805128414587672e-01 -1.739993578319067313e-01 -7.418959874294746015e-01 -6.475450313672114211e-01 8.816838304365960388e-01 1.755016999715693915e-01 -4.379871878548396436e-01 -3.185179498730754677e-01 -8.535335555915745109e-01 4.562733488363344136e-01
1.592833326421119928e+09 4.400056259321234453e-01 -6.401256110798880794e-01 6.297890531214047627e-01 -1.945876473214057933e-01 -7.526304498589764247e-01 -6.290334282001465160e-01 8.766588258155382229e-01 1.542290771786240244e-01 -4.557221688085861810e-01 -3.286379252589212152e-01 -8.470082258737758885e-01 4.622838721594396683e-01
1.592833326421145916e+09 4.417176454487264370e-01 -6.330906734732695273e-01 6.356742256095261334e-01 -2.151136725627557922e-01 -7.626146559041834250e-01 -6.100368798809964188e-01 8.709831397908344153e-01 1.327218370233013978e-01 -4.730468099971816276e-01 -3.385759405633181340e-01 -8.403142319579340880e-01 4.684113934868672224e-01
1.592833326421184063e+09 4.437133239069923629e-01 -6.260376198645490886e-01 6.412451831753703813e-01 -2.355422501588898265e-01 -7.718522404877825593e-01 -5.905624163306627539e-01 8.646608206710222344e-01 1.110000794085786308e-01 -4.899394328272153043e-01 -3.483317106561177323e-01 -8.334633090096539298e-01 4.746571940766329822e-01
1.592833326421205997e+09 4.459880237866992170e-01 -6.189727664039308408e-01 6.465039809103845236e-01 -2.558433856506438508e-01 -7.803437521681622080e-01 -5.706205313596449669e-01 8.576939109528456395e-01 8.908615583602944032e-02 -5.063840560523413803e-01 -3.579047551139451500e-01 -8.264664698909826024e-01 4.810228269995989736e-01
1.592833326421226025e+09 4.485424893308833649e-01 -6.119063801722660623e-01 6.514447155463033434e-01 -2.759918370881673244e-01 -7.880867887910233405e-01 -5.502251534889923690e-01 8.500812557370600597e-01 6.700593627192219515e-02 -5.223715760070376524e-01 -3.672943880837890585e-01 -8.193341253798814838e-01 4.875100972129269850e-01
1.592833326421243906e+09 4.513839089683641115e-01 -6.048530591961636116e-01 6.560528513384856764e-01 -2.959662683179963283e-01 -7.950764872620343926e-01 -5.293933771395497034e-01 8.418174000187740313e-01 4.479013776665190238e-02 -5.379008355224275117e-01 -3.764997175155703757e-01 -8.120761954009044770e-01 4.941210413835323556e-01
1.592833326421262980e+09 4.545268048157256047e-01 -5.978318377805252881e-01 6.603048369380936089e-01 -3.157479404864719785e-01 -8.013063963808891854e-01 -5.081449572079389521e-01 8.328917228647976234e-01 2.247561147094109119e-02 -5.529794075221663441e-01 -3.855196519897016172e-01 -8.047022112349028200e-01 5.008579071203709265e-01
1.592833326421288013e+09 4.579935205964849598e-01 -5.908659356668486407e-01 6.641681875880928176e-01 -3.353189125228732137e-01 -8.067697533982902680e-01 -4.865015850378837103e-01 8.232880190021147904e-01 1.064193603845988573e-04 -5.676238426226851708e-01 -3.943529146141355746e-01 -7.972214093745850771e-01 5.077231307357176204e-01
1.592833326421308994e+09 4.618144573807950182e-01 -5.839823223734327273e-01 6.676017183570526203e-01 -3.546599858872993005e-01 -8.114609716357447100e-01 -4.644861529266802180e-01 8.129844411814090011e-01 -2.226519528568825929e-02 -5.818595704696208903e-01 -4.029980640584460150e-01 -7.896428176589613823e-01 5.147193124834760214e-01
1.592833326421324968e+09 4.660279192493420597e-01 -5.772110750751365815e-01 6.705560032798224546e-01 -3.737484399978504013e-01 -8.153773202462198944e-01 -4.421220754107401674e-01 8.019539153343744342e-01 -4.457802924573868453e-02 -5.957203347710084973e-01 -4.114535234237940986e-01 -7.819753341814412728e-01 5.218491879660560606e-01
1.592833326421339989e+09 4.706794071761109532e-01 -5.705845035644642183e-01 6.729741601252711147e-01 -3.925556587450537149e-01 -8.185207583352326344e-01 -4.194327398997200196e-01 7.901651414044711386e-01 -6.676146132372816344e-02 -6.092470409139645326e-01 -4.197176178854613027e-01 -7.742277990206930527e-01 5.291155943692038566e-01
1.592833326421360970e+09 4.758201803491929338e-01 -5.641360117978897470e-01 6.747930915540764074e-01 -4.110448195036708885e-01 -8.208998542251312314e-01 -3.964411507785063904e-01 7.775842800476374661e-01 -8.873550459955294178e-02 -6.224859017821281482e-01 -4.277886214394404640e-01 -7.664090580796208974e-01 5.365214307218386658e-01
1.592833326421394110e+09 4.815050681877098282e-01 -5.578987371201596934e-01 6.759451669130825957e-01 -4.291689211165068407e-01 -8.225316426825183269e-01 -3.731698464130308590e-01 7.641772743972505832e-01 -1.104114856130383460e-01 -6.354859537478074749e-01 -4.356648120680319258e-01 -7.585280176912484462e-01 5.440696122202318685e-01
1.592833326421430111e+09 4.877895138619445792e-01 -5.519039883723368956e-01 6.763603906416388867e-01 -4.468694426441138234e-01 -8.234432600150709547e-01 -3.496411004228834329e-01 7.499127226869085616e-01 -1.316935283260177447e-01 -6.482960151201003773e-01 -4.433445339401090868e-01 -7.505936884859710778e-01 5.517630192927404087e-01
1.592833326421458960e+09 4.947261954241322646e-01 -5.461796258935760484e-01 6.759687922262326287e-01 -4.640759279372745905e-01 -8.236731380923089096e-01 -3.258774233244140506e-01 7.347649453554738752e-01 -1.524807466251782428e-01 -6.609614945340197556e-01 -4.508262639542517380e-01 -7.426152169634124833e-01 5.596044431757088988e-01
1.592833326421499014e+09 5.023614864288181714e-01 -5.407484630356802491e-01 6.747029249391564010e-01 -4.807066505281130109e-01 -8.232716038521732393e-01 -3.019022735372270949e-01 7.187169493941898413e-01 -1.726701081879433997e-01 -6.735213290335525516e-01 -4.581086792356713899e-01 -7.346019037134029483e-01 5.675965304361794139e-01
1.592833326421523094e+09 5.107322125379146760e-01 -5.356268230327387858e-01 6.725001961099018599e-01 -4.966703614776219466e-01 -8.223007697388631243e-01 -2.777408800569250436e-01 7.017628939775558683e-01 -1.921597012386505599e-01 -6.860054592547843999e-01 -4.651907217105547554e-01 -7.265632079919133179e-01 5.757417293799503843e-01
1.592833326421547890e+09 5.198630733876459242e-01 -5.308233484989669515e-01 6.693048317920394785e-01 -5.118689345638448573e-01 -8.208337003065759863e-01 -2.534210539945767615e-01 6.839097740322827024e-01 -2.108521030811982000e-01 -6.984331119589026748e-01 -4.720716552182103731e-01 -7.185087392798067407e-01 5.840422419051347624e-01
1.592833326421574116e+09 5.297649262754927646e-01 -5.263381189382715375e-01 6.650694006528331537e-01 -5.262006086109541902e-01 -8.189529213254543860e-01 -2.289738685706276811e-01 6.651782036783536745e-01 -2.286575987114134456e-01 -7.108119724470165490e-01 -4.787511120676057885e-01 -7.104482376745102634e-01 5.924999833542032857e-01
1.592833326421595097e+09 5.404340526538271572e-01 -5.221621212072520279e-01 6.597558291916627571e-01 -5.395634589808089299e-01 -8.167484055346911909e-01 -2.044341364044617859e-01 6.456022837090187316e-01 -2.454969683629611155e-01 -7.231382510042906331e-01 -4.852291264146485483e-01 -7.023915457414842134e-01 6.011165525999262460e-01
1.592833326421617031e+09 5.518525720565186088e-01 -5.182771078181044322e-01 6.533357318180149642e-01 -5.518586292223328638e-01 -8.143152779919710094e-01 -1.798407120758263311e-01 6.252285920648493756e-01 -2.613034017807845943e-01 -7.353976748356263471e-01 -4.915061532831227487e-01 -6.943485750458185946e-01 6.098932134929339055e-01
1.592833326421638966e+09 5.639896445827481397e-01 -5.146557612678162030e-01 6.457903130592352881e-01 -5.629930714670455805e-01 -8.117514395832783336e-01 -1.552366005580220476e-01 6.041146269987940354e-01 -2.760236366131681440e-01 -7.475670336151796214e-01 -4.975830742353167246e-01 -6.863292706352668304e-01 6.188308870638665748e-01
1.592833326421659946e+09 5.768031627489778046e-01 -5.112621017355019060e-01 6.371100179840595290e-01 -5.728816719418144965e-01 -8.091552582361095647e-01 -1.306688882643431970e-01 5.823269714418696230e-01 -2.896184242032086020e-01 -7.596159996765732281e-01 -5.034611921220215613e-01 -6.783435762039317085e-01 6.279301526884777385e-01
1.592833326421679974e+09 5.902417642584804058e-01 -5.080520814197058144e-01 6.272939841366377278e-01 -5.814486746412101947e-01 -8.066234742877720354e-01 -1.061885578776603362e-01 5.599393706090410872e-01 -3.020623338525802448e-01 -7.715090718719597174e-01 -5.091422178105592389e-01 -6.704014018611275105e-01 6.371912559802836995e-01
1.592833326421715021e+09 6.042468822444621024e-01 -5.049742981940836817e-01 6.163494655673151801e-01 -5.886284919329679566e-01 -8.042493663256888858e-01 -8.185020212364171877e-02 5.370309153669078350e-01 -3.133431268864768637e-01 -7.832074316836094008e-01 -5.146282510801817311e-01 -6.625125957959732137e-01 6.466141216896440502e-01
1.592833326421731949e+09 6.187546916135894248e-01 -5.019707810083190447e-01 6.042912930565402796e-01 -5.943659991288952060e-01 -8.021212023592577678e-01 -5.771166384260709853e-02 5.136844274114795716e-01 -3.234608353078490817e-01 -7.946706219108254921e-01 -5.199217573701753192e-01 -6.546869206932097729e-01 6.561983702615554748e-01
1.592833326421752930e+09 6.336979073998079137e-01 -4.989777984722983950e-01 5.911413697523785205e-01 -5.986163784862228443e-01 -8.003210081473408621e-01 -3.383364692575153293e-02 4.899850955350997239e-01 -3.324265945856832438e-01 -8.058580306957761064e-01 -5.250255425648947538e-01 -6.469340351202053085e-01 6.659433362605267082e-01
1.592833326421772957e+09 6.490073608851649745e-01 -4.959266504753992999e-01 5.769282477994988056e-01 -6.013446338087441445e-01 -7.989236305431893781e-01 -1.027931356415186584e-02 4.660193957225369776e-01 -3.402613556456246524e-01 -8.167301469493167820e-01 -5.299427272251295840e-01 -6.392634798207635916e-01 6.758480874818824091e-01
