1.583561770988749981e+09 -2.056591978928727638e-01 8.530373173642050166e-02 9.748987474977289791e-01 2.748534761720143882e-01 -9.510616473309083663e-01 1.411995383313767172e-01 9.392336563047621878e-01 2.969932934702480543e-01 1.721485483322076904e-01 -4.187681168208210597e-02 1.594440748037722733e+00 1.595371967582037698e+00
1.583561770988795042e+09 -2.265732425112548798e-01 8.207548637484081422e-02 9.705298452462133296e-01 2.817030655346322576e-01 -9.483344366666726089e-01 1.459629374643266475e-01 9.323668531345002952e-01 3.064725286349554434e-01 1.917462921771147244e-01 -4.777482818496757433e-02 1.593811801913882498e+00 1.590359066145751399e+00
1.583561770988821030e+09 -2.473090178437774012e-01 7.968580527670364455e-02 9.656544010834030578e-01 2.886043955951326789e-01 -9.453187734287040733e-01 1.519207670451299952e-01 9.249571626381157818e-01 3.162634804743880701e-01 2.107881837300636385e-01 -5.367917531204396270e-02 1.593200014981471124e+00 1.585351496429761919e+00
1.583561770988842010e+09 -2.678366340564355408e-01 7.811720377318318032e-02 9.602922680809968803e-01 2.954607403118113540e-01 -9.420242479893435883e-01 1.590385712607094437e-01 9.170422501575343777e-01 3.263250200613516672e-01 2.292280369169278353e-01 -5.958072039391539704e-02 1.592579230943891533e+00 1.580341731411488926e+00
1.583561770988861084e+09 -2.881297339763228549e-01 7.735371797424871187e-02 9.544619735340661437e-01 3.021823545195292948e-01 -9.384581685646902205e-01 1.672784818411344743e-01 9.086622481441756216e-01 3.366194709397560270e-01 2.470227738226600245e-01 -6.547245333112645949e-02 1.591920626215170165e+00 1.575325251019450201e+00
1.583561770988881111e+09 -3.081647407961795038e-01 7.738017561600117611e-02 9.481807850642647306e-01 3.086861140813242921e-01 -9.346259712435152078e-01 1.765989152539424178e-01 8.998596422196614153e-01 3.471118009346638722e-01 2.641325844473903506e-01 -7.134960328458117562e-02 1.591193336597374719e+00 1.570301157971641270e+00
1.583561770988899946e+09 -3.279203864076065678e-01 7.818103070249067532e-02 9.414647878897297595e-01 3.148954266745556674e-01 -9.305316194266785024e-01 1.869539395906526513e-01 8.906790053868205437e-01 3.577689641917632946e-01 2.805214391830538334e-01 -7.720965374643945500e-02 1.590365208702585464e+00 1.565272702394533644e+00
1.583561770988919020e+09 -3.473775357524968022e-01 7.973882502367612979e-02 9.343289397558734999e-01 3.207404659680433423e-01 -9.261779833468407608e-01 1.982924524040828584e-01 8.811665003574414845e-01 3.685594429742988232e-01 2.961579576283563386e-01 -8.305224989693209270e-02 1.589403644381071290e+00 1.560247683290563625e+00
1.583561770988936901e+09 -3.665193023829609320e-01 8.203242395356756533e-02 9.267870751344723379e-01 3.261587271186711101e-01 -9.215671837588812476e-01 2.105573807172960166e-01 8.713690870814343459e-01 3.794530370184098778e-01 3.110165703123470293e-01 -8.887899933139788156e-02 1.588276498730185837e+00 1.555238702712593790e+00
1.583561770988955975e+09 -3.853314880732776615e-01 8.503493444382377586e-02 9.188518403246750399e-01 3.310958894649064232e-01 -9.167009224080240326e-01 2.236848919196873231e-01 8.613333596842654982e-01 3.904208996068772586e-01 3.250790132980390656e-01 -9.469317443128524858e-02 1.586952988722279967e+00 1.550263258823171064e+00
1.583561770988976002e+09 -4.038667392034901438e-01 8.872339839153105256e-02 9.105052530258525012e-01 3.355216216670466878e-01 -9.115629337897267481e-01 2.376515499044417334e-01 8.510680928016770563e-01 4.014737555432038585e-01 3.383813311437350313e-01 -1.004993308218965209e-01 1.585404570350123610e+00 1.545343675378600956e+00
1.583561770988995075e+09 -4.216359557893929466e-01 9.446077392596448352e-02 9.018316268680905967e-01 3.389822380237691446e-01 -9.060280056951235395e-01 2.533856650205688621e-01 8.410197163656800701e-01 4.125414102355582924e-01 3.499934596056076264e-01 -1.063050810576890715e-01 1.583775853918614418e+00 1.540449607567381030e+00
1.583561770989012957e+09 -4.384380911486010501e-01 1.023308586850690816e-01 8.929168135024794228e-01 3.413310695612649104e-01 -9.001029611131701191e-01 2.707540588520654934e-01 8.314235631781853320e-01 4.234891437006912951e-01 3.597107226667001778e-01 -1.121131963041165774e-01 1.582068466859360978e+00 1.535585249493644167e+00
1.583561770989031076e+09 -4.540584782705906486e-01 1.123658433730397171e-01 8.838579160692827674e-01 3.424490235621133194e-01 -8.938047211536527259e-01 2.895544624802005584e-01 8.225324095728833163e-01 4.341509389205356340e-01 3.673600382163227374e-01 -1.179265351577021975e-01 1.580282737118371417e+00 1.530755382681726173e+00
1.583561770989048958e+09 -4.682799617303601836e-01 1.245378239246911350e-01 8.747595144373048193e-01 3.422551470114401639e-01 -8.871629352837243632e-01 3.095211473233216992e-01 8.146013086240286860e-01 4.443334972214055822e-01 3.728169141504572570e-01 -1.237481924797717847e-01 1.578417703886736412e+00 1.525965673940631984e+00
1.583561770989068031e+09 -4.808964923099015021e-01 1.387542388426664386e-01 8.657284938893369253e-01 3.407139830120182733e-01 -8.802221432284046410e-01 3.303376460349042310e-01 8.078691389639740539e-01 4.538240186008303811e-01 3.760202317592162835e-01 -1.295816507692370834e-01 1.576471199674176926e+00 1.521222970229598292e+00
1.583561770989085913e+09 -4.917278485849027048e-01 1.548586634877915647e-01 8.568678530050666264e-01 3.378380811332066247e-01 -8.730427092690368207e-01 3.516558811762066084e-01 8.025391916217919919e-01 4.624015811217035421e-01 3.769822594351670553e-01 -1.354309209101125511e-01 1.574440006370801726e+00 1.516535578061417144e+00
1.583561770989104986e+09 -5.006337195382049021e-01 1.726376251172078158e-01 8.482700805167577851e-01 3.336848719030751087e-01 -8.656997847614527064e-01 3.731196711035269509e-01 7.987617200088611424e-01 4.698511819186859673e-01 3.757919394289261916e-01 -1.413006579826373843e-01 1.572320084088783432e+00 1.511913514780546031e+00
1.583561770989124060e+09 -5.075251716795526891e-01 1.918331891723006055e-01 8.400108498634402121e-01 3.283482546470636865e-01 -8.582798212726984177e-01 3.943896196703626233e-01 7.966213805877701004e-01 4.759787558540148900e-01 3.726105207958481658e-01 -1.471962377414348933e-01 1.570106867207483603e+00 1.507368719614809782e+00
1.583561770989141941e+09 -5.123717096883656508e-01 2.121600220591552954e-01 8.321438315553111309e-01 3.219464092422209545e-01 -8.508746716267668875e-01 4.151659942691396377e-01 7.961317359051616194e-01 4.806250288155219930e-01 3.676599529488716045e-01 -1.531237806057632322e-01 1.567795617348930692e+00 1.502915213980243969e+00
1.583561770989160061e+09 -5.152029402759831234e-01 2.333246524804841737e-01 8.246972396707273889e-01 3.146082304155232712e-01 -8.435738802410247539e-01 4.352065830928059098e-01 7.972374752322809455e-01 4.836762504235209148e-01 3.612058874148586507e-01 -1.590901124210777895e-01 1.565381819234268113e+00 1.498569202465639405e+00
1.583561770989177942e+09 -5.161048278309414705e-01 2.550443292392475247e-01 8.176724264992495383e-01 3.064609606810201337e-01 -8.364561894003740283e-01 4.543376748957463906e-01 7.998234095709308988e-01 4.850705448120188334e-01 3.535379474678156386e-01 -1.651026544435456600e-01 1.562861603096028951e+00 1.494349107466942383e+00
1.583561770989195108e+09 -5.152113815203291924e-01 2.770631829764162446e-01 8.110445272829135410e-01 2.976210762831129619e-01 -8.295814609677250040e-01 4.724577172701674432e-01 8.037281428034428465e-01 4.847995383339356312e-01 3.449499678773503830e-01 -1.711692389182970231e-01 1.560232175731814719e+00 1.490275531973609180e+00
1.583561770989213943e+09 -5.126931452620620000e-01 2.991641188371497173e-01 8.047649153922902254e-01 2.881895300460801668e-01 -8.229841187029329763e-01 4.895344065251974186e-01 8.087598740071453296e-01 4.829057573459352715e-01 3.357223495088594301e-01 -1.772978510964649812e-01 1.557492241376700060e+00 1.486371146586450864e+00
1.583561770989232063e+09 -5.087440974933590265e-01 3.211757162841483715e-01 7.987650485466335493e-01 2.782514554783288019e-01 -8.166688862455724340e-01 5.055967343644626188e-01 8.147119558601378930e-01 4.794768916495371069e-01 3.261078649684802100e-01 -1.834963032228266733e-01 1.554642393565842884e+00 1.482660498200587540e+00
1.583561770989250898e+09 -5.035684189632371188e-01 3.429742120606561473e-01 7.929612459186841100e-01 2.678796029734064610e-01 -8.106092054443349015e-01 5.207237601618686096e-01 8.213765068261341673e-01 4.746381843380262922e-01 3.163214002309249206e-01 -1.897718510888990739e-01 1.551685459293005387e+00 1.479169740197357807e+00
1.583561770989270926e+09 -4.973681730066581985e-01 3.644811839063883396e-01 7.872600379181523556e-01 2.571402263014259115e-01 -8.047484386969906422e-01 5.350316387558856634e-01 8.285552514651689515e-01 4.685439329642116513e-01 3.065334865778492901e-01 -1.961307683452814810e-01 1.548626778192800924e+00 1.475926286173805169e+00
1.583561770989289045e+09 -4.903326649911876611e-01 3.856578213340965955e-01 7.815637675398929840e-01 2.460999668825673559e-01 -7.990036788837002746e-01 5.486601201728746879e-01 8.360673921260555197e-01 4.613687961944149540e-01 2.968672261522081190e-01 -2.025778976326433334e-01 1.545474401778005102e+00 1.472958391357738428e+00
1.583561770989300013e+09 -4.826299993817327327e-01 4.064968036639286519e-01 7.757761484812948360e-01 2.348323505030778247e-01 -7.932717680357007639e-01 5.617594407147191715e-01 8.437547339647744060e-01 4.532992949247975356e-01 2.873981530462008660e-01 -2.091161998823021229e-01 1.542239201264469894e+00 1.470294665757111208e+00
1.583561770989314079e+09 -4.744011359854520826e-01 4.270128456070708123e-01 7.698075032804879703e-01 2.234227337968073546e-01 -7.874369663229801031e-01 5.744782903889614767e-01 8.514844945346753402e-01 4.445256504280211685e-01 2.781566140148863941e-01 -2.157463253021271732e-01 1.538934874982239798e+00 1.467963524945799181e+00
1.583561770989326954e+09 -4.657565652277557144e-01 4.472329460675871227e-01 7.635794091930608873e-01 2.119708580538557652e-01 -7.813795997516532754e-01 5.869533852575171684e-01 8.591502648071130954e-01 4.352339752139731122e-01 2.691323271979110254e-01 -2.224662309992344877e-01 1.535577848932412559e+00 1.465992587030789274e+00
1.583561770989337921e+09 -4.567755609461164323e-01 4.671873010167229556e-01 7.570284756439115137e-01 2.005905428051073802e-01 -7.749849387237279785e-01 5.993010753585655825e-01 8.666715186822087080e-01 4.255988377100039521e-01 2.602808258143906039e-01 -2.292708707953433622e-01 1.532187066863814229e+00 1.464408028117988980e+00
1.583561770989350080e+09 -4.475078344389594731e-01 4.869017324907782274e-01 7.501089529247768617e-01 1.894065158816605476e-01 -7.681514680230215886e-01 6.116113912878407000e-01 8.739919393753733390e-01 4.157764125281277479e-01 2.515314392551501466e-01 -2.361519823606273993e-01 1.528783669634598885e+00 1.463233914127231028e+00
1.583561770989358902e+09 -4.379772404899207050e-01 5.063923007853753377e-01 7.427938979035851874e-01 1.785488922549809954e-01 -7.607976749724084664e-01 6.239448620419097979e-01 8.810767447410583486e-01 4.058986765294479993e-01 2.427962819109793224e-01 -2.430979949127279049e-01 1.525390568286415949e+00 1.462491535786234254e+00
1.583561770989375114e+09 -4.281869658862880179e-01 5.256624430608493048e-01 7.350747706492638534e-01 1.681461886808088002e-01 -7.528666613625651927e-01 6.363321848518300738e-01 8.879092192975912567e-01 3.960691685980552990e-01 2.339795551197597634e-01 -2.500940753468116617e-01 1.522031921995895098e+00 1.462198779255742043e+00
1.583561770989392042e+09 -4.181254918774314766e-01 5.447025959348608115e-01 7.269595279441306568e-01 1.583180051357774287e-01 -7.443281693654988374e-01 6.487765297667869024e-01 8.944867145624831872e-01 3.863607878967375564e-01 2.249863535610109877e-01 -2.571223225736609663e-01 1.518732539537309245e+00 1.462369568711745060e+00
1.583561770989408970e+09 -4.077725851605583651e-01 5.634918834609495830e-01 7.184694957406198013e-01 1.491685382726019027e-01 -7.351779839938245020e-01 6.612579519958851071e-01 9.008164442426714880e-01 3.768159090077664586e-01 2.157301665096790222e-01 -2.641621093260118069e-01 1.515517230537433813e+00 1.463013419037203722e+00
1.583561770989422083e+09 -3.971046531596200690e-01 5.820011723648647051e-01 7.096354909737636607e-01 1.407818844732160735e-01 -7.254350687597715952e-01 6.737391350182031502e-01 9.069114376168456726e-01 3.674487672316144593e-01 2.061384195664805186e-01 -2.711905583333182324e-01 1.512410139211430860e+00 1.464135132354085878e+00
1.583561770989437103e+09 -3.860989898073602933e-01 6.001966847251311021e-01 7.004937615420789854e-01 1.332196600144999465e-01 -7.151371189599941003e-01 6.861715698778413364e-01 9.127869918511236635e-01 3.582496907115031992e-01 1.961557209314636063e-01 -2.781831279210154606e-01 1.509434096298315264e+00 1.465734660990640537e+00
1.583561770989447117e+09 -3.747366686696179117e-01 6.180434339721576631e-01 6.910822983718899470e-01 1.265210871450774544e-01 -7.043353393616540448e-01 6.985013559552567530e-01 9.184578617984781035e-01 3.491905548812746507e-01 1.857447515380407088e-01 -2.851142733070605173e-01 1.506610023606710813e+00 1.467807144955794341e+00
1.583561770989461899e+09 -3.630041095833398401e-01 6.355079612734764183e-01 6.814379266142367442e-01 1.207050654486185731e-01 -6.930893018094780311e-01 7.106739807603034143e-01 9.239363094056788350e-01 3.402305851141789184e-01 1.748852348150929381e-01 -2.919581452279931821e-01 1.503956420862401666e+00 1.470343118598877119e+00
1.583561770989475012e+09 -3.508935260843283888e-01 6.525601383694626945e-01 6.715943711854710507e-01 1.157735795043823013e-01 -6.814624942334254198e-01 7.226377704488620157e-01 9.292309787552841538e-01 3.313217996751833816e-01 1.635715544437574831e-01 -2.986892866656555845e-01 1.501488957837376681e+00 1.473328870409917668e+00
1.583561770989485025e+09 -3.384025793273172655e-01 6.691740566884338826e-01 6.615812696898524248e-01 1.117156562421218052e-01 -6.695189139081473284e-01 7.343459920957204901e-01 9.343464596672799161e-01 3.224135635387271326e-01 1.518097085009119662e-01 -3.052832905516107975e-01 1.499220187169278740e+00 1.476746932012114266e+00
1.583561770989494085e+09 -3.255335452813306052e-01 6.853281723715113349e-01 6.514239842799509628e-01 1.085113105558929703e-01 -6.573207746229877690e-01 7.457577989990308298e-01 9.392833473536585931e-01 3.134560504855055107e-01 1.396141040145558454e-01 -3.117173862948374174e-01 1.497159384737186461e+00 1.480576665424518712e+00
1.583561770989502907e+09 -3.122922790971459084e-01 7.010049476705998428e-01 6.411439744724454215e-01 1.061350228937527757e-01 -6.449272249958419856e-01 7.568383125951713142e-01 9.440386059741684432e-01 3.044025919520287893e-01 1.270046167857221686e-01 -3.179709301008807332e-01 1.495312516090490096e+00 1.484794913730834720e+00
1.583561770989511967e+09 -2.986872035452926566e-01 7.161902334810417159e-01 6.307594661591198193e-01 1.045584734439444358e-01 -6.323938535500452929e-01 7.675581669558320108e-01 9.486060722488974806e-01 2.952110493335524666e-01 1.140041941577385476e-01 -3.240257823922284564e-01 1.493682319988942631e+00 1.489376679450032936e+00
1.583561770989521980e+09 -2.847284797971022519e-01 7.308725979411050400e-01 6.202861747741319487e-01 1.037524331533205557e-01 -6.197727026316589560e-01 7.778928137763043704e-01 9.529769806482376593e-01 2.858444381914778676e-01 1.006371290887210779e-01 -3.298665647452374561e-01 1.492268493690336095e+00 1.494295796180387548e+00
1.583561770989533901e+09 -2.704274479929280606e-01 7.450427446450764712e-01 6.097378980090032430e-01 1.036878569852300314e-01 -6.071125186717033495e-01 7.878218187022446584e-01 9.571404410660944162e-01 2.762710598681347163e-01 8.692800352471549696e-02 -3.354807963784868230e-01 1.491067961106683271e+00 1.499525564568033209e+00
1.583561770989543915e+09 -2.557963335037264918e-01 7.586930826452618071e-01 5.991269000445184068e-01 1.043363719341703771e-01 -5.944590335539543524e-01 7.973282755271597910e-01 9.610838451956936757e-01 2.664643765540437581e-01 7.290115755718841462e-02 -3.408589175886855838e-01 1.490075202230677354e+00 1.505039328687702405e+00
1.583561770989552975e+09 -2.408481746097238807e-01 7.718174595779343505e-01 5.884640737738385807e-01 1.056703635209274988e-01 -5.818551517660094374e-01 8.063983858330263654e-01 9.647932064951080244e-01 2.564027918277642648e-01 5.858051967565305190e-02 -3.459942119960759954e-01 1.489282622573507853e+00 1.510810976766180369e+00
1.583561770989562988e+09 -2.255969032006532871e-01 7.844110356878511991e-01 5.777589156404787651e-01 1.076628458858388954e-01 -5.693409915099951757e-01 8.150211942272292953e-01 9.682534529350993457e-01 2.460694265517245904e-01 4.398964011464662899e-02 -3.508826417062402836e-01 1.488680943197970397e+00 1.516815357633839456e+00
1.583561770989574909e+09 -2.100575161679881231e-01 7.964702685108641100e-01 5.670193572747245225e-01 1.102872400649579365e-01 -5.569537724790553090e-01 8.231884474636438354e-01 9.714486938685950035e-01 2.354519205874527898e-01 2.915181837096723905e-02 -3.555226120231717579e-01 1.488259593112673862e+00 1.523028608978395759e+00
1.583561770989584923e+09 -1.942462453917042642e-01 8.079929497767489588e-01 5.562515523636478720e-01 1.135171949430582167e-01 -5.447276105146886538e-01 8.308945040332247345e-01 9.743624802107205829e-01 2.245422536303489092e-01 1.409019992300539030e-02 -3.599146853679395797e-01 1.488007086732238138e+00 1.529428396863172113e+00
1.583561770989593983e+09 -1.781806889496740098e-01 8.189782649579229190e-01 5.454596629051535750e-01 1.173264761603343420e-01 -5.326932661696681670e-01 8.381362551558610985e-01 9.769780654222464111e-01 2.133365555123138690e-01 -1.172180702426889320e-03 -3.640612640677606815e-01 1.487911372377283659e+00 1.535994070976145487e+00
1.583561770989603043e+09 -1.618799205077573189e-01 8.294268824758180836e-01 5.346456192727305767e-01 1.216888696602777542e-01 -5.208778432096569100e-01 8.449130674166787092e-01 9.792786684985224088e-01 2.018348812665992087e-01 -1.661235592900126359e-02 -3.679662602783447811e-01 1.487960141543211101e+00 1.542706743981320017e+00
1.583561770989612103e+09 -1.453645101401992157e-01 8.393410184478673486e-01 5.238089481741130538e-01 1.265781684633160153e-01 -5.093045267716171942e-01 8.512266832729179500e-01 9.812477397167526094e-01 1.900409271163393810e-01 -3.220744577235606920e-02 -3.716347700491585138e-01 1.488141091838788954e+00 1.549549305326601845e+00
1.583561770989620924e+09 -1.286564337352469889e-01 8.487244460446689009e-01 5.129467194449847112e-01 1.319682494265001504e-01 -4.979924279764558204e-01 8.570810480105254259e-01 9.828692199071543678e-01 1.779616716732774218e-01 -4.793474956654812658e-02 -3.750727650434280136e-01 1.488442140554677939e+00 1.556506381781794124e+00
1.583561770989629984e+09 -1.117789098006742171e-01 8.575824631397387376e-01 5.020535773038822258e-01 1.378331759000654133e-01 -4.869565260663476503e-01 8.624820910489082726e-01 9.841277819389647741e-01 1.656069468922133636e-01 -6.377184487362960730e-02 -3.782868111468012939e-01 1.488851589483541016e+00 1.563564257661602674e+00
1.583561770989639044e+09 -9.475619426322233474e-02 8.659218299196828061e-01 4.911218263954193475e-01 1.441472862362985496e-01 -4.762076907959725824e-01 8.674374877389604555e-01 9.850090475515550503e-01 1.529889535865074091e-01 -7.969665340362296069e-02 -3.812838193862169711e-01 1.489358244204041393e+00 1.570710766971971539e+00
1.583561770989649057e+09 -7.761335516230555287e-02 8.737506848456445541e-01 4.801415500421632454e-01 1.508852465631161377e-01 -4.657527659836047662e-01 8.719564228707822329e-01 9.854997766153388294e-01 1.401217396988498898e-01 -9.568745265988853888e-02 -3.840708320222345762e-01 1.489951492429801849e+00 1.577935167973216757e+00
1.583561770989658117e+09 -6.037603996721601501e-02 8.810784426144357973e-01 4.691007482435640696e-01 1.580220610765321054e-01 -4.555946997229229356e-01 8.760493695191530206e-01 9.855880286659756129e-01 1.270206588389687641e-01 -1.117228276588268648e-01 -3.866548437030848384e-01 1.490621347189638568e+00 1.585228009048735398e+00
1.583561770989666939e+09 -4.307023923773580648e-02 8.879156717622833650e-01 4.579854960319282298e-01 1.655330456218908064e-01 -4.457327171688417744e-01 8.797278872980118791e-01 9.852632975695437834e-01 1.137018245808995298e-01 -1.277815706235313209e-01 -3.890426566293359034e-01 1.491358460556011067e+00 1.592580992527192540e+00
1.583561770989675999e+09 -2.572205116007998324e-02 8.942739513457091949e-01 4.467801207230738259e-01 1.733937692733056313e-01 -4.361625296529413887e-01 8.830044442364625157e-01 9.845166210377087612e-01 1.001815746602448820e-01 -1.438425362705338384e-01 -3.912407689907647645e-01 1.492154113145487626e+00 1.599986841008276928e+00
1.583561770989685059e+09 -8.357401525784634994e-03 9.001656571676349694e-01 4.354675002114056226e-01 1.815800420115442904e-01 -4.268766772380603869e-01 8.858922004457878696e-01 9.833406543109477482e-01 8.647596381360443674e-02 -1.598845380375433223e-01 -3.932552950369671563e-01 1.493000184639093453e+00 1.607439169540990420e+00
1.583561770989694118e+09 8.998302411256393213e-03 9.056036424074713764e-01 4.240295669605010920e-01 1.900680127423253485e-01 -4.178650932965138898e-01 8.884047019089219566e-01 9.817296885209091384e-01 7.260032296808716090e-02 -1.758863611063151422e-01 -3.950919130962463610e-01 1.493889110718692237e+00 1.614932366272235464e+00
1.583561770989702940e+09 2.632049928216721041e-02 9.106008880586646814e-01 4.124478806212761861e-01 1.988342923956428754e-01 -4.091157599736858219e-01 8.905555676913591290e-01 9.796796189173575531e-01 5.856891531694067426e-02 -1.918268142835903023e-01 -3.967558364527735693e-01 1.494813831390192638e+00 1.622461483316634423e+00
1.583561770989712954e+09 4.358583292391053632e-02 9.151700653017479370e-01 4.007044134877945640e-01 2.078562284533840288e-01 -4.006156000760556224e-01 8.923580723601025610e-01 9.771878343992650429e-01 4.439473826608452550e-02 -2.076849627633479134e-01 -3.982518029649408930e-01 1.495767734532304605e+00 1.630022138428197875e+00
1.583561770989722013e+09 6.077253412889394024e-02 9.193230070084661421e-01 3.887825975080909657e-01 2.171124009159589585e-01 -3.923516645731163210e-01 8.938245782661239369e-01 9.742529983017315098e-01 3.008953849587516979e-02 -2.234406301791252158e-01 -3.995840807711773524e-01 1.496744597561025625e+00 1.637610427246981581e+00
1.583561770989731073e+09 7.786075100659067827e-02 9.230701619868669772e-01 3.766685276830318840e-01 2.265833122720251613e-01 -3.843125194572769576e-01 8.949658596983683934e-01 9.708747119416061278e-01 1.566408867454037804e-02 -2.390751561328625652e-01 -4.007564869083319326e-01 1.497738529710857414e+00 1.645222845749618523e+00
1.583561770989739895e+09 9.483272526301801675e-02 9.264201572619755742e-01 3.643520916401596921e-01 2.362521504706708853e-01 -3.764895993960912790e-01 8.957904347457364969e-01 9.670530884349519685e-01 1.128716992248784533e-03 -2.545722891204489913e-01 -4.017724142187153458e-01 1.498743916983760416e+00 1.652856222516208451e+00
1.583561770989748955e+09 1.116727534067528671e-01 9.293795613956699064e-01 3.518278375160511784e-01 2.461055124918155868e-01 -3.688783268298914675e-01 8.963039979570113225e-01 9.627882805171962266e-01 -1.350596507492242762e-02 -2.699190916696866949e-01 -4.026348627506248223e-01 1.499755370928974374e+00 1.660507660039753919e+00
1.583561770989758015e+09 1.283669406650065625e-01 9.319528546403118563e-01 3.390955698866539025e-01 2.561340848089528333e-01 -3.614789717309795924e-01 8.965089423049807937e-01 9.580799858968067628e-01 -2.822817674079713610e-02 -2.851068412078493486e-01 -4.033464729830844586e-01 1.500767681712072088e+00 1.668174484055384044e+00
1.583561770989767075e+09 1.449027693999585253e-01 9.341425748852395516e-01 3.261607540027938734e-01 2.663333322510256784e-01 -3.542973209481000141e-01 8.964039070298975842e-01 9.529269351759951379e-01 -4.302392816009898563e-02 -3.001319677465436042e-01 -4.039095610139784021e-01 1.501775775528593204e+00 1.675854199639873698e+00
1.583561770989775896e+09 1.612684596025305839e-01 9.359496640360832620e-01 3.130346795050729103e-01 2.767041201095834513e-01 -3.473450875037770724e-01 8.959833816197576573e-01 9.473264031379772243e-01 -5.787587422026801293e-02 -3.149969354494664975e-01 -4.043261553175939160e-01 1.502774676462532932e+00 1.683544453136565311e+00
1.583561770989785910e+09 1.774521115326916365e-01 9.373740344236404232e-01 2.997343289408316291e-01 2.872531543351297678e-01 -3.406399727050102855e-01 8.952374178716222541e-01 9.412738037714877271e-01 -7.276213866646663586e-02 -3.297109305920712941e-01 -4.045980343585082739e-01 1.503759472820455079e+00 1.691242999145678549e+00
1.583561770989794970e+09 1.934406478651092831e-01 9.384153689468723858e-01 2.862818738979223121e-01 2.979930631704198474e-01 -3.342052577138059366e-01 8.941515419973061762e-01 9.347624566080340314e-01 -8.765524103302106684e-02 -3.442901518736911637e-01 -4.047267652277622418e-01 1.504725287978640358e+00 1.698947671895269629e+00
1.583561770989804029e+09 2.092186354677463278e-01 9.390740422213181837e-01 2.727040631230157053e-01 3.089422585010715427e-01 -3.280691583146131962e-01 8.927067314142982379e-01 9.277835112308959742e-01 -1.025210750478555977e-01 -3.587578371279920297e-01 -4.047137437587719488e-01 1.505667255902219059e+00 1.706656360474263723e+00
1.583561770989813089e+09 2.247670286921856775e-01 9.393521499170615074e-01 2.590315067781408520e-01 3.201244787105112510e-01 -3.222639017501412462e-01 8.908795068899612035e-01 9.203260841508121848e-01 -1.173180136012426517e-01 -3.731439169515481380e-01 -4.045602368778600799e-01 1.506580501696031416e+00 1.714366987588451519e+00
1.583561770989821911e+09 2.400619145218016726e-01 9.392546188740076296e-01 2.452978564208081469e-01 3.315679087440333017e-01 -3.168244791367414437e-01 8.886422065984952434e-01 9.123776626544383150e-01 -1.319962521595073324e-01 -3.874841807696426388e-01 -4.042674279266706971e-01 1.507460127760112512e+00 1.722077491699257390e+00
1.583561770989831924e+09 2.550733905794210221e-01 9.387903485811417426e-01 2.315388673071760439e-01 3.433037745074344338e-01 -3.117870242227435695e-01 8.859635263218665902e-01 9.039248221224275293e-01 -1.464975534879935648e-01 -4.018188435285525717e-01 -4.038364650798400568e-01 1.508301206185970633e+00 1.729785812582839366e+00
1.583561770989840984e+09 2.697647399920129474e-01 9.379732861856829862e-01 2.177914132920444334e-01 3.553644491673818018e-01 -3.071868845067213250e-01 8.828093374519888625e-01 8.949542410340984855e-01 -1.607555057531291354e-01 -4.161905501892009807e-01 -4.032685121555684704e-01 1.509098777888291165e+00 1.737489880443022328e+00
1.583561770989850044e+09 2.840920899074260153e-01 9.368233298901462724e-01 2.040924625512728630e-01 3.677811143619349465e-01 -3.030564282438820145e-01 8.791438183005986229e-01 8.854539720327704311e-01 -1.746964513507120176e-01 -4.306418622689989206e-01 -4.025648006132036549e-01 1.509847858736074633e+00 1.745187608724029671e+00
1.583561770989860058e+09 2.980046713048227769e-01 9.353669242188693556e-01 1.904781698843986959e-01 3.805812861542463565e-01 -2.994228315581368705e-01 8.749307701802977455e-01 8.754148163730062215e-01 -1.882410296933317850e-01 -4.452125495269236288e-01 -4.017266806874007501e-01 1.510543452448130486e+00 1.752876890687779632e+00
1.583561770989871025e+09 3.114457441089289458e-01 9.336372576060111284e-01 1.769831063436157481e-01 3.937864297859258178e-01 -2.963059901332098511e-01 8.701350515667288787e-01 8.648316578422853285e-01 -2.013063130208996576e-01 -4.599369219505529682e-01 -4.007556692933570974e-01 1.511180569500444992e+00 1.760555599659692660e+00
1.583561770989886999e+09 3.243541184058187365e-01 9.316740048764028392e-01 1.636397102033057271e-01 4.074099964626686776e-01 -2.937167817679230408e-01 8.647239715236211266e-01 8.537045747015112873e-01 -2.138083276824987722e-01 -4.748415508240388938e-01 -3.996534922284605829e-01 1.511754250745955375e+00 1.768221592634377393e+00
1.583561770989897966e+09 3.366661048307332815e-01 9.295226255293052020e-01 1.504779808871786195e-01 4.214561120117299442e-01 -2.916558294831642639e-01 8.586685174232517870e-01 8.420395950988047717e-01 -2.256647203230010557e-01 -4.899436238273093269e-01 -3.984221180283543107e-01 1.512259593775004296e+00 1.775872716652764138e+00
1.583561770989908934e+09 3.483176884410908447e-01 9.272332822879583158e-01 1.375253735905777597e-01 4.359189954733939665e-01 -2.901128200237700905e-01 8.519443532770930583e-01 8.298490329630557882e-01 -2.367973650954120768e-01 -5.052500278236553566e-01 -3.970637820624637881e-01 1.512691780033318167e+00 1.783506817201288452e+00
1.583561770989923954e+09 3.592466840703218978e-01 9.248594843285183886e-01 1.248068687081715228e-01 4.507831148014502798e-01 -2.890663985773000988e-01 8.445325338084102018e-01 8.171513957624250146e-01 -2.471346833242999697e-01 -5.207571842455671618e-01 -3.955809999611303862e-01 1.513046100549511053e+00 1.791121747729893965e+00
1.583561770989934921e+09 3.693945404797194798e-01 9.224566171027883676e-01 1.123452859346131955e-01 4.660240985550052062e-01 -2.884846597450996808e-01 8.364198351875393733e-01 8.039709032226096674e-01 -2.566133100514735865e-01 -5.364516717445297900e-01 -3.939765705335746548e-01 1.513317978413054377e+00 1.798715379363285072e+00
1.583561770989943981e+09 3.787077118392824238e-01 9.200804877733421705e-01 1.001616955572191825e-01 4.816100886209301879e-01 -2.883260325128581547e-01 8.275988288726221498e-01 7.903367584310614369e-01 -2.651791757181649611e-01 -5.523113372725294568e-01 -3.922535697146073419e-01 1.513502986954620155e+00 1.806285610057411839e+00
1.583561770989957094e+09 3.871385773778285855e-01 9.177859761504663094e-01 8.827584115758996264e-02 4.975032916703723829e-01 -2.885404067473992251e-01 8.180677896657412296e-01 7.762822920012194539e-01 -2.727880787274961083e-01 -5.683066667488144708e-01 -3.904153378216349557e-01 1.513596863369057077e+00 1.813830372709208660e+00
1.583561770989967108e+09 3.946458777064039691e-01 9.156258698422593545e-01 7.670657031585702279e-02 5.136615932995937106e-01 -2.890703987474051440e-01 8.078304724224881772e-01 7.618440778571834437e-01 -2.794057466906001430e-01 -5.844022843828204916e-01 -3.884654624782737375e-01 1.513595518061567224e+00 1.821347641966160280e+00
1.583561770989979029e+09 4.011947793441758559e-01 9.136499003297988697e-01 6.547219943609915160e-02 5.300400530434763446e-01 -2.898526296152120207e-01 7.968958497270623997e-01 7.470611028426104028e-01 -2.850075665179053197e-01 -6.005584033953543788e-01 -3.864077589443081773e-01 1.513495040009503523e+00 1.828835439577866984e+00
1.583561770989989042e+09 4.067566523148291036e-01 9.119039812596618777e-01 5.459079597409395579e-02 5.465922045794884276e-01 -2.908189498477797286e-01 7.852778491335219435e-01 7.319740349699221937e-01 -2.895780855175935087e-01 -6.167321499317748312e-01 -3.842462491562699811e-01 1.513291698431089127e+00 1.836291838198227167e+00
1.583561770989996910e+09 4.113086012098374766e-01 9.104296529851476638e-01 4.408040132331023098e-02 5.632711497237214981e-01 -2.918975694349065231e-01 7.729950975810340186e-01 7.166246204499012729e-01 -2.931103139826858328e-01 -6.328787383406548894e-01 -3.819851409202343340e-01 1.512981941524626395e+00 1.843714963749589986e+00
1.583561770990010023e+09 4.148328370083029792e-01 9.092637083686727628e-01 3.395918473646723779e-02 5.800304227061736650e-01 -2.930140560500396618e-01 7.600707017967494039e-01 7.010552233923550425e-01 -2.956049252639897928e-01 -6.489524652512070890e-01 -3.796288081325632779e-01 1.512562392866113603e+00 1.851102996469115913e+00
