1.589264474470957041e+09 6.464509178256041544e-01 -5.080571271945232281e-01 -5.691916781796690916e-01 -1.643022645009987459e-01 6.358280600253556347e-01 -7.541402020380121307e-01 7.450543450028173087e-01 5.810341073432168102e-01 3.275566963950998778e-01 1.707039762030240215e-01 -5.594587514110342941e-01 4.931142540595376822e-01
1.589264474471055031e+09 6.671837542713714431e-01 -4.876461773535302191e-01 -5.630870660107354375e-01 -1.595578861129785253e-01 6.448263757428929210e-01 -7.474892818570340047e-01 7.276036828513001709e-01 5.885576872041103913e-01 3.524098888952720277e-01 1.689469214019475030e-01 -5.672615268967545754e-01 4.845107522752362672e-01
1.589264474471086025e+09 6.879874571337517564e-01 -4.668127666663036690e-01 -5.556609576565083586e-01 -1.561940389978212496e-01 6.524760066170557371e-01 -7.415379176663176031e-01 7.087148095597806119e-01 5.969597155404761102e-01 3.759819370528740268e-01 1.672480567742348767e-01 -5.751667547617070886e-01 4.759894835207070796e-01
1.589264474471112967e+09 7.087461195438976569e-01 -4.456220599501753976e-01 -5.469002814747589980e-01 -1.542631420527248165e-01 6.585766286321071972e-01 -7.365322176206846594e-01 6.883907475519724928e-01 6.063809068750883879e-01 3.980205707283417937e-01 1.655959495720586427e-01 -5.831694696189494431e-01 4.675504144657411931e-01
1.589264474471146107e+09 7.293109714269906396e-01 -4.241688708849099543e-01 -5.368298390447864277e-01 -1.537868468801299182e-01 6.629205028771708585e-01 -7.327250596029076801e-01 6.666746680068954545e-01 6.169417931738410132e-01 4.182436026317442046e-01 1.639802349210605081e-01 -5.912653452780217700e-01 4.591935578023214615e-01
1.589264474471164942e+09 7.495038101960531662e-01 -4.025811645910054581e-01 -5.255211171584436292e-01 -1.547493191517178013e-01 6.652979210570393320e-01 -7.303638304658899294e-01 6.436588281096042863e-01 6.287345087525409992e-01 4.363441655208821768e-01 1.623914784307015358e-01 -5.994509051661147669e-01 4.509193054520343469e-01
1.589264474471179008e+09 7.691238664083033250e-01 -3.810224990458979666e-01 -5.130987560935335035e-01 -1.570918479027321735e-01 6.655046950037453168e-01 -7.296750322332274941e-01 6.194922354029244183e-01 6.418141136738917396e-01 4.520000155629622096e-01 1.608209510940183384e-01 -6.077237055707749303e-01 4.427287616859417185e-01
1.589264474471193075e+09 7.879581197584617502e-01 -3.596927706422814452e-01 -4.997430463940070733e-01 -1.607098409051379573e-01 6.633518369637938505e-01 -7.308465556252898843e-01 5.943856902929084418e-01 6.561901031922598992e-01 4.648872981436452112e-01 1.592603191577627586e-01 -6.160824763263620385e-01 4.346240612437918260e-01
1.589264474471205950e+09 8.057945766843042090e-01 -3.388264450383700055e-01 -4.856868749469708813e-01 -1.654532138854722667e-01 6.586773327589827698e-01 -7.340091319457191510e-01 5.686126401020089594e-01 6.718190320708210539e-01 4.746986981364498814e-01 1.577012571408262231e-01 -6.245272037403888366e-01 4.266086576751174642e-01
1.589264474471220970e+09 8.224374288974037883e-01 -3.186873931796334602e-01 -4.712059222308380146e-01 -1.711309812775637096e-01 6.513593202173427743e-01 -7.392193339452967082e-01 5.425042516678603155e-01 6.885995801652258219e-01 4.811649981869695059e-01 1.561349977119661780e-01 -6.330591411993748974e-01 4.186875678244863508e-01
1.589264474471235991e+09 8.377223664436523887e-01 -2.995596963898143339e-01 -4.566018235041405804e-01 -1.775203416332504502e-01 6.413292006716497795e-01 -7.464471750484594770e-01 5.164375715839251146e-01 7.063716055126074700e-01 4.840778759081397764e-01 1.545518377153441425e-01 -6.416807338317704890e-01 4.108675592108102514e-01
1.589264474471250057e+09 8.514985563523451706e-01 -2.818142815825575576e-01 -4.421887825289059215e-01 -1.844053404130980012e-01 6.284871112608927390e-01 -7.556445076036855113e-01 4.908613645718625240e-01 7.249721802141502192e-01 4.831878092914674294e-01 1.529418530578985080e-01 -6.503935536505562887e-01 4.031548742036332178e-01
1.589264474471260071e+09 8.636910070123964278e-01 -2.657684463844301459e-01 -4.282580734565733516e-01 -1.915184045725844553e-01 6.129001319569959971e-01 -7.665990669330464691e-01 4.662172727216060686e-01 7.441240229705389231e-01 4.784567832269338572e-01 1.512940035721756227e-01 -6.592011216880746538e-01 3.955586825822637875e-01
1.589264474471270084e+09 8.742850173549726600e-01 -2.517112644745291283e-01 -4.150507775365151475e-01 -1.986037615817654589e-01 5.947144500568253278e-01 -7.790194280277802363e-01 4.429246601607156331e-01 7.635156597194745487e-01 4.699591292297096712e-01 1.495952417016800373e-01 -6.681077496367731072e-01 3.880902840589937619e-01
1.589264474471278906e+09 8.833235814774755834e-01 -2.398824866794443400e-01 -4.027354505860002987e-01 -2.054327299665148487e-01 5.741487770132356339e-01 -7.925595092977306688e-01 4.213512123221006545e-01 7.828215472526044438e-01 4.578794398020414325e-01 1.478301226902723475e-01 -6.771181368638408138e-01 3.807630699427484444e-01
1.589264474471287966e+09 8.908990284973329343e-01 -2.304542557701430294e-01 -3.913946310162605413e-01 -2.118145254408057565e-01 5.514797639375907945e-01 -8.068486086281454472e-01 4.017879143191920299e-01 8.017237094948171938e-01 4.424992270079128875e-01 1.459805006011667405e-01 -6.862368785871908461e-01 3.735924188341238072e-01
1.589264474471297979e+09 8.971408804757055044e-01 -2.235180924056459906e-01 -3.810221819199426374e-01 -2.176015908530892773e-01 5.270212085314461836e-01 -8.215218766909421211e-01 3.844317735220227905e-01 8.199318926126510920e-01 4.241743784636751169e-01 1.440253354812819631e-01 -6.954678985016807813e-01 3.665955344915472480e-01
1.589264474471307993e+09 9.022023770210718663e-01 -2.190786018912797561e-01 -3.715312063061549930e-01 -2.226898490920129481e-01 5.011000696904144291e-01 -8.362463463197835623e-01 3.693779937445704764e-01 8.371996695793582077e-01 4.033070931128613923e-01 1.419406327483667685e-01 -7.048138237034313747e-01 3.597912353763136895e-01
1.589264474471318007e+09 9.062478398014551795e-01 -2.170541476136793047e-01 -3.627703819598728230e-01 -2.270153552154546284e-01 4.740327285333185703e-01 -8.507390911679133527e-01 3.566214822523685046e-01 8.533349106142124052e-01 3.803165117173516463e-01 1.396995305672213139e-01 -7.142753239979915403e-01 3.531997057359061998e-01
1.589264474471327066e+09 9.094422834299694669e-01 -2.172837008485176968e-01 -3.545455212291814262e-01 -2.305492613296566129e-01 4.461045810413972190e-01 -8.647761220915957114e-01 3.460661374087952713e-01 8.682041790414412041e-01 3.556117720149750694e-01 1.372725447434714752e-01 -7.238504414516296892e-01 3.468422176021589420e-01
1.589264474471337080e+09 9.119438321173325424e-01 -2.195383107673526957e-01 -3.466430113776833299e-01 -2.332928234628024178e-01 4.175551671537504617e-01 -8.781925423103447148e-01 3.375394878142451982e-01 8.817315991102536721e-01 3.295701467946826058e-01 1.346279740567097039e-01 -7.335339389366228868e-01 3.407408315177591351e-01
1.589264474471345901e+09 9.138987804590030795e-01 -2.235354576609684951e-01 -3.388523548867048429e-01 -2.352735763400945757e-01 3.885698847143510548e-01 -8.908758552316742296e-01 3.308101624812413988e-01 8.938933629004277570e-01 3.025215571217951260e-01 1.317324608962780197e-01 -7.433166989736164076e-01 3.349180830768551109e-01
1.589264474471354961e+09 9.154386727407384239e-01 -2.289549589768389015e-01 -3.309858960424241769e-01 -2.365430031836143476e-01 3.592782913263730116e-01 -9.027549598268778119e-01 3.256062719667046079e-01 9.047091999712381094e-01 2.747395484910086783e-01 1.285516942709392374e-01 -7.531852048639804398e-01 3.293966607079152342e-01
1.589264474471364021e+09 9.166787122192183723e-01 -2.354553955868933790e-01 -3.228945577453300464e-01 -2.371753639869842722e-01 3.297582496635213523e-01 -9.137873625532593191e-01 3.216333091109912501e-01 9.142320568837493111e-01 2.464381484229239139e-01 1.250512350482912149e-01 -7.631211351773353746e-01 3.241990782076082378e-01
1.589264474471373081e+09 9.177169457725746771e-01 -2.426903200986811893e-01 -3.144789597742181364e-01 -2.372669346256635059e-01 3.000446396163126694e-01 -9.239467606071292138e-01 3.185906612294425178e-01 9.225370578620887274e-01 2.177736618837191607e-01 1.211974394648712844e-01 -7.731010999972085518e-01 3.193473412399304157e-01
1.589264474471383095e+09 9.186338784653892420e-01 -2.503237364620495842e-01 -3.056956402497950087e-01 -2.369347658343646523e-01 2.701410472417412612e-01 -9.332125866059135522e-01 3.161862019784875688e-01 9.297106226749523028e-01 1.888503220157917162e-01 1.169584518643448506e-01 -7.830965450555037455e-01 3.148626057943530454e-01
1.589264474471393108e+09 9.194923789701952010e-01 -2.580444370318829561e-01 -2.965583141661129463e-01 -2.363141624252510231e-01 2.400327300620793136e-01 -9.415624809866558476e-01 3.141486621003428126e-01 9.358404550812330358e-01 1.597287109307902186e-01 1.123052326124397288e-01 -7.930738466291826771e-01 3.107648266752991995e-01
1.589264474471410990e+09 9.203378947439823099e-01 -2.655787489904182230e-01 -2.871342678109257696e-01 -2.355543476416209481e-01 2.096992243284144797e-01 -9.489680632606880550e-01 3.122375843029073783e-01 9.410069945258825452e-01 1.304359136271416586e-01 1.072125819503903510e-01 -8.029946154142987291e-01 3.070723958021611688e-01
1.589264474471426010e+09 9.211991029050012880e-01 -2.727010126289394210e-01 -2.775362511215234140e-01 -2.348122290743641649e-01 1.791251544286870945e-01 -9.553938437071787249e-01 3.102505924726471354e-01 9.452768573826304532e-01 1.009763988706579713e-01 1.016601147175754255e-01 -8.128162207152048735e-01 3.038017740344656770e-01
1.589264474471440077e+09 9.220891398837839370e-01 -2.792409116428170579e-01 -2.679106782897790473e-01 -2.342447333514380559e-01 1.483081426174535922e-01 -9.607986782859481156e-01 3.080276339072206548e-01 9.486986921224418445e-01 7.134261472909635138e-02 9.563313307193144208e-02 -8.224925353108414328e-01 3.009671280434813578e-01
1.589264474471456051e+09 9.230074660241719409e-01 -2.850869389646606966e-01 -2.584234027014862267e-01 -2.340005515957830629e-01 1.172632446591325289e-01 -9.651388883318461342e-01 3.054520580402084740e-01 9.513016183188446329e-01 4.152434929827387988e-02 8.912334286556546081e-02 -8.319748866063741977e-01 2.985799885039198132e-01
1.589264474471472025e+09 9.239423071142893740e-01 -2.901856088303217951e-01 -2.492447105166268884e-01 -2.342123607011708797e-01 8.602392798244140604e-02 -9.683720640202331253e-01 3.024486459932153593e-01 9.530961108778629454e-01 1.151608996404239124e-02 8.212936229970974056e-02 -8.412131827436091225e-01 2.966489498899630428e-01
1.589264474471493959e+09 9.248734944453248508e-01 -2.945365369909425102e-01 -2.405353359036756788e-01 -2.349905788741177004e-01 5.464015389312816551e-02 -9.704606544772912402e-01 2.989790082204525912e-01 9.540768744102670063e-01 -1.867808129190091926e-02 7.465697904390838913e-02 -8.501571642528897854e-01 2.951794353297128581e-01
1.589264474471508980e+09 9.257754318010228411e-01 -2.981841077849793908e-01 -2.324351262320794032e-01 -2.364194591477374319e-01 2.317451162639718246e-02 -9.713746866234056476e-01 2.950350647857382658e-01 9.542270066375748705e-01 -4.904213200978998349e-02 6.671912786665561146e-02 -8.587577165429723935e-01 2.941735482607899521e-01
1.589264474471519947e+09 9.266198854941342100e-01 -3.012069671106497593e-01 -2.250554397015517849e-01 -2.385558541018830414e-01 -8.302501548739706777e-03 -9.710932876955254978e-01 2.906315408269621869e-01 9.535226435434677184e-01 -7.954794835896011884e-02 5.833558349942903620e-02 -8.669681706562024637e-01 2.936300255852710150e-01
1.589264474471529961e+09 9.273783151286496551e-01 -3.037067617523221963e-01 -2.184757736305842080e-01 -2.414306364299060870e-01 -3.971706184516503313e-02 -9.696049727889126668e-01 2.857983706476885377e-01 9.519373709334291167e-01 -1.101568586932952232e-01 4.953238732615916629e-02 -8.747455209519141572e-01 2.935442974466666577e-01
1.589264474471539974e+09 9.280235749439368353e-01 -3.057976030584182436e-01 -2.127441432341171668e-01 -2.450520973474625552e-01 -7.099574980978275163e-02 -9.669069622047958834e-01 2.805739014527998121e-01 9.494458540567698446e-01 -1.408220735526311829e-01 4.034104583040466763e-02 -8.820514964717042217e-01 2.939086503158518382e-01
1.589264474471549034e+09 9.285309331637424668e-01 -3.075972698191044019e-01 -2.078803163513084362e-01 -2.494105592691635565e-01 -1.020680958010421885e-01 -9.630038822404313192e-01 2.749994169551508993e-01 9.460264392342179196e-01 -1.714913913461869888e-01 3.079755202366161321e-02 -8.888534349965837578e-01 2.947124836721868868e-01
1.589264474471559048e+09 9.288784842931815389e-01 -3.092206802513685626e-01 -2.038806819943953519e-01 -2.544833304559164233e-01 -1.328679398982490489e-01 -9.579062300313170297e-01 2.691152098636410139e-01 9.416627218707483982e-01 -2.021096791861277664e-01 2.094128869860271969e-02 -8.951249231466451572e-01 2.959426460398807412e-01
1.589264474471568108e+09 9.290470747099154325e-01 -3.107756521887062306e-01 -2.007237583049157059e-01 -2.602394413379382487e-01 -1.633338015561277279e-01 -9.516288682605690274e-01 2.629581076673802031e-01 9.363442548460915171e-01 -2.326208726456105991e-01 1.081387619640508495e-02 -9.008461831522315277e-01 2.975838315135170831e-01
1.589264474471576929e+09 9.290199076208792706e-01 -3.123606603372708901e-01 -1.983754755159373162e-01 -2.666437076376957371e-01 -1.934085551883139298e-01 -9.441897396300925616e-01 2.565602164495817128e-01 9.300666368382842775e-01 -2.629694026638157434e-01 4.580259094177901308e-04 -9.060042043064330253e-01 2.996190151431666338e-01
1.589264474471585989e+09 9.287820014993372064e-01 -3.140640944800702217e-01 -1.967936442513222028e-01 -2.736598477020283360e-01 -2.230387273794046665e-01 -9.356089002944703026e-01 2.499485580883988867e-01 9.228312256053791129e-01 -2.931010878841996958e-01 -1.008354531225329892e-02 -9.105926329256431861e-01 3.020299047683948634e-01
1.589264474471596003e+09 9.283196568909110047e-01 -3.159644523399886551e-01 -1.959313136174242742e-01 -2.812525531762972153e-01 -2.521736953698952566e-01 -9.259078945342540390e-01 2.431452574210068440e-01 9.146446810237375269e-01 -3.229636072847140715e-01 -2.076909392465080273e-02 -9.146114488658536601e-01 3.047973872148019292e-01
1.589264474471605062e+09 9.276200473327245177e-01 -3.181309445605163821e-01 -1.957389845377883464e-01 -2.893885562252509480e-01 -2.807649996097139056e-01 -9.151094355242830325e-01 2.361679731837365293e-01 9.055184798834856608e-01 -3.525066969484187962e-01 -3.155868816522234416e-02 -9.180664643718100537e-01 3.079019505944183832e-01
1.589264474471613884e+09 9.266709747859475099e-01 -3.206241446247364846e-01 -1.961659056547159496e-01 -2.980369155844971862e-01 -3.087658758991898567e-01 -9.032373061907016387e-01 2.290303510117299712e-01 8.954684763109219681e-01 -3.816822063058964432e-01 -4.241488483610495602e-02 -9.209686877616405365e-01 3.113240673428041005e-01
1.589264474471622944e+09 9.254607897832508590e-01 -3.234964801280147406e-01 -1.971607316048592240e-01 -3.071687569914249849e-01 -3.361310429904401653e-01 -8.903163915889966695e-01 2.217423765311417883e-01 8.845145276281541902e-01 -4.104441121843045437e-01 -5.330323543064386521e-02 -9.233335940382737528e-01 3.150445282597403307e-01
1.589264474471632004e+09 9.239784465676489367e-01 -3.267925026751963280e-01 -1.986718164263185926e-01 -3.167566915224580004e-01 -3.628167294934220299e-01 -8.763727629502147121e-01 2.143105898061888337e-01 8.726801712523194476e-01 -4.387485500393629723e-01 -6.419262272897156840e-02 -9.251803407498346843e-01 3.190447233364906987e-01
1.589264474471641064e+09 9.222136615801327375e-01 -3.305489527971341435e-01 -2.006473333191824970e-01 -3.267740661068361807e-01 -3.887809080506352544e-01 -8.614337558517650706e-01 2.067381734594547771e-01 8.599923230133044161e-01 -4.665538900861574967e-01 -7.505543662095595647e-02 -9.265309658433269480e-01 3.233068678679509311e-01
1.589264474471651077e+09 9.201571036428983774e-01 -3.347947440902817040e-01 -2.030354257597720702e-01 -3.371942493212293224e-01 -4.139836451175880616e-01 -8.455279890490895456e-01 1.990249810758423776e-01 8.464809632864215283e-01 -4.938208542205870244e-01 -8.586760482673121142e-02 -9.274096038868704373e-01 3.278141734578800537e-01
1.589264474471659899e+09 9.178005885165466671e-01 -3.395509518460928522e-01 -2.057844284378913535e-01 -3.479900046586856255e-01 -4.383875152484207338e-01 -8.286853103546082400e-01 1.911675616577807879e-01 8.321787896096985993e-01 -5.205126567675885108e-01 -9.660849998957321549e-02 -9.278417508566791927e-01 3.325509666664021591e-01
1.589264474471677065e+09 9.151373055350252583e-01 -3.448308015292944617e-01 -2.088430762634346793e-01 -3.591328741595982699e-01 -4.619580942696752124e-01 -8.109366795885766255e-01 1.831591957063496701e-01 8.171208220066767947e-01 -5.465951624676473886e-01 -1.072607479727233359e-01 -9.278536003150925637e-01 3.375027605130014319e-01
1.589264474471685886e+09 9.121620093511197958e-01 -3.506397938344558152e-01 -2.121607971437571849e-01 -3.705927178623452112e-01 -4.846644240910475965e-01 -7.923139743519882483e-01 1.749900180636382585e-01 8.013439531821835438e-01 -5.720370290795306900e-01 -1.178099637397513194e-01 -9.274714680790279164e-01 3.426562846915300886e-01
1.589264474471695900e+09 9.088711416507304630e-01 -3.569760440101264476e-01 -2.156880897170600775e-01 -3.823374621353790026e-01 -5.064793734756616317e-01 -7.728497329734471677e-01 1.666472717528492131e-01 7.848864558316440698e-01 -5.968098010514493179e-01 -1.282444404433821517e-01 -9.267213140133913063e-01 3.479994817310781419e-01
1.589264474471704960e+09 9.052629120589619216e-01 -3.638307890845581261e-01 -2.193768837709485220e-01 -3.943329728375009613e-01 -5.273799054781506124e-01 -7.525768680317946879e-01 1.581156755240376022e-01 7.677874657177452544e-01 -6.208879456085432125e-01 -1.385548144174069407e-01 -9.256283615602300952e-01 3.535214771363203723e-01
1.589264474471714020e+09 9.013373621652995826e-01 -3.711890097466388205e-01 -2.231808208082075862e-01 -4.065429969279993339e-01 -5.473472646227451888e-01 -7.315283754061415733e-01 1.493778814921027376e-01 7.500864558532748250e-01 -6.442488320735259011e-01 -1.487337246930187373e-01 -9.242168098592566938e-01 3.592125312743106869e-01
1.589264474471723080e+09 8.970964300373923672e-01 -3.790301176440499242e-01 -2.270554234131388072e-01 -4.189291389113555808e-01 -5.663670958419270152e-01 -7.097370567922468565e-01 1.404149993885245307e-01 7.318227127982582791e-01 -6.668726605139967401e-01 -1.587754816387613732e-01 -9.225096304192740293e-01 3.650639794376035474e-01
1.589264474471731901e+09 8.925440239955589883e-01 -3.873286714132306296e-01 -2.309581470732147701e-01 -4.314508597485977037e-01 -5.844295013449679610e-01 -6.872352683364100212e-01 1.312071687181069202e-01 7.130348228241240038e-01 -6.887423470927616087e-01 -1.686757548708927024e-01 -9.205284373190404379e-01 3.710681657800187772e-01
1.589264474471740961e+09 8.876861033473955054e-01 -3.960551029614153840e-01 -2.348483287369866335e-01 -4.440655072860382191e-01 -6.015290304415091827e-01 -6.640547050058758227e-01 1.217341670885039584e-01 6.937601756046327672e-01 -7.098433712235362458e-01 -1.784312874297982743e-01 -9.182934202217147845e-01 3.772183749531147212e-01
1.589264474471750975e+09 8.825307646065696510e-01 -4.051764351749759796e-01 -2.386870462975691776e-01 -4.567283830229672548e-01 -6.176646017305351677e-01 -6.402262290595678307e-01 1.119760418183807921e-01 6.740344920316003741e-01 -7.301635912397224093e-01 -1.880396414690672091e-01 -9.158233312108203794e-01 3.835087630763283628e-01
1.589264474471760988e+09 8.770882430944562103e-01 -4.146570977929968649e-01 -2.424370129410629016e-01 -4.693930049115756509e-01 -6.328392368071730223e-01 -6.157797558891862089e-01 1.019137922261945384e-01 6.538914221085669887e-01 -7.496929954378724892e-01 -1.974989785793352104e-01 -9.131355162642712520e-01 3.899342888955938391e-01
1.589264474471770048e+09 8.713707417742633243e-01 -4.244599174702215483e-01 -2.460626119697157110e-01 -4.820116935040105743e-01 -6.470594972788299426e-01 -5.907442211077592598e-01 9.153009335094419718e-02 6.333622863274619430e-01 -7.684233576817636191e-01 -2.068078749085068557e-01 -9.102459807956575499e-01 3.964906463992131647e-01
1.589264474471779108e+09 8.653921779023164840e-01 -4.345470962326717923e-01 -2.495299576196306213e-01 -4.945362778364357226e-01 -6.603347801739534173e-01 -5.651476342176880996e-01 8.080995369513378768e-02 6.124759583423301512e-01 -7.863478569934126972e-01 -2.159651686802367132e-01 -9.071694785533537253e-01 4.031742004341936636e-01
1.589264474471787930e+09 8.591676969751584902e-01 -4.448813286046706672e-01 -2.528071836435062947e-01 -5.069191451841116303e-01 -6.726763008710617830e-01 -5.390172306687270876e-01 6.974130060933017572e-02 5.912589940151089518e-01 -8.034606109494468740e-01 -2.249698373369654059e-01 -9.039196157918455432e-01 4.099819257680553664e-01
1.589264474471796989e+09 8.527128634175600297e-01 -4.554270894584550589e-01 -2.558650795205202333e-01 -5.191147137307527970e-01 -6.840957001920225933e-01 -5.123797297245221705e-01 5.831540829318979796e-02 5.697361138842362838e-01 -8.197561064447066448e-01 -2.338209021200559068e-01 -9.005089652329419936e-01 4.169113488882170704e-01
1.589264474471806049e+09 8.460425629853369767e-01 -4.661519592308441262e-01 -2.586780483358873672e-01 -5.310811778811983519e-01 -6.946034031457583025e-01 -4.852616771435796506e-01 4.652702886443590979e-02 5.479310755383062226e-01 -8.352285749459131825e-01 -2.425173570279140767e-01 -8.969491844991521745e-01 4.239604923092857303e-01
1.589264474471816063e+09 8.391697810012221925e-01 -4.770277407736527864e-01 -2.612252157720642565e-01 -5.427821843959057535e-01 -7.042070239871461856e-01 -4.576898165079986702e-01 3.437410737324418653e-02 5.258678562107916843e-01 -8.498714131609892419e-01 -2.510581172542205586e-01 -8.932511332061833231e-01 4.311278224397729897e-01
1.589264474471832037e+09 8.321044209348354981e-01 -4.880311955133692647e-01 -2.634915274442610755e-01 -5.541881468286025125e-01 -7.129100760766429179e-01 -4.296914262684605745e-01 2.185705560747257942e-02 5.035720166267105835e-01 -8.636767297735754578e-01 -2.594419824771398431e-01 -8.894249847859071467e-01 4.384122017543214955e-01
1.589264474471841097e+09 8.248521946464936194e-01 -4.991444221283976579e-01 -2.654688362376780852e-01 -5.652771526598919793e-01 -7.207110326463964656e-01 -4.012945907535254153e-01 8.977637525444091132e-03 4.810721916451093927e-01 -8.766350145938337501e-01 -2.676676111725092011e-01 -8.854803309273411305e-01 4.458128455310809146e-01
1.589264474471849918e+09 8.174135391257438821e-01 -5.103549795146021806e-01 -2.671570719763790569e-01 -5.760355350972788946e-01 -7.276026726256418220e-01 -3.725284063783110833e-01 -4.262472353028918387e-03 4.584017298898450665e-01 -8.887348793229257193e-01 -2.757335049832594365e-01 -8.814262791900309146e-01 4.533292816116691881e-01
1.589264474471858978e+09 8.097826541025865410e-01 -5.216557100343252040e-01 -2.685653988725479890e-01 -5.864579723688049251e-01 -7.335718127292663038e-01 -3.434231248470578368e-01 -1.786337242973334849e-02 4.356004086888595195e-01 -8.999628793662732829e-01 -2.836380018631221578e-01 -8.772715437684113216e-01 4.609613123022136549e-01
1.589264474471868038e+09 8.019467923836890444e-01 -5.330442078440907894e-01 -2.697132084970890187e-01 -5.965469602437729613e-01 -7.385995455542638810e-01 -3.140102482348286483e-01 -3.182870917611493877e-02 4.127161059153335865e-01 -9.103034381743065895e-01 -2.913792764916894318e-01 -8.730245291609000091e-01 4.687089780060039179e-01
1.589264474471877098e+09 7.938859944833895899e-01 -5.445218581178672412e-01 -2.706306966391671676e-01 -6.063114778042719699e-01 -7.426621398046832079e-01 -2.843225957413137994e-01 -4.616730409901902143e-02 3.898062241964643238e-01 -9.197389238102422482e-01 -2.989553475357393797e-01 -8.686934071046544803e-01 4.765725216778211037e-01
1.589264474471885920e+09 7.855730930334476891e-01 -5.560926760688209569e-01 -2.713592660899859510e-01 -6.157651948778446460e-01 -7.457323278492976604e-01 -2.543944190485845636e-01 -6.089450389176595535e-02 3.669390018945541954e-01 -9.282497663054389836e-01 -3.063640918625632481e-01 -8.642861871297324861e-01 4.845523530921885813e-01
1.589264474471895933e+09 7.769740739621084913e-01 -5.677619258254010814e-01 -2.719516209588977440e-01 -6.249242045861611583e-01 -7.477810335580805656e-01 -2.242615991174409518e-01 -7.603306676609652981e-02 3.441945986220201203e-01 -9.358146458563612047e-01 -3.136032663898835060e-01 -8.598107809786409428e-01 4.926490117706337490e-01
1.589264474471905947e+09 7.680488868504262712e-01 -5.795345136021052834e-01 -2.724713840391475017e-01 -6.338043054523837538e-01 -7.487795867799857952e-01 -1.939619377021283564e-01 -9.161337309643977078e-02 3.216657865714013798e-01 -9.424107978907034777e-01 -3.206705384975381823e-01 -8.552750607740140509e-01 5.008631274863588612e-01
1.589264474471915007e+09 7.587527978460415490e-01 -5.914131764873509223e-01 -2.729920266351412717e-01 -6.424179120797535170e-01 -7.487024508737032402e-01 -1.635355214023827553e-01 -1.076727371978183773e-01 2.994580020904845652e-01 -9.480144972572955853e-01 -3.275635254097208349e-01 -8.506869102118647108e-01 5.091953778220895677e-01
1.589264474471924067e+09 7.490382378990920742e-01 -6.033965975520101388e-01 -2.735950737789275555e-01 -6.507708756357137858e-01 -7.475303258360469494e-01 -1.330251098301701851e-01 -1.242537159551861670e-01 2.776885995125646933e-01 -9.526017300707448898e-01 -3.342798420475279197e-01 -8.460542675875858398e-01 5.176464430180469645e-01
1.589264474471932888e+09 7.388571075765906215e-01 -6.154775816489657103e-01 -2.743674930444774396e-01 -6.588594886900230874e-01 -7.452534824482861531e-01 -1.024764437681770363e-01 -1.414013758404971122e-01 2.564850749364585569e-01 -9.561490770831460040e-01 -3.408171562020676504e-01 -8.413851593752738056e-01 5.262169588693009770e-01
1.589264474471945047e+09 7.281632434483286120e-01 -6.276415448394181418e-01 -2.753985879608226717e-01 -6.666681722141074573e-01 -7.418749340769286160e-01 -7.193838204048498552e-02 -1.591597920143508205e-01 2.359823587822715563e-01 -9.586346996177438351e-01 -3.471732486541510010e-01 -8.366877231190723574e-01 5.349074692783413187e-01
1.589264474471954107e+09 7.169148525836042118e-01 -6.398654735544989647e-01 -2.767765706600214815e-01 -6.741681277369746539e-01 -7.374131648693260654e-01 -4.146275782645044566e-02 -1.775680997219468982e-01 2.163192092814956724e-01 -9.600393585778986827e-01 -3.533460751686618440e-01 -8.319702188792322817e-01 5.437183804899645700e-01
1.589264474471962929e+09 7.050766200744016388e-01 -6.521174967229690367e-01 -2.785852301552302346e-01 -6.813172088136324467e-01 -7.319040678637847019e-01 -1.110391302171929995e-02 -1.966566071932965842e-01 1.976340208144702904e-01 -9.603473189558165979e-01 -3.593338267711496670e-01 -8.272410291697961382e-01 5.526499192851245246e-01
1.589264474471971989e+09 6.926212920359454683e-01 -6.643570991559648586e-01 -2.809010337965045512e-01 -6.880610298198733821e-01 -7.254018847598210362e-01 1.908206738440158812e-02 -2.164434462378651836e-01 1.800604083524572352e-01 -9.595470203623794880e-01 -3.651349840193992002e-01 -8.225086481613587130e-01 5.617020977181069741e-01
1.589264474471981049e+09 6.795306677809953566e-01 -6.765359072673828855e-01 -2.837908347558626421e-01 -6.943351180121403177e-01 -7.179790976921324175e-01 4.903834864477792099e-02 -2.369320911180506917e-01 1.637228808688558634e-01 -9.576314546004260908e-01 -3.707483622354567632e-01 -8.177816619068970505e-01 5.708746859986423283e-01
1.589264474471990108e+09 6.657959846303174167e-01 -6.885989237352591052e-01 -2.873103361336045714e-01 -7.000678204258899973e-01 -7.097253195714274820e-01 7.870843683447992234e-02 -2.581099649750268066e-01 1.487329595330179888e-01 -9.545982155288359472e-01 -3.761731450424632972e-01 -8.130687219927523746e-01 5.801671947381141781e-01
1.589264474471998930e+09 6.514176623073292260e-01 -7.004860211712545803e-01 -2.915036252709990450e-01 -7.051836453889118728e-01 -7.007453192782089335e-01 1.080371429242511505e-01 -2.799483092981179810e-01 1.351862859592171673e-01 -9.504491635912862835e-01 -3.814089048575777241e-01 -8.083785154492002523e-01 5.895788668290892209e-01
1.589264474472007990e+09 6.364046610822170491e-01 -7.121334907495262545e-01 -2.964034393763657071e-01 -7.096065852349170422e-01 -6.911565298939321700e-01 1.369713321895025260e-01 -3.024030454815577751e-01 1.231606381616838358e-01 -9.451898516450456533e-01 -3.864556110307441616e-01 -8.037197336787582636e-01 5.991086778989895834e-01
1.589264474472017050e+09 6.207736378884038952e-01 -7.234755137539745640e-01 -3.020319050524882254e-01 -7.132631276657902530e-01 -6.810863116915356619e-01 1.654604097794495632e-01 -3.254163511429898348e-01 1.127147606824540349e-01 -9.388288350358531265e-01 -3.913136276942856262e-01 -7.991010426123276167e-01 6.087553434752694947e-01
1.589264474472026110e+09 6.045480016639949161e-01 -7.344454516123352095e-01 -3.084016738904628019e-01 -7.160847899304122466e-01 -6.706691880413377937e-01 1.934564920281514611e-01 -3.489187408177435445e-01 1.038880121336311496e-01 -9.313769342230783232e-01 -3.959837038909085893e-01 -7.945310555812618025e-01 6.185173308069894516e-01
1.589264474472034931e+09 5.877570053426947050e-01 -7.449769230251227503e-01 -3.155171738575001661e-01 -7.180100845559186373e-01 -6.600442282326169918e-01 2.209143175947629878e-01 -3.728313580284726703e-01 9.670057487036684551e-02 -9.228465623558896880e-01 -4.004669579339605878e-01 -7.900183098849353769e-01 6.283928737934207920e-01
1.589264474472044945e+09 5.704349311590458660e-01 -7.550046655574290666e-01 -3.233758563475407910e-01 -7.189859219859975337e-01 -6.493526698482340320e-01 2.477909494159614145e-01 -3.970682985148044075e-01 9.115407498962611876e-02 -9.132511709760033902e-01 -4.047648575158858675e-01 -7.855712476865751581e-01 6.383799898335384970e-01
1.589264474472054005e+09 5.526203878095792277e-01 -7.644651723896319639e-01 -3.319694373717200775e-01 -7.189684930265004548e-01 -6.387358474745220560e-01 2.740452948907444175e-01 -4.215388634530576883e-01 8.723254891598075655e-02 -9.026048245882706267e-01 -4.088791975972023707e-01 -7.811982012944227449e-01 6.484764971879949380e-01
1.589264474472063065e+09 5.343557465980250942e-01 -7.732971286149371570e-01 -3.412850525909043031e-01 -7.179236981946478524e-01 -6.283334537898863648e-01 2.996375058041651496e-01 -4.461496386190114682e-01 8.490360390994834694e-02 -8.909219260770976367e-01 -4.128120774043325114e-01 -7.769073826853760689e-01 6.586800319626806566e-01
