1.584005329550887108e+09 3.607130333222168805e-01 2.174063207684127363e-01 9.069843434926794234e-01 1.990814796251192953e-01 -9.679888495948913985e-01 1.528533661326497151e-01 9.111820191954755899e-01 1.254275837644354685e-01 -3.924477661810228946e-01 1.172836770744532242e-01 1.587959038422597002e+00 1.657302334273111466e+00
1.584005329550940990e+09 3.412312842531572965e-01 2.094496567473958792e-01 9.163471241816701918e-01 1.983798177505590732e-01 -9.689477971132355316e-01 1.475995067287917684e-01 9.188071933766648325e-01 1.314192062717879916e-01 -3.721858859199119740e-01 1.105145068770292255e-01 1.585736340585946147e+00 1.654741614318030907e+00
1.584005329550956011e+09 3.216835135686751945e-01 2.012248571578898471e-01 9.252179602797357960e-01 1.983467383179091659e-01 -9.697970927550908504e-01 1.419583399839023652e-01 9.258392347184869475e-01 1.378483070856939829e-01 -3.518800303355311687e-01 1.038810323167164984e-01 1.583516934596109982e+00 1.651844962828868502e+00
1.584005329550967932e+09 3.020986357652176713e-01 1.927616910320908428e-01 9.335841391161204816e-01 1.990720838769236278e-01 -9.705066438265083084e-01 1.359674950887010125e-01 9.322589338493115774e-01 1.447749452925424229e-01 -3.315622046313014271e-01 9.738586576725111188e-02 1.581285354149998268e+00 1.648658711461056692e+00
1.584005329550976992e+09 2.825044492289682241e-01 1.840996525766988856e-01 9.414343068765755884e-01 2.006206629280926079e-01 -9.710469855745335055e-01 1.296884784035388094e-01 9.380525496111655759e-01 1.522336026070671700e-01 -3.112592881873008643e-01 9.102495426798558331e-02 1.579028380318953761e+00 1.645228811811625169e+00
1.584005329550992966e+09 2.629263455524833426e-01 1.752829406582065985e-01 9.487600474378490301e-01 2.030287344617888734e-01 -9.713913853433675527e-01 1.231994703461587043e-01 9.432121022702248947e-01 1.602331652504244697e-01 -2.909918606756801696e-01 8.478842071919108492e-02 1.576736002418096749e+00 1.641599763667869416e+00
1.584005329551002026e+09 2.433857380720150232e-01 1.663554915177128946e-01 9.555570276231503124e-01 2.063022578387571360e-01 -9.715177128376359938e-01 1.165877871084453898e-01 9.477355965682997541e-01 1.687577677026675382e-01 -2.707730691109320187e-01 7.866159983488234253e-02 1.574402141160279101e+00 1.637813671350368372e+00
1.584005329551012039e+09 2.238985707412584625e-01 1.573562345451169353e-01 9.618255796010199976e-01 2.104168501733212071e-01 -9.714100179442085592e-01 1.099423770768474390e-01 9.516271219837110218e-01 1.777683678129845790e-01 -2.506077178760730551e-01 7.262619792050892253e-02 1.572025115642009752e+00 1.633909441471888879e+00
1.584005329551022053e+09 2.044742537306917796e-01 1.483147484485083101e-01 9.675706770412417779e-01 2.153193256381686627e-01 -9.710597562328507903e-01 1.033466881054125319e-01 9.548967837982531570e-01 1.872049287934433037e-01 -2.304917506392131221e-01 6.666150958861009890e-02 1.569607851258219222e+00 1.629922128651299262e+00
1.584005329551032066e+09 1.851153201932780323e-01 1.392475154256150593e-01 9.728013403600473952e-01 2.209306345325393606e-01 -9.704666039186197191e-01 9.687221249647605392e-02 9.575604279248296491e-01 1.969890868006368978e-01 -2.104122781122350627e-01 6.074563100297191570e-02 1.567157838882936138e+00 1.625882430957934277e+00
1.584005329551042080e+09 1.657432112346958197e-01 1.301193478401421189e-01 9.775470031543437299e-01 2.271742688335151861e-01 -9.696353760631982732e-01 9.054882228383839826e-02 9.596463096811661542e-01 2.070656731482218571e-01 -1.902702487135220222e-01 5.485661707364571094e-02 1.564686866609829918e+00 1.621816333503703911e+00
1.584005329551050901e+09 1.463756807820761341e-01 1.208163854835647977e-01 9.818235896550060460e-01 2.336090099690490141e-01 -9.686633364438634874e-01 8.436925530651230576e-02 9.612497025821395980e-01 2.170132295962647617e-01 -1.700125515732866799e-01 4.911866757101692599e-02 1.562090579209634900e+00 1.617614599958707267e+00
1.584005329551059961e+09 1.270199227994059377e-01 1.113376316976521924e-01 9.856317117000457095e-01 2.402132520268961402e-01 -9.675539323291867388e-01 7.833889031153420945e-02 9.623739049570685378e-01 2.268111990042024906e-01 -1.496434004240473070e-01 4.353475890746099503e-02 1.559368526159862434e+00 1.613286814292309579e+00
1.584005329551069021e+09 1.076834857562891934e-01 1.016810479901114339e-01 9.889718052117455471e-01 2.469653767413935164e-01 -9.663113211894326371e-01 7.246056432547856585e-02 9.630225177887431487e-01 2.364389883499594669e-01 -1.291674697684748463e-01 3.810713258488002825e-02 1.556520331013123037e+00 1.608842942731137482e+00
1.584005329551079035e+09 8.837451636943152722e-02 9.184440022213263832e-02 9.918440155251616597e-01 2.538453988776019910e-01 -9.649398600404136550e-01 6.673514909034182485e-02 9.631990752223064112e-01 2.458773532555139363e-01 -1.085903719188266586e-01 3.283724029714443077e-02 1.553545733071085566e+00 1.604293290007771322e+00
1.584005329551088095e+09 6.910188987198592758e-02 8.182636471519101617e-02 9.942481455765395104e-01 2.608366272564575650e-01 -9.634435082335311984e-01 6.116257413152076383e-02 9.629066324850370506e-01 2.551098835223327699e-01 -8.791908025030509277e-02 2.772569383885442260e-02 1.550444631621512581e+00 1.599648443384988017e+00
1.584005329551096916e+09 4.987518276988699151e-02 7.162783951938922478e-02 9.961836772795598094e-01 2.679272100976343163e-01 -9.618251906724147871e-01 5.574327607454735573e-02 9.621473257360946274e-01 2.641245073522145437e-01 -6.716225443910646409e-02 2.277222207068597265e-02 1.547217131964128356e+00 1.594919204445249594e+00
1.584005329551106930e+09 3.070446235065068391e-02 6.125338808547216990e-02 9.976498677234308943e-01 2.751114376618332136e-01 -9.600861757699551413e-01 5.048001697022427847e-02 9.609219182897100753e-01 2.729149276485540176e-01 -4.633043754941595926e-02 1.797563726577117160e-02 1.543863592250411587e+00 1.590116509041212156e+00
1.584005329551116943e+09 1.159989334860946422e-02 5.071272148257738310e-02 9.986459144676367305e-01 2.823906711430343441e-01 -9.582255304619227143e-01 4.537997105117650559e-02 9.592293529275734976e-01 2.814818872331982247e-01 -2.543611346683458119e-02 1.333381298926467409e-02 1.540384670094442576e+00 1.585251336324291493e+00
1.584005329551126957e+09 -7.428804516819360534e-03 4.002213455144530696e-02 9.991711773956291065e-01 2.897738033295886861e-01 -9.562397071579431529e-01 4.045695871723763160e-02 9.570663278798683393e-01 2.898341791259311795e-01 -4.493648345587575310e-03 8.843675734018093329e-03 1.536781367589086678e+00 1.580334608140714137e+00
1.584005329551135063e+09 -2.637298560326584163e-02 2.920586651292156333e-02 9.992254415898196296e-01 2.972772356904446744e-01 -9.541222906546229510e-01 3.573373429233595022e-02 9.544269018456059683e-01 2.979893824047262774e-01 1.648081411701773219e-02 4.501212969985781895e-03 1.533055072676541730e+00 1.575377080438778776e+00
1.584005329551145077e+09 -4.522571142021215851e-02 1.829735757834784204e-02 9.988092119423791493e-01 3.049243450712315617e-01 -9.518639307332905641e-01 3.124422029915742069e-02 9.513021491656730166e-01 3.059742869309996505e-01 3.746941361096521594e-02 3.015003347664815814e-04 1.529207594322913311e+00 1.570389229032801426e+00
1.584005329551155090e+09 -6.398229094972492093e-02 7.340401096336015424e-03 9.979240377330031997e-01 3.127444379491748916e-01 -9.494524703364191076e-01 2.703559235855903381e-02 9.476798948887009688e-01 3.138249914708782784e-01 5.845247452893116702e-02 -3.761249960297686351e-03 1.525241188914586488e+00 1.565381133014819071e+00
1.584005329551163912e+09 -8.264062748831681182e-02 -3.609782703742705351e-03 9.965728755519787097e-01 3.207712084456359469e-01 -9.468732633621386174e-01 2.317013406333239683e-02 9.435445716668328098e-01 3.215866800510001067e-01 7.940811494010019400e-02 -7.693618850890356596e-03 1.521158575825077852e+00 1.560362359975656643e+00
1.584005329551172972e+09 -1.012012728703976655e-01 -1.448553452807611538e-02 9.947605097648468675e-01 3.290407002420748239e-01 -9.441096718996337955e-01 1.972676253274167901e-02 9.388772657576364145e-01 3.293130682224210681e-01 1.003114308935483534e-01 -1.150288865826452553e-02 1.516962940317225783e+00 1.555341857633343983e+00
1.584005329551182985e+09 -1.196670991101682624e-01 -2.520579583370970156e-02 9.924940570984379651e-01 3.375887737008428369e-01 -9.411437239759660178e-01 1.680210826247548889e-02 9.336560423765286609e-01 3.370655112344693172e-01 1.211331329428704112e-01 -1.519693043970739808e-02 1.512657921398283367e+00 1.550327856738440646e+00
1.584005329551192045e+09 -1.380425199046982354e-01 -3.567516813172524892e-02 9.897835850355900522e-01 3.464481145592064881e-01 -9.379568931707166213e-01 1.451105172480706557e-02 9.278566520873299250e-01 3.449117990425142333e-01 1.418375277740686891e-01 -1.878407171015050725e-02 1.508247582019717203e+00 1.545327790576717764e+00
1.584005329551202059e+09 -1.563322040981545147e-01 -4.578308627905858935e-02 9.866428690774328158e-01 3.556447537102774281e-01 -9.345309843498864621e-01 1.298647753012946091e-02 9.214537705862211325e-01 3.529245648676826441e-01 1.623798029679321964e-01 -2.227294748069288260e-02 1.503736359725207583e+00 1.540348236699378370e+00
1.584005329551211119e+09 -1.745392477647166041e-01 -5.540332311230559970e-02 9.830902923468480825e-01 3.651940799709031960e-01 -9.308491136546450662e-01 1.237787190187445568e-02 9.144229520045267234e-01 3.611791793316102006e-01 1.827026696334333733e-01 -2.567233937812798614e-02 1.499128996865028984e+00 1.535394886343045995e+00
1.584005329551219940e+09 -1.926628425582569415e-01 -6.439399653142595381e-02 9.791498569865869639e-01 3.750964947800652927e-01 -9.268967238629485239e-01 1.284846473681845735e-02 9.067434305861249433e-01 3.697511009978308172e-01 2.027325199032187220e-01 -2.899100925874979057e-02 1.494430450655333642e+00 1.530472546321343330e+00
1.584005329551229000e+09 -2.106955512043746370e-01 -7.259825970332693668e-02 9.748522336844204217e-01 3.853329735091748365e-01 -9.226625576789418970e-01 1.457066690933058947e-02 8.984018501987185434e-01 3.787126846726037166e-01 2.223753993905351334e-01 -3.223753467272690715e-02 1.489645784166272247e+00 1.525585177205404763e+00
1.584005329551238060e+09 -2.286203718169612376e-01 -7.984581332701519429e-02 9.702357300229633719e-01 3.958609230817092817e-01 -9.181395004684109740e-01 1.771968980444292227e-02 8.893969054249790673e-01 3.881294938042841869e-01 2.415132312860160946e-01 -3.542015444087093928e-02 1.484780040501756604e+00 1.520735970305990836e+00
1.584005329551248074e+09 -2.464078134973047007e-01 -8.595531054946789484e-02 9.653470226631420958e-01 4.066108104927561029e-01 -9.133252179643244206e-01 2.246542167632355896e-02 8.797447575583148272e-01 3.980561907651803399e-01 2.600008284000031589e-01 -3.854663313764739724e-02 1.479838103746468514e+00 1.515927464340923070e+00
1.584005329551258087e+09 -2.640132055965477842e-01 -9.073787512493408647e-02 9.602414620381780619e-01 4.174840167109050149e-01 -9.082225843585052250e-01 2.896261732541606862e-02 8.694849758771135972e-01 4.085319760651225374e-01 2.776643684069186602e-01 -4.162415334431392167e-02 1.474824551685038676e+00 1.511161700744635406e+00
1.584005329551268101e+09 -2.813744703406075298e-01 -9.400183894907029880e-02 9.549827547361818825e-01 4.283524250893000485e-01 -9.028399319449876836e-01 3.733975570270180178e-02 8.586865595641374194e-01 4.195756329313420352e-01 2.943020232697705629e-01 -4.465924366627910258e-02 1.469743506199334693e+00 1.506440414790516824e+00
1.584005329551276922e+09 -2.984105953787761223e-01 -9.555895831687036268e-02 9.496418283646997915e-01 4.390601926405218181e-01 -8.971912276573864586e-01 4.768698358411065097e-02 8.474533993208842597e-01 4.311802253020994291e-01 3.096875030000735274e-01 -4.765774935882992336e-02 1.464598488386359199e+00 1.501765257802056386e+00
1.584005329551286936e+09 -3.150210990557367197e-01 -9.523230594243319025e-02 9.442947183921837073e-01 4.494281130894762777e-01 -8.912963040598821385e-01 6.004389797705282639e-02 8.359282735568969169e-01 4.433076882566996391e-01 3.235772167925275999e-01 -5.062485073286469850e-02 1.459392286529923810e+00 1.497138043822015874e+00
1.584005329551310062e+09 -3.310868290945578885e-01 -9.286573629646409367e-02 9.390194176645111357e-01 4.592608207421917665e-01 -8.851812566297861951e-01 7.438845066791421878e-02 8.242942498582942479e-01 4.558838647386203591e-01 3.357214496394937964e-01 -5.356513224981798715e-02 1.454126845931013490e+00 1.492561012311177437e+00
1.584005329551320076e+09 -3.464724730254887808e-01 -8.833458843885229339e-02 9.338917635624117697e-01 4.683567441645393736e-01 -8.788790691011840739e-01 9.062859505520318160e-02 8.127722841301591172e-01 4.687948192751500986e-01 3.458795047370331610e-01 -5.648270223860562406e-02 1.448803189727124074e+00 1.488037097244107931e+00
1.584005329551328897e+09 -3.610311163836504855e-01 -8.155679608516712420e-02 9.289806360435445276e-01 4.765202277035008871e-01 -8.724304074239137563e-01 1.085986046954524054e-01 8.016140005089388287e-01 4.818855397448769118e-01 3.538379869366143349e-01 -5.938136000228073225e-02 1.443421379760440271e+00 1.483570192028832668e+00
1.584005329551337957e+09 -3.746109739737025213e-01 -7.250298956291853503e-02 9.243429746645367429e-01 4.835746115333396378e-01 -8.658843662709128086e-01 1.280619361022275471e-01 7.910892575932219062e-01 4.949622015424019472e-01 3.594303907454343139e-01 -6.226480383042291150e-02 1.437980526395292946e+00 1.479165398742028348e+00
1.584005329551347971e+09 -3.870640381310777034e-01 -6.120380153291292424e-02 9.200193069671716017e-01 4.893744913945152764e-01 -8.592988060806209250e-01 1.487217845207310374e-01 7.814691534406895679e-01 5.077988349268022228e-01 3.625552450236875224e-01 -6.513686983315786216e-02 1.432478854670380608e+00 1.474829250375371714e+00
1.584005329551357031e+09 -3.982560070800804652e-01 -4.775279454570460769e-02 9.160304708722728506e-01 4.938152232316529999e-01 -8.527398117577852377e-01 1.702390639607188616e-01 7.730062602277537609e-01 5.201485213534282614e-01 3.631898093408684192e-01 -6.800178832160470865e-02 1.426913832195863208e+00 1.470569895440299257e+00
1.584005329551366091e+09 -4.080765179682547261e-01 -3.230396332879460763e-02 9.123760242164015155e-01 4.968381259027418451e-01 -8.462798004299040278e-01 1.922560172895121378e-01 7.659147683358908942e-01 5.317583601133729632e-01 3.613967547184491202e-01 -7.086444184849652328e-02 1.421282361554835116e+00 1.466397235526737175e+00
1.584005329551376104e+09 -4.164484104255974928e-01 -1.506348539366791223e-02 9.090345499432674892e-01 4.984306374750611113e-01 -8.399939973385661673e-01 2.144224433487162962e-01 7.603536159600304822e-01 5.423865559348741705e-01 3.573222675178869268e-01 -7.373060729374106281e-02 1.415581036577225671e+00 1.462323008398810575e+00
1.584005329551384926e+09 -4.233346404860224288e-01 3.723641436323327919e-03 9.059657370937351795e-01 4.986217119170708312e-01 -8.339553753267385794e-01 2.364208546613019990e-01 7.564153427802378094e-01 5.518193243054388963e-01 3.511855104588692544e-01 -7.660716390120005104e-02 1.409806457809728020e+00 1.458360812077138968e+00
1.584005329551393986e+09 -4.287418036981041625e-01 2.379033619886542633e-02 9.031137723421187591e-01 4.974738073301379626e-01 -8.282285290321265148e-01 2.579870439925017744e-01 7.541221897057431844e-01 5.598852773759559476e-01 3.432611242153359443e-01 -7.950225015937315010e-02 1.403955598743923172e+00 1.454526068109307069e+00
1.584005329551403046e+09 -4.327197782038374463e-01 4.486522855338385962e-02 9.004114087165073776e-01 4.950734327017931036e-01 -8.228632379670537400e-01 2.789236239286504992e-01 7.534294193944278684e-01 5.664655356623512494e-01 3.338576150460749736e-01 -8.242535457536848131e-02 1.398026211362053850e+00 1.450835924020332124e+00
1.584005329551413059e+09 -4.353575936067355934e-01 6.668920328849159418e-02 8.977841143518132672e-01 4.915222196389075204e-01 -8.178885861581132177e-01 2.991056140960520748e-01 7.542344950448810481e-01 5.714987410513376886e-01 3.232947814110855855e-01 -8.538732844154625634e-02 1.392017256769926270e+00 1.447309096398561756e+00
1.584005329551422119e+09 -4.367761283522721416e-01 8.902886491490152876e-02 8.951538834425813995e-01 4.869299723252664691e-01 -8.133084362562257308e-01 3.184785545621873770e-01 7.563899893433091437e-01 5.749810857364103800e-01 3.118828871437477335e-01 -8.840031250554343523e-02 1.385929344199957169e+00 1.443965657283277526e+00
1.584005329551431894e+09 -4.371186129357430561e-01 1.116857887007081385e-01 8.924424928006305935e-01 4.814104314356864589e-01 -8.090988038163807738e-01 3.370506227824836554e-01 7.597179180171521606e-01 5.769622262289963999e-01 2.999054430567680285e-01 -9.147757375907701605e-02 1.379765159763200799e+00 1.440826767200245051e+00
1.584005329551440954e+09 -4.365400249108658537e-01 1.345012066839971765e-01 8.895741858777941324e-01 4.750797347850812535e-01 -8.052073979022905670e-01 3.548806730581577917e-01 7.640235941867508096e-01 5.775382861727501593e-01 2.876064598668013339e-01 -9.463325351759944992e-02 1.373529864615042895e+00 1.437914359738681203e+00
1.584005329551450014e+09 -4.351963319453098777e-01 1.573564198635720168e-01 8.864779241006726096e-01 4.680569092886814886e-01 -8.015554214851523529e-01 3.720640215139572327e-01 7.691078484553081074e-01 5.768430147346076398e-01 2.751822196706183998e-01 -9.788203300102769899e-02 1.367231441702947192e+00 1.435250783527570739e+00
1.584005329551459074e+09 -4.332344609014057157e-01 1.801696017913967107e-01 8.830893593553083010e-01 4.604654410400422226e-01 -7.980415127433543310e-01 3.887175345882273869e-01 7.747770516237135752e-01 5.750379628879336291e-01 2.627772093265950959e-01 -1.012387273924351960e-01 1.360880970820618430e+00 1.432858408164474406e+00
1.584005329551467896e+09 -4.307837478331737469e-01 2.028898978725144908e-01 8.793526323795568533e-01 4.524349177971886404e-01 -7.945475286137467785e-01 4.049652702169534990e-01 7.808508231336549477e-01 5.723022928047823976e-01 2.504836878688810331e-01 -1.047178227040511667e-01 1.354492813440192345e+00 1.430759199114237434e+00
1.584005329551476955e+09 -4.279494604777409061e-01 2.254898500896513336e-01 8.752220214963332134e-01 4.441018551249036328e-01 -7.909457334551200924e-01 4.209256337573335505e-01 7.871675817636665240e-01 5.688226212721694264e-01 2.383443390892930058e-01 -1.083329731097397164e-01 1.348084690226340365e+00 1.428974267194079273e+00
1.584005329551486015e+09 -4.248087972810492552e-01 2.479572033194268887e-01 8.706633742172733559e-01 4.356090531677029309e-01 -7.871068455647609596e-01 4.367007746886654718e-01 7.935882047885814972e-01 5.647831789482803400e-01 2.263575097583986895e-01 -1.120964793643179774e-01 1.341677636182265765e+00 1.427523399631061896e+00
1.584005329551495075e+09 -4.214095597294216233e-01 2.702870896339809037e-01 8.656551693801743941e-01 4.271031374985667095e-01 -7.829083074252061181e-01 4.523687569381101281e-01 7.999980582079468938e-01 5.603565575399869214e-01 2.144845810587837076e-01 -1.160187715909655193e-01 1.335295821297431296e+00 1.426424582084877324e+00
1.584005329551505089e+09 -4.177714783897089057e-01 2.924754498624094201e-01 8.601889927223139720e-01 4.187303504020232214e-01 -7.782420301100222426e-01 4.679788845371994910e-01 8.063075627361764308e-01 5.556954687907923462e-01 2.026589757852841067e-01 -1.201079222063010238e-01 1.328966228872830113e+00 1.425693524962144521e+00
1.584005329551513910e+09 -4.138899011485537849e-01 3.145143252959445301e-01 8.542692134448297558e-01 4.106311045554201233e-01 -7.730207956947355852e-01 4.835503547153334747e-01 8.124513806551163508e-01 5.509261192246583949e-01 1.907961358470461333e-01 -1.243692174473842726e-01 1.322718190561832374e+00 1.425343214152186899e+00
1.584005329551523924e+09 -4.097412536556881979e-01 3.363893214326107994e-01 8.479117463554468603e-01 4.029340722905456751e-01 -7.671826457001886812e-01 4.990740643171786561e-01 8.183863627100805838e-01 5.461437656876669822e-01 1.788036597980330322e-01 -1.288048156838061675e-01 1.316582786575488440e+00 1.425383509786178005e+00
1.584005329551532984e+09 -4.052894733177017650e-01 3.580791673641813833e-01 8.411419338294848780e-01 3.957507209137191007e-01 -7.606928315443844957e-01 5.145170386717133892e-01 8.240884721582574235e-01 5.414108663239936003e-01 1.665907083503859187e-01 -1.334135179772425184e-01 1.310592130374623743e+00 1.425820818578713789e+00
1.584005329551542044e+09 -4.004925361670985673e-01 3.795569500278281883e-01 8.339917567271207810e-01 3.891711549995939823e-01 -7.535432460041486813e-01 5.298286408529310210e-01 8.295489984448444210e-01 5.367579513373953448e-01 1.540758289990659113e-01 -1.381906711196662085e-01 1.304778568849817022e+00 1.426657865635654332e+00
1.584005329551551104e+09 -3.953082668155023516e-01 4.007923737751183380e-01 8.264967316570589473e-01 3.832618801799214103e-01 -7.457496341072834545e-01 5.449475337865613556e-01 8.347704508536657464e-01 5.321869564252071916e-01 1.411925565281460515e-01 -1.431282144462728556e-01 1.299173839027687238e+00 1.427893586899243505e+00
1.584005329551559925e+09 -3.896988437784069670e-01 4.217543387536363264e-01 8.186929149742452339e-01 3.780656954817901427e-01 -7.373472132557581382e-01 5.598083753875864321e-01 8.397625505389930689e-01 5.276763829115715954e-01 1.278925089914066116e-01 -1.482148700639622507e-01 1.293808227758687535e+00 1.429523153669207236e+00
1.584005329551568985e+09 -3.836336712703008467e-01 4.424132294093424123e-01 8.106144218061003270e-01 3.736036168310327144e-01 -7.283854677794361354e-01 5.743474105180188527e-01 8.445386574860953566e-01 5.231874855221642084e-01 1.141460083887749360e-01 -1.534364643827241526e-01 1.288709780447037767e+00 1.431538128929580100e+00
1.584005329551578999e+09 -3.770906636934877043e-01 4.627425404498735628e-01 8.022917005316539951e-01 3.698782238169448511e-01 -7.189229621397614789e-01 5.885064776231984096e-01 8.491129083525748023e-01 5.186705274075392724e-01 9.994074791759541276e-02 -1.587763594642601361e-01 1.283903600007733070e+00 1.433926745186162366e+00
1.584005329551588058e+09 -3.700562012555778102e-01 4.827197151145349308e-01 7.937506438931591912e-01 3.668777724189893896e-01 -7.090227907141561925e-01 6.022353215339009136e-01 8.534981594863451093e-01 5.140703834319690912e-01 8.527914667749113276e-02 -1.642159663932454550e-01 1.279411269581090860e+00 1.436674286143706292e+00
1.584005329551597118e+09 -3.625241810772910078e-01 5.023262835147668248e-01 7.850124350309699572e-01 3.645803763761030214e-01 -6.987490390319199829e-01 6.154924286810343759e-01 8.577047088157253585e-01 5.093310176844989545e-01 7.017511757251204685e-02 -1.697353094538764928e-01 1.275250423449359127e+00 1.439763549674722531e+00
1.584005329551611900e+09 -3.544945439063530990e-01 5.215474822689007972e-01 7.760939648060461993e-01 3.629578212289542583e-01 -6.881643472460863276e-01 6.282447384088060138e-01 8.617396582366295688e-01 5.043987065314515794e-01 5.465076850444926249e-02 -1.753136087277926136e-01 1.271434479584697019e+00 1.443175365488808648e+00
1.584005329551620960e+09 -3.459716383683802965e-01 5.403715768980211775e-01 7.670085947720636232e-01 3.619786962798282048e-01 -6.773284935076646640e-01 6.404666544578602183e-01 8.656067520023329465e-01 4.992240689254341945e-01 3.873344962711729178e-02 -1.809298502457159785e-01 1.267972536091684477e+00 1.446889139308077610e+00
1.584005329551630020e+09 -3.369627113274423769e-01 5.587890900235354952e-01 7.577670381946545186e-01 3.616106994844671130e-01 -6.662977872152795467e-01 6.521387589467653179e-01 8.693065244321037666e-01 4.937631130942010116e-01 2.245339515108808401e-02 -1.865633165667116844e-01 1.264869423569412232e+00 1.450883396110295376e+00
1.584005329551639080e+09 -3.274767214951321281e-01 5.767920891659560345e-01 7.483781683635238879e-01 3.618221181800571062e-01 -6.551250013169537256e-01 6.632465511372139799e-01 8.728366123740631810e-01 4.879775801749625108e-01 5.842052076886903450e-03 -1.921940560194848879e-01 1.262125896157449967e+00 1.455136297246392374e+00
1.584005329551647902e+09 -3.175235779704997374e-01 5.943736287955813102e-01 7.388496240467041787e-01 3.625825977851894755e-01 -6.438595718443050897e-01 6.737794236083961552e-01 8.761921235900816951e-01 4.818348693937721805e-01 -1.106893949307567564e-02 -1.978032752496451385e-01 1.259738938860373469e+00 1.459626111497526413e+00
1.584005329551656961e+09 -3.071137767256070794e-01 6.115273706829014166e-01 7.291881809106361967e-01 3.638634096005085583e-01 -6.325478538456701383e-01 6.837299407656359795e-01 8.793659917936649251e-01 4.753077821014219939e-01 -2.824827387793756028e-02 -2.033736461214327162e-01 1.257702164242329168e+00 1.464331624756154193e+00
1.584005329551666021e+09 -2.962583597055960527e-01 6.282473715641019307e-01 7.193999058632953858e-01 3.656374140491527869e-01 -6.212333017902461618e-01 6.930934037663958325e-01 8.823492879663888955e-01 4.683742361543757338e-01 -4.566518540993044772e-02 -2.088895239841254414e-01 1.256006271628241633e+00 1.469232479494659183e+00
1.584005329551675081e+09 -2.849690939345440599e-01 6.445280072117145487e-01 7.094901433780405053e-01 3.678788806936295619e-01 -6.099565163465567874e-01 7.018676352819139819e-01 8.851314845056432734e-01 4.610170238808365961e-01 -6.328948613635679288e-02 -2.143370789216035577e-01 1.254639544182401645e+00 1.474309441067898296e+00
1.584005329551683903e+09 -2.732587835177461844e-01 6.603640032370575730e-01 6.994633804481120709e-01 3.705632651595467397e-01 -5.987551459507800544e-01 7.100529148324133955e-01 8.877006837693925956e-01 4.532236298410293740e-01 -8.109153849561795413e-02 -2.197043454524154615e-01 1.253588360129037182e+00 1.479544591457244263e+00
1.584005329551693916e+09 -2.611415834034674921e-01 6.757505210942222895e-01 6.893230786700734747e-01 3.736670381127927820e-01 -5.876636981944937110e-01 7.176519508805327963e-01 8.900438294061006061e-01 4.449860798761316460e-01 -9.904226713433372797e-02 -2.249811999698438369e-01 1.252837694528488477e+00 1.484921453468275088e+00
1.584005329551702976e+09 -2.486332664101465750e-01 6.906832764598672680e-01 6.790715062360186405e-01 3.771675753002056153e-01 -5.767133065357005206e-01 7.246698436923353359e-01 8.921469156999700667e-01 4.363007837487161145e-01 -1.171132235650535203e-01 -2.301592778820744922e-01 1.252371591892183389e+00 1.490425051836311576e+00
1.584005329551712036e+09 -2.357514767928650667e-01 7.051587005227935023e-01 6.687095396326869778e-01 3.810430637346075566e-01 -5.659314498161623908e-01 7.311140662297307413e-01 8.939952041171300712e-01 4.271683525268997195e-01 -1.352766566763713429e-01 -2.352318438049761373e-01 1.252173594592427275e+00 1.496041920141530923e+00
1.584005329551719904e+09 -2.225158713288304391e-01 7.191740955099183985e-01 6.582365133316699923e-01 3.852724635376096329e-01 -5.553417102523100501e-01 7.369943784344297200e-01 8.955734565400637059e-01 4.175933493414809572e-01 -1.535056310144943537e-01 -2.401936289330109664e-01 1.252227115685975001e+00 1.501760063316418314e+00
1.584005329551729918e+09 -2.089481097317694713e-01 7.327277540970400516e-01 6.476501570633637073e-01 3.898355211269723952e-01 -5.449636345473114485e-01 7.423226412005073938e-01 8.968661851791016604e-01 4.075839491537325276e-01 -1.717741846176103759e-01 -2.450406489438368141e-01 1.252515750208390122e+00 1.507568886317810497e+00
1.584005329551738977e+09 -1.950717482954200110e-01 7.458190516352884991e-01 6.369465875280113654e-01 3.947127861228433288e-01 -5.348126901732790373e-01 7.471125772271629550e-01 8.978579117523861619e-01 3.971515187639305111e-01 -1.900574693971790463e-01 -2.497700138756416832e-01 1.253023524181778425e+00 1.513459099426833321e+00
1.584005329551748037e+09 -1.809120782294226237e-01 7.584485175560526926e-01 6.261203289276818795e-01 3.998856052019452711e-01 -5.249002998977785328e-01 7.513795166690044880e-01 8.985334289322843837e-01 3.863101365373365348e-01 -2.083318404042157623e-01 -2.543797390836001204e-01 1.253735084331892180e+00 1.519422609567456561e+00
1.584005329551757097e+09 -1.664959376747226494e-01 7.706178895221850178e-01 6.151643448826982219e-01 4.053360809262233633e-01 -5.152339353684926015e-01 7.551401548681654363e-01 8.988780587156719459e-01 3.750760728153271772e-01 -2.265748781032179138e-01 -2.588685643407763748e-01 1.254635833439368797e+00 1.525452405284955182e+00
1.584005329551765919e+09 -1.518515131096641324e-01 7.823301500483444970e-01 6.040700740977086314e-01 4.110469942898063445e-01 -5.058172547957036080e-01 7.584123373116401501e-01 8.988779041962311478e-01 3.634672492537312505e-01 -2.447653412847267673e-01 -2.632357857007574520e-01 1.255712018227714832e+00 1.531542441527412590e+00
1.584005329551774979e+09 -1.370081319656126784e-01 7.935895399950232409e-01 5.928274739876276955e-01 4.170016978301660515e-01 -4.966502798095893123e-01 7.612148735554675749e-01 8.985200921403099228e-01 3.515026909963894775e-01 -2.628830585431042866e-01 -2.674811033394119963e-01 1.256950776556758465e+00 1.537687528466635367e+00
1.584005329551784039e+09 -1.219960500165222228e-01 8.044015455156658945e-01 5.814250746924706226e-01 4.231839852860748152e-01 -4.877296046788061057e-01 7.635673824015152267e-01 8.977930043014427097e-01 3.392019848002711946e-01 -2.809087666155289931e-01 -2.716044881033124470e-01 1.258340149633932814e+00 1.543883226819839694e+00
1.584005329551793098e+09 -1.068461462014131946e-01 8.147728026718710215e-01 5.698501392444346170e-01 4.295779894417294242e-01 -4.790487306835126691e-01 7.654900814301697221e-01 8.966864849103671764e-01 3.265847422275066081e-01 -2.988239517672479084e-01 -2.756060684284790119e-01 1.259869065113549347e+00 1.550125751141073094e+00
1.584005329551801920e+09 -9.158946430066798594e-02 8.247108721147287103e-01 5.580890140234360253e-01 4.361681526352659266e-01 -4.705986110919883059e-01 7.670034485028617288e-01 8.951919977549517293e-01 3.136700891887521658e-01 -3.166107429168034670e-01 -2.794860374365396583e-01 1.261527297871249731e+00 1.556411882078509556e+00
1.584005329551810980e+09 -7.625673313366679307e-02 8.342239531120435592e-01 5.461275554617860406e-01 4.429392221615698344e-01 -4.623682814605545310e-01 7.681278656059601362e-01 8.933027237773701890e-01 3.004762362476992577e-01 -3.342518143090020821e-01 -2.832445784280974155e-01 1.263305415351653194e+00 1.562738888115054126e+00
1.584005329551820040e+09 -6.087774794524959676e-02 8.433204628534533009e-01 5.339517739145760444e-01 4.498763577368055655e-01 -4.543457162865724430e-01 7.688831074953840217e-01 8.910135592327462772e-01 2.870201512431469482e-01 -3.517303942940751549e-01 -2.868818070392072372e-01 1.265194712718905823e+00 1.569104456513505275e+00
1.584005329551830053e+09 -4.548058702185966973e-02 8.520084577658996183e-01 5.215487553702826684e-01 4.569654067443197354e-01 -4.465189713587416342e-01 7.692876090292763980e-01 8.883209630655599653e-01 2.733173911514716892e-01 -3.690304465744534412e-01 -2.903977289574255494e-01 1.267187141375890613e+00 1.575506632601324064e+00
1.584005329551839113e+09 -3.009076251996284021e-02 8.602949585717654113e-01 5.089077818188108004e-01 4.641933419676790851e-01 -4.388775223964350714e-01 7.693575643082318782e-01 8.852226202819792888e-01 2.593821597253224698e-01 -3.861370326501267769e-01 -2.937922114558662035e-01 1.269275234312771561e+00 1.581943766591165978e+00
1.584005329551847935e+09 -1.473049259244049725e-02 8.681853121678017038e-01 4.960214475734409101e-01 4.715487908695902841e-01 -4.314135790899407130e-01 7.691060146406903941e-01 8.817169333685586086e-01 2.452276242686476093e-01 -4.030367997257952029e-01 -2.970649655916315912e-01 1.271452032062160731e+00 1.588414467439939415e+00
1.584005329551856995e+09 5.817644373152571630e-04 8.756827037681125248e-01 4.828865953826825264e-01 4.790225820326799999e-01 -4.241231826096591995e-01 7.685420561205801304e-01 8.778023852899093926e-01 2.308664732805141562e-01 -4.197185296372726859e-01 -3.002155361458614946e-01 1.273711011826562878e+00 1.594917563099454982e+00
1.584005329551866055e+09 1.583150963595199648e-02 8.827878373751821828e-01 4.695050560045829213e-01 4.866083008449913483e-01 -4.170070640409934692e-01 7.676701571892137199e-01 8.734768027918270450e-01 2.163116800175690080e-01 -4.361737409554310996e-01 -3.032432969757397068e-01 1.276046021173627532e+00 1.601452066390206541e+00
1.584005329551875114e+09 3.100818508561929004e-02 8.894987532057047064e-01 4.558842623210012657e-01 4.943028833245479703e-01 -4.100713317601183960e-01 7.664895058353846657e-01 8.687365263156470174e-01 2.015774568319382842e-01 -4.523973662265312612e-01 -3.061474515911739580e-01 1.278451215977437494e+00 1.608017145329313280e+00
1.584005329551887035e+09 4.610487730183300548e-02 8.958108213343929371e-01 4.420376825542751131e-01 5.021071872383160439e-01 -4.033279217568708774e-01 7.649934380144454149e-01 8.635755398162955343e-01 1.866803688115444282e-01 -4.683884361914696370e-01 -3.089270384176655559e-01 1.280921002647271489e+00 1.614612097067684937e+00
1.584005329551897049e+09 6.111767965801110508e-02 9.017169549919172855e-01 4.279850025901564270e-01 5.100264456483893927e-01 -3.967947266703932274e-01 7.631690309335733557e-01 8.579846467886195205e-01 1.716405492713599101e-01 -4.841506665774038543e-01 -3.115809399575634187e-01 1.283449984824547974e+00 1.621236324820116259e+00
1.584005329551904917e+09 7.604465194503148839e-02 9.072080984290665784e-01 4.137519512752140249e-01 5.180704565825188235e-01 -3.904952818778177348e-01 7.609970019637364302e-01 8.519508278507024190e-01 1.564829101303101822e-01 -4.996927916111687518e-01 -3.141078958256098841e-01 1.286032914334816590e+00 1.627889317134783465e+00
1.584005329551913977e+09 9.088455112450888329e-02 9.122738588405293614e-01 3.993700101057631735e-01 5.262535927958834625e-01 -3.844582330293009886e-01 7.584517277161831883e-01 8.454567727452950709e-01 1.412383578166251374e-01 -5.150287098083797810e-01 -3.165065199742564950e-01 1.288664646182512419e+00 1.634570628924317370e+00
1.584005329551923037e+09 1.056353406095199565e-01 9.169032940043031488e-01 3.848759857241554339e-01 5.345945454559760668e-01 -3.787165424211417220e-01 7.555014577190073410e-01 8.384806777282132195e-01 1.259449487944966639e-01 -5.301773506819191795e-01 -3.187753228050120291e-01 1.291340097442147616e+00 1.641279863741088807e+00
1.584005329551932096e+09 1.202925190968548302e-01 9.210858641885553144e-01 3.703114105319009752e-01 5.431157091223379751e-01 -3.733063839255699179e-01 7.521088155148869525e-01 8.309964118396242494e-01 1.106488802403112065e-01 -5.451621676508244807e-01 -3.209127389874096847e-01 1.294054210129956139e+00 1.648016656890330500e+00
1.584005329551940918e+09 1.348473565062161261e-01 9.248125500007683408e-01 3.557217141715318665e-01 5.518421152870475188e-01 -3.682656699647531284e-01 7.482316995898928846e-01 8.229741614237604530e-01 9.540515642448005318e-02 -5.600101659639666885e-01 -3.229171613622281445e-01 1.296801918525984476e+00 1.654780659186953828e+00
1.584005329551954031e+09 1.492852208584825036e-01 9.280770725219859019e-01 3.411551999032487181e-01 5.607999321266586845e-01 -3.636322636915368944e-01 7.438245848851425812e-01 8.143815807642952320e-01 8.027779548222579997e-02 -5.747504821145192899e-01 -3.247869805759853734e-01 1.299578121716230328e+00 1.661571521393606421e+00
1.584005329551964998e+09 1.635841928867999562e-01 9.308771567333895547e-01 3.266617991720266456e-01 5.700145578629878251e-01 -3.594419046311654320e-01 7.388402541616378993e-01 8.051854542810814586e-01 6.533939434287451553e-02 -5.894125448169433845e-01 -3.265206295771224676e-01 1.302377662178189288e+00 1.668388879525500190e+00
1.584005329551975012e+09 1.777142195755713749e-01 9.332156808019430594e-01 3.122917696558494827e-01 5.795085544651707998e-01 -3.557260742660448005e-01 7.332317474981614458e-01 7.953536896136940149e-01 5.067004419645574492e-02 -6.040240518932366021e-01 -3.281166311647015776e-01 1.305195311207069553e+00 1.675232341400796576e+00
1.584005329551983118e+09 1.916369536158195053e-01 9.351016095323062549e-01 2.980943776519597299e-01 5.892996115617823438e-01 -3.525099323518620653e-01 7.269544109204298943e-01 7.848574685492507585e-01 3.635557219928808176e-02 -6.186089448585710970e-01 -3.295736462588989557e-01 1.308025761668266007e+00 1.682101474880243641e+00
1.584005329551991940e+09 2.053063486772294666e-01 9.365505848548926204e-01 2.841167107537908021e-01 5.993988268390018082e-01 -3.498105417750870805e-01 7.199677988613794044e-01 7.736732835559115840e-01 2.248526312853235676e-02 -6.331856469317391767e-01 -3.308905201888879266e-01 1.310863628115638280e+00 1.688995798243428714e+00
1.584005329552000999e+09 2.186699407336789025e-01 9.375851044250584909e-01 2.704027165332338334e-01 6.098095124253914978e-01 -3.476355317957508517e-01 7.122372468067384998e-01 7.617846255223091889e-01 9.149272147039236650e-03 -6.477657565536518725e-01 -3.320663238015939545e-01 1.313703453778210184e+00 1.695914773140592802e+00
1.584005329552010059e+09 2.316706450275406171e-01 9.382342842667091842e-01 2.569924905280893679e-01 6.205266134996755278e-01 -3.459822617205070561e-01 7.037350329944062066e-01 7.491831780506766902e-01 -3.564069212875789483e-03 -6.623532768568782814e-01 -3.331003871826160867e-01 1.316539723287159180e+00 1.702857800272465916e+00
1.584005329552018881e+09 2.442488406495643971e-01 9.385332360911778915e-01 2.439218496206025932e-01 6.315367637765567643e-01 -3.448375193974889119e-01 6.944410711965927074e-01 7.358694313115875518e-01 -1.557081104800558079e-02 -6.769444069722259094e-01 -3.339923240998208254e-01 1.319366879602509757e+00 1.709824217806738211e+00
1.584005329552027941e+09 2.563444441277762387e-01 9.385221130950801571e-01 2.312223374268539411e-01 6.428190104490624224e-01 -3.441777974867351042e-01 6.843430160911408988e-01 7.218526483050099474e-01 -2.679341594648042627e-02 -6.915279222298061912e-01 -3.347420462934283525e-01 1.322179343322830603e+00 1.716813302296999355e+00
1.584005329552037001e+09 2.678987604738230499e-01 9.382449738712569376e-01 2.189215002476559147e-01 6.543459530200596008e-01 -3.439699621200438262e-01 6.734359947876688013e-01 7.071503574161606132e-01 -3.716227057798254796e-02 -7.060859281122912057e-01 -3.353497682805072211e-01 1.324971532611608049e+00 1.723824271596601010e+00
1.584005329552046061e+09 2.788559932040496347e-01 9.377485788905034481e-01 2.070433239005675108e-01 6.660850914734322004e-01 -3.441721742313723631e-01 6.617221210991293123e-01 6.917875295625046661e-01 -4.661670799667438914e-02 -7.205948214522985840e-01 -3.358160043615904811e-01 1.327737882326325725e+00 1.730856289139997672e+00
1.584005329552054882e+09 2.891643302173975139e-01 9.370812034186832840e-01 1.956088148782851865e-01 6.780002652050870493e-01 -3.447349731083705349e-01 6.492098573250825178e-01 6.757955538440132415e-01 -5.510550523148292912e-02 -7.350263620608153969e-01 -3.361415598658676895e-01 1.330472861399472739e+00 1.737908468990319699e+00
1.584005329552063942e+09 2.987766331083677174e-01 9.362915401976716900e-01 1.846366036068430583e-01 6.900530193634007992e-01 -3.456023989980522293e-01 6.359133686474097713e-01 6.592111604456130092e-01 -6.258700946036047097e-02 -7.493487255058671748e-01 -3.363275181814174841e-01 1.333170987846172606e+00 1.744979881207184613e+00
1.584005329552072048e+09 3.076507773155528480e-01 9.354277274990868696e-01 1.741435211881318113e-01 7.022038248245974223e-01 -3.467130893737133679e-01 6.218519294887594473e-01 6.420753754005931180e-01 -6.902898286658695759e-02 -7.635274795677641224e-01 -3.363752247666951800e-01 1.335826840994996489e+00 1.752069557200630401e+00
1.584005329552082062e+09 3.157496753939497691e-01 9.345365214432715950e-01 1.641451574250548939e-01 7.144131358191375680e-01 -3.480013095243457699e-01 6.070493885085944674e-01 6.244325535489683165e-01 -7.440819075479657152e-02 -7.775264673587796160e-01 -3.362862697034845749e-01 1.338435070907811220e+00 1.759176494746237829e+00
