1.584057357612554073e+09 8.825782572369264001e-01 -3.855633710627708877e-01 -2.690659899332744076e-01 -4.069707134918538194e-01 -3.399143745499326741e-01 -8.478402305482545254e-01 2.354367397410984386e-01 8.577873309580361649e-01 -4.569140365071286403e-01 -1.419514973939050018e-01 -6.724474304150092063e-01 3.121117026570038311e-01
1.584057357612597942e+09 8.828285830550979263e-01 -3.808812945896127844e-01 -2.748511098106819484e-01 -4.147411016470327616e-01 -3.574739973297955120e-01 -8.367808315443651113e-01 2.204620415214887386e-01 8.527260878778573083e-01 -4.735553902455003072e-01 -1.555154560667566244e-01 -6.788921415425070993e-01 3.166924495341575940e-01
1.584057357612616062e+09 8.826584195777423814e-01 -3.767007309852118957e-01 -2.810883736755160345e-01 -4.226966839734133674e-01 -3.746903669247159119e-01 -8.251876407798589552e-01 2.055276816208954638e-01 8.471739422884667636e-01 -4.899537569269480364e-01 -1.691932217998388388e-01 -6.846069422153757689e-01 3.218652917189229190e-01
1.584057357612631083e+09 8.821495020505347728e-01 -3.729430716824700398e-01 -2.876207946393928849e-01 -4.306778593915935871e-01 -3.916307059163021687e-01 -8.131063717748079345e-01 1.906012530629901391e-01 8.411532890942176044e-01 -5.060951559859047100e-01 -1.829372428032111086e-01 -6.895910932894966372e-01 3.275888084146791335e-01
1.584057357612648964e+09 8.813841508643979195e-01 -3.695055560528744398e-01 -2.943257087758274770e-01 -4.385385790715810028e-01 -4.083545899623229336e-01 -8.005813161292201219e-01 1.756299902678244429e-01 8.346928615931651363e-01 -5.219597050205567745e-01 -1.967028769606250227e-01 -6.938519754493289726e-01 3.338218428492212841e-01
1.584057357612708092e+09 8.804446298859116560e-01 -3.662646964638937574e-01 -3.011103220217070664e-01 -4.461417990363931163e-01 -4.249145463735717887e-01 -7.876579991674331760e-01 1.605451620989978845e-01 8.278271562976471376e-01 -5.375197210999823616e-01 -2.104490914773302079e-01 -6.974041287523639054e-01 3.405242537766132727e-01
1.584057357612740040e+09 8.794140430321072399e-01 -3.630756841142276370e-01 -3.079074353206537884e-01 -4.533534397031823149e-01 -4.413569172148274489e-01 -7.743866802602600297e-01 1.452638972685465490e-01 8.205974162405081929e-01 -5.527370812306642289e-01 -2.241389457299778620e-01 -7.002681787754475584e-01 3.476575298006080450e-01
1.584057357612766981e+09 8.783780733019687093e-01 -3.597684768225030139e-01 -3.146722161773541360e-01 -4.600355169716590642e-01 -4.577220638379502771e-01 -7.608270734138622426e-01 1.296891811086259561e-01 8.130542144779617786e-01 -5.675593017392945860e-01 -2.377398654529979116e-01 -7.024697062067457587e-01 3.551852637462787343e-01
1.584057357612791061e+09 8.774269173649220654e-01 -3.561413027411571841e-01 -3.213804246920388685e-01 -4.660389050556215662e-01 -4.740428555793105292e-01 -7.470549580181584659e-01 1.137090317192140376e-01 8.052619101179921968e-01 -5.819136642126324643e-01 -2.512237264682711246e-01 -7.040381162241240443e-01 3.630734891910715745e-01
1.584057357612819910e+09 8.766567408825794994e-01 -3.519523438942624427e-01 -3.280282099207518232e-01 -4.711962103379335742e-01 -4.903400361955621012e-01 -7.331717264945982748e-01 9.719614328779793699e-02 7.973055856279038789e-01 -5.956985086829005294e-01 -2.645667742411554890e-01 -7.050055554972443073e-01 3.712908887657852541e-01
1.584057357612844944e+09 8.761699434063584535e-01 -3.469128791753068319e-01 -3.346306691636940500e-01 -4.753141054919963193e-01 -5.066055628232104535e-01 -7.193242002748737596e-01 8.001707088575679694e-02 7.893049210031858332e-01 -6.087651521215112771e-01 -2.777494103757431332e-01 -7.054059140926536298e-01 3.798088894639659596e-01
1.584057357612869978e+09 8.753436908933411864e-01 -3.424466522689582071e-01 -3.413264029845183845e-01 -4.793749072502968556e-01 -5.226513111809578671e-01 -7.050073088158447243e-01 6.303270066687205464e-02 7.807470125527395943e-01 -6.216598599130565006e-01 -2.907602022010822851e-01 -7.052892960710965831e-01 3.885954823571639016e-01
1.584057357612895966e+09 8.741964084622222408e-01 -3.385493648526210486e-01 -3.480875855312602352e-01 -4.833652720819395787e-01 -5.384607355191100009e-01 -6.902304327639694481e-01 4.624557728299852344e-02 7.716504157971084688e-01 -6.343634469075438709e-01 -3.035857623540809680e-01 -7.046896060097938008e-01 3.976311835999149502e-01
1.584057357612925053e+09 8.727462770732890007e-01 -3.352126096933854549e-01 -3.548893382008083686e-01 -4.872725197993711399e-01 -5.540170725172849364e-01 -6.750041296702664617e-01 2.965514364276991555e-02 7.620351632292822197e-01 -6.468562304315821354e-01 -3.162155894556519242e-01 -7.036398544328712479e-01 4.068985460816162414e-01
1.584057357612948895e+09 8.710110663717015589e-01 -3.324241447444155062e-01 -3.617097046808657734e-01 -4.910844646840172856e-01 -5.693037353173378001e-01 -6.593400532076779674e-01 1.325786730849554118e-02 7.519224995162188119e-01 -6.591181867208798506e-01 -3.286416277261369201e-01 -7.021717667540997576e-01 4.163820480626338472e-01
1.584057357612974882e+09 8.690080122723421452e-01 -3.301681929926242320e-01 -3.685295634732741465e-01 -4.947892047443128716e-01 -5.843046909251818910e-01 -6.432508618692109881e-01 -2.952577976454346699e-03 7.413346024777569543e-01 -6.711291156274977743e-01 -3.408578404606689705e-01 -7.003155046353829460e-01 4.260679633899208119e-01
1.584057357612998962e+09 8.667537455426331805e-01 -3.284257452389212628e-01 -3.753324854890920381e-01 -4.983748702240537454e-01 -5.990048135871018919e-01 -6.267501274772933062e-01 -1.898508780624214021e-02 7.302942992340009098e-01 -6.828688038985359920e-01 -3.528598097931924804e-01 -6.980994854588841170e-01 4.359442232845707199e-01
1.584057357613034010e+09 8.642642686422036258e-01 -3.271748615849596753e-01 -3.821045460427858753e-01 -5.018293451110279468e-01 -6.133902065395920866e-01 -6.098522469999744233e-01 -3.485086191466719302e-02 7.188247803157121751e-01 -6.943171847350325665e-01 -3.646443713513758400e-01 -6.955502858842137481e-01 4.460002766240285799e-01
1.584057357613078117e+09 8.615549778256014202e-01 -3.263909657235942174e-01 -3.888341007284354389e-01 -5.051399737349490104e-01 -6.274484867816818578e-01 -5.925723615176436976e-01 -5.056310277085934723e-02 7.069493151951457000e-01 -7.054544909303550604e-01 -3.762092904878121535e-01 -6.926926176296459570e-01 4.562269523239165236e-01
1.584057357613099098e+09 8.586406798881702773e-01 -3.260472639802189931e-01 -3.955115228454640364e-01 -5.082933539967445791e-01 -6.411689944948886222e-01 -5.749262448743471809e-01 -6.613659627809570507e-02 6.946909402551481039e-01 -7.162614386874912586e-01 -3.875529841058527047e-01 -6.895493632948610507e-01 4.666163260125976153e-01
1.584057357613116980e+09 8.555355609685789675e-01 -3.261153997822600625e-01 -4.021288974375993863e-01 -5.112753145415469547e-01 -6.545428776421932104e-01 -5.569301341573137387e-01 -8.158711235551306673e-02 6.820721132501272876e-01 -7.267194615630591104e-01 -3.986742881097913305e-01 -6.861416581755674926e-01 4.771615932651673275e-01
1.584057357613133907e+09 8.522531582695963559e-01 -3.265661669461860650e-01 -4.086796949163460924e-01 -5.140709906707107146e-01 -6.675630732887558594e-01 -5.386005569958773886e-01 -9.693075371026765863e-02 6.691144013587373429e-01 -7.368109304767446188e-01 -4.095722670707991342e-01 -6.824890038184850960e-01 4.878569515606776541e-01
1.584057357613149881e+09 8.488062489699442770e-01 -3.273704826620615349e-01 -4.151584263898849270e-01 -5.166651650715311517e-01 -6.802241148890294520e-01 -5.199540950787946425e-01 -1.121831500554522076e-01 6.558381819632562726e-01 -7.465194038424419753e-01 -4.202460623936492556e-01 -6.786094025079756342e-01 4.986974914657582025e-01
1.584057357613167048e+09 8.452066039804810860e-01 -3.285007052840475117e-01 -4.215602963124125413e-01 -5.190429780750632771e-01 -6.925217083573262933e-01 -5.010070564662577608e-01 -1.273584851694839482e-01 6.422623843843183744e-01 -7.558299056340735955e-01 -4.306947762462600693e-01 -6.745195052997399188e-01 5.096790959937220755e-01
1.584057357613184929e+09 8.414646126024222239e-01 -3.299321892512562804e-01 -4.278808904883137365e-01 -5.211909815066272378e-01 -7.044520801562538237e-01 -4.817750801191877930e-01 -1.424684764455368680e-01 6.284043424182701454e-01 -7.647291782321746778e-01 -4.409173872709662434e-01 -6.702347664510276415e-01 5.207983475509172511e-01
1.584057357613203049e+09 8.375888411637901765e-01 -3.316448051753120296e-01 -4.341159483012251852e-01 -5.230983694624953273e-01 -7.160111804895175069e-01 -4.622727393475095092e-01 -1.575215200254008741e-01 6.142798327492069443e-01 -7.732058317142994630e-01 -4.509126914276860298e-01 -6.657695964793081123e-01 5.320524432629074596e-01
1.584057357613218069e+09 8.335855834679329890e-01 -3.336241976278577770e-01 -4.402612519890178322e-01 -5.247582103378252150e-01 -7.271938446667642886e-01 -4.425132011883676220e-01 -1.725221607964941561e-01 5.999033316639401647e-01 -7.812503421331226106e-01 -4.606792617223817166e-01 -6.611375085853957723e-01 5.434391190191667498e-01
1.584057357613234043e+09 8.294583929407345346e-01 -3.358627744264989778e-01 -4.463126385685848296e-01 -5.261686420658273633e-01 -7.379929512119457469e-01 -4.225079458806070831e-01 -1.874708903700481322e-01 5.852884767522446019e-01 -7.888549072138719698e-01 -4.702154217173113993e-01 -6.563512555870757437e-01 5.549565819838800929e-01
1.584057357613251925e+09 8.252075505112711484e-01 -3.383605307704460885e-01 -4.522661274153453870e-01 -5.273340765252753082e-01 -7.483985632479379646e-01 -4.022665317023298437e-01 -2.023642027750289230e-01 5.704487199087130422e-01 -7.960131831698804561e-01 -4.795192318251338959e-01 -6.514229580122040675e-01 5.666034493243921055e-01
1.584057357613270998e+09 8.208295027916987507e-01 -3.411256178266187655e-01 -4.581181511580653121e-01 -5.282663060023868873e-01 -7.583971098815494027e-01 -3.817964561517953048e-01 -2.171949298227607850e-01 5.553981786821244881e-01 -8.027198925941557706e-01 -4.885884868533846848e-01 -6.463642232616393368e-01 5.783786917555434615e-01
1.584057357613287926e+09 8.163163335162049172e-01 -3.441745293266381678e-01 -4.638658612236848389e-01 -5.289853603980912977e-01 -7.679706890849881118e-01 -3.611031839446922631e-01 -2.319528667027821456e-01 5.401526769018095697e-01 -8.089703045567733231e-01 -4.974207228869947373e-01 -6.411862554738348985e-01 5.902815810934937124e-01
1.584057357613306046e+09 8.116553787614997351e-01 -3.475317164066836217e-01 -4.695074572680337233e-01 -5.295198901186382034e-01 -7.770966193147516021e-01 -3.401904326733680151e-01 -2.466256928016358485e-01 5.247309316530336387e-01 -8.147596071278695451e-01 -5.060132331129709726e-01 -6.358999565209566551e-01 6.023116405178581267e-01
1.584057357613327026e+09 8.068288940121786101e-01 -3.512289157026625697e-01 -4.750425083850501884e-01 -5.299072725519559102e-01 -7.857471412971687164e-01 -3.190606724496744540e-01 -2.611999589173697456e-01 5.091558494287328207e-01 -8.200822537066498885e-01 -5.143630929121254525e-01 -6.305160185581383248e-01 6.144685962101130716e-01
1.584057357613347054e+09 8.018138400420030676e-01 -3.553041059992645412e-01 -4.804722243673452131e-01 -5.301933367119213703e-01 -7.938893349323291604e-01 -2.977158878043756340e-01 -2.756620972847365625e-01 4.934558910662584230e-01 -8.249313256769278402e-01 -5.224671953367023836e-01 -6.250450084029688380e-01 6.267523289542944465e-01
1.584057357613372087e+09 7.965818720896534755e-01 -3.598000009443537150e-01 -4.857996300841840309e-01 -5.304315852394081432e-01 -8.014853365456292567e-01 -2.761586300424311857e-01 -2.899994046474672627e-01 4.776664263975594626e-01 -8.292979746672529684e-01 -5.303222983993700623e-01 -6.194974435438943550e-01 6.391628244466475151e-01
1.584057357613389015e+09 7.910996369873283252e-01 -3.647619837609099025e-01 -4.910295915448140702e-01 -5.306817769224159154e-01 -8.084929652919369270e-01 -2.543933508959747569e-01 -3.042009471708816970e-01 4.618309436994348371e-01 -8.331710290045712952e-01 -5.379250848152231645e-01 -6.138838587904147381e-01 6.517001217346164443e-01
1.584057357613405943e+09 7.853294095572063149e-01 -3.702355609477031018e-01 -4.961686690084464169e-01 -5.310078907114007540e-01 -8.148667886489092682e-01 -2.324279179087729297e-01 -3.182582893607526775e-01 4.460019578950855657e-01 -8.365368582420179555e-01 -5.452722334964934525e-01 -6.082148619782798971e-01 6.643642600691344047e-01
1.584057357613423109e+09 7.792301196705785360e-01 -3.762633927784090893e-01 -5.012247799784050883e-01 -5.314754669806217580e-01 -8.205596765668768944e-01 -2.102751660428701097e-01 -3.321659959379215099e-01 4.302414167933014677e-01 -8.393795773121774939e-01 -5.523605011436583112e-01 -6.025011770463786220e-01 6.771552250295121977e-01
1.584057357613440037e+09 7.727586409491027375e-01 -3.828822637177766719e-01 -5.062067316622632651e-01 -5.321486492339380092e-01 -8.255246920204302175e-01 -1.879542450896839467e-01 -3.459218094021012657e-01 4.146204954767533923e-01 -8.416816184883071372e-01 -5.591868104992238075e-01 -5.967536728818951808e-01 6.900728956716151163e-01
1.584057357613456964e+09 7.658712676071872671e-01 -3.901202206050584098e-01 -5.111236789077224785e-01 -5.330871310676889019e-01 -8.297172138561684784e-01 -1.654915586516170767e-01 -3.595265114124105987e-01 3.992186854066553936e-01 -8.434246434651478941e-01 -5.657483408263261904e-01 -5.909833769900199041e-01 7.031169948525933799e-01
1.584057357613475084e+09 7.585251992668773369e-01 -3.979942274089210419e-01 -5.159846094968956187e-01 -5.343433778888998509e-01 -8.330970585375246928e-01 -1.429211174969201026e-01 -3.729834806658923196e-01 3.841222283009423366e-01 -8.445906921497434716e-01 -5.720426154357155513e-01 -5.852014739782254171e-01 7.162870450825755686e-01
1.584057357613491058e+09 7.506798850802964829e-01 -4.065085634672822024e-01 -5.207979437122840505e-01 -5.359604032070538482e-01 -8.356303897074139897e-01 -1.202842394319882380e-01 -3.862980152652423227e-01 3.694220349308014462e-01 -8.451634184583645126e-01 -5.780675801040356943e-01 -5.794192899698171750e-01 7.295823324880750249e-01
1.584057357613507032e+09 7.422981486391756478e-01 -4.156540341800668559e-01 -5.255712916513154420e-01 -5.379702300218690558e-01 -8.372912761022041073e-01 -9.762863738434585104e-02 -3.994765204698619843e-01 3.552112654433676742e-01 -8.451292604601507996e-01 -5.838216680617375198e-01 -5.736482653406596022e-01 7.430018803515870962e-01
1.584057357613523960e+09 7.333470257732026543e-01 -4.254080013595660237e-01 -5.303113919012123478e-01 -5.403931235638073094e-01 -8.380627773441207129e-01 -7.500702300034742254e-02 -4.125256501915762208e-01 3.415828067572629911e-01 -8.444784037809112132e-01 -5.893038477981860090e-01 -5.678999190179555567e-01 7.565444332219987134e-01
1.584057357613545895e+09 7.237981816734180285e-01 -4.357352499970798543e-01 -5.350242838671720458e-01 -5.432377535750979591e-01 -8.379373905845807213e-01 -5.247544964218176650e-02 -4.254514491339969617e-01 3.286270251071242710e-01 -8.432053979841042102e-01 -5.945136518352747146e-01 -5.621858081240571625e-01 7.702084515527711783e-01
1.584057357613564968e+09 7.136280473621497977e-01 -4.465893595330790444e-01 -5.397156234363276184e-01 -5.465019848828974736e-01 -8.369170063511249813e-01 -3.009161450451772191e-02 -4.382585889772424581e-01 3.164298795791481433e-01 -8.413094204201627679e-01 -5.994511875654382482e-01 -5.565174866023724354e-01 7.839921154487182742e-01
1.584057357613580942e+09 7.028177791816719866e-01 -4.579143338300257216e-01 -5.443910656416858229e-01 -5.501740623872412028e-01 -8.350125037140022632e-01 -7.913278824705643338e-03 -4.509497428978066491e-01 3.050714371595997232e-01 -8.387942226793686507e-01 -6.041171332216871415e-01 -5.509064657056043091e-01 7.978933353227140035e-01
1.584057357613604069e+09 6.913530697406463643e-01 -4.696463437759136883e-01 -5.490566864627415278e-01 -5.542340780952851320e-01 -8.322430541150132033e-01 1.400306464131192627e-02 -4.635251017120697870e-01 2.946248647172227120e-01 -8.356677985681160159e-01 -6.085127227516656800e-01 -5.453641782584536246e-01 8.119097671401646066e-01
1.584057357613620996e+09 6.792239199480413214e-01 -4.817153963293279162e-01 -5.537193727160347745e-01 -5.586554960125477143e-01 -8.286352916428624260e-01 3.560323697483978866e-02 -4.759820412857561078e-01 2.851558006350068952e-01 -8.319418646324758804e-01 -6.126397224641436656e-01 -5.399019479465222426e-01 8.260388305114109153e-01
1.584057357613639116e+09 6.664244150583066295e-01 -4.940468471503411951e-01 -5.583871524724982605e-01 -5.634066290710636471e-01 -8.242224367646846517e-01 5.683612686162234362e-02 -4.883149287255166837e-01 2.767220406930182564e-01 -8.276312240176737500e-01 -6.165004016711302937e-01 -5.345309644334717003e-01 8.402777283100210104e-01
1.584057357613656998e+09 6.529525018069608500e-01 -5.065627261511490564e-01 -5.630694762368942952e-01 -5.684520407687191357e-01 -8.190434119361559295e-01 7.765414975404062725e-02 -5.005150427462043972e-01 2.693735215039947950e-01 -8.227530603332993131e-01 -6.200975002762295629e-01 -5.292622643344130351e-01 8.546234663268420517e-01
1.584057357613676071e+09 6.388097970373133316e-01 -5.191828402758094096e-01 -5.677774403616557830e-01 -5.737538089420344267e-01 -8.131420115295376894e-01 9.801344843626694225e-02 -5.125705904761730380e-01 2.631525179367734668e-01 -8.173262154568095017e-01 -6.234341952331412529e-01 -5.241067178247520442e-01 8.690728720345877178e-01
