1.592833327214308977e+09 4.222795204841376937e-01 -6.173500345235887199e-01 6.637461425176620633e-01 -1.854011425019605752e-01 -7.755779423776649750e-01 -6.034113621821980411e-01 8.873028925671502254e-01 1.317489675442067854e-01 -4.419680833012801235e-01 -3.643091832109190409e-01 -8.414475087353735505e-01 4.652075749643173053e-01
1.592833327214371920e+09 4.226191796516770016e-01 -6.073114776195607245e-01 6.727301081382978110e-01 -2.053358351866612919e-01 -7.871356005405799605e-01 -5.815967172399234553e-01 8.827401792146515325e-01 1.076583289429586948e-01 -4.573614112202146198e-01 -3.776914899325042319e-01 -8.335353379231201787e-01 4.715514061628352516e-01
1.592833327214410067e+09 4.232097692251601817e-01 -5.970355293873531588e-01 6.814998665703690950e-01 -2.250887311932812940e-01 -7.978817153683199770e-01 -5.592135832804455697e-01 8.776266601153369651e-01 8.326671128111888531e-02 -4.720573063849232698e-01 -3.909213580189558335e-01 -8.254153641452139922e-01 4.779521397708665353e-01
1.592833327214435101e+09 4.240346953919502671e-01 -5.865146918059633840e-01 6.900689050046877604e-01 -2.446219052228125745e-01 -8.078163510434166472e-01 -5.362768565091042827e-01 8.719831998462143074e-01 5.859402324967868947e-02 -4.860165016641644908e-01 -4.040033422036594102e-01 -8.171003610350131563e-01 4.844062227876759219e-01
1.592833327214458942e+09 4.250817056564959451e-01 -5.757474531287973818e-01 6.984414177214084418e-01 -2.639074160071816499e-01 -8.169343950697686152e-01 -5.128070497612148282e-01 8.658281697427214763e-01 3.366102563601103964e-02 -4.992078886580779695e-01 -4.169450550592075921e-01 -8.086064006063371501e-01 4.909098740058902566e-01
1.592833327214483976e+09 4.263444784899391160e-01 -5.647392095069636575e-01 7.066116409789487962e-01 -2.829271994814084867e-01 -8.252257514315106679e-01 -4.888298879223369475e-01 8.591755267029108634e-01 8.490270969624595307e-03 -5.116105255764523685e-01 -4.297565423951129060e-01 -7.999516335723276805e-01 4.974591926278841281e-01
1.592833327214504957e+09 4.278241822881217460e-01 -5.535028394780450167e-01 7.145635563086764064e-01 -3.016723307591378522e-01 -8.326759474831102459e-01 -4.643754641431335206e-01 8.520330240887878936e-01 -1.689300024762608113e-02 -5.232153979711651193e-01 -4.424496007487624394e-01 -7.911551889313906960e-01 5.040502172730082497e-01
1.592833327214525938e+09 4.295307655988078177e-01 -5.420588263748458147e-01 7.222711059041837522e-01 -3.201415255546773420e-01 -8.392671627808642176e-01 -4.394769999177320363e-01 8.444008084182631491e-01 -4.246008143116433708e-02 -5.340266065465775203e-01 -4.550370753998766449e-01 -7.822362242692901813e-01 5.106789672139399050e-01
1.592833327214549065e+09 4.314840912927307426e-01 -5.304351618898711651e-01 7.296985804207551940e-01 -3.383391571120399344e-01 -8.449794607311635897e-01 -4.141694412594531527e-01 8.362703474159218775e-01 -6.817807760112845616e-02 -5.440621803086687081e-01 -4.675321758184771137e-01 -7.732131407788851440e-01 5.173414895828580828e-01
1.592833327214570045e+09 4.337147524912552399e-01 -5.186670194055592598e-01 7.368012192793269577e-01 -3.562727744009354658e-01 -8.497922018332655369e-01 -3.884879976164611337e-01 8.276238420535944051e-01 -9.400923879842496000e-02 -5.533543524370519995e-01 -4.799478404487311223e-01 -7.641029636937660685e-01 5.240339270832228280e-01
1.592833327214591026e+09 4.362643685901755886e-01 -5.067961781018974765e-01 7.435260821511413543e-01 -3.739501548903974015e-01 -8.536856202385507686e-01 -3.624667485761771113e-01 8.184342872836705141e-01 -1.199103663348934923e-01 -5.619491273415623267e-01 -4.922961750803642733e-01 -7.549208791970214438e-01 5.307526122647829858e-01
1.592833327214612961e+09 4.394484006143742905e-01 -4.950381297185660334e-01 7.495480995915561051e-01 -3.915103940962765816e-01 -8.565642800167734272e-01 -3.361803770030932226e-01 8.084582331571719127e-01 -1.457219428213071821e-01 -5.702283760887465469e-01 -5.044358533512208753e-01 -7.455256975760391480e-01 5.375564015206200086e-01
1.592833327214633942e+09 4.433354253574388060e-01 -4.834545496939107179e-01 7.548015628511228758e-01 -4.089169261072109762e-01 -8.584307453033515056e-01 -3.096507765676992374e-01 7.976469447167231497e-01 -1.713719761042553913e-01 -5.782655079340637272e-01 -5.163610321139993076e-01 -7.359251323595722427e-01 5.444521997665939805e-01
1.592833327214657068e+09 4.479962661400634927e-01 -4.721089261797980496e-01 7.592183530612390818e-01 -4.261192654491693377e-01 -8.592966712328808931e-01 -2.828985733247302292e-01 7.859527450105667779e-01 -1.967800623164343010e-01 -5.861364090048806208e-01 -5.280659064693731253e-01 -7.261270510957306135e-01 5.514469330939801850e-01
1.592833327214679956e+09 4.535000880122779243e-01 -4.610647488935117333e-01 7.627299442002524188e-01 -4.430514858510660736e-01 -8.591846396784096340e-01 -2.559436191700452667e-01 7.733324326008798044e-01 -2.218581811976572116e-01 -5.939157317324694763e-01 -5.395447792848389046e-01 -7.161395596098864003e-01 5.585475152641961039e-01
1.592833327214703083e+09 4.599101000429383634e-01 -4.503834881229804576e-01 7.652695040204937627e-01 -4.596319511490288279e-01 -8.581296051799248703e-01 -2.288057048342548583e-01 7.597507286065883214e-01 -2.465122606196931132e-01 -6.016731139264644979e-01 -5.507921373169369916e-01 -7.059710725086350003e-01 5.657608072879040106e-01
1.592833327214725018e+09 4.672793964827474111e-01 -4.401225122146723012e-01 7.667738520213543962e-01 -4.757644349500092518e-01 -8.561797582753036817e-01 -2.015053952735710863e-01 7.451833118895937469e-01 -2.706444088787958169e-01 -6.094697990056154868e-01 -5.618027292784135707e-01 -6.956303668249661509e-01 5.730935724601899928e-01
1.592833327214747906e+09 4.756474085352462300e-01 -4.303330752685877725e-01 7.671851063222522304e-01 -4.913405174374810835e-01 -8.533966930004656115e-01 -1.740648748833445725e-01 7.296191053830003437e-01 -2.941556203806101610e-01 -6.173560012947556519e-01 -5.725716399927126554e-01 -6.851266161736225824e-01 5.805524301966483725e-01
1.592833327214771032e+09 4.850372662412805180e-01 -4.210584717702569590e-01 7.664519645658047775e-01 -5.062429622743579438e-01 -8.498548488655609523e-01 -1.465087006815445902e-01 7.130616479445838207e-01 -3.169487332452369244e-01 -6.253691605770432815e-01 -5.830943560594367137e-01 -6.744694051168659277e-01 5.881438117258837028e-01
1.592833327214795113e+09 4.954542862990726770e-01 -4.123324754944177606e-01 7.645305619264822772e-01 -5.203496760585751835e-01 -8.456402713862585241e-01 -1.188644034331890476e-01 6.955294854144661310e-01 -3.389313519840528866e-01 -6.335331671170750800e-01 -5.933668187161972307e-01 -6.636687246087298320e-01 5.958739207793830595e-01
1.592833327214814901e+09 5.068858415983594767e-01 -4.041782407318493253e-01 7.613847211397999359e-01 -5.335377482658449910e-01 -8.408488495896510040e-01 -9.116295128608606357e-02 6.770555479667876853e-01 -3.600182803104115536e-01 -6.418587251769415358e-01 -6.033854611256923572e-01 -6.527349510788971187e-01 6.037487017364803199e-01
1.592833327214833975e+09 5.193022631977278758e-01 -3.966076039998790437e-01 7.569858440990119286e-01 -5.456871658498682054e-01 -8.355842277868187340e-01 -6.343907052173010375e-02 6.576858495796762405e-01 -3.801334068692185930e-01 -6.503444598985235192e-01 -6.131472299925818659e-01 -6.416788133796975657e-01 6.117738162042016814e-01
1.592833327214855909e+09 5.326584582821494163e-01 -3.896207434225547606e-01 7.513126136266049526e-01 -5.566839632269660054e-01 -8.299555589121122567e-01 -3.573143832562925004e-02 6.374777895598583433e-01 -3.992110304336847215e-01 -6.589784679896560915e-01 -6.226495933963261953e-01 -6.305113523007536136e-01 6.199546277317220522e-01
1.592833327214886904e+09 5.468960514958578489e-01 -3.832061826756442136e-01 7.443505428872214669e-01 -5.664226491927012441e-01 -8.240752704529251682e-01 -8.082788966520541157e-03 6.164982494852113692e-01 -4.171965609647442230e-01 -6.677401726546802196e-01 -6.318905376362247139e-01 -6.192438768558149453e-01 6.282961935984722190e-01
1.592833327214911938e+09 5.619457111582731867e-01 -3.773410469412624701e-01 7.360915379782565493e-01 -5.748079233624020512e-01 -8.180569403806317030e-01 1.946005916998495844e-02 5.948217121390509954e-01 -4.340467450420034123e-01 -6.766022126496864519e-01 -6.408685552689759035e-01 -6.078879203552229882e-01 6.368032627647881583e-01
1.592833327214939117e+09 5.777294731075592882e-01 -3.719915128039834040e-01 7.265335302542935692e-01 -5.817557471311221029e-01 -8.120133499563279011e-01 4.684624361279028648e-02 5.725285205708022795e-01 -4.497295122484109564e-01 -6.855322452094113617e-01 -6.495826260746376812e-01 -5.964551984440454868e-01 6.454802791964167064e-01
1.592833327214961052e+09 5.941629829496147819e-01 -3.671134085151024906e-01 7.156801626843795061e-01 -5.871938272857646357e-01 -8.060547810953330172e-01 7.402093919201066519e-02 5.497033374256506955e-01 -4.642234757678121992e-01 -6.944946404726204392e-01 -6.580321935637037933e-01 -5.849575709813474855e-01 6.543313890950285261e-01
1.592833327214983940e+09 6.111575442883090403e-01 -3.626528988130112707e-01 7.035405683548774380e-01 -5.910616286104841688e-01 -8.002875735324342932e-01 1.009254735035094441e-01 5.264338586503493067e-01 -4.775171985633180904e-01 -7.034520010766805997e-01 -6.662171387964689329e-01 -5.734070087571998542e-01 6.633604509679360550e-01
