1.589264478708405018e+09 7.370915637744532845e-01 -5.446418443703014978e-01 -4.000766029818983438e-01 -6.191416962853316663e-01 -7.815168589906078545e-01 -7.677864032322541388e-02 -2.708497498168299655e-01 3.042969945722660552e-01 -9.132599589085349523e-01 -4.252349787771381728e-01 -8.917277456992992457e-01 3.947185729390548237e-01
1.589264478708468914e+09 7.205168481835536598e-01 -5.623048111621485878e-01 -4.057940008275460197e-01 -6.254246622924298782e-01 -7.797054436898241958e-01 -3.005683703188698555e-02 -2.994986873573824426e-01 2.754500333163873993e-01 -9.134702052307880349e-01 -4.405857959356030418e-01 -8.853358997697370336e-01 4.015529735716037996e-01
1.589264478708504915e+09 7.033544813727381495e-01 -5.800750957811408037e-01 -4.108592910808699372e-01 -6.303567225816679720e-01 -7.761266872572059050e-01 1.666637929367300111e-02 -3.285466120413576552e-01 2.472655435136747459e-01 -9.115464196266720442e-01 -4.558452417050382621e-01 -8.787940343882049143e-01 4.084497573122765068e-01
1.589264478708538055e+09 6.855921166398357691e-01 -5.978968779180692250e-01 -4.153104540668621225e-01 -6.338963003775931471e-01 -7.708251945017391416e-01 6.327717174829518287e-02 -3.579649849211518076e-01 2.198814301435399465e-01 -9.074762953794459630e-01 -4.710087483534758368e-01 -8.720980929228594469e-01 4.154099834466384866e-01
1.589264478708568096e+09 6.672132973614929297e-01 -6.157102671509354641e-01 -4.191983814723236335e-01 -6.359986118799967336e-01 -7.638589900416721257e-01 1.096595166629001777e-01 -3.877269425470820097e-01 1.934433009413506488e-01 -9.012477504943788853e-01 -4.860766768191531750e-01 -8.652523721581694138e-01 4.224318032101389564e-01
1.589264478708599091e+09 6.481982147773186487e-01 -6.334503525019250514e-01 -4.225869443733112352e-01 -6.366138360417934461e-01 -7.553025093522858224e-01 1.556950342875442483e-01 -4.178060537988596557e-01 1.681034523719870666e-01 -8.928489968280279854e-01 -5.010535668143161203e-01 -8.582676037159013838e-01 4.295112163006866157e-01
1.589264478708626032e+09 6.285249063641317191e-01 -6.510463738806412382e-01 -4.255526541062993884e-01 -6.356855877806371069e-01 -7.452497146786511983e-01 2.012627557072635964e-01 -4.481743812892692858e-01 1.440190343055346711e-01 -8.822688037898961388e-01 -5.159471880370327668e-01 -8.511588997236383403e-01 4.366427440648149583e-01
1.589264478708652973e+09 6.081709757086574131e-01 -6.684211283247784019e-01 -4.281836753014972574e-01 -6.331499338861139581e-01 -7.338171319227601019e-01 2.462388651130664463e-01 -4.787997765308428244e-01 1.213491347943336240e-01 -8.694970741215028998e-01 -5.307674835173556982e-01 -8.439437816738345477e-01 4.438200156375780581e-01
1.589264478708688021e+09 5.871158864861349969e-01 -6.854907840650313888e-01 -4.305778919981806396e-01 -6.289352581533024233e-01 -7.211464634799377160e-01 2.904965057234325521e-01 -5.096424014654723500e-01 1.002505041244761280e-01 -8.545258682324763377e-01 -5.455254992055419416e-01 -8.366404394946427292e-01 4.510362805846779288e-01
1.589264478708718061e+09 5.653436640341257258e-01 -7.021652579984183351e-01 -4.328400308157422383e-01 -6.229633197290109781e-01 -7.074063003174275721e-01 3.339057189071880094e-01 -5.406507600071346342e-01 8.087197988890949818e-02 -8.373508697073934748e-01 -5.602323823038570794e-01 -8.292662995872700504e-01 4.582848641694083347e-01
1.589264478708743095e+09 5.428458291524782542e-01 -7.183493249392368662e-01 -4.350777555922498152e-01 -6.151517368919434681e-01 -6.927924069558386577e-01 3.763336578605044336e-01 -5.717575944935172627e-01 6.334768045009314674e-02 -8.179733033221513461e-01 -5.748985089379818891e-01 -8.218369252379146284e-01 4.655595765454940693e-01
1.589264478708762884e+09 5.196939944613401252e-01 -7.340078513543485395e-01 -4.372077613115735173e-01 -6.054445758996445104e-01 -6.774687757095408935e-01 4.176995619195952303e-01 -6.027893646433859498e-01 4.762911376643899630e-02 -7.964775262503138720e-01 -5.893742112316892046e-01 -8.141609567122389812e-01 4.729586213569900166e-01
1.589264478708786964e+09 4.958862050480458139e-01 -7.490399816872237437e-01 -4.393585981372613025e-01 -5.937718014335563455e-01 -6.616605259903005631e-01 4.578650420638100682e-01 -6.336654637580249050e-01 3.382978811969909044e-02 -7.728671463474665604e-01 -6.036520120071801054e-01 -8.062461246078233001e-01 4.804893684381190133e-01
1.589264478708807945e+09 4.714341083384507858e-01 -7.633448119964502121e-01 -4.416498384165020163e-01 -5.800682933793478435e-01 -6.456154944280159125e-01 4.966904558635548139e-01 -6.642820613311406497e-01 2.203024582619132754e-02 -7.471572871154112949e-01 -6.177246231342446992e-01 -7.981005954706995587e-01 4.881590675826877890e-01
1.589264478708823919e+09 4.463641509375551042e-01 -7.768243910189426282e-01 -4.441879225687397348e-01 -5.642801912582717794e-01 -6.295977028243893159e-01 5.340361400947380988e-01 -6.945119948617740624e-01 1.227185762614408510e-02 -7.193764598113393527e-01 -6.315850140280887537e-01 -7.897330231302513992e-01 4.959747960338683481e-01
1.589264478708837032e+09 4.207175963111777772e-01 -7.893866328070004990e-01 -4.470631369055817483e-01 -5.463708808727388844e-01 -6.138794817541692872e-01 5.697638484416912563e-01 -7.242068524832393495e-01 4.552603105662309316e-03 -6.895677697285849117e-01 -6.452264758067725037e-01 -7.811525774566889790e-01 5.039434086112863920e-01
1.589264478708848953e+09 3.945494836286369544e-01 -8.009478719335352270e-01 -4.503478785268179019e-01 -5.263259378569967728e-01 -5.987329342385493414e-01 6.037382555152160934e-01 -7.532009775627405146e-01 -1.174847460651265094e-03 -6.577894097347182223e-01 -6.586426764886208485e-01 -7.723689505531952104e-01 5.120714939645327757e-01
1.589264478708862066e+09 3.679267300671799079e-01 -8.114346579849477381e-01 -4.540965947934555991e-01 -5.041564314882395204e-01 -5.844217410335661445e-01 6.358282171875090372e-01 -7.813169743347044838e-01 -5.002478078497995737e-03 -6.241143815493357394e-01 -6.718277038209845564e-01 -7.633923424979083272e-01 5.203653396281235910e-01
1.589264478708874941e+09 3.409258208828203629e-01 -8.207848580031242847e-01 -4.583468138956074966e-01 -4.799005031454754988e-01 -5.711937613024674620e-01 6.659077974504924446e-01 -8.083718774339879731e-01 -7.064295899644619167e-03 -5.886297681263367165e-01 -6.847760947113005203e-01 -7.542334310577809564e-01 5.288309068511851674e-01
1.589264478708885908e+09 3.136304085900648020e-01 -8.289481612635092311e-01 -4.631208406297049329e-01 -4.536233454747959914e-01 -5.592747191001364859e-01 6.938570815313656048e-01 -8.341833298112384387e-01 -7.532254922753211894e-03 -5.514357966508760533e-01 -6.974828521583551488e-01 -7.449033307153253292e-01 5.374738147302442481e-01
1.589264478708898067e+09 2.861290444904732722e-01 -8.358859988573923427e-01 -4.684279742855209649e-01 -4.254157831399366096e-01 -5.488632708177272335e-01 7.195627297033995173e-01 -8.585753210044853034e-01 -6.611142799856162613e-03 -5.126448199095530178e-01 -7.099434516250824334e-01 -7.354135460126798307e-01 5.462993323383773525e-01
1.589264478708909988e+09 2.585132020601565994e-01 -8.415710900251950344e-01 -4.742668289839573892e-01 -3.953918384765673921e-01 -5.401273487550610763e-01 7.429183950936035785e-01 -8.813831283308364295e-01 -4.532979768833292518e-03 -4.723803908031504184e-01 -7.221538384242758291e-01 -7.257759228357713033e-01 5.553123777470051481e-01
1.589264478708921909e+09 2.308756513086022699e-01 -8.459867378751926292e-01 -4.806275827001687539e-01 -3.636856106435822911e-01 -5.332016815671591914e-01 7.638250741892842477e-01 -9.024573179484522978e-01 -1.551275607344263820e-03 -4.307764887414929356e-01 -7.341104174161326990e-01 -7.160026002920033550e-01 5.645175229979332299e-01
1.589264478708934069e+09 2.033092141333626979e-01 -8.491259117379393873e-01 -4.874941535483031108e-01 -3.304477272064666460e-01 -5.281864478676290275e-01 7.821913937448841114e-01 -9.216667855048533697e-01 2.064617477284403334e-03 -3.879768991563761760e-01 -7.458100372832606739e-01 -7.061059656973249776e-01 5.739190033328354090e-01
1.589264478708945990e+09 1.759058932839343836e-01 -8.509902235886221966e-01 -4.948461946349155816e-01 -2.958416305508144162e-01 -5.251468561550229897e-01 7.979339005701150400e-01 -9.389008716612583516e-01 6.034829505596689750e-03 -3.441347620536779339e-01 -7.572499709792541722e-01 -6.960986140888824059e-01 5.835207294609542350e-01
