1.586177207079055071e+09 8.950920804558467614e-01 -4.454297288463753279e-01 -2.006300979016532177e-02 -3.353776453133150981e-01 -6.429263760897999669e-01 -6.885982212848212880e-01 2.938230807408016010e-01 6.230874994026011082e-01 -7.248654810788905944e-01 -1.716541370516513620e-01 -9.008326595432777362e-01 2.857094414255247905e-01
1.586177207079103947e+09 8.932405502422756660e-01 -4.484538673476453075e-01 -3.178755197541692501e-02 -3.565964604693581674e-01 -6.636673959906870257e-01 -6.575595427671665494e-01 2.737887580509711372e-01 5.986941762561454050e-01 -7.527316916600682584e-01 -1.868880592164814669e-01 -9.009544344897211232e-01 2.902442784398961417e-01
1.586177207079127073e+09 8.907071149995899884e-01 -4.524293980368467305e-01 -4.414153688063324893e-02 -3.777738493501685557e-01 -6.827081088320298141e-01 -6.254570786929299908e-01 2.528393843786665984e-01 5.737745883617001441e-01 -7.790089651634929391e-01 -2.020543205188584379e-01 -9.006413542193981714e-01 2.949917471617892195e-01
1.586177207079145908e+09 8.874686762530477058e-01 -4.573266025746406949e-01 -5.702391994914631640e-02 -3.988079526917974182e-01 -7.000494382692833417e-01 -5.923537804861965794e-01 2.309795787572023751e-01 5.484370181527956634e-01 -8.036574342749113198e-01 -2.171435895174105568e-01 -8.999141019800759311e-01 2.999351291706854328e-01
1.586177207079163074e+09 8.835047416080339389e-01 -4.631107543686965866e-01 -7.034060668688220386e-02 -4.196004849669843773e-01 -7.156969353462324657e-01 -5.583129321144802981e-01 2.082181664611501004e-01 5.227870754457856206e-01 -8.266431329498206138e-01 -2.321484483510556640e-01 -8.987954540961539118e-01 3.050590728383076877e-01
1.586177207079180002e+09 8.787975808494410401e-01 -4.697427074329338370e-01 -8.400357684059651941e-02 -4.400561017993905866e-01 -7.296610027779151242e-01 -5.233979831083060974e-01 1.845682514630008209e-01 4.969271678810220916e-01 -8.479374686429546060e-01 -2.470633627605891558e-01 -8.973095855866819459e-01 3.103495816362173421e-01
1.586177207079195976e+09 8.733324225120051576e-01 -4.771794099368354414e-01 -9.793002987627810740e-02 -4.600818805401981071e-01 -7.419571115985331700e-01 -4.876723369154882248e-01 1.600473157855354378e-01 4.709558956378380734e-01 -8.675168018174028717e-01 -2.618845879887998773e-01 -8.954814501280364825e-01 3.157939515620859505e-01
1.586177207079211950e+09 8.670976890771806556e-01 -4.853743799159033201e-01 -1.120415510662480518e-01 -4.795869168054935350e-01 -7.526059775525811846e-01 -4.511991048835880536e-01 1.346773445950847636e-01 4.449673631266509166e-01 -8.853621061323396768e-01 -2.766100268479515512e-01 -8.933362414582418642e-01 3.213806760566788601e-01
1.586177207079229116e+09 8.600851701904909108e-01 -4.942782949540459603e-01 -1.262634841081570480e-01 -4.984822155531406507e-01 -7.616335107841064600e-01 -4.140409116431915115e-01 1.084849350656385963e-01 4.190505491955424655e-01 -9.014586271490021563e-01 -2.912390551137196693e-01 -8.908989380621527010e-01 3.270993336408388186e-01
1.586177207079250097e+09 8.522900292605326555e-01 -5.038397816912086880e-01 -1.405246621867536350e-01 -5.166809858070338102e-01 -7.690704040120482921e-01 -3.762598478155332882e-01 8.150132076025853878e-02 3.932889376323049357e-01 -9.157954720543561855e-01 -3.057723266966170805e-01 -8.881939264928068178e-01 3.329404713653349446e-01
1.586177207079267979e+09 8.437107344658223429e-01 -5.140062149870452402e-01 -1.547572543569434300e-01 -5.340990636952523962e-01 -7.749515784888314496e-01 -3.379175071781202466e-01 5.376232020083832053e-02 3.677603327669871636e-01 -9.283652034380716067e-01 -3.202115679571349016e-01 -8.852446946093563973e-01 3.388954947514943861e-01
1.586177207079287052e+09 8.344312667509319326e-01 -5.246456906119082442e-01 -1.687345864517833527e-01 -5.505284305064260808e-01 -7.794314101573377451e-01 -2.990068971850432522e-01 2.535564332155569936e-02 3.423938909872634717e-01 -9.392143073607996939e-01 -3.345256046259782456e-01 -8.819968495391360408e-01 3.449956436885580624e-01
1.586177207079303980e+09 8.244697691691972308e-01 -5.357095858084273132e-01 -1.823865117636707389e-01 -5.658941316364054508e-01 -7.825474179951310560e-01 -2.595830712288155206e-01 -3.664954370361572789e-03 3.172298514690644611e-01 -9.483415997578368284e-01 -3.487094864979343734e-01 -8.784670526020719183e-01 3.512414413987789974e-01
1.586177207079320908e+09 8.138461058598664977e-01 -5.471525099991033647e-01 -1.956492960699776629e-01 -5.801287787548048414e-01 -7.843347672531237880e-01 -2.197033760286778159e-01 -3.324329152419268352e-02 2.923065241803462500e-01 -9.557467132431671786e-01 -3.627585773733563168e-01 -8.746706497656085988e-01 3.576338064923069715e-01
1.586177207079336882e+09 8.025802499881731222e-01 -5.589330754913689470e-01 -2.084676467103390163e-01 -5.931738866920456266e-01 -7.848249103279478778e-01 -1.794285394671991107e-01 -6.332205681133080966e-02 2.676633662768662658e-01 -9.614294773197842314e-01 -3.766684459510761807e-01 -8.706218214865281135e-01 3.641740286696205087e-01
1.586177207079353094e+09 7.906907073758256965e-01 -5.710140616629275634e-01 -2.207966189210971708e-01 -6.049805402549727207e-01 -7.840450062324726410e-01 -1.388235376824649425e-01 -9.384429441604008604e-02 2.433441389851991876e-01 -9.653894959092844674e-01 -3.904347785040943042e-01 -8.663337289437288424e-01 3.708637454644983511e-01
1.586177207079370022e+09 7.781930306941576836e-01 -5.833620356492135173e-01 -2.326034019882621817e-01 -6.155093835487381870e-01 -7.820181515140715023e-01 -9.795820519955696082e-02 -1.247549845227271942e-01 2.193999691337328306e-01 -9.676258821288967749e-01 -4.040533089171488568e-01 -8.618186527539102304e-01 3.777049205682679323e-01
1.586177207079385996e+09 7.650983947131524410e-01 -5.959465489305354469e-01 -2.438691401129050584e-01 -6.247300323362502406e-01 -7.787643457089334920e-01 -5.690765369997301260e-02 -1.560026715592957303e-01 1.958923302659732191e-01 -9.681370573396123058e-01 -4.175197642871981696e-01 -8.570881249770657684e-01 3.846998220779819788e-01
1.586177207079402924e+09 7.514123529516028022e-01 -6.087389341023010658e-01 -2.545906247566785408e-01 -6.326198440529473555e-01 -7.743022620520064736e-01 -1.575247255265146279e-02 -1.875409533390714478e-01 1.728956837868331209e-01 -9.669206139768818931e-01 -4.308298241884234159e-01 -8.521530542236189776e-01 3.918509997779087706e-01
1.586177207079417944e+09 7.371339393629551262e-01 -6.217107497326900267e-01 -2.647816069524722149e-01 -6.391620248500092805e-01 -7.686518480135543507e-01 2.542131064550443367e-02 -2.193295736414164199e-01 1.504994371787983787e-01 -9.639732661853305240e-01 -4.439790915918848113e-01 -8.470238432079286728e-01 3.991612611631458196e-01
1.586177207079433918e+09 7.222553413727610394e-01 -6.348319565879810833e-01 -2.744733302662715202e-01 -6.443431174766123259e-01 -7.618377107849814145e-01 6.652255171271420631e-02 -2.513347752921333833e-01 1.288087329931023040e-01 -9.592909576444672570e-01 -4.569630745608315725e-01 -8.417104993100944510e-01 4.066336452068889384e-01
1.586177207079449892e+09 7.067619853370153971e-01 -6.480690289882590216e-01 -2.837146982850221599e-01 -6.481503067667220286e-01 -7.538929193401122664e-01 1.074553233069359126e-01 -2.835289692070928624e-01 1.079444310989990108e-01 -9.528689961374288142e-01 -4.697771785120636867e-01 -8.362227388739870149e-01 4.142713926323208229e-01
1.586177207079466105e+09 6.906331395573054310e-01 -6.613830695200698662e-01 -2.925718752233293363e-01 -6.505687207865280541e-01 -7.448630960461960493e-01 1.481192363692407921e-01 -3.158895480143864565e-01 8.804205737164219614e-02 -9.447022758382184193e-01 -4.824167095772287639e-01 -8.305700860299743971e-01 4.220779111066234046e-01
1.586177207079484940e+09 6.738431329791538804e-01 -6.747280291662466345e-01 -3.011270812606144376e-01 -6.515789776974165726e-01 -7.348105878226098842e-01 1.884097565056841450e-01 -3.483967112801896193e-01 6.924945517422177732e-02 -9.347856679004529212e-01 -4.948768900186666930e-01 -8.247619664099329340e-01 4.300567337176334770e-01
1.586177207079504013e+09 6.563632649310530143e-01 -6.880491866360288755e-01 -3.094763019890427458e-01 -6.511552949500137855e-01 -7.238183919600720273e-01 2.282185746578203611e-01 -3.810302439232373106e-01 5.172284394328055535e-02 -9.231146738163635845e-01 -5.071528862710696917e-01 -8.188077950550891604e-01 4.382114697587361496e-01
1.586177207079524994e+09 6.381643116783521918e-01 -7.012820748392676329e-01 -3.177259244749985889e-01 -6.492645502600672414e-01 -7.119933804878504358e-01 2.674340487242169995e-01 -4.137654595989072037e-01 3.562131386323613702e-02 -9.096863562934401903e-01 -5.192398493047198915e-01 -8.127170567652393096e-01 4.465457478990245144e-01
1.586177207079545021e+09 6.192195071733797018e-01 -7.143520615638802029e-01 -3.259882426555549273e-01 -6.458665987883785986e-01 -6.994683211698593528e-01 3.059418322970908211e-01 -4.465686274147802615e-01 2.109976694095002173e-02 -8.945005652478877911e-01 -5.311329663148569580e-01 -8.064993767158371574e-01 4.550631526092903112e-01
1.586177207079565048e+09 5.995076122148781383e-01 -7.271747008839490878e-01 -3.343764010288710065e-01 -6.409160365940014259e-01 -6.864022494444707023e-01 3.436256487722628150e-01 -4.793925921645882937e-01 8.301005521410807081e-03 -8.775613005767314290e-01 -5.428275213544492273e-01 -8.001645786684107309e-01 4.637671560867893117e-01
1.586177207079583883e+09 5.790157748679372052e-01 -7.396569144496273340e-01 -3.429990985924087910e-01 -6.343653179219578275e-01 -6.729789101206402613e-01 3.803682826558490437e-01 -5.121731898137795724e-01 -2.652503653414916424e-03 -8.588780985944517443e-01 -5.543189616094605920e-01 -7.937227284300805152e-01 4.726610487544863348e-01
1.586177207079602003e+09 5.577418189005031168e-01 -7.516989086363430328e-01 -3.519556995969170821e-01 -6.261688959465061544e-01 -6.594032520351558180e-01 4.160527195615305596e-01 -5.448271080747466577e-01 -1.166628868668385423e-02 -8.384672446792785783e-01 -5.656029652337775104e-01 -7.871841609131369211e-01 4.817478720412514126e-01
1.586177207079628944e+09 5.356957323847327812e-01 -7.631966328984612913e-01 -3.613322323174369965e-01 -6.162878504811097891e-01 -6.458962377563826074e-01 4.505633539264761733e-01 -5.772515640083241140e-01 -1.868020105880910733e-02 -8.163526703105833393e-01 -5.766755056323937811e-01 -7.805594899623187199e-01 4.910303579327867651e-01
1.586177207079642057e+09 5.129002911146820498e-01 -7.740445585986944765e-01 -3.711984818833354294e-01 -6.046944099740994005e-01 -6.326884012285682868e-01 4.837872032173496373e-01 -6.093258261531206976e-01 -2.367295033564611323e-02 -7.925664826310134803e-01 -5.875329082241746992e-01 -7.738596019894122824e-01 5.005108785156808793e-01
1.586177207079654932e+09 4.893908478516378335e-01 -7.841385139146069827e-01 -3.816063276586396102e-01 -5.913758225970193738e-01 -6.200127378431794511e-01 5.156150132219335935e-01 -6.409143741431746477e-01 -2.666451251019803098e-02 -7.671491179517381243e-01 -5.981718959555183401e-01 -7.670956354916605990e-01 5.101914083401183353e-01
1.586177207079665899e+09 4.652143937982942679e-01 -7.933781666127802668e-01 -3.925896748760660526e-01 -5.763371054347194988e-01 -6.080977756163911119e-01 5.459419719067927224e-01 -6.718713486953837855e-01 -2.771606661854662118e-02 -7.401491139211853199e-01 -6.085896211912731335e-01 -7.602789496917627954e-01 5.200735010349890608e-01
1.586177207079679966e+09 4.404281938930629248e-01 -8.016690813462445941e-01 -4.041654244388414030e-01 -5.596025307739241894e-01 -5.971612551640304023e-01 5.746681158567003012e-01 -7.020455925861336377e-01 -2.692804593705462601e-02 -7.116226996500812918e-01 -6.187836839434653902e-01 -7.534210863357252430e-01 5.301582794265315979e-01
1.586177207079689980e+09 4.150982229523469402e-01 -8.089243308149181022e-01 -4.163350724977498696e-01 -5.412158958903368067e-01 -5.874046894661594242e-01 6.016985003544014221e-01 -7.312857306341401520e-01 -2.443681894700921314e-02 -6.816333489754710095e-01 -6.287521381168753587e-01 -7.465337285555113667e-01 5.404464369200867591e-01
1.586177207079703093e+09 3.892975760230329985e-01 -8.150655930887611422e-01 -4.290867937139558053e-01 -5.212397064668097268e-01 -5.790090641930077942e-01 6.269431174234884052e-01 -7.594449066216051314e-01 -2.041036146230730888e-02 -6.502513754974706961e-01 -6.384934882305423054e-01 -7.396286599535020212e-01 5.509382473442577810e-01
1.586177207079715967e+09 3.631049832913468278e-01 -8.200238545968796533e-01 -4.423976144548387723e-01 -4.997535397595125328e-01 -5.721316040451291940e-01 6.503167133409192280e-01 -7.863848746583673721e-01 -1.504346547646225572e-02 -6.175536603728258855e-01 -6.480066785270546248e-01 -7.327177261088885230e-01 5.616335811020206625e-01
1.586177207079730034e+09 3.366034919815754645e-01 -8.237397920213178626e-01 -4.562355142914141792e-01 -4.768518323728054287e-01 -5.669035233203127966e-01 6.717385843538125068e-01 -8.119793221681107509e-01 -8.552812159335851719e-03 -5.836235346183836770e-01 -6.572910759878020093e-01 -7.258128000436590010e-01 5.725319259413429451e-01
1.586177207079741955e+09 3.098793638180744603e-01 -8.261638452748552020e-01 -4.705614528567297339e-01 -4.526412938075330405e-01 -5.634287241769663224e-01 6.911323552059397413e-01 -8.361164030772683109e-01 -1.172109659905519723e-03 -5.485508062604130819e-01 -6.663464495274060706e-01 -7.189257526372583307e-01 5.836324100971082007e-01
1.586177207079754114e+09 2.830212044203002097e-01 -8.272560677452688305e-01 -4.853312234972971817e-01 -4.272381474133306600e-01 -5.617832696855679098e-01 7.084258068394799768e-01 -8.587005087412808990e-01 6.852487761651738195e-03 -5.124319272682126281e-01 -6.751729469042185849e-01 -7.120684283949859639e-01 5.949338263227672563e-01
