1.584057354830775976e+09 4.943218662952036935e-01 -7.507819073185302283e-01 -4.381465739847342222e-01 -2.646044165006480875e-01 3.501581308837287132e-01 -8.985398078476745098e-01 8.280280161304660602e-01 5.601033932689079009e-01 -2.556938777307498495e-02 1.415115279004620641e-01 -3.035824321802375603e-01 5.588803570445816105e-01
1.584057354830816984e+09 5.129839955560280274e-01 -7.383807060831232283e-01 -4.377686070714820188e-01 -2.603325939315148663e-01 3.521398125836500692e-01 -8.990130661303240567e-01 8.179696577907676902e-01 5.751447517034962154e-01 -1.158247649511993937e-02 1.367772560924920278e-01 -3.094074945465571935e-01 5.500325432391846014e-01
1.584057354830836058e+09 5.317824804585996601e-01 -7.256124263045404810e-01 -4.366852418182919360e-01 -2.576012019635460226e-01 3.526130668994177930e-01 -8.996141650403901568e-01 8.067521394155400261e-01 5.908896952751563347e-01 5.948181570189211903e-04 1.321249872793891500e-01 -3.153182874591100027e-01 5.411980985877535844e-01
1.584057354830848932e+09 5.504757136902161951e-01 -7.125438519029879680e-01 -4.350376396460287620e-01 -2.559381979747356040e-01 3.519701381303781407e-01 -9.003403027881289322e-01 7.946522054867178886e-01 6.069582202455848785e-01 1.138382352605668037e-02 1.275578360205170125e-01 -3.213255308176883318e-01 5.323843226159730158e-01
1.584057354830866098e+09 5.689387408178462335e-01 -6.991778838305493515e-01 -4.329653521021523122e-01 -2.548907670984162377e-01 3.506312358231752357e-01 -9.011594939056578601e-01 7.818819644163946814e-01 6.230634184249609353e-01 2.127370662862345177e-02 1.230781766568493224e-01 -3.274404826872513441e-01 5.235997619613931287e-01
1.584057354830883026e+09 5.871156780454610535e-01 -6.854780190188138889e-01 -4.305984976807027409e-01 -2.540414503665910373e-01 3.490353575620409043e-01 -9.020184370685063735e-01 7.686079119621775924e-01 6.389790331271650858e-01 3.078430044778219729e-02 1.186875306078498393e-01 -3.336748664425748800e-01 5.148542958937618597e-01
1.584057354830900908e+09 6.049764760886232606e-01 -6.713948668580923540e-01 -4.280565340172626243e-01 -2.530122915181119425e-01 3.476388127580262721e-01 -9.028466294730842501e-01 7.549756578666386719e-01 6.545045368796591490e-01 4.044215009489119522e-02 1.143864533289485202e-01 -3.400407841761940442e-01 5.061592216602961436e-01
1.584057354830918074e+09 6.224796887089540931e-01 -6.568946508718619404e-01 -4.254508843458255085e-01 -2.514645157976190815e-01 3.469162686192158174e-01 -9.035566944080904994e-01 7.411373925942003060e-01 6.694314904551093015e-01 5.076263556611240041e-02 1.101744215188644183e-01 -3.465506151393777934e-01 4.975273401077083268e-01
1.584057354830934048e+09 6.395410008700868065e-01 -6.419900253618410213e-01 -4.228901934836460375e-01 -2.490996672751992491e-01 3.473587913609849642e-01 -9.040416063304625993e-01 7.272803202641637821e-01 6.835134801927560400e-01 6.223068735691671821e-02 1.060497210277686064e-01 -3.532168971688263159e-01 4.889730417704326593e-01
1.584057354830950975e+09 6.560075443512396465e-01 -6.267725260127606779e-01 -4.204881717797241403e-01 -2.456667515780458499e-01 3.494626919545081867e-01 -9.041701577967868886e-01 7.136539421949292805e-01 6.964424080912654524e-01 7.527299192847643206e-02 1.020093364314005047e-01 -3.600521889528623953e-01 4.805123935190614426e-01
1.584057354830969095e+09 6.718213445911033199e-01 -6.112619164540975536e-01 -4.183478823437272176e-01 -2.409237580309119553e-01 3.537531624580431688e-01 -9.037778726083434133e-01 7.004368808491151510e-01 7.079672095273807919e-01 9.039140718323197821e-02 9.804884345947019464e-02 -3.670689102786328650e-01 4.721632254418386965e-01
1.584057354830986023e+09 6.877959009623094699e-01 -5.953391896338399158e-01 -4.153408818336846164e-01 -2.373464219724943924e-01 3.562845272120316320e-01 -9.037300547151349006e-01 6.860054481417485750e-01 7.201614993732873282e-01 1.037494108534879889e-01 9.412703724157374385e-02 -3.741874242519046545e-01 4.638822420988109041e-01
1.584057354831002951e+09 7.037625465468069219e-01 -5.791427458849746079e-01 -4.114753433482741807e-01 -2.349558648778725389e-01 3.568602543024093077e-01 -9.041274802858154658e-01 6.704580672341431402e-01 7.329696030630576953e-01 1.150718965622329754e-01 9.023662522171803368e-02 -3.814049124467481233e-01 4.556724279231488817e-01
1.584057354831018925e+09 7.195286020957005757e-01 -5.628495380435596385e-01 -4.067910870547357116e-01 -2.337407773895138763e-01 3.553073037294098846e-01 -9.050535724757675649e-01 6.539448295011297541e-01 7.462955967105442401e-01 1.240928789712747726e-01 8.637090666356317392e-02 -3.887200865432190455e-01 4.475377528655185566e-01
1.584057354831036091e+09 7.348877747929137838e-01 -5.466720468782845233e-01 -4.013597287205599717e-01 -2.336537716008334764e-01 3.514896530028733257e-01 -9.065654631618679238e-01 6.366677891600558414e-01 7.600030902735784855e-01 1.305734633562501967e-01 8.252347492858931599e-02 -3.961332809358455442e-01 4.394835422730682950e-01
1.584057354831054926e+09 7.496333536237015371e-01 -5.308511533816840933e-01 -3.952807714840593789e-01 -2.346104618050124380e-01 3.453216785506521003e-01 -9.086863428509673879e-01 6.188762126801464758e-01 7.739185948862828957e-01 1.343214137064820124e-01 7.868786115452096330e-02 -4.036464666630530940e-01 4.315168241576678443e-01
1.584057354831072092e+09 7.635728408690656277e-01 -5.156446981754160275e-01 -3.886734646815289684e-01 -2.364919433661137327e-01 3.367792821006719284e-01 -9.114007219768600621e-01 6.008561206164441115e-01 7.878389814098131216e-01 1.352096964018985881e-01 7.485713668632082429e-02 -4.112631741138216834e-01 4.236466394086546017e-01
1.584057354831089020e+09 7.765421065033961678e-01 -5.013123013117481985e-01 -3.816652114060202772e-01 -2.391506791681651534e-01 3.259066499065065292e-01 -9.146539281878092176e-01 5.829144960885715987e-01 8.015427826017073043e-01 1.331910590884647083e-01 7.102349632155909032e-02 -4.189883152094993068e-01 4.158843016853364105e-01
1.584057354831108093e+09 7.884170636701202106e-01 -4.880978167950705826e-01 -3.743782247547077779e-01 -2.424191006705165574e-01 3.128169900939039572e-01 -9.183564180033563229e-01 5.653596321022250626e-01 8.148043030030520661e-01 1.283060189902845705e-01 6.717784814540168903e-02 -4.268279000955767510e-01 4.082435956155864298e-01
1.584057354831125975e+09 7.991212365725351985e-01 -4.762114964616284696e-01 -3.669166936967763193e-01 -2.461197399405266051e-01 2.976864014614694076e-01 -9.223924761975216269e-01 5.484800116090851052e-01 8.274088573792435231e-01 1.206824755623640694e-01 6.330943796323448836e-02 -4.347886489193299453e-01 4.007409046881600934e-01
1.584057354831144094e+09 8.086283269739765744e-01 -4.658142983781689561e-01 -3.593567426089804839e-01 -2.500755026165749628e-01 2.807412171247347654e-01 -9.266318644141573468e-01 5.325246210910811184e-01 8.391670922311617042e-01 1.105265559052910074e-01 5.940553650958976806e-02 -4.428775058864720116e-01 3.933952640265220291e-01
1.584057354831161976e+09 8.169598870556992187e-01 -4.570064272743231126e-01 -3.517409111671732092e-01 -2.541187874257061496e-01 2.622405759923110979e-01 -9.309422765831280033e-01 5.176873429772084201e-01 8.499264709290604847e-01 9.810611218195938732e-02 5.545121557547365992e-02 -4.511010688978794314e-01 3.862283366743296531e-01
1.584057354831180096e+09 8.241790810970726078e-01 -4.498213600407006685e-01 -3.440778786117101307e-01 -2.580986341310912424e-01 2.424568526462363427e-01 -9.352003901912220307e-01 5.040971509531838590e-01 8.595786286962683320e-01 8.372958737336554103e-02 5.142923554803386504e-02 -4.594649528255607129e-01 3.792643139412499309e-01
1.584057354831196070e+09 8.303819872578470651e-01 -4.442256098859012070e-01 -3.363470870633830656e-01 -2.618856902608636683e-01 2.216567438971657755e-01 -9.392998314014353589e-01 4.918146406217063227e-01 8.680621496552415328e-01 6.772343699378562121e-02 4.732006190412352264e-02 -4.679731088347215961e-01 3.725297416748713508e-01
1.584057354831212997e+09 8.356879037681592681e-01 -4.401236267834193194e-01 -3.285071092981159957e-01 -2.653752772417878325e-01 2.000853576372655096e-01 -9.431552428085629991e-01 4.808343685493762787e-01 8.753610929587288814e-01 5.041098360487230451e-02 4.310202213449593894e-02 -4.766271259742194677e-01 3.660532751866170109e-01
1.584057354831228971e+09 8.402298546558567560e-01 -4.373666157065421167e-01 -3.205062168308422388e-01 -2.684890766874624690e-01 1.779548482580708690e-01 -9.467025339726459210e-01 4.710917185611078195e-01 8.815001507137354420e-01 3.209481744756080557e-02 3.875160785776622652e-02 -4.854255440851310555e-01 3.598653656294348857e-01
1.584057354831247091e+09 8.441460451389900532e-01 -4.357638856257428639e-01 -3.122935969202244588e-01 -2.711759639225115315e-01 1.554381835834563463e-01 -9.498960826449598382e-01 4.624727573792021262e-01 8.865375385913429884e-01 1.304383619450979678e-02 3.424391903927317959e-02 -4.943632097183796592e-01 3.539978819384281272e-01
1.584057354831264973e+09 8.475725421262315651e-01 -4.350956125553808174e-01 -3.038298767164784864e-01 -2.734123151507728555e-01 1.326677958221532949e-01 -9.527040264556742022e-01 4.548257820390544381e-01 8.905566035637118016e-01 -6.514917790513804000e-03 2.955323938552161314e-02 -5.034307074458257425e-01 3.484836730497785640e-01
1.584057354831280947e+09 8.506372138442533926e-01 -4.351261095190110395e-01 -2.950959156866641009e-01 -2.752018379304996820e-01 1.097383551609035918e-01 -9.551028436537724042e-01 4.479735249675012021e-01 8.936569601847185185e-01 -2.639997639750462505e-02 2.465372462393665767e-02 -5.126138980090833019e-01 3.433560755131784825e-01
1.584057354831300020e+09 8.534548667422293677e-01 -4.356168987555590899e-01 -2.860991229790956214e-01 -2.765747531865283548e-01 8.671258742531257058e-02 -9.570722716864629165e-01 4.417252501066197268e-01 8.959457823811239896e-01 -4.647535652266462924e-02 1.952018055664419757e-02 -5.218935917168121552e-01 3.386483690317283468e-01
1.584057354831315994e+09 8.561235161614741962e-01 -4.363390380069658847e-01 -2.768768123250569535e-01 -2.775860373612951681e-01 6.362891512062582300e-02 -9.585913379391105549e-01 4.358881934447011441e-01 8.975297239302084673e-01 -6.664741397434238712e-02 1.412890264370027585e-02 -5.312453832700412271e-01 3.343931830752990275e-01
1.584057354831326008e+09 8.587217752990971009e-01 -4.370842298617851895e-01 -2.674963342741585870e-01 -2.783124294214398553e-01 4.050970951121286162e-02 -9.596359493131347840e-01 4.302779386664504768e-01 8.985078406493612890e-01 -8.685940421601483219e-02 8.458544193287993382e-03 -5.406396711592234006e-01 3.306218596457851655e-01
1.584057354831336021e+09 8.613074019697350980e-01 -4.376742502768563581e-01 -2.580519524699477207e-01 -2.788480099121917744e-01 1.736906949225754115e-02 -9.601781620836059572e-01 4.247273795339258085e-01 8.989658315735823413e-01 -1.070844855693439124e-01 2.490975874033345139e-03 -5.500418805772121500e-01 3.273637809598757276e-01
1.584057354831345081e+09 8.639170907770769015e-01 -4.379681367855383090e-01 -2.486587453533283532e-01 -2.792984007445923345e-01 -5.780736892847797292e-03 -9.601869539687346577e-01 4.190938604294237591e-01 8.989719097441065676e-01 -1.273178775882847780e-01 -3.787905041305098496e-03 -5.594129027163530221e-01 3.246456770575214534e-01
1.584057354831355095e+09 8.665675734788892415e-01 -4.378665362966787100e-01 -2.394442256628349641e-01 -2.797739748909262580e-01 -2.892473628213353826e-02 -9.596300759949161208e-01 4.132640364376291009e-01 8.985745691315818462e-01 -1.475688998720892930e-01 -1.038746230167830048e-02 -5.687097537679741688e-01 3.224909393024689153e-01
1.584057354831362963e+09 8.692579556494662851e-01 -4.373128360985057417e-01 -2.305386955380969993e-01 -2.803827128752147679e-01 -5.204282757291677636e-02 -9.584764361048311310e-01 4.071561630432647405e-01 8.978023322252572935e-01 -1.678536012689742507e-01 -1.731175165474432495e-02 -5.778864431287776826e-01 3.209189724997256188e-01
1.584057354831372976e+09 8.719730613855496415e-01 -4.362910266448239427e-01 -2.220655770351031011e-01 -2.812234983597003413e-01 -7.510931517396975121e-02 -9.566984555719199035e-01 4.007197579738809301e-01 8.966653395278446625e-01 -1.881885883122517145e-01 -2.455913754113998523e-02 -5.868950241479392593e-01 3.199446234196121619e-01
1.584057354831394911e+09 8.746874091234165816e-01 -4.348206559348619105e-01 -2.141329813694206052e-01 -2.823806455049170383e-01 -9.809394082796425718e-02 -9.542739386393900292e-01 3.939328719549364810e-01 8.951584084463863888e-01 -2.085864724598813780e-01 -3.212212965086948951e-02 -5.956867832084690173e-01 3.195777266204860578e-01
1.584057354831403971e+09 8.773693460609318651e-01 -4.329496443805236350e-01 -2.068275519368887594e-01 -2.839202716277502425e-01 -1.209637862082997978e-01 -9.511871750261593483e-01 3.867975054106688737e-01 8.932650044212232521e-01 -2.290530986400848290e-01 -3.998745886309817976e-02 -6.042135072938801255e-01 3.198228042457754716e-01
1.584057354831413031e+09 8.799848663030996887e-01 -4.307460191779463599e-01 -2.002111441870403075e-01 -2.858887844390424204e-01 -1.436854085731462394e-01 -9.474292091995069054e-01 3.793339402807265892e-01 8.909614865928796590e-01 -2.495864408806959811e-01 -4.813639264372696069e-02 -6.124287609504730501e-01 3.206789443518403560e-01
1.584057354831423044e+09 8.825007199088916732e-01 -4.282896627124320177e-01 -1.943204682754110235e-01 -2.883134857165700615e-01 -1.662266825861249409e-01 -9.429973616610179965e-01 3.715747751833343715e-01 8.882210620536966639e-01 -2.701768526055601249e-01 -5.654527021406974274e-02 -6.202891028814460084e-01 3.221398663266210605e-01
1.584057354831433058e+09 8.848865978148119371e-01 -4.256650661247910472e-01 -1.891691325389012468e-01 -2.912047922658548282e-01 -1.885580518740581912e-01 -9.378942531992231491e-01 3.635594562189830015e-01 8.850170127288342625e-01 -2.908082001706222552e-01 -6.518622205325211305e-02 -6.277551787218060841e-01 3.241941674577131227e-01
1.584057354831442118e+09 8.871163617233146503e-01 -4.229556849148242148e-01 -1.847513182032459178e-01 -2.945594911340125299e-01 -2.106531049143278711e-01 -9.321265878206097533e-01 3.553298005818565919e-01 8.813250014906015561e-01 -3.114594273388399115e-01 -7.402802770787185460e-02 -6.347926373642140963e-01 3.268257333219903860e-01
1.584057354831450939e+09 8.891684547877445333e-01 -4.202401025663377587e-01 -1.810461693111032055e-01 -2.983643547352165526e-01 -2.324885707464214302e-01 -9.257039356322258605e-01 3.469267517335810069e-01 8.771244614822941710e-01 -3.321061702425451290e-01 -8.303706012537054315e-02 -6.413728314660340768e-01 3.300142864039301571e-01
1.584057354831459999e+09 8.910256911776431865e-01 -4.175898775777939220e-01 -1.780222233957947375e-01 -3.025996656877008029e-01 -2.540438932771679204e-01 -9.186376558597730835e-01 3.383883275474730556e-01 8.723992175004257055e-01 -3.527221929457483585e-01 -9.217826259106440268e-02 -6.474732790015998996e-01 3.337360397029514036e-01
1.584057354831469059e+09 8.926746608044207054e-01 -4.150687506341779187e-01 -1.756413459909453856e-01 -3.072422841655315096e-01 -2.753005745232099399e-01 -9.109400488710579502e-01 3.297485845464478982e-01 8.671375474370732750e-01 -3.732805180110803089e-01 -1.014161066920968857e-01 -6.530778794436797874e-01 3.379644177040460606e-01
1.584057354831478119e+09 8.941049750001741625e-01 -4.127327832972231825e-01 -1.738618517343039349e-01 -3.122680342490690708e-01 -2.962414610641626034e-01 -9.026237708381386060e-01 3.210373322476741120e-01 8.613319026937131806e-01 -3.937542190472546610e-01 -1.107154858169696610e-01 -6.581768937261776031e-01 3.426708060760793595e-01
1.584057354831486940e+09 8.953085370363091933e-01 -4.106309905733134258e-01 -1.726407058242608317e-01 -3.176533232195678513e-01 -3.168501086383222476e-01 -8.937015022101709727e-01 3.122803067543719058e-01 8.549784783811075206e-01 -4.141169059948055509e-01 -1.200425074632977956e-01 -6.627667113751505301e-01 3.478252926099005826e-01
1.584057354831496000e+09 8.962789617741780956e-01 -4.088060951332800341e-01 -1.719348698772200923e-01 -3.233760232151672853e-01 -3.371103123926818546e-01 -8.841858317329678307e-01 3.034995395684373931e-01 8.480767737162782094e-01 -4.343429701018819977e-01 -1.293651583622274781e-01 -6.668494366029625864e-01 3.533973680939651030e-01
1.584057354831505060e+09 8.970111816750473421e-01 -4.072951752440615580e-01 -1.717020104415205028e-01 -3.294157801208691949e-01 -3.570058248423662040e-01 -8.740892889088900386e-01 2.947137322615945298e-01 8.406292176140723882e-01 -4.544076746955130197e-01 -1.386538270376818649e-01 -6.704323324561249908e-01 3.593565611444228813e-01
1.584057354831516981e+09 8.975012300303886192e-01 -4.061301001288786239e-01 -1.719007972060109524e-01 -3.357539256237687120e-01 -3.765202528337719956e-01 -8.634244615387551836e-01 2.859385314136152489e-01 8.326408837118173256e-01 -4.742871654776444346e-01 -1.478816785316407201e-01 -6.735271627668667493e-01 3.656729899157645791e-01
1.584057354831526041e+09 8.977461619975600771e-01 -4.053377445628262299e-01 -1.724909901072730067e-01 -3.423731576797050535e-01 -3.956371050029380831e-01 -8.522041434976658225e-01 2.771866694890219862e-01 8.241192839806542603e-01 -4.939584560881481456e-01 -1.570248839260620644e-01 -6.761494689468653396e-01 3.723178221698538737e-01
1.584057354831535101e+09 8.977440733150853225e-01 -4.049400189890748902e-01 -1.734334456371727784e-01 -3.492571017062697791e-01 -4.143399625762999028e-01 -8.404414747436461663e-01 2.684679793890414334e-01 8.150742154445482779e-01 -5.133994231321347135e-01 -1.660627137001667308e-01 -6.783178176754339761e-01 3.792636401229822485e-01
1.584057354831543922e+09 8.974941450340210292e-01 -4.049538319947049714e-01 -1.746901651475308848e-01 -3.563898941436765555e-01 -4.326127152319559355e-01 -8.281500359965952018e-01 2.597893438967130431e-01 8.055176179448064744e-01 -5.325888322997673896e-01 -1.749775101648436415e-01 -6.800530555110032571e-01 3.864847095673996091e-01
1.584057354831552982e+09 8.969966869684589117e-01 -4.053910517652371537e-01 -1.762243993693808353e-01 -3.637558203835545290e-01 -4.504398352268909056e-01 -8.153438894890467914e-01 2.511546275177459764e-01 7.954634185393392176e-01 -5.515063944818047181e-01 -1.837545587329251495e-01 -6.813776009626280050e-01 3.939571581657690391e-01
1.584057354831562042e+09 8.962532021489137968e-01 -4.062584509736196781e-01 -1.780007552431978890e-01 -3.713389482845285139e-01 -4.678067050329379195e-01 -8.020375754055630857e-01 2.425645962257131638e-01 7.849273584105262991e-01 -5.701328432819138259e-01 -1.923818801745577067e-01 -6.823147977447475698e-01 4.016590720325310393e-01
1.584057354831571102e+09 8.952664152175737744e-01 -4.075577502735123758e-01 -1.799853499379421851e-01 -3.791228517723226887e-01 -4.846999353756686335e-01 -7.882460504563991721e-01 2.340168995251827588e-01 7.739267750111014088e-01 -5.884500301382656895e-01 -2.008499672307589301e-01 -6.828883474544769072e-01 4.095705214962728213e-01
1.584057354831579924e+09 8.940402400086587820e-01 -4.092858218747256194e-01 -1.821460004348313955e-01 -3.870904547423294484e-01 -5.011076301889556550e-01 -7.739845754038341408e-01 2.255061624590656844e-01 7.624803336589356384e-01 -6.064410208656177970e-01 -2.091514877703578301e-01 -6.831218317705121112e-01 4.176735290912750309e-01
1.584057354831598997e+09 8.925797168322362474e-01 -4.114350091627410055e-01 -1.844523855951873403e-01 -3.952239335292146438e-01 -5.170196071382877623e-01 -7.592685745831532218e-01 2.170241730274526382e-01 7.506077266490978062e-01 -6.240901772409277459e-01 -2.172809736040782480e-01 -6.830383264296450152e-01 4.259519937568318482e-01
1.584057354831614971e+09 8.908909435250398356e-01 -4.139935182777441658e-01 -1.868761455774786973e-01 -4.035046379245681991e-01 -5.324275817407928546e-01 -7.441134843048352598e-01 2.085601451135528639e-01 7.383293555444889744e-01 -6.413832153429511740e-01 -2.252345102477665839e-01 -6.826601034495236586e-01 4.343915845358857775e-01
1.584057354831624985e+09 8.889810171275275286e-01 -4.169458441272070326e-01 -1.893909038702045466e-01 -4.119130081454395742e-01 -5.473253215181274056e-01 -7.285346019887602997e-01 2.001010372719915498e-01 7.256660083817910722e-01 -6.583072379019545561e-01 -2.330094394888896081e-01 -6.820084149468854662e-01 4.429796150246355091e-01
1.584057354831634045e+09 8.868579947378208983e-01 -4.202732054414440310e-01 -1.919722119849659181e-01 -4.204284807704455895e-01 -5.617087726811175186e-01 -7.125469439969522867e-01 1.916319126215570989e-01 7.126385393095390208e-01 -6.748507410294219966e-01 -2.406040825908765668e-01 -6.811033487608897374e-01 4.517049082368183588e-01
1.584057354831643105e+09 8.845308725714140508e-01 -4.239539796513179803e-01 -1.945974275849462476e-01 -4.290293919804991085e-01 -5.755761547195353822e-01 -6.961651176871652691e-01 1.831363330737760253e-01 6.992675550043991883e-01 -6.910035964730212310e-01 -2.480174895372397603e-01 -6.799637460663016109e-01 4.605576588508213942e-01
1.584057354831651926e+09 8.820095826901787062e-01 -4.279641276292112106e-01 -1.972455366341168970e-01 -4.376928840546375210e-01 -5.889280209813203548e-01 -6.794032127538307542e-01 1.745967797409961331e-01 6.855731119209070856e-01 -7.067570113039890467e-01 -2.552492187163385995e-01 -6.786071725250134579e-01 4.695292970287854861e-01
1.584057354831660986e+09 8.793049392604503911e-01 -4.322777127541037601e-01 -1.998969811304614486e-01 -4.463949300108613905e-01 -6.017672038790499167e-01 -6.622747156169077609e-01 1.659951519067721371e-01 6.715744274558060889e-01 -7.221034539752896331e-01 -2.622991496646944198e-01 -6.770499341784890213e-01 4.786123566810150387e-01
1.584057354831670046e+09 8.764284722625760304e-01 -4.368675961867581892e-01 -2.025335444471023649e-01 -4.551105755741280956e-01 -6.140985657524425934e-01 -6.447924593934444282e-01 1.573133726367091090e-01 6.572896280646400857e-01 -7.370365309402923115e-01 -2.691673285585911568e-01 -6.753071278912403663e-01 4.878003507612436729e-01
1.584057354831679106e+09 8.733922233216596664e-01 -4.417061519209758980e-01 -2.051382456131173593e-01 -4.638142704636120106e-01 -6.259286466814107941e-01 -6.269686211662851560e-01 1.485339925953206297e-01 6.427355636923877125e-01 -7.515508289669509123e-01 -2.758538436456821064e-01 -6.733927159800913165e-01 4.970876557157281050e-01
1.584057354831690073e+09 8.702083924236454493e-01 -4.467661551402590248e-01 -2.076953456230069273e-01 -4.724804641621752066e-01 -6.372650830423393087e-01 -6.088147707385258567e-01 1.396408426635796785e-01 6.279277161984344602e-01 -7.656417038029034172e-01 -2.823587277951299934e-01 -6.713196170857870237e-01 5.064694057374972136e-01
1.584057354831698895e+09 8.668887735827568441e-01 -4.520218954555417779e-01 -2.101905337587268441e-01 -4.810845520162234101e-01 -6.481157321412618355e-01 -5.903419786120700508e-01 1.306197084871900949e-01 6.128802525710076443e-01 -7.793050032403286975e-01 -2.886818862555847187e-01 -6.690998077660954557e-01 5.159413962338842419e-01
1.584057354831707954e+09 8.634440099618436726e-01 -4.574504106791508207e-01 -2.126112970829710791e-01 -4.896041001873436826e-01 -6.584875629739826985e-01 -5.715609806814971883e-01 1.214589104883170567e-01 5.976062678617278801e-01 -7.925367385727661862e-01 -2.948230467502670482e-01 -6.667444294853313025e-01 5.254999960910631263e-01
1.584057354831717014e+09 8.598827878726715834e-01 -4.630326161988266853e-01 -2.149474067608346251e-01 -4.980201313288352694e-01 -6.683854947535917690e-01 -5.524823792153684687e-01 1.121496326623977052e-01 5.821182242006590624e-01 -8.053327469185330711e-01 -3.007817269267932248e-01 -6.642638952970427724e-01 5.351420690524296697e-01
1.584057354831724882e+09 8.562110807192521156e-01 -4.687541558285001075e-01 -2.171914520967532236e-01 -5.063182693470180684e-01 -6.778113548494320018e-01 -5.331168516487599929e-01 1.026859073696468616e-01 5.664285558092220230e-01 -8.176883855746887031e-01 -3.065572145386158409e-01 -6.616679923317797529e-01 5.448649040782543862e-01
1.584057354831733942e+09 8.524314513666161330e-01 -4.746059807479628967e-01 -2.193394264059345400e-01 -5.144897103851200360e-01 -6.867629883719222894e-01 -5.134753507809018958e-01 9.306427252555783680e-02 5.505504164417747148e-01 -8.295982644914745574e-01 -3.121485566496723374e-01 -6.589659779430317998e-01 5.546661540975093008e-01
1.584057354831743956e+09 8.485423657921337126e-01 -4.805847446186727323e-01 -2.213914111082665170e-01 -5.225320751031298228e-01 -6.952334701698941188e-01 -4.935692986736632815e-01 8.328315636880376238e-02 5.344985738025321842e-01 -8.410559974106943670e-01 -3.175545573996122473e-01 -6.561666698337758064e-01 5.645437813582399045e-01
1.584057354831753016e+09 8.445375740599696535e-01 -4.866929555016322739e-01 -2.233523075385679124e-01 -5.304500318922914515e-01 -7.032104921506128203e-01 -4.734107809757058805e-01 7.334200607705243513e-02 5.182904311235193573e-01 -8.520539768480513976e-01 -3.227737833737853723e-01 -6.532785299956034297e-01 5.744960081848089484e-01
1.584057354831762075e+09 8.404056415397743729e-01 -4.929388052424390487e-01 -2.252325291140079844e-01 -5.382555470557114363e-01 -7.106760232937779920e-01 -4.530127549290042244e-01 6.324020809207583915e-02 5.019471330724294411e-01 -8.625831855496775002e-01 -3.278045752748771080e-01 -6.503097421247707732e-01 5.845212723573212088e-01
1.584057354831772089e+09 8.361297585244726882e-01 -4.993355621969454705e-01 -2.270485046241944582e-01 -5.459675652279339930e-01 -7.176063862181101261e-01 -4.323892833169363792e-01 5.297588899844078020e-02 4.854946662744976105e-01 -8.726330755340577783e-01 -3.326450657612652906e-01 -6.472682827427864716e-01 5.946181860928445584e-01
1.584057354831780910e+09 8.316876923768012908e-01 -5.059007516633129420e-01 -2.288231020510424762e-01 -5.536113491388962027e-01 -7.239725597409388813e-01 -4.115558370331194871e-01 4.254476041186909530e-02 4.689649905949300202e-01 -8.821914651990141465e-01 -3.372932038467068017e-01 -6.441619862452075962e-01 6.047854976702661256e-01
1.584057354831789017e+09 8.270519444925829022e-01 -5.126550801001001911e-01 -2.305858845970697457e-01 -5.612174042648233607e-01 -7.297407700818511200e-01 -3.905296836091571300e-01 3.193910526149956047e-02 4.523971457929297779e-01 -8.912444761936507698e-01 -3.417467868442157775e-01 -6.409986039951069969e-01 6.150220547833533669e-01
1.584057354831798077e+09 8.221901844994430331e-01 -5.196210627213029287e-01 -2.323730877403218653e-01 -5.688199224161716305e-01 -7.348734457633652184e-01 -3.693303598725760084e-01 2.114702242717991440e-02 4.358382384333578385e-01 -8.997765465236140514e-01 -3.460035010396985689e-01 -6.377858572380081803e-01 6.253267688909367461e-01
1.584057354831806898e+09 8.170660438560890526e-01 -5.268213254932950784e-01 -2.342271786101328135e-01 -5.764546953667594176e-01 -7.393306222799403971e-01 -3.479801938301090303e-01 1.015206126774082819e-02 4.193441571739723317e-01 -9.077705733324121784e-01 -3.500609716265103977e-01 -6.345314830769583914e-01 6.356985802835615207e-01
1.584057354831816912e+09 8.116402566675430252e-01 -5.342766740322049124e-01 -2.361959558471437570e-01 -5.841566195951880536e-01 -7.430717661285669573e-01 -3.265048151482036753e-01 -1.066639345331561392e-03 4.029798830685867861e-01 -9.152082147985368676e-01 -3.539168213491457604e-01 -6.312432723546500535e-01 6.461364240968254791e-01
1.584057354831826925e+09 8.058721520013113482e-01 -5.420040144275625194e-01 -2.383311209011481913e-01 -5.919569096002220698e-01 -7.460580064651486376e-01 -3.049335473756049630e-01 -1.253363410126131366e-02 3.868192078001270739e-01 -9.220703925434802217e-01 -3.575687365390107231e-01 -6.279290982511612773e-01 6.566391978145882380e-01
1.584057354831835032e+09 7.997213122964027532e-01 -5.500143930412365600e-01 -2.406864980077102201e-01 -5.998804072364982698e-01 -7.482545290487314649e-01 -2.832995886356028947e-01 -2.427591089718195844e-02 3.709438332069919242e-01 -9.283379519700815097e-01 -3.610145378245102621e-01 -6.245969345136133111e-01 6.672057312402921436e-01
1.584057354831844091e+09 7.931492864781051200e-01 -5.583113199811355898e-01 -2.433160076053582643e-01 -6.079432376748096223e-01 -7.496329728669703929e-01 -2.616398782780742782e-01 -3.632119630039160746e-02 3.554418041814213503e-01 -9.339924490335853591e-01 -3.642522520210934589e-01 -6.212548627405314328e-01 6.778347600461169797e-01
1.584057354831852913e+09 7.861211561818166604e-01 -5.668895860667662046e-01 -2.462716492599794638e-01 -6.161511376023866005e-01 -7.501735548536723197e-01 -2.399946111452435360e-01 -4.869603278878305991e-02 3.404053980110093303e-01 -9.390169656123312780e-01 -3.672801811493956459e-01 -6.179110688397456697e-01 6.885249040046430569e-01
1.584057354831861973e+09 7.786068100351422050e-01 -5.757346795953344198e-01 -2.496017113222053774e-01 -6.244986344493353991e-01 -7.498667153647485817e-01 -2.184064213988815562e-01 -6.142386434701947034e-02 3.259286549029542512e-01 -9.433968523977700471e-01 -3.700969637920336619e-01 -6.145738296163492098e-01 6.992746509887177719e-01
1.584057354831871033e+09 7.705818661814402004e-01 -5.848227990089021056e-01 -2.533493269944452342e-01 -6.329690831075120983e-01 -7.487141827445122910e-01 -1.969193046314144657e-01 -7.452333537009785125e-02 3.121047364331214768e-01 -9.471203230284512831e-01 -3.727016254758953595e-01 -6.112514913249202930e-01 7.100823471401772613e-01
1.584057354831880093e+09 7.620282065730497045e-01 -5.941214080838915779e-01 -2.575514804078821163e-01 -6.415354909683231854e-01 -7.467293953244827920e-01 -1.755774021212077596e-01 -8.800696782790161377e-02 2.990233482558288247e-01 -9.501788311280157107e-01 -3.750936152410482838e-01 -6.079524426142025595e-01 7.209461932768230774e-01
1.584057354831890106e+09 7.529340510111117712e-01 -6.035902560817862916e-01 -2.622386657377903663e-01 -6.501620619719754579e-01 -7.439372046381510506e-01 -1.544238610992174632e-01 -1.018803620449173775e-01 2.867686149246528315e-01 -9.525671386500705884e-01 -3.772728270703723519e-01 -6.046850846349807185e-01 7.318642470389263854e-01
1.584057354831898928e+09 7.432937394099315975e-01 -6.131826308852985630e-01 -2.674349983667074215e-01 -6.588061029064322671e-01 -7.403730855288300772e-01 -1.334998619738102799e-01 -1.161418783051215431e-01 2.754174206415559434e-01 -9.542831387083713368e-01 -3.792396071627341936e-01 -6.014578009001119163e-01 7.428344296298031724e-01
1.584057354831907988e+09 7.331073441359224896e-01 -6.228466828938004074e-01 -2.731586202172286426e-01 -6.674200340511841079e-01 -7.360820328386854516e-01 -1.128438710274147216e-01 -1.307827216764529954e-01 2.650382061672234557e-01 -9.553274984500079725e-01 -3.809947495587345245e-01 -5.982789288882671697e-01 7.538545357189881946e-01
1.584057354831917048e+09 7.223801681955229759e-01 -6.325267126769493764e-01 -2.794223515839711069e-01 -6.759533550997207652e-01 -7.311172568925914383e-01 -9.249118094472819074e-02 -1.457873605438225473e-01 2.556902708599771978e-01 -9.557031606128584267e-01 -3.825394831518448280e-01 -5.951567346662791635e-01 7.649222451334009021e-01
1.584057354831926107e+09 7.111222351502936023e-01 -6.421643305973162574e-01 -2.862344133750650554e-01 -6.843544039623455921e-01 -7.255388426006524893e-01 -7.247370422653562350e-02 -1.611341572059228899e-01 2.474234438673978409e-01 -9.554147911344703648e-01 -3.838754523872219826e-01 -5.920993913523943109e-01 7.760351353235847016e-01
1.584057354831934929e+09 6.993478145410206848e-01 -6.516994533753209806e-01 -2.935991433635707359e-01 -6.925718479646680859e-01 -7.194124579160117161e-01 -5.281998628658057804e-02 -1.767961251528087363e-01 2.402780432230471330e-01 -9.544682249232009363e-01 -3.850046934287201239e-01 -5.891149619357817224e-01 7.871906938503407947e-01
1.584057354831943035e+09 6.870749924314929480e-01 -6.610711214104562083e-01 -3.015177066594968425e-01 -7.005559004046267857e-01 -7.128081537797247291e-01 -3.355542374445973780e-02 -1.927417581855520590e-01 2.342851009611972013e-01 -9.528699315391024882e-01 -3.859296081213610674e-01 -5.862113863909658162e-01 7.983863301513199895e-01
1.584057354831953049e+09 6.743253138920627388e-01 -6.702181330948867588e-01 -3.099887503313502046e-01 -7.082592557348255102e-01 -7.057993052291943181e-01 -1.470263762747679726e-02 -2.089358702443452342e-01 2.294667622980389177e-01 -9.506265341541247915e-01 -3.866529372601588133e-01 -5.833964728743574746e-01 8.096193861544016546e-01
