1.586177203308609009e+09 6.737012938908184534e-01 -6.212015959304515444e-01 -4.002938220612716202e-01 2.068628901078796781e-02 5.573067557174277153e-01 -8.300489490311784291e-01 7.387141830499509565e-01 5.509244572147564689e-01 3.883086381385085217e-01 1.548145587349239460e-01 -5.489929563775992616e-01 4.810904824808937552e-01
1.586177203308656931e+09 6.962032227857806177e-01 -6.056953811209155880e-01 -3.852715640021029952e-01 2.936821762849674972e-02 5.602895668903874471e-01 -8.277760019088470367e-01 7.172437385953248645e-01 5.649855810862260963e-01 4.078635958994096256e-01 1.530183450784301236e-01 -5.561445090885733800e-01 4.717460685194939662e-01
1.586177203308681965e+09 7.183629111959414226e-01 -5.899171404100119753e-01 -3.687173652349007291e-01 3.660020633549894431e-02 5.613336329684129877e-01 -8.267798846756443387e-01 6.947050833905230594e-01 5.804328731750422188e-01 4.248323517567582086e-01 1.512526084411765503e-01 -5.633837865076098961e-01 4.624636012535119356e-01
1.586177203308703899e+09 7.399461980181233356e-01 -5.739560599846449396e-01 -3.507906290124035986e-01 4.237205317924547937e-02 5.602276781033941333e-01 -8.272542282205420650e-01 6.713301969368826727e-01 5.972599017253803488e-01 4.388580370969835109e-01 1.495084782645225985e-01 -5.707060782926495213e-01 4.532423640844590040e-01
1.586177203308725119e+09 7.607068012762272513e-01 -5.579299454573620753e-01 -3.317217789238247616e-01 4.670198583442625867e-02 5.567728871762362974e-01 -8.293508768575391654e-01 6.474133819912557541e-01 6.154007867946849064e-01 4.495973584125580458e-01 1.477781003468369436e-01 -5.781081175451397991e-01 4.440824094347503026e-01
1.586177203308744907e+09 7.804003632770716292e-01 -5.419878278075489497e-01 -3.118083829304532095e-01 4.963719129745281650e-02 5.507949804318813536e-01 -8.331632727762107171e-01 6.233068445062852625e-01 6.347236283359485309e-01 4.567433562706080807e-01 1.460542308800552302e-01 -5.855882797760478820e-01 4.349849037812220098e-01
1.586177203308763981e+09 7.988000136669476392e-01 -5.263104695764325713e-01 -2.914032051015191249e-01 5.125210114600730477e-02 5.421581834168215375e-01 -8.387119449667925775e-01 5.994095098252600895e-01 6.550280865029052269e-01 4.600504817032399774e-01 1.443297452213913312e-01 -5.931467038089688337e-01 4.259524325010269896e-01
1.586177203308784008e+09 8.157116773897042927e-01 -5.111076164934872379e-01 -2.708938240353702676e-01 5.164441699750399462e-02 5.307796004668000611e-01 -8.459349090119648862e-01 5.761486906557707899e-01 6.760488299235895004e-01 4.593589730561227213e-01 1.425970816055177059e-01 -6.007853164249614686e-01 4.169892502455904704e-01
1.586177203308804035e+09 8.309869859796342739e-01 -4.966111241210109939e-01 -2.506751298088565894e-01 5.092930770189076084e-02 5.166417196743174900e-01 -8.546856378141403088e-01 5.539556254226767340e-01 6.974659312470939954e-01 4.546146061700482299e-01 1.408476463260287248e-01 -6.085077460475448730e-01 4.081014654303656841e-01
1.586177203308825970e+09 8.445318444598389762e-01 -4.830636606036566305e-01 -2.311178566743669893e-01 4.923275356654646662e-02 4.998006110467481111e-01 -8.647401260246486698e-01 5.332373766549157734e-01 7.189220050632426640e-01 4.458800860275412004e-01 1.390712120891360037e-01 -6.163191152813038975e-01 3.992971509159943255e-01
1.586177203308840990e+09 8.563095031285097303e-01 -4.707035149456521017e-01 -2.125376108972449329e-01 4.668524092084272437e-02 4.803877120797976907e-01 -8.758128423050627331e-01 5.143486398559991013e-01 7.400444901913696416e-01 4.333354699970645707e-01 1.372553448520390795e-01 -6.242257079286337440e-01 3.905863770763220444e-01
1.586177203308851004e+09 8.662880416563515373e-01 -4.598263961728790150e-01 -1.952042889953019555e-01 4.338025151101621707e-02 4.585348709150274815e-01 -8.876169930309764089e-01 4.976576964639178868e-01 7.604639754115537498e-01 4.171706600342119931e-01 1.353744070112678777e-01 -6.322563032322099374e-01 3.820037915737733991e-01
1.586177203308861017e+09 8.745211683964257965e-01 -4.506405845507009955e-01 -1.792645803237441215e-01 3.945324200146237137e-02 4.345054743746813997e-01 -8.998046648120798796e-01 4.833799415659806309e-01 7.798256578583356857e-01 3.977634671250999121e-01 1.334102393322405544e-01 -6.404177128120022155e-01 3.735644431985465364e-01
1.586177203308870077e+09 8.811027219874226768e-01 -4.432973383488948982e-01 -1.647588033928235607e-01 3.503361778542835731e-02 4.086071520502963517e-01 -9.120377411608484586e-01 4.716255284824582561e-01 7.978268392731929781e-01 3.755551833764061431e-01 1.313417755342358717e-01 -6.487163377515626772e-01 3.652853464104075520e-01
1.586177203308880091e+09 8.861558320389983923e-01 -4.378781192414682444e-01 -1.516264957358056387e-01 3.024344039329036546e-02 3.811676424096991922e-01 -9.240111271389438441e-01 4.623993683396691590e-01 8.142321422212961401e-01 3.510168700713560686e-01 1.291449770066223912e-01 -6.571575121293780075e-01 3.571853579319927974e-01
1.586177203308888912e+09 8.898229079412152132e-01 -4.343879252449501793e-01 -1.397223070261957856e-01 2.519645161196203478e-02 3.525103049522739229e-01 -9.354686654892258035e-01 4.556098457160184245e-01 8.288809417877489594e-01 3.246167789403028858e-01 1.267929168697731757e-01 -6.657448049601127904e-01 3.492850176260716699e-01
1.586177203308897972e+09 8.922576155593348046e-01 -4.327550134837855333e-01 -1.288388371467011073e-01 1.999652179578208927e-02 3.229326684212062704e-01 -9.462106695477505713e-01 4.510836804591834004e-01 8.416873471332351198e-01 2.967927277429680544e-01 1.242560232046944629e-01 -6.744793077736028764e-01 3.416063593363669604e-01
1.586177203308911085e+09 8.936192231012917153e-01 -4.328362639443922855e-01 -1.187326951382779716e-01 1.473501390165305770e-02 2.926905218884501836e-01 -9.560936869081174683e-01 4.485839538520838277e-01 8.526341697131659680e-01 2.679317251201668304e-01 1.215024845630779254e-01 -6.833589377663544795e-01 3.341726954929463700e-01
1.586177203308923960e+09 8.940690350437611178e-01 -4.344268881347476130e-01 -1.091505364978672538e-01 9.487037604412391911e-03 2.619888121495310140e-01 -9.650242788705073460e-01 4.478287137715349919e-01 8.617628104780526987e-01 2.383575086725769343e-01 1.184988126975799888e-01 -6.923777889475561942e-01 3.270083783104917874e-01
1.586177203308934927e+09 8.937681646607622543e-01 -4.372732498054835992e-01 -9.985275669593995929e-02 4.307019180006144143e-03 2.309794311710818560e-01 -9.729491005932628944e-01 4.485085479789495122e-01 8.691608641253997236e-01 2.083254065266648691e-01 1.152105495343916375e-01 -7.015255641893822780e-01 3.201385387571565877e-01
1.586177203308947086e+09 8.928758487427208568e-01 -4.410876567387710945e-01 -9.063331606512470273e-02 -7.756289362209449478e-04 1.997651138642861368e-01 -9.798435069265472031e-01 4.503022510691296887e-01 8.749489006221924381e-01 1.780233252245019271e-01 1.116030980707092835e-01 -7.107871199171809096e-01 3.135888027754067942e-01
1.586177203308960915e+09 8.915476582828884000e-01 -4.455641651670065317e-01 -8.133478902426277690e-02 -5.759819419547713634e-03 1.684080494759704616e-01 -9.857005395836637707e-01 4.528902711226897027e-01 8.792674814485592627e-01 1.475774330018705671e-01 1.076426529492939405e-01 -7.201421519184041387e-01 3.073849803498888145e-01
1.586177203308979034e+09 8.899331931089542458e-01 -4.503946250238577975e-01 -7.185815005143098011e-02 -1.067423772546943067e-02 1.369414511310092786e-01 -9.905216302507917625e-01 4.559659775024841322e-01 8.822651081458231515e-01 1.170611235660264510e-01 1.032972012910118031e-01 -7.295650483155566857e-01 3.015527221797378310e-01
1.586177203308996916e+09 8.881731045861906981e-01 -4.552842969655326866e-01 -6.216707651661785433e-02 -1.557631774972720491e-02 1.053822127782163831e-01 -9.943097947515647794e-01 4.592449398784057557e-01 8.840875513793975404e-01 8.650599420825208496e-02 9.853755928800288222e-02 -7.390249325066358121e-01 2.961171393147836728e-01
1.586177203309015036e+09 8.863955308480111484e-01 -4.599663667043440429e-01 -5.228675329155819951e-02 -2.054847550224561323e-02 7.374288006106095861e-02 -9.970655686455159872e-01 4.624724026760659856e-01 8.848688769960348921e-01 5.591375169580510562e-02 9.333840482274256833e-02 -7.484859144556220700e-01 2.911023835488159017e-01
1.586177203309034109e+09 8.847122914942452399e-01 -4.642144850618789564e-01 -4.229743862258222159e-02 -2.569177100241278044e-02 4.204143336773682321e-02 -9.987854880637374588e-01 4.654289358994180281e-01 8.847244938804179615e-01 2.526808060520685170e-02 8.767926051703525681e-02 -7.579075623794693239e-01 2.865311913510629194e-01
1.586177203309053898e+09 8.832153971401487391e-01 -4.678522766252708465e-01 -3.232351601257596463e-02 -3.111766722350326961e-02 1.030783016045307143e-02 -9.994625754912102034e-01 4.679340265814947442e-01 8.837465678714572226e-01 -5.454437142965264107e-03 8.154537380647605693e-02 -7.672455969731121206e-01 2.824244035881152137e-01
1.586177203309073925e+09 8.819744369745898815e-01 -4.707589348328518608e-01 -2.251928006595461246e-02 -3.693889948007864077e-02 -2.141312661552379273e-02 -9.990880822516704507e-01 4.698474331324101749e-01 8.820019861724494037e-01 -3.627514725866201606e-02 7.492843919308882217e-02 -7.764527961714510207e-01 2.788004801312161662e-01
1.586177203309092999e+09 8.810353181079518814e-01 -4.728703664806319096e-01 -1.305315774775375401e-02 -4.326063843647426355e-02 -5.306236329148764086e-02 -9.976536990096129820e-01 4.710682387955786865e-01 8.795328319244244408e-01 -6.720649006555663718e-02 6.782711086891211882e-02 -7.854800819974774306e-01 2.756750347834551751e-01
1.586177203309111118e+09 8.804206279482023056e-01 -4.741758862318653511e-01 -4.092306906019032783e-03 -5.017307541457918102e-02 -8.456975113305598146e-02 -9.951535660792802940e-01 4.715317386784699805e-01 8.763590510939620604e-01 -9.824781588639683316e-02 6.024726158446614549e-02 -7.942777433035222989e-01 2.730604215537924540e-01
1.586177203309127092e+09 8.801316071798386265e-01 -4.747110967072041277e-01 4.210567939390795315e-03 -5.774627720417363497e-02 -1.158588093670556707e-01 -9.915856514415077871e-01 4.712045433858184085e-01 8.724827283552530899e-01 -1.293837986620964553e-01 5.220195966242894420e-02 -8.027967325788381014e-01 2.709654034920485066e-01
1.586177203309138060e+09 8.801514207958976987e-01 -4.745481616864493102e-01 1.172684472774889602e-02 -6.602768795380407896e-02 -1.468516913571998039e-01 -9.869523420877915898e-01 4.700785265152521153e-01 8.678932096215380421e-01 -1.605850427156036708e-01 4.371115891948483545e-02 -8.109899660431080237e-01 2.693949290065503210e-01
1.586177203309148073e+09 8.804492466980843313e-01 -4.737849018386299238e-01 1.835731338813264765e-02 -7.504229661298161824e-02 -1.774734410042696775e-01 -9.812603282721286124e-01 4.681642638061435102e-01 8.625723418056882030e-01 -1.918102645548477037e-01 3.480112030938081746e-02 -8.188135560744580488e-01 2.683500304701844641e-01
1.586177203309160948e+09 8.809845398950185702e-01 -4.725342661483068474e-01 2.403347577729684353e-02 -8.479487290507514707e-02 -2.076549409941920166e-01 -9.745200128233811876e-01 4.654847690240411784e-01 8.564991495123969178e-01 -2.230092756659993458e-01 2.550360358631357377e-02 -8.262279119037090336e-01 2.678278500581457999e-01
1.586177203309175968e+09 8.817109541896077651e-01 -4.709152876749601035e-01 2.871559284352890457e-02 -9.527356432085741511e-02 -2.373343904195948373e-01 -9.667447105877181590e-01 4.620700611413592340e-01 8.496535642696813051e-01 -2.541261097615610809e-01 1.585488067972171816e-02 -8.331986558740425153e-01 2.678217894457786685e-01
1.586177203309192896e+09 8.825795548020366477e-01 -4.690461636090973996e-01 3.238867124969882494e-02 -1.064540309726407508e-01 -2.664575130851563056e-01 -9.579498595405304684e-01 4.579529112647566791e-01 8.420190558657842939e-01 -2.851018080702487079e-01 5.894630147497886830e-03 -8.396973163042887878e-01 2.683217733506409464e-01
1.586177203309211969e+09 8.835411842183716891e-01 -4.670395626377998877e-01 3.505742285714402717e-02 -1.183035649534848882e-01 -2.949768322631203810e-01 -9.481523798055266905e-01 4.531658002446397049e-01 8.335842582938407519e-01 -3.158766248952911693e-01 -4.335224071697016748e-03 -8.457017746803642266e-01 2.693146098024536417e-01
1.586177203309230089e+09 8.845479883697796586e-01 -4.649999407853557809e-01 3.674114201935201052e-02 -1.307847323677267803e-01 -3.228504172174634923e-01 -9.373702375612230631e-01 4.477389979150531718e-01 8.243437774906365867e-01 -3.463915798635835985e-01 -1.479166788932645415e-02 -8.511964619653035191e-01 2.707844248535716258e-01
1.586177203309247971e+09 8.855542322454532655e-01 -4.630224201769780334e-01 3.746919190367049846e-02 -1.438582391939680627e-01 -3.500404766263507939e-01 -9.256222080972237309e-01 4.416995686812700272e-01 8.142984117946837630e-01 -3.765894155673166765e-01 -2.543169068548480766e-02 -8.561723146054881495e-01 2.727131465428517809e-01
1.586177203309266090e+09 8.865166042103052035e-01 -4.611926916733398718e-01 3.727749700318970516e-02 -1.574848809814720640e-01 -3.765120915673509927e-01 -9.129277942692960446e-01 4.350710550339984550e-01 8.034550058122142957e-01 -4.064150969745040642e-01 -3.621327106034734344e-02 -8.606265151602953134e-01 2.750810114021399744e-01
1.586177203309283972e+09 8.873942266408407775e-01 -4.595874242858078995e-01 3.620616161836401337e-02 -1.716265764625113932e-01 -4.022322774155335789e-01 -8.993072409585297633e-01 4.278735852851714982e-01 7.918261139649543923e-01 -4.358160169157045405e-01 -4.709622102963698792e-02 -8.645620508143883054e-01 2.778670697351853791e-01
1.586177203309299946e+09 8.881485555199686299e-01 -4.582747954760736930e-01 3.429803690374037123e-02 -1.862466670335515551e-01 -4.271694228554956951e-01 -8.847815908910900973e-01 4.201241751639204769e-01 7.794295967702493666e-01 -4.647420590642722393e-01 -5.804286713963906219e-02 -8.679871302246110476e-01 2.810496680337543629e-01
1.586177203309310913e+09 8.887432908097837592e-01 -4.573149144638214980e-01 3.159797819225410032e-02 -2.013096914761611234e-01 -4.512930848077777446e-01 -8.693727394541567177e-01 4.118370689616832614e-01 7.662882100918487760e-01 -4.931456255967175961e-01 -6.901855950006796636e-02 -8.709144995656121768e-01 2.846068927813643068e-01
1.586177203309324026e+09 8.891443592090827464e-01 -4.567600511902540350e-01 2.815251853103968929e-02 -2.167808468323918214e-01 -4.745740733923844989e-01 -8.531034601347968760e-01 4.030240354471945619e-01 7.524292025246843707e-01 -5.209816910236132470e-01 -7.999200988323340589e-02 -8.733606956559725187e-01 2.885169660966278582e-01
1.586177203309336901e+09 8.893199897870002202e-01 -4.566546699070951898e-01 2.400975621671612090e-02 -2.326252882801883859e-01 -4.969847616326253381e-01 -8.359973817788510786e-01 3.936945913205697201e-01 7.378839064973707895e-01 -5.482079073116389312e-01 -9.093546773456603893e-02 -8.753452728659137927e-01 2.927585867196530467e-01
1.586177203309353113e+09 8.892408503803473918e-01 -4.570353725189842953e-01 1.921922104467917863e-02 -2.488074747230955008e-01 -5.184994950755457133e-01 -8.180789170440053715e-01 3.838561589405581898e-01 7.226873059511451647e-01 -5.747847487558924717e-01 -1.018247499273961798e-01 -8.768900403146105971e-01 2.973112111068638708e-01
1.586177203309364080e+09 8.888802145786786069e-01 -4.579308346993902767e-01 1.383166433862485778e-02 -2.652906191290618221e-01 -5.390950438027728442e-01 -7.993731428644433867e-01 3.735141921738434068e-01 7.068775598985305164e-01 -6.006756728039833737e-01 -1.126391459396337974e-01 -8.780183401192599435e-01 3.021552734928130146e-01
1.586177203309377909e+09 8.882141632640949691e-01 -4.593617402224998703e-01 7.898858975480446340e-03 -2.820361726877463338e-01 -5.587511216866402064e-01 -7.799056235809186388e-01 3.626723007044055369e-01 6.904954568584102947e-01 -6.258472870449837133e-01 -1.233612235060345813e-01 -8.787543904146916107e-01 3.072723473227819690e-01
1.586177203309389114e+09 8.872217625063719693e-01 -4.613408433469508574e-01 1.473285887091385984e-03 -2.990034900007449981e-01 -5.774508494166148420e-01 -7.597021981401508306e-01 3.513324029050833297e-01 6.735838055323378759e-01 -6.502694825496670994e-01 -1.339765613668281174e-01 -8.791227112087012241e-01 3.126452519239867334e-01
1.586177203309400082e+09 8.858851733517767446e-01 -4.638732400465141459e-01 -5.392307533461894280e-03 -3.161497258712642200e-01 -5.951810853400978374e-01 -7.387887565931685607e-01 3.394949347175318377e-01 6.561867821958565772e-01 -6.739154965679927667e-01 -1.444734349607555701e-01 -8.791476428310684987e-01 3.182581108326131836e-01
1.586177203309416056e+09 8.841897014039759028e-01 -4.669568148451800349e-01 -1.264536188038788318e-02 -3.334298742312263863e-01 -6.119326495990020653e-01 -7.171910147990323559e-01 3.271591220439135639e-01 6.383492505906560588e-01 -6.967618986968945327e-01 -1.548424779411178287e-01 -8.788529587821560796e-01 3.240963700718589302e-01
1.586177203309425116e+09 8.821238010767142868e-01 -4.705828185659651774e-01 -2.023389781467983817e-02 -3.507968860728783445e-01 -6.277004627560043293e-01 -6.949342948517091001e-01 3.143233121076833836e-01 6.201160699662628950e-01 -7.187885054570301024e-01 -1.650763382780640054e-01 -8.782615689598168851e-01 3.301467851522408847e-01
1.586177203309433937e+09 8.796790508160960975e-01 -4.747365325323704144e-01 -2.810680363768731232e-02 -3.682018260337153182e-01 -6.424836141714264093e-01 -6.720433179566861481e-01 3.009853536357390835e-01 6.015314044195604337e-01 -7.399782339607688941e-01 -1.751693436581763241e-01 -8.773953061371312367e-01 3.363973845701459520e-01
1.586177203309446096e+09 8.768501119265353916e-01 -4.793979842188491047e-01 -3.621400444055270645e-02 -3.855940490940525933e-01 -6.562853660531492439e-01 -6.485420171363682762e-01 2.871430144788632566e-01 5.826380448721865113e-01 -7.603169064576990044e-01 -1.851171863957953578e-01 -8.762747854545943627e-01 3.428374171968255890e-01
1.586177203309456110e+09 8.736346755075704573e-01 -4.845426950009348865e-01 -4.450652366009878041e-02 -4.029214005601394755e-01 -6.691130857753536665e-01 -6.244533800039937521e-01 2.727944262108826234e-01 5.634767568097888146e-01 -7.797930147835997472e-01 -1.949166349040564183e-01 -8.749193267267814100e-01 3.494572889884261513e-01
1.586177203309467077e+09 8.700334024555187451e-01 -4.901424397850293602e-01 -5.293644783649725100e-02 -4.201304390874102124e-01 -6.809781041136330204e-01 -5.997993299876169804e-01 2.579385450417286396e-01 5.440856648884305757e-01 -7.983974552731043506e-01 -2.045652770305296519e-01 -8.733469307825899586e-01 3.562484919803119987e-01
1.586177203309478045e+09 8.660497866405882927e-01 -4.961661127717154063e-01 -6.145694243200423151e-02 -4.371668280097679715e-01 -6.918953697263248159e-01 -5.746006980701664490e-01 2.425756207993275959e-01 5.244997485071848375e-01 -8.161232029244229746e-01 -2.140612984211845427e-01 -8.715743007507573692e-01 3.632035277448836252e-01
1.586177203309487104e+09 8.616898714515746072e-01 -5.025807627290826973e-01 -7.002244317871475499e-02 -4.539760013771896863e-01 -7.018827938123506360e-01 -5.488773399470227021e-01 2.267076440574875007e-01 5.047505532227187786e-01 -8.329648993139873170e-01 -2.234032960727773687e-01 -8.696168978575857800e-01 3.703158280591519746e-01
1.586177203309497118e+09 8.569619008706664820e-01 -5.093526182985640416e-01 -7.858887239823124371e-02 -4.705039010934872756e-01 -7.109604615963999175e-01 -5.226483535667324487e-01 2.103387262940385194e-01 4.848660975679006668e-01 -8.489184224601176165e-01 -2.325901246364761310e-01 -8.674890211943195872e-01 3.775796757872442733e-01
1.586177203309509039e+09 8.518757878953028273e-01 -5.164482280208927412e-01 -8.711412025688566874e-02 -4.866979819576600086e-01 -7.191495410875433647e-01 -4.959324674746448114e-01 1.934753643942971335e-01 4.648711279667836482e-01 -8.639803921949169574e-01 -2.416207726671078804e-01 -8.652039033912037880e-01 3.849901275105434562e-01
1.586177203309519053e+09 8.464423338095014016e-01 -5.238357254108104710e-01 -9.555892681873583150e-02 -5.025085371379081067e-01 -7.264708460217581543e-01 -4.687486323900297291e-01 1.761265054284488485e-01 4.447878628637062515e-01 -8.781476023292427158e-01 -2.504942666193348821e-01 -8.627738165897866907e-01 3.925429379271235253e-01
1.586177203309528112e+09 8.406722369329931999e-01 -5.314860756959629562e-01 -1.038881204357670618e-01 -5.178901884294191404e-01 -7.329432119565971737e-01 -4.411167659008894959e-01 1.583033261141840453e-01 4.246372565763568696e-01 -8.914164333297821541e-01 -2.592095995018190990e-01 -8.602101833338756665e-01 4.002344864869971097e-01
1.586177203309540987e+09 8.345750333265602450e-01 -5.393740647503374452e-01 -1.120719956053424365e-01 -5.328032279121446280e-01 -7.385820067125860033e-01 -4.130585189417856906e-01 1.400186928912372786e-01 4.044406482009301196e-01 -9.037823455156331898e-01 -2.677656792197302682e-01 -8.575236866744727626e-01 4.080617080587137235e-01
1.586177203309551001e+09 8.281581061276070965e-01 -5.474788693023084907e-01 -1.200876309154897126e-01 -5.472145616771614263e-01 -7.433980423365633694e-01 -3.845979387909012059e-01 1.212863348963977850e-01 3.842216008985552822e-01 -9.152395242297224343e-01 -2.761612919100266406e-01 -8.547243756338268605e-01 4.160220288579008496e-01
1.586177203309560061e+09 8.214257870245069704e-01 -5.557842310821211607e-01 -1.279201511409313596e-01 -5.610982331618725727e-01 -7.473969320162534569e-01 -3.557619978846663922e-01 1.021197799016424768e-01 3.640078498738821278e-01 -9.257806630757265953e-01 -2.843950763911393120e-01 -8.518217639316865153e-01 4.241133081386835313e-01
1.586177203309568882e+09 8.143785106284272546e-01 -5.642783279438556843e-01 -1.355640447014070105e-01 -5.744356018205531988e-01 -7.505788269664163126e-01 -3.265810224957198526e-01 8.253109162848507041e-02 3.438333802823881347e-01 -9.353968280147714198e-01 -2.924655087678452170e-01 -8.488249223124301190e-01 4.323337840091697193e-01
1.586177203309578896e+09 8.070120921979447859e-01 -5.729533119101924976e-01 -1.430244230672914896e-01 -5.872150742363539955e-01 -7.529386319885719159e-01 -2.970889991775926831e-01 6.252951253525859676e-02 3.237405119863547842e-01 -9.440774021778163272e-01 -3.003708959050940264e-01 -8.457425643246999636e-01 4.406820224713554057e-01
1.586177203309592009e+09 7.993172264244311487e-01 -5.818044841815325219e-01 -1.503180425089069294e-01 -5.994312825569058090e-01 -7.544668026205436639e-01 -2.673237393485451974e-01 4.212017734535553060e-02 3.037818068904625246e-01 -9.518101201419640889e-01 -3.081093762541999292e-01 -8.425831252444306863e-01 4.491568692877323521e-01
1.586177203309602022e+09 7.912793478949199377e-01 -5.908290758465986059e-01 -1.574737975205348084e-01 -6.110836030976207756e-01 -7.551508381125402458e-01 -2.373268676461428028e-01 2.130314368112436185e-02 2.840215046381360797e-01 -9.585812231179416942e-01 -3.156789276132238031e-01 -8.393548343755673491e-01 4.577574037052118960e-01
1.586177203309618950e+09 7.828787175780924645e-01 -6.000248455725342156e-01 -1.645329706631214195e-01 -6.221743393772306563e-01 -7.549771764657556838e-01 -2.071438022724163830e-01 7.279032019676112686e-05 2.645366665946139451e-01 -9.643756255062017058e-01 -3.230773819426164817e-01 -8.360657809437120891e-01 4.664828929772279476e-01
1.586177203309636116e+09 7.740908006874854808e-01 -6.093885000460179668e-01 -1.715490847511748629e-01 -6.327065980147280611e-01 -7.539335023429557525e-01 -1.768237406489460706e-01 -2.158224822382111968e-02 2.454178687765486144e-01 -9.691771131164214070e-01 -3.303024479459475971e-01 -8.327239736712372942e-01 4.753327465002838426e-01
1.586177203309653997e+09 7.648870033530656976e-01 -6.189139634643958665e-01 -1.785871722903233372e-01 -6.426819325818854400e-01 -7.520114510985708156e-01 -1.464196412132153235e-01 -4.367843812687280391e-02 2.267692296153929199e-01 -9.729686073478098773e-01 -3.373517423687582562e-01 -8.293373937688083286e-01 4.843064685086821419e-01
1.586177203309672117e+09 7.552358310607232283e-01 -6.285905570277108279e-01 -1.857222422702917153e-01 -6.520978864993947077e-01 -7.492096470288386323e-01 -1.159881528670827500e-01 -6.623583797218933478e-02 2.087074906803146612e-01 -9.757325440119063442e-01 -3.442228304382226600e-01 -8.259140405465184021e-01 4.934036089075504172e-01
1.586177203309690952e+09 7.451044246454949782e-01 -6.384012362548202590e-01 -1.930369345444467866e-01 -6.609457172213204501e-01 -7.455368552197095822e-01 -8.558946652171890712e-02 -8.927572789564408584e-02 1.913600253594028577e-01 -9.774513724196463027e-01 -3.509132749350075686e-01 -8.224619684786734775e-01 5.026237126409180966e-01
1.586177203309709072e+09 7.344604272268957512e-01 -6.483210448291228944e-01 -2.006183038649619332e-01 -6.692085648090033700e-01 -7.410150104340244015e-01 -5.528699197197214921e-02 -1.128174541401191500e-01 1.748615949481395204e-01 -9.781081969779382712e-01 -3.574206927232850273e-01 -8.189893145398292607e-01 5.119662685187621465e-01
1.586177203309726954e+09 7.232739538072747720e-01 -6.583160025708236773e-01 -2.085541384855680025e-01 -6.768604402352860205e-01 -7.356817109342268513e-01 -2.514686908853137545e-02 -1.368748790940832460e-01 1.593501214221789142e-01 -9.776874790123964987e-01 -3.637428163122789493e-01 -8.155043147816275484e-01 5.214306592541551044e-01
1.586177203309745073e+09 7.115195032958946397e-01 -6.683425650892824699e-01 -2.169290489900691787e-01 -6.838662020859817003e-01 -7.295918956840643510e-01 4.762749227167455135e-03 -1.614528241200796077e-01 1.449616558947973977e-01 -9.761757547930534074e-01 -3.698775573088894375e-01 -8.120153096620497113e-01 5.310161148073357928e-01
1.586177203309766054e+09 6.991775902939644238e-01 -6.783477419972702149e-01 -2.258208102328582434e-01 -6.901826033009752503e-01 -7.228184412034543982e-01 3.437259868658845696e-02 -1.865440207494510616e-01 1.318250439702154109e-01 -9.735622663429276402e-01 -3.758230680889826369e-01 -8.085307383684751104e-01 5.407216712801137248e-01
1.586177203309777021e+09 6.862359503075604605e-01 -6.882698520924516172e-01 -2.352973254892808952e-01 -6.957602792950424719e-01 -7.154515912488930152e-01 6.361332186172635739e-02 -2.121269775636314969e-01 1.200567845273645823e-01 -9.698394270293236863e-01 -3.815777973054159111e-01 -8.050591232560724286e-01 5.505461377867438832e-01
1.586177203309787035e+09 6.726902674546473282e-01 -6.980398168482151444e-01 -2.454143808797674131e-01 -7.005463936557302373e-01 -7.075972970185528954e-01 9.241653516314438099e-02 -2.381649738326298282e-01 1.097564557294235243e-01 -9.650030911903423325e-01 -3.871405361328548178e-01 -8.016090463787298726e-01 5.604880726216586728e-01
1.586177203309798956e+09 6.585444190943090526e-01 -7.075828384096218837e-01 -2.562143146746805877e-01 -7.044876031016601425e-01 -6.993746536754751331e-01 1.207158285228551453e-01 -2.646062461697704649e-01 1.010030732656365532e-01 -9.590526127490283104e-01 -3.925104525379038423e-01 -7.981891206842722797e-01 5.705457695762927717e-01
1.586177203309811115e+09 6.438102537878190867e-01 -7.168202115468241820e-01 -2.677258702701789117e-01 -7.075329922142057359e-01 -6.909127433470395596e-01 1.484474533047060729e-01 -2.913853503617500618e-01 9.385289351041017913e-02 -9.519906576832475320e-01 -3.976871122002734182e-01 -7.948079587518958045e-01 5.807172542620027134e-01
1.586177203309822083e+09 6.285070822046376904e-01 -7.256711001197458932e-01 -2.799648232294636996e-01 -7.096366451653584040e-01 -6.823472554020096892e-01 1.755507199283788955e-01 -3.184253127805140027e-01 8.833842717187531668e-02 -9.438228874144394265e-01 -4.026704867952221045e-01 -7.914741416951903696e-01 5.910002890019966371e-01
1.586177203309834957e+09 6.126610119241286956e-01 -7.340541705659687777e-01 -2.929350769694621937e-01 -7.107596760810179770e-01 -6.738171542517219503e-01 2.019681308446706069e-01 -3.456402286921217981e-01 8.446844101264286420e-02 -9.345576039626717346e-01 -4.074609517531598835e-01 -7.881961901968492779e-01 6.013923841443081786e-01
1.586177203309844017e+09 5.963042164868453954e-01 -7.418889769801839673e-01 -3.066301149782907909e-01 -7.108716413995969097e-01 -6.654616162554140013e-01 2.276452220630767465e-01 -3.729380527934874068e-01 8.222884737112007292e-02 -9.242054023757477754e-01 -4.120592761252858116e-01 -7.849825388913805879e-01 6.118908135621591304e-01
1.586177203309855938e+09 5.794742257008121955e-01 -7.490970991746300767e-01 -3.210345120588953272e-01 -7.099513516802159474e-01 -6.574173452005580565e-01 2.525302216774400477e-01 -4.002233131211894723e-01 8.158413111315411526e-02 -9.127789050622876488e-01 -4.164666065557445229e-01 -7.818415148700282868e-01 6.224926326777882046e-01
1.586177203309873104e+09 5.622132772974436365e-01 -7.556030432692087961e-01 -3.361253813818176339e-01 -7.079871550056641150e-01 -6.498163109378577440e-01 2.765735901521899631e-01 -4.273996017187053909e-01 8.247910796994722959e-02 -9.002926066235757974e-01 -4.206844469123785513e-01 -7.787813207830773798e-01 6.331946977524853803e-01
1.586177203309890032e+09 5.445677580971964860e-01 -7.613348924142793184e-01 -3.518737537950585859e-01 -7.049767738094399050e-01 -6.427839457676562951e-01 2.997274559264949678e-01 -4.543717702541154591e-01 8.484091503812168922e-02 -8.867628284234372327e-01 -4.247146356553282431e-01 -7.758100224076847073e-01 6.439936850498166887e-01
1.586177203309907913e+09 5.265877535809098120e-01 -7.662247437246100246e-01 -3.682458147203591103e-01 -7.009267962148382214e-01 -6.364377723565571854e-01 3.219450087350295697e-01 -4.810477777744769368e-01 8.858106021836437138e-02 -8.722077915329160547e-01 -4.285593223023050902e-01 -7.729355404183558820e-01 6.548861090163778931e-01
