1.589264475382246971e+09 9.192679981922490251e-01 -2.489325250904477482e-01 -3.049244916994436894e-01 -2.440615426345198458e-01 2.473241872149258280e-01 -9.376911593338013162e-01 3.088370301111759142e-01 9.364098166627127240e-01 1.666023543388545636e-01 1.130123573701618950e-01 -7.946494482496233580e-01 3.058517911350139840e-01
1.589264475382534981e+09 9.200085216359007445e-01 -2.571195769133775566e-01 -2.957597732479283481e-01 -2.442592341800346734e-01 2.139568539409478776e-01 -9.458117633212829167e-01 3.064665510233610113e-01 9.423969376999337122e-01 1.340382978818899506e-01 1.075286789682031729e-01 -8.059730179682036422e-01 3.008370999821070590e-01
1.589264475382617950e+09 9.207623122372738944e-01 -2.649984691015117577e-01 -2.863085327473257613e-01 -2.443612510523034131e-01 1.803302364125463908e-01 -9.527689044500913251e-01 3.041123864764511686e-01 9.472364106024673269e-01 1.012859279569095217e-01 1.015184776333794558e-01 -8.172054593943124390e-01 2.962380971539378960e-01
1.589264475382647991e+09 9.215628919865481716e-01 -2.723077593968386001e-01 -2.767134266225916850e-01 -2.445397116994412201e-01 1.464373593905384241e-01 -9.585178295913064916e-01 3.015330260130998363e-01 9.510018844906783508e-01 6.836117539069543059e-02 9.495630699678812847e-02 -8.282957872045518810e-01 2.920687286912179159e-01
1.589264475382692099e+09 9.224250076182161084e-01 -2.788510907977439501e-01 -2.671594555162804530e-01 -2.449675688175408650e-01 1.122897972852632265e-01 -9.630066937056310783e-01 2.985347480808900889e-01 9.537468589421816967e-01 3.526944329729495703e-02 8.782353706912443547e-02 -8.391891088505778473e-01 2.883404281764542776e-01
1.589264475382714987e+09 9.233463097670159270e-01 -2.845023223585266270e-01 -2.578565900031601910e-01 -2.458093048293431560e-01 7.792220747221635657e-02 -9.661810988175638659e-01 2.949735211295261839e-01 9.555033011511800956e-01 2.015864595261923544e-03 8.010922082842512892e-02 -8.498277901142382573e-01 2.850618806153757401e-01
1.589264475382736921e+09 9.243097949167806693e-01 -2.892055411949408517e-01 -2.490212002370938427e-01 -2.472120291602778741e-01 4.339252792812536147e-02 -9.679893086349442566e-01 2.907535312530417082e-01 9.562830354137149547e-01 -3.138695013379547150e-02 7.181070900925108635e-02 -8.601528179569197796e-01 2.822388344214394884e-01
1.589264475382942915e+09 9.252868705272899730e-01 -2.929699516912917523e-01 -2.408584954939937683e-01 -2.492982048465007539e-01 8.778630942688067304e-03 -9.683869790407051426e-01 2.858226943011543675e-01 9.560813476932382704e-01 -6.491413111872566810e-02 6.293396084772594212e-02 -8.701052994742836111e-01 2.798739788830434949e-01
1.589264475382981062e+09 9.262407671781801577e-01 -2.958603857388024672e-01 -2.335480113294318982e-01 -2.521609414165685292e-01 -2.582729495857579230e-02 -9.673405868352299430e-01 2.801658457773449906e-01 9.548819735196824032e-01 -9.852672693274829030e-02 5.349351763657251430e-02 -8.796280185904741256e-01 2.779669025013101202e-01
1.589264475383053064e+09 9.271299460746426080e-01 -2.979848557911435325e-01 -2.272335561712144625e-01 -2.558622637396050226e-01 -6.032520692454012429e-02 -9.648291931139804101e-01 2.737965766675726220e-01 9.526625297033155526e-01 -1.321723856446925249e-01 4.351213322419014706e-02 -8.886669641183115864e-01 2.765141408514272814e-01
1.589264475383075953e+09 9.279111402195573399e-01 -2.994808552099123555e-01 -2.220183178448016104e-01 -2.604343655880010378e-01 -9.461324431265244472e-02 -9.608445637577537335e-01 2.667486783213398605e-01 9.493995743265036813e-01 -1.657877899758715134e-01 3.302008426861428869e-02 -8.971727456284916968e-01 2.755093140081489866e-01
1.589264475383095026e+09 9.285707044877897776e-01 -3.005475722973879882e-01 -2.177787955533111441e-01 -2.657102491772034281e-01 -1.286235541385661041e-01 -9.554339565267554457e-01 2.591418734169326221e-01 9.450540399739549846e-01 -1.992946346329481644e-01 2.205017972731566911e-02 -9.050966928016352941e-01 2.749495435916581298e-01
1.589264475383114100e+09 9.290749817603555227e-01 -3.013199833672333683e-01 -2.145365845957748208e-01 -2.716770817766517854e-01 -1.622765781459584167e-01 -9.486083891174373894e-01 2.510204011889113906e-01 9.396129948917868457e-01 -2.326288426658582875e-01 1.064683027190044609e-02 -9.124035072772223032e-01 2.748263738667761080e-01
1.589264475383132935e+09 9.293936524100314678e-01 -3.019301747418692283e-01 -2.122866191726194562e-01 -2.783085087780005074e-01 -1.954986035582492176e-01 -9.403853839942210024e-01 2.424289857060439313e-01 9.330693789556268047e-01 -2.657248979066719752e-01 -1.141683671579026005e-03 -9.190653667184149889e-01 2.751291198843602293e-01
1.589264475383152962e+09 9.294998110384579126e-01 -3.025023926868901647e-01 -2.110033268402004836e-01 -2.855695367460928114e-01 -2.282217588849515810e-01 -9.307872307544294843e-01 2.334098139988804999e-01 9.254226772371552112e-01 -2.985175499142985744e-01 -1.326460450416270045e-02 -9.250622939945084555e-01 2.758451793023144472e-01
1.589264475383167028e+09 9.293696197723888552e-01 -3.031503644418527821e-01 -2.106465442924525533e-01 -2.934207433521006103e-01 -2.603833370002303083e-01 -9.198395434339317056e-01 2.240008426859037283e-01 9.166789921795847063e-01 -3.309429681912546273e-01 -2.567007442262376343e-02 -9.303822310971828768e-01 2.769603800378850345e-01
1.589264475383177042e+09 9.289817447990736943e-01 -3.039763386159927694e-01 -2.111665305656630076e-01 -3.018215224370695560e-01 -2.919248034701066308e-01 -9.075702056558092590e-01 2.142351202147078082e-01 9.068507567566735927e-01 -3.629394145846521758e-01 -3.830643144591523719e-02 -9.350208374927203581e-01 2.784593460946016008e-01
1.589264475383194923e+09 9.283167646004056861e-01 -3.050712098137933759e-01 -2.125077451389446592e-01 -3.107322455926727622e-01 -3.227907917502388369e-01 -8.940087118096823326e-01 2.041407759877613970e-01 8.959562835604456543e-01 -3.944475655271316716e-01 -5.112337057966169496e-02 -9.389810484948012403e-01 2.803258635496895246e-01
1.589264475383210897e+09 9.273566940602998576e-01 -3.065151381215819315e-01 -2.146113518044049651e-01 -3.201153704712616510e-01 -3.529283022005977322e-01 -8.791858526928588713e-01 1.937413530467970157e-01 8.840192780441027409e-01 -4.254106305542817434e-01 -6.407293140180471414e-02 -9.422724373370118256e-01 2.825432316629816754e-01
1.589264475383224964e+09 9.260846812088294744e-01 -3.083782438665875203e-01 -2.174167017033313276e-01 -3.299357194850809916e-01 -3.822861958266743354e-01 -8.631336431686871258e-01 1.830562332996343855e-01 8.710683805154997295e-01 -4.557743875415404267e-01 -7.711028790446125547e-02 -9.449104316245077184e-01 2.850945859908695090e-01
1.589264475383235931e+09 9.244848843290516260e-01 -3.107211419169679800e-01 -2.208621082312914041e-01 -3.401601713465060017e-01 -4.108149999923446094e-01 -8.458853906364764974e-01 1.721010075196041100e-01 8.571367499351042474e-01 -4.854872146040877801e-01 -9.019433138520860371e-02 -9.469154334919397398e-01 2.879631851347434490e-01
1.589264475383245945e+09 9.225425002927170048e-01 -3.135952387154638532e-01 -2.248852188297592314e-01 -3.507570007791998568e-01 -4.384669908127801774e-01 -8.274758152679657641e-01 1.608877306442316746e-01 8.422616722630740238e-01 -5.145001593657391181e-01 -1.032880492503559511e-01 -9.483118877025130677e-01 2.911326575587873666e-01
1.589264475383259058e+09 9.202439106922631895e-01 -3.170428066803752665e-01 -2.294231980543714189e-01 -3.616950315664532178e-01 -4.651965057819623106e-01 -8.079411585194888890e-01 1.494250624530125970e-01 8.264841620261378363e-01 -5.427670596613961562e-01 -1.163587115981608439e-01 -9.491273395995353246e-01 2.945872069263651971e-01
1.589264475383270025e+09 9.175768659771603719e-01 -3.210969700867203902e-01 -2.344129498643694465e-01 -3.729428272189743154e-01 -4.909603763629686313e-01 -7.873192217575215590e-01 1.377183465122878425e-01 8.098485321225841194e-01 -5.702446952628570376e-01 -1.293778854838981140e-01 -9.493915239958355956e-01 2.983117747236140316e-01
1.589264475383291960e+09 9.145306771746694041e-01 -3.257816980100045612e-01 -2.397914218390934660e-01 -3.844679804103058318e-01 -5.157184223690766123e-01 -7.656493200870685412e-01 1.257696818154184215e-01 7.924019146924778934e-01 -5.968929494895671706e-01 -1.423213034833508417e-01 -9.491355185418121065e-01 3.022921615184772093e-01
1.589264475383305073e+09 9.110964471769711359e-01 -3.311118037662231228e-01 -2.454959013662632306e-01 -3.962364191103522892e-01 -5.394340252912425138e-01 -7.429721616656381755e-01 1.135780103375079036e-01 7.741937135506129497e-01 -6.226749793344004136e-01 -1.551686169291836837e-01 -9.483909863519200956e-01 3.065151102962735963e-01
1.589264475383327007e+09 9.072672668397535611e-01 -3.370931006927597728e-01 -2.514644074733433654e-01 -4.082118953032484732e-01 -5.620746583984955747e-01 -7.193296375102049556e-01 1.011392870064467681e-01 7.552749964001492788e-01 -6.475573525636116878e-01 -1.679030657317239217e-01 -9.471895259705759296e-01 3.109683556279720373e-01
1.589264475383347034e+09 9.030383366540006840e-01 -3.437228003414177779e-01 -2.576361762215954032e-01 -4.203557196894510684e-01 -5.836122906368719221e-01 -6.947645382598091057e-01 8.844677372194516274e-02 7.356978531149584999e-01 -6.715101172453260547e-01 -1.805110955442260634e-01 -9.455621369942164289e-01 3.156406437936590259e-01
1.589264475383366108e+09 8.984070474453064170e-01 -3.509901044578991325e-01 -2.639521242814601432e-01 -4.326266508465318461e-01 -6.040236790598256800e-01 -6.693202347111316675e-01 7.549144590298625945e-02 7.155147392205631895e-01 -6.945068034052780392e-01 -1.929819493400410646e-01 -9.435388005458461569e-01 3.205217300002929370e-01
1.589264475383384943e+09 8.933730476530158393e-01 -3.588769330228666066e-01 -2.703552198695609032e-01 -4.449808763255880817e-01 -6.232905651552729243e-01 -6.430403498804339035e-01 6.226249080106938116e-02 6.947778196416807273e-01 -7.165243638536030746e-01 -2.053072554530796789e-01 -9.411481673936971104e-01 3.256023588676992264e-01
1.589264475383409023e+09 8.879383172183782369e-01 -3.673587339919566763e-01 -2.767907253046547056e-01 -4.573720475152563414e-01 -6.413997880192493506e-01 -6.159684428296491321e-01 4.874787481314397236e-02 6.735383232018532507e-01 -7.375430647102916293e-01 -2.174806291918267021e-01 -9.384173434353805243e-01 3.308742332651284923e-01
1.589264475383430004e+09 8.821072581656109746e-01 -3.764053333857321770e-01 -2.832063034781870936e-01 -4.697513533684418707e-01 -6.583433202395524431e-01 -5.881477188478231310e-01 3.493496006188795411e-02 6.518459158627748495e-01 -7.575463358508879308e-01 -2.294972997798758463e-01 -9.353717590969050644e-01 3.363299762349422073e-01
1.589264475383449078e+09 8.758867990992336150e-01 -3.859818036135440611e-01 -2.895520034162937795e-01 -4.820676418232679450e-01 -6.741182200975569527e-01 -5.596207774206332086e-01 2.081115585447036037e-02 6.297481027707464429e-01 -7.765205877961369740e-01 -2.413537705387502619e-01 -9.320351097893877501e-01 3.419630890404997126e-01
1.589264475383486032e+09 8.692865114766364920e-01 -3.960493274311071010e-01 -2.957801403840400467e-01 -4.942675928106107786e-01 -6.887264989722717834e-01 -5.304294079253337735e-01 6.364589722231125957e-03 6.072896674452482602e-01 -7.944550032786747984e-01 -2.530475180308355276e-01 -9.284293567345730525e-01 3.477679061639813440e-01
1.589264475383507967e+09 8.623186334006360809e-01 -4.065661667710184779e-01 -3.018452033189112926e-01 -5.062961183180129110e-01 -7.021747738735812927e-01 -5.006144504437683995e-01 -8.415189220953817745e-03 5.845122233991989491e-01 -8.113412634088766895e-01 -2.645767333354160367e-01 -9.245747773921457746e-01 3.537395474703668441e-01
1.589264475383527040e+09 8.549978967070899216e-01 -4.174888095548771050e-01 -3.077039011165751958e-01 -5.180971243149863348e-01 -7.144735948674237891e-01 -4.702157510071101054e-01 -2.353649824503278865e-02 5.614539842795748248e-01 -8.271731724430888555e-01 -2.759401052223960926e-01 -9.204900532583896178e-01 3.598738685777488344e-01
1.589264475383547068e+09 8.473412573844083528e-01 -4.287730910620017322e-01 -3.133152249010592305e-01 -5.296143992918684873e-01 -7.256366236686517812e-01 -4.392722150727171870e-01 -3.900489644689049407e-02 5.381497255420563119e-01 -8.419462520700405905e-01 -2.871366420893174398e-01 -9.161923827651683450e-01 3.661674111301735368e-01
1.589264475383565903e+09 8.393673515417230391e-01 -4.403754383843319631e-01 -3.186407423307572317e-01 -5.407928657019611673e-01 -7.356794901756843474e-01 -4.078219766296620197e-01 -5.482267710469906907e-02 5.146310924643916485e-01 -8.556572404687478040e-01 -2.981655290972549111e-01 -9.116976100949352180e-01 3.726173535601155495e-01
1.589264475383578062e+09 8.310955648419786623e-01 -4.522542577249934470e-01 -3.236452513309325818e-01 -5.515802612200561006e-01 -7.446182782346090212e-01 -3.759026943675185528e-01 -7.098857576401547409e-02 4.909273942410582459e-01 -8.683034700594562949e-01 -3.090260176028667427e-01 -9.070203637437350697e-01 3.792214616248629211e-01
1.589264475383598089e+09 8.225447473487692562e-01 -4.643713121209953054e-01 -3.282977662540964015e-01 -5.619290606832767487e-01 -7.524677986094541193e-01 -3.435519513798036551e-01 -8.749782699328813307e-02 4.670669083353687356e-01 -8.798821704251681419e-01 -3.197173430599671851e-01 -9.021741988775581200e-01 3.859780386726085477e-01
1.589264475383615971e+09 8.137317583894506656e-01 -4.766928286882465837e-01 -3.325726577833260644e-01 -5.717982469007391044e-01 -7.592399778793755827e-01 -3.108076918488106855e-01 -1.043426595072552421e-01 4.430785521702883534e-01 -8.903898058919169634e-01 -3.302386656044193902e-01 -8.971717369959651966e-01 3.928858772912721120e-01
1.589264475383646965e+09 8.046700319507329446e-01 -4.891901616011576359e-01 -3.364507775477630358e-01 -5.811546068531461273e-01 -7.649426418097604596e-01 -2.777086209606902112e-01 -1.215132214229062702e-01 4.189937241289156677e-01 -8.998215359628938259e-01 -3.405890279078618299e-01 -8.920247985853645423e-01 3.999442136765981592e-01
1.589264475383666992e+09 7.953682014564880109e-01 -5.018400430709967219e-01 -3.399205723721741013e-01 -5.899735074397012280e-01 -7.695787427788230994e-01 -2.442945346578216104e-01 -1.389988669067852012e-01 3.948482368688094324e-01 -9.081707908002955021e-01 -3.507673258396118987e-01 -8.867445265148270472e-01 4.071526854576257848e-01
1.589264475383687019e+09 7.858287337626665980e-01 -5.146245328366818583e-01 -3.429792874723568974e-01 -5.982392331568143762e-01 -7.731459668469882196e-01 -2.106065866529376052e-01 -1.567897365215613070e-01 3.706843731195521574e-01 -9.154289019192455301e-01 -3.607722906544623687e-01 -8.813415009285959778e-01 4.145112913658914877e-01
1.589264475383704901e+09 7.760466879556779940e-01 -5.275306311904829348e-01 -3.456341584801013722e-01 -6.059447525377019694e-01 -7.756368264073748575e-01 -1.766874949568810471e-01 -1.748785160104222580e-01 3.465529497779989421e-01 -9.215848078504613738e-01 -3.706024811209561731e-01 -8.758258457141978592e-01 4.220203519126016212e-01
1.589264475383723974e+09 7.660087629773192353e-01 -5.405495148213169676e-01 -3.479034310090238780e-01 -6.130907781446457427e-01 -7.770393533970242350e-01 -1.425817011672470547e-01 -1.932621876525971727e-01 3.225152176584581976e-01 -9.266248764333175902e-01 -3.802562838025220771e-01 -8.702073263572073225e-01 4.296804707998730377e-01
1.589264475383759022e+09 7.556928742727695436e-01 -5.536753447324040955e-01 -3.498169416255711428e-01 -6.196839803399152302e-01 -7.773385270891851606e-01 -1.083354941573379943e-01 -2.119434940428703285e-01 2.986443156329280368e-01 -9.305329271421035608e-01 -3.897319209037055643e-01 -8.644954396591066903e-01 4.374924960956687037e-01
1.589264475383778095e+09 7.450680633866976210e-01 -5.669038824967529422e-01 -3.514165180676036004e-01 -6.257347592132644909e-01 -7.765181437278597665e-01 -7.399718950862881062e-02 -2.309320082199730340e-01 2.750264728933197178e-01 -9.332903338243474511e-01 -3.990274656874241987e-01 -8.586994957634935810e-01 4.454574800178741634e-01
1.589264475383797884e+09 7.340948551945520872e-01 -5.802309091584341161e-01 -3.527560571748150076e-01 -6.312546067712772047e-01 -7.745631570947206779e-01 -3.961738990542653521e-02 -2.502446111253162631e-01 2.517618081602872593e-01 -9.348762629231814891e-01 -4.081408661056031284e-01 -8.528286927886192803e-01 4.535766359221003463e-01
1.589264475383816004e+09 7.227261855272985036e-01 -5.936504609417865286e-01 -3.539011037228054213e-01 -6.362531440844650943e-01 -7.714624953378790284e-01 -5.249324823740270096e-03 -2.699051644364514613e-01 2.289645143443702346e-01 -9.352681186719614681e-01 -4.170699775502693663e-01 -8.468921839306744470e-01 4.618512911256741349e-01
1.589264475383836985e+09 7.109090238984430155e-01 -6.071529306189727970e-01 -3.549277092874131845e-01 -6.407349811920187710e-01 -7.672123152892755815e-01 2.905077669790619155e-02 -2.899431737662762076e-01 2.067621397311928400e-01 -9.344422796421023580e-01 -4.258126050822713116e-01 -8.408991362078551690e-01 4.702828348858169583e-01
1.589264475383856058e+09 6.985866435811610708e-01 -6.207231870580041111e-01 -3.559205342460822208e-01 -6.446967374205925250e-01 -7.618194835207274807e-01 6.322334828901977899e-02 -3.103913957726142092e-01 1.852938204372729103e-01 -9.323751294198594497e-01 -4.343665545305326336e-01 -8.348587794875653723e-01 4.788726618270005564e-01
1.589264475383874893e+09 6.857014969322402509e-01 -6.343388742613860209e-01 -3.569700967099865840e-01 -6.481245345564716764e-01 -7.553050477644859262e-01 9.720531368636040059e-02 -3.312824251521324648e-01 1.647072485839964351e-01 -9.290443893979571932e-01 -4.427296911768378584e-01 -8.287804443500860208e-01 4.876221117950647610e-01
1.589264475383894920e+09 6.721983332737497818e-01 -6.479691384936669962e-01 -3.581695081148343340e-01 -6.509924377083418090e-01 -7.477072540506485288e-01 1.309301675245577723e-01 -3.526446471986053322e-01 1.451546007256195592e-01 -9.244305788500123411e-01 -4.509000034561483905e-01 -8.226735874119691649e-01 4.965324082518917659e-01
1.589264475383915901e+09 6.580273122202884295e-01 -6.615739367840813845e-01 -3.596108768928017452e-01 -6.532620691102365429e-01 -7.390837849873954646e-01 1.643284160208966782e-01 -3.744979650742055743e-01 1.267875595108153286e-01 -9.185184752258293006e-01 -4.588756683874756215e-01 -8.165478033070115993e-01 5.056045979189954798e-01
1.589264475383934975e+09 6.431467336619903774e-01 -6.751040380668880125e-01 -3.613818160964233361e-01 -6.548835381135517109e-01 -7.295128920701917652e-01 1.973283869408558044e-01 -3.968498845937333819e-01 1.097518947306216075e-01 -9.112983546147720437e-01 -4.666551149270180554e-01 -8.104128233375709200e-01 5.148394947601524496e-01
1.589264475383955002e+09 6.275251213656110050e-01 -6.885017060057342375e-01 -3.635624060896879284e-01 -6.557975792268150306e-01 -7.190932733251155229e-01 2.298573466744954774e-01 -4.196924559163695001e-01 9.418208636029971881e-02 -9.027668455799199299e-01 -4.742370807283741718e-01 -8.042785017941157522e-01 5.242376318703971805e-01
1.589264475383986950e+09 6.111425597528709064e-01 -7.017019599109337591e-01 -3.662227892353470682e-01 -6.559385935929858968e-01 -7.079427248122209804e-01 2.618428160216028089e-01 -4.430003764279107914e-01 8.019637239589766375e-02 -8.929273255768802597e-01 -4.816206591510959756e-01 -7.981547920525299267e-01 5.337992235805258945e-01
1.589264475384023905e+09 5.939912485594375235e-01 -7.146342516162890179e-01 -3.694215522828648846e-01 -6.552382160721385018e-01 -6.961957190109884230e-01 2.932139176621630927e-01 -4.667304117562989241e-01 6.789261777057967184e-02 -8.817898364217324758e-01 -4.888053337770186246e-01 -7.920517152971984220e-01 5.435241396209582465e-01
1.589264475384043932e+09 5.760752232057732014e-01 -7.272243078451237075e-01 -3.732052297691628717e-01 -6.536290161704457757e-01 -6.840002132377677180e-01 3.239024822259979342e-01 -4.908222151214514106e-01 5.734557234132262732e-02 -8.693704842578509062e-01 -4.957909990858333504e-01 -7.859793251897515542e-01 5.534118919404626968e-01
1.589264475384063959e+09 5.574095538369494562e-01 -7.393959405106620419e-01 -3.776085707278118431e-01 -6.510479036628620264e-01 -6.715140841172015929e-01 3.538438390728997351e-01 -5.152001716412029086e-01 4.860533183612118779e-02 -8.556905429421246545e-01 -5.025779680911660607e-01 -7.799476716686621902e-01 5.634616329758393993e-01
1.589264475384084940e+09 5.380192552387343952e-01 -7.510727015322007372e-01 -3.826552995124120060e-01 -6.474389889527440989e-01 -6.589014893089141234e-01 3.829772623169199752e-01 -5.397759137004327634e-01 4.169681871393438044e-02 -8.407754389375398096e-01 -5.091669691734471703e-01 -7.739667663984379775e-01 5.736721630425138940e-01
1.589264475384100914e+09 5.179380389171345245e-01 -7.621792746813821351e-01 -3.883592941185899372e-01 -6.427557759288877737e-01 -6.463294155068204372e-01 4.112460329803614423e-01 -5.644512386299023188e-01 3.662021552226883692e-02 -8.246537209319341200e-01 -5.155591348547229336e-01 -7.680465515387068232e-01 5.840419442009585627e-01
1.589264475384119987e+09 4.972070869041265717e-01 -7.726425989799509120e-01 -3.947258887041405484e-01 -6.369626621273641875e-01 -6.339645555830552004e-01 4.385972067870699820e-01 -5.891211082868019755e-01 3.335201329547431842e-02 -8.073561564778467536e-01 -5.217559845977838284e-01 -7.621968729277164289e-01 5.945691185970818360e-01
1.589264475384139061e+09 4.758739256039011822e-01 -7.823927352896931087e-01 -4.017531766342356536e-01 -6.300358003759245484e-01 -6.219705862623348125e-01 4.649811615007374277e-01 -6.136765415257483536e-01 3.184647346623938058e-02 -7.889150175597959835e-01 -5.277594032403141178e-01 -7.564274583822823139e-01 6.052515297369773783e-01
1.589264475384157896e+09 4.539914283829364905e-01 -7.913634706053642720e-01 -4.094333164090437904e-01 -6.219634010896042398e-01 -6.105059069275458050e-01 4.903509618559404037e-01 -6.380072970637222785e-01 3.203740433848857594e-02 -7.693635642784938389e-01 -5.335716172035733784e-01 -7.507479011367674815e-01 6.160867448108188205e-01
1.589264475384179115e+09 4.316169859191990588e-01 -7.994926991579986986e-01 -4.177537572524488430e-01 -6.127455777490986577e-01 -5.997218304655647092e-01 5.146616203811731349e-01 -6.620042559259798898e-01 3.384006991442300993e-02 -7.487357445899650576e-01 -5.391951698679112726e-01 -7.451676482272122648e-01 6.270720768610027473e-01
