1.584057356005369902e+09 6.228108791408124567e-01 -6.578135306905459334e-01 -4.235421677075026370e-01 -2.579509859167243291e-01 3.384349995263337685e-01 -9.049436668120486305e-01 7.386256818696556037e-01 6.728618803995106701e-01 4.109735077145105359e-02 1.096794563755897900e-01 -3.472353529254710303e-01 4.965472589080346388e-01
1.584057356005450010e+09 6.397945819234555076e-01 -6.439067842011040321e-01 -4.195794875395535972e-01 -2.605627861246505028e-01 3.318716966015433645e-01 -9.066246255341191551e-01 7.230283034956533905e-01 6.893803234910793609e-01 4.455156765897010096e-02 1.052855360794813649e-01 -3.542263295086370278e-01 4.874766088363773342e-01
1.584057356005475044e+09 6.560089551508213601e-01 -6.302906012107332145e-01 -4.151939413719593075e-01 -2.641704176639769197e-01 3.235640297180111258e-01 -9.085814818976903906e-01 7.070121932614544802e-01 7.057195454747018371e-01 4.575676966421923786e-02 1.009411774715696514e-01 -3.613194601812890205e-01 4.784615643312193911e-01
1.584057356005489111e+09 6.714437830051216416e-01 -6.169629980681547998e-01 -4.105117604234425621e-01 -2.684712716743724026e-01 3.138057226141189315e-01 -9.107409867161637695e-01 6.907144292524114437e-01 7.217219877784143423e-01 4.506606083016524017e-02 9.663825598333382338e-02 -3.685134177716652415e-01 4.695067431291425897e-01
1.584057356005501986e+09 6.861478993029830331e-01 -6.038707596280995515e-01 -4.056367415794830400e-01 -2.732055175693107185e-01 3.028779023976517215e-01 -9.130299675012373273e-01 6.742105054669931263e-01 7.372957900916365936e-01 4.283821302434995953e-02 9.236924851691075133e-02 -3.758082379713415522e-01 4.606175274462799840e-01
1.584057356005515099e+09 7.002089486601593693e-01 -5.909178515828384937e-01 -4.006538669126207819e-01 -2.781511645908550379e-01 2.910503371724842414e-01 -9.153805935335135313e-01 6.575251767700335259e-01 7.524000226631720745e-01 3.943156198304144378e-02 8.812690549396293149e-02 -3.832054435668869607e-01 4.518004498659535795e-01
1.584057356005531073e+09 7.137384469545743348e-01 -5.779715363619900570e-01 -3.956340893731485342e-01 -2.831161589823454339e-01 2.785875142790247838e-01 -9.177332060919864976e-01 6.406423886223669983e-01 7.670318769421038407e-01 3.520553838794232560e-02 8.390384983170690036e-02 -3.907080830090981505e-01 4.430635634453348737e-01
1.584057356005547047e+09 7.268602935470790394e-01 -5.648670230753115584e-01 -3.906396806420698864e-01 -2.879299270276039491e-01 2.657585936703092400e-01 -9.200373509645022319e-01 6.235146117212300165e-01 7.812154736992709125e-01 3.052724865700205334e-02 7.969211980107571147e-02 -3.983206668680150941e-01 4.344167791172446336e-01
1.584057356005563974e+09 7.397004308206380774e-01 -5.514122875325498940e-01 -3.857301673369690209e-01 -2.924362332804648079e-01 2.528506714150782209e-01 -9.222513689837658069e-01 6.060728688521361818e-01 7.949912121224980144e-01 2.578081821427766554e-02 7.548267880222575554e-02 -4.060489896418738587e-01 4.258721541611403261e-01
1.584057356005582094e+09 7.523753475446387506e-01 -5.373952963677051109e-01 -3.809693321627888873e-01 -2.964891182514764467e-01 2.401849876353830959e-01 -9.243405079522084566e-01 5.882393555552016817e-01 8.084042722555839777e-01 2.137740596296380108e-02 7.126492019424490731e-02 -4.138998292578962568e-01 4.174441169250467376e-01
1.584057356005600929e+09 7.649429392857695076e-01 -5.226378670324696163e-01 -3.764464899294576727e-01 -2.999448951573212008e-01 2.281686077793949607e-01 -9.262678589162909315e-01 5.699959296008354492e-01 8.214552614812961062e-01 1.777340524378298245e-02 6.702619910488059884e-02 -4.218805227015902659e-01 4.091496152750064286e-01
1.584057356005618095e+09 7.764186273054101139e-01 -5.090637391423267211e-01 -3.715214998667328850e-01 -3.039219027276011675e-01 2.139866636047352833e-01 -9.283540192243701084e-01 5.520920144943602947e-01 8.337048743650885552e-01 1.142761139678183380e-02 6.275469902082073115e-02 -4.299903251185407393e-01 4.009983961190888291e-01
1.584057356005639076e+09 7.867596411921446986e-01 -4.968571787923856120e-01 -3.662542983683466646e-01 -3.082220023402491571e-01 1.978579812181031350e-01 -9.305113737671119045e-01 5.347975920988414789e-01 8.449764277207930663e-01 2.524359774936361933e-03 5.843621747721177567e-02 -4.382362892632717388e-01 3.930101688802773996e-01
1.584057356005654097e+09 7.959744866098420468e-01 -4.861408306989188910e-01 -3.606822834478762840e-01 -3.126546421323477265e-01 1.800395872818741361e-01 -9.326482841525842726e-01 5.183355010675032570e-01 8.551332293825442132e-01 -8.687269402180935324e-03 5.405418438957898530e-02 -4.466250431860285808e-01 3.852073760738850550e-01
1.584057356005671978e+09 8.041171011773914357e-01 -4.769683285913126625e-01 -3.548195334455096495e-01 -3.170461013618892654e-01 1.608069214367406075e-01 -9.346779679641314953e-01 5.028692249984471063e-01 8.640846878614040216e-01 -2.191335354768137247e-02 4.958957461872952333e-02 -4.551621110815761151e-01 3.776150962267302291e-01
1.584057356005687952e+09 8.112778930260337029e-01 -4.693231528176616263e-01 -3.486602339185531085e-01 -3.212461581394422394e-01 1.404344108997446772e-01 -9.365250035552620256e-01 4.884967619247377879e-01 8.717877922546081182e-01 -3.683692679454726726e-02 4.502096043359792715e-02 -4.638511924562719879e-01 3.702608721869433128e-01
1.584057356005703926e+09 8.175732709967614698e-01 -4.631231892682038942e-01 -3.421854151089935847e-01 -3.251322659358736322e-01 1.191788715661947495e-01 -9.381286726179444146e-01 4.752504144555169674e-01 8.782444468344471344e-01 -5.313883208257333401e-02 4.032471473309075238e-02 -4.726934278750856144e-01 3.631744675235020203e-01
1.584057356005722046e+09 8.231350660258427432e-01 -4.582297325245739406e-01 -3.353716975367774800e-01 -3.286117188475864426e-01 9.726738599331259671e-02 -9.394431297456787844e-01 4.631015024311059269e-01 8.834956525728614452e-01 -7.051546384794392386e-02 3.547536866445720471e-02 -4.816866822290478689e-01 3.563875535881449452e-01
1.584057356005733013e+09 8.281008024985839766e-01 -4.544594387595293772e-01 -3.282006697482284796e-01 -3.316224196157077087e-01 7.489031174872110008e-02 -9.404350122058920958e-01 4.519686183210961938e-01 8.876136884885875711e-01 -8.869221144716377125e-02 3.044611884217712089e-02 -4.908248789139311175e-01 3.499333309775785050e-01
1.584057356005743027e+09 8.326052745608999439e-01 -4.515979664270142746e-01 -3.206676374253637496e-01 -3.341327388299639711e-01 5.219918902283925827e-02 -9.410794640600965710e-01 4.417281628462695897e-01 8.906932814661601139e-01 -1.074323452703504767e-01 2.520947104259648602e-02 -5.000974186930411403e-01 3.438460895826693786e-01
1.584057356005754948e+09 8.367735903265032249e-01 -4.494142464014224125e-01 -3.127887367907384863e-01 -3.361406963351743493e-01 2.930877721246393647e-02 -9.413556331237986630e-01 4.322260878686550178e-01 8.928425566554220039e-01 -1.265416069976660340e-01 1.973799951045442438e-02 -5.094887156928679106e-01 3.381607116827979875e-01
1.584057356005769968e+09 8.407157020935166480e-01 -4.476745334191227221e-01 -3.046056804804979090e-01 -3.376724558797232212e-01 6.302125286167980373e-03 -9.412425808075872702e-01 4.232899963703026236e-01 8.941743653284389692e-01 -1.458690634545145581e-01 1.400519612134291242e-02 -5.189778795145373325e-01 3.329121197577387670e-01
1.584057356005779028e+09 8.445223990402703773e-01 -4.461555633852624103e-01 -2.961876617606758466e-01 -3.387799635500793882e-01 -1.676255438979155910e-02 -9.407162979536550784e-01 4.147409481215036942e-01 8.947984299810987086e-01 -1.653049181525513001e-01 7.986378311066525543e-03 -5.285385698620496120e-01 3.281346712575428648e-01
1.584057356005790949e+09 8.482627554877780751e-01 -4.446562415042522032e-01 -2.876301874685707194e-01 -3.395375070890043201e-01 -3.984441229613101126e-02 -9.397482132235496222e-01 4.064044526864942219e-01 8.948146455921143216e-01 -1.847760027201443278e-01 1.659619836375429182e-03 -5.381390466985130905e-01 3.238615045583198571e-01
1.584057356005801916e+09 8.519830564693340325e-01 -4.430073237990699297e-01 -2.790508605060527669e-01 -3.400370278077092245e-01 -6.291293942321840582e-02 -9.383052711890323971e-01 3.981201972258271993e-01 8.943078180244061759e-01 -2.042396521052633751e-01 -4.993336069862902050e-03 -5.477424343653902739e-01 3.201238442004922247e-01
1.584057356005815029e+09 8.557072387248640943e-01 -4.410785023665952376e-01 -2.705824764161950391e-01 -3.403822180129153496e-01 -8.594219787338121253e-02 -9.363513680523967153e-01 3.897500063934062897e-01 8.933441070722398791e-01 -2.236766397870532941e-01 -1.198622600214693627e-02 -5.573072115852546471e-01 3.169502801082670906e-01
1.584057356005825996e+09 8.594388236741059561e-01 -4.387823202176895365e-01 -2.623642201704740606e-01 -3.406817489458343617e-01 -1.089067899186593330e-01 -9.338496973352373720e-01 3.811834919365875707e-01 8.919693867167057810e-01 -2.430838516768200064e-01 -1.932752810959184955e-02 -5.667879291283126619e-01 3.143660471174463122e-01
1.584057356005836010e+09 8.631641607871585187e-01 -4.360746175507486111e-01 -2.545320405374925654e-01 -3.410422096570749351e-01 -1.317797032071802987e-01 -9.307654490918434442e-01 3.723410304973100438e-01 8.902095472505994200e-01 -2.624673680724312619e-01 -2.701988561549055826e-02 -5.761361424482711602e-01 3.123923385175270129e-01
1.584057356005848885e+09 8.668566311786004563e-01 -4.329515793806215096e-01 -2.472094478233476389e-01 -3.415614948886828706e-01 -1.545318323815060013e-01 -9.270683136417273706e-01 3.631739616450023189e-01 8.880725437473124817e-01 -2.818365322949406560e-01 -3.505973653458578643e-02 -5.853015297858100707e-01 3.110456930335951942e-01
1.584057356005858898e+09 8.704813198982271905e-01 -4.294438865270358563e-01 -2.404999381131014968e-01 -3.423233942875797409e-01 -1.771327217211463856e-01 -9.227343565660611757e-01 3.536622197186361505e-01 8.855517757223332342e-01 -3.011994142914198869e-01 -4.343718458672097410e-02 -5.942331481413654082e-01 3.103374984356284672e-01
1.584057356005868912e+09 8.739996000308717372e-01 -4.256088711833423965e-01 -2.344819569082626509e-01 -3.433939761673140967e-01 -1.995519498929279323e-01 -9.177470221113366300e-01 3.438099424119321901e-01 8.826302217396779781e-01 -3.205598469572501497e-01 -5.213613005368426812e-02 -6.028807636035281581e-01 3.102736511036651157e-01
1.584057356005881071e+09 8.773731193678742102e-01 -4.215218267559286969e-01 -2.292068043899259111e-01 -3.448200348854842390e-01 -2.217606058610446795e-01 -9.120972411963592652e-01 3.336398554945401163e-01 8.792846999238390637e-01 -3.399159655212030118e-01 -6.113465808763653836e-02 -6.111961834597813281e-01 3.108543986678167226e-01
1.584057356005896091e+09 8.805668058206344018e-01 -4.172676107034359316e-01 -2.246994475834372118e-01 -3.466296160001122173e-01 -2.437324265972982407e-01 -9.057827629762563726e-01 3.231872677246563907e-01 8.754897175557324607e-01 -3.592599960274454052e-01 -7.040566070858418624e-02 -6.191345174560227704e-01 3.120743763971092766e-01
1.584057356005908966e+09 8.835507458085173349e-01 -4.129335005355964094e-01 -2.209615439759645417e-01 -3.488341414904105875e-01 -2.654443984712477889e-01 -8.988069944204813977e-01 3.124945144021202825e-01 8.712205207166777710e-01 -3.785788993876031960e-01 -7.991765204501166675e-02 -6.266553027292728340e-01 3.139228329369644355e-01
1.584057356005919933e+09 8.863009871788861682e-01 -4.086038369944817727e-01 -2.179758351715380960e-01 -3.514315705546474100e-01 -2.868768010704841331e-01 -8.911776211246291712e-01 3.016063851470195956e-01 8.664551954153381086e-01 -3.978554801521538842e-01 -8.963572541675896010e-02 -6.337234386698071820e-01 3.163840290191571314e-01
1.584057356005928993e+09 8.887994900329134751e-01 -4.043565736253643683e-01 -2.157109827588729045e-01 -3.544099356062179185e-01 -3.080128197219210162e-01 -8.829052613949252004e-01 2.905667983058569104e-01 8.611758615481324153e-01 -4.170696243073813703e-01 -9.952259519041094238e-02 -6.403098921045262681e-01 3.194377839399458741e-01
1.584057356005945921e+09 8.910334840888108898e-01 -4.002615385994198749e-01 -2.141262037915730998e-01 -3.577508087219677946e-01 -3.288378821546033559e-01 -8.740022919232800502e-01 2.794166947533321954e-01 8.553691298131050891e-01 -4.361994529646722185e-01 -1.095396646414864283e-01 -6.463921503129363977e-01 3.230601362946560751e-01
1.584057356005963087e+09 8.929945114858131028e-01 -3.963800265652044907e-01 -2.131752265062529239e-01 -3.614323326101610001e-01 -3.493388878933755826e-01 -8.644819318630613258e-01 2.681929745806090337e-01 8.490260397676070436e-01 -4.552222671321378145e-01 -1.196480641904605069e-01 -6.519544168666118189e-01 3.272240804856511587e-01
1.584057356005990982e+09 8.946774002204213039e-01 -3.927652535560377522e-01 -2.128093168390421952e-01 -3.654315907181239775e-01 -3.695034719180738669e-01 -8.543576165248389920e-01 2.569282044714420454e-01 8.421416983477685303e-01 -4.741152370065759847e-01 -1.298096114902757003e-01 -6.569875614281789344e-01 3.319003390516874763e-01
1.584057356006016970e+09 8.960793512408925521e-01 -3.894632201159709539e-01 -2.129793338711768180e-01 -3.697262269675590796e-01 -3.893194022592975645e-01 -8.436426496361414396e-01 2.456507960165837945e-01 8.347148036643389224e-01 -4.928558443102887265e-01 -1.399876547717935349e-01 -6.614888492948357568e-01 3.370581316396842886e-01
1.584057356006124973e+09 8.971992481578163758e-01 -3.865136111412629250e-01 -2.136369296427934328e-01 -3.742953404481254576e-01 -4.087741676524505041e-01 -8.323500934986198807e-01 2.343853822961462219e-01 8.267471853692823780e-01 -5.114221195457266944e-01 -1.501477727171258714e-01 -6.654614849563725842e-01 3.426659075907277363e-01
1.584057356006165028e+09 8.980372020415555712e-01 -3.839505225274165157e-01 -2.147351396486109343e-01 -3.791198150771298847e-01 -4.278547551313686692e-01 -8.204928241585374149e-01 2.231531979923378761e-01 8.182434265022525688e-01 -5.297927382688722986e-01 -1.602583157902726096e-01 -6.689140112402781613e-01 3.486920143691176199e-01
1.584057356006192923e+09 8.985942996483201606e-01 -3.818029289230517320e-01 -2.162286019585165087e-01 -3.841822559540433724e-01 -4.465475964319428615e-01 -8.080836828566765329e-01 2.119723544646532898e-01 8.092105831219599255e-01 -5.479470352296046398e-01 -1.702907848714612093e-01 -6.718596059910142415e-01 3.551052832375981572e-01
1.584057356006218910e+09 8.988724984588695177e-01 -3.800949036395729341e-01 -2.180736021189726703e-01 -3.894666940303547764e-01 -4.648386502862701941e-01 -7.951356636507999065e-01 2.008579746034770963e-01 7.996579854383482067e-01 -5.658649844915800697e-01 -1.802200514593388647e-01 -6.743153151408918244e-01 3.618755224858637431e-01
1.584057356006247044e+09 8.988746183249813893e-01 -3.788456401259531758e-01 -2.202280674398391924e-01 -3.949581686276621983e-01 -4.827135936244473235e-01 -7.816620956223656602e-01 1.898221951474980684e-01 7.895970920246615510e-01 -5.835271774359510610e-01 -1.900244305423227364e-01 -6.763012597733739639e-01 3.689739136131185981e-01
1.584057356006277084e+09 8.986043526101419321e-01 -3.780694059243279170e-01 -2.226516156998282481e-01 -4.006423266203452682e-01 -5.001580691468268114e-01 -7.676767758346266790e-01 1.788741004012579794e-01 7.790413534693482189e-01 -6.009148243312618654e-01 -1.996856238612062240e-01 -6.778398545193328184e-01 3.763733089766343465e-01
1.584057356006300926e+09 8.980662730654687120e-01 -3.777754985633270945e-01 -2.253056636375105615e-01 -4.065050691379645809e-01 -5.171579667682600912e-01 -7.531940429541054138e-01 1.680196362044647229e-01 7.680060613922415902e-01 -6.180097829527300135e-01 -2.091885559310858733e-01 -6.789550687057982481e-01 3.840484351174593414e-01
1.584057356006325960e+09 8.972658541348886851e-01 -3.779681824860026684e-01 -2.281535452966418076e-01 -4.125321868389160707e-01 -5.336997541020646052e-01 -7.382288042751991020e-01 1.572615084093612337e-01 7.565081795587530467e-01 -6.347946065809777494e-01 -2.185211275033171474e-01 -6.796717544389527799e-01 3.919760104904508879e-01
1.584057356006350994e+09 8.962094620188065797e-01 -3.786467295734235461e-01 -2.311606683043684052e-01 -4.187090771240455367e-01 -5.497707998998031531e-01 -7.227964972796654397e-01 1.465991443442599129e-01 7.445661300370185476e-01 -6.512526154957176683e-01 -2.276739122325446563e-01 -6.800150599841001675e-01 4.001347882720749372e-01
1.584057356006386995e+09 8.949042887595581863e-01 -3.798056260506588178e-01 -2.342946874763207343e-01 -4.250205741119336134e-01 -5.653596515684902180e-01 -7.069129904933212361e-01 1.360287680632159824e-01 7.321995295230288026e-01 -6.673679821030104042e-01 -2.366398207394272979e-01 -6.800099382978183060e-01 4.085055373605888662e-01
1.584057356006407022e+09 8.933582658627051698e-01 -3.814348957599690837e-01 -2.375256392707361663e-01 -4.314508313981457732e-01 -5.804562739583720710e-01 -6.905944499317272500e-01 1.255435745032213724e-01 7.194288947156157743e-01 -6.831258131998865224e-01 -2.454137526812888159e-01 -6.796807524406517365e-01 4.170709758689692959e-01
1.584057356006429911e+09 8.915799830270015880e-01 -3.835204922203276912e-01 -2.408260079647945306e-01 -4.379832191097869920e-01 -5.950522555879519393e-01 -6.738571904092229836e-01 1.151339821302761468e-01 7.062753325702350038e-01 -6.985122197015695145e-01 -2.539922531279819595e-01 -6.790509736514084294e-01 4.258156708695987058e-01
1.584057356006450891e+09 8.895786287689187999e-01 -3.860447203212932776e-01 -2.441707135372191140e-01 -4.446002139516836982e-01 -6.091409870230426460e-01 -6.567175251590314788e-01 1.047879439061819573e-01 6.927602269679603575e-01 -7.135143691993873771e-01 -2.623731857204429918e-01 -6.781429646951199208e-01 4.347259161248508974e-01
1.584057356006465912e+09 8.873639606194326790e-01 -3.889866621293766036e-01 -2.475370240567057734e-01 -4.512832763636655531e-01 -6.227178127769473770e-01 -6.391916225147691311e-01 9.449130152365770030e-02 6.789049289564857981e-01 -7.281205200279270429e-01 -2.705554306650559959e-01 -6.769778379402775492e-01 4.437895980039656685e-01
1.584057356006480932e+09 8.849463028842607937e-01 -3.923225987462487518e-01 -2.509044035565698438e-01 -4.580127241816397965e-01 -6.357801518951997632e-01 -6.212953750931378138e-01 8.422817636390107776e-02 6.647304545395806841e-01 -7.423200370627205391e-01 -2.785386129840871638e-01 -6.755753776633268703e-01 4.529960569936320458e-01
1.584057356006496906e+09 8.823365702295392632e-01 -3.960264192468336830e-01 -2.542543063425168892e-01 -4.647676097798147388e-01 -6.483275850217878888e-01 -6.030442865724433554e-01 7.398138906903552192e-02 6.502571937158949655e-01 -7.561033900221119097e-01 -2.863228653824553827e-01 -6.739540175201881311e-01 4.623359492725540032e-01
1.584057356006511927e+09 8.795462502372030089e-01 -4.000701305086138970e-01 -2.575699605313208629e-01 -4.715257181835632583e-01 -6.603618334683730717e-01 -5.844533738101409526e-01 6.373296617671818376e-02 6.355046339655480159e-01 -7.694621300242246997e-01 -2.939086281619245344e-01 -6.721308638201105579e-01 4.718011114760243263e-01
1.584057356006526947e+09 8.765872839057544663e-01 -4.044245579672290369e-01 -2.608361761860376604e-01 -4.782637896135207844e-01 -6.718865568853257253e-01 -5.655370919662021656e-01 5.346476812707488119e-02 6.204911214562617294e-01 -7.823888336842835800e-01 -3.012964854517933833e-01 -6.701217538964032716e-01 4.813844315624456471e-01
1.584057356006542921e+09 8.734719137122998189e-01 -4.090600716857051844e-01 -2.640391522253250356e-01 -4.849578396141622783e-01 -6.829070510283581363e-01 -5.463093021547485995e-01 4.315912352331116586e-02 6.052336884396045669e-01 -7.948770173714143628e-01 -3.084870343686678118e-01 -6.679413387906319999e-01 4.910797282645409378e-01
1.584057356006557941e+09 8.702123882603318705e-01 -4.139475060472906365e-01 -2.671663559565233270e-01 -4.915837571880652956e-01 -6.934297287080991579e-01 -5.267832772411913389e-01 3.279953013429436071e-02 5.897479748102308905e-01 -8.069210105958236623e-01 -3.154807837797664605e-01 -6.656031820015331224e-01 5.008816400120876811e-01
1.584057356006572962e+09 8.668204584787110312e-01 -4.190593329796888922e-01 -2.702065291679412451e-01 -4.981182724500645143e-01 -7.034613216792363621e-01 -5.069717504170797584e-01 2.237140145843562883e-02 5.740482946176685974e-01 -8.185157763623841509e-01 -3.222780803870934352e-01 -6.631198685466411780e-01 5.107855228375423051e-01
1.584057356006587982e+09 8.633066879506496871e-01 -4.243709808546231033e-01 -2.731498368071537675e-01 -5.045402245235810490e-01 -7.130078553778357309e-01 -4.868870096598247876e-01 1.186273854018628747e-02 5.581478916786990485e-01 -8.296566800549097787e-01 -3.288790588491143363e-01 -6.605031188382243235e-01 5.207873569799471580e-01
1.584057356006603003e+09 8.596796863700201241e-01 -4.298620589560486760e-01 -2.759881289338737553e-01 -5.108319077021480359e-01 -7.220735620249285613e-01 -4.665410306353648395e-01 1.264556704862087114e-03 5.420593892739135056e-01 -8.403392289469274745e-01 -3.352836104268133166e-01 -6.577639015842918768e-01 5.308836627315693946e-01
1.584057356006618023e+09 8.559453695809609020e-01 -4.355172989494814351e-01 -2.787152791080362291e-01 -5.169802875412460308e-01 -7.306598912716182337e-01 -4.459456309338732938e-01 -9.429038841631274051e-03 5.257954029905416160e-01 -8.505588090963031034e-01 -3.414913650924385480e-01 -6.549125418186908520e-01 5.410714255578981113e-01
1.584057356006633043e+09 8.521062521187348082e-01 -4.413272187781966949e-01 -2.813276048760147696e-01 -5.229780509968274815e-01 -7.387646504481069076e-01 -4.251126316544112660e-01 -2.022111425737088686e-02 5.093692937497596995e-01 -8.603104262031501248e-01 -3.475016830736755158e-01 -6.519588219538111629e-01 5.513480299889507164e-01
1.584057356006648064e+09 8.481607243858664269e-01 -4.472886032641232856e-01 -2.838244020497219799e-01 -5.288245470391382819e-01 -7.463812309196875550e-01 -4.040540270161345204e-01 -3.111244515468724464e-02 4.927960670706547086e-01 -8.695884384851121363e-01 -3.533136553174601180e-01 -6.489120761890424527e-01 5.617112003914628282e-01
1.584057356006665945e+09 8.441023696853777736e-01 -4.534047340617920474e-01 -2.862085547664421359e-01 -5.345265047406358994e-01 -7.534979909236568796e-01 -3.827821750970967773e-01 -4.210232067304967712e-02 4.760933994522842383e-01 -8.783862874058858683e-01 -3.589261118286404262e-01 -6.457812781223936094e-01 5.721589473871638853e-01
1.584057356006686926e+09 8.399194062108840120e-01 -4.596852775929534674e-01 -2.884871519396584039e-01 -5.400983803736029154e-01 -7.600978896699726040e-01 -3.613100300370278295e-01 -5.318957390621489867e-02 4.592827493815663242e-01 -8.866962420462650707e-01 -3.643376364738729056e-01 -6.425751212580824712e-01 5.826895191231473703e-01
1.584057356006705999e+09 8.355943892597920142e-01 -4.661456978612369961e-01 -2.906719890230665682e-01 -5.455621279081458441e-01 -7.661585130185729620e-01 -3.396514355774138405e-01 -6.437376339373328260e-02 4.423904627011615576e-01 -8.945091935851547937e-01 -3.695465880947690906e-01 -6.393020926403936155e-01 5.933013563152255143e-01
1.584057356006722927e+09 8.311040436245776819e-01 -4.728064369783427368e-01 -2.927800232637649547e-01 -5.509466299287862912e-01 -7.716523169565884244e-01 -3.178215110308532654e-01 -7.565632705879836439e-02 4.254489100704748061e-01 -9.018144739394025056e-01 -3.745511283347254805e-01 -6.359705398166344281e-01 6.039930500389700807e-01
1.584057356006740093e+09 8.264192964347687465e-01 -4.796918094663705223e-01 -2.948337067072749895e-01 -5.562867096351015173e-01 -7.765471517517252842e-01 -2.958371476977296188e-01 -8.704161847153457643e-02 4.084976000278403019e-01 -9.085997291085522454e-01 -3.793492572011349928e-01 -6.325887311924994760e-01 6.147633012767644844e-01
1.584057356006757021e+09 8.215055945047869956e-01 -4.868285580239429255e-01 -2.968611013408045118e-01 -5.616216489395821077e-01 -7.808071417535920045e-01 -2.737176117776565221e-01 -9.853771776216632694e-02 3.915841706056593097e-01 -9.148508926705409827e-01 -3.839388575875682941e-01 -6.291649094780932261e-01 6.256108814251621908e-01
1.584057356006779909e+09 8.163236046495458975e-01 -4.942440280026952903e-01 -2.988956565011499089e-01 -5.669931487582714480e-01 -7.843940063368237681e-01 -2.514852127906146984e-01 -1.101568969005839171e-01 3.747651048261007589e-01 -9.205523203928716036e-01 -3.883177492755682803e-01 -6.257073373917788617e-01 6.365345934668047434e-01
1.584057356006793976e+09 8.108303000818427586e-01 -5.019640535373178780e-01 -3.009756030398212379e-01 -5.724428398899643611e-01 -7.872687959551097903e-01 -2.291659620065717162e-01 -1.219156253689674674e-01 3.581060346593481492e-01 -9.256871223811183880e-01 -3.924837517863206671e-01 -6.222243344331304105e-01 6.475332340822345101e-01
1.584057356006803989e+09 8.049804545581543680e-01 -5.100106386158346217e-01 -3.031428977852299589e-01 -5.780094431226189267e-01 -7.893940330955384610e-01 -2.067900973028765910e-01 -1.338340450754499922e-01 3.416814440359572935e-01 -9.302377327818033281e-01 -3.964347546499876196e-01 -6.187243035358729326e-01 6.586055573256806017e-01
1.584057356006814003e+09 7.987283618087482884e-01 -5.183997291773062566e-01 -3.054418521270775289e-01 -5.837259642464697196e-01 -7.907360224698196660e-01 -1.843923577630894872e-01 -1.459349268932327304e-01 3.255737454760367355e-01 -9.341866696116766233e-01 -4.001687921965418337e-01 -6.152157465966496819e-01 6.697502409786084687e-01
1.584057356006823063e+09 7.920296701330861167e-01 -5.271392597681239245e-01 -3.079175257103757835e-01 -5.896171699758334661e-01 -7.912671739310500607e-01 -1.620118899869745499e-01 -1.582422025843658320e-01 3.098716838552990627e-01 -9.375174372654165866e-01 -4.036841191780567439e-01 -6.117072684480483469e-01 6.809658568428111902e-01
1.584057356006836891e+09 7.848431165445445279e-01 -5.362277194556943627e-01 -3.106140941741091233e-01 -5.956976840092477188e-01 -7.909680701394758984e-01 -1.396917372436346227e-01 -1.707792489109499767e-01 2.946681949101034315e-01 -9.402154558188337008e-01 -4.069792829752967855e-01 -6.082075696048671043e-01 6.922508462303453847e-01
1.584057356006845951e+09 7.771319961283856825e-01 -5.456533701148247317e-01 -3.135733733521636202e-01 -6.019709022538453080e-01 -7.898290751179835034e-01 -1.174779345505162359e-01 -1.835671365274950673e-01 2.800579082341557724e-01 -9.422688972545942843e-01 -4.100531874003116029e-01 -6.047254290307579883e-01 7.036035018901101168e-01
1.584057356006855965e+09 7.688652890504420467e-01 -5.553941258152367277e-01 -3.168336038095068141e-01 -6.084287545936448716e-01 -7.878513824543881272e-01 -9.541828921453643364e-02 -1.966230354168444772e-01 2.661344854732778376e-01 -9.436693371600689551e-01 -4.129051446894886346e-01 -6.012696790206115693e-01 7.150219568385712821e-01
1.584057356006866932e+09 7.600183889704797968e-01 -5.654180479248795965e-01 -3.204285875310525777e-01 -6.150522701759507660e-01 -7.850474420322770541e-01 -7.356098747489155099e-02 -2.099589330262728315e-01 2.529880333584925145e-01 -9.444121461155904340e-01 -4.155349128016052052e-01 -5.978491748942870165e-01 7.265041801912589525e-01
1.584057356006879091e+09 7.505733290770407740e-01 -5.756843925960254404e-01 -3.243873579521309725e-01 -6.218129176056802487e-01 -7.814406913359636109e-01 -5.195326352959916266e-02 -2.235807982727069654e-01 2.407029834230004772e-01 -9.444965329347639882e-01 -4.179427167352955386e-01 -5.944727624805622446e-01 7.380479794511560776e-01
1.584057356006890059e+09 7.405186768807771047e-01 -5.861449488071531766e-01 -3.287342214893570480e-01 -6.286743651524671073e-01 -7.770648096224224144e-01 -3.064024175662360266e-02 -2.374881722743837353e-01 2.293564492602207516e-01 -9.439253082332840217e-01 -4.201292549947410193e-01 -5.911492460619981459e-01 7.496510079773502921e-01
1.584057356006901979e+09 7.298492239430948159e-01 -5.967454814134625085e-01 -3.334890416818637737e-01 -6.355944017897993126e-01 -7.719626695817600748e-01 -9.664023694256843738e-03 -2.516741283933304762e-01 2.190170481212397602e-01 -9.427044425696210483e-01 -4.220956939100573568e-01 -5.878873587459555461e-01 7.613107760305584115e-01
1.584057356006911039e+09 7.185655236891779207e-01 -6.074271608256398558e-01 -3.386677319382676021e-01 -6.425268735489311211e-01 -7.661850957618657754e-01 1.093690852617527041e-02 -2.661255438929064909e-01 2.097442335480937392e-01 -9.408424691157449837e-01 -4.238436530406352043e-01 -5.846957364470631857e-01 7.730246638524790326e-01
1.584057356006922007e+09 7.066733964691501724e-01 -6.181278658199936826e-01 -3.442828087767172418e-01 -6.494234573515736964e-01 -7.597895896150471673e-01 3.112800543595050165e-02 -2.808235815313220862e-01 2.015879986322255402e-01 -9.383498255843386593e-01 -4.253751841061769179e-01 -5.815828962277511671e-01 7.847899356423884143e-01
1.584057356006932020e+09 6.941834524553637253e-01 -6.287833146002458351e-01 -3.503439421726747827e-01 -6.562352016357099194e-01 -7.528391041428095232e-01 5.087871436941775183e-02 -2.957443062028565772e-01 1.945888659124522801e-01 -9.352381936823799258e-01 -4.266927453313029694e-01 -5.785572194473725949e-01 7.966037535843344397e-01
1.584057356006943941e+09 6.811106420561133801e-01 -6.393280059160616480e-01 -3.568585074352463304e-01 -6.629138223317663225e-01 -7.454009085984323324e-01 7.016231032693173719e-02 -3.108593856069545303e-01 1.887781409368288754e-01 -9.315198635537976779e-01 -4.277991736409967882e-01 -5.756269395365800623e-01 8.084631910906922014e-01
1.584057356006957054e+09 6.674738671792317390e-01 -6.496959611323209760e-01 -3.638320971557642558e-01 -6.694127365140006836e-01 -7.375455910055355169e-01 8.895554816550899080e-02 -3.261368194587882519e-01 1.841783360236623202e-01 -9.272071590770021299e-01 -4.286976562824392767e-01 -5.728001340959867349e-01 8.203652447736450304e-01
