1.592833327343321085e+09 4.250817056564959451e-01 -5.757474531287973818e-01 6.984414177214084418e-01 -2.639074160071816499e-01 -8.169343950697686152e-01 -5.128070497612148282e-01 8.658281697427214763e-01 3.366102563601103964e-02 -4.992078886580779695e-01 -4.169450550592075921e-01 -8.086064006063371501e-01 4.909098740058902566e-01
1.592833327343370914e+09 4.263628313975613704e-01 -5.645939065285413561e-01 7.067166737599438475e-01 -2.831747812090706362e-01 -8.253285071996655509e-01 -4.885129464478542016e-01 8.590848500115135788e-01 8.159423590802484041e-03 -5.117681550787585021e-01 -4.302895116799087538e-01 -7.995915875775199133e-01 4.977316501078616340e-01
1.592833327343399048e+09 4.278349536231255690e-01 -5.531786023150070397e-01 7.148081467470392969e-01 -3.021289993346681357e-01 -8.328773798755808588e-01 -4.637168728966164499e-01 8.518657878156883356e-01 -1.756998324162353797e-02 -5.234653527248971372e-01 -4.434754180574798643e-01 -7.903869967729898471e-01 5.046080871761999820e-01
1.592833327343420982e+09 4.295193941456048048e-01 -5.415322732369459713e-01 7.226727387638486322e-01 -3.207830494897891960e-01 -8.395540848847562465e-01 -4.384600028163895824e-01 8.441630917343228013e-01 -4.349409011202809427e-02 -5.343191358581791395e-01 -4.565099640782871449e-01 -7.810066627830544173e-01 5.115354207108611106e-01
1.592833327343442917e+09 4.314482321707999724e-01 -5.296925306300432901e-01 7.302590267899848886e-01 -3.391530317341099332e-01 -8.453313861925360051e-01 -4.127833195997200888e-01 8.359591163795317970e-01 -6.957492932745637515e-02 -5.443635597800307035e-01 -4.694059178267250831e-01 -7.714702699328775948e-01 5.185089129462452373e-01
1.592833327343461990e+09 4.336650273582647319e-01 -5.177033158637232013e-01 7.375079125317136608e-01 -3.572552607938326297e-01 -8.501832619012962278e-01 -3.867261307106104051e-01 8.272262827784802042e-01 -9.576898352190227337e-02 -5.536469806122267245e-01 -4.821800588467595738e-01 -7.618007588655316686e-01 5.255231757407556881e-01
1.592833327343482018e+09 4.362249314135685507e-01 -5.056141547024934901e-01 7.443535020637270794e-01 -3.751029330647769888e-01 -8.540865598257666447e-01 -3.603247677964787066e-01 8.179276245852801219e-01 -1.220265346864671807e-01 -5.622312033657057562e-01 -4.948515432314486984e-01 -7.520222193512636766e-01 5.325724064851832251e-01
1.592833327343502045e+09 4.391939289033707783e-01 -4.934791817892182908e-01 7.507243103908982640e-01 -3.927025121095943927e-01 -8.570227752554163692e-01 -3.336116005667603690e-01 8.080182114530904958e-01 -1.482911329518558918e-01 -5.701897141420214643e-01 -5.074403310586197424e-01 -7.421581633999750904e-01 5.396506002423508974e-01
1.592833327343521118e+09 4.426471035500830764e-01 -4.813559803219698008e-01 7.565447522677182235e-01 -4.100501488718122367e-01 -8.589798749794087529e-01 -3.066144976137979983e-01 7.974474386277257132e-01 -1.744992689569377919e-01 -5.776050450133990433e-01 -5.199657806772307600e-01 -7.322302037327869106e-01 5.467517786185080997e-01
1.592833327343542099e+09 4.466658184244728935e-01 -4.693042223277859026e-01 7.617369584136861604e-01 -4.271284718814211123e-01 -8.599540957175357825e-01 -2.793568007464205527e-01 7.861621432038417012e-01 -2.005804089179136218e-01 -5.845652952552194970e-01 -5.324454782953504939e-01 -7.222571150507756110e-01 5.538702514275247735e-01
1.592833327343560934e+09 4.513341001697336874e-01 -4.573842388434553041e-01 7.662226754269255702e-01 -4.439042093109421550e-01 -8.599515597770501785e-01 -2.518578332104122741e-01 7.741101880416612069e-01 -2.264574422980578927e-01 -5.911602522694526796e-01 -5.448943321612036428e-01 -7.122542268975086133e-01 5.610009085958039821e-01
1.592833327343580008e+09 4.569664503777269848e-01 -4.457643126737991790e-01 7.697245228212894474e-01 -4.603582391582758948e-01 -8.589699247471588306e-01 -2.241449539368446375e-01 7.610860366086583673e-01 -2.519223019180338308e-01 -5.977317115069269438e-01 -5.571130214046199347e-01 -7.020382642253579775e-01 5.682269549204311820e-01
1.592833327343599081e+09 4.636227586026399616e-01 -4.345037238657655232e-01 7.721790284055161102e-01 -4.763903511316966433e-01 -8.570555034595890298e-01 -1.962348024552404424e-01 7.470650382056749361e-01 -2.768797179526398256e-01 -6.043438183208108549e-01 -5.690951841235593056e-01 -6.916174415551108456e-01 5.755558182077125107e-01
1.592833327343611002e+09 4.713488440971544402e-01 -4.236566756388976951e-01 7.735278201924610242e-01 -4.918873639826671362e-01 -8.542679181130736765e-01 -1.681462030297920518e-01 7.320362617930753490e-01 -3.012330419229966028e-01 -6.110495611152956252e-01 -5.808347815273892101e-01 -6.810004200046843037e-01 5.829948175910448782e-01
1.592833327343628883e+09 4.801735511636306963e-01 -4.132704744107488226e-01 7.737188610858912741e-01 -5.067265787909540631e-01 -8.506796520181351129e-01 -1.399010519814547771e-01 7.160038654712906903e-01 -3.248871263979377089e-01 -6.178890029741728185e-01 -5.923261665036562151e-01 -6.701963302989366600e-01 5.905511210913504394e-01
1.592833327343646049e+09 4.901070019440878500e-01 -4.033839193018424751e-01 7.727072799908697442e-01 -5.207798556960631098e-01 -8.463749264234500247e-01 -1.115250024850283211e-01 6.989874596938514539e-01 -3.477512010712389134e-01 -6.248884969413377455e-01 -6.035641401883963253e-01 -6.592147748488091930e-01 5.982317065500308839e-01
1.592833327343663931e+09 5.011402913784577251e-01 -3.940260827104810071e-01 7.704556150472092746e-01 -5.339178006164176926e-01 -8.414480501403016621e-01 -8.304794673205373456e-02 6.810214319735632404e-01 -3.697412951437716866e-01 -6.320610604391325715e-01 -6.145439933809871969e-01 -6.480658111689683309e-01 6.060433285561086514e-01
1.592833327343683958e+09 5.132462745386118241e-01 -3.852154450122690643e-01 7.669337147714013758e-01 -5.460136408193531077e-01 -8.360014260610698633e-01 -5.450431193447163869e-02 6.621535818669800344e-01 -3.907821347286313252e-01 -6.394075050099266022e-01 -6.252615323439147943e-01 -6.367599209332502896e-01 6.139924926748678846e-01
1.592833327343705893e+09 5.263811258479362820e-01 -3.769593622655408316e-01 7.621184617946487050e-01 -5.569465382488821836e-01 -8.301433749442793664e-01 -2.593320121207216139e-02 6.424433548212710177e-01 -4.108084912841866165e-01 -6.469180161350878144e-01 -6.357130905913556118e-01 -6.253079697067107645e-01 6.220854370671200506e-01
1.592833327343740940e+09 5.404864751045759252e-01 -3.692538704273771177e-01 7.559933529206841474e-01 -5.666041722162414862e-01 -8.239859463228131897e-01 2.621573200119055314e-03 6.219598721211945236e-01 -4.297659126909577632e-01 -6.545740431954603089e-01 -6.458955292799040127e-01 -6.137211619980369459e-01 6.303281207991797697e-01
1.592833327343760014e+09 5.554917676360487944e-01 -3.620837501265306013e-01 7.485480974791878239e-01 -5.748845978789627331e-01 -8.176428141180870357e-01 3.111154125073608070e-02 6.007799892517692308e-01 -4.476109769532311544e-01 -6.623502231380125060e-01 -6.558062282625318762e-01 -6.020109949846474962e-01 6.387262181923191173e-01
1.592833327343780041e+09 5.713166510148223187e-01 -3.554228030907554126e-01 7.397782881195849036e-01 -5.816974422851828308e-01 -8.112273271736908375e-01 5.948369223495917485e-02 5.789865025971094870e-01 -4.643111617901023447e-01 -6.702162151968942272e-01 -6.654430694658620693e-01 -5.901892133569187626e-01 6.472851186122482448e-01
1.592833327343795061e+09 5.878733021385211810e-01 -3.492343014452191086e-01 7.296851263275458965e-01 -5.869644939233462644e-01 -8.048507874644156290e-01 8.768063154207783594e-02 5.566665642786707835e-01 -4.798443631893606343e-01 -6.781384250983971684e-01 -6.748044152078493951e-01 -5.782677675270830875e-01 6.560099304070778903e-01
1.592833327343806028e+09 6.050685723037345642e-01 -3.434715471026458800e-01 7.182752393045865880e-01 -5.906198023959127186e-01 -7.986209756386477565e-01 1.156407654946343955e-01 5.339103596203957913e-01 -4.941981726726954460e-01 -6.860815507520554579e-01 -6.838890832537437570e-01 -5.662587764454575234e-01 6.649054880246203503e-01
