1.586175950375531912e+09 3.415039736776064316e-01 -8.092122565630520681e-01 -4.780696182926095772e-01 -2.609286933787058338e-01 4.070278699668995470e-01 -8.753539457234449372e-01 9.029348000436699939e-01 4.236789316389398818e-01 -7.214506178248851487e-02 2.069494804861038151e-01 -4.589549059874206693e-01 6.311106908458191667e-01
1.586175950375596046e+09 3.608343978413461883e-01 -7.988830950904602934e-01 -4.812321039343316897e-01 -2.431900484094051962e-01 4.175466744449767842e-01 -8.755074958367206062e-01 9.003650025873061180e-01 4.329440786718098400e-01 -4.361521573021301390e-02 2.022142154542368453e-01 -4.629634387295989417e-01 6.223851181569887148e-01
1.586175950375628948e+09 3.801580254104756640e-01 -7.883229348702045503e-01 -4.837631922930255013e-01 -2.255742207249978037e-01 4.282162573439541875e-01 -8.750697732994552336e-01 8.969928354531554460e-01 4.417893021840961776e-01 -1.503548488119576566e-02 1.977835853542122269e-01 -4.671402397832388753e-01 6.135788398119517151e-01
1.586175950375657082e+09 3.994625613128418573e-01 -7.775383946651691636e-01 -4.856580145275060101e-01 -2.081025622839203781e-01 4.390228380231089855e-01 -8.740436325016707197e-01 8.928174426349332338e-01 4.502143853077004154e-01 1.356545513582498204e-02 1.936453785264466154e-01 -4.714862244361140431e-01 6.047123664395894771e-01
1.586175950375684023e+09 4.187440644109054477e-01 -7.665326898100253139e-01 -4.869096878448270216e-01 -1.908041434125110625e-01 4.499464982060617513e-01 -8.724344834200641330e-01 8.878328601539051679e-01 4.582311473798454937e-01 4.215481213458573823e-02 1.897854881757258527e-01 -4.760015987976342622e-01 5.958051037135362327e-01
1.586175950375714064e+09 4.380076558773605133e-01 -7.553052048077392167e-01 -4.875072728965830215e-01 -1.737161482351030350e-01 4.609597030588664102e-01 -8.702521773888047818e-01 8.820272067378600589e-01 4.658650018755954303e-01 7.069516805182735064e-02 1.861880753217519946e-01 -4.806857335832563916e-01 5.868751434401985323e-01
1.586175950375740051e+09 4.572676681678726207e-01 -7.438512909927130767e-01 -4.874336228459170139e-01 -1.568838950236985108e-01 4.720259490347795683e-01 -8.675130818447197578e-01 8.753820442068991348e-01 4.731561693083889408e-01 9.914391715975062747e-02 1.828357743029376259e-01 -4.855370512829723650e-01 5.779390658403296133e-01
1.586175950375775099e+09 4.765471459878563576e-01 -7.321623299592937562e-01 -4.866632720714734184e-01 -1.403605393607209317e-01 4.830985491739046012e-01 -8.642422756543162166e-01 8.678719587757125487e-01 4.801605092100872940e-01 1.274525352832841241e-01 1.797099407235273338e-01 -4.905529328183876880e-01 5.690117602405581065e-01
1.586175950375796080e+09 4.958766364548841121e-01 -7.202260920963697854e-01 -4.851605278932829557e-01 -1.242065405890347002e-01 4.941195302909459075e-01 -8.604758133217196292e-01 8.594644244409873624e-01 4.869499628101388033e-01 1.555655393194362024e-01 1.767909386380646930e-01 -4.957296492392763154e-01 5.601062719138032442e-01
1.586175950375813961e+09 5.152922003101174653e-01 -7.080274195736802056e-01 -4.828779572265654574e-01 -1.084889479809455770e-01 5.050186139574429633e-01 -8.562630133167067337e-01 8.501200483759034920e-01 4.936125737076999531e-01 1.834190028629340552e-01 1.740584614035509681e-01 -5.010623236373288325e-01 5.512336826444624860e-01
1.586175950375832081e+09 5.348325959567422627e-01 -6.955492544647083886e-01 -4.797554888270353923e-01 -9.328054161533387567e-02 5.157122500034586610e-01 -8.516687243312601741e-01 8.397933287670737990e-01 5.002520465182919152e-01 2.109385102270304735e-01 1.714918796187445138e-01 -5.065449289445982384e-01 5.424030323059086944e-01
1.586175950375850916e+09 5.545263360482307613e-01 -6.827770328843368874e-01 -4.757268818749819661e-01 -7.865029203474817321e-02 5.261126597686848205e-01 -8.467700992865092591e-01 8.284411109872155121e-01 5.069723787685613825e-01 2.380427125039436820e-01 1.690738884735270842e-01 -5.121721875312887917e-01 5.336215763881597685e-01
1.586175950375869036e+09 5.744073047843969437e-01 -6.696939374221516639e-01 -4.707082732800086378e-01 -6.467979149140082318e-02 5.361071637136983759e-01 -8.416683633351075278e-01 8.160102774862914021e-01 5.139057690218341579e-01 2.646282067109314573e-01 1.667897427886448625e-01 -5.179392931953464840e-01 5.248951877213040573e-01
1.586175950375886917e+09 5.944989483856152335e-01 -6.562862721813234046e-01 -4.646066394904904695e-01 -5.145278884037257638e-02 5.455673207722283591e-01 -8.364860484656492234e-01 8.024485099167029123e-01 5.211953834141808128e-01 2.905714394506601073e-01 1.646248298367422869e-01 -5.238408854789010638e-01 5.162285246469383582e-01
1.586175950375905991e+09 6.148084027642716221e-01 -6.425458911399583029e-01 -4.573241802195778805e-01 -3.905321346613119249e-02 5.543485519989346244e-01 -8.313678666308730314e-01 7.877090037477353368e-01 5.289919289721038975e-01 3.157246659374950970e-01 1.625649018020955960e-01 -5.298711678709050465e-01 5.076250904965561306e-01
1.586175950375924110e+09 6.353204589704117833e-01 -6.284728848437856064e-01 -4.487646906494111576e-01 -2.756262926523955423e-02 5.622902255839347108e-01 -8.264804921669177684e-01 7.717565782399615770e-01 5.374491003544240586e-01 3.399121190187049391e-01 1.605962928091677899e-01 -5.360240583645591306e-01 4.990873387069300060e-01
1.586175950375942945e+09 6.559919884692710923e-01 -6.140784299652481959e-01 -4.388418770576186789e-01 -1.705710570543303786e-02 5.692163149623203910e-01 -8.220108528343077481e-01 7.545750899561310954e-01 5.467179061233425896e-01 3.629269415819452171e-01 1.587061081255111694e-01 -5.422933699884122660e-01 4.906168238441905860e-01
1.586175950375962019e+09 6.767475643281853914e-01 -5.993877227780657346e-01 -4.274892888748204056e-01 -7.603612305413558203e-03 5.749367066934961690e-01 -8.181625563591023997e-01 7.361758753362905860e-01 5.569399800012112545e-01 3.845295039828762196e-01 1.568823729635782094e-01 -5.486730168671799523e-01 4.822143965653289399e-01
1.586175950375981092e+09 6.974769357527916824e-01 -5.844429647524079785e-01 -4.146713701091723769e-01 7.439495961343647878e-04 5.792494374295288351e-01 -8.151500082980360773e-01 7.166068453492652202e-01 5.682398353105208022e-01 4.044479187102665296e-01 1.551141288594162782e-01 -5.551572390733969797e-01 4.738804381070872429e-01
1.586175950375999928e+09 7.180350173747320763e-01 -5.693063713585149177e-01 -4.003947670714185780e-01 7.948753551583156995e-03 5.819440965434359292e-01 -8.131899446420473021e-01 6.959615875235827254e-01 5.807162166442616513e-01 4.223815154599562249e-01 1.533914674218795626e-01 -5.617408379518271655e-01 4.656151279619833994e-01
1.586175950376020908e+09 7.382448596655266648e-01 -5.540631380677771833e-01 -3.847188146631519978e-01 1.399473826430903955e-02 5.828068712856534495e-01 -8.124901835313808052e-01 6.743876293677447675e-01 5.944326623438562773e-01 4.380081454479675118e-01 1.517054934625632345e-01 -5.684194116577878653e-01 4.574187364707381631e-01
1.586175950376039028e+09 7.579039119616801656e-01 -5.388241526598045450e-01 -3.677637732125502157e-01 1.888950535778862599e-02 5.816277374080460749e-01 -8.132357357597185255e-01 6.520926674826903469e-01 6.094076696529893145e-01 4.509960591486825154e-01 1.500482124487903801e-01 -5.751895787458625176e-01 4.492919323229726536e-01
1.586175950376056910e+09 7.767936154896211143e-01 -5.237280491604255905e-01 -3.497150405702961762e-01 2.266582081579748137e-02 5.782100571757226026e-01 -8.155730443064614921e-01 6.293472329833721401e-01 6.256053552730321821e-01 4.610206068866070650e-01 1.484123409276370820e-01 -5.820491760348091015e-01 4.412360935823476105e-01
1.586175950376075983e+09 7.946918972740334430e-01 -5.089419461449927740e-01 -3.308215289322185004e-01 2.538122326363984049e-02 5.723826044512145828e-01 -8.195937700342782462e-01 6.064821366484025589e-01 6.429278729509558810e-01 4.677853870028081396e-01 1.467910430683219136e-01 -5.889974164656430755e-01 4.332536104735709714e-01
1.586175950376095057e+09 8.113875820693170482e-01 -4.946600095733346691e-01 -3.113866836210595346e-01 2.711543413921025519e-02 5.640134163349930230e-01 -8.253203133797735180e-01 5.838792212904211354e-01 6.612112683270993108e-01 4.710464029867747482e-01 1.451776011362048979e-01 -5.960349924662066146e-01 4.253481681973173001e-01
1.586175950376112938e+09 8.266951250505166771e-01 -4.810989865626403850e-01 -2.917514961230137094e-01 2.796561211938451003e-02 5.530240143291376143e-01 -8.326958414485985394e-01 5.619547089533056816e-01 6.802265835302740982e-01 4.706364842722622344e-01 1.435650325006172512e-01 -6.031641102533510379e-01 4.175249980989659271e-01
1.586175950376137972e+09 8.404676096271747054e-01 -4.684901684809797406e-01 -2.722703791236796844e-01 2.803999369569972616e-02 5.394017786653965141e-01 -8.415815350742120726e-01 5.411358018818628324e-01 6.996875613046261710e-01 4.664861848559688773e-01 1.419456707026958697e-01 -6.103884424801914177e-01 4.097910870793802784e-01
1.586175950376156092e+09 8.526060218962181469e-01 -4.570677443666119055e-01 -2.532825470296540260e-01 2.745101640789471276e-02 5.232080776221736951e-01 -8.517627307301010031e-01 5.218327445463307734e-01 7.192651700193363196e-01 4.586373317780814141e-01 1.403107323417331354e-01 -6.177129893473778388e-01 4.021553370729014087e-01
1.586175950376173973e+09 8.630634836656435604e-01 -4.470541915062865579e-01 -2.350829069998275067e-01 2.630924205566117016e-02 5.045800437526923865e-01 -8.629639641843125375e-01 5.044098007581889753e-01 7.386078320276858733e-01 4.472462672294366670e-01 1.386498948075615412e-01 -6.251438420769727111e-01 3.946286688318163538e-01
1.586175950376192093e+09 8.718441277357029673e-01 -4.386441807397629677e-01 -2.178969935079848874e-01 2.471911522798091523e-02 4.837246383694586704e-01 -8.748710989788140990e-01 4.891592608037697576e-01 7.573650092021424474e-01 4.325753813965456107e-01 1.369509117322736946e-01 -6.326878476243151805e-01 3.872240672066949441e-01
1.586175950376207113e+09 8.789973421445426149e-01 -4.319891376973784003e-01 -2.018639580465286520e-01 2.277695924600217983e-02 4.609049719206738116e-01 -8.871571547578389616e-01 4.762823561553787832e-01 7.752109338710697628e-01 4.149736442306223849e-01 1.351992928943248629e-01 -6.403521795935928074e-01 3.799565686462237357e-01
1.586175950376224041e+09 8.846090154451368148e-01 -4.271845833390654490e-01 -1.870300021240450250e-01 2.057092362571501243e-02 4.364205577429096095e-01 -8.995076064893882117e-01 4.658795198854791542e-01 7.918651581906969161e-01 3.948491412921091848e-01 1.333780732078132525e-01 -6.481438260727533374e-01 3.728431944530262721e-01
1.586175950376239061e+09 8.887917609037346844e-01 -4.242618520346035926e-01 -1.733524929203848763e-01 1.818198989339588414e-02 4.105843950444925672e-01 -9.116413055808626487e-01 4.579504570883455861e-01 8.071073879418094732e-01 3.726379521285275165e-01 1.314676920667560700e-01 -6.560690097019521438e-01 3.659028344656357068e-01
1.586175950376250029e+09 8.916758327140296148e-01 -4.231849607753001563e-01 -1.607130936521819209e-01 1.568487686629857839e-02 3.837002188975828232e-01 -9.233244970796298245e-01 4.524026902503389125e-01 8.207853746286095653e-01 3.487738161534590375e-01 1.294459998561942882e-01 -6.641325595856438779e-01 3.591560861900462975e-01
1.586175950376260042e+09 8.934017889677423607e-01 -4.238525552687271158e-01 -1.489370840499888993e-01 1.314784202010378655e-02 3.560429316323602822e-01 -9.343771001777408935e-01 4.490661174859625904e-01 8.328159715303400379e-01 3.236621384627452747e-01 1.272884030291225321e-01 -6.723372585285299907e-01 3.526250541426885765e-01
1.586175950376275063e+09 8.941152711502055039e-01 -4.261041100881764465e-01 -1.378157081245207083e-01 1.063085210942567305e-02 3.278443798436927459e-01 -9.446719260357254733e-01 4.477106956887737521e-01 8.431804967957088337e-01 2.976605163158753120e-01 1.249681532296116754e-01 -6.806831920726716945e-01 3.463331130622396836e-01
1.586175950376285076e+09 8.939636792930939491e-01 -4.297292354623097332e-01 -1.271287710852197494e-01 8.182151653711377051e-03 2.992855089529754542e-01 -9.541285221482423973e-01 4.480647192695281777e-01 8.519160572040727075e-01 2.710664844793680972e-01 1.224567787738878449e-01 -6.891671287068410479e-01 3.403046384669762281e-01
1.586175950376295090e+09 8.930940953454714615e-01 -4.344791176635726115e-01 -1.166654761154417852e-01 5.833755208445760149e-03 2.704948919356615078e-01 -9.627037347951848956e-01 4.498320845766686782e-01 8.591044231931506125e-01 2.441120355893789950e-01 1.197246496458798659e-01 -6.977819617180859302e-01 3.345647071928705696e-01
1.586175950376307011e+09 8.916517593074411163e-01 -4.400792490857914907e-01 -1.062421516721882703e-01 3.596749454176168242e-03 2.415528854604642173e-01 -9.703809907303433402e-01 4.527076359783116510e-01 8.648597910907449560e-01 2.169639100533049814e-01 1.167416603873514536e-01 -7.065162427213882435e-01 3.291387695914916867e-01
1.586175950376317024e+09 8.897785275932915683e-01 -4.462427747525751220e-01 -9.571602770143419758e-02 1.457421539566203759e-03 2.125001381558740410e-01 -9.771599497819716262e-01 4.563902364342926621e-01 8.693164426474927486e-01 1.897284238441244997e-01 1.134780111912265521e-01 -7.153538343875064376e-01 3.240522918433056954e-01
1.586175950376327038e+09 8.876109405667919061e-01 -4.526839324561144351e-01 -8.499456233258767535e-02 -6.248506044985429470e-04 1.833488663438906652e-01 -9.830477114686991813e-01 4.605935604244481008e-01 8.726170126095812440e-01 1.624595998520160511e-01 1.099050626306883327e-01 -7.242737081360643980e-01 3.193303664617760940e-01
1.586175950376336098e+09 8.852777422527795537e-01 -4.591311268550689051e-01 -7.404004030604549591e-02 -2.717253127945683331e-03 1.540952071274039603e-01 -9.880522678115342128e-01 4.650547664139337289e-01 8.749018663136742813e-01 1.351694815435346420e-01 1.059962347104014130e-01 -7.332499100426091987e-01 3.149972899522130998e-01
1.586175950376344919e+09 8.828968975653918028e-01 -4.653391396157695037e-01 -6.286933716022839735e-02 -4.910392209050552445e-03 1.247310316090199656e-01 -9.921784406314306803e-01 4.695412191440467842e-01 8.762999800743191958e-01 1.078396431313023984e-01 1.017279160853045011e-01 -7.422517146030799262e-01 3.110761091115811228e-01
1.586175950376353979e+09 8.805723791556679947e-01 -4.710997640500707018e-01 -5.154898179401116304e-02 -7.312465726723680129e-03 9.525381484641154417e-02 -9.954261594181234019e-01 4.738552659527149324e-01 8.769217315410420266e-01 8.043297746670176329e-02 9.708034393899693526e-02 -7.512439806670627718e-01 3.075881422833832146e-01
1.586175950376363039e+09 8.783911813545790537e-01 -4.762499477149952920e-01 -4.018606678783641362e-02 -1.004138822502139393e-02 6.567352836349310552e-02 -9.977906385843264836e-01 4.778369002070901317e-01 8.768540215740129318e-01 5.290483753095224367e-02 9.203840798339200935e-02 -7.601877153697006451e-01 3.045524908205816117e-01
1.586175950376372099e+09 8.764210312568745387e-01 -4.806766465833773316e-01 -2.891604301941545427e-02 -1.321587723983935064e-02 3.601606832244341749e-02 -9.992638208516749776e-01 4.813642245934511843e-01 8.761579791486325819e-01 2.521267617581285023e-02 8.659233014716347099e-02 -7.690408391764175233e-01 3.019855620175404542e-01
1.586175950376380920e+09 8.747092031525856015e-01 -4.843178690884587523e-01 -1.788887211895857227e-02 -1.694670663838704003e-02 6.323337398666181719e-03 -9.998363990123428913e-01 4.843517515338408574e-01 8.748692572360942110e-01 -2.676511438778342994e-03 8.073817340253888752e-02 -7.777591300315543910e-01 2.999006299347607429e-01
1.586175950376390934e+09 8.732826840457720285e-01 -4.871598454329734151e-01 -7.255266186627602060e-03 -2.132929840814280081e-02 -2.334935817705514893e-02 -9.994998092815474688e-01 4.867467667437387902e-01 8.730006257952324100e-01 -3.078136790114232788e-02 7.447813904207843672e-02 -7.862973079739173921e-01 2.983074646433988564e-01
1.586175950376400948e+09 8.721497067204416753e-01 -4.892308181777620391e-01 2.845304284271512468e-03 -2.643854950599812403e-02 -5.293757226468302768e-02 -9.982477732479316801e-01 4.885241983038537961e-01 8.705462768593996703e-01 -5.910404133416563566e-02 6.782062477699166148e-02 -7.946102063139623972e-01 2.972120590502766446e-01
1.586175950376413107e+09 8.713024124112640489e-01 -4.905924728654154632e-01 1.229356896971343927e-02 -3.232631284386335707e-02 -8.237251939274858881e-02 -9.960771946985461645e-01 4.896806263126652348e-01 8.674870568373166391e-01 -8.763042061968277785e-02 6.078003522392050328e-02 -8.026539657978771780e-01 2.966164748620075953e-01
1.586175950376424074e+09 8.707202605538769680e-01 -4.913302467711441746e-01 2.099563318169581083e-02 -3.902157447046143007e-02 -1.115854284785945533e-01 -9.929884234616273009e-01 4.902280538172241187e-01 8.637958560449709999e-01 -1.163321731694583749e-01 5.337635701192638971e-02 -8.103871863778741025e-01 2.965188182720812637e-01
1.586175950376432896e+09 8.703736442668300599e-01 -4.915438976411043992e-01 2.888453221663950243e-02 -4.653273365098774955e-02 -1.405108181706523629e-01 -9.889850428230415602e-01 4.901881518643379509e-01 8.594424395084380164e-01 -1.451697941302728667e-01 4.563452792017687332e-02 -8.177719760734561971e-01 2.969133456873070953e-01
1.586175950376441956e+09 8.702272665939942975e-01 -4.913393370474585797e-01 3.591880412839631304e-02 -5.485126742956284579e-02 -1.690884516712248820e-01 -9.840733886375098161e-01 4.895874213072491932e-01 8.543973030966189874e-01 -1.740959664758442438e-01 3.758364167765305963e-02 -8.247748457332129135e-01 2.977906914877756495e-01
1.586175950376451015e+09 8.702429489771469351e-01 -4.908223277082570668e-01 4.207912216898392066e-02 -6.395594060682377457e-02 -1.972640742890101884e-01 -9.782619909347951559e-01 4.884535265328228126e-01 8.486343899311868944e-01 -2.030586733631119800e-01 2.925603749615156984e-02 -8.313674103658768022e-01 2.991382034823747982e-01
1.586175950376460075e+09 8.703817391733206232e-01 -4.900941626593398048e-01 4.736391015078379729e-02 -7.381699192602914072e-02 -2.249891987284407535e-01 -9.715610698305277015e-01 4.868127771366944634e-01 8.421327522055035431e-01 -2.320037669165284921e-01 2.068632763822679521e-02 -8.375268725199103148e-01 3.009403653339342011e-01
1.586175950376468897e+09 8.706053073928566866e-01 -4.892491523636699480e-01 5.178480273907878906e-02 -8.439982598117765078e-02 -2.522202880374280753e-01 -9.639821553993499492e-01 4.846886302379960765e-01 8.348773522900587718e-01 -2.608768646993676055e-01 1.191041595177374374e-02 -8.432362787172146268e-01 3.031792810002691407e-01
1.586175950376482964e+09 8.708767272745254751e-01 -4.883735343407668572e-01 5.536259559508599493e-02 -9.566791176652378326e-02 -2.789176802125018506e-01 -9.555378477982030549e-01 4.821010026120239877e-01 8.268592496745234000e-01 -2.896245926926463987e-01 2.964555884060382854e-03 -8.484845546371673208e-01 3.058351943896959746e-01
1.586175950376492023e+09 8.711608041597529439e-01 -4.875453271131293120e-01 5.812406945310739925e-02 -1.075847544528343025e-01 -3.050445384591467524e-01 -9.462416976741629959e-01 4.790661479130590705e-01 8.180754144437347719e-01 -3.181952897053480500e-01 -6.115510812381819150e-03 -8.532663383709158111e-01 3.088870170462439946e-01
1.586175950376502037e+09 8.714241349529076031e-01 -4.868346626483263107e-01 6.009982037886903161e-02 -1.201149503502480231e-01 -3.305660252274766897e-01 -9.361081678520796201e-01 4.755968627911285607e-01 8.085283633610977905e-01 -3.465393338830050074e-01 -1.529530378555653616e-02 -8.575816394477380200e-01 3.123128404510956968e-01
1.586175950376511097e+09 8.716350598395919969e-01 -4.863042444431024958e-01 6.132295197525572394e-02 -1.332245134421216615e-01 -3.554487736290646849e-01 -9.251526352961527699e-01 4.717028213304439443e-01 7.982257520973613518e-01 -3.746092593913246116e-01 -2.454222141705544175e-02 -8.614353586842470323e-01 3.160904125255418751e-01
1.586175950376519918e+09 8.717636153135650545e-01 -4.860097195397832803e-01 6.182840505939992543e-02 -1.468806862015133441e-01 -3.796606608800530691e-01 -9.133913984994638247e-01 4.673909104944035109e-01 7.871799891012667416e-01 -4.023597913931728498e-01 -3.382601568401153586e-02 -8.648367051223428970e-01 3.201975641945317141e-01
1.586175950376528978e+09 8.717815460133756522e-01 -4.859998798915203810e-01 6.165267974599183964e-02 -1.610514449859621611e-01 -4.031708409876367250e-01 -9.008416649428286904e-01 4.626655036598135151e-01 7.754078861287360125e-01 -4.297478819456724830e-01 -4.311912326873178214e-02 -8.677985443023740197e-01 3.246125781815591416e-01
1.586175950376538038e+09 8.716623957961646685e-01 -4.863166876812384243e-01 6.083376678740803900e-02 -1.757048505550874995e-01 -4.259499872251248931e-01 -8.875215006556418373e-01 4.575286585850846799e-01 7.629303295930928153e-01 -4.567327872449307158e-01 -5.239685836185139362e-02 -8.703367115937689080e-01 3.293144955306828159e-01
1.586175950376549959e+09 8.713816524462671964e-01 -4.869952164892504820e-01 5.941106833331896708e-02 -1.908084418243911895e-01 -4.479706371328017744e-01 -8.734497392793082460e-01 4.519802589616698785e-01 7.497719436804233251e-01 -4.832761924229634354e-01 -6.163747875883760635e-02 -8.724693246523976820e-01 3.342833570337002125e-01
1.586175950376559973e+09 8.709169192591970088e-01 -4.880635819981183898e-01 5.742525419308654872e-02 -2.063287274736964327e-01 -4.692075874523954360e-01 -8.586458503643394913e-01 4.460181343307523805e-01 7.359607190270146537e-01 -5.093423643106566034e-01 -7.082214221038113378e-02 -8.742161242904126217e-01 3.395003807754241598e-01
1.586175950376569033e+09 8.702481147824496777e-01 -4.895428658331765215e-01 5.491813337448889221e-02 -2.222307064402341825e-01 -4.896383596371888802e-01 -8.431297587789137182e-01 4.396381830775462074e-01 7.215275874349964536e-01 -5.348983162571393501e-01 -7.993477329159436040e-02 -8.755978669173832829e-01 3.449480803363139669e-01
1.586175950376579046e+09 8.693576497102685208e-01 -4.914471495961542091e-01 5.193241943101341990e-02 -2.384775546118977907e-01 -5.092436238964428430e-01 -8.269216333600538649e-01 4.328345330793824108e-01 7.065059311997430314e-01 -5.599139544052748052e-01 -8.896186279466571090e-02 -8.766357867363450129e-01 3.506103295332449465e-01
1.586175950376588106e+09 8.682305408023873738e-01 -4.937837332359539810e-01 4.851136932166959931e-02 -2.550305229007221453e-01 -5.280075095216341108e-01 -8.100416671563613891e-01 4.255997657412008972e-01 6.909310347826221888e-01 -5.843621691720511935e-01 -9.789222143034052859e-02 -8.773511383165927269e-01 3.564723816628379005e-01
1.586175950376596928e+09 8.668544666821128564e-01 -4.965535083640429947e-01 4.469840118544834290e-02 -2.718489607919462037e-01 -5.459178212771915728e-01 -7.925098580964244910e-01 4.179252041982930432e-01 6.748394963904146282e-01 -6.082188569845244919e-01 -1.067167074673759930e-01 -8.777648227644319068e-01 3.625208525253768022e-01
1.586175950376605988e+09 8.652197773086086618e-01 -4.997514463538781926e-01 4.053676066428810870e-02 -2.888904056544778776e-01 -5.629661798711722565e-01 -7.743457974921551523e-01 4.098012575286640868e-01 6.582686171566232147e-01 -6.314628707840607147e-01 -1.154279446980892854e-01 -8.778970951587390381e-01 3.687436765096414049e-01
1.586175950376615047e+09 8.633194708248144167e-01 -5.033671610331300617e-01 3.606927545868592738e-02 -3.061107003446829067e-01 -5.791481004426586310e-01 -7.555684728334416400e-01 4.012178094616760116e-01 6.412557828913585389e-01 -6.540759057352439898e-01 -1.240200438288342755e-01 -8.777673478407440610e-01 3.751300437537109511e-01
1.586175950376624107e+09 8.611491487934350708e-01 -5.073855143405575641e-01 3.133821171693353114e-02 -3.234641225086570260e-01 -5.944630151073967417e-01 -7.361960916568619506e-01 3.921646404060643576e-01 6.238378504474964004e-01 -6.760423295537372201e-01 -1.324883366610500879e-01 -8.773939610181527016e-01 3.816703256439475944e-01
1.586175950376633883e+09 8.587069541614580359e-01 -5.117872478481230170e-01 2.638522235458357068e-02 -3.409035294890774836e-01 -6.089142333642413307e-01 -7.162459355836087171e-01 3.826318735576798025e-01 6.060505502763646746e-01 -6.973489657493368021e-01 -1.408291297519121688e-01 -8.767942119736358286e-01 3.883559939063001565e-01
1.586175950376642942e+09 8.559934968714919545e-01 -5.165496223974477275e-01 2.125137780649679134e-02 -3.583805195589840897e-01 -6.225088385971391247e-01 -6.957342519387589297e-01 3.726104356064898759e-01 5.879279153203337271e-01 -7.179848395672728811e-01 -1.490394827653729881e-01 -8.759842353600085785e-01 3.951795362191264926e-01
1.586175950376652956e+09 8.530117087910727980e-01 -5.216471566144158523e-01 1.597713382726469178e-02 -3.758457472536876343e-01 -6.352573980677573839e-01 -6.746762280703321180e-01 3.620925284344969075e-01 5.695017843161565008e-01 -7.379408639564835060e-01 -1.571170148990515270e-01 -8.749790266391838101e-01 4.021343703991892005e-01
1.586175950376662016e+09 8.497665713919989594e-01 -5.270525301067396917e-01 1.060211284019742239e-02 -3.932494956936098407e-01 -6.471733813710544014e-01 -6.530860960341967614e-01 3.510720844723961287e-01 5.508014570563599666e-01 -7.572094469781871506e-01 -1.650597401559462385e-01 -8.737924792677587149e-01 4.092147594594069404e-01
1.586175950376671076e+09 8.462647885912638612e-01 -5.327374888839494504e-01 5.164849669902269944e-03 -4.105423180570819119e-01 -6.582724480477023521e-01 -6.309773288140497760e-01 3.395451558957197080e-01 5.318535063539673313e-01 -7.757840776085548340e-01 -1.728659299006556349e-01 -8.724374459235506585e-01 4.164157298607402136e-01
1.586175950376679897e+09 8.425143105686084821e-01 -5.386738790642020547e-01 -2.977329898757978544e-04 -4.276759392088920197e-01 -6.685714367499761002e-01 -6.083629880553020897e-01 3.275101948477432412e-01 5.126818566300167523e-01 -7.936588601769695162e-01 -1.805340007258251500e-01 -8.709258162941881931e-01 4.237329939737142781e-01
1.586175950376689911e+09 8.385236605482259131e-01 -5.448348318190473494e-01 -5.751250422256467057e-03 -4.446044762519037463e-01 -6.780870018228447593e-01 -5.852562497807147768e-01 3.149681422316282786e-01 4.933082445456303256e-01 -8.108279999029877061e-01 -1.880624261160520616e-01 -8.692686062308667694e-01 4.311628765007137765e-01
1.586175950376698971e+09 8.343011062901850572e-01 -5.511959760302249656e-01 -1.116513300263867643e-02 -4.612858416043739695e-01 -6.868340340696533763e-01 -5.616710623048521978e-01 3.019222360220030765e-01 4.737531063668223852e-01 -8.272852940718058434e-01 -1.954496695490159364e-01 -8.674760531947783848e-01 4.387022449417797842e-01
1.586175950376708031e+09 8.298538022526796842e-01 -5.577364554823530662e-01 -1.651403211385251563e-02 -4.776830394049220718e-01 -6.948241631473421887e-01 -5.376228198497360333e-01 2.883774973550577991e-01 4.540368142260192141e-01 -8.430237188424386519e-01 -2.026941349180977348e-01 -8.655577124531328437e-01 4.463484452223320798e-01
1.586175950376717091e+09 8.251870182967282474e-01 -5.644395924697537259e-01 -2.177915129289941659e-02 -4.937651201983852545e-01 -7.020645958613813686e-01 -5.131289404868717430e-01 2.743399189728422671e-01 4.341811256030108646e-01 -8.580351736451663491e-01 -2.097941303004049185e-01 -8.635225501734641318e-01 4.540992431478253488e-01
1.586175950376725912e+09 8.203034738674418458e-01 -5.712932129204327802e-01 -2.694950418767518008e-02 -5.095077705810506785e-01 -7.085573325112246579e-01 -4.882093183398030223e-01 2.598154012243387712e-01 4.142107815524737613e-01 -8.723103724687323313e-01 -2.167478417386748679e-01 -8.613790312210499733e-01 4.619527717909968079e-01
1.586175950376735926e+09 8.152027447224710066e-01 -5.782897190596596459e-01 -3.202320987588479217e-02 -5.248936072914613948e-01 -7.142986957968479045e-01 -4.628866756120650905e-01 2.448084685200267174e-01 3.941552665522037313e-01 -8.858388339727797378e-01 -2.235533162809763275e-01 -8.591352019261121464e-01 4.699074832731603979e-01
1.586175950376744986e+09 8.098807956056064405e-01 -5.854258723240107765e-01 -3.700871609237633975e-02 -5.399120681156279744e-01 -7.192792686238675959e-01 -4.371867938109857410e-01 2.293208578666144914e-01 3.740506407946722067e-01 -8.986089596997287599e-01 -2.302084532120670934e-01 -8.567987676079968917e-01 4.779621040290225054e-01
1.586175950376754045e+09 8.043297086265766005e-01 -5.927022432102185823e-01 -4.192577796733696488e-02 -5.545587809360695841e-01 -7.234843490309367242e-01 -4.111386085563987214e-01 2.133501313578324010e-01 3.539413054977459949e-01 -9.106081890123547407e-01 -2.367110021786436036e-01 -8.543771644695622447e-01 4.861155930731310693e-01
1.586175950376763105e+09 7.985377034567938681e-01 -6.001222732359964285e-01 -4.680591274523562828e-02 -5.688342783055021501e-01 -7.268950555448852047e-01 -3.847741445325639220e-01 1.968885477325641453e-01 3.338814692765837977e-01 -9.218232284064471482e-01 -2.430585678916880599e-01 -8.518776260616708340e-01 4.943671023702995715e-01
1.586175950376770973e+09 7.924893296658822583e-01 -6.076911517017427045e-01 -5.169261700702498796e-02 -5.827423513508332986e-01 -7.294898039779563748e-01 -3.581284379744428259e-01 1.799222458619333942e-01 3.139364428839857557e-01 -9.322402562953184812e-01 -2.492486215788795312e-01 -8.493072445451672614e-01 5.027159383744682630e-01
1.586175950376784086e+09 7.861658674354844445e-01 -6.154144973013420117e-01 -5.664119997540291440e-02 -5.962880420390654912e-01 -7.312461874383850979e-01 -3.312394670472605385e-01 1.624309085466607017e-01 2.941836331313650299e-01 -9.418450987983904010e-01 -2.552785199053466125e-01 -8.466730269135072096e-01 5.111615237335017659e-01
1.586175950376794100e+09 7.795459709052784403e-01 -6.232968482385351505e-01 -6.171805542270472622e-02 -6.094753146486220352e-01 -7.321432767859591406e-01 -3.041480944257102803e-01 1.443880893023747336e-01 2.747130527775569764e-01 -9.506233841461388945e-01 -2.611455323166487763e-01 -8.439819460386146499e-01 5.197033582850260069e-01
1.586175950376804113e+09 7.726065818906691085e-01 -6.313399895255181749e-01 -6.699915961443245194e-02 -6.223045018047947963e-01 -7.321643308378548154e-01 -2.768979955397863346e-01 1.257623827228536439e-01 2.556270924747706674e-01 -9.585606985835473104e-01 -2.668468772779190590e-01 -8.412409858694802622e-01 5.283409789874542462e-01
1.586175950376812935e+09 7.653240636879411474e-01 -6.395412371911484151e-01 -7.256778635245966780e-02 -6.347697839146628773e-01 -7.312997503398819266e-01 -2.495355622621104053e-01 1.065194781568395560e-01 2.370394085723408206e-01 -9.656427495409893869e-01 -2.723797670182426800e-01 -8.384571796897625218e-01 5.370739190817401809e-01
1.586175950376823902e+09 7.576755069357601347e-01 -6.478918037549904474e-01 -7.851138108993319098e-02 -6.468569571682358799e-01 -7.295501040606213738e-01 -2.221097091076763008e-01 8.662507380993224315e-02 2.190727194854270865e-01 -9.718555655800379389e-01 -2.777414597558617304e-01 -8.356376402610936616e-01 5.459016671984879832e-01
1.586175950376833916e+09 7.496400409529119235e-01 -6.563754602762633672e-01 -8.491798567526639974e-02 -6.585418961610020050e-01 -7.269288448264208391e-01 -1.946715844999116207e-01 6.604831763772753273e-02 2.018556658504502832e-01 -9.771857091083092639e-01 -2.829293171854628808e-01 -8.327895806967662296e-01 5.548236277690898888e-01
1.586175950376844883e+09 7.412000441552502039e-01 -6.649676304350855549e-01 -9.187243961987461016e-02 -6.697899303121434000e-01 -7.234644544044518399e-01 -1.672741244706771047e-01 4.476543377087330994e-02 1.855188233448199775e-01 -9.816205082964959416e-01 -2.879408643012819624e-01 -8.299203253316476125e-01 5.638390843615683767e-01
1.586175950376856089e+09 7.323421171903514715e-01 -6.736350340460020014e-01 -9.945282519315463976e-02 -6.805562928264046185e-01 -7.192017252073872324e-01 -1.399714649662837929e-01 2.276303910745190381e-02 1.701902449963456632e-01 -9.851482755113001311e-01 -2.927738480849160219e-01 -8.270373104624969551e-01 5.729471676630422117e-01
1.586175950376864910e+09 7.230577446317248969e-01 -6.823359002031897935e-01 -1.077275144329003509e-01 -6.907875914756298474e-01 -7.142020348311051148e-01 -1.128182483382713652e-01 4.073102131558342665e-05 1.559909384011710087e-01 -9.877584854922369928e-01 -2.974262908685184059e-01 -8.241480755610357534e-01 5.821468299527506884e-01
1.586175950376873970e+09 7.133436373014163667e-01 -6.910206917019952044e-01 -1.167529824252301895e-01 -7.004240783136790327e-01 -7.085426231949171205e-01 -8.586886447489208707e-02 -2.338730230860839795e-02 1.430306081960440734e-01 -9.894419029907753904e-01 -3.018965353451997236e-01 -8.212602464555761594e-01 5.914368270351808565e-01
1.586175950376884937e+09 7.032017760470959944e-01 -6.996332339596671446e-01 -1.265725098402185056e-01 -7.094024202065634110e-01 -7.023149743429439873e-01 -5.917671223081490128e-02 -4.749177444570409912e-02 1.314040139298665588e-01 -9.901906466268650675e-01 -3.061832785336676688e-01 -8.183815125511787469e-01 6.008157082242671088e-01
1.586175950376898050e+09 6.926391958711304309e-01 -7.081120700266362311e-01 -1.372160368524417140e-01 -7.176586385909042853e-01 -6.956224934708237218e-01 -3.279367751551914845e-02 -7.222896282558709247e-02 1.211884606017267080e-01 -9.899981485489430799e-01 -3.102855932501868419e-01 -8.155196005613176702e-01 6.102818141894525983e-01
1.586175950376914024e+09 6.816676343860057496e-01 -7.163918738566539268e-01 -1.487007715065499780e-01 -7.251308530518156825e-01 -6.885778211136723836e-01 -6.769820854461927606e-03 -9.754220858715456632e-02 1.124422850373904825e-01 -9.888590649145719835e-01 -3.142029376222567061e-01 -8.126822471906571810e-01 6.198332814765145082e-01
1.586175950376928091e+09 6.703031270075956449e-01 -7.244048113790259036e-01 -1.610322555224923957e-01 -7.317616104015394196e-01 -6.813000413552199319e-01 1.884673562262388635e-02 -1.233639483010571802e-01 1.052041967850966542e-01 -9.867691794044786135e-01 -3.179351545409691560e-01 -8.098771727472581228e-01 6.294680519799497054e-01
1.586175950376938105e+09 6.585656055631256001e-01 -7.320817514097175405e-01 -1.742057765002598957e-01 -7.374996826493690483e-01 -6.739119864543224869e-01 4.400969048944603640e-02 -1.496180521731981239e-01 9.949343639652873106e-02 -9.837253146900913903e-01 -3.214824634738044917e-01 -8.071120570333496502e-01 6.391838855951843534e-01
1.586175950376946926e+09 6.464785418015717156e-01 -7.393533023213862965e-01 -1.882078358636495585e-01 -7.423013080685252341e-01 -6.665377781151916592e-01 6.867429385678291975e-02 -1.762221986728961520e-01 9.531046537874826585e-02 -9.797252941862775177e-01 -3.248454464901380234e-01 -8.043945184048878483e-01 6.489783747319320950e-01
1.586175950376955986e+09 6.340686504038567373e-01 -7.461506689898270706e-01 -2.030175506821252362e-01 -7.461309168005332282e-01 -6.593006725009773472e-01 9.279697455123514516e-02 -2.030901323179878926e-01 9.263801878230477904e-02 -9.747679702449002503e-01 -3.280250299440254924e-01 -8.017320965773787611e-01 6.588489596936943915e-01
1.586175950376965046e+09 6.213656655734972611e-01 -7.524063127538523910e-01 -2.186079831992892297e-01 -7.489613996748790692e-01 -6.523212549755130762e-01 1.163348716246569575e-01 -2.301337257313830487e-01 9.144244612125282390e-02 -9.688533157875682811e-01 -3.310224637886936550e-01 -7.991322392564248478e-01 6.687929438385289416e-01
1.586175950376974106e+09 6.084021955099069290e-01 -7.580544331646353884e-01 -2.349473238878709846e-01 -7.507740036143762952e-01 -6.457159877952866056e-01 1.392453189665827373e-01 -2.572647746407267788e-01 9.167518520071434029e-02 -9.619825862933703009e-01 -3.338392998230284014e-01 -7.966022924846979381e-01 6.788075078581506938e-01
