1.589264474220962048e+09 4.187656933053285346e-01 -7.113642920138493198e-01 -5.644432108764533274e-01 -2.843363015235937930e-01 4.875989171103912723e-01 -8.254696626366173628e-01 8.624315404349706116e-01 5.061700704816456398e-01 1.923006704728307502e-03 2.003482380389686179e-01 -4.827349775862356251e-01 5.945701226108658366e-01
1.589264474221008062e+09 4.375084003287427747e-01 -6.962138638473872598e-01 -5.690981071615625053e-01 -2.716933003675173208e-01 5.009554275008010205e-01 -8.217216137218613659e-01 8.571867651620612705e-01 5.141302516070394013e-01 3.001556524085882346e-02 1.967615082376048541e-01 -4.882839495963646748e-01 5.858838342255513476e-01
1.589264474221024990e+09 4.562366573679578763e-01 -6.807740108991913175e-01 -5.730574654468214568e-01 -2.593196561589250493e-01 5.143203050426671252e-01 -8.174521025820217224e-01 8.512352369331772639e-01 5.215566796439264907e-01 5.811369430627663646e-02 1.934438427131325855e-01 -4.940019130951861515e-01 5.772002107967399986e-01
1.589264474221038103e+09 4.749537623937914455e-01 -6.650442778982235126e-01 -5.763115755991284894e-01 -2.472551706122713688e-01 5.276616079033703555e-01 -8.126734328244037409e-01 8.445613088406487279e-01 5.284783213727801687e-01 8.617922948977640996e-02 1.903768115687152485e-01 -4.998861264385383030e-01 5.685355307529800228e-01
1.589264474221048117e+09 4.936711422445593245e-01 -6.490187082215949088e-01 -5.788467153238427976e-01 -2.355504978741636279e-01 5.409380805169909934e-01 -8.074044564365618903e-01 8.371408283386834182e-01 5.349399121548515934e-01 1.141688401793628793e-01 1.875407533801768667e-01 -5.059329474742300103e-01 5.599041892415703714e-01
1.589264474221059084e+09 5.124077225225142085e-01 -6.326859230035064563e-01 -5.806434782915337323e-01 -2.242669515957063930e-01 5.540981240205781200e-01 -8.016730029557628256e-01 8.289406857794223704e-01 5.410025803982214665e-01 1.420336144485578600e-01 1.849150759806205135e-01 -5.121377777854385638e-01 5.513185485568248279e-01
1.589264474221069098e+09 5.311886213058591988e-01 -6.160296083194161110e-01 -5.816753135744292535e-01 -2.134760184800565397e-01 5.670788856595468941e-01 -7.955184015981857648e-01 8.199186778985773083e-01 5.467440528642137920e-01 1.697183033262552043e-01 1.824785895447842143e-01 -5.184950347953968253e-01 5.427888273355605531e-01
1.589264474221079111e+09 5.500430932896952507e-01 -5.990294694356650407e-01 -5.819074586460951659e-01 -2.032585875801757036e-01 5.798054309463102074e-01 -7.889940488688558240e-01 8.100237912295905618e-01 5.522584152796893298e-01 1.971600887941532543e-01 1.802098648621214272e-01 -5.249981566991331894e-01 5.343230361279935892e-01
1.589264474221087933e+09 5.690017118430495957e-01 -5.816626806143979644e-01 -5.812964631397015136e-01 -1.937039173608580134e-01 5.921899310312095377e-01 -7.821699804617576746e-01 7.991969998670377384e-01 5.576554597988337969e-01 2.242867445969146112e-01 1.780876079821898939e-01 -5.316396451978537829e-01 5.259269666182864178e-01
1.589264474221098900e+09 5.880927286412863664e-01 -5.639058915180380493e-01 -5.797905554510170978e-01 -1.849082115093292622e-01 6.041309061387453161e-01 -7.751353442658234227e-01 7.873727809150788959e-01 5.630594942390235724e-01 2.510141631030558540e-01 1.760910393758084447e-01 -5.384111496831950339e-01 5.176042406363291493e-01
1.589264474221110106e+09 6.073375784986995152e-01 -5.457378459765134249e-01 -5.773311609223577001e-01 -1.769725694758791101e-01 6.155126755174296083e-01 -7.680005574842883043e-01 7.744816173965726191e-01 5.686073777606265311e-01 2.772433489336585954e-01 1.742002629365804467e-01 -5.453035946069521023e-01 5.093564230818569127e-01
1.589264474221120119e+09 6.267943834099342082e-01 -5.271214900223825106e-01 -5.738220419625318369e-01 -1.700696804543171958e-01 6.261318043609535033e-01 -7.609436692183989548e-01 7.603979911881921794e-01 5.745449491777149253e-01 3.028085147883335937e-01 1.724091981774883708e-01 -5.523217066001194775e-01 5.011927524575545689e-01
1.589264474221128941e+09 6.464509178256041544e-01 -5.080571271945232281e-01 -5.691916781796690916e-01 -1.643022645009985239e-01 6.358280600253557457e-01 -7.541402020380120197e-01 7.450543450028173087e-01 5.810341073432166992e-01 3.275566963951001553e-01 1.707039762030261310e-01 -5.594587514110336279e-01 4.931142540595369050e-01
1.589264474221138954e+09 6.662689723111597795e-01 -4.885626507411005570e-01 -5.633757121104584487e-01 -1.597632271856843089e-01 6.444253108861212054e-01 -7.477912344326045346e-01 7.283964360552438455e-01 5.882368190603739500e-01 3.513062437542628924e-01 1.690715652659627866e-01 -5.667080051260632301e-01 4.851210768383318328e-01
1.589264474221151114e+09 6.861797480892145584e-01 -4.686784286880447681e-01 -5.563253400254505321e-01 -1.565292605471593490e-01 6.517329758136213291e-01 -7.421204209529462803e-01 7.103914021059116735e-01 5.963091975062868588e-01 3.738440811894481186e-01 1.674999056193104130e-01 -5.740629445692937427e-01 4.772127218435595619e-01
1.589264474221173048e+09 7.060810028522940263e-01 -4.484720800377203775e-01 -5.480167980978732922e-01 -1.546537572015854178e-01 6.575485605855841964e-01 -7.373683653513732894e-01 6.910367812739791615e-01 6.053946516214568918e-01 3.949246548034334170e-01 1.659779883203278406e-01 -5.815174512006097141e-01 4.693883096866947047e-01
1.589264474221182108e+09 7.258366760246387495e-01 -4.280428840391594103e-01 -5.384611493140876171e-01 -1.541595311648912558e-01 6.616615171628266179e-01 -7.337839436935809090e-01 6.703700164574168952e-01 6.156162168466567941e-01 4.142713058459036035e-01 1.644958681855454852e-01 -5.890660205642126446e-01 4.616468791050362674e-01
1.589264474221191883e+09 7.452795456074537972e-01 -4.075255043042620429e-01 -5.277133335442737438e-01 -1.550319358946127268e-01 6.638588626477762711e-01 -7.316122673263937282e-01 6.484778315609793786e-01 6.270680777574140219e-01 4.315809635382093501e-01 1.630446035121769499e-01 -5.967039676363934397e-01 4.539877066724561927e-01
1.589264474221201897e+09 7.642173142450539025e-01 -3.870925292464529877e-01 -5.158791239906553860e-01 -1.572132214160628649e-01 6.639329884995310849e-01 -7.310793323297838375e-01 6.255045162839533157e-01 6.398065027032729946e-01 4.465330216948815711e-01 1.616161183140588653e-01 -6.044276167490404417e-01 4.464106359056650430e-01
1.589264474221210957e+09 7.824422364387315643e-01 -3.669551361510783316e-01 -5.031183507374830111e-01 -1.605992470840658104e-01 6.616918221674989997e-01 -7.323740947619482577e-01 6.016577338834431243e-01 6.538408528434547229e-01 4.588029104835333327e-01 1.602029867118605067e-01 -6.122344633677794246e-01 4.389164026608469715e-01
1.589264474221220970e+09 7.997438976584452242e-01 -3.473610044918239992e-01 -4.896427584231329844e-01 -1.650396501833645280e-01 6.569712344322456987e-01 -7.356294660776041550e-01 5.772101976679021584e-01 6.691256459027661307e-01 4.680803968981874230e-01 1.587981437304763210e-01 -6.201232946291554970e-01 4.315069435369668360e-01
1.589264474221230030e+09 8.159241459100257110e-01 -3.285885610663155654e-01 -4.757072059755544369e-01 -1.703423793733248315e-01 6.496489659879136624e-01 -7.409046464599650106e-01 5.524954861121315064e-01 6.855550881177431277e-01 4.740917202805488562e-01 1.573945315081221319e-01 -6.280942554344112194e-01 4.241856742787401546e-01
1.589264474221240044e+09 8.308124924948588896e-01 -3.109369213884286554e-01 -4.615937969596985990e-01 -1.762829606870312815e-01 6.396585247429074084e-01 -7.481719654336420611e-01 5.278966947683058075e-01 7.029617364812090763e-01 4.766234120907184568e-01 1.559846947933304362e-01 -6.361488469128651069e-01 4.169577255009884187e-01
1.589264474221249104e+09 8.442797707468530088e-01 -2.947115506667135065e-01 -4.475899582999686710e-01 -1.826179341669778577e-01 6.270008165599039174e-01 -7.573114725920214729e-01 5.038277077407751214e-01 7.211207099024874445e-01 4.755444909988824631e-01 1.545603444742690569e-01 -6.442898460050632270e-01 4.098301251383002497e-01
1.589264474221257925e+09 8.562478504997563800e-01 -2.802064460828322390e-01 -4.339630931863687757e-01 -1.891007878673650611e-01 6.117511820228698216e-01 -7.681154754900206827e-01 4.807083427603951464e-01 7.397599875487443910e-01 4.708233748226757220e-01 1.531119120079902918e-01 -6.525211375410319148e-01 4.028119195256755769e-01
1.589264474221267939e+09 8.666938672452505488e-01 -2.676844290087712075e-01 -4.209356092152639617e-01 -1.954979788147885589e-01 5.940598953268859672e-01 -7.803033906175462775e-01 4.589360315052822825e-01 7.585762239473854418e-01 4.625363031210485421e-01 1.516281207038704115e-01 -6.608474538221047467e-01 3.959142280615943754e-01
1.589264474221277952e+09 8.756484940300051090e-01 -2.573578644038404528e-01 -4.086644646799910685e-01 -2.016025651854416179e-01 5.741449918304383226e-01 -7.935451684890866275e-01 4.388577455929389970e-01 7.772544360052583423e-01 4.508651917150057198e-01 1.500956013908088249e-01 -6.692740214699648416e-01 3.891502300418486771e-01
1.589264474221287966e+09 8.831889533368947331e-01 -2.493724747432724820e-01 -3.972287020140933822e-01 -2.072435702508412525e-01 5.522776133481830385e-01 -8.074896536487738974e-01 4.207462127519852602e-01 7.954890363388569252e-01 4.360846451969114801e-01 1.484985794887800636e-01 -6.778061210813172144e-01 3.825350864873951484e-01
1.589264474221297026e+09 8.894284909880926238e-01 -2.437964000113039542e-01 -3.866267902252477628e-01 -2.122902910794051690e-01 5.287616917462740762e-01 -8.217931041452810614e-01 4.047836360113240550e-01 8.130033142487435027e-01 4.185401047629592752e-01 1.468186580514725670e-01 -6.864485706934129183e-01 3.760858031437941396e-01
1.589264474221306086e+09 8.945044723153826594e-01 -2.406156581928930172e-01 -3.767835641318300066e-01 -2.166520412573336163e-01 5.039108959516981345e-01 -8.361433503448344462e-01 3.910545259630751058e-01 8.295648945473830249e-01 3.986206764774778422e-01 1.450347177330999215e-01 -6.952051485245505091e-01 3.698210422859177227e-01
1.589264474221316099e+09 8.985670380224091147e-01 -2.397360372088255254e-01 -3.675648389097468938e-01 -2.202747716375665910e-01 4.780261028828264314e-01 -8.502764669849286472e-01 3.795474982240657491e-01 8.449956672748457631e-01 3.767306984247090762e-01 1.431229499562394480e-01 -7.040779746684604490e-01 3.637608915315760361e-01
1.589264474221324921e+09 9.017695918248445075e-01 -2.409905275427024485e-01 -3.587968353462003823e-01 -2.231363624450730943e-01 4.513762649604446398e-01 -8.639847403460529929e-01 3.701645137808159958e-01 8.591757872213425795e-01 3.532636404259236751e-01 1.410570339556736774e-01 -7.130668752520881171e-01 3.579265977136774080e-01
1.589264474221333981e+09 9.042616545360023794e-01 -2.441507554624958720e-01 -3.502874089981097838e-01 -2.252421613100323849e-01 4.241846826218634847e-01 -8.771164826652566582e-01 3.627352052825034145e-01 8.720422947962331861e-01 3.285808990068617708e-01 1.388084623277472118e-01 -7.221687555948506088e-01 3.523402727288098557e-01
1.589264474221343994e+09 9.061839822750276108e-01 -2.489407767919239733e-01 -3.418465738867526582e-01 -2.266217489497953375e-01 3.966215916953057530e-01 -8.895695005280449541e-01 3.570338547221283410e-01 8.835835008213117625e-01 3.029967391170916291e-01 1.363470123494313069e-01 -7.313770117013620453e-01 3.470245779993726409e-01
1.589264474221353054e+09 9.076654236043575352e-01 -2.550520242067206844e-01 -3.333045812779680817e-01 -2.273271545771290147e-01 3.688030049235285768e-01 -9.012805937758445740e-01 3.527971709512187082e-01 8.938304138787273034e-01 2.767694846820676902e-01 1.336413530664938565e-01 -7.406810104688200669e-01 3.420023930412048885e-01
1.589264474221363068e+09 9.088209343658447681e-01 -2.621585045905899247e-01 -3.245264671624237263e-01 -2.274321287702215644e-01 3.407950624389364247e-01 -9.122134358723203995e-01 3.497415278562733820e-01 9.028464122706959527e-01 2.500984202262573897e-01 1.306597713203071776e-01 -7.500656685074701402e-01 3.372964722215013311e-01
1.589264474221371889e+09 9.097502876908422076e-01 -2.699316272267660022e-01 -3.154224640523333734e-01 -2.270317117085304537e-01 3.126226640325127093e-01 -9.223468285724230054e-01 3.475787913129302908e-01 9.107161944385996355e-01 2.231255191001125238e-01 1.273709959887333876e-01 -7.595111571919136439e-01 3.329290900190968183e-01
1.589264474221381903e+09 9.105372005018974590e-01 -2.780542546707959750e-01 -3.059539803979364203e-01 -2.262412190559447700e-01 2.842808757363046723e-01 -9.316647974762043427e-01 3.460302263492578967e-01 9.175348578673652167e-01 1.959409791441611426e-01 1.237450948255793826e-01 -7.689927597200013620e-01 3.289216742403053284e-01
1.589264474221391916e+09 9.112487782965478234e-01 -2.862336511928320060e-01 -2.961350386860264750e-01 -2.251938735028489735e-01 2.557475074989587482e-01 -9.401494200979704230e-01 3.448381992102093618e-01 9.233978067871825290e-01 1.685915390613017262e-01 1.197544134757839301e-01 -7.784809032018387143e-01 3.252944269920033937e-01
1.589264474221400976e+09 9.119353168157900980e-01 -2.942129614430633033e-01 -2.860292142818495753e-01 -2.240365784920932690e-01 2.269953226292591719e-01 -9.477767328689239434e-01 3.437754931433918415e-01 9.283920815392537884e-01 1.410905861714613907e-01 1.153745212803197057e-01 -7.879413847627632084e-01 3.220659350906097118e-01
1.589264474221434116e+09 9.126305945478621062e-01 -3.017806259942513170e-01 -2.757423649522118825e-01 -2.229237779969630850e-01 1.980025168831852922e-01 -9.545155802170972592e-01 3.426519915931496851e-01 9.325896510893596503e-01 1.134290773798845159e-01 1.105851229215487619e-01 -7.973358045891082435e-01 3.192527755766315090e-01
1.589264474221445084e+09 9.133528033468373275e-01 -3.087769388751339661e-01 -2.654118663456486726e-01 -2.220098870869177676e-01 1.687604146389454496e-01 -9.603288670305825114e-01 3.413184244920662302e-01 9.360431211763545756e-01 8.558626442168873472e-02 1.053708875521664201e-01 -8.066222091070275324e-01 3.168691297128905515e-01
1.589264474221456051e+09 9.141061742492522235e-01 -3.150970909870364212e-01 -2.551935062077563265e-01 -2.214411427951365197e-01 1.392778239859769618e-01 -9.651764130919342488e-01 3.396670762971661373e-01 9.387840599543972875e-01 5.753925887818654716e-02 9.972214514999326596e-02 -8.157559338946909211e-01 3.149264234210618074e-01
1.589264474221466064e+09 9.148832409655828224e-01 -3.206903338733481101e-01 -2.452475592543519600e-01 -2.213479381960735959e-01 1.095820507430513846e-01 -9.690185059001666934e-01 3.376295986723451548e-01 9.408238326796588558e-01 2.927063749366566603e-02 9.363540189650954026e-02 -8.246906200762282868e-01 3.134330157873163047e-01
1.589264474221476078e+09 9.156675631242401359e-01 -3.255553624895876075e-01 -2.357257303649604174e-01 -2.218386883768190820e-01 7.971709206607087428e-02 -9.718193154786948229e-01 3.351723592782072103e-01 9.421565110986722669e-01 7.735807875597355832e-04 8.711363258305050705e-02 -8.333793607742564502e-01 3.123939599374526699e-01
1.589264474221493959e+09 9.164366366975295053e-01 -3.297325642610947627e-01 -2.267605061381469667e-01 -2.229960182116826339e-01 4.973990639074798298e-02 -9.735495457035926448e-01 3.322900344922180005e-01 9.427631611348944451e-01 -2.794557641342787502e-02 8.016632184162662822e-02 -8.417759191689311304e-01 3.118108582829576814e-01
1.589264474221507072e+09 9.171646825956724092e-01 -3.332942652863474242e-01 -2.184579545041073489e-01 -2.248755925754394314e-01 1.971580845778559896e-02 -9.741879978353243930e-01 3.289983481805460186e-01 9.426166876496434588e-01 -5.686710222847429774e-02 7.280924621947169884e-02 -8.498359511812334510e-01 3.116818264994515864e-01
1.589264474221517086e+09 9.178250250260041598e-01 -3.363342775723247025e-01 -2.108944696420994025e-01 -2.275075612228166233e-01 -1.028604960478494978e-02 -9.737219865730007973e-01 3.253268099388400003e-01 9.416864930122408328e-01 -8.595938500420703676e-02 6.506401079846173274e-02 -8.575181656406635211e-01 3.120015704928403855e-01
1.589264474221527100e+09 9.183918733378931831e-01 -3.389581126844258829e-01 -2.041170374859291314e-01 -2.308999413785400023e-01 -4.019640606450649439e-02 -9.721468337533075710e-01 3.213122847028243023e-01 9.399423636533392745e-01 -1.151814610334560701e-01 5.695737196891362264e-02 -8.647853612433868964e-01 3.127615717470383361e-01
1.589264474221535921e+09 9.188414401520097474e-01 -3.412748031673272231e-01 -1.981462004232929508e-01 -2.350431787768674508e-01 -6.994848327229263862e-02 -9.694647565353101681e-01 3.169938677841174779e-01 9.373573057344034565e-01 -1.444858796927303846e-01 4.852039059832298495e-02 -8.716052902455077023e-01 3.139503697553197581e-01
1.589264474221546888e+09 9.191524549137587430e-01 -3.433908268751004189e-01 -1.929805814162409427e-01 -2.399150273644013731e-01 -9.947942751645329207e-02 -9.656835006933865984e-01 3.124092580478355363e-01 9.339093016558361882e-01 -1.738213796507369069e-01 3.978746742116714974e-02 -8.779513117163351144e-01 3.155539255600705029e-01
1.589264474221556902e+09 9.193061840683852681e-01 -3.454061560438653755e-01 -1.886020346134419379e-01 -2.454851965900420596e-01 -1.287307715679140152e-01 -9.608149702582566842e-01 3.075925201179430246e-01 9.295821513006010672e-01 -2.031350925069706770e-01 3.079531671584515018e-02 -8.838028129822039780e-01 3.175560458294318655e-01
1.589264474221565962e+09 9.192861164960715037e-01 -3.474121641532998961e-01 -1.849806054039088155e-01 -2.517193238706587621e-01 -1.576481992006012189e-01 -9.548740375801421099e-01 3.025729965677931843e-01 9.243656385237176698e-01 -2.323741558814189645e-01 2.158193375478481557e-02 -8.891453940814262324e-01 3.199388443008682192e-01
1.589264474221575022e+09 9.190774843743964029e-01 -3.494909313752168067e-01 -1.820787378092771913e-01 -2.585820119291744046e-01 -1.861809157784726498e-01 -9.478776345458554964e-01 2.973750511858229140e-01 9.182552780577645235e-01 -2.614867558945629389e-01 1.218560670624275685e-02 -8.939708250412438106e-01 3.226832169055447452e-01
1.589264474221585035e+09 9.186667737933896793e-01 -3.517154222784302786e-01 -1.798544428677123219e-01 -2.660388405726700212e-01 -2.142808986619937350e-01 -9.398441531131928039e-01 2.920183115503796611e-01 9.112518633139975455e-01 -2.904227050060114168e-01 2.644015876206357030e-03 -8.982767994712862469e-01 3.257693075692664197e-01
1.589264474221594095e+09 9.180413430549345666e-01 -3.541500487514035456e-01 -1.782633881955998922e-01 -2.740574032193454079e-01 -2.419022391174922015e-01 -9.307931278304054645e-01 2.865181188502533560e-01 9.033609742905566176e-01 -3.191336991862562811e-01 -7.006547761237078703e-03 -9.020665158141497608e-01 3.291769458225954348e-01
1.589264474221602917e+09 9.171891940825217526e-01 -3.568512753600818210e-01 -1.772601187290641089e-01 -2.826075896021132405e-01 -2.690006846078372149e-01 -9.207451234437765697e-01 2.808859783000511867e-01 8.945925324666973433e-01 -3.475733998829885762e-01 -1.673182345757134870e-02 -9.053481244835920316e-01 3.328860406066286304e-01
1.589264474221612930e+09 9.160989017323022399e-01 -3.598680766712308854e-01 -1.767986702368634921e-01 -2.916613464694526314e-01 -2.955334216501888656e-01 -9.097217464857342284e-01 2.751298992653687936e-01 8.849604309066810837e-01 -3.756974507721136947e-01 -2.650007097310211682e-02 -9.081340794208221379e-01 3.368769205233861919e-01
1.589264474221622944e+09 9.147596748458541871e-01 -3.632421875567516389e-01 -1.768328323999739660e-01 -3.011921337206607263e-01 -3.214590874332490245e-01 -8.977457067884397901e-01 2.692545934823416531e-01 8.744822287929260307e-01 -4.034634998001567774e-01 -3.628240947783910320e-02 -9.104404296594358348e-01 3.411306164344227732e-01
1.589264474221632957e+09 9.131615191112948393e-01 -3.670081613343027516e-01 -1.773162420312115461e-01 -3.111742248597427762e-01 -3.467379814202341537e-01 -8.848408751799707872e-01 2.632615468491629751e-01 8.631788817754113552e-01 -4.308312619396511556e-01 -4.605301131132341630e-02 -9.122860854416663390e-01 3.456290852288202986e-01
1.589264474221642017e+09 9.112954316781196606e-01 -3.711933518731048154e-01 -1.782025024726176798e-01 -3.215820441501368032e-01 -3.713323894930523061e-01 -8.710322874378977343e-01 2.571490333183055754e-01 8.510744692601498462e-01 -4.577626270175307321e-01 -5.578916320678417584e-02 -9.136920934581718168e-01 3.503553749656430627e-01
1.589264474221651077e+09 9.091535993494472834e-01 -3.758178990850405965e-01 -1.794453668305631133e-01 -3.323895882541423319e-01 -3.952069714147393720e-01 -8.563460817514891854e-01 2.509121253858452860e-01 8.381958939650574480e-01 -4.842217972494132772e-01 -6.547121312736299548e-02 -9.146809503720556567e-01 3.552937348442772314e-01
1.589264474221661091e+09 9.067296255261841909e-01 -3.808947125411832890e-01 -1.809989069332180178e-01 -3.435698581430576826e-01 -4.183292257992947683e-01 -8.408093789815970220e-01 2.445427141135103344e-01 8.245725419799760925e-01 -5.101754445714282715e-01 -7.508242423535591015e-02 -9.152759771391689725e-01 3.604296759592931498e-01
1.589264474221669912e+09 9.040187191696811286e-01 -3.864295814612894175e-01 -1.828177620532707159e-01 -3.550944360352989437e-01 -4.406699291991675871e-01 -8.244500927054776440e-01 2.380296140122726001e-01 8.102358867995780312e-01 -5.355928592244728614e-01 -8.460875921957557166e-02 -9.155007714094586246e-01 3.657499895081971486e-01
1.589264474221688986e+09 9.010178101894912306e-01 -3.924214840645152136e-01 -1.848574713817153214e-01 -3.669332545369149989e-01 -4.622034760358765815e-01 -8.072966826520455719e-01 2.313587964560432086e-01 7.952190426362429898e-01 -5.604460560911144196e-01 -9.403861788500551822e-02 -9.153787474072395680e-01 3.712427304130941907e-01
1.589264474221707106e+09 8.977256190525547686e-01 -3.988630525554116568e-01 -1.870747934987251615e-01 -3.790544772871802248e-01 -4.829081299376816738e-01 -7.893778826736476129e-01 2.245137332296507360e-01 7.795562863144324117e-01 -5.847098257391543097e-01 -1.033625485792601384e-01 -9.149327650926785127e-01 3.768971749605712906e-01
1.589264474221716881e+09 8.941427038921057058e-01 -4.057411436907355506e-01 -1.894279534618700800e-01 -3.914244374348683775e-01 -5.027661996494158236e-01 -7.707224264510393885e-01 2.174758265210761377e-01 7.632825643183858144e-01 -6.083617280397414229e-01 -1.125729505765607347e-01 -9.141848448508953506e-01 3.827037606456274443e-01
1.589264474221726894e+09 8.902715023963687635e-01 -4.130374687314180560e-01 -1.918767875605579820e-01 -4.040076022725631044e-01 -5.217641517815739816e-01 -7.513587875225299362e-01 2.102249024138999056e-01 7.464329973448370348e-01 -6.313820326370122027e-01 -1.216637810368092348e-01 -9.131559610501571722e-01 3.886540149785605025e-01
1.589264474221736908e+09 8.861163775982838775e-01 -4.207292484766149143e-01 -1.943827795564788130e-01 -4.167665525990263964e-01 -5.398926669636263664e-01 -7.313149452591017896e-01 2.027397500671055119e-01 7.290423909626780885e-01 -6.537536127465191083e-01 -1.306302762293505559e-01 -9.118659048060979710e-01 3.947404791252870915e-01
1.589264474221746922e+09 8.816836660591470531e-01 -4.287898763466019281e-01 -1.969090020970919730e-01 -4.296619855501522256e-01 -5.571466349789324646e-01 -7.106181855753835874e-01 1.949986960226353372e-01 7.111447597075182259e-01 -6.754617972520609026e-01 -1.394686938720892944e-01 -9.103332063982179090e-01 4.009566303560848644e-01
1.589264474221755981e+09 8.769817278628712076e-01 -4.371895722006803875e-01 -1.994199767158333081e-01 -4.426527458055277142e-01 -5.735250885425555722e-01 -6.892949439889850538e-01 1.869802018956248923e-01 6.927728711173353204e-01 -6.964941876282181310e-01 -1.481760818378644040e-01 -9.085751092832083931e-01 4.072968051415158941e-01
1.589264474221765041e+09 8.720209126096625241e-01 -4.458961292599305515e-01 -2.018815743006954766e-01 -4.556960347933772248e-01 -5.890309571798556521e-01 -6.673707033748734752e-01 1.786635164856505420e-01 6.739578425832551956e-01 -7.168404107990020702e-01 -1.567500765623958681e-01 -9.066075873563543830e-01 4.137561239054536322e-01
1.589264474221775055e+09 8.668133593057341102e-01 -4.548758285625839060e-01 -2.042610606021510178e-01 -4.687479184709887892e-01 -6.036705334346001983e-01 -6.448699685654448732e-01 1.700293778699173419e-01 6.547288506219420823e-01 -7.364917807290286555e-01 -1.651887317986164838e-01 -9.044453956692096730e-01 4.203304186871213988e-01
1.589264474221786022e+09 8.613727210533691503e-01 -4.640943463615406772e-01 -2.065271731760097429e-01 -4.817639464414904538e-01 -6.174528009543428508e-01 -6.218163224525831145e-01 1.610606581926607161e-01 6.351129635372648741e-01 -7.554409230286879273e-01 -1.734903759848386018e-01 -9.021021445477669376e-01 4.270161650891402538e-01
1.589264474221796036e+09 8.557136739744867215e-01 -4.735178003748651276e-01 -2.086504278954151304e-01 -4.947000959339791226e-01 -6.303884535381613086e-01 -5.982325744176547611e-01 1.517429521982132934e-01 6.151351807187281917e-01 -7.736813208015846932e-01 -1.816534960635742546e-01 -8.995903894653032307e-01 4.338104188341499468e-01
1.589264474221805096e+09 8.498511302242816035e-01 -4.831139696567873232e-01 -2.106037723752273716e-01 -5.075141215062520805e-01 -6.424885371589670324e-01 -5.741410074683442888e-01 1.420650316463742402e-01 5.948187725059527198e-01 -7.912067712771437833e-01 -1.896766460518717889e-01 -8.969217314659998497e-01 4.407107561965220577e-01
1.589264474221813917e+09 8.437991958131091375e-01 -4.928535647607952264e-01 -2.123635585674523152e-01 -5.201671784183645730e-01 -6.537628334774209238e-01 -5.495637037009891701e-01 1.320190286756053877e-01 5.741859641697948380e-01 -8.080108012117961369e-01 -1.975583778235457666e-01 -8.941069230433215109e-01 4.477152179738663751e-01
1.589264474221823931e+09 8.375700343197660658e-01 -5.027113148395871978e-01 -2.139106628981920777e-01 -5.326254063314195264e-01 -6.642182695707331552e-01 -5.245228948906313082e-01 1.216002238215657810e-01 5.532589127017395469e-01 -8.240861370873860947e-01 -2.052971898213798163e-01 -8.911559738241273676e-01 4.548222577610014361e-01
1.589264474221836090e+09 8.311727931074287534e-01 -5.126667052972385674e-01 -2.152315902403142411e-01 -5.448612017048433120e-01 -6.738576061636815107e-01 -4.990412787112942228e-01 1.108064040155027352e-01 5.320608762895233657e-01 -8.394243057049002310e-01 -2.128914895820637754e-01 -8.880782521705943289e-01 4.620306950075170338e-01
1.589264474221851110e+09 8.246126195133471892e-01 -5.227043859298237116e-01 -2.163195618264012743e-01 -5.568541360217420522e-01 -6.826784485643568878e-01 -4.731422697529135690e-01 9.963683672912768130e-02 5.106175290549560541e-01 -8.540153628860550628e-01 -2.203395666281879328e-01 -8.848825805376698828e-01 4.693396729182031657e-01
1.589264474221860886e+09 8.178897222999352845e-01 -5.328143458910126196e-01 -2.171756780317991020e-01 -5.685915868965780717e-01 -6.906725129060237167e-01 -4.468501847288489648e-01 8.809091762244526669e-02 4.889584367932104936e-01 -8.678477041383192425e-01 -2.276395748806471497e-01 -8.815773250435047226e-01 4.767486197126095115e-01
1.589264474221872091e+09 8.109985635327875420e-01 -5.429918107278007833e-01 -2.178100631054587788e-01 -5.800689481945396908e-01 -6.978252467209947740e-01 -4.201903625084229543e-01 7.616656478804231800e-02 4.671186345068210621e-01 -8.809079611184406078e-01 -2.347895234504760176e-01 -8.781704791617427341e-01 4.842572123608608337e-01
1.589264474221883059e+09 8.039272978197230524e-01 -5.532368042930734253e-01 -2.182428426216324879e-01 -5.912892632904728218e-01 -7.041159241291661264e-01 -3.931892329029842981e-01 6.385849390168406303e-02 4.451402070642846986e-01 -8.931809945740843970e-01 -2.417872744522127637e-01 -8.746697412258445103e-01 4.918653423408959613e-01
1.589264474221894026e+09 7.966576268693605911e-01 -5.635532971397105850e-01 -2.185047070283482051e-01 -6.022620930827130570e-01 -7.095183775183411257e-01 -3.658743548884875740e-01 5.115659385153747962e-02 4.230736973959973168e-01 -9.046500150523212325e-01 -2.486305474725759579e-01 -8.710825860545003962e-01 4.995730825491090377e-01
1.589264474221904993e+09 7.891648995619766627e-01 -5.739481613757952960e-01 -2.186373012831617779e-01 -6.130019372106355613e-01 -7.140020941783590258e-01 -3.382744963053265219e-01 3.804453424031094266e-02 4.009794480313760845e-01 -9.152967256184558753e-01 -2.553169308252412062e-01 -8.674163310284535022e-01 5.073806544327094104e-01
1.589264474221915007e+09 7.814185296936220215e-01 -5.844299086372574115e-01 -2.186933092287225988e-01 -6.235261754354799457e-01 -7.175337366779009907e-01 -3.104197893845499490e-01 2.449878182023233417e-02 3.789287780047871923e-01 -9.251015031584910453e-01 -2.618439002718460640e-01 -8.636781968794378095e-01 5.152883943057701144e-01
1.589264474221925974e+09 7.733828064308320149e-01 -5.950071995942327607e-01 -2.187360676886733191e-01 -6.338525317875342013e-01 -7.200791446349179559e-01 -2.823419801837385723e-01 1.048823046450161542e-02 3.570048432071193933e-01 -9.340436495182438126e-01 -2.682088461276588842e-01 -8.598753631280763310e-01 5.232967178934848640e-01
1.589264474221936941e+09 7.650181712763445274e-01 -6.056871362328037911e-01 -2.188385038762771795e-01 -6.439961138209144842e-01 -7.216058637516205021e-01 -2.540747589756494063e-01 -4.025334427963388889e-03 3.353029534336599560e-01 -9.421017600866607999e-01 -2.744091091956366579e-01 -8.560150175205432088e-01 5.314060826437135843e-01
1.589264474221947908e+09 7.562829081040515211e-01 -6.164734549369301764e-01 -2.190813602922625503e-01 -6.539662795063536649e-01 -7.220860875797469047e-01 -2.256541330401208301e-01 -1.908581926696448564e-02 3.139301859669595962e-01 -9.492542178461126356e-01 -2.804420251166442335e-01 -8.521043983317755366e-01 5.396169480076670188e-01
1.589264474221963882e+09 7.471352021416912681e-01 -6.273647392953133339e-01 -2.195506177839686990e-01 -6.637635836981747861e-01 -7.214998982645255410e-01 -1.971187513305928396e-01 -3.474039432287479717e-02 2.930040628930810076e-01 -9.554798398644603896e-01 -2.863049760999289428e-01 -8.481508282898745366e-01 5.479297343435675094e-01
1.589264474221973896e+09 7.375352997112031295e-01 -6.383528957654756031e-01 -2.203344328684057329e-01 -6.733772935992690112e-01 -7.198384324308527704e-01 -1.685100947305920582e-01 -5.103628579469104976e-02 2.726503472236229686e-01 -9.607585992059068936e-01 -2.919954478187675728e-01 -8.441617388493697360e-01 5.563447818198543615e-01
1.589264474221987963e+09 7.274475979078882659e-01 -6.494220410522111298e-01 -2.215197622184709170e-01 -6.827837656823825263e-01 -7.171067102549752992e-01 -1.398724268523595382e-01 -6.801707097122561274e-02 2.529999582604195441e-01 -9.650723804117996574e-01 -2.975110885626157109e-01 -8.401446839541993894e-01 5.648623110466808317e-01
1.589264474222002983e+09 7.168424104286852394e-01 -6.605479477857345572e-01 -2.231890845147923019e-01 -6.919459669469514296e-01 -7.133257812265084707e-01 -1.112524562836070818e-01 -8.571894635058564804e-02 2.341852657395382120e-01 -9.684056607662014926e-01 -3.028497672054230594e-01 -8.361073430482880431e-01 5.734823873650533033e-01
1.589264474222017050e+09 7.056972483236044758e-01 -6.716980876304085024e-01 -2.254175524262679586e-01 -7.008141996204423352e-01 -7.085339652791872167e-01 -8.269871838067671677e-02 -1.041674212387940779e-01 2.163360795014923621e-01 -9.707460271952492725e-01 -3.080096258462282632e-01 -8.320575138315567942e-01 5.822048909677413064e-01
1.589264474222027063e+09 6.939975723423683629e-01 -6.828322168726760344e-01 -2.282707457020065889e-01 -7.093278774901946582e-01 -7.027871195407099369e-01 -5.426073339555392144e-02 -1.233747629324566525e-01 1.995756207100146118e-01 -9.720844817949458871e-01 -3.129891241364953225e-01 -8.280030962357795010e-01 5.910294941720420914e-01
1.589264474222035885e+09 6.817370174101072822e-01 -6.939033996152564887e-01 -2.318031735219883427e-01 -7.174181040922287256e-01 -6.961579457036936036e-01 -2.598805340962533419e-02 -1.433384224333101309e-01 1.840168112101458753e-01 -9.724155028090386566e-01 -3.177870726449953942e-01 -8.239520697109864455e-01 5.999556468249298558e-01
1.589264474222045898e+09 6.689170770303652924e-01 -7.048593082425026468e-01 -2.360578314751655415e-01 -7.250107680167099389e-01 -6.887344185009734998e-01 2.070603207442026084e-03 -1.640406371931923402e-01 1.697594077700642634e-01 -9.717368023697490198e-01 -3.224026538471678194e-01 -8.199124663805202884e-01 6.089825700037569955e-01
1.589264474222055912e+09 6.555464771611305697e-01 -7.156436046105633109e-01 -2.410664796717615355e-01 -7.320297077366125782e-01 -6.806176660818998858e-01 2.986804268734805437e-02 -1.854489784493690563e-01 1.568879344182114999e-01 -9.700488919034176982e-01 -3.268354312858589572e-01 -8.158923426561486281e-01 6.181092570476914849e-01
1.589264474222065926e+09 6.416404022325830070e-01 -7.261972737614554863e-01 -2.468503878140431984e-01 -7.383996488228504740e-01 -6.719195615732139748e-01 5.735905995784219835e-02 -2.075175972722397566e-01 1.454703492941393506e-01 -9.673545495605908595e-01 -3.310853487941656792e-01 -8.118997514668176985e-01 6.273344802832523381e-01
1.589264474222078085e+09 6.272196622681732725e-01 -7.364598122347854048e-01 -2.534214678889855077e-01 -7.440487400568918108e-01 -6.627602260711410453e-01 8.450062439756411692e-02 -2.301889832760009857e-01 1.355574707145120461e-01 -9.636582404404691049e-01 -3.351527221846998250e-01 -8.079427166110683123e-01 6.366568016589144730e-01
1.589264474222093105e+09 6.123099153281267304e-01 -7.463702327287533578e-01 -2.607835183576475702e-01 -7.489105786061662773e-01 -6.532656245483228208e-01 1.112518287533438843e-01 -2.533959612568730813e-01 1.271829377053101118e-01 -9.589655819852599405e-01 -3.390382252422298737e-01 -8.040292102404968944e-01 6.460745859448532302e-01
1.589264474222107887e+09 5.969409894480908196e-01 -7.558678780466322467e-01 -2.689334605691909852e-01 -7.529257142995798846e-01 -6.435653516401449448e-01 1.375736431169152507e-01 -2.770637547616671137e-01 1.203635711796951085e-01 -9.532828996615920758e-01 -3.427428714508789498e-01 -8.001671341378794322e-01 6.555860154707264797e-01
1.589264474222119093e+09 5.811463171897118807e-01 -7.648930341827951951e-01 -2.778625639325614793e-01 -7.560426639868225163e-01 -6.337906729164309860e-01 1.634284966630436264e-01 -3.011120200001169978e-01 1.151000840243702056e-01 -9.466168825485882232e-01 -3.462679934071821175e-01 -7.963643049463502432e-01 6.651891051981431158e-01
1.589264474222127914e+09 5.649625017144677130e-01 -7.733873607338341838e-01 -2.875575804484886144e-01 -7.582184897763813991e-01 -6.240728576073153455e-01 1.887797407688633355e-01 -3.254567463705886898e-01 1.113779996800043498e-01 -9.389743594401962490e-01 -3.496152212024059569e-01 -7.926284432848567096e-01 6.748817173699402927e-01
