1.586177202995544910e+09 3.721223418530459348e-01 -7.996473832932005088e-01 -4.712632228578981231e-01 -2.089388617534576331e-01 4.225286998961309548e-01 -8.819376678854788931e-01 9.043613851085509081e-01 4.266539116860679770e-01 -9.845044742973721452e-03 1.928453399956568393e-01 -4.666473740182855989e-01 6.162200893933320600e-01
1.586177202995594025e+09 3.913354912069536562e-01 -7.897774197921927364e-01 -4.723432656876603852e-01 -1.901014104897900403e-01 4.328278071007190531e-01 -8.812045978955235226e-01 9.003987934142761995e-01 4.346397551865442965e-01 1.924308104215950374e-02 1.888388488978903768e-01 -4.709749381731815343e-01 6.070587984023365635e-01
1.586177202995618105e+09 4.106239934131655223e-01 -7.796585484161547841e-01 -4.727795300638040210e-01 -1.715250811894642458e-01 4.432025774894325365e-01 -8.798582965752028695e-01 8.955261485210319616e-01 4.423844746278353668e-01 4.825861645732230226e-02 1.851424766342773809e-01 -4.754925176737659354e-01 5.978589428267200301e-01
1.586177202995637894e+09 4.299831351427752524e-01 -7.692896933873600851e-01 -4.725546225291990532e-01 -1.532417532530875592e-01 4.536290998460547619e-01 -8.779166276235101929e-01 8.897367412228411876e-01 4.499044427741329955e-01 7.716556118129325181e-02 1.817348808399913973e-01 -4.801979585267211470e-01 5.886417766477389790e-01
1.586177202995656967e+09 4.494175360224157423e-01 -7.586655714881819224e-01 -4.716465086152419883e-01 -1.352923218680962270e-01 4.640752909563882200e-01 -8.754028285302244416e-01 8.830174777960618782e-01 4.572315334459465808e-01 1.059219471112321093e-01 1.785929262740194312e-01 -4.850877891938812358e-01 5.794262076122864702e-01
1.586177202995675087e+09 4.689405078933652216e-01 -7.477769512667394869e-01 -4.700259900786871725e-01 -1.177263307285486699e-01 4.744992185158515285e-01 -8.723479827018094657e-01 8.753486798156007165e-01 4.644137411951821948e-01 1.344788678556038120e-01 1.756920915469606104e-01 -4.901571081806380126e-01 5.702285884648635728e-01
1.586177202995692968e+09 4.885726224307420096e-01 -7.366112447530301921e-01 -4.676544310258330950e-01 -1.006012043902868580e-01 4.848475568473303854e-01 -8.687935569244961131e-01 8.667042116242227312e-01 4.715153454241993725e-01 1.627792639410081399e-01 1.730069219325648111e-01 -4.953995094294065260e-01 5.610625572433030062e-01
1.586177202995709896e+09 5.083394379379946315e-01 -7.251534537546848735e-01 -4.644819528181024504e-01 -8.398113316391281336e-02 4.950541795385414168e-01 -8.647939227769839698e-01 8.570520318443032304e-01 4.786165773339536855e-01 1.907563546100559670e-01 1.705115189366338824e-01 -5.008070532982158429e-01 5.519389357996129508e-01
1.586177202995727062e+09 5.282684083344245662e-01 -7.133874676241781509e-01 -4.604463160312259329e-01 -6.793568682235143208e-02 5.050388510979191281e-01 -8.604187943285634965e-01 8.463552631181084918e-01 4.858128036686923945e-01 2.183316024265840039e-01 1.681800549271730560e-01 -5.063702907955990318e-01 5.428656949688357436e-01
1.586177202995744944e+09 5.483849345136917464e-01 -7.012977375974414063e-01 -4.554727730570166111e-01 -5.253810949938089031e-02 5.147060728469478041e-01 -8.557554591901767038e-01 8.345739696730346546e-01 4.932130798329509846e-01 2.454121987094407820e-01 1.659872974443285520e-01 -5.120783471470051751e-01 5.338479933562172430e-01
1.586177202995763063e+09 5.687075429206768229e-01 -6.888713451689303380e-01 -4.494752502501103697e-01 -3.786316951155339894e-02 5.239442422724992499e-01 -8.509105779652303969e-01 8.216678837722171114e-01 5.009378215904891629e-01 2.718881901204533436e-01 1.639091244105365386e-01 -5.179190683971932607e-01 5.248882942985119149e-01
1.586177202995779991e+09 5.892997385449768588e-01 -6.760799455468822217e-01 -4.423140575849595635e-01 -2.405149574354185221e-02 5.325530159991258561e-01 -8.460548510657093235e-01 8.075564029231731000e-01 5.092182171590280415e-01 2.975726191380530516e-01 1.619350342371214946e-01 -5.238928981504080706e-01 5.159930505608613105e-01
1.586177202995796919e+09 6.101512026674726918e-01 -6.629125893724002738e-01 -4.338921627456991392e-01 -1.120037296597181653e-02 5.403747384025386902e-01 -8.413499236648788182e-01 7.922058203040293067e-01 5.182104217947571811e-01 3.222854282607792165e-01 1.600511352042680857e-01 -5.299935385116770759e-01 5.071645656001334546e-01
1.586177202995814085e+09 6.312229567738115721e-01 -6.493675356369762453e-01 -4.241218959917199549e-01 5.960260998820431089e-04 5.472356632983236269e-01 -8.369783592640961389e-01 7.756012015109094992e-01 5.280671669261146617e-01 3.458147534142730906e-01 1.582443406159437793e-01 -5.362145786692873450e-01 4.984042466699649121e-01
1.586177202995831013e+09 6.524425845215289232e-01 -6.354552449184357465e-01 -4.129349897570347427e-01 1.125034210638707968e-02 5.529469814659263571e-01 -8.331404838316861516e-01 7.577546462356893331e-01 5.389306705919661988e-01 3.679152465623471979e-01 1.565025138018752704e-01 -5.425497093362697809e-01 4.897128029540308014e-01
1.586177202995848894e+09 6.737012938908184534e-01 -6.212015959304515444e-01 -4.002938220612715647e-01 2.068628901078820026e-02 5.573067557174278264e-01 -8.300489490311783181e-01 7.387141830499509565e-01 5.509244572147563579e-01 3.883086381385087993e-01 1.548145587349260277e-01 -5.489929563775987065e-01 4.810904824808929225e-01
1.586177202995867968e+09 6.948535108410790473e-01 -6.066513351339766213e-01 -3.862029987054915736e-01 2.884318686977346141e-02 5.601030201313479395e-01 -8.279206953084483622e-01 7.185726610590150720e-01 5.641442765220918698e-01 4.066873077629113986e-01 1.531704461049809840e-01 -5.555389249455801037e-01 4.725373412887867719e-01
1.586177202995887995e+09 7.157195018607347414e-01 -5.918717299965513545e-01 -3.707201775520658216e-01 3.568045315172212184e-02 5.611185465228553104e-01 -8.269660708397004178e-01 6.974758060992085618e-01 5.786482802980246198e-01 4.227217381019239273e-01 1.515611670076737472e-01 -5.621830434642263175e-01 4.640535364240979677e-01
1.586177202995907068e+09 7.360913780349472857e-01 -5.769562330732344035e-01 -3.539646711999377970e-01 4.118160002620726429e-02 5.601378199038821171e-01 -8.273751862617670927e-01 6.756282699628232136e-01 5.944469094409873255e-01 4.360726005295619268e-01 1.499786094469593989e-01 -5.689217948693992000e-01 4.556396326837892086e-01
1.586177202995925903e+09 7.557425713853731519e-01 -5.620277282667139884e-01 -3.361219995958388829e-01 4.535711248561575398e-02 5.569565361966907213e-01 -8.293022063420775192e-01 6.532961796234163510e-01 6.114934584762012904e-01 4.464077196686647153e-01 1.484153566672575253e-01 -5.757529208909510920e-01 4.472969117182283294e-01
1.586177202995944023e+09 7.744404083545555206e-01 -5.472406285878216314e-01 -3.174425120987413584e-01 4.824564056301772208e-02 5.513936951749146553e-01 -8.328489367208818939e-01 6.308045753155718804e-01 6.296766532555929663e-01 4.534235330850073242e-01 1.468644109219258975e-01 -5.826755846884276169e-01 4.390276718301360237e-01
1.586177202995963097e+09 7.919608452596333947e-01 -5.327808242145186668e-01 -2.982324816012995594e-01 4.991305720554260056e-02 5.433057333270391309e-01 -8.380498595927634575e-01 6.085283119610480629e-01 6.488169801976704232e-01 4.568695875176275178e-01 1.453188510333216776e-01 -5.896904769961414106e-01 4.308355069376019197e-01
1.586177202995981932e+09 8.081037920880089764e-01 -5.188624186939310157e-01 -2.788369628244935505e-01 5.044920206329121803e-02 5.326012584451634835e-01 -8.448613956282363668e-01 5.868757444161465386e-01 6.686685952528603760e-01 4.565732915842473649e-01 1.437714369714368778e-01 -5.967998509031219312e-01 4.227255533337738180e-01
1.586177202996000051e+09 8.227069473970090030e-01 -5.057204713948010300e-01 -2.596152608650723059e-01 4.996258663915167930e-02 5.192541429705302969e-01 -8.531581771590490693e-01 5.662658552296699899e-01 6.889281095482239214e-01 4.524610937139620370e-01 1.422141796329656205e-01 -6.040074724834019193e-01 4.147046945380133964e-01
1.586177202996018887e+09 8.356560794818506110e-01 -4.935995083104044445e-01 -2.409116899983768934e-01 4.857392828685518082e-02 5.033124996691475950e-01 -8.627381418928130596e-01 5.471009874532190009e-01 7.092503460524690606e-01 4.445722173074689310e-01 1.406378982380440124e-01 -6.113184773285562645e-01 4.067817165497666920e-01
1.586177202996037006e+09 8.468903179617098820e-01 -4.827383495177033912e-01 -2.230257281229268418e-01 4.640969987839773520e-02 4.849013167291360560e-01 -8.733366207257273750e-01 5.297385480171167282e-01 7.292697712366390528e-01 4.330619721872271399e-01 1.390317909956342024e-01 -6.187391269548646600e-01 3.989674082801035193e-01
1.586177202996057034e+09 8.564020035371289197e-01 -4.733527650749440596e-01 -2.061862466087890644e-01 4.359673075658358765e-02 4.642172693574582731e-01 -8.846477560061568601e-01 5.144656777274346782e-01 7.486250643169249930e-01 4.181932325689222685e-01 1.373830464500799819e-01 -6.262764641891006567e-01 3.912746048948261834e-01
1.586177202996076107e+09 8.642316959037394941e-01 -4.656182750294637351e-01 -1.905339809877945323e-01 4.025840835633061332e-02 4.415155735465442488e-01 -8.963499646798491760e-01 5.014806441989083652e-01 7.669834552118254267e-01 4.003168035127816493e-01 1.356765226380071687e-01 -6.339378728893199089e-01 3.837181752954475500e-01
1.586177202996093988e+09 8.704598872767428386e-01 -4.596555029421262040e-01 -1.761147450224014033e-01 3.651247776131109207e-02 4.170905112653726654e-01 -9.081312375913548340e-01 4.908833097223200825e-01 7.840614289189674624e-01 3.798437207156662998e-01 1.338945189265049740e-01 -6.417305532299169002e-01 3.763149576865669754e-01
1.586177202996112108e+09 8.751973748061085967e-01 -4.555199941824323862e-01 -1.628836707274765316e-01 3.246988000843524513e-02 3.912525390462611719e-01 -9.197103663062505818e-01 4.826751103784909791e-01 7.996392848514378704e-01 3.572138745806302529e-01 1.320166619090150928e-01 -6.496609284406800189e-01 3.690836481840685246e-01
1.586177202996129036e+09 8.785760352186882116e-01 -4.531975311386244876e-01 -1.507187721101460876e-01 2.823376726507290796e-02 3.643053839288601936e-01 -9.308514607259062990e-01 4.767672439250613126e-01 8.135684269284972903e-01 3.328654534112923669e-01 1.300199221468488486e-01 -6.577340032174965323e-01 3.620446476121019219e-01
1.586177202996146917e+09 8.807411208304929406e-01 -4.526050261043794709e-01 -1.394409142985841843e-01 2.389789256317698812e-02 3.365262280916037074e-01 -9.413708030561404039e-01 4.729946817504743217e-01 8.257716321313625096e-01 3.072087935791991686e-01 1.278787730020718161e-01 -6.659526978966516797e-01 3.552198711914368312e-01
1.586177202996159077e+09 8.818455241402961553e-01 -4.535962122759000237e-01 -1.288369043395841407e-01 1.954393596410416642e-02 3.081512269394848791e-01 -9.511366128016557342e-01 4.711332150000843155e-01 8.362375845552902920e-01 2.806068355374328749e-01 1.255654967781487941e-01 -6.743171854515290775e-01 3.486325245224946023e-01
1.586177202996170044e+09 8.820458586730989259e-01 -4.559709358250497169e-01 -1.186828085174439079e-01 1.523777894160660389e-02 2.793674442196079633e-01 -9.600633528638704561e-01 4.709170982740291667e-01 8.450114419746593830e-01 2.533628815248776811e-01 1.230506360648937064e-01 -6.828242612335365669e-01 3.423068488817475608e-01
1.586177202996181965e+09 8.814997521254880342e-01 -4.594869714312723730e-01 -1.087653908407650999e-01 1.102516062084995738e-02 2.503112098817423803e-01 -9.681026517626674099e-01 4.720557519965615789e-01 8.521830915738564105e-01 2.257151871099929707e-01 1.203035809112501936e-01 -6.914667764053414878e-01 3.362678378230732346e-01
1.586177202996191978e+09 8.803636820715038391e-01 -4.638733950046711740e-01 -9.890025709505854967e-02 6.927477567698314166e-03 2.210721309696539183e-01 -9.752328559232256167e-01 4.742486663154006354e-01 8.578744585218567309e-01 1.978373477465995567e-01 1.172932755805480842e-01 -7.002331654832746333e-01 3.305409259651948539e-01
1.586177202996201038e+09 8.787907988138958792e-01 -4.688447204712229421e-01 -8.894582712763869636e-02 2.938610345843441045e-03 1.917014380310587962e-01 -9.814488899250665144e-01 4.771981733494130018e-01 8.622268767608421980e-01 1.698432117947049902e-01 1.139890245967795507e-01 -7.091070957493579296e-01 3.251516475213496737e-01
1.586177202996211052e+09 8.769283746723899320e-01 -4.741151711581096384e-01 -7.881262798106081213e-02 -9.764139055034900920e-04 1.622230351705439277e-01 -9.867536337835434157e-01 4.806200916211853524e-01 8.653892139380576776e-01 1.417950499108768248e-01 1.103613728564795532e-01 -7.180672644503164337e-01 3.201252616650609450e-01
1.586177202996221066e+09 8.749147396526860687e-01 -4.794125367863364962e-01 -6.846764248669795494e-02 -4.880339148454845670e-03 1.326455252721124578e-01 -9.911515258648231352e-01 4.842523936841208188e-01 8.675072244407107114e-01 1.137138294311109687e-01 1.063830297596398688e-01 -7.270873671011147676e-01 3.154863426696424833e-01
1.586177202996229887e+09 8.728757751662336029e-01 -4.844910470577541428e-01 -5.793363967464825598e-02 -8.859919163714164575e-03 1.029735747187213307e-01 -9.946446325452854564e-01 4.878620533735023579e-01 8.687144919286728939e-01 8.559058733769560334e-02 1.020298023719063696e-01 -7.361362565302221883e-01 3.112583352805991521e-01
1.586177202996239901e+09 8.709212774127714773e-01 -4.891424976564537896e-01 -4.728367258617431623e-02 -1.301964685391843353e-02 7.321722871756863871e-02 -9.972310296635400473e-01 4.912500559876799566e-01 8.691253388658248813e-01 5.739797978135049994e-02 9.728149713628658768e-02 -7.451783068982475999e-01 3.074630806645258230e-01
1.586177202996252060e+09 8.691416947746403165e-01 -4.932046812262781410e-01 -3.663136603889265847e-02 -1.747363303550316521e-02 4.339819523009327829e-02 -9.989050350801106370e-01 4.942543745038333602e-01 8.688300980730150336e-01 2.910110334288919937e-02 9.212274239724846381e-02 -7.541739883597859961e-01 3.041203273604013435e-01
1.586177202996262074e+09 8.676057461685972028e-01 -4.965663234955968175e-01 -2.611811138696552848e-02 -2.233663102787733501e-02 1.355268390511545420e-02 -9.996586417284545334e-01 4.967507869082322669e-01 8.678929723050052836e-01 6.667676877263536972e-04 8.654368207815857361e-02 -7.630806451770792975e-01 3.012472479392957481e-01
1.586177202996272087e+09 8.663593426132907283e-01 -4.991680282013078451e-01 -1.589871835742748957e-02 -2.771537179054493413e-02 -1.626900114887308568e-02 -9.994834556295646433e-01 4.986515294257652386e-01 8.663524683798090598e-01 -2.792942862056551831e-02 8.054049281654128423e-02 -7.718534548110572713e-01 2.988579876190251561e-01
1.586177202996280909e+09 8.654260462776686147e-01 -5.009992161935802324e-01 -6.127312195790103957e-03 -3.370132163394419511e-02 -4.600538376631395365e-02 -9.983725386316100181e-01 4.999019699010658346e-01 8.642240972570534030e-01 -5.669859309346976517e-02 7.411568291313043455e-02 -7.804465287273242291e-01 2.969632756527316175e-01
1.586177202996292114e+09 8.648090391954177392e-01 -5.020916191251627581e-01 3.054813790485463518e-03 -4.036569593795464456e-02 -7.558818871095306091e-02 -9.963217535655476409e-01 5.004757101850548784e-01 8.615047486641747021e-01 -8.563662647113062798e-02 6.727814492852082773e-02 -7.888141002403823432e-01 2.955701294503093046e-01
1.586177202996303082e+09 8.644942969011465417e-01 -5.025104108025315597e-01 1.152813157397879727e-02 -4.775709607949878838e-02 -1.049470420221364497e-01 -9.933304477634536944e-01 5.003687346034900729e-01 8.581779568613306930e-01 -1.147245572583656947e-01 6.004295355623068264e-02 -7.969117349678369600e-01 2.946816742272123091e-01
1.586177202996313095e+09 8.644545117666435630e-01 -5.023442662500153810e-01 1.919988044627661192e-02 -5.590177849144978284e-02 -1.340135438898502340e-01 -9.894015168396811388e-01 4.995932229509489897e-01 8.542192976363504053e-01 -1.439305505327391765e-01 5.243092168039484996e-02 -8.046974976770990828e-01 2.942970902821276380e-01
1.586177202996321917e+09 8.646531599528023415e-01 -5.016957588622816822e-01 2.600535868540865270e-02 -6.480595592665019944e-02 -1.627241523333548823e-01 -9.845410294309272503e-01 4.981717587663936353e-01 8.496012099917084059e-01 -1.732128257310553976e-01 4.446794517324274831e-02 -8.121330142791225448e-01 2.944116898474855026e-01
1.586177202996331930e+09 8.650482271712491844e-01 -5.006731060856061122e-01 3.190620108371091529e-02 -7.445942296946587990e-02 -1.910217034156693472e-01 -9.787576326467732901e-01 4.961324008498224636e-01 8.442968375501370693e-01 -2.025228164413638843e-01 3.618417950126503330e-02 -8.191843772102420651e-01 2.950171170988956093e-01
1.586177202996340990e+09 8.655952514539448917e-01 -4.993838501510092232e-01 3.688673238252814651e-02 -8.483968855157178468e-02 -2.188557352559287184e-01 -9.720619294577609315e-01 4.935049017819498895e-01 8.382827312920679841e-01 -2.318080554773981061e-01 2.761309878908476539e-02 -8.258228544883018385e-01 2.961016584324293044e-01
1.586177202996351004e+09 8.662495581545864853e-01 -4.979305715376375896e-01 4.094934776414846378e-02 -9.591606736497368391e-02 -2.461819168208625452e-01 -9.644659517892425482e-01 4.903180714558729725e-01 8.315405041159704691e-01 -2.610145188832702079e-01 1.879049227479408224e-02 -8.320253777413038065e-01 2.976506434676150503e-01
1.586177202996360064e+09 8.669676973359947691e-01 -4.964084384819464901e-01 4.410979638314323215e-02 -1.076532780931570149e-01 -2.729609533606579541e-01 -9.559827874838144890e-01 4.865981747519006473e-01 8.240576317039967069e-01 -2.900883248392337466e-01 9.753452640903791104e-03 -8.377748002318059495e-01 2.996469126703651953e-01
1.586177202996368885e+09 8.677082078682127886e-01 -4.949041871573440221e-01 4.639301336825185640e-02 -1.200142617706305981e-01 -2.991573184866908597e-01 -9.466263656145380567e-01 4.823681614205816426e-01 8.158276439014204851e-01 -3.189768213264069230e-01 5.394060937137529904e-04 -8.430599307692648869e-01 3.020713252747992406e-01
1.586177202996377945e+09 8.684318981688702310e-01 -4.934960399249141982e-01 4.782987537475235501e-02 -1.329620928781421185e-01 -3.247380906582499893e-01 -9.364113704148323558e-01 4.776474853751911942e-01 8.068499434693151562e-01 -3.476291827333160556e-01 -8.814773499252902614e-03 -8.478753631781538180e-01 3.049032804132462138e-01
1.586177202996387959e+09 8.691018504257010946e-01 -4.922540877753643906e-01 4.845499780404428913e-02 -1.464609939053272136e-01 -3.496720781374610398e-01 -9.253532381444282695e-01 4.724522738208423167e-01 7.971294443567761290e-01 -3.759966730577371519e-01 -1.827353476926644668e-02 -8.522211294662280778e-01 3.081212278420774053e-01
1.586177202996397018e+09 8.696833218886630412e-01 -4.912407828818283195e-01 4.830541397682333593e-02 -1.604766382180564666e-01 -3.739292853956666107e-01 -9.134681923410377102e-01 4.667956388028008941e-01 7.866761614393583679e-01 -4.040327324205741921e-01 -2.780328208946121829e-02 -8.561022122526192879e-01 3.117031473647898787e-01
1.586177202996407032e+09 8.701436586655391103e-01 -4.905113317416240903e-01 4.741989956054352973e-02 -1.749759494706183693e-01 -3.974807077156457535e-01 -9.007732813587505660e-01 4.606879970048368689e-01 7.755048166488496264e-01 -4.316930032090156022e-01 -3.737286170634369908e-02 -8.595279532365175390e-01 3.156269821876028225e-01
1.586177202996417046e+09 8.704522799456919646e-01 -4.901139082731336138e-01 4.583868902690141356e-02 -1.899266036042794870e-01 -4.202983971576669253e-01 -8.872863928287894053e-01 4.541373292046194110e-01 7.636344770120139236e-01 -4.589353679887799298e-01 -4.695389965006514787e-02 -8.625113924382684649e-01 3.198710177082447759e-01
1.586177202996433973e+09 8.705807511911659580e-01 -4.900896852728068853e-01 4.360339667675328795e-02 -2.052963809428514086e-01 -4.423557419424078985e-01 -8.730262274705355985e-01 4.471493618768246359e-01 7.510882093177382313e-01 -4.857200327828118391e-01 -5.652099722381050823e-02 -8.650685723916405889e-01 3.244142004859223438e-01
1.586177202996443033e+09 8.705029148127806371e-01 -4.904727809006533823e-01 4.075692156133149668e-02 -2.210525634514271254e-01 -4.636278438448476202e-01 -8.580122300482763142e-01 4.397276881173801666e-01 7.378927251454419078e-01 -5.120096549186268220e-01 -6.605179617345888210e-02 -8.672178417790317173e-01 3.292363937144862640e-01
1.586177202996453047e+09 8.701950486016267750e-01 -4.912901960115386713e-01 3.734328385774771802e-02 -2.371614307467498906e-01 -4.840919400528342353e-01 -8.422644772582561501e-01 4.318738627909238237e-01 7.240779910292062249e-01 -5.377694950391560536e-01 -7.552693112882032100e-02 -8.689791881410444674e-01 3.343185695893949316e-01
1.586177202996462107e+09 8.696360545803233366e-01 -4.925617458304411000e-01 3.340747334895146498e-02 -2.535877862870990485e-01 -5.037278937150068137e-01 -8.258035141899900955e-01 4.235874967822354509e-01 7.096767826629288844e-01 -5.629675807437471979e-01 -8.492989027636080324e-02 -8.703736230756429215e-01 3.396429423728011265e-01
1.586177202996470928e+09 8.688076221207514660e-01 -4.943001059755927074e-01 2.899519157597391789e-02 -2.702946492913966270e-01 -5.225186370217239640e-01 -8.086501572611525246e-01 4.148663863503510574e-01 6.947241750573874830e-01 -5.875748482678164741e-01 -9.424680696951930059e-02 -8.714226382827142681e-01 3.451930473702717883e-01
1.586177202996479988e+09 8.676943227413255189e-01 -4.965110477947543011e-01 2.415247104028313621e-02 -2.872431568420131809e-01 -5.404504941913608196e-01 -7.908252856888393634e-01 4.057067060672209236e-01 6.792569785850610664e-01 -6.115652262392732297e-01 -1.034662047244908067e-01 -8.721477431521368340e-01 3.509537732811177646e-01
1.586177202996489048e+09 8.662836440965313578e-01 -4.991938320618287128e-01 1.892527831723765652e-02 -3.043925908477649322e-01 -5.575134077626737739e-01 -7.723496300969669992e-01 3.961032678858864009e-01 6.633131375190789436e-01 -6.349156503144580688e-01 -1.125787158056434784e-01 -8.725700871084198784e-01 3.569113568882050780e-01
1.586177202996499062e+09 8.645659774333207537e-01 -5.023417197191659689e-01 1.335917106267145958e-02 -3.217004704318637276e-01 -5.737010881141257901e-01 -7.532435656078793063e-01 3.860498390297569249e-01 6.469311078731733167e-01 -6.576060094772562259e-01 -1.215767902486643293e-01 -8.727101643090876548e-01 3.630533492159203068e-01
1.586177202996509075e+09 8.625345742102710211e-01 -5.059425587193564500e-01 7.499048309021172712e-03 -3.391226723583255498e-01 -5.890111008733357467e-01 -7.335269159680609663e-01 3.755395073955919427e-01 6.301492287790233515e-01 -6.796190315932831849e-01 -1.304544087632608373e-01 -8.725875951782714468e-01 3.693685611186576234e-01
1.586177202996517897e+09 8.601854841544364083e-01 -5.099794149435729063e-01 1.389007175275559954e-03 -3.566135628360321830e-01 -6.034448981410512891e-01 -7.132187757049118781e-01 3.645650831966682492e-01 6.130050990376273434e-01 -7.009401179253395009e-01 -1.392068091098569160e-01 -8.722209761016516127e-01 3.758469956275147794e-01
1.586177202996526957e+09 8.575174794318005667e-01 -5.144312299594770987e-01 -4.927704174877534093e-03 -3.741261444087252697e-01 -6.170077865869156852e-01 -6.923373597243343003e-01 3.531195276078634149e-01 5.955349705405021954e-01 -7.215571344909813556e-01 -1.478302327765352309e-01 -8.716277884325874803e-01 3.824797724001173793e-01
1.586177202996536016e+09 8.545319701200977391e-01 -5.192734876423013013e-01 -1.140864722871421516e-02 -3.916122185578498893e-01 -6.297088300927794480e-01 -6.708998881267362879e-01 3.411963988123664082e-01 5.777731687578466779e-01 -7.414601696318574575e-01 -1.563216972410656491e-01 -8.708243591509207127e-01 3.892590472653831291e-01
1.586177202996545076e+09 8.512328465748980610e-01 -5.244789808844543266e-01 -1.801220917945457051e-02 -4.090227003426443741e-01 -6.415605599877834964e-01 -6.489225522214946418e-01 3.287903158010686000e-01 5.597515937255571616e-01 -7.606412306775420795e-01 -1.646787972224112440e-01 -8.698258650890217103e-01 3.961779290083292104e-01
1.586177202996556997e+09 8.476261861444349677e-01 -5.300187427661096073e-01 -2.469779415244244963e-02 -4.263081868788684003e-01 -6.525783849985054008e-01 -6.264206107256365952e-01 3.158974178668879085e-01 5.414993849925091585e-01 -7.790938567895914213e-01 -1.728995356541026818e-01 -8.686463711926243336e-01 4.032303958710409253e-01
1.586177202996566057e+09 8.437199030997419857e-01 -5.358629759765286549e-01 -3.142604410460202169e-02 -4.434195938084454780e-01 -6.627798671795427365e-01 -6.034085778287430202e-01 3.025157668573873471e-01 5.230427504850954090e-01 -7.968127083682754463e-01 -1.809821827393724991e-01 -8.672988929959098980e-01 4.104112143250020495e-01
1.586177202996576071e+09 8.395232364798588254e-01 -5.419821048292728927e-01 -3.815931881386568775e-02 -4.603090486769848000e-01 -6.721836910005057897e-01 -5.799005652421034274e-01 2.886456571268334326e-01 5.044050790701229969e-01 -8.137930947603295717e-01 -1.889251610221895916e-01 -8.657954757393515610e-01 4.177158613128143516e-01
1.586177202996586084e+09 8.350460204069716230e-01 -5.483479682559864177e-01 -4.486256422826737783e-02 -4.769310991623264551e-01 -6.808082706313223209e-01 -5.559108072351972574e-01 2.742897568639562911e-01 4.856074593140211060e-01 -8.300304361814729859e-01 -1.967269548747678232e-01 -8.641472848551796648e-01 4.251404498237785212e-01
1.586177202996594906e+09 8.302977793848969057e-01 -5.549350247628768162e-01 -5.150452404457843414e-02 -4.932441010145433014e-01 -6.886701371681628325e-01 -5.314543247507014234e-01 2.594529911824100532e-01 4.666696483102029114e-01 -8.455197129352129970e-01 -2.043860419484038737e-01 -8.623647026865308707e-01 4.326816580212191066e-01
1.586177202996604919e+09 8.252867840806055177e-01 -5.617213429117300372e-01 -5.805908280759283779e-02 -5.092114996187143694e-01 -6.957824124053879622e-01 -5.065476123253211949e-01 2.441421163031355090e-01 4.476114025495064319e-01 -8.602549968493081733e-01 -2.119008423658501616e-01 -8.604574258634835049e-01 4.403366632383037271e-01
1.586177202996613979e+09 8.200191930776019600e-01 -5.686892197299131535e-01 -6.450654621405120526e-02 -5.248027728919888446e-01 -7.021536308352693823e-01 -4.812092357580151081e-01 2.283649991320402806e-01 4.284540234997454844e-01 -8.742291331040256130e-01 -2.192696815836445157e-01 -8.584345594716420447e-01 4.481030816670982242e-01
1.586177202996623039e+09 8.144982997395303626e-01 -5.758254442668258033e-01 -7.083486156866013184e-02 -5.399940126725826239e-01 -7.077869536254155491e-01 -4.554603109651835235e-01 2.121296449880425150e-01 4.092220499869632655e-01 -8.874335624548057577e-01 -2.264907635140442355e-01 -8.563047058178887561e-01 4.559789139556108539e-01
1.586177202996632099e+09 8.087238460783704452e-01 -5.831212934394611747e-01 -7.704088576088891083e-02 -5.547682136756689752e-01 -7.126797084939454630e-01 -4.293248915508826036e-01 1.954430100234864076e-01 3.899451120594568110e-01 -8.998582330919744354e-01 -2.335621531070110057e-01 -8.540760480479890893e-01 4.639624951594644719e-01
1.586177202996642113e+09 8.026914632194781518e-01 -5.905722252835281516e-01 -8.313159300385794537e-02 -5.691151649169419180e-01 -7.168233559328596183e-01 -4.028302443459277904e-01 1.783096862986254250e-01 3.706598485012532751e-01 -9.114915977290338756e-01 -2.404817672857074151e-01 -8.517564283964529359e-01 4.720524481482152312e-01
1.586177202996654034e+09 7.963923189894328569e-01 -5.981772309021847756e-01 -8.912505170799138454e-02 -5.830308286069181278e-01 -7.202039936715480817e-01 -3.760069955500406347e-01 1.607306051886095155e-01 3.514117358675228897e-01 -9.223206951488135408e-01 -2.472473729007190202e-01 -8.493534206815080978e-01 4.802476400101949872e-01
1.586177202996671915e+09 7.898130867514703279e-01 -6.059377985921617915e-01 -9.505089368608599099e-02 -5.965160789304403410e-01 -7.228035352098316491e-01 -3.488891190259556518e-01 1.427019827232587079e-01 3.322565784128419519e-01 -9.323313308463653248e-01 -2.538565913634717175e-01 -8.468743972375119000e-01 4.885471405461877525e-01
1.586177202996685028e+09 7.829361057303740878e-01 -6.138566939753418161e-01 -1.009505510759819008e-01 -6.095750936932992081e-01 -7.246012746398250437e-01 -3.215139161035356352e-01 1.242145715924111438e-01 3.132617950254925621e-01 -9.415082518125016398e-01 -2.603069101170553123e-01 -8.443265904991168469e-01 4.969501818927929970e-01
1.586177202996695995e+09 7.757397813202597803e-01 -6.219365516324653065e-01 -1.068771143783250888e-01 -6.222134019911066405e-01 -7.255758672317541569e-01 -2.939220025493607391e-01 1.052533817357222540e-01 2.945073629001385140e-01 -9.498353220849988787e-01 -2.665957016553234804e-01 -8.417171493791305581e-01 5.054561182375996164e-01
1.586177202996706963e+09 7.681992741218501841e-01 -6.301782897463480415e-01 -1.128946346296160336e-01 -6.344356323196328473e-01 -7.257077377714665767e-01 -2.661572995258497110e-01 8.579804189098211298e-02 2.760862231918605469e-01 -9.572957190026708529e-01 -2.727202510404098112e-01 -8.390531902756591665e-01 5.140643847180006443e-01
1.586177202996716022e+09 7.602875214785241864e-01 -6.385793875515399787e-01 -1.190766586509175301e-01 -6.462430582403421164e-01 -7.249818969877864783e-01 -2.382669910525696544e-01 6.582396732264819694e-02 2.581038841183856403e-01 -9.638721858101431117e-01 -2.786777923860543904e-01 -8.363418420153976296e-01 5.227744551425139719e-01
1.586177202996725082e+09 7.519765447331677732e-01 -6.471321546574523298e-01 -1.255039869354500071e-01 -6.576311968891236370e-01 -7.233909858326575959e-01 -2.103014284386090504e-01 4.530436365856746472e-02 2.406770786437780196e-01 -9.695473473216776883e-01 -2.844655539038175029e-01 -8.335902836292837792e-01 5.315857988615676488e-01
1.586177202996733904e+09 7.432389967030480493e-01 -6.558221282275790154e-01 -1.322615970870590629e-01 -6.685877080240834047e-01 -7.209383606434087710e-01 -1.823138972787933243e-01 2.421302912205873861e-02 2.239312761479015368e-01 -9.743041173232408481e-01 -2.900808104729610815e-01 -8.308057737894934958e-01 5.404978375559023052e-01
1.586177202996743917e+09 7.340497571292398105e-01 -6.646268139304374323e-01 -1.394351190349974456e-01 -6.790909846855238685e-01 -7.176408211663233283e-01 -1.543602494933709324e-01 2.527627480424524120e-03 2.079972359314964658e-01 -9.781261478938647613e-01 -2.955209414937767232e-01 -8.279956707785173231e-01 5.495099033911636788e-01
1.586177202996753931e+09 7.243874481849040814e-01 -6.735149070859062226e-01 -1.471070868529115727e-01 -6.891096390149876738e-01 -7.135307114908160386e-01 -1.264983378749624798e-01 -1.976690807861211652e-02 1.930067196876997238e-01 -9.809983056814717273e-01 -3.007834910744339729e-01 -8.251674423015645798e-01 5.586212002620154493e-01
1.586177202996764898e+09 7.142356967361226383e-01 -6.824461015411619202e-01 -1.553534298181397655e-01 -6.986030254754737046e-01 -7.086571006089276148e-01 -9.878728087232596655e-02 -4.267531644014647269e-02 1.790877784702147868e-01 -9.829071091506305091e-01 -3.058662270557388485e-01 -8.223286650800840647e-01 5.678307699537624709e-01
1.586177202996778965e+09 7.035840377635429466e-01 -6.913714929267806841e-01 -1.642405575053495215e-01 -7.075227393771033046e-01 -7.030859072992368120e-01 -7.128660835397902795e-02 -6.618969255152280795e-02 1.663600489074847644e-01 -9.838410740444549774e-01 -3.107671946578447475e-01 -8.194870149149083849e-01 5.771374651770048159e-01
1.586177202996793985e+09 6.924284318107803982e-01 -7.002345046228982683e-01 -1.738232018825801584e-01 -7.158148631668146411e-01 -6.968989946371567656e-01 -4.405534306165163200e-02 -9.028814331483799027e-02 1.549304035815923242e-01 -9.837909439877544626e-01 -3.154847617048801012e-01 -8.166502487897439044e-01 5.865399305018412779e-01
1.586177202996809006e+09 6.807714044471361303e-01 -7.089722137843005312e-01 -1.841431376022090449e-01 -7.234226645094230523e-01 -6.901923557258247133e-01 -1.715111893750700250e-02 -1.149345191704719965e-01 1.448893105852308016e-01 -9.827497871944321783e-01 -3.200176527224092293e-01 -8.138261811601281703e-01 5.960365918164244325e-01
1.586177202996825933e+09 6.686218339392201448e-01 -7.175168749691780423e-01 -1.952290384941307022e-01 -7.302894259410140920e-01 -6.830736046888131741e-01 9.370445307456443801e-03 -1.400792556952283330e-01 1.363084181266795980e-01 -9.807129128961165065e-01 -3.243649704577805659e-01 -8.110226569567746679e-01 6.056256541077381650e-01
1.586177202996841908e+09 6.559945352638277827e-01 -7.257974718131994241e-01 -2.070970781316981701e-01 -7.363610551650356939e-01 -6.756591299101404324e-01 3.545612661292928819e-02 -1.656609986673037993e-01 1.292391976799561748e-01 -9.776776889921879876e-01 -3.285262053672798888e-01 -8.082475237604599405e-01 6.153051063055040570e-01
1.586177202996855974e+09 6.429097439509391387e-01 -7.337411860582399026e-01 -2.197519810420583419e-01 -7.415882703583698277e-01 -6.680711747531109523e-01 6.105524580217845665e-02 -1.916087125898877086e-01 1.237124790890203468e-01 -9.736433248509471783e-01 -3.325012349837961345e-01 -8.055086051126942870e-01 6.250727313631773141e-01
1.586177202996871948e+09 6.293925704433972479e-01 -7.412746828548628653e-01 -2.331884152058152082e-01 -7.459282562876908829e-01 -6.604350531220399834e-01 8.611955288073694370e-02 -2.178440476208321208e-01 1.197388211942463920e-01 -9.686106471976742016e-01 -3.362903156049101838e-01 -8.028136762797238868e-01 6.349261196997261214e-01
1.586177202996890068e+09 6.154724873214075798e-01 -7.483251956629357604e-01 -2.473924393419343892e-01 -7.493457724424708033e-01 -6.528766372280013774e-01 1.106029393530668231e-01 -2.442837100899464264e-01 1.173094123731363431e-01 -9.625819295015218824e-01 -3.398940681668486952e-01 -8.001704433340434131e-01 6.448626846064963170e-01
1.586177202996910095e+09 6.011828756139966368e-01 -7.548214098216862178e-01 -2.623428853626715296e-01 -7.518137588954383332e-01 -6.455201802447416704e-01 1.344610320553603633e-01 -2.708416924086065047e-01 1.163973208618525462e-01 -9.555607995302742852e-01 -3.433134597586253722e-01 -7.975865261090867575e-01 6.548796785665752518e-01
1.586177202996927977e+09 5.865606503000060368e-01 -7.606941293976100527e-01 -2.780126708924793855e-01 -7.533135024257427981e-01 -6.384865156769358174e-01 1.576506792591499118e-01 -2.974312877382053744e-01 1.169590138892429992e-01 -9.475522246261474102e-01 -3.465497827625326210e-01 -7.950694450677829872e-01 6.649742093395140108e-01
1.586177202996948004e+09 5.716459762513318443e-01 -7.658767519274999325e-01 -2.943699693409104201e-01 -7.538344466772591845e-01 -6.318916302311765598e-01 1.801293839318320600e-01 -3.239668272851757291e-01 1.189359854340993339e-01 -9.385625852531673807e-01 -3.496046329284221987e-01 -7.926266119498467377e-01 6.751432551109762814e-01
