1.582114959080727100e+09 7.925023207757933008e-01 4.284676830560921190e-01 4.339994425612270779e-01 2.949020784173569387e-01 -8.921294458022313023e-01 3.422540227350180930e-01 5.338284703078574056e-01 -1.432497696683174004e-01 -8.333706664985455204e-01 3.440981478640250391e-01 1.656586827581386645e+00 1.601154767055990025e+00
1.582114959080799103e+09 7.855067476625519074e-01 4.203691975050403151e-01 4.541683467256372730e-01 2.874988464661973886e-01 -8.977650529465371898e-01 3.337099384032227722e-01 5.480178488501347145e-01 -1.315585325919496340e-01 -8.260561662776974012e-01 3.394078276640184466e-01 1.653884964232221089e+00 1.607842090856519190e+00
1.582114959080826998e+09 7.778952173402040593e-01 4.123792305393400026e-01 4.741544063498183137e-01 2.805662597874480357e-01 -9.030891411376359423e-01 3.251347059739158052e-01 5.622824954675734732e-01 -1.198890044163604812e-01 -8.182084220492326088e-01 3.344366571513697206e-01 1.651146623463909613e+00 1.614308006227985093e+00
1.582114959080847025e+09 7.696726216064051496e-01 4.045030510010194091e-01 4.939446702641099307e-01 2.740955925733281617e-01 -9.081055312648863564e-01 3.165690291525215527e-01 5.766070253496065057e-01 -1.082664574919817435e-01 -8.098164684057113094e-01 3.291932015928981659e-01 1.648377011342380793e+00 1.620541319050766926e+00
1.582114959080867052e+09 7.608442297131623455e-01 3.967454845961810306e-01 5.135261225747492775e-01 2.680755853864930649e-01 -9.128192402562199659e-01 3.080527797932066658e-01 5.909750744599928662e-01 -9.671636403152364392e-02 -8.008710297526129285e-01 3.236865265841939454e-01 1.645581390329100557e+00 1.626531267075498777e+00
1.582114959080884933e+09 7.514156881749844974e-01 3.891109754181799607e-01 5.328856466218223620e-01 2.624925009683372612e-01 -9.172364173713108970e-01 2.996248347247026933e-01 6.053694330745650332e-01 -8.526431526633218572e-02 -7.913645468699151975e-01 3.179262055105281370e-01 1.642765069821439328e+00 1.632267570863478623e+00
1.582114959080902100e+09 7.413930926148299960e-01 3.816035438682949810e-01 5.520099795584380020e-01 2.573301146009709384e-01 -9.213643196828490423e-01 2.913228493190804236e-01 6.197721309833029713e-01 -7.393595690463096448e-02 -7.812912260703399614e-01 3.119223276869763084e-01 1.639933393879697165e+00 1.637740497067236234e+00
1.582114959080919027e+09 7.307831503274098139e-01 3.742266004102360322e-01 5.708856617089577146e-01 2.525696381527895995e-01 -9.252113391205302184e-01 2.831829017556317662e-01 6.341644621720980979e-01 -6.275690805863796962e-02 -7.706471341738553305e-01 3.056855015617651605e-01 1.637091724940606285e+00 1.642940931131572135e+00
1.582114959080935955e+09 7.195934346347553356e-01 3.669825994866912078e-01 5.894989910987784576e-01 2.481896087345637492e-01 -9.287870790577625879e-01 2.752389505359107424e-01 6.485269515971152643e-01 -5.175261781042409664e-02 -7.594303520425056409e-01 2.992268484570935749e-01 1.634245422853245922e+00 1.647860455549584158e+00
1.582114959080955029e+09 7.078327191628773774e-01 3.598725358379965544e-01 6.078359973166673758e-01 2.441657951700492435e-01 -9.321024676843415735e-01 2.675220630271731292e-01 6.628392762597633547e-01 -4.094810969003240264e-02 -7.476411881121377556e-01 2.925579827356306617e-01 1.631399819111287508e+00 1.652491427976351623e+00
1.582114959080976009e+09 6.955115684744740401e-01 3.528954838537448069e-01 6.258821259596242248e-01 2.404712817625102306e-01 -9.351698112835888921e-01 2.600595830033731737e-01 6.770799219935336177e-01 -3.036777140898929556e-02 -7.352826515662970186e-01 2.856909291933427686e-01 1.628560167524978786e+00 1.656827082183310207e+00
1.582114959080992937e+09 6.826419826568829174e-01 3.460476488873821532e-01 6.436232968248783992e-01 2.370764854790795295e-01 -9.380030141550416145e-01 2.528736551511853725e-01 6.912269262320872576e-01 -2.003422412965043947e-02 -7.223599977274117734e-01 2.786382020109920421e-01 1.625731665390996339e+00 1.660861503809265560e+00
1.582114959081010103e+09 6.692382843128807934e-01 3.393222405389682006e-01 6.610450331766337673e-01 2.339498251017705088e-01 -9.406173778567087362e-01 2.459805435586255307e-01 7.052571149204299727e-01 -9.968227048711478938e-03 -7.088815389789040466e-01 2.714126139704093887e-01 1.622919367977031069e+00 1.664589747847653900e+00
1.582114959081028938e+09 6.553170219905215532e-01 3.327089971187600637e-01 6.781329692085716898e-01 2.310583707372081963e-01 -9.430295265768274815e-01 2.393895179767231152e-01 7.191464593549921069e-01 -1.877270069910435407e-04 -6.948584998093009224e-01 2.640272338213884296e-01 1.620128169219948733e+00 1.668007833926073991e+00
1.582114959081046104e+09 6.408969497753658207e-01 3.261940065622865870e-01 6.948730602443915494e-01 2.283688038091358230e-01 -9.452571669749850747e-01 2.331020757732243098e-01 7.328702403676187194e-01 9.292920218581511918e-03 -6.803049701558872009e-01 2.564952973697539051e-01 1.617362768924598626e+00 1.671112739300090189e+00
1.582114959081064939e+09 6.259988513971446178e-01 3.197597628658209179e-01 7.112518063972705917e-01 2.258485743200243367e-01 -9.473187357249561735e-01 2.271115021804478717e-01 7.464032820989853212e-01 1.846366695406523664e-02 -6.652377270389546737e-01 2.488301153178035519e-01 1.614627643649762190e+00 1.673902365928867653e+00
1.582114959081082106e+09 6.106452315261187147e-01 3.133854507518261112e-01 7.272564612799383710e-01 2.234671699470850981e-01 -9.492329596648593215e-01 2.214028279907659935e-01 7.597202282230725023e-01 2.731936206973944320e-02 -6.496759402088613244e-01 2.410449837009395191e-01 1.611927022492690043e+00 1.676375484195479881e+00
1.582114959081099987e+09 5.948599225706630023e-01 3.070474074139581955e-01 7.428751995601431402e-01 2.211974013376566406e-01 -9.510183685533081244e-01 2.159531715818234221e-01 7.727958217807282537e-01 3.586017673558095087e-02 -6.336408016883260386e-01 2.331531020059325610e-01 1.609264868447561447e+00 1.678531657203053973e+00
1.582114959081118107e+09 5.786676095649502249e-01 3.007197997194311911e-01 7.580972231178679799e-01 2.190166090360214091e-01 -9.526927714962092342e-01 2.107325511301249288e-01 7.856051951252631671e-01 4.409178150764166138e-02 -6.171550795360615238e-01 2.251675032227432871e-01 1.606644865352869767e+00 1.680371151357516801e+00
1.582114959081135035e+09 5.620933133328294140e-01 2.943754829565322084e-01 7.729127907743286174e-01 2.169076765933493911e-01 -9.542727339227654593e-01 2.057051509491740204e-01 7.981241550927062889e-01 5.202522779022374089e-02 -6.002426248879798587e-01 2.171009987291432353e-01 1.604070409806981568e+00 1.681894839902969840e+00
1.582114959081151009e+09 5.451618762849655964e-01 2.879869860366778278e-01 7.873131680093362617e-01 2.148597422383879130e-01 -9.557730953457682643e-01 2.008309771399799937e-01 8.103294514034123930e-01 5.967651202633214580e-02 -5.829278635492550764e-01 2.089661393681263579e-01 1.601544606873173571e+00 1.683104106458619853e+00
1.582114959081167936e+09 5.278974902354482968e-01 2.815275569006313594e-01 8.012905056910430979e-01 2.128685215483767379e-01 -9.572065659082673594e-01 1.960678013251705709e-01 8.221990223406773213e-01 6.706582504239419484e-02 -5.652352985924540274e-01 2.007751923664018445e-01 1.599070268116880023e+00 1.684000754561620461e+00
1.582114959081186056e+09 5.103232937693430449e-01 2.749722003110852131e-01 8.148376678175968113e-01 2.109361800513276375e-01 -9.585834335805154538e-01 1.913732708894324841e-01 8.337122188038282866e-01 7.421650707239806077e-02 -5.471890407314949911e-01 1.925401322593072451e-01 1.596649910659800220e+00 1.684586926634539017e+00
1.582114959081203938e+09 4.924611015649494883e-01 2.682985401338393583e-01 8.279480399212368891e-01 2.090707985533539481e-01 -9.599114235325635347e-01 1.867068830132593282e-01 8.448499657564867427e-01 8.115388058927762438e-02 -5.288124270741451083e-01 1.842726433537127395e-01 1.594285756177261426e+00 1.684865033925233346e+00
1.582114959081222057e+09 4.743312534374515832e-01 2.614874753401568164e-01 8.406153473822721711e-01 2.072854867937129475e-01 -9.611957041876626473e-01 1.820317148643421368e-01 8.555948743290747727e-01 8.790403001215538192e-02 -5.101277217824184973e-01 1.759841312123902324e-01 1.591979728822796814e+00 1.684837698779608317e+00
1.582114959081238985e+09 4.559525647321407971e-01 2.545236098471494457e-01 8.528335070495824954e-01 2.055972246295261485e-01 -9.624390270645288847e-01 1.773158210885184827e-01 8.659313136385897725e-01 9.449259872829030016e-02 -4.911558905756955307e-01 1.676857405870577633e-01 1.589733451005743259e+00 1.684507711075919678e+00
1.582114959081255913e+09 4.373423611296090585e-01 2.473954403991150686e-01 8.645965274237676912e-01 2.040255398016283805e-01 -9.636419811588222695e-01 1.725332178379882786e-01 8.758454419994810003e-01 1.009436883564177878e-01 -4.719164475955675564e-01 1.593883769934349437e-01 1.587548236175675420e+00 1.683877999691033134e+00
1.582114959081273079e+09 4.185165784781327836e-01 2.400953076497464034e-01 8.758984626002388474e-01 2.025911455988524124e-01 -9.648033337847761182e-01 1.676644113797049751e-01 8.853251952050920082e-01 1.072789371839959621e-01 -4.524273735896422455e-01 1.511027290838186654e-01 1.585425078059734760e+00 1.682951618981405106e+00
1.582114959081290007e+09 3.994899157649790533e-01 2.326191230382118336e-01 8.867334158589912363e-01 2.013146869810281403e-01 -9.659204230191060780e-01 1.626964449547013969e-01 8.943602204977886272e-01 1.135168709597788039e-01 -4.327051143678931622e-01 1.428392891643617824e-01 1.583364636281995308e+00 1.681731748797876902e+00
1.582114959081306934e+09 3.802760260887099175e-01 2.249659162888577590e-01 8.970955804664433320e-01 2.002157275491243393e-01 -9.669895598600865005e-01 1.576225033557945576e-01 9.029417514021522706e-01 1.196725851266196017e-01 -4.127646616964797954e-01 1.346083696072382374e-01 1.581367218610963521e+00 1.680221706156689532e+00
1.582114959081324100e+09 3.608877231694352372e-01 2.171372816192520816e-01 9.069793008655236966e-01 1.993120442626025723e-01 -9.680064003232570213e-01 1.524411950413966099e-01 9.110624348959167618e-01 1.257577427643778722e-01 -3.926197013113527090e-01 1.264201135092009598e-01 1.579432760591078289e+00 1.678424965460636242e+00
1.582114959081341028e+09 3.413371799723868283e-01 2.091368070422175152e-01 9.163791385177950666e-01 1.986192209738069092e-01 -9.689662605944046048e-01 1.471556689021226716e-01 9.187161338679593614e-01 1.317808095697728665e-01 -3.722828005714592381e-01 1.182844989070545444e-01 1.577560803865713845e+00 1.676345182791628030e+00
1.582114959081357002e+09 3.216360960281005044e-01 2.009695596734956957e-01 9.252899317610536745e-01 1.981504471094023834e-01 -9.698643686524692775e-01 1.417727291451632843e-01 9.258977384372321096e-01 1.377473865595017222e-01 -3.517655973149307336e-01 1.102113365001417128e-01 1.575750474331905737e+00 1.673986221448740430e+00
1.582114959081373930e+09 3.017958180827490233e-01 1.926416640210958375e-01 9.337068455746050377e-01 1.979163865970525460e-01 -9.706960657406502602e-01 1.363020611456999265e-01 9.326030174222931235e-01 1.436604929679459186e-01 -3.310789553211207492e-01 1.022102607705169253e-01 1.574000460808118174e+00 1.671352178411510181e+00
1.582114959081389904e+09 2.818274121771328633e-01 1.841599677796574297e-01 9.416254117295623782e-01 1.979250044463428670e-01 -9.714569810384177106e-01 1.307555987604939463e-01 9.388285266018989716e-01 1.495207017777400726e-01 -3.102330694492183571e-01 9.429071422247944922e-02 1.572308994826611794e+00 1.668447411950417125e+00
1.582114959081406116e+09 2.617417011070219401e-01 1.755317592587594677e-01 9.490415604150639339e-01 1.981813297787223260e-01 -9.721431959495175912e-01 1.251469819722867693e-01 9.445715655416364598e-01 1.553261345092126211e-01 -2.892375312958744837e-01 8.646192418582968053e-02 1.570673832136348258e+00 1.665276570985460669e+00
1.582114959081423044e+09 2.415492804950793160e-01 1.667645048608258351e-01 9.559516436581744214e-01 1.986871570700039502e-01 -9.727514082335058099e-01 1.194910515300103837e-01 9.498301736146251839e-01 1.610723368528826360e-01 -2.681013681305013940e-01 7.873287174795529086e-02 1.569092236786251204e+00 1.661844625844907331e+00
1.582114959081439972e+09 2.212605285258895382e-01 1.578655823428373461e-01 9.623524491733437269e-01 1.994407305725462431e-01 -9.732790955944253808e-01 1.138033262614198959e-01 9.546031497466236360e-01 1.667520914155209422e-01 -2.468330741692839891e-01 7.111225234509711834e-02 1.567560968732391480e+00 1.658156900129694300e+00
1.582114959081456900e+09 2.008856242720447050e-01 1.488420009591811533e-01 9.682412017226029732e-01 2.004364922426265516e-01 -9.737246667950870682e-01 1.080994257748162934e-01 9.588900763587795417e-01 1.723552494885556285e-01 -2.254406561290045463e-01 6.360842804343065648e-02 1.566076276218325791e+00 1.654219102283811971e+00
1.582114959081473112e+09 1.804345873424439417e-01 1.397001196036351534e-01 9.736155484970566709e-01 2.016649963407090296e-01 -9.740875780001581052e-01 1.023944316711834779e-01 9.626913258893057268e-01 1.778686790008766616e-01 -2.039317142806828798e-01 5.622937182578222060e-02 1.564633894210648801e+00 1.650037355475675760e+00
1.582114959081490040e+09 1.599173455518234088e-01 1.304453932151118378e-01 9.784735264597331783e-01 2.031130820559117200e-01 -9.743683884763673086e-01 9.670222043103482434e-02 9.660080323115616263e-01 1.832764112697682357e-01 -1.823135721308323243e-01 4.898260412909639233e-02 1.563229050061988978e+00 1.645618225045953453e+00
1.582114959081507921e+09 1.393438318646439411e-01 1.210821950181790452e-01 9.828135115945396683e-01 2.047644041848873386e-01 -9.745687241107319210e-01 9.103483269916547160e-02 9.688420073991096393e-01 1.885600807057669359e-01 -1.605934639534963848e-01 4.187512227910990953e-02 1.561856477657322273e+00 1.640968742318518636e+00
1.582114959081525087e+09 1.187241044125068312e-01 1.116137868358307722e-01 9.866341518625568741e-01 2.066004658387524118e-01 -9.746911045881609947e-01 8.540197979261349159e-02 9.711955696705539820e-01 1.936998018220054962e-01 -1.387787888255576085e-01 3.491332436865639960e-02 1.560510441367998435e+00 1.636096422640122228e+00
1.582114959081542015e+09 9.806846156759825572e-02 1.020424986492049352e-01 9.899342934342281186e-01 2.086021204306950372e-01 -9.747386249959849591e-01 7.981082817094102555e-02 9.730712883435820304e-01 1.986754675629928968e-01 -1.168773989763311483e-01 2.810292995525014159e-02 1.559184770950027277e+00 1.631009275230873357e+00
1.582114959081564903e+09 7.738751396501115931e-02 9.237014057411760404e-02 9.927129140968027343e-01 2.107513784318797989e-01 -9.747145180104332951e-01 7.426617580923595974e-02 9.744716666853056042e-01 2.034683403161746951e-01 -9.489786782656872699e-02 2.144889979324020313e-02 1.557872908052804872e+00 1.625715803664063541e+00
1.582114959081592083e+09 5.669217819690518939e-02 8.259863705650322130e-02 9.949690759463992729e-01 2.130333310795483881e-01 -9.746216387645595391e-01 6.877107750801081387e-02 9.753987885893159460e-01 2.080627943898341048e-01 -7.284968641438011039e-02 1.495535632800939693e-02 1.556567964629921752e+00 1.620224996909595649e+00
1.582114959081617117e+09 3.599356676465031990e-02 7.273085962891955025e-02 9.967019038865784220e-01 2.154380480629154715e-01 -9.744619134012268979e-01 6.332793047177200096e-02 9.758539391730030044e-01 2.124481145811224492e-01 -5.074335437221771938e-02 8.625507499080503626e-03 1.555262793343626049e+00 1.614546310036469201e+00
1.582114959081645012e+09 1.530276353787212579e-02 6.277161793517421762e-02 9.979105918927996255e-01 2.179623032056278720e-01 -9.742357988206437058e-01 5.793999204502049694e-02 9.758372096873914048e-01 2.166202490053036056e-01 -2.859034648079295665e-02 2.461576644551199781e-03 1.553950069637753728e+00 1.608689633864841761e+00
1.582114959081674099e+09 -5.369503185043908444e-03 5.272875090874010184e-02 9.985944358272195176e-01 2.206109709996083856e-01 -9.739418076048244055e-01 5.261325759382552703e-02 9.753471012471572887e-01 2.205833951775829638e-01 -6.402957299815471848e-03 -3.535258704996014148e-03 1.552622384692921242e+00 1.602665253285531000e+00
1.582114959081701994e+09 -2.601325091616884730e-02 4.261426004477297802e-02 9.987528901683047078e-01 2.233979730987646350e-01 -9.735761444341064497e-01 4.735859589093250471e-02 9.743801395724452918e-01 2.243513223287886271e-01 1.580594121182440914e-02 -9.364916103637597675e-03 1.551272347976926813e+00 1.596483794043036086e+00
1.582114959081731081e+09 -4.661963586456373265e-02 3.244545796229512946e-02 9.983856478392530986e-01 2.263467443176666316e-01 -9.731324748870121555e-01 4.219404765661247114e-02 9.729305015723042072e-01 2.279484121000103503e-01 3.802315784931580706e-02 -1.502844180133688749e-02 1.549892697423825405e+00 1.590156157524593716e+00
1.582114959081759930e+09 -6.718126733326372502e-02 2.224610674355187445e-02 9.974927508790146780e-01 2.294901776275668492e-01 -9.726018430968265127e-01 3.714718263476859961e-02 9.709896681700876941e-01 2.314103833894066153e-01 6.023536144156928229e-02 -2.052802456529336309e-02 1.548476414403986201e+00 1.583693443333419104e+00
1.582114959081787109e+09 -8.769235024000013312e-02 1.204753761645017442e-02 9.960747504824618570e-01 2.328700390154684330e-01 -9.719727382708989172e-01 3.225741756064408328e-02 9.685461251997333765e-01 2.347846947664466721e-01 8.242906323314952433e-02 -2.586698597670795269e-02 1.547016839776143682e+00 1.577106860316414672e+00
1.582114959081818104e+09 -1.081485595162394731e-01 1.889760385585038602e-03 9.941329477902746126e-01 2.365358675981171499e-01 -9.712312935863492980e-01 2.757821057953870406e-02 9.655851450883408127e-01 2.381306430623653103e-01 1.045902692458425959e-01 -3.104974479775714225e-02 1.545507786720458077e+00 1.570407628064531602e+00
1.582114959081845999e+09 -1.285465523124539600e-01 -8.177436557313837173e-03 9.916697602639026332e-01 2.405433576473218205e-01 -9.703615951743885804e-01 2.317903585021367785e-02 9.620887053600843952e-01 2.415191589563713270e-01 1.267036656022598740e-01 -3.608175402556319106e-02 1.543943645598821579e+00 1.563606871594138692e+00
1.582114959081873894e+09 -1.488830369031357015e-01 -1.809340277150121162e-02 9.886892687293522552e-01 2.449522163487458104e-01 -9.693460697962849038e-01 1.914702788711953457e-02 9.580356220044489168e-01 2.450322953156839068e-01 1.487512057912871166e-01 -4.096940928874567150e-02 1.542319475369664517e+00 1.556715511787705841e+00
1.582114959081902027e+09 -1.691533455675078568e-01 -2.778555157853629734e-02 9.851980048745173635e-01 2.498235282617590480e-01 -9.681659014840626742e-01 1.558819845188719189e-02 9.534019878368646950e-01 2.487624375344084093e-01 1.707099858301803497e-01 -4.571992777311002787e-02 1.540631075369540470e+00 1.549744154498338800e+00
1.582114959081929922e+09 -1.893494788747353552e-01 -3.716838182911292449e-02 9.812060365917064653e-01 2.552165548221178581e-01 -9.668014499353287938e-01 1.262800650348054957e-02 9.481620562940280550e-01 2.528111306809633918e-01 1.925493370790441749e-01 -5.034119869548052406e-02 1.538875031118488446e+00 1.542702982256650701e+00
1.582114959081960917e+09 -2.094576371920818803e-01 -4.614278025234707509e-02 9.767283870423894010e-01 2.611848704515205566e-01 -9.652326538477951079e-01 1.041092665146730462e-02 9.422897440120322488e-01 2.572873253340858812e-01 2.142271470977875625e-01 -5.484160852506372863e-02 1.537048728183919355e+00 1.535601653377933973e+00
1.582114959081991911e+09 -2.294553519150486776e-01 -5.459575893506350697e-02 9.717867793841299395e-01 2.677719061751457352e-01 -9.634393701621978279e-01 9.098696905259082840e-03 9.357608923982676519e-01 2.623049430125566905e-01 2.356855301681951564e-01 -5.922984634134418475e-02 1.535150329036589989e+00 1.528449213763934722e+00
1.582114959082021952e+09 -2.493084245019730194e-01 -6.240078439284527101e-02 9.664116367166921684e-01 2.750060807752376379e-01 -9.614015980965066044e-01 8.866945060378305862e-03 9.285563876308873255e-01 2.679796807328833075e-01 2.568461128879809818e-01 -6.351469618062555167e-02 1.533178708849166183e+00 1.521254026582347540e+00
1.582114959082051992e+09 -2.689679651439287889e-01 -6.941880918787976529e-02 9.606441914981870278e-01 2.828958374116716801e-01 -9.590995440206309119e-01 9.899991673940873940e-03 9.206661603983394837e-01 2.744250236247102182e-01 2.776053448826997228e-01 -6.770482481928202789e-02 1.531133347764121799e+00 1.514023724865958265e+00
1.582114959082076073e+09 -2.883678606624411889e-01 -7.550004331187415429e-02 9.545384855514241762e-01 2.914250177341562442e-01 -9.565135132155943021e-01 1.238378274943092473e-02 9.120939841796749104e-01 2.817474800188061179e-01 2.978303569614520474e-01 -7.180857476386807992e-02 1.529014179188664224e+00 1.506765191692662986e+00
1.582114959082092047e+09 -3.074230011278955010e-01 -8.048660535500888613e-02 9.481629631755711385e-01 3.005489679762677890e-01 -9.536237050267991622e-01 1.649688030925916885e-02 9.028629000169731134e-01 2.900409205103381405e-01 3.173560275210532411e-01 -7.583377315979075717e-02 1.526821396157155952e+00 1.499484571984361025e+00
1.582114959082108974e+09 -3.260285685279434298e-01 -8.421609457138158616e-02 9.416013073061755279e-01 3.101918864040140722e-01 -9.504100413350814458e-01 2.239970846116962760e-02 8.930209214312284649e-01 2.993800306394999722e-01 3.359839745313730752e-01 -7.978756712661981554e-02 1.524555220050001880e+00 1.492187318939142138e+00
1.582114959082127094e+09 -3.440606664948741567e-01 -8.652625767963668946e-02 9.349521188301541663e-01 3.202458626483110082e-01 -9.468522581735977495e-01 3.022232037377688835e-02 8.826465007175201549e-01 3.098128595211174230e-01 3.534842950513527593e-01 -8.367629559777819970e-02 1.522215638574751173e+00 1.484878277121982171e+00
1.582114959082144022e+09 -3.613785571442396649e-01 -8.726090499062227890e-02 9.283270290681511216e-01 3.305720862427259377e-01 -9.429305330932968854e-01 4.005128659731627128e-02 8.718529888889641200e-01 3.213526788775350473e-01 3.696008949462899484e-01 -8.750540674611401171e-02 1.519802122674976053e+00 1.477561803128182305e+00
1.582114959082160950e+09 -3.778286959069092621e-01 -8.627703283253432276e-02 9.218469233863249013e-01 3.410046728598685739e-01 -9.386268969390023642e-01 5.191687038883856242e-02 8.607910836191082771e-01 3.339697919714587626e-01 3.840610477695814984e-01 -9.127942837384855901e-02 1.517313334728609187e+00 1.470241923470828826e+00
1.582114959082178116e+09 -3.932506588507385659e-01 -8.345298330175981993e-02 9.156361279970504086e-01 3.513573193050676946e-01 -9.339275943547930003e-01 6.578208474960382801e-02 8.496481351037947771e-01 3.475843035609065268e-01 3.965894582993982342e-01 -9.500199585638882671e-02 1.514746842296335938e+00 1.462922527947990492e+00
1.582114959082196951e+09 -4.074848600544619948e-01 -7.869713185570469116e-02 9.098147340343615275e-01 3.614326437941661752e-01 -9.288263439664167231e-01 8.153567780129863940e-02 8.386432691123761884e-01 3.620612989438548590e-01 4.069263852112343649e-01 -9.867593911887180547e-02 1.512098853299585599e+00 1.455607595408050514e+00
1.582114959082214117e+09 -4.203816265055287937e-01 -7.195614934209348945e-02 9.044896907485231452e-01 3.710335401157817681e-01 -9.233281371035368945e-01 9.899122861466500001e-02 8.280177535577690762e-01 3.772101056520745788e-01 4.148483288969395666e-01 -1.023034269040078575e-01 1.509363990075356821e+00 1.448301447421582067e+00
1.582114959082230091e+09 -4.318108175039049312e-01 -6.322156082461585780e-02 8.997457708349861916e-01 3.799752738023768894e-01 -9.174528845916252173e-01 1.178940026205435171e-01 8.180209099934760975e-01 3.927890512765321307e-01 4.201887100008924736e-01 -1.058861623971956711e-01 1.506535119517748100e+00 1.441009023912153131e+00
1.582114959082246065e+09 -4.416709897922892480e-01 -5.253342064943798684e-02 8.956377484746295137e-01 3.880966589217415552e-01 -9.112379900686052858e-01 1.379358865201070483e-01 8.088928977997127401e-01 4.085162973149852328e-01 4.228554300452167514e-01 -1.094256202996651828e-01 1.503603255449322607e+00 1.433736173458056928e+00
1.582114959082263947e+09 -4.498970996649627185e-01 -3.998023245867063369e-02 8.921850596863525329e-01 3.952687213297363944e-01 -9.047388916305865170e-01 1.587771265327318770e-01 8.008465756014345738e-01 4.240862164524939470e-01 4.228423386605834056e-01 -1.129233117821298593e-01 1.500557547128517299e+00 1.426489949751546193e+00
1.582114959082283020e+09 -4.564657986955443225e-01 -2.569466341279755262e-02 8.893698661947554429e-01 4.013997430035822211e-01 -8.980268716461851097e-01 1.800721636416981186e-01 7.940511450398078930e-01 4.391896197257934564e-01 4.202323845059662832e-01 -1.163810606776684853e-01 1.497385364140534358e+00 1.419278904712657718e+00
1.582114959082300901e+09 -4.613975863253872434e-01 -9.845243383841108253e-03 8.871388496271341850e-01 4.064363447171923660e-01 -8.911839917468361572e-01 2.014958822102345948e-01 7.886201652425367525e-01 4.535351850059039513e-01 4.151916074970471437e-01 -1.198012721487488469e-01 1.494072482698505011e+00 1.412113368240705880e+00
1.582114959082318068e+09 -4.647555948217186872e-01 7.374897702296788482e-03 8.854082944990556703e-01 4.103611635287163772e-01 -8.842956729515756287e-01 2.227664208696095161e-01 7.846056031857013835e-01 4.668691183666834887e-01 4.079549898783013662e-01 -1.231871746000654383e-01 1.490603372991373021e+00 1.405005704396883770e+00
1.582114959082334995e+09 -4.666412693992890715e-01 2.576066431062376191e-02 8.840714416095742934e-01 4.131883552084952282e-01 -8.774419793722241234e-01 2.436615602757842558e-01 7.819982792913588998e-01 4.789905646368650682e-01 3.988066325623213504e-01 -1.265430168445488834e-01 1.486961582723606234e+00 1.397970533513211988e+00
1.582114959082353115e+09 -4.671875502466184549e-01 4.510729010038477815e-02 8.830068659281753440e-01 4.149583722445321921e-01 -8.706889244585888088e-01 2.640271693025020849e-01 7.807338485039938547e-01 4.897612981917703334e-01 3.880573779676686486e-01 -1.298742048685251338e-01 1.483130207601481843e+00 1.391024909429718459e+00
1.582114959082370043e+09 -4.665503341144300875e-01 6.522082389104356948e-02 8.820867473614046883e-01 4.157332362776800516e-01 -8.640810646270028483e-01 2.837777123167531945e-01 7.807026719519563063e-01 4.991093646542885676e-01 3.760228452141650690e-01 -1.331873658326733767e-01 1.479092435304729003e+00 1.384188440882877957e+00
1.582114959082386971e+09 -4.648990788311350153e-01 8.592577930724973334e-02 8.811842071634850004e-01 4.155930589187938895e-01 -8.576363141645062527e-01 3.028900163515102495e-01 7.817616362303817512e-01 5.070273297154256342e-01 3.630041749643229676e-01 -1.364903310370069733e-01 1.474832145954360518e+00 1.377483345924801927e+00
1.582114959082402945e+09 -4.624073258497736760e-01 1.070695066552384001e-01 8.801792918190025627e-01 4.146339940411137293e-01 -8.513434857645120202e-01 3.213921595689939181e-01 7.837462063621710717e-01 5.135663442950179070e-01 3.492728074469065302e-01 -1.397920341204490213e-01 1.470334547931619440e+00 1.370934429093650486e+00
1.582114959082420111e+09 -4.592436996195964904e-01 1.285234100014104874e-01 8.789635700319160527e-01 4.129672364156403708e-01 -8.451627173082562061e-01 3.393494407243533018e-01 7.864815865664325223e-01 5.188272490486302013e-01 3.350596956335769039e-01 -1.431023257887639177e-01 1.465586825154431061e+00 1.364568972284562642e+00
1.582114959082439899e+09 -4.555638748943476313e-01 1.501814821396560695e-01 8.774434900980913055e-01 4.107184005406060989e-01 -8.390286212535815746e-01 3.568492233076294151e-01 7.897923469809837727e-01 5.229498017413376498e-01 3.205488317096981121e-01 -1.464317113591908082e-01 1.460578770344438615e+00 1.358416531985766396e+00
1.582114959082457066e+09 -4.515039381245051220e-01 1.719568758923072371e-01 8.755427040946412998e-01 4.080265427722483129e-01 -8.328557410202718225e-01 3.739861695885003390e-01 7.935102609623305714e-01 5.261008909749185225e-01 3.058746773833659338e-01 -1.497910218087077083e-01 1.455303380219070020e+00 1.352508635979942087e+00
1.582114959082473993e+09 -4.471754850205310050e-01 1.937773707090112707e-01 8.732035365249566361e-01 4.050421814096092921e-01 -8.265457245870057035e-01 3.908490711853679911e-01 7.974803551666421741e-01 5.284623882261937355e-01 2.911229763434027284e-01 -1.531910326393418065e-01 1.449757388268107183e+00 1.346878374661128808e+00
1.582114959082489967e+09 -4.426626946612207125e-01 2.155806235634506185e-01 8.703876914922434871e-01 4.019238817867979985e-01 -8.199955118362926010e-01 4.075101886067962753e-01 8.015653011488296231e-01 5.302191578149876294e-01 2.763344218182722245e-01 -1.566420479554996581e-01 1.443941710641279963e+00 1.341559885221902837e+00
1.582114959082508087e+09 -4.380214994220540392e-01 2.373100172608421932e-01 8.670761914351301503e-01 3.988332605040710854e-01 -8.131057663814982295e-01 4.240177390079645781e-01 8.056483081102210342e-01 5.315477103577207485e-01 2.615106790440698825e-01 -1.601534697149382125e-01 1.437861780706898962e+00 1.336587731553013692e+00
1.582114959082524061e+09 -4.332808429292158148e-01 2.589117236181560089e-01 8.632684579698021166e-01 3.959286636302163376e-01 -8.057887152428769850e-01 4.403919160291236978e-01 8.096346117031141265e-01 5.326061075147796586e-01 2.466222410322922443e-01 -1.637333742305392970e-01 1.431527748116623089e+00 1.331996189579865097e+00
1.582114959082541943e+09 -4.284458348619371582e-01 2.803333037579618936e-01 8.589804452928716527e-01 3.933581962403875365e-01 -7.979745532940146768e-01 4.566245084818647548e-01 8.134515941597741939e-01 5.335258673214593461e-01 2.316174709716306290e-01 -1.673881198299027873e-01 1.424954518719945940e+00 1.327818459001037787e+00
1.582114959082559109e+09 -4.235023806648416378e-01 3.015238424990167032e-01 8.542418310863592046e-01 3.912529787689399408e-01 -7.896157582402523190e-01 4.726817755569606705e-01 8.170476364183132389e-01 5.344065182471736675e-01 2.164320518769545787e-01 -1.711220097188895228e-01 1.418161617574395184e+00 1.324085832149828557e+00
1.582114959082576036e+09 -4.184226935628674315e-01 3.224352883346287002e-01 8.490924180265042587e-01 3.897215576386517943e-01 -7.806889481254540852e-01 4.885098502456765579e-01 8.203898811080031495e-01 5.353132271045804025e-01 2.009979897013008110e-01 -1.749370323472436706e-01 1.411172866276872329e+00 1.320826859837399336e+00
1.582114959082596064e+09 -4.131710098109880325e-01 3.430244348908852436e-01 8.435780661690379656e-01 3.888462521792778182e-01 -7.711942745017237311e-01 5.040416482221165007e-01 8.234611762669805657e-01 5.362775662335205196e-01 1.852513512424158459e-01 -1.788326977917535920e-01 1.404015877433320458e+00 1.318066561968621597e+00
1.582114959082612991e+09 -4.077088505986582456e-01 3.632549008263828427e-01 8.377466026019277923e-01 3.886818879582631947e-01 -7.611527155436959013e-01 5.192041348007891965e-01 8.262565480029894216e-01 5.373010521559465902e-01 1.691380981203957079e-01 -1.828059822710995097e-01 1.396721383832472796e+00 1.315825732559668282e+00
1.582114959082629919e+09 -4.019993156761532682e-01 3.830985686135228163e-01 8.316441768714015748e-01 3.892569067652782988e-01 -7.506019314539449372e-01 5.339249020543181956e-01 8.287795911655401193e-01 5.383606850669055977e-01 1.526176989842942533e-01 -1.868513844415144454e-01 1.389322434888140556e+00 1.314120382541223764e+00
1.582114959082645893e+09 -3.960100742417432818e-01 4.025361250241482058e-01 8.253124797017969971e-01 3.905765382903282346e-01 -7.395914501476757996e-01 5.481372589107404991e-01 8.310391018702256716e-01 5.394155679259239333e-01 1.356644988321179246e-01 -1.909610882244960894e-01 1.381853504248451214e+00 1.312961351565670176e+00
1.582114959082662106e+09 -3.897150149094463223e-01 4.215566837890780683e-01 8.187870110772532684e-01 3.926272416596842674e-01 -7.281779737800840868e-01 5.617834881952454840e-01 8.330462509740415022e-01 5.404135461441977872e-01 1.182672519484377072e-01 -1.951252192839524058e-01 1.374349558035151908e+00 1.312354106446946611e+00
1.582114959082678080e+09 -3.830947038252800474e-01 4.401566571969984243e-01 8.120964013145988147e-01 3.953816529239234101e-01 -7.164213626135988999e-01 5.748163008497574333e-01 8.348124318870813187e-01 5.412970980135706212e-01 1.004273630558527308e-01 -1.993321766059441280e-01 1.366845133570945947e+00 1.312298731013812336e+00
1.582114959082695007e+09 -3.761359654789413476e-01 4.583381913846830691e-01 8.052625893417495462e-01 3.988033089546059728e-01 -7.043816037268497698e-01 5.871988394901908048e-01 8.363478081761939187e-01 5.420079876268404373e-01 8.215646723823308295e-02 -2.035690170222577700e-01 1.359373474997348508e+00 1.312790100867283982e+00
1.582114959082711935e+09 -3.688308894022709339e-01 4.761074457215891398e-01 7.983016191597827049e-01 4.028507374615962755e-01 -6.921168144852715143e-01 5.989036637339824054e-01 8.376604672242833338e-01 5.424905669568141908e-01 6.347382463628142846e-02 -2.078218687404588538e-01 1.351965765762662475e+00 1.313818224908420706e+00
1.582114959082730055e+09 -3.611755776809825180e-01 4.934729685709499103e-01 7.912247666614841135e-01 4.074806559650485660e-01 -6.796821711518498121e-01 6.099111912673682578e-01 8.387560533922320261e-01 5.426938137753141156e-01 4.440391187023629699e-02 -2.120763502311018844e-01 1.344650488896343532e+00 1.315368726279427580e+00
1.582114959082747936e+09 -3.531689065861430832e-01 5.104443412037920069e-01 7.840397298324314201e-01 4.126502056112076322e-01 -6.671295443054334751e-01 6.202080126251446890e-01 8.396377380935000634e-01 5.425723413976941689e-01 2.497444936215515929e-02 -2.163179728915952671e-01 1.337452935417518418e+00 1.317423429180593963e+00
1.582114959082763910e+09 -3.448115087737611550e-01 5.270311732777136493e-01 7.767516757707164654e-01 4.183182907075732593e-01 -6.545075777561673025e-01 6.297853906846584415e-01 8.403063911917073581e-01 5.420866840784838159e-01 5.214965834142652745e-03 -2.205325093951585047e-01 1.330394869972713057e+00 1.319961014080375472e+00
1.582114959082779884e+09 -3.361051018747752139e-01 5.432424573965850545e-01 7.693640185097061490e-01 4.244461907089662200e-01 -6.418619570178949463e-01 6.386381286193182349e-01 8.407608409573730235e-01 5.412031602058707813e-01 -1.484411322099329564e-02 -2.247063139529466014e-01 1.323494352724544854e+00 1.322957705607333612e+00
1.582114959082797050e+09 -3.270521659268956216e-01 5.590862171423586213e-01 7.618789159478760453e-01 4.309976881570317664e-01 -6.292356817263743407e-01 6.467638283378391861e-01 8.409981412385840738e-01 5.398935623303401377e-01 -3.517197448239158669e-02 -2.288265853512019832e-01 1.316765707438490418e+00 1.326387959111930304e+00
1.582114959082813025e+09 -3.176559192045669833e-01 5.745693709407034833e-01 7.542975241726854740e-01 4.379389235755759002e-01 -6.166692314066728464e-01 6.541624861258465984e-01 8.410138026291116287e-01 5.381348316315046620e-01 -5.573766028227362945e-02 -2.328815679368518021e-01 1.310219619475104791e+00 1.330225118411766827e+00
1.582114959082829952e+09 -3.079205074901509298e-01 5.896977383638147829e-01 7.466200763691979159e-01 4.452381402702495494e-01 -6.042005823193927760e-01 6.608363297929189528e-01 8.408019740203903636e-01 5.359087923289517219e-01 -7.651017441770527339e-02 -2.368606891402676717e-01 1.303863343887450066e+00 1.334442024622360501e+00
1.582114959082851887e+09 -2.978513302233045668e-01 6.044761395634788981e-01 7.388458443982607315e-01 4.528654152544955847e-01 -5.918650726527667771e-01 6.667898105405387632e-01 8.403555799490148859e-01 5.332019621814435562e-01 -9.745853875316316806e-02 -2.407546352543049328e-01 1.297701000951319905e+00 1.339011560275480406e+00
1.582114959082869053e+09 -2.874553757215158600e-01 6.189085291927934884e-01 7.309730771123876814e-01 4.607924581393036401e-01 -5.796951784714126088e-01 6.720296203141008506e-01 8.396664322762816823e-01 5.300054080397560430e-01 -1.185518871993226642e-01 -2.445553705426101732e-01 1.291733933716394445e+00 1.343907115685109677e+00
1.582114959082885981e+09 -2.767415162369509241e-01 6.329981501805923561e-01 7.229989454077780930e-01 4.689924795412270253e-01 -5.677202461262096378e-01 6.765646874266695310e-01 8.387253348537044850e-01 5.263146055434211323e-01 -1.397596102874607837e-01 -2.482561071488727511e-01 1.285961102329802763e+00 1.349102970690755354e+00
1.582114959082905054e+09 -2.657207971390496692e-01 6.467477289851037980e-01 7.149194591157359557e-01 4.774400866050795833e-01 -5.559661749653393992e-01 6.804061845673678999e-01 8.375221917484392264e-01 5.221292822175431780e-01 -1.610515165447760355e-01 -2.518512347602884227e-01 1.280379491823785187e+00 1.354574590606593798e+00
1.582114959082921982e+09 -2.544066167296953895e-01 6.601596696118292584e-01 7.067294277048947748e-01 4.861112320161606326e-01 -5.444551397338803778e-01 6.835674589429127090e-01 8.360461371674655640e-01 5.174531973399632001e-01 -1.823980402622159547e-01 -2.553362201351291882e-01 1.274984512373011691e+00 1.360298838727485471e+00
1.582114959082937956e+09 -2.428147524816858249e-01 6.732362252000713143e-01 6.984224946674857382e-01 4.949832042167817137e-01 -5.332054182516826613e-01 6.860638523424152924e-01 8.342856965819791526e-01 5.122938288008156427e-01 -2.037704822902739188e-01 -2.587074864273049002e-01 1.269770375445843147e+00 1.366254112237462737e+00
1.582114959082954884e+09 -2.309632860798803144e-01 6.859796620718502380e-01 6.899912055301220537e-01 5.040346153531637396e-01 -5.222313144275956276e-01 6.879124659123379004e-01 8.322289751082189158e-01 5.066619755389292212e-01 -2.251412346390624930e-01 -2.619622810806842006e-01 1.264730434452624674e+00 1.372420411730341350e+00
1.582114959082972050e+09 -2.188724689678899771e-01 6.983924228940315837e-01 6.814270804525175418e-01 5.132453645022532207e-01 -5.115431594791004510e-01 6.891319117612159095e-01 8.298638672369860192e-01 5.005712932603509913e-01 -2.464839593556185648e-01 -2.650985395326745930e-01 1.259857483215928164e+00 1.378779355986565314e+00
1.582114959082988024e+09 -2.065645585025501496e-01 7.104772897528267572e-01 6.727206730271205748e-01 5.225965679307061906e-01 -5.011473729982174330e-01 6.897420805812936040e-01 8.271782820881731224e-01 4.940377832559586513e-01 -2.677737073700208748e-01 -2.681147506625892185e-01 1.255144009088352552e+00 1.385314153225587264e+00
1.582114959083003998e+09 -1.940636415433120154e-01 7.222375428760643423e-01 6.638616080880348491e-01 5.320704575259422864e-01 -4.910465703195642795e-01 6.897639407841692494e-01 8.241603795740864991e-01 4.870792517031881097e-01 -2.889869742774721084e-01 -2.710098281048966551e-01 1.250582401056125947e+00 1.392009539820104891e+00
1.582114959083020926e+09 -1.813954475174872627e-01 7.336771053054962355e-01 6.548386036058166937e-01 5.416502546051237266e-01 -4.812397130541671286e-01 6.892193702053990290e-01 8.207988141479769517e-01 4.797147524645151151e-01 -3.101016977745724157e-01 -2.737829906399389390e-01 1.246165114780738437e+00 1.398851695503966042e+00
1.582114959083038092e+09 -1.685871547602093290e-01 7.448006661148008911e-01 6.456394806753562587e-01 5.513200255267003413e-01 -4.717222973672342001e-01 6.881310221319748566e-01 8.170829827524599409e-01 4.719640260904727214e-01 -3.310972023051587665e-01 -2.764336547492224350e-01 1.241884796959112469e+00 1.405828141734842829e+00
1.582114959083054066e+09 -1.556670915480991013e-01 7.556137230866508681e-01 6.362512539036945247e-01 5.610645539526971648e-01 -4.624866779736678257e-01 6.865221329245846382e-01 8.130032736141649119e-01 4.638469296891080673e-01 -3.519541204647663735e-01 -2.789613416273479252e-01 1.237734372530771454e+00 1.412927628969669946e+00
1.582114959083070993e+09 -1.426642571465907838e-01 7.661224911469997068e-01 6.266603851317430474e-01 5.708692571319892162e-01 -4.535226172858463634e-01 6.844161941920615666e-01 8.085512976891977566e-01 4.553828764577263488e-01 -3.726543100994405555e-01 -2.813655992524626837e-01 1.233707099983339273e+00 1.420140018586674158e+00
