1.582113129490606070e+09 -1.055530027735503418e-01 7.934222228487288753e-01 5.994495307336352719e-01 6.025051733454698244e-01 -4.285430492540760472e-01 6.733040702605848082e-01 7.911043418531710225e-01 4.322407098218621346e-01 -4.328069882467940332e-01 -3.044749102496927540e-01 1.202508176582207211e+00 1.505155904694479130e+00
1.582113129490669966e+09 -8.720459453333555266e-02 8.164367929953060266e-01 5.708119877296281564e-01 6.190075438839768296e-01 -4.045400024552689988e-01 6.731842606896170089e-01 7.805286803485369518e-01 4.120416880471130527e-01 -4.701027872109113104e-01 -3.160385776332598762e-01 1.186043091848271613e+00 1.530443358624277828e+00
1.582113129490709066e+09 -6.435399041733633196e-02 8.384446573778253642e-01 5.411738431890409373e-01 6.391048712766249640e-01 -3.818649558732996052e-01 6.676257357293888806e-01 7.664225540494834510e-01 3.888312217816771166e-01 -5.112795314248509415e-01 -3.269450345307398642e-01 1.169224488552646601e+00 1.568030432837765664e+00
1.582113129490744114e+09 -3.757670473373960623e-02 8.587172190069319866e-01 5.110701907729325866e-01 6.624750580425706747e-01 -3.614863346043036829e-01 6.560902625903098917e-01 7.481408921311719640e-01 3.632249671920709244e-01 -5.552952746570335441e-01 -3.348337654620963111e-01 1.154698978327951098e+00 1.615971721049399568e+00
1.582113129490781069e+09 -7.629719944025330214e-03 8.767286238528455566e-01 4.809248582644853331e-01 6.885349272432447210e-01 -3.441632194260737521e-01 6.383348165591752332e-01 7.251630492780258841e-01 3.360038811092317945e-01 -6.010324106878246475e-01 -3.384414162386080727e-01 1.143852045852036703e+00 1.671584679217026137e+00
1.582113129490814924e+09 2.464449713031497888e-02 8.921665208935001257e-01 4.510338781008307873e-01 7.165079969035843543e-01 -3.303898119002197653e-01 6.143768126800370766e-01 6.971434185455525068e-01 3.080283756323242694e-01 -6.473867379449582682e-01 -3.374429614841230052e-01 1.137030691720960274e+00 1.732319590028118972e+00
1.582113129490847111e+09 5.840100963617764207e-02 9.049131490677014833e-01 4.215703083967703990e-01 7.455085288064132731e-01 -3.203854684776647477e-01 5.844400651918352230e-01 6.639324981400686054e-01 2.801523727699272159e-01 -6.933313055947279979e-01 -3.321273448173800436e-01 1.133930252426980534e+00 1.796168671320434118e+00
1.582113129490879059e+09 9.285311834619583427e-02 9.150084214098510582e-01 3.926039934068682458e-01 7.746227881769935930e-01 -3.141225744457363800e-01 5.488957534790022130e-01 6.255700123223588704e-01 2.531533193613043631e-01 -7.379536353931389625e-01 -3.231061826998231079e-01 1.133929647611906955e+00 1.861736715269542985e+00
1.582113129490914106e+09 1.273089255971739664e-01 9.226062817441391672e-01 3.641292255424762869e-01 8.029745249942574770e-01 -3.113780075367748590e-01 5.082082759684098949e-01 5.822579795229474442e-01 2.276870434459212500e-01 -7.804705405675991248e-01 -3.111202837075055516e-01 1.136309934878243277e+00 1.928148148864444078e+00
1.582113129490947962e+09 1.611869548284735887e-01 9.279327295367452155e-01 3.360946588264571711e-01 8.297692610074596242e-01 -3.117932154721043680e-01 4.628908799282920317e-01 5.343236315718106200e-01 2.042690459164992201e-01 -8.202270542557708044e-01 -2.969359659144240049e-01 1.140370373656843128e+00 1.994908825404743569e+00
1.582113129490981102e+09 1.724707582634854020e-01 9.291535799430254983e-01 3.269976560575649782e-01 8.384241858956079652e-01 -3.127221472958189863e-01 4.463739973879161105e-01 5.170094063344402580e-01 1.971762823600398951e-01 -8.329602597634581107e-01 -2.949827917121730092e-01 1.141008371333087856e+00 2.003263226395096908e+00
1.582113129491017103e+09 1.835890320025435896e-01 9.299543968965459095e-01 3.185590866153626410e-01 8.468376570148360427e-01 -3.141816399829683859e-01 4.291338744579872855e-01 4.991603491800053471e-01 1.909835585095323029e-01 -8.452007058056419941e-01 -2.928981424052426452e-01 1.141738986864337058e+00 2.011578175860957440e+00
1.582113129491050005e+09 1.945003927107032682e-01 9.303627341157582054e-01 3.107970155070619578e-01 8.549781029006828792e-01 -3.161073483010802820e-01 4.112038306709909774e-01 4.808139401214474029e-01 1.857453367482685413e-01 -8.569227688479200689e-01 -2.906796996151527757e-01 1.142557294061187001e+00 2.019850227077322646e+00
1.582113129491082907e+09 2.051654077621195282e-01 9.304071187993026015e-01 3.037264449952414846e-01 8.628164960782197523e-01 -3.184295458450406291e-01 3.926198172231157857e-01 4.620117463762620780e-01 1.815081827353782762e-01 -8.681013378167790062e-01 -2.883253660727388978e-01 1.143458220249869095e+00 2.028076003148992168e+00
