1.582114960535830975e+09 -4.235036223898752117e-01 3.015238122335794912e-01 8.542412261658908212e-01 3.912533546870742840e-01 -7.896150797040140112e-01 4.726825978928636540e-01 8.170468127778025558e-01 5.344075378981304469e-01 2.164326434931362897e-01 -1.953585995023665589e-01 1.218322540115042152e+00 1.381018584272950100e+00
1.582114960535870075e+09 -4.202736205781754109e-01 3.148716290657008199e-01 8.510146538447911357e-01 3.902644415281273926e-01 -7.839654619951976766e-01 4.827958368484840390e-01 8.191848079197242560e-01 5.350271129678533244e-01 2.065968026497707055e-01 -1.977008906395582577e-01 1.210473695301723884e+00 1.381989989877143055e+00
1.582114960535896063e+09 -4.144145331175843050e-01 3.300700567599249569e-01 8.481240194538107735e-01 3.905969544367926538e-01 -7.772134708209685883e-01 4.933287341722801811e-01 8.220064561347829590e-01 5.357172560293362862e-01 1.931641987209297695e-01 -2.015191536890456048e-01 1.198617461378093996e+00 1.385007515956297786e+00
1.582114960535917997e+09 -4.055668787692561228e-01 3.464178445794716121e-01 8.458783504767939387e-01 3.924416090716677519e-01 -7.697814686199619949e-01 5.034144158041538031e-01 8.255332157558640249e-01 5.361260742856249761e-01 1.762490912238708907e-01 -2.068333567183198440e-01 1.183405921096827740e+00 1.390940641141469092e+00
1.582114960535938025e+09 -3.936233054035294110e-01 3.632159703989363830e-01 8.444731211195465326e-01 3.957592165242948545e-01 -7.621872251052244085e-01 5.122941307719187654e-01 8.297200346989703768e-01 5.358589298838325465e-01 1.562685870072413330e-01 -2.135821500082102364e-01 1.165670327616471491e+00 1.400379262339233488e+00
1.582114960535957098e+09 -3.787206658450086860e-01 3.798527348267558001e-01 8.439683389260054236e-01 4.003011788071551003e-01 -7.549574062942420172e-01 5.194211017353126403e-01 8.344636741698582272e-01 5.345570264515782100e-01 1.338624740712913430e-01 -2.216371046129209654e-01 1.146294133279185168e+00 1.413603685632399687e+00
1.582114960535976887e+09 -3.611993031388137099e-01 3.958617626474456030e-01 8.442917317424160073e-01 4.056705998316939565e-01 -7.485399935451870768e-01 5.245181050224984043e-01 8.396227890223844081e-01 5.319599072671082896e-01 1.097826453356378629e-01 -2.308251176068428223e-01 1.126099700465933440e+00 1.430608882244869706e+00
1.582114960535995960e+09 -3.415384892445205156e-01 4.109488929768475574e-01 8.452647323345158226e-01 4.114105670014382987e-01 -7.432366014585084502e-01 5.275800409537595437e-01 8.450401207786408797e-01 5.279397329393465954e-01 8.477518894437809094e-02 -2.409525166174244504e-01 1.105768694022431387e+00 1.451164593248192469e+00
1.582114960536015034e+09 -3.202791318025289269e-01 4.249895361290404461e-01 8.466434739106385443e-01 4.170975150132198994e-01 -7.391701773072302251e-01 5.288261642072875635e-01 8.505591929448710342e-01 5.225048738174064011e-01 5.947870321548496403e-02 -2.518258433063515489e-01 1.085801734887571923e+00 1.474888942236971534e+00
1.582114960536039114e+09 -2.979462859217233972e-01 4.380026254224652638e-01 8.481637287878391884e-01 4.224166208387961086e-01 -7.362922247382071017e-01 5.286189158836338553e-01 8.560328318154429850e-01 5.157784988884120958e-01 3.435594476358400789e-02 -2.632667488716913806e-01 1.066511764397350737e+00 1.501317389253925549e+00
1.582114960536063910e+09 -2.778759588403530434e-01 4.486006097821554905e-01 8.494365452489347490e-01 4.266030346554144925e-01 -7.346531964747322618e-01 5.275362847549387446e-01 8.606943721918330903e-01 5.089618589000877158e-01 1.276807990349730984e-02 -2.660931863571694422e-01 1.062107446791896725e+00 1.508146091946571232e+00
1.582114960536083937e+09 -2.579394051135152077e-01 4.593116530834606137e-01 8.500000403730798570e-01 4.310657814782467567e-01 -7.326415605817989674e-01 5.267054544502162150e-01 8.646673090440897269e-01 5.022640232512211034e-01 -9.016408381276212053e-03 -2.688966144531317881e-01 1.058129754560667823e+00 1.515240927978359631e+00
1.582114960536104918e+09 -2.381587360456614011e-01 4.701053998509689968e-01 8.498713605475278765e-01 4.358335436604803825e-01 -7.302667235029250969e-01 5.260794947205646999e-01 8.679455850839725706e-01 4.956928742454988490e-01 -3.096830246599060338e-02 -2.716677870828836938e-01 1.054577689002948793e+00 1.522570414687764995e+00
1.582114960536123037e+09 -2.185561383355302811e-01 4.809551765082220043e-01 8.490673310101019000e-01 4.409293474320950534e-01 -7.275382685659816939e-01 5.256133353958160059e-01 8.705254303983376296e-01 4.892547250302884398e-01 -5.305929765342165538e-02 -2.743977120496796651e-01 1.051446222107751849e+00 1.530104296001770559e+00
1.582114960536142111e+09 -1.991539090947286872e-01 4.918376980831973833e-01 8.476045063821465719e-01 4.463710414035745311e-01 -7.244657677291111986e-01 5.252639762878777985e-01 8.724050744291814707e-01 4.829544803968588984e-01 -7.526191584701275028e-02 -2.770778376150866973e-01 1.048726785086361080e+00 1.537813999766112660e+00
1.582114960536161900e+09 -1.799743403730469649e-01 5.027327397399493636e-01 8.454992780621772841e-01 4.521715683718016132e-01 -7.210587921414307599e-01 5.249905628032950355e-01 8.735846321706017825e-01 4.767955648615231357e-01 -9.754937091485410550e-02 -2.797001979910525571e-01 1.046407812530752102e+00 1.545672977768274725e+00
1.582114960536180019e+09 -1.610394818325473487e-01 5.136228307328989384e-01 8.427679829252179289e-01 4.583390791471017578e-01 -7.173270372120817973e-01 5.247544284824262606e-01 8.740661152446251858e-01 4.707796824810725478e-01 -1.198954408905459484e-01 -2.822575161534676691e-01 1.044475314737878247e+00 1.553656931612723557e+00
1.582114960536200047e+09 -1.423708487736254913e-01 5.244930076020691834e-01 8.394269631116366703e-01 4.648770042149391046e-01 -7.132804503254811523e-01 5.245191799509496544e-01 8.738534844999618079e-01 4.649065327165660122e-01 -1.422743949798549179e-01 -2.847432650869871629e-01 1.042913450196470082e+00 1.561743931939628904e+00
1.582114960536221027e+09 -1.239891035474103287e-01 5.353306117966228905e-01 8.354925722457229309e-01 4.717841434745244089e-01 -7.089293329617925021e-01 5.242508205364599938e-01 8.729527044282455739e-01 4.591735368489047175e-01 -1.646609816903436274e-01 -2.871516906939723390e-01 1.041705074202738279e+00 1.569914443334086362e+00
1.582114960536240101e+09 -1.059136865854968385e-01 5.461250956625485209e-01 8.309811495360486244e-01 4.790547575086121501e-01 -7.042844622102445440e-01 5.239178710431489083e-01 8.713718094494840027e-01 4.535755462757408152e-01 -1.870304614749783156e-01 -2.894778011520949823e-01 1.040832244639209092e+00 1.578151270489199565e+00
1.582114960536262989e+09 -8.816246905668242984e-02 5.568678398932609408e-01 8.259089465221056692e-01 4.866787597443091862e-01 -6.993571592842808826e-01 5.234914980898506265e-01 8.691209144098244188e-01 4.481046447572035185e-01 -2.093586957463170195e-01 -2.917173288959287181e-01 1.040276669884536265e+00 1.586439442487302509e+00
1.582114960536281109e+09 -7.075147460034152125e-02 5.675519682340525174e-01 8.202920164175325768e-01 4.946420534277599645e-01 -6.941592835079074542e-01 5.229456263335143795e-01 8.662121378874866329e-01 4.427501016103713716e-01 -2.316222780790817559e-01 -2.938666718028226099e-01 1.040020090097315109e+00 1.594766052528306277e+00
1.582114960536300898e+09 -5.369465412062746079e-02 5.781721364419728504e-01 8.141460954667791849e-01 5.029269636860400627e-01 -6.887032033409566933e-01 5.222569931616418692e-01 8.626594654423815900e-01 4.374984324001517377e-01 -2.537986767739777161e-01 -2.959228197826313522e-01 1.040044589305772149e+00 1.603120069416455573e+00
1.582114960536319017e+09 -3.700369905675857107e-02 5.887242882396079846e-01 8.074864944354764873e-01 5.115127190680799352e-01 -6.830017793244770319e-01 5.214051281604082932e-01 8.584785754394749224e-01 4.323335308288432377e-01 -2.758663691619964720e-01 -2.978832722261208765e-01 1.040332840343096699e+00 1.611492134899349837e+00
1.582114960536339045e+09 -2.068788126009461423e-02 5.992053803152868063e-01 8.003280101139729208e-01 5.203759460737286124e-01 -6.770683795567215002e-01 5.203722553644660742e-01 8.536866441017451068e-01 4.272368448626888693e-01 -2.978049564332714283e-01 -2.997459511141363220e-01 1.040868287113744461e+00 1.619874358173011730e+00
1.582114960536372900e+09 -4.753913204121933134e-03 6.096130835003573667e-01 7.926848609234596887e-01 5.294911530189071458e-01 -6.709169350488755068e-01 5.191431258719748643e-01 8.483021390900656877e-01 4.221875823521998861e-01 -3.195952536020689738e-01 -3.015091134276252083e-01 1.041635271310276112e+00 1.628260116146632130e+00
1.582114960536403894e+09 1.079416822813767350e-02 6.199454700002710039e-01 7.845706470173456903e-01 5.388311944794401676e-01 -6.645620290866809388e-01 5.177047936351829582e-01 8.423446027540710812e-01 4.171629462511404207e-01 -3.412193524527907251e-01 -3.031712659718864278e-01 1.042619110692006412e+00 1.636643865420324584e+00
1.582114960536451101e+09 2.595509359486350420e-02 6.302006958144442672e-01 7.759983351233961102e-01 5.483677076317087229e-01 -6.580190155184904022e-01 5.160463471856143736e-01 8.358344275895703834e-01 4.121383969174324258e-01 -3.626606560470707619e-01 -3.047310857816381557e-01 1.043806134793450857e+00 1.645020969862628801e+00
1.582114960536479950e+09 4.073032828095403401e-02 6.403767055425108046e-01 7.669802574769813974e-01 5.580716019194821298e-01 -6.513040714713902446e-01 5.141586269008886489e-01 8.287925720527866691e-01 4.070880512689162289e-01 -3.839038825361760776e-01 -3.061873487308202635e-01 1.045183684263267798e+00 1.653387546138180397e+00
1.582114960536511898e+09 5.512381368672469167e-02 6.504709921016041951e-01 7.575281206673429857e-01 5.679136583873308775e-01 -6.444340970309334615e-01 5.120339551258658028e-01 8.212401851970234645e-01 4.019853019961080465e-01 -4.049350258977403305e-01 -3.075388676105448305e-01 1.046740081468325201e+00 1.661740328150864254e+00
1.582114960536540985e+09 6.914158782157528438e-02 6.604804104675209286e-01 7.476530400024979928e-01 5.778651083621881845e-01 -6.374265542630730419e-01 5.096658753130876018e-01 8.131982275999672938e-01 3.968034971010104828e-01 -4.257412680476574396e-01 -3.087844396195798535e-01 1.048464580474014252e+00 1.670076550103479329e+00
1.582114960536576986e+09 8.279111803225180921e-02 6.704011002929012308e-01 7.373655779217305195e-01 5.878983062943262672e-01 -6.302990883165310310e-01 5.070489529862043376e-01 8.046870275031539066e-01 3.915168246653737971e-01 -4.463108376168209990e-01 -3.099228031607223488e-01 1.050347302571168262e+00 1.678393847071043998e+00
1.582114960536607981e+09 9.608024606272970447e-02 6.802285709121261847e-01 7.266757720154032318e-01 5.979875256715517784e-01 -6.230688351613870024e-01 5.041786843894147108e-01 7.957257727749803555e-01 3.861014348174938715e-01 -4.666328070074797774e-01 -3.109526042679165991e-01 1.052379161457379642e+00 1.686690171681358930e+00
1.582114960536628962e+09 1.090157963486474563e-01 6.899579747880547620e-01 7.155931450032529950e-01 6.081097902159223745e-01 -6.157514431112952602e-01 5.010515376193328541e-01 7.863320158753470679e-01 3.805366649028456005e-01 -4.866968332300708466e-01 -3.118723722963814837e-01 1.054551782237046931e+00 1.694963725247701669e+00
1.582114960536647081e+09 1.216020551106173631e-01 6.995845460104987978e-01 7.041266954028719827e-01 6.182455730550702189e-01 -6.083599608557553884e-01 4.976651177510686419e-01 7.765213143186886491e-01 3.748061112275700713e-01 -5.064928700360841196e-01 -3.126805030499742455e-01 1.056857419153953037e+00 1.703212901326927042e+00
1.582114960536665916e+09 1.338393257282411430e-01 7.091041521945294912e-01 6.922848663894779486e-01 6.283792470859482782e-01 -6.009037438521159791e-01 4.940184333170178355e-01 7.663070903500898146e-01 3.688983490985853209e-01 -5.260108851665186158e-01 -3.133752474763286111e-01 1.059288875559748266e+00 1.711436239628512768e+00
1.582114960536684036e+09 1.457225953478661351e-01 7.185139280602350631e-01 6.800754813925756759e-01 6.384993063870254559e-01 -5.933873979686613565e-01 4.901122643599755135e-01 7.557007085803594260e-01 3.628072919858623124e-01 -5.452405963748249151e-01 -3.139547043749173483e-01 1.061839428166555521e+00 1.719632388358016239e+00
1.582114960536700964e+09 1.572402422996140858e-01 7.278129792908583084e-01 6.675056354669476333e-01 6.485984318558515316e-01 -5.858097041961998208e-01 4.859496523967116177e-01 7.447117431571438351e-01 3.565322673307640411e-01 -5.641712168818786566e-01 -3.144168173936544575e-01 1.064502755141343071e+00 1.727800073701908357e+00
1.582114960536719084e+09 1.683728757651920260e-01 7.370030893008316930e-01 6.545815618167074579e-01 6.586733646064286685e-01 -5.781626160968659223e-01 4.815364867866903098e-01 7.333484666003226016e-01 3.500777566652246153e-01 -5.827912068874634421e-01 -3.147593761905394527e-01 1.067272868128101404e+00 1.735938075324223728e+00
1.582114960536737919e+09 1.790924419354354147e-01 7.460893311581888732e-01 6.413085116980279388e-01 6.687245390749311236e-01 -5.704304663431908340e-01 4.768821383814917936e-01 7.216185890628366018e-01 3.434527522121806897e-01 -6.010880292594306118e-01 -3.149800213205164456e-01 1.070144048528331560e+00 1.744045206859451191e+00
1.582114960536755085e+09 1.893618104445867201e-01 7.550804449490403636e-01 6.276907091900580937e-01 6.787554095318941716e-01 -5.625895909424295516e-01 4.720000489356054874e-01 7.095302662865994314e-01 3.366696805794987535e-01 -6.190479201192039538e-01 -3.150762530722829857e-01 1.073110787735116034e+00 1.752120300717877388e+00
1.582114960536784887e+09 1.991346025793150898e-01 7.639890020463386833e-01 6.137313865288527293e-01 6.887716336745307588e-01 -5.546081947280954161e-01 4.669083282471566676e-01 6.970932840741396186e-01 3.297431653505535354e-01 -6.366556354933765594e-01 -3.150454447815672632e-01 1.076167730937997780e+00 1.760162196762783404e+00
1.582114960536803007e+09 2.083553667187996727e-01 7.728312753601800367e-01 5.994329495343430070e-01 6.987800904803691537e-01 -5.464465653037414716e-01 4.616303027497051237e-01 6.843204120206227703e-01 3.226886596948031483e-01 -6.538941830284494827e-01 -3.148848615158074682e-01 1.079309624097056552e+00 1.768169734666864779e+00
1.582114960536818981e+09 2.169602376329604343e-01 7.816267338129987419e-01 5.847973189728925547e-01 7.087877196285405912e-01 -5.380577568229361063e-01 4.561949351179131473e-01 6.712288907595957976e-01 3.155209966297459756e-01 -6.707445690406751426e-01 -3.145916851625428223e-01 1.082531263918597331e+00 1.776141749931502201e+00
1.582114960536835909e+09 2.248782519478182140e-01 7.903970864938227869e-01 5.698264801374012256e-01 7.188001885568202631e-01 -5.293888766399561518e-01 4.506370005019098568e-01 6.578419724613887576e-01 3.082529204317508431e-01 -6.871856199860069125e-01 -3.141630465209256373e-01 1.085827451229477214e+00 1.784077073555649262e+00
1.582114960536853075e+09 2.320333413444559956e-01 7.991648942082597573e-01 5.545232189660214139e-01 7.288204800706974407e-01 -5.203829582687333755e-01 4.449969489488587726e-01 6.441903727426747661e-01 3.008937497046618170e-01 -7.031939384383718572e-01 -3.135960642463376802e-01 1.089192948692581542e+00 1.791974535225043796e+00
1.582114960536869049e+09 2.383470674174044679e-01 8.079517906572158958e-01 5.388919923603723294e-01 7.388474953566699366e-01 -5.109814182024683404e-01 4.393203487863534540e-01 6.303134569870650905e-01 2.934482820333917941e-01 -7.187440794293981083e-01 -3.128878899301215100e-01 1.092622444016041694e+00 1.799832969792920734e+00
1.582114960536886930e+09 2.437418108370303094e-01 8.167765311818464546e-01 5.229397936313946449e-01 7.488748720814184523e-01 -5.011267912641140798e-01 4.336569670179019620e-01 6.162599740492612499e-01 2.859161366391334003e-01 -7.338089718695888219e-01 -3.120357575641426462e-01 1.096110520045687764e+00 1.807651226563813607e+00
1.582114960536902905e+09 2.481442405268273477e-01 8.256530586038803854e-01 5.066768819615034003e-01 7.588901405683047274e-01 -4.907655424131764921e-01 4.280595016220443694e-01 6.020881915814670915e-01 2.782915902443514056e-01 -7.483606085033974731e-01 -3.110370350026031017e-01 1.099651632929783185e+00 1.815428180702837624e+00
1.582114960536920071e+09 2.514886808992167211e-01 8.345888475946721119e-01 4.901172297042607484e-01 7.688743416464151048e-01 -4.798506092259105515e-01 4.225821098722801761e-01 5.878653673568550175e-01 2.705639449352034154e-01 -7.623709474826784183e-01 -3.098892745339484334e-01 1.103240099151358455e+00 1.823162745912110028e+00
1.582114960536936045e+09 2.537200549848035447e-01 8.435837258598757327e-01 4.732785978318565512e-01 7.788021400087683510e-01 -4.683434200299426697e-01 4.172788847200550877e-01 5.736665934290632318e-01 2.627183632367839916e-01 -7.758129292579659664e-01 -3.085902590384052013e-01 1.106870091758960450e+00 1.830853887264622726e+00
1.582114960536952019e+09 2.547962122287144027e-01 8.526292670414836739e-01 4.561822258933508900e-01 7.886423846484390543e-01 -4.562152761707065074e-01 4.122023907321538116e-01 5.595731224515240188e-01 2.547370306327380041e-01 -7.886615027097580999e-01 -3.071380411445611136e-01 1.110535645143595040e+00 1.838500633269714246e+00
1.582114960536967993e+09 2.546894785541646833e-01 8.617087869864125116e-01 4.388521800641114190e-01 7.983590256919523842e-01 -4.434480365556934811e-01 4.074023870473645892e-01 5.456703543442870119e-01 2.466004973800949851e-01 -8.008945368048259184e-01 -3.055309730665151657e-01 1.114230667156407950e+00 1.846102086249933993e+00
1.582114960536983967e+09 2.533871811315043798e-01 8.707979536263829035e-01 4.213144436179992458e-01 8.079122611006003263e-01 -4.300339968333104501e-01 4.029249805257518191e-01 5.320457826181432814e-01 2.382890797550000217e-01 -8.124934459242790785e-01 -3.037677258463090113e-01 1.117948956767344848e+00 1.853657430352138480e+00
1.582114960536999941e+09 2.508914195145280357e-01 8.798658073241880651e-01 4.035959077078829504e-01 8.172597390803981732e-01 -4.159752485251836385e-01 3.988121255596988601e-01 5.187870608375115822e-01 2.297841459260991093e-01 -8.234435207048119709e-01 -3.018472984039896057e-01 1.121684225089110365e+00 1.861165936987696945e+00
1.582114960537015915e+09 2.472183043952883297e-01 8.888760200301214498e-01 3.857233866258820698e-01 8.263577019449348526e-01 -4.012827341895426336e-01 3.951013992362530369e-01 5.059802944862550333e-01 2.210691933752957916e-01 -8.337339823553706619e-01 -2.997690179675142619e-01 1.125430117700668697e+00 1.868626967872433653e+00
1.582114960537031889e+09 2.423967731010392423e-01 8.977882758908432015e-01 3.677227434711653475e-01 8.351619932124926260e-01 -3.859751072682974238e-01 3.918260604698938221e-01 4.937086686333618246e-01 2.121306867122450535e-01 -8.433577664748287406e-01 -2.975325339202420372e-01 1.129180236627058465e+00 1.876039976036271151e+00
1.582114960537048101e+09 2.364672316199356861e-01 9.065596347249280651e-01 3.496181875420939500e-01 8.436288903754574076e-01 -3.700775848555971081e-01 3.890152651402216111e-01 4.820513911338291657e-01 2.029586408056956448e-01 -8.523111206774154347e-01 -2.951378066358927299e-01 1.132928160835320552e+00 1.883404505094909753e+00
1.582114960537065029e+09 2.294801529545351937e-01 9.151458058348768132e-01 3.314317629099647333e-01 8.517157589348680613e-01 -3.536208764452103415e-01 3.866943776743038130e-01 4.710829283492900532e-01 1.935469705466957568e-01 -8.605930773671151002e-01 -2.925850925329364083e-01 1.136667464454143905e+00 1.890720187021262211e+00
1.582114960537081003e+09 2.214946824085293475e-01 9.235022998164797992e-01 3.131830262022951006e-01 8.593815285715971086e-01 -3.366402094184111071e-01 3.848853826186021676e-01 4.608725355397782497e-01 1.838936421936739896e-01 -8.682048343265706958e-01 -2.898749270424574864e-01 1.140391732238105638e+00 1.897986738843152610e+00
1.582114960537097931e+09 2.125773414895101854e-01 9.315854284556526199e-01 2.948889000575649066e-01 8.665870100310738566e-01 -3.191744970019721461e-01 3.836073441811765350e-01 4.514840284338162424e-01 1.740006607903984148e-01 -8.751490970776493183e-01 -2.870081066126747293e-01 1.144094572094768836e+00 1.905203958564891442e+00
