1.583560845879527092e+09 -2.992658728097856158e-01 7.508743453738648821e-01 5.887509281043906695e-01 3.823031029577053652e-02 -6.070982217964376870e-01 7.937066162877136621e-01 9.534035772280415877e-01 2.600374339330793760e-01 1.529776200246306672e-01 -3.930878583605816323e-01 1.482780126098027784e+00 1.532791274939532267e+00
1.583560845879648924e+09 -2.849650495697579888e-01 7.652591607359046089e-01 5.772116924898689216e-01 3.551708902563980447e-02 -5.933359501848802786e-01 8.041709935568696066e-01 9.578796674093557062e-01 2.496615061002804836e-01 1.419002307321886591e-01 -4.018009963023176367e-01 1.485284690196725377e+00 1.541363712263019048e+00
1.583560845879687071e+09 -2.703345058060330208e-01 7.791681302369760642e-01 5.655230148355796516e-01 3.321144513308137841e-02 -5.794970992067017823e-01 8.142973119180813013e-01 9.621934603856892032e-01 2.389144979690007997e-01 1.307807623401286423e-01 -4.101121679869161318e-01 1.488315335463997746e+00 1.550162457078585021e+00
1.583560845879713058e+09 -2.553951704533892753e-01 7.925982954633473687e-01 5.536797354567020157e-01 3.128300187269624638e-02 -5.655971760752618316e-01 8.240881072342626235e-01 9.663305236979867763e-01 2.277888868146100143e-01 1.196559332479011084e-01 -4.180141430865619845e-01 1.491846168044033805e+00 1.559149687283510000e+00
1.583560845879736900e+09 -2.401812134391663467e-01 8.055514062393267505e-01 5.416640260697938025e-01 2.969965754944600342e-02 -5.516384566406625778e-01 8.335544036079775010e-01 9.702736291282252346e-01 2.162913442092406213e-01 1.085685930094929946e-01 -4.255037651695494083e-01 1.495848387810615909e+00 1.568291136513314088e+00
1.583560845879767895e+09 -2.247380885502714143e-01 8.180332989482752559e-01 5.294471776227678284e-01 2.843175911212371398e-02 -5.376100367337975916e-01 8.427141174547058133e-01 9.740043259453409208e-01 2.044430745743651689e-01 9.756332635685828480e-02 -4.325816084388763860e-01 1.500291225968217734e+00 1.577556319718404598e+00
1.583560845879781008e+09 -2.091214044432568309e-01 8.300533951481446904e-01 5.169909089516375733e-01 2.745490522804501857e-02 -5.234881707700512754e-01 8.515904905098334865e-01 9.775042029153742096e-01 1.922797358062510731e-01 8.668354419925751453e-02 -4.392515567815292177e-01 1.505142809782328284e+00 1.586918596131863479e+00
1.583560845879790068e+09 -1.933966708930551781e-01 8.416243085660064516e-01 5.042482042179319279e-01 2.675182221010912256e-02 -5.092366696019188232e-01 8.602106454986162554e-01 9.807558656638927230e-01 1.798514334315411412e-01 7.596969274224935065e-02 -4.455203342814901268e-01 1.510370928986384476e+00 1.596355094116511220e+00
1.583560845879800081e+09 -1.776399781850214188e-01 8.527615306867842859e-01 4.911637308247928657e-01 2.631366744836452498e-02 -4.948072202782567985e-01 8.686042861730667308e-01 9.837436807412458517e-01 1.672231655444691434e-01 6.545826049790949563e-02 -4.513970142183879042e-01 1.515943688321041316e+00 1.605846526157814758e+00
1.583560845879810095e+09 -1.619395163547737992e-01 8.634830859779101253e-01 4.776741083922045328e-01 2.614105792481181967e-02 -4.801397376448779952e-01 8.768024165807725145e-01 9.864543772931764209e-01 1.544758658436384546e-01 5.518123553996846092e-02 -4.568925317263766162e-01 1.521830038329331725e+00 1.615376923143259091e+00
1.583560845879823923e+09 -1.466033306013982684e-01 8.736756938660662497e-01 4.638946496346617043e-01 2.624189613332606266e-02 -4.653615748455997014e-01 8.847315795435100050e-01 9.888472211077482532e-01 1.418780714926485276e-01 4.529665000569736699e-02 -4.620192199385987353e-01 1.528000185442409009e+00 1.624933316205710465e+00
1.583560845879834890e+09 -1.308863083682182959e-01 8.833171446956317174e-01 4.501328656340668477e-01 2.657485338410608966e-02 -4.507496564553069018e-01 8.922547420272078922e-01 9.910411453613789945e-01 1.287461442501080522e-01 3.552293493314061940e-02 -4.667953265956207298e-01 1.534421003287471663e+00 1.634506204964475851e+00
1.583560845879843950e+09 -1.148152606847176321e-01 8.924028062596734978e-01 4.363882306492704588e-01 2.713824235058943588e-02 -4.363116112904421029e-01 8.993862873939439950e-01 9.930160985941908214e-01 1.151060806440464129e-01 2.587698777420180396e-02 -4.712312077534874244e-01 1.541066309891009123e+00 1.644089584028495477e+00
1.583560845879856110e+09 -9.841810090731305249e-02 9.009293355564328420e-01 4.226585031713940288e-01 2.793185450806175835e-02 -4.220522425021530633e-01 9.061411128514407221e-01 9.947530795480092891e-01 1.009863233402907151e-01 1.637295308396461910e-02 -4.753374190318059300e-01 1.547911933055820644e+00 1.653678888915172118e+00
1.583560845879865885e+09 -8.172373778847548398e-02 9.088947232174332536e-01 4.089396206591222049e-01 2.895671972354151719e-02 -4.079735744602663861e-01 9.125344219381364974e-01 9.962342793836612698e-01 8.641727384690310598e-02 7.022515682704255982e-03 -4.791244428747972184e-01 1.554935666099570346e+00 1.663270756320907040e+00
1.583560845879874945e+09 -6.476197177639020364e-02 9.162983138366099789e-01 3.952256161071298068e-01 3.021483832817631679e-02 -3.940749132638151631e-01 9.185815296302891619e-01 9.974432068607033131e-01 7.143082924028182346e-02 -2.164736983853168643e-03 -4.826024666073712721e-01 1.562117179453518911e+00 1.672862810983448023e+00
1.583560845879885912e+09 -4.756339541058782899e-02 9.231408021519618146e-01 3.815085626492407678e-01 3.170889341732278238e-02 -3.803529175904524773e-01 9.242976817322883232e-01 9.983647979838357056e-01 5.605995051846650312e-02 -1.118089706997911839e-02 -4.857812105003354586e-01 1.569437899175400553e+00 1.682453480709962035e+00
1.583560845879898071e+09 -3.015920278169810856e-02 9.294241686927385837e-01 3.677786531228062761e-01 3.344194303679078745e-02 -3.668017810096005360e-01 9.296978488687129838e-01 9.989855150569407760e-01 4.033817877605461177e-02 -2.001930079142175481e-02 -4.886698036929127964e-01 1.576880862491055080e+00 1.692041839393079394e+00
1.583560845879911900e+09 -1.258083649495159856e-02 9.351515212665784116e-01 3.540245124018007727e-01 3.541710181630116500e-02 -3.534136235504886092e-01 9.347964697648630805e-01 9.992934262839310300e-01 2.429904380597601443e-02 -2.867411760742576490e-02 -4.912767026070978260e-01 1.584430560201447014e+00 1.701627476477772127e+00
1.583560845879924059e+09 5.140399636711501588e-03 9.403268888183764496e-01 3.402336241645865789e-01 3.763724346106453456e-02 -3.401789736942535392e-01 9.396072073254760904e-01 9.992782468165611887e-01 7.975499265944770155e-03 -3.713996789721497882e-02 -4.936096442377806426e-01 1.592072774572575344e+00 1.711210390368655077e+00
1.583560845879939079e+09 2.297390044912334464e-02 9.449549148385693043e-01 3.263930289942288954e-01 4.010474280991672275e-02 -3.270875065076923605e-01 9.441426655901817844e-01 9.989313339110299506e-01 -8.600731055237245681e-03 -4.541164961519483095e-02 -4.956756281848567758e-01 1.599794418709306054e+00 1.720790902773670750e+00
1.583560845879955053e+09 4.089054275199641153e-02 9.490404288290830159e-01 3.124903654783596219e-01 4.282130027804329636e-02 -3.141291278843452717e-01 9.484140591293032108e-01 9.982456111225500583e-01 -2.539992178199147049e-02 -5.348405568730307119e-02 -4.974809235625436421e-01 1.607583381322728711e+00 1.730369590877610664e+00
1.583560845879971981e+09 5.886361231898074725e-02 9.525879327763846494e-01 2.985151688424164118e-01 4.578790413415556593e-02 -3.012953420634149060e-01 9.524308819976882168e-01 9.972153946624959797e-01 -4.239513818544470014e-02 -6.135233712815425788e-02 -4.990310960459444223e-01 1.615428380189248170e+00 1.739947234316504110e+00
1.583560845879990101e+09 7.686968942505081892e-02 9.556010925301815506e-01 2.844601964392580173e-01 4.900496988423615891e-02 -2.885806912238783051e-01 9.562006577473144420e-01 9.958361130975217357e-01 -5.956288414548628618e-02 -6.901231084247708147e-02 -5.003310479393853205e-01 1.623318827086825067e+00 1.749524774116360204e+00
1.583560845880008936e+09 9.488934080228836332e-02 9.580823146717574179e-01 2.703225700357930195e-01 5.247266137100195516e-02 -2.759840715593421256e-01 9.597288222988694661e-01 9.941039348017903787e-01 -7.688349053039317260e-02 -7.646107545796168581e-02 -5.013850653870660645e-01 1.631244705396945660e+00 1.759103281099168692e+00
1.583560845880027056e+09 1.129076072986105184e-01 9.600324242218799542e-01 2.561046997073751497e-01 5.619138108839869666e-02 -2.635099071005845839e-01 9.630187214422274433e-01 9.920153231104981151e-01 -9.434126274968156201e-02 -8.369782088858006286e-02 -5.021968685733844140e-01 1.639196460307945191e+00 1.768683931662081488e+00
1.583560845880042076e+09 1.309143369324579920e-01 9.614504235964544954e-01 2.418150531029341910e-01 6.016242113963680971e-02 -2.511692659818798856e-01 9.660716760187845198e-01 9.895665312911842149e-01 -1.119244537359452701e-01 -9.072484317413456734e-02 -5.027696652171050884e-01 1.647164900602206217e+00 1.778267989209294075e+00
1.583560845880054951e+09 1.489042804736251946e-01 9.623333675656648989e-01 2.274686912122201865e-01 6.438873812804286889e-02 -2.389808469424106740e-01 9.688871170027854030e-01 9.867530623441020943e-01 -1.296250169258200968e-01 -9.754870222737342667e-02 -5.031062067978588903e-01 1.655141111374458962e+00 1.787856789826031356e+00
1.583560845880067110e+09 1.668768467790055499e-01 9.626763979844279451e-01 2.130874734194035114e-01 6.887578048984431545e-02 -2.269717280579420515e-01 9.714627948724073869e-01 9.835691359841800541e-01 -1.474380818219600264e-01 -1.041814145264008118e-01 -5.032088464229096392e-01 1.663116377118652567e+00 1.797451731055833113e+00
1.583560845880075932e+09 1.848353899658751465e-01 9.624729977093168243e-01 1.986997932863683314e-01 7.363224494168356393e-02 -2.151776991404895090e-01 9.737950762837401797e-01 9.800072303375251259e-01 -1.653610807132982197e-01 -1.106415014189081614e-01 -5.030795986452968327e-01 1.671082114628597237e+00 1.807054262842871628e+00
1.583560845880085945e+09 2.027862061175846053e-01 9.617153848086856804e-01 1.843401035753187700e-01 7.867073194611322318e-02 -2.036434278374261442e-01 9.758792294801074130e-01 9.760577190614958543e-01 -1.833926755863716507e-01 -1.169549313473745578e-01 -5.027202020166273710e-01 1.679029815443641827e+00 1.816665879855852594e+00
1.583560845880095005e+09 2.207372007969250205e-01 9.603950752456624773e-01 1.700481937088939022e-01 8.400820285913547514e-02 -1.924223772619077510e-01 9.777096966268958855e-01 9.717086551204582312e-01 -2.015314583547306304e-01 -1.231558412018397691e-01 -5.021321856487526158e-01 1.686950997974871358e+00 1.826288114515450589e+00
1.583560845880110025e+09 2.386962146967338549e-01 9.585036413104662811e-01 1.558681726314546101e-01 8.966612252516610593e-02 -1.815763611894021801e-01 9.792803540485840452e-01 9.669457606108793346e-01 -2.197744188513477137e-01 -1.292868950045886478e-01 -5.013169410457398723e-01 1.694837169908903762e+00 1.835922530130855712e+00
1.583560845880120039e+09 2.566690354795023166e-01 9.560336858681863781e-01 1.418470946715262859e-01 9.567015610111448409e-02 -1.711745823914632980e-01 9.805847662857601899e-01 9.617526853945103094e-01 -2.381152123525695496e-01 -1.353991068931619524e-01 -5.002757994825434151e-01 1.702679801772128965e+00 1.845570713664009821e+00
1.583560845880135059e+09 2.746572594037338666e-01 9.529799937118649256e-01 1.280332847239536997e-01 1.020493560352327134e-01 -1.612921268186879309e-01 9.816164113624532561e-01 9.561115621092217687e-01 -2.565423589430291251e-01 -1.415510481548505617e-01 -4.990101138614787546e-01 1.710470312492438971e+00 1.855234267793384628e+00
1.583560845880151987e+09 2.926561856380640592e-01 9.493408112915520114e-01 1.144743708413273608e-01 1.088347944748945667e-01 -1.520078281116109820e-01 9.823688757291737517e-01 9.500038657458643732e-01 -2.750375333027768598e-01 -1.478073432119136887e-01 -4.975213431415522192e-01 1.718200067532692055e+00 1.864914802104413960e+00
1.583560845880170107e+09 3.106530777339863159e-01 9.451191121136564011e-01 1.012152644976846982e-01 1.160577851229697977e-01 -1.434017244335800412e-01 9.828359660893717376e-01 9.434114988820335723e-01 -2.935741982164256081e-01 -1.542366178424059708e-01 -4.958111360251874489e-01 1.725860389489260571e+00 1.874613923452583597e+00
1.583560845880189896e+09 3.286260145164479063e-01 9.403237337241345806e-01 8.829619999512391959e-02 1.237478452411563679e-01 -1.355522117882903277e-01 9.830117338946040562e-01 9.363180089054579103e-01 -3.121167636975429316e-01 -1.609090189610817845e-01 -4.938814100261820772e-01 1.733442580234422215e+00 1.884333225735063788e+00
1.583560845880215883e+09 3.465435317416598604e-01 9.349702445961843855e-01 7.575105862764675013e-02 1.319306698156297031e-01 -1.285331897364843379e-01 9.828903895120589818e-01 9.287097928808782932e-01 -3.306204188456224324e-01 -1.678935961084520589e-01 -4.917344218108678500e-01 1.740937952766423047e+00 1.894074279476578582e+00
1.583560845880240917e+09 3.643650995860834851e-01 9.290814468604704501e-01 6.360613066929367287e-02 1.406263722353704726e-01 -1.224114531886743573e-01 9.824661113021450065e-01 9.205771548662673442e-01 -3.490316629257546044e-01 -1.752558146776810044e-01 -4.893728243674893563e-01 1.748337869793025412e+00 1.903838621814894605e+00
1.583560845880260944e+09 3.820423351824654423e-01 9.226874801276677696e-01 5.187936679860692679e-02 1.498481626025494062e-01 -1.172444837113779115e-01 9.817327841632339513e-01 9.119151181564678632e-01 -3.672894574403428591e-01 -1.830553798597044091e-01 -4.867997085307502747e-01 1.755633785826831383e+00 1.913627747409302415e+00
1.583560845880280018e+09 3.995207682817194517e-01 9.158255331431129909e-01 4.058015660589083667e-02 1.596015846197652854e-01 -1.130787930470128766e-01 9.806837008163709068e-01 9.027239280815190225e-01 -3.853268481344110374e-01 -1.913445325599861246e-01 -4.840186271881728453e-01 1.762817289176428215e+00 1.923443100789425930e+00
1.583560845880290985e+09 4.167419169589988148e-01 9.085392155611304865e-01 2.970974574690636930e-02 1.698844437595898316e-01 -1.099490859559489053e-01 9.793112245670161364e-01 8.930092109565935798e-01 -4.030728132325941404e-01 -2.001670720777292967e-01 -4.810336022409209544e-01 1.769880140507860800e+00 1.933286070509912635e+00
1.583560845880302906e+09 4.336453720886086494e-01 9.008777189635467364e-01 1.926206885592077894e-02 1.806872595747868460e-01 -1.078780342793636549e-01 9.776064874193381993e-01 8.827818563675960961e-01 -4.204541183917170910e-01 -2.095579365243688541e-01 -4.778491166911895127e-01 1.776814305796343474e+00 1.943157985183329606e+00
1.583560845880316973e+09 4.501706920899832820e-01 8.928948711878692546e-01 9.224833064344474184e-03 1.919940807749013767e-01 -1.068765000403003179e-01 9.755591663161896632e-01 8.720576938320253602e-01 -4.373970315610657411e-01 -2.195431979694749403e-01 -4.744700955037720602e-01 1.783611982718885214e+00 1.953060111220448425e+00
1.583560845880331039e+09 4.662589783833198664e-01 8.846481729402639882e-01 -4.192205111135053480e-04 2.037835621570131539e-01 -1.069441512933958643e-01 9.731573401026869519e-01 8.608570295438230380e-01 -4.538287772784266871e-01 -2.301404266174896796e-01 -4.709018790638412333e-01 1.790265620469508878e+00 1.962993651974081377e+00
1.583560845880347013e+09 4.818540787832934491e-01 8.761978835286816647e-01 -9.691037880631740709e-03 2.160301288490069638e-01 -1.080702647655180232e-01 9.703874492180919464e-01 8.492041160022134605e-01 -4.696787063914318328e-01 -2.413592395001621926e-01 -4.671501920619998693e-01 1.796767933124104211e+00 1.972959748028425775e+00
1.583560845880357981e+09 4.969034242812795377e-01 8.676061925448913525e-01 -1.861403101794693177e-02 2.287051304267598006e-01 -1.102346123092667607e-01 9.672343531236403669e-01 8.371266037474438537e-01 -4.848791863617645248e-01 -2.532019437053153466e-01 -4.632211099366366214e-01 1.803111906770882733e+00 1.982959478414937360e+00
1.583560845880367041e+09 5.113585174559835966e-01 8.589365072822681135e-01 -2.721293145543498410e-02 2.417779465169746511e-01 -1.134083997572316593e-01 9.636814617598189470e-01 8.246550137194930130e-01 -4.993662100887667488e-01 -2.656642560330815250e-01 -4.591210252716010909e-01 1.809290801425711193e+00 1.992993862420211482e+00
1.583560845880376101e+09 5.251751194692216851e-01 8.502528671402447280e-01 -3.551276341998376579e-02 2.552169885915249181e-01 -1.175551758568372518e-01 9.597109302600153047e-01 8.118222607662688439e-01 -5.130797628064971416e-01 -2.787360297620293803e-01 -4.548566156186299447e-01 1.815298148564701730e+00 2.003063861747119923e+00
