1.583560844078480959e+09 -3.518504611195003712e-02 1.317067427042708516e-01 9.906640937605990516e-01 2.301659187504849491e-01 -9.635620759345017161e-01 1.362783023148841643e-01 9.725151220268897223e-01 2.328120696726304895e-01 3.588572628388841338e-03 6.035804930051407065e-03 1.600326388805846323e+00 1.635505125394137060e+00
1.583560844078541040e+09 -5.660885871808308406e-02 1.244529581688720576e-01 9.906093571779495122e-01 2.344858836342612329e-01 -9.627898887334230826e-01 1.343577334739687046e-01 9.704698901493646890e-01 2.398897484142628600e-01 2.531997491428327612e-02 2.866096346873483656e-04 1.599682731666879132e+00 1.630614665876181757e+00
1.583560844078571081e+09 -7.804098790015551179e-02 1.175308489734079309e-01 9.899980323010771910e-01 2.392264862515020851e-01 -9.618058594243957815e-01 1.330420124175316909e-01 9.678224489444166023e-01 2.472164807526836261e-01 4.694378740630207603e-02 -5.430971676250315010e-03 1.599005445585334417e+00 1.625691792439561523e+00
1.583560844078598976e+09 -9.945449367101008575e-02 1.108762213640937383e-01 9.888454214086092042e-01 2.442848273743122856e-01 -9.606384332320153652e-01 1.322827416105067655e-01 9.645899268622100120e-01 2.547160461648967922e-01 6.845443037678197729e-02 -1.111629427696560722e-02 1.598290281978337557e+00 1.620737018650501460e+00
1.583560844078635931e+09 -1.208270779050963639e-01 1.044233812862182809e-01 9.871659307868598798e-01 2.495719777038678533e-01 -9.593140352917123304e-01 1.320242767585877164e-01 9.607885539469003255e-01 2.623210612491129745e-01 8.984996188616115043e-02 -1.676876486554931475e-02 1.597532596429918739e+00 1.615751075989891428e+00
1.583560844078656912e+09 -1.421397107729565623e-01 9.810845264256319587e-02 9.849726058971586262e-01 2.550137211343866395e-01 -9.578564666989755061e-01 1.322081361087829865e-01 9.564331157307323084e-01 2.699735556803241066e-01 1.111304395503071030e-01 -2.238787412443469724e-02 1.596727333127446302e+00 1.610734972172386703e+00
1.583560844078674078e+09 -1.633755097923478561e-01 9.187235377219693522e-02 9.822769027345715775e-01 2.605503258930670918e-01 -9.562864542635248766e-01 1.327770503045141159e-01 9.515366365499660084e-01 2.776250854126096068e-01 1.322964152520806347e-01 -2.797323364567700504e-02 1.595869016288546050e+00 1.605690055267488647e+00
1.583560844078691006e+09 -1.845189692866372744e-01 8.566334353216779884e-02 9.790886281588053741e-01 2.661355212711513651e-01 -9.546213595731294355e-01 1.336785105561268394e-01 9.461102655188941002e-01 2.852364834136631444e-01 1.533476907383173049e-01 -3.352461657925220884e-02 1.594951749527399931e+00 1.600618082814127208e+00
1.583560844078706980e+09 -2.055555685051995984e-01 7.943910757301983483e-02 9.754159813615689290e-01 2.717348754579880232e-01 -9.528750428005474671e-01 1.348677511101686322e-01 9.401633187676654568e-01 2.927773574704864989e-01 1.742823951305912111e-01 -3.904200092745316319e-02 1.593969223257333478e+00 1.595521294860997141e+00
1.583560844078723907e+09 -2.264717100527862959e-01 7.316825111995885200e-02 9.712656546154122550e-01 2.773237202209387631e-01 -9.510579048142349112e-01 1.363099993284618561e-01 9.337034427485871868e-01 3.002253633077259787e-01 1.950964184564689119e-01 -4.452561463308214729e-02 1.592914730214578745e+00 1.590402490263081337e+00
1.583560844078742027e+09 -2.473647930144429186e-01 6.679691639686612115e-02 9.666172103777606051e-01 2.829141584599974002e-01 -9.491670426137487349e-01 1.379909568866405922e-01 9.266985693155492809e-01 3.076037991167820951e-01 2.158927156385744839e-01 -4.997598187031511430e-02 1.591781189457161849e+00 1.585265105938461261e+00
1.583560844078758955e+09 -2.682184778293369432e-01 6.115192757821955039e-02 9.614152537619077288e-01 2.885795878397382497e-01 -9.470543941063638282e-01 1.407472774508405911e-01 9.191195079447249672e-01 3.151958381915471730e-01 2.363702899489197873e-01 -5.538206177577165851e-02 1.590531655520809551e+00 1.580107868270291149e+00
1.583560844078774929e+09 -2.890133573900579012e-01 5.639965182733672894e-02 9.556622618820801440e-01 2.942599006137758821e-01 -9.447012445714906281e-01 1.447434607144532648e-01 9.109788089697725688e-01 3.230458757446353357e-01 2.564351224788797290e-01 -6.074938667163409106e-02 1.589171661234914712e+00 1.574938112534006951e+00
1.583560844078789949e+09 -3.097137456864176297e-01 5.271680027143556962e-02 9.493673340513262282e-01 2.998741745139578696e-01 -9.420897579331114491e-01 1.501411585170863150e-01 9.023042033833424957e-01 3.311915261966438817e-01 2.759697407337465824e-01 -6.608327888449758158e-02 1.587706910123963366e+00 1.569762377473867820e+00
1.583560844078805923e+09 -3.302635308219046828e-01 5.028669258946503323e-02 9.425482741054451719e-01 3.053203145668051399e-01 -9.392028623592657555e-01 1.570907026935023376e-01 8.931436088179652844e-01 3.396604656765015995e-01 2.948309046765714148e-01 -7.138876324661035111e-02 1.586143069544080575e+00 1.564586435656933006e+00
1.583560844078823090e+09 -3.505824500178524317e-01 4.929430794962504775e-02 9.352336698413608040e-01 3.104762714802011825e-01 -9.360239947837125651e-01 1.657213506481345910e-01 8.835702749852339943e-01 3.484668599068707073e-01 3.128488724248901232e-01 -7.667050347824690137e-02 1.584485550417585431e+00 1.559415363636646568e+00
1.583560844078840017e+09 -3.705631828500269287e-01 4.992008564596692871e-02 9.274647771354169734e-01 3.152031628050603884e-01 -9.325368347811252567e-01 1.761306843166061675e-01 8.736875264783110495e-01 3.576073781224828885e-01 3.298288487336059616e-01 -8.193276796761563008e-02 1.582739282225712474e+00 1.554253653143591096e+00
1.583560844078856945e+09 -3.900697081774026631e-01 5.233230985148990683e-02 9.192969881217362138e-01 3.193505335586681038e-01 -9.287252626734308070e-01 1.883736266352332156e-01 8.636323637567653311e-01 3.670568292265705135e-01 3.455552411097250753e-01 -8.717942921643541399e-02 1.580908493282785043e+00 1.549105362849261702e+00
1.583560844078874111e+09 -4.089374643964713285e-01 5.667803852457217045e-02 9.108006095867986485e-01 3.227638457157452345e-01 -9.245738220291853660e-01 2.024518400530757045e-01 8.535769738937563078e-01 3.767636495651710549e-01 3.597992527411253971e-01 -9.241399950833641130e-02 1.578996507484485390e+00 1.543974308422118913e+00
1.583560844078890085e+09 -4.269758895883171701e-01 6.307291059489393559e-02 9.020606398247547064e-01 3.252939812644466411e-01 -9.200689464889709734e-01 2.183047399475107064e-01 8.437270978896519447e-01 3.866457574118569718e-01 3.723300187071663103e-01 -9.763970317085855777e-02 1.577005569480743885e+00 1.538864286654575864e+00
1.583560844078906059e+09 -4.439738873699976551e-01 7.159045118911781802e-02 8.931752319079405700e-01 3.268081281178742969e-01 -9.152011302012063032e-01 2.358036019620463053e-01 8.343162679582180052e-01 3.965875674407765561e-01 3.829290621512556059e-01 -1.028595831622212131e-01 1.574936709887713393e+00 1.533779327635267364e+00
1.583560844078918934e+09 -4.597085542025936555e-01 8.225200191223616675e-02 8.842525960584354250e-01 3.272009003269521488e-01 -9.099680109922209104e-01 2.547504461622052130e-01 8.255953102268337451e-01 4.064392048350945474e-01 3.914071496189563959e-01 -1.080766369409033728e-01 1.572789661489068180e+00 1.528723967271050199e+00
1.583560844078933001e+09 -4.739570187344311902e-01 9.501890569095711170e-02 8.754062783732792230e-01 3.264040455066290480e-01 -9.043780256135294238e-01 2.748832222745332676e-01 8.178173046102849009e-01 4.160189832528070619e-01 3.976217576059326020e-01 -1.132939737556612758e-01 1.570562836606516965e+00 1.523703530749029644e+00
1.583560844078946114e+09 -4.865105448552193845e-01 1.097887470819160910e-01 8.667490530831589712e-01 3.243928697216527657e-01 -8.984539654940211229e-01 2.958880497512005325e-01 8.112193020815682276e-01 4.251198689591689228e-01 4.014926415450152941e-01 -1.185149827156855712e-01 1.568253373326136124e+00 1.518724416353512074e+00
1.583560844078959942e+09 -4.971894549990384382e-01 1.263969770834525441e-01 8.583859564808922205e-01 3.211878555008161884e-01 -8.922355203008244251e-01 3.174179229597055008e-01 8.060031064260564371e-01 4.335199886776514577e-01 4.030129180520616305e-01 -1.237434987153396282e-01 1.565857255325341812e+00 1.513794368246721866e+00
1.583560844078974009e+09 -5.058570529466975829e-01 1.446244599267724751e-01 8.504072011905020601e-01 3.168508096809924957e-01 -8.857798455520620173e-01 3.391159530927643218e-01 8.023180208877311870e-01 4.409964068946335414e-01 4.022536049971194294e-01 -1.289839517142799263e-01 1.563369506462369385e+00 1.508922726497968325e+00
1.583560844078995943e+09 -5.124305857197808400e-01 1.642105671464847705e-01 8.428818331877866443e-01 3.114760096189594374e-01 -8.791594367437609581e-01 3.606402365793257569e-01 8.002484554837597797e-01 4.473405576461627065e-01 3.993605329136051263e-01 -1.342414842967377120e-01 1.560784457046128892e+00 1.504120642988971746e+00
1.583560844079010010e+09 -5.168875431491601891e-01 1.848704311206280093e-01 8.358529725353557316e-01 3.051779419028274321e-01 -8.724571427324315787e-01 3.816869894230942029e-01 7.998085344427287025e-01 4.523731401065592128e-01 3.945438513157533134e-01 -1.395220231428012936e-01 1.558096073934793102e+00 1.499401253080400620e+00
1.583560844079025030e+09 -5.192664533630493295e-01 2.063140515654623697e-01 8.293351932723557196e-01 2.980780440035143419e-01 -8.657588097313076991e-01 4.020089092040343703e-01 8.009443366114216145e-01 4.559563527364979829e-01 3.880618176498190630e-01 -1.448322920116426327e-01 1.555298342576471926e+00 1.494779794527701489e+00
1.583560844079040051e+09 -5.196623256296566407e-01 2.282646921921177852e-01 8.233142157653456916e-01 2.902929678827387838e-01 -8.591445896330902610e-01 4.214268227412316659e-01 8.035428180097174966e-01 4.580019699827952984e-01 3.802014405354643412e-01 -1.501797567179142534e-01 1.552385686452335989e+00 1.490273666379887452e+00
1.583560844079054117e+09 -5.182177128363308904e-01 2.504743641780061703e-01 8.177487360149188200e-01 2.819263161516260552e-01 -8.526802171284452170e-01 4.398340591663064680e-01 8.074453260876092164e-01 4.584746888507566509e-01 3.712586771118457918e-01 -1.555724962476345286e-01 1.549353407309643549e+00 1.485902421828054765e+00
1.583560844079068899e+09 -5.151108394632361032e-01 2.727349341351459344e-01 8.125739837279246647e-01 2.730648339705416539e-01 -8.464095189158465926e-01 4.571941849597769281e-01 8.124631805650410765e-01 4.573910603674827269e-01 3.615203983047272085e-01 -1.610189984444366784e-01 1.546198128090937818e+00 1.481687690254340772e+00
1.583560844079083920e+09 -5.105424146081264380e-01 2.948842404024099584e-01 8.077064614760049999e-01 2.637790459219160333e-01 -8.403490975617379233e-01 4.735335354369797911e-01 8.183929728909129508e-01 4.548149943726897959e-01 3.512495737860827916e-01 -1.665278832849699242e-01 1.542918219844289895e+00 1.477653024831635076e+00
1.583560844079097986e+09 -5.047225480972384881e-01 3.168073769444238463e-01 8.030493357306984770e-01 2.541275217328348712e-01 -8.344857124501963153e-01 4.889302592785241264e-01 8.250299100030223931e-01 4.508510638229880629e-01 3.406742815629703047e-01 -1.721075617734358632e-01 1.539514193314074797e+00 1.473823674140932960e+00
1.583560844079113960e+09 -4.978587376667127362e-01 3.384338121709102865e-01 7.984981104361260629e-01 2.441634401681995192e-01 -8.287765470878140084e-01 5.035013897758172652e-01 8.321784015909023946e-01 4.456366119387554781e-01 3.299804816859917000e-01 -1.777658431908116232e-01 1.535989036637634975e+00 1.470226278253171204e+00
1.583560844079128981e+09 -4.901456060763036415e-01 3.597312538081963718e-01 7.939462892030968444e-01 2.339419737212610484e-01 -8.231522311968975103e-01 5.173891738630788106e-01 8.396597156208778223e-01 4.393333921249245599e-01 3.193082097219471227e-01 -1.835095075321669100e-01 1.532348482240035503e+00 1.466888491714704701e+00
1.583560844079144955e+09 -4.817568222641191444e-01 3.806972856665715166e-01 7.892907836467966121e-01 2.235271021141391479e-01 -8.175222338014942469e-01 5.307476159950407224e-01 8.473169413414491924e-01 4.321191664996505422e-01 3.087507524327339770e-01 -1.893438625927097718e-01 1.528601189144088712e+00 1.463838535838896338e+00
1.583560844079159021e+09 -4.728394369332256653e-01 4.013498286962707273e-01 7.844368566990179703e-01 2.129966984816246411e-01 -8.117820653758121008e-01 5.437299741543201170e-01 8.550177036641479766e-01 4.241794354667147715e-01 2.983563862503822439e-01 -1.952723076242056932e-01 1.524758828948414635e+00 1.461104684526490782e+00
1.583560844079173088e+09 -4.635107006021192411e-01 4.217174455331033078e-01 7.793023975467149311e-01 2.024450613599907689e-01 -8.058216050268383057e-01 5.564777965262127646e-01 8.626551036314995535e-01 4.156993350264177045e-01 2.881323225628840135e-01 -2.012959272822993917e-01 1.520836065896640221e+00 1.458714690464441244e+00
1.583560844079186916e+09 -4.538572937133610874e-01 4.418304279309609450e-01 7.738213166870109294e-01 1.919824471290373091e-01 -7.995337900189359859e-01 5.691119912952559146e-01 8.701472847750251205e-01 4.068557382069934447e-01 2.780505553942570485e-01 -2.074131406556180002e-01 1.516850423913331358e+00 1.456695162329515458e+00
1.583560844079200983e+09 -4.439367923614475631e-01 4.617134942656495600e-01 7.679458144052380142e-01 1.817316269351009206e-01 -7.928228171216864517e-01 5.817263931149274647e-01 8.774358896373805061e-01 3.978097912410449299e-01 2.680552738473465646e-01 -2.136194303766292546e-01 1.512822036519433366e+00 1.455070909189053685e+00
1.583560844079216003e+09 -4.337810517650491082e-01 4.813807343691442475e-01 7.616472858019796011e-01 1.718220145821007239e-01 -7.856109746205364175e-01 5.943842123445643999e-01 8.844835751439713567e-01 3.887003798306176705e-01 2.580713472829434529e-01 -2.199071759112832258e-01 1.508773279793174771e+00 1.453864277338446254e+00
1.583560844079231024e+09 -4.234009917253034327e-01 5.008331106530750088e-01 7.549157540688136159e-01 1.623822939212183902e-01 -7.778433980230805567e-01 6.071174835207264753e-01 8.912707731617087736e-01 3.796390964791933054e-01 2.480132367446405139e-01 -2.262656109440109586e-01 1.504728295385614922e+00 1.453094510856846044e+00
1.583560844079243898e+09 -4.127921433757175129e-01 5.200584370785359400e-01 7.477578944099505520e-01 1.535327199891783345e-01 -7.694903220787516762e-01 6.199293089890269837e-01 8.977919305305396280e-01 3.707072516209515278e-01 2.377935729540407161e-01 -2.326809179903903957e-01 1.500712418557929251e+00 1.452777171663412359e+00
1.583560844079257011e+09 -4.019402807255385013e-01 5.390333830564852935e-01 7.401939090148248468e-01 1.453782979012203658e-01 -7.605467682961141174e-01 6.327983594775115073e-01 9.040515259075094789e-01 3.619552808602924387e-01 2.273306258074614117e-01 -2.391364641751725084e-01 1.496751534727623012e+00 1.452923657486260955e+00
1.583560844079271078e+09 -3.908265279404078973e-01 5.577267760404027719e-01 7.322536914262126606e-01 1.380038252659374909e-01 -7.510299961312849604e-01 6.456848218339655832e-01 9.100602010506567696e-01 3.534045675429337008e-01 2.165540172146236675e-01 -2.456131707363153616e-01 1.492871395876317120e+00 1.453540852732511546e+00
1.583560844079286098e+09 -3.794314969174099050e-01 5.761033762428586780e-01 7.239728166791097319e-01 1.314713388807616234e-01 -7.409753713383170348e-01 6.585368525349907243e-01 9.158313307954021321e-01 3.450512992545375357e-01 2.054083121118506217e-01 -2.520899972664229494e-01 1.489096933064899098e+00 1.454630937105383381e+00
1.583560844079298973e+09 -3.677382170564134634e-01 5.941273827502754346e-01 7.153888851835544793e-01 1.258201136743970494e-01 -7.304314311081062661e-01 6.712966732139187265e-01 9.213782627009722281e-01 3.368717525786119049e-01 1.938543773173923845e-01 -2.585445124643049319e-01 1.485451601823672529e+00 1.456191363027145691e+00
1.583560844079310894e+09 -3.557338514849339162e-01 6.117651600286633240e-01 7.065386161735889292e-01 1.210687183482902496e-01 -7.194549785356957328e-01 6.839056216477922279e-01 9.267123569975999064e-01 3.288281055645050355e-01 1.818688666242051222e-01 -2.649535175801427389e-01 1.481956793867291067e+00 1.458214999883882035e+00
1.583560844079325914e+09 -3.434103662384876410e-01 6.289869698006088639e-01 6.974558856606536406e-01 1.172184580039982438e-01 -7.081068072346439202e-01 6.963078217820569682e-01 9.318418072452212542e-01 3.208740275356776750e-01 1.694423352983380759e-01 -2.712936866767433064e-01 1.478631342759601841e+00 1.460690432393822347e+00
1.583560844079339027e+09 -3.307644308699083657e-01 6.457677537754069608e-01 6.881706908295802672e-01 1.142573944937003427e-01 -6.964484083559931982e-01 7.084524418234886545e-01 9.367711243104059893e-01 3.129594588190788840e-01 1.565766204203180856e-01 -2.775421886508652181e-01 1.475491144004800415e+00 1.463602392251698081e+00
1.583560844079349995e+09 -3.177968244672181863e-01 6.620871573198019444e-01 6.787089027944357422e-01 1.121643655275241791e-01 -6.845397376155771818e-01 7.202947332549041182e-01 9.415011066012226593e-01 3.050343323685030805e-01 1.432819689058468515e-01 -2.836772594718675600e-01 1.472548901570885471e+00 1.466932294778105383e+00
1.583560844079364061e+09 -3.045116055140461575e-01 6.779290532784886247e-01 6.690925803578161579e-01 1.109125327063978927e-01 -6.724379514846604566e-01 7.317961543459451379e-01 9.460291181897320101e-01 2.970511745712401397e-01 1.295743319155685525e-01 -2.896786988351174319e-01 1.469814004138912944e+00 1.470658847737589925e+00
1.583560844079376936e+09 -2.909152583553887839e-01 6.932808245242615408e-01 6.593405880610325731e-01 1.104721743749386975e-01 -6.601969019263655980e-01 7.429239189846095215e-01 9.503495206563484787e-01 2.889666922463611232e-01 1.154731121465364524e-01 -2.955282725825363332e-01 1.467292526253600293e+00 1.474758697930160345e+00
1.583560844079391956e+09 -2.770159709163552142e-01 7.081326182338252284e-01 6.494692811151789869e-01 1.108126191583140296e-01 -6.478671249599126103e-01 7.536502848504738061e-01 9.544541453413550869e-01 2.807425574922811085e-01 1.009995105025643380e-01 -3.012100103425986997e-01 1.464987342216004018e+00 1.479207081674066115e+00
1.583560844079407930e+09 -2.628231357566605531e-01 7.224767178407986989e-01 6.394930740443665051e-01 1.119033647982479035e-01 -6.354960613874651720e-01 7.639518263160303135e-01 9.583327378966416399e-01 2.723456413099441531e-01 8.617549189510255447e-02 -3.067103950184323913e-01 1.462898335985160170e+00 1.483978450108804026e+00
1.583560844079425097e+09 -2.483470827189915575e-01 7.363070903217142638e-01 6.294248132292117326e-01 1.137145777331534102e-01 -6.231283110786313140e-01 7.738088283077493301e-01 9.619733476465743838e-01 2.637479419433577665e-01 7.102324835324640151e-02 -3.120184477555127955e-01 1.461022686605354837e+00 1.489047044677267673e+00
1.583560844079442024e+09 -2.335990112653893447e-01 7.496191138317015445e-01 6.192759371844651639e-01 1.162171810727755800e-01 -6.108057985281371005e-01 7.832048540015895677e-01 9.653626619180583068e-01 2.549263832386067241e-01 5.556501031876365931e-02 -3.171257166977881070e-01 1.459355208071214660e+00 1.494387405586883100e+00
1.583560844079459906e+09 -2.185910648368445952e-01 7.624094566519494798e-01 6.090564563674407683e-01 1.193827202791182679e-01 -5.985677981612859133e-01 7.921264779862219330e-01 9.684862997162960729e-01 2.458625868729813202e-01 3.982305747080810976e-02 -3.220261805323175186e-01 1.457888723670752285e+00 1.499974803287571712e+00
1.583560844079477072e+09 -2.033364919158607287e-01 7.746760721268439731e-01 5.987747945523147486e-01 1.231831344687225049e-01 -5.864508111792985368e-01 8.005631527077372578e-01 9.713290825994004285e-01 2.365426590623307401e-01 2.381982385933726493e-02 -3.267160805974385629e-01 1.456614455448357770e+00 1.505785587505996004e+00
1.583560844079493999e+09 -1.878498086174707205e-01 7.864182446087341072e-01 5.884375873536527024e-01 1.275905717398264916e-01 -5.744883513594020163e-01 8.085071305679429887e-01 9.738752978028958340e-01 2.269569979465370924e-01 7.577973395115143729e-03 -3.311936984985771604e-01 1.455522409808389872e+00 1.511797451577038487e+00
1.583560844079510927e+09 -1.721469264705139668e-01 7.976366551214845169e-01 5.780494809054467220e-01 1.325772751350669520e-01 -5.627106853235306350e-01 8.159533998729533444e-01 9.761089601521263370e-01 2.171000950028284249e-01 -8.879579317631081450e-03 -3.354590967752011932e-01 1.454601743175877537e+00 1.517989614838061607e+00
1.583560844079526901e+09 -1.562452595314045567e-01 8.083334761414214809e-01 5.676129054952686603e-01 1.381154852337106442e-01 -5.511445239381944639e-01 8.228996454582697684e-01 9.780140755003777775e-01 2.069703005401938023e-01 -2.552965111010494295e-02 -3.395138394085996381e-01 1.453841095218986856e+00 1.524342929895631693e+00
1.583560844079545021e+09 -1.401637470635913318e-01 8.185124371787478870e-01 5.571279157020322392e-01 1.441774301540798831e-01 -5.398127522025322200e-01 8.293461648898132754e-01 9.795749041839098004e-01 1.965695372366885463e-01 -4.234884168425821771e-02 -3.433607082034682567e-01 1.453228880246301369e+00 1.530839923712851824e+00
1.583560844079562902e+09 -1.239227687242315940e-01 8.281788291305419714e-01 5.465921465163730009e-01 1.507354099581388329e-01 -5.287342633311126194e-01 8.352957051177779535e-01 9.807762149641855443e-01 1.859029477666234720e-01 -5.931366150024643125e-02 -3.470034282506548329e-01 1.452753531622226646e+00 1.537464783688931247e+00
1.583560844079581976e+09 -1.075439876694391644e-01 8.373394641739494437e-01 5.360008514123180134e-01 1.577619095208681876e-01 -5.179238895104969487e-01 8.407532483448376670e-01 9.816035202069893773e-01 1.749784747966142140e-01 -7.640067240186659836e-02 -3.504464120010478689e-01 1.452403698045536595e+00 1.544203300938512768e+00
1.583560844079603910e+09 -9.105015015479749063e-02 8.460026049512527901e-01 5.253469927906453396e-01 1.652296985123169470e-01 -5.073924134381337936e-01 8.457257744320573201e-01 9.820432867994007831e-01 1.638063839849666081e-01 -9.358659992947593320e-02 -3.536945280702877836e-01 1.452168393521936718e+00 1.551042782581310897e+00
1.583560844079621077e+09 -7.446486253525969046e-02 8.541778726670700150e-01 5.146213621248679759e-01 1.731118960733191714e-01 -4.971466427218593775e-01 8.502220222342118383e-01 9.820831206909397260e-01 1.523987457674268464e-01 -1.108483947146756965e-01 -3.567528985130042907e-01 1.452037104593724814e+00 1.557971943339524934e+00
1.583560844079638958e+09 -5.781235816117277770e-02 8.618761382021064010e-01 5.038127170917368058e-01 1.813819930134269454e-01 -4.871895334587565407e-01 8.542522643355794365e-01 9.817119252173104327e-01 1.407688925974507621e-01 -1.281632358805343264e-01 -3.596267255004038654e-01 1.451999859946667248e+00 1.564980785372552807e+00
1.583560844079655886e+09 -4.111725823895318044e-02 8.691093936241464091e-01 4.929079358773506003e-01 1.900138371769302115e-01 -4.775203592429262400e-01 8.578280994544035254e-01 9.809200339552051062e-01 1.289308677610415121e-01 -1.455084828869589453e-01 -3.623211473298798002e-01 1.452047267693832078e+00 1.572060473139111458e+00
1.583560844079668045e+09 -2.440433149490257858e-02 8.758906033382490852e-01 4.818921869565178095e-01 1.989815865471415146e-01 -4.681349196203759000e-01 8.609622670424964541e-01 9.796993197286386623e-01 1.168988804749681309e-01 -1.628615821343454284e-01 -3.648411238546280244e-01 1.452170525233651865e+00 1.579203207997385894e+00
1.583560844079678059e+09 -7.698210534975028288e-03 8.822334808363017089e-01 4.707492146649983611e-01 2.082597089071919760e-01 -4.590258819895760012e-01 8.636684163111048029e-01 9.780432666587188795e-01 1.046867957158288120e-01 -1.802000100295633456e-01 -3.671913505048508553e-01 1.452361406770678931e+00 1.586402106127919875e+00
1.583560844079687119e+09 8.976954030875599483e-03 8.881521526635148822e-01 4.594618246135174777e-01 2.178230917103244624e-01 -4.501833421387054779e-01 8.659607723230476894e-01 9.759469838411864995e-01 9.230770511479166607e-02 -1.975013229730169795e-01 -3.693761980799109557e-01 1.452612234007214953e+00 1.593651082754584669e+00
1.583560844079696894e+09 2.559782021313810121e-02 8.936607910037969171e-01 4.480124356359924676e-01 2.276471743452731511e-01 -4.415954751220481089e-01 8.678537897526829026e-01 9.734071685918960215e-01 7.977359976305267719e-02 -2.147432354769591989e-01 -3.713996740466757873e-01 1.452915835311505699e+00 1.600944744840469447e+00
1.583560844079706907e+09 4.214220728743210687e-02 8.987731510489295195e-01 4.363838420246694549e-01 2.377082288839713897e-01 -4.332494154888533733e-01 8.693616864821918089e-01 9.704219868373483715e-01 6.709520980220202990e-02 -2.319038605815181842e-01 -3.732654018391637907e-01 1.453265497522220562e+00 1.608278293197586972e+00
1.583560844079715967e+09 5.858946166184953591e-02 9.035020088239559266e-01 4.245602375340173928e-01 2.479838570075282855e-01 -4.251324208875613686e-01 8.704978066587528707e-01 9.669908385789982574e-01 5.428208736624675484e-02 -2.489621926393829066e-01 -3.749766159252865272e-01 1.453654913504324186e+00 1.615647434050366149e+00
1.583560844079725027e+09 7.492076271025240042e-02 9.078585777273705526e-01 4.125284019597196816e-01 2.584536725415015335e-01 -4.172332216264678650e-01 8.712738593259625741e-01 9.631140008912770778e-01 4.134297844451501752e-02 -2.658988147564667615e-01 -3.765361698504173793e-01 1.454078128263228020e+00 1.623048299958252505e+00
1.583560844079735041e+09 9.111927023056104469e-02 9.118520381683954401e-01 4.002788269974858482e-01 2.691000466248199552e-01 -4.095433273090281490e-01 8.716991614008344769e-01 9.587921796434060173e-01 2.828645956114208410e-02 -2.826967151003044743e-01 -3.779465530118445993e-01 1.454529486158079310e+00 1.630477380032734347e+00
1.583560844079744101e+09 1.071700567500449980e-01 9.154892800318464863e-01 3.878065978611680009e-01 2.799088032745369325e-01 -4.020580934133675677e-01 8.717799902463765349e-01 9.540260169564528381e-01 1.512176968173156721e-02 -2.993420974742090346e-01 -3.792099125991457154e-01 1.455003580820572351e+00 1.637931458927459616e+00
1.583560844079752922e+09 1.230598325092137485e-01 9.187748632151931938e-01 3.751120214128007557e-01 2.908698624778311981e-01 -3.947775223294446856e-01 8.715190365042524423e-01 9.488155779533842260e-01 1.859795422094244997e-03 -3.158251738895010430e-01 -3.803280781312081138e-01 1.455495208586507383e+00 1.645407563752002256e+00
1.583560844079762936e+09 1.387764829590813487e-01 9.217111611938448856e-01 3.622010814035374060e-01 3.019778821210472586e-01 -3.877068637661839623e-01 8.709148905157292342e-01 9.431598203523460233e-01 -1.148578999741872025e-02 -3.321409793588043224e-01 -3.813025886805725961e-01 1.455999325543418044e+00 1.652902917689480056e+00
1.583560844079771996e+09 1.543084001182863652e-01 9.242987130972111220e-01 3.490856726957783374e-01 3.132328240581042644e-01 -3.808569470289990821e-01 8.699615990697997514e-01 9.370560900090664225e-01 -2.489729141915086874e-02 -3.482901223481228437e-01 -3.821347223776414559e-01 1.456511008386864425e+00 1.660414899421572832e+00
1.583560844079782009e+09 1.696436037822008358e-01 9.265368043956128119e-01 3.357835583494869769e-01 3.246403312267844843e-01 -3.742441629639764455e-01 8.686483533928469614e-01 9.304997062180550005e-01 -3.835175148493540076e-02 -3.642793435737349816e-01 -3.828255274778654682e-01 1.457025419238072717e+00 1.667941007655930452e+00
1.583560844079791069e+09 1.847686789543370456e-01 9.284242906437052412e-01 3.223179673581534344e-01 3.362117442906383813e-01 -3.678899821467234710e-01 8.669594131566239481e-01 9.234837294241368122e-01 -5.181985945317923309e-02 -3.801216962020199097e-01 -3.833758551291862604e-01 1.457537774475971881e+00 1.675478830083675374e+00
1.583560844079799891e+09 1.996676049277905651e-01 9.299605390929052140e-01 3.087170930384690037e-01 3.479638966426593094e-01 -3.618202363138098843e-01 8.648741198872952340e-01 9.159988943255311655e-01 -6.526494142688223088e-02 -3.958364729068184484e-01 -3.837863942801141293e-01 1.458043317711592346e+00 1.683026016248631906e+00
1.583560844079808950e+09 2.143205234473796739e-01 9.311464727629932270e-01 2.950134907965523134e-01 3.599185942310663688e-01 -3.560641287057992321e-01 8.623670574641989495e-01 9.080337653320663671e-01 -7.864211827153784473e-02 -4.114487799459317641e-01 -3.840577094875706199e-01 1.458537297182950221e+00 1.690580253980284553e+00
1.583560844079818964e+09 2.287025319397127388e-01 9.319856871141252164e-01 2.812433664292661728e-01 3.721016831584114670e-01 -3.506529366166038497e-01 8.594084334334736175e-01 8.995751716778767060e-01 -9.189775466975129425e-02 -4.269886572916630207e-01 -3.841902823998579186e-01 1.459014948046225557e+00 1.698139249246997107e+00
1.583560844079828024e+09 2.427826379007541335e-01 9.324855885889209439e-01 2.674457292042911605e-01 3.845416125622722614e-01 -3.456183704868132089e-01 8.559647715962352965e-01 8.906089709648897790e-01 -1.049693732156933706e-01 -4.424896516212836750e-01 -3.841845571109266388e-01 1.459471480162131130e+00 1.705700709490550970e+00
1.583560844079837084e+09 2.565230363491290411e-01 9.326584541927986916e-01 2.536614671301352653e-01 3.972675394201909405e-01 -3.409906644228729578e-01 8.519999230770051168e-01 8.811211234349238808e-01 -1.177861403428991233e-01 -4.579868898213799722e-01 -3.840409887704488989e-01 1.459902071930325951e+00 1.713262330628084307e+00
1.583560844079847097e+09 2.698788936526168580e-01 9.325223087948169010e-01 2.399323375923176627e-01 4.103070287601634503e-01 -3.367964538225499682e-01 8.474764249619628487e-01 8.710990329035200874e-01 -1.302700754228036106e-01 -4.735147121180601770e-01 -3.837600943202987835e-01 1.460301870559516768e+00 1.720821787932081959e+00
1.583560844079855919e+09 2.827987387633911220e-01 9.321014823318409803e-01 2.263000226476133969e-01 4.236836591638575844e-01 -3.330566795559778415e-01 8.423570532644806264e-01 8.605329921173402452e-01 -1.423378905857292376e-01 -4.891041756615283065e-01 -3.833425033486887457e-01 1.460665998780612318e+00 1.728376730935585748e+00
1.583560844079865932e+09 2.952255125212344122e-01 9.314267636995412492e-01 2.128052651662165340e-01 4.374147564411080547e-01 -3.297846617296266158e-01 8.366064832160876596e-01 8.494175815295365028e-01 -1.539034145521986918e-01 -5.047806567669245181e-01 -3.827890066806717284e-01 1.460989567555009305e+00 1.735924782343336803e+00
1.583560844079874992e+09 3.070981876895869100e-01 9.305350986728507801e-01 1.994871763231149397e-01 4.515095768255536490e-01 -3.269845542743601841e-01 8.301928711598020039e-01 8.377528307060665425e-01 -1.648803556003416160e-01 -5.205618726428570264e-01 -3.821006001447789235e-01 1.461267693825029301e+00 1.743463540701763126e+00
1.583560844079885006e+09 3.183537803323861493e-01 9.294688493272080798e-01 1.863827485045897181e-01 4.659681539315143617e-01 -3.246503134226232379e-01 8.230892135971635826e-01 8.255450019648203908e-01 -1.751851374521500304e-01 -5.364565384214610155e-01 -3.812785207027962198e-01 1.461495521737612213e+00 1.750990586284257189e+00
1.583560844079894066e+09 3.289295425987029953e-01 9.282746868555294961e-01 1.735265455507231658e-01 4.807808727674677263e-01 -3.227652212969562284e-01 8.152744104446226769e-01 8.128069319228558021e-01 -1.847395948997498927e-01 -5.524637307215659598e-01 -3.803242733088362248e-01 1.461668245627320450e+00 1.758503489433959732e+00
1.583560844079902887e+09 3.387650953722200486e-01 9.270022259830242861e-01 1.609505621042038870e-01 4.959287625267684851e-01 -3.213019699316794764e-01 8.067339751370574685e-01 7.995579233843819189e-01 -1.934732989328939445e-01 -5.685729592775571328e-01 -3.792396473286849257e-01 1.461781132834532704e+00 1.765999820425153244e+00
1.583560844079912901e+09 3.478041699566617462e-01 9.257025570298290651e-01 1.486843486412883220e-01 5.113845063934083779e-01 -3.202233009750945492e-01 7.974602962888700519e-01 7.858232283201572743e-01 -2.013251441836338973e-01 -5.847649445890938935e-01 -3.780267224159705730e-01 1.461829544591379149e+00 1.773477159846762019e+00
1.583560844079921961e+09 3.559958942832587292e-01 9.244268074468644514e-01 1.367552601867708106e-01 5.271138549740239654e-01 -3.194830037232678221e-01 7.874525980972634231e-01 7.716332725647979673e-01 -2.082442994780699108e-01 -6.010128157320683284e-01 -3.766878651785947052e-01 1.461808953822745449e+00 1.780933108658705466e+00
1.583560844079931021e+09 3.632956178021184979e-01 9.232248221813595945e-01 1.251887457228673672e-01 5.430772049323289163e-01 -3.190271232626670228e-01 7.767167077702040734e-01 7.570227498198878191e-01 -2.141906220881784340e-01 -6.172835117941963823e-01 -3.752257187919054715e-01 1.461714959372177880e+00 1.788365297323925018e+00
1.583560844079940081e+09 3.696652519612080856e-01 9.221440357189628623e-01 1.140086801173120223e-01 5.592312081368895349e-01 -3.187952750033477001e-01 7.652646787256309757e-01 7.420296877546646019e-01 -2.191345483557178564e-01 -6.335392588277476422e-01 -3.736431878610246837e-01 1.461543296663756264e+00 1.795771393673265326e+00
1.583560844079948902e+09 3.750732470216073255e-01 9.212285522731173959e-01 1.032376583768511297e-01 5.755302401546369406e-01 -3.187219499193538197e-01 7.531143746675529327e-01 7.266945728447602448e-01 -2.230566595642318184e-01 -6.497389665784092383e-01 -3.719434202435434877e-01 1.461289844889015255e+00 1.803149109282647045e+00
1.583560844079957962e+09 3.794942940012340782e-01 9.205184329823618006e-01 9.289723150822551401e-02 5.919276593977461642e-01 -3.187377492659543288e-01 7.402890606084409075e-01 7.110595805000079483e-01 -2.259470335988738865e-01 -6.658394785947913119e-01 -3.701297871251013061e-01 1.460950630853980359e+00 1.810496204226820005e+00
1.583560844079967976e+09 3.829087930694053399e-01 9.200491893236149021e-01 8.300810609079892211e-02 6.083768488679096587e-01 -3.187705094395048011e-01 7.268170141768693915e-01 6.951679409370384866e-01 -2.278044156643753426e-01 -6.817966576374014931e-01 -3.682058628373042208e-01 1.460521830051438874e+00 1.817810490287346870e+00
1.583560844079977036e+09 3.853021765060783976e-01 9.198514564538762261e-01 7.359029216583126698e-02 6.248320231299345773e-01 -3.187462855092542124e-01 7.127311894179699792e-01 6.790634549145087018e-01 -2.286353074074181091e-01 -6.975662840724513591e-01 -3.661754053395986919e-01 1.459999765418951823e+00 1.825089832719068106e+00
