1.583560844298521042e+09 -1.845189692866374409e-01 8.566334353216784048e-02 9.790886281588057072e-01 2.661355212711515317e-01 -9.546213595731297685e-01 1.336785105561269227e-01 9.461102655188944333e-01 2.852364834136632554e-01 1.533476907383174159e-01 -3.352461657925462357e-02 1.594951749527399265e+00 1.600618082814129206e+00
1.583560844298563004e+09 -2.055500165520425249e-01 7.944077764833089306e-02 9.754170153244265951e-01 2.717333983733886682e-01 -9.528755109157434067e-01 1.348674198077002007e-01 9.401649595328821496e-01 2.927753807834438948e-01 1.742768645564297392e-01 -3.918683238767039362e-02 1.593943431921752252e+00 1.595387504065563178e+00
1.583560844298584938e+09 -2.265802000865396737e-01 7.435887891040972308e-02 9.711499216399687162e-01 2.776166116698524644e-01 -9.507908329526074676e-01 1.375711049638507488e-01 9.335900760430173584e-01 3.007782391600363758e-01 1.947871171566910309e-01 -4.492896603841124020e-02 1.593111750663573689e+00 1.590213283957787826e+00
1.583560844298599958e+09 -2.475403604168070759e-01 7.038106254515363869e-02 9.663178960647276217e-01 2.836487979584601526e-01 -9.483953848483903659e-01 1.417376218548672961e-01 9.264270773347778043e-01 3.091806916588074605e-01 2.148026315930541275e-01 -5.071709597453986224e-02 1.592402864525442441e+00 1.585072138308156520e+00
1.583560844298610926e+09 -2.683724868960772336e-01 6.746369902562859844e-02 9.609499767757486710e-01 2.897048935170136175e-01 -9.457130185538764611e-01 1.473022785497668241e-01 9.187204597671596584e-01 3.179237895015175619e-01 2.342587909420004999e-01 -5.652352106793037678e-02 1.591753679321449289e+00 1.579943753327199607e+00
1.583560844298621893e+09 -2.890286135789236766e-01 6.555761234984373853e-02 9.550731177749938183e-01 2.956721263349559869e-01 -9.427636690682860143e-01 1.541903306901086790e-01 9.105165866126180285e-01 3.269539170138662798e-01 2.531021175729256112e-01 -6.232734038937924603e-02 1.591093982538327012e+00 1.574813760369471627e+00
1.583560844298630953e+09 -3.094697269433230313e-01 6.460883600074532329e-02 9.487118565431469364e-01 3.014505856656699012e-01 -9.395637760858976950e-01 1.623189920601751934e-01 9.018625354098399605e-01 3.362225588853272606e-01 2.712901737947540637e-01 -6.811426999924587167e-02 1.590349303613104448e+00 1.569676324696155145e+00
1.583560844298643112e+09 -3.296648188548157998e-01 6.455882266623792776e-02 9.418881387826788520e-01 3.069535587571177726e-01 -9.361267583936185854e-01 1.715989659781626264e-01 8.928049172464374017e-01 3.456860581205890015e-01 2.887914978844673408e-01 -7.387573001468689116e-02 1.589444274225416676e+00 1.564536008887923435e+00
1.583560844298654079e+09 -3.495901582529272744e-01 6.534413927534162003e-02 9.346212415131966988e-01 3.121077517999761852e-01 -9.324635162796524046e-01 1.819355441648150828e-01 8.833886306826966850e-01 3.553054100716195318e-01 3.055856558446909399e-01 -7.960734000436295310e-02 1.588306181713806664e+00 1.559408656873821686e+00
1.583560844298664093e+09 -3.692288080736972344e-01 6.689576983337144900e-02 9.269277445696553208e-01 3.168534709563826102e-01 -9.285829385544749348e-01 1.932294085770866754e-01 8.736555188113649395e-01 3.650461373187338099e-01 3.216634147692595258e-01 -8.530704301725518246e-02 1.586868372987314535e+00 1.554321178327653596e+00
1.583560844298674107e+09 -3.886778273798208172e-01 6.914978411802795433e-02 9.187751924414606641e-01 3.211679671232867128e-01 -9.244693129972719747e-01 2.054449473481130273e-01 8.635859446026824537e-01 3.749330564927255138e-01 3.371120284944150169e-01 -9.097312067564226890e-02 1.585073186082967434e+00 1.549310268798824275e+00
1.583560844298683882e+09 -4.075211721002995890e-01 7.334769837217432198e-02 9.102453569338397887e-01 3.246609877882613571e-01 -9.200112727680954672e-01 2.194869042986413998e-01 8.535348485073475100e-01 3.849667171231694884e-01 3.511109360484986897e-01 -9.663315560933127824e-02 1.583195404736854828e+00 1.544322855829751928e+00
1.583560844298701048e+09 -4.255702679775968389e-01 7.960829141165504108e-02 9.014169220389111059e-01 3.271773875370102558e-01 -9.152013283516444719e-01 2.352902161979205931e-01 8.437090164364184908e-01 3.950557539045818078e-01 3.634364417785838075e-01 -1.022901467005166015e-01 1.581237873926449877e+00 1.539362727678287968e+00
1.583560844298711061e+09 -4.426146203854867123e-01 8.800788417379050432e-02 8.923827152799269635e-01 3.285798720333281686e-01 -9.100367595097739182e-01 2.527219108152941596e-01 8.343425950015067594e-01 4.050774109200682704e-01 3.738779555554858081e-01 -1.079470025830578661e-01 1.579202201856645837e+00 1.534433998926706622e+00
1.583560844298719883e+09 -4.584303410410041080e-01 9.856996119428482195e-02 8.832471825878058791e-01 3.287605817860536073e-01 -9.045223096048843336e-01 2.715803223014572332e-01 8.256864432671217058e-01 4.148775172910059150e-01 3.822545531098947569e-01 -1.136066797458268329e-01 1.577088706148148223e+00 1.529541398732375379e+00
1.583560844298729897e+09 -4.727919383736701175e-01 1.112570305114673752e-01 8.741222206057625010e-01 3.276511952889055168e-01 -8.986733442026234586e-01 2.916006083945070770e-01 8.179929569092235786e-01 4.242736071937522335e-01 3.884320133660594254e-01 -1.192723370873092908e-01 1.574896425060703375e+00 1.524690566135739500e+00
1.583560844298739910e+09 -4.854865627474092005e-01 1.259665786397157483e-01 8.651215052486104229e-01 3.252296046930851503e-01 -8.925188587853380984e-01 3.124672640682850666e-01 8.114976906568499571e-01 4.330617830772506283e-01 3.923378523905841631e-01 -1.249474957022561200e-01 1.572623199901573399e+00 1.519888340773578372e+00
1.583560844298749924e+09 -4.963292660029979819e-01 1.425325099933758555e-01 8.563537491539491286e-01 3.215215766207357717e-01 -8.861035024836910745e-01 3.338329804319427607e-01 8.064001089996920557e-01 4.410272856290848309e-01 3.939718236851848521e-01 -1.306361906148317265e-01 1.570265831513733001e+00 1.515143036691293466e+00
1.583560844298759937e+09 -5.051774135864862680e-01 1.607326581645005803e-01 8.479155581704781453e-01 3.165966998125067655e-01 -8.794877384134558440e-01 3.553418745642519805e-01 8.028463805661851804e-01 4.479579564791746349e-01 3.934099118739664003e-01 -1.363430998738741906e-01 1.567820309924763622e+00 1.510464686851402005e+00
1.583560844298768997e+09 -5.119422112509465217e-01 1.803020201177042148e-01 8.398847267733100530e-01 3.105590874736283702e-01 -8.727454914317764878e-01 3.766541657059917503e-01 8.009171154651976154e-01 4.536590007105122391e-01 3.908008259345810420e-01 -1.420736361822766691e-01 1.565282111884131355e+00 1.505865246593957707e+00
1.583560844298779011e+09 -5.165955480929224075e-01 2.009503171712757330e-01 8.323148503453774438e-01 3.035344690045656546e-01 -8.659591497944010285e-01 3.974689637998129466e-01 8.006221743958485959e-01 4.579669432618455605e-01 3.863552938254745106e-01 -1.478339873215865352e-01 1.562646556304691181e+00 1.501358745967487973e+00
1.583560844298788071e+09 -5.191712214853990703e-01 2.223815331725421951e-01 8.252319049038878696e-01 2.956561643909820791e-01 -8.592123989053886968e-01 4.175421969040761239e-01 8.019031584649574107e-01 4.607607920403239965e-01 3.803298795574736602e-01 -1.536310939366354045e-01 1.559909203794955346e+00 1.496961382838565502e+00
1.583560844298798084e+09 -5.197606327791873815e-01 2.443128031933407829e-01 8.186330919251322280e-01 2.870525610564630403e-01 -8.525818677480374586e-01 4.366978201786863578e-01 8.046425989968047920e-01 4.619690608686832789e-01 3.730078752542333453e-01 -1.594725563776827060e-01 1.557066284101230380e+00 1.492691550228176567e+00
1.583560844298806906e+09 -5.185039063731522457e-01 2.664903830507459603e-01 8.124878923426238631e-01 2.778381377132084218e-01 -8.461288189512270463e-01 4.548318273195935957e-01 8.086777285318744735e-01 4.615722020495320876e-01 3.646799062103332489e-01 -1.653664661832654204e-01 1.554115133569337948e+00 1.488569792824229854e+00
1.583560844298815966e+09 -5.155778984309505875e-01 2.887011834249317288e-01 8.067410103153797030e-01 2.681090883561882410e-01 -8.398920740245406913e-01 4.719097592783942918e-01 8.138162862127271691e-01 4.596008386735139228e-01 3.556263793750834012e-01 -1.713211622548740098e-01 1.551054623686689116e+00 1.484618689142041870e+00
1.583560844298825026e+09 -5.111827613712842666e-01 3.107792186000010171e-01 8.013167052728356055e-01 2.579435750073664768e-01 -8.338830612815092413e-01 4.879591708235644365e-01 8.198519969500606130e-01 4.561308119719010845e-01 3.461031432806634944e-01 -1.773449164857930360e-01 1.547885561606043181e+00 1.480862657080417755e+00
1.583560844298835039e+09 -5.055285391216652879e-01 3.326071153183214335e-01 7.961239874286233364e-01 2.474058015803952959e-01 -8.280834787288038346e-01 5.030587657236356147e-01 8.265780457951813487e-01 4.512762561207543377e-01 3.363309013352147048e-01 -1.834455587181350877e-01 1.544611043540549566e+00 1.477327682944161502e+00
1.583560844298845053e+09 -4.988228162660188203e-01 3.541133476836702543e-01 7.910622828518704130e-01 2.365525647227507133e-01 -8.224457558138370539e-01 5.173256837211139825e-01 8.337977467030772694e-01 4.451816662719552120e-01 3.264882875848686972e-01 -1.896300555951848377e-01 1.541236743209180249e+00 1.474040976081302246e+00
1.583560844298855066e+09 -4.912601450511371315e-01 3.752661137968340554e-01 7.860272349647106083e-01 2.254407796443959611e-01 -8.168961920742157101e-01 5.309021250838952266e-01 8.413322322769577477e-01 4.380136475787679284e-01 3.167082565840642627e-01 -1.959040618685907731e-01 1.537771119709760326e+00 1.471030553288609433e+00
1.583560844298863888e+09 -4.830137175565761276e-01 3.960648866077015051e-01 7.809163557223753882e-01 2.141345580325198505e-01 -8.113404060309410415e-01 5.439422182257855898e-01 8.490254059907178519e-01 4.299527315867114341e-01 3.070773663188570146e-01 -2.022714651447984346e-01 1.534225532607067732e+00 1.468324756924750840e+00
1.583560844298872948e+09 -4.742295355903159426e-01 4.165306987158127749e-01 7.756342727002341064e-01 2.027106479561769647e-01 -8.056705513686958087e-01 5.565998167741990077e-01 8.567466026119553435e-01 4.211853985497643893e-01 2.976375636294115168e-01 -2.087339473480218088e-01 1.530614254444609301e+00 1.465951712434760967e+00
1.583560844298882961e+09 -4.650231589543486477e-01 4.366961892986418459e-01 7.700973316888422016e-01 1.912613737325423724e-01 -7.997736334703490213e-01 5.690177697525798939e-01 8.643914326629189571e-01 4.118963142959994883e-01 2.883901484624972755e-01 -2.152905877584581629e-01 1.526954373449662450e+00 1.463938733554182914e+00
1.583560844298892021e+09 -4.554789655320558017e-01 4.565963654425742591e-01 7.642373135411478779e-01 1.798945949447630088e-01 -7.935401770104805186e-01 5.813191226430266534e-01 8.718812115038224730e-01 4.022607945272957952e-01 2.793016407663923006e-01 -2.219375332642270215e-01 1.523265582071853252e+00 1.462311687164512319e+00
1.583560844298902035e+09 -4.456517400553492991e-01 4.762609267397192037e-01 7.580039951298241929e-01 1.687306719585306702e-01 -7.868724022642821225e-01 5.936006932828532534e-01 8.791612407464515222e-01 3.924377052485558126e-01 2.703112291235989506e-01 -2.286677612641537238e-01 1.519569850520076093e+00 1.461094335242126396e+00
1.583560844298912048e+09 -4.355702543065105292e-01 4.957088237425828492e-01 7.513662994926095795e-01 1.578969473642609089e-01 -7.796910320390898486e-01 6.059294090415897616e-01 8.861981199935826670e-01 3.825632717766019320e-01 2.613393111059350016e-01 -2.354709591179360573e-01 1.515890989387561616e+00 1.460307680258412732e+00
1.583560844298922062e+09 -4.252422934341353322e-01 5.149453981689224857e-01 7.443119165817767557e-01 1.475206409826504972e-01 -7.719400226373323015e-01 6.183415416300011014e-01 8.929762889695042061e-01 3.727463462626323110e-01 2.522964704628536392e-01 -2.423335390178076865e-01 1.512254112519965776e+00 1.459969345959569509e+00
1.583560844298930883e+09 -4.146604511535729176e-01 5.339620655270866934e-01 7.368454540901189231e-01 1.377213127344146804e-01 -7.635887896829860466e-01 6.308446722132203810e-01 8.994940525483080540e-01 3.630656595593871883e-01 2.430921154641427495e-01 -2.492387994220376657e-01 1.508685019146838391e+00 1.460093029305299384e+00
1.583560844298940897e+09 -4.038079800401891961e-01 5.527381189458950850e-01 7.289853822307597042e-01 1.286040923420570248e-01 -7.546318652596623044e-01 6.434218954451442762e-01 9.057594067907651647e-01 3.535693992805161723e-01 2.336419851489867638e-01 -2.561672339991326042e-01 1.505209522391603327e+00 1.460688061185072328e+00
1.583560844298954010e+09 -3.926640575691197066e-01 5.712439449630775101e-01 7.207602192286187703e-01 1.202546728925713293e-01 -7.450863123092984486e-01 6.560374997113007645e-01 9.117860230566587898e-01 3.442771309090328358e-01 2.238738609428753412e-01 -2.630969768380029272e-01 1.501852758070520100e+00 1.461759109176006488e+00
1.583560844298968077e+09 -3.812080062315956197e-01 5.894448221516638275e-01 7.122045057493222586e-01 1.127366343305079982e-01 -7.349875494700084388e-01 6.686432184465234130e-01 9.175897272555597617e-01 3.351836870778510669e-01 2.137311130225728606e-01 -2.700043607525566269e-01 1.498638510946643132e+00 1.463306044597789235e+00
1.583560844298980951e+09 -3.694222273128573431e-01 6.073045457932001456e-01 7.033551073335811976e-01 1.060912763587064794e-01 -7.243843667940516040e-01 6.811842117926584228e-01 9.231857122744415722e-01 3.262644297643840785e-01 2.031739718683387985e-01 -2.768645564165430617e-01 1.495588594332208254e+00 1.465323981764568906e+00
1.583560844298990965e+09 -3.572938585811469281e-01 6.247883327876173620e-01 6.942482540264512947e-01 1.003394994447474181e-01 -7.133339693078146748e-01 6.936040897034554398e-01 9.285866054230634825e-01 3.174810038031304349e-01 1.921788978398298320e-01 -2.836522550039121127e-01 1.492722314111537774e+00 1.467803484112392587e+00
1.583560844299006939e+09 -3.448153444419849167e-01 6.418647577719690522e-01 6.849175215701507335e-01 9.548508981117356798e-02 -7.018976532118340605e-01 7.058486255636514661e-01 9.338013579776536233e-01 3.087868479766650021e-01 1.807365670738190211e-01 -2.903423557000610611e-01 1.490056041351901950e+00 1.470730921311238948e+00
1.583560844299025059e+09 -3.319842217505118986e-01 6.585067339922811014e-01 6.753927436548583518e-01 9.151861503871391856e-02 -6.901374710180444572e-01 7.178681037410963306e-01 9.388348203545324733e-01 3.001318922178837223e-01 1.688491269906025050e-01 -2.969106211238501936e-01 1.487602909850181288e+00 1.474088953690808390e+00
1.583560844299042940e+09 -3.188024135364940226e-01 6.746917103785432523e-01 6.656997201861312163e-01 8.842135601911542409e-02 -6.781139650197648416e-01 7.296184718162896932e-01 9.436878113144557823e-01 2.914662017103503144e-01 1.565272128384600225e-01 -3.033342682168984616e-01 1.485372646079698100e+00 1.477857113432715863e+00
1.583560844299061060e+09 -3.052753023362556051e-01 6.904013324808075946e-01 6.558604960495365566e-01 8.616880337170913784e-02 -6.658848792464754363e-01 7.410615798211498406e-01 9.483574892465315154e-01 2.827425119298557221e-01 1.437871512323452838e-01 -3.095924688881633302e-01 1.483371530272079353e+00 1.482012448098395163e+00
1.583560844299079895e+09 -2.914108025108953504e-01 7.056208222665245611e-01 6.458939539506317606e-01 8.473342742054001953e-02 -6.535046390677377026e-01 7.521648311142562493e-01 9.528378617368497006e-01 2.739177655034150671e-01 1.306486406521984722e-01 -3.156667427433293427e-01 1.481602479588049137e+00 1.486530191241821397e+00
1.583560844299099922e+09 -2.772185869086310483e-01 7.203382923956647144e-01 6.358164829311919730e-01 8.408660866224111630e-02 -6.410243325202763520e-01 7.629005489126620132e-01 9.571203151217174687e-01 2.649538638847988015e-01 1.171330556065311723e-01 -3.215412331108354338e-01 1.480065237582074422e+00 1.491384426118386175e+00
1.583560844299118996e+09 -2.627095563804952016e-01 7.345441475595697600e-01 6.256425374432748043e-01 8.419976439813818547e-02 -6.284919298563580448e-01 7.732452999865905285e-01 9.611940953654234399e-01 2.558178839677986982e-01 1.032623919865604534e-01 -3.272028651589259929e-01 1.478756650469369438e+00 1.496548713931834529e+00
1.583560844299137115e+09 -2.478955541039712662e-01 7.482306403278069507e-01 6.153850042991265701e-01 8.504485981507724224e-02 -6.159525404302599316e-01 7.831793153085483405e-01 9.650467172004822958e-01 2.464820017416000930e-01 8.905872646702776840e-02 -3.326413922451285088e-01 1.477671007804544745e+00 1.501996663035569002e+00
1.583560844299153090e+09 -2.327892868739392940e-01 7.613915950121638021e-01 6.050553589116179909e-01 8.659450653955046151e-02 -6.034485827645358347e-01 7.926860662123867973e-01 9.686643070022582513e-01 2.369232942926976504e-01 7.454403586628001455e-02 -3.378493412582659894e-01 1.476800425512217574e+00 1.507702423269699832e+00
1.583560844299163103e+09 -2.174043910467210183e-01 7.740222770481962611e-01 5.946636408700642917e-01 8.882183563829512685e-02 -5.910198148743857072e-01 8.017519941417760032e-01 9.720318989494218798e-01 2.271235202191003721e-01 5.974022355136864026e-02 -3.428218701616470021e-01 1.476135251122687952e+00 1.513641096996887203e+00
1.583560844299173117e+09 -2.017555849460298256e-01 7.861193763573273152e-01 5.842182900635370935e-01 9.170027216142806470e-02 -5.787032157961481404e-01 8.103663667029502582e-01 9.751337058773050792e-01 2.170689165306610158e-01 4.466924512571317230e-02 -3.475565536030957303e-01 1.475664472248270354e+00 1.519789063023405218e+00
1.583560844299181938e+09 -1.858588210241501060e-01 7.976810430876701830e-01 5.737259385213381302e-01 9.520335059402308675e-02 -5.665327750810195129e-01 8.185211890753311126e-01 9.779533838554557157e-01 2.067500148527800785e-01 2.935320571831086592e-02 -3.520531155736547624e-01 1.475376110229063675e+00 1.526124212910711764e+00
1.583560844299194098e+09 -1.697314016742253739e-01 8.087069445186050309e-01 5.631912015995946819e-01 9.930459887049472578e-02 -5.545392356970103576e-01 8.262111309383147750e-01 9.804742975937135174e-01 1.961614496958694054e-01 1.381440310803880647e-02 -3.563131283219213019e-01 1.475257584251065124e+00 1.532626104118845589e+00
1.583560844299205065e+09 -1.533920734012318987e-01 8.191983505788575926e-01 5.526164443921849356e-01 1.039774368964807572e-01 -5.427497871250196448e-01 8.334334774670426604e-01 9.826797874939138255e-01 1.853017306286240673e-01 -1.924629537258047696e-03 -3.603396955426874104e-01 1.475296035131705707e+00 1.539276038272896496e+00
1.583560844299216986e+09 -1.368610363030954291e-01 8.291581911412051475e-01 5.420016154879965242e-01 1.091951623169677699e-01 -5.311877957814926665e-01 8.401880398517903581e-01 9.845534386642694757e-01 1.741729602086341255e-01 -1.784115098379231851e-02 -3.641371367624436917e-01 1.475478601230565401e+00 1.546057074779980223e+00
1.583560844299228907e+09 -1.201598472865252204e-01 8.385910530751992109e-01 5.313441984141898944e-01 1.149310322217868552e-01 -5.198726385996489396e-01 8.464769917951088241e-01 9.860793422700138144e-01 1.627804832627944842e-01 -3.391231839568699391e-02 -3.677106865362957389e-01 1.475792643178740038e+00 1.552953991915813958e+00
1.583560844299242020e+09 -1.033112534636290020e-01 8.475031322544327450e-01 5.206392475724531677e-01 1.211583748547837014e-01 -5.088196325105406315e-01 8.523046579392895561e-01 9.872423377426946534e-01 1.511324676769665309e-01 -5.011530808158539546e-02 -3.710662179453746434e-01 1.476225917962657119e+00 1.559953208174502670e+00
1.583560844299253941e+09 -8.633898469410307419e-02 8.559021535537706393e-01 5.098794795342522779e-01 1.278506896508596058e-01 -4.980400440282561347e-01 8.576772795584336473e-01 9.880282289496444825e-01 1.392394286229418632e-01 -6.642740878047159736e-02 -3.742099961579127831e-01 1.476766705621996634e+00 1.567042675966309639e+00
1.583560844299264908e+09 -6.926752615175785222e-02 8.637972683085115566e-01 4.990553971952208512e-01 1.349817127331632283e-01 -4.875411610085584879e-01 8.626027786418681842e-01 9.884239714688711764e-01 1.271137128061823884e-01 -8.282606452218731208e-02 -3.771484652809907190e-01 1.477403893272878799e+00 1.574211758015293228e+00
1.583560844299274921e+09 -5.212188319612062054e-02 8.711989335857931449e-01 4.881554340547458182e-01 1.425254403208871534e-01 -4.773264128414734797e-01 8.670905342787751380e-01 9.884178309205013946e-01 1.147689597501898029e-01 -9.928885999029529730e-02 -3.798880687709172976e-01 1.478127022414586600e+00 1.581451095227961456e+00
1.583560844299283981e+09 -3.492734241782805699e-02 8.781187712055290584e-01 4.771661186570457236e-01 1.504561155745188783e-01 -4.673955352812681485e-01 8.711511757760458385e-01 9.879995133441769051e-01 1.022195561317486429e-01 -1.157934553323275856e-01 -3.824351026890365768e-01 1.478926305418009290e+00 1.588752472578723873e+00
1.583560844299293041e+09 -1.770923345119279624e-02 8.845694062399276358e-01 4.660722572531252883e-01 1.587481832975935481e-01 -4.577447739175722896e-01 8.747963971242037617e-01 9.871602695019041640e-01 8.948009776652285363e-02 -1.323174770864506966e-01 -3.847956013462720537e-01 1.479792616544473471e+00 1.596108687464156350e+00
1.583560844299304962e+09 -4.926506572900755249e-04 8.905642336470435128e-01 4.548572341186784551e-01 1.673762940508715658e-01 -4.483672207058095327e-01 8.780387302146571704e-01 9.858929626588318618e-01 7.656488455223196821e-02 -1.488384525423332438e-01 -3.869752539591451712e-01 1.480717462877364055e+00 1.603513423790890791e+00
1.583560844299314976e+09 1.669788278466287357e-02 8.961170772008930641e-01 4.435035118751020633e-01 1.763154243256840892e-01 -4.392533696767054185e-01 8.808912240130089000e-01 9.841920809439146378e-01 6.348749150961580101e-02 -1.653338638966781737e-01 -3.889793488854571546e-01 1.481692940761377697e+00 1.610961134361679203e+00
1.583560844299330950e+09 3.383872857400528622e-02 9.012418200581036043e-01 4.319931974151467458e-01 1.855410220475323668e-01 -4.303917638773851473e-01 8.833671144516834772e-01 9.820537001231786078e-01 5.026043937924661031e-02 -1.817812383874663484e-01 -3.908127405713229252e-01 1.482711682955173194e+00 1.618446933289797496e+00
1.583560844299355984e+09 5.090746810033500158e-02 9.059519473649642052e-01 4.203088140205402112e-01 1.950293084573598013e-01 -4.217698740860826856e-01 8.854793856023286391e-01 9.794753692033313364e-01 3.689502379363041040e-02 -1.981584181032114700e-01 -3.924798352499636600e-01 1.483766800508594441e+00 1.625966499009015243e+00
1.583560844299376011e+09 6.788324466487058451e-02 9.102599991677412516e-01 4.084343269058361425e-01 2.047578073727987502e-01 -4.133752652865443911e-01 8.872401763557522525e-01 9.764558903286428837e-01 2.340137530000079708e-02 -2.144440957416820781e-01 -3.939845928453732937e-01 1.484851822353159712e+00 1.633515987634203581e+00
1.583560844299393892e+09 8.474704144744797663e-02 9.141770110757220236e-01 3.963563192036611560e-01 2.147060703323534492e-01 -4.051969549554633176e-01 8.886600763103303935e-01 9.729949859450564009e-01 9.788795465175564176e-03 -2.306185966721298608e-01 -3.953305419951983479e-01 1.485960635222520976e+00 1.641091956300586130e+00
1.583560844299412012e+09 1.014818009140844302e-01 9.177120726377826498e-01 3.840650937070566595e-01 2.248564691066033683e-01 -3.972267344073195927e-01 8.897474304226067332e-01 9.690928813751358284e-01 -3.933650680309361269e-03 -2.466647805874688792e-01 -3.965208036403446989e-01 1.487087426125540457e+00 1.648691296127526629e+00
1.583560844299429893e+09 1.180723326742165319e-01 9.208720985887886012e-01 3.715555176331803433e-01 2.351949377405102015e-01 -3.894602553080394047e-01 8.905077489653068223e-01 9.647498462647027262e-01 -1.775635030608890483e-02 -2.625689366203504682e-01 -3.975581194166444288e-01 1.488226628666359463e+00 1.656311174071478876e+00
1.583560844299448013e+09 1.345050185439829182e-01 9.236618173376399676e-01 3.588276014538487324e-01 2.457116606899307776e-01 -3.818978557565767540e-01 8.909432124103919826e-01 9.599657182102269148e-01 -3.166820740823740599e-02 -2.783216571209895518e-01 -3.984448821784333239e-01 1.489372873752026649e+00 1.663948982679875455e+00
1.583560844299467087e+09 1.507673337077989340e-01 9.260839432035039565e-01 3.458868913581454874e-01 2.564017610344682674e-01 -3.745451916882291399e-01 8.910522075009267295e-01 9.547394138601819069e-01 -4.565555741015817071e-02 -2.939187337026777369e-01 -3.991831687731866585e-01 1.490520944711309470e+00 1.671602296492084250e+00
1.583560844299485922e+09 1.668471660468440476e-01 9.281395558916725186e-01 3.327446293442719583e-01 2.672659117473026869e-01 -3.674136056104522208e-01 8.908289257769044234e-01 9.490684674745738514e-01 -5.970098490931569080e-02 -3.093619833919852846e-01 -3.997747746602626218e-01 1.491665736920366969e+00 1.679268834146410372e+00
1.583560844299504042e+09 1.827319302665424416e-01 9.298287046197216688e-01 3.194176296205092913e-01 2.783107528827308275e-01 -3.605201489773790513e-01 8.902630775123718809e-01 9.429486554668771170e-01 -7.378212956463793548e-02 -3.246598694511183547e-01 -4.002212496482823734e-01 1.492802221977755917e+00 1.686946425444022735e+00
1.583560844299524069e+09 1.984075040861467687e-01 9.311512470788160245e-01 3.059277982988508060e-01 2.895489359327784729e-01 -3.538871413974124525e-01 8.893398141455194361e-01 9.363737909508160762e-01 -8.787062428673909908e-02 -3.398277171299564081e-01 -4.005239349063978160e-01 1.493925416445305299e+00 1.694632982681001820e+00
1.583560844299542904e+09 2.138570573309414580e-01 9.321078048883763012e-01 2.923015557297530265e-01 3.009989407402530182e-01 -3.475414949502892425e-01 8.880397215955979640e-01 9.293356751256053316e-01 -1.019311029473687347e-01 -3.548876632297461864e-01 -4.006840017038745261e-01 1.495030355285119406e+00 1.702326475718391796e+00
1.583560844299556017e+09 2.290598207105372097e-01 9.327008191388039826e-01 2.785691671739201625e-01 3.126845668952537016e-01 -3.415137668005397420e-01 8.863389356684369114e-01 9.218242568519527946e-01 -1.159203582481605765e-01 -3.698682337601657544e-01 -4.007024926408010446e-01 1.496112070315992915e+00 1.710024910430328005e+00
1.583560844299566031e+09 2.439898799378777405e-01 9.329356743661404439e-01 2.647639823862105724e-01 3.246339964051875304e-01 -3.358368994138052899e-01 8.842094466475358683e-01 9.138280512359485686e-01 -1.297867669626660558e-01 -3.848034410157850083e-01 -4.005803661268529936e-01 1.497165574230566065e+00 1.717726310365029097e+00
1.583560844299575090e+09 2.586151316151983903e-01 9.328218369379812636e-01 2.509215706499040577e-01 3.368783271924879474e-01 -3.305446066842724906e-01 8.816196775427338483e-01 9.053348588936417363e-01 -1.434701499047168205e-01 -3.997312968485824403e-01 -4.003185442566521979e-01 1.498185850805424879e+00 1.725428701640317586e+00
1.583560844299585104e+09 2.728965625054998734e-01 9.323739062434600600e-01 2.370788170948732176e-01 3.494496207859360548e-01 -3.256694756057290641e-01 8.785353466775701614e-01 8.963327669263766451e-01 -1.569021733554041842e-01 -4.146917882625097418e-01 -3.999179634006773676e-01 1.499167851828911768e+00 1.733130101208393059e+00
1.583560844299595118e+09 2.867880369080573200e-01 9.316124716196997335e-01 2.232729831286527911e-01 3.623785131551990890e-01 -3.212408321842294967e-01 8.749206484656961713e-01 8.868113866265989742e-01 -1.700074435058905598e-01 -4.297243698278025437e-01 -3.993796263184218320e-01 1.500106501060607611e+00 1.740828508650587469e+00
1.583560844299607992e+09 3.002366928977483473e-01 9.305646405377606678e-01 2.095408752600841640e-01 3.756917067874752658e-01 -3.172826099785686083e-01 8.707396206828563745e-01 8.767631778590652125e-01 -1.827052149550024984e-01 -4.448652995015697220e-01 -3.987046537351829900e-01 1.500996705068435411e+00 1.748521901606722162e+00
1.583560844299617052e+09 3.131839999586394363e-01 9.292641536591972340e-01 1.959181341276847177e-01 3.894095726030207816e-01 -3.138113626900151942e-01 8.659576280525461689e-01 8.661847189227098731e-01 -1.949116768051616932e-01 -4.601450545987516016e-01 -3.978943329859876976e-01 1.501833370280757807e+00 1.756208234799338852e+00
1.583560844299627066e+09 3.255673911438763946e-01 9.277510379389144468e-01 1.824387179661919323e-01 4.035441973884910105e-01 -3.108346365680815238e-01 8.605427994203953546e-01 8.550777478904036943e-01 -2.065425880920825352e-01 -4.755861695726666949e-01 -3.969501611961585019e-01 1.502611425043585802e+00 1.763885442414099947e+00
1.583560844299642086e+09 3.373222907298720763e-01 9.260708184376484908e-01 1.691345967006349926e-01 4.180981045379691396e-01 -3.083498424278222072e-01 8.544672900861204345e-01 8.434498488451983578e-01 -2.175160092833455239e-01 -4.912017289366575334e-01 -3.958738802698241188e-01 1.503325844801324029e+00 1.771551443335112053e+00
1.583560844299657106e+09 3.483843276014763624e-01 9.242733620668622807e-01 1.560356140161505978e-01 4.330637209440046376e-01 -3.063436753911646937e-01 8.477083026139297095e-01 8.313147263467479675e-01 -2.277549233316140398e-01 -5.069945965975813928e-01 -3.946675021815946871e-01 1.503971678456974104e+00 1.779204148552342213e+00
1.583560844299666882e+09 3.586914916470232972e-01 9.224114646006384977e-01 1.431694945840401856e-01 4.484235903416388114e-01 -3.047920963076296008e-01 8.402488094749903658e-01 8.186920653094664768e-01 -2.371895199642667373e-01 -5.229573922800434538e-01 -3.933333235647135107e-01 1.504544073779921609e+00 1.786841469899359769e+00
1.583560844299676895e+09 3.681858985207998036e-01 9.205393472426658397e-01 1.305620721901616932e-01 4.641513428385660167e-01 -3.036608835823522701e-01 8.320778803055426387e-01 8.056070229492483525e-01 -2.457587807956061743e-01 -5.390732293099042005e-01 -3.918739296669489502e-01 1.505038299976447558e+00 1.794461329232944768e+00
1.583560844299686909e+09 3.768150978827690123e-01 9.187111906211621326e-01 1.182376023993936265e-01 4.802130990274885436e-01 -3.029065590614428150e-01 8.231907410622376631e-01 7.920894910811991929e-01 -2.534114541258215003e-01 -5.553169125449589627e-01 -3.902921891587396441e-01 1.505449766299288283e+00 1.802061667302815140e+00
1.583560844299695969e+09 3.845329185686950368e-01 9.169797933185274141e-01 1.062190828837418638e-01 4.965690628592379641e-01 -3.024775400225686584e-01 8.135886575927772091e-01 7.781732459399752777e-01 -2.601065104985526566e-01 -5.716563677782408037e-01 -3.885912420567232406e-01 1.505774036337461874e+00 1.809640451786199922e+00
1.583560844299705982e+09 3.912998261055199989e-01 9.153954299218557411e-01 9.452858485178916581e-02 5.131751646889052276e-01 -3.023154155281332911e-01 8.032786814370158623e-01 7.638950823129775358e-01 -2.658130861862376682e-01 -5.880541699130270583e-01 -3.867744831255897631e-01 1.506006838170044659e+00 1.817195684187696170e+00
1.583560844299715042e+09 3.970829138378856871e-01 9.140049208178313567e-01 8.318752697920013539e-02 5.299845737040568272e-01 -3.023562274054542032e-01 7.922733515368886037e-01 7.492940087282793371e-01 -2.705101048851389356e-01 -6.044689999998664742e-01 -3.848455425066877322e-01 1.506144070605400787e+00 1.824725405410673407e+00
1.583560844299724102e+09 4.018556166495059201e-01 9.128509113326814806e-01 7.221687775339864779e-02 5.469490056275975176e-01 -3.025316922078511994e-01 7.805903923463699545e-01 7.344105452326882277e-01 -2.741856839142623459e-01 -6.208569578489040452e-01 -3.828082648874286398e-01 1.506181805744576607e+00 1.832227699880381699e+00
1.583560844299732924e+09 4.055971884485607970e-01 9.119713608619008927e-01 6.163731074946588590e-02 5.640198151329947063e-01 -3.027703239870684349e-01 7.682524189488318944e-01 7.192861525115116228e-01 -2.768363564539856880e-01 -6.371727103952038451e-01 -3.806666886846518105e-01 1.506116288578799756e+00 1.839700698289193026e+00
1.583560844299742937e+09 4.082920322471491614e-01 9.113992141815229209e-01 5.146930326812705625e-02 5.811488515240338382e-01 -3.029984232511780951e-01 7.552866793808956647e-01 7.039628037804728233e-01 -2.784662066942131253e-01 -6.533704484783294797e-01 -3.784250261425611273e-01 1.505943934177538024e+00 1.847142579056691547e+00
