1.583560843412745953e+09 4.077473478087238479e-01 2.650819088397466383e-01 8.737698106947769938e-01 1.973487734608021238e-01 -9.598986752951350621e-01 1.991180423497162233e-01 8.915130745416116609e-01 9.124754676043712875e-02 -4.437097285925119539e-01 1.504443059982532305e-01 1.606141940992537265e+00 1.694901160544111107e+00
1.583560843412797928e+09 3.878922792833865985e-01 2.597032282097581080e-01 8.843606804077358552e-01 1.952159335803811957e-01 -9.608645642158775146e-01 1.965452327572726199e-01 9.007942712182139822e-01 9.640291753286001075e-02 -4.234101540449486389e-01 1.427609274563931829e-01 1.605171740520461743e+00 1.695383940453774052e+00
1.583560843412827969e+09 3.678308527808113459e-01 2.541561101787261356e-01 8.944859616142344372e-01 1.933885742216417125e-01 -9.617998923207362605e-01 1.937571327756148210e-01 9.095610607407832449e-01 1.017135133986910162e-01 -4.029305623740089826e-01 1.350382591108891250e-01 1.604418357203744705e+00 1.695345489988450138e+00
1.583560843412853003e+09 3.475744949240486270e-01 2.484500867179265104e-01 9.041374480770385524e-01 1.919037001696100864e-01 -9.626943778899206272e-01 1.907681961164320594e-01 9.178044129636452331e-01 1.072011623376872974e-01 -3.822865031101631006e-01 1.273176145052064834e-01 1.603860549173061756e+00 1.694807746230716061e+00
1.583560843412877083e+09 3.271350735803917331e-01 2.425972016570509815e-01 9.133067619993706643e-01 1.907940239495929668e-01 -9.635372410400298016e-01 1.875996416930773014e-01 9.255162257784149693e-01 1.128830496365279129e-01 -3.614929225486313569e-01 1.196337273915343558e-01 1.603470345396812657e+00 1.693800626004946519e+00
1.583560843412895918e+09 3.065249364519742614e-01 2.366113724915849259e-01 9.219856408204877285e-01 1.900874816994080341e-01 -9.643175107145391944e-01 1.842782891171239334e-01 9.326892369703557728e-01 1.187720377695687946e-01 -3.405642236304946557e-01 1.120132540736550886e-01 1.603215436697487783e+00 1.692361154124870648e+00
1.583560843412951946e+09 2.857568926993163672e-01 2.305078298376123103e-01 9.301661888095751340e-01 1.898068593116918334e-01 -9.650242949524512337e-01 1.808354675372716713e-01 9.393169617152189455e-01 1.248769416477500949e-01 -3.195143111344345699e-01 1.044739755181219726e-01 1.603061762898020826e+00 1.690532401943405816e+00
1.583560843412967920e+09 2.648441503017094911e-01 2.243026031886302119e-01 9.378410944339263811e-01 1.899694136944740097e-01 -9.656470384826180142e-01 1.773060036781390625e-01 9.453936735838538441e-01 1.312026649670614553e-01 -2.983566034179305215e-01 9.702468732177689514e-02 1.602976090886096605e+00 1.688362278223245694e+00
1.583560843412981033e+09 2.438002196672548472e-01 2.180120116701448063e-01 9.450038178882889106e-01 1.905864837370971343e-01 -9.661757813656240979e-01 1.737272337018211654e-01 9.509144258328148247e-01 1.377502170385512259e-01 -2.771040104531512505e-01 8.966571333826947598e-02 1.602928402242465244e+00 1.685902217460708785e+00
1.583560843412992954e+09 2.226387922905857242e-01 2.116521277847283611e-01 9.516487509312719917e-01 1.916631117701550202e-01 -9.666014257626759365e-01 1.701379890300689368e-01 9.558751068599002920e-01 1.445166445245565923e-01 -2.557688794852537306e-01 8.238994011747287349e-02 1.602893944953188043e+00 1.683205810969546690e+00
1.583560843413006067e+09 2.013720192237344053e-01 2.052377185947679705e-01 9.577717833164822725e-01 1.931978576666389946e-01 -9.669160279474892095e-01 1.665772574582854160e-01 9.602728246843206250e-01 1.514954579884335850e-01 -2.343613205157283053e-01 7.518424516120549017e-02 1.602854845695255825e+00 1.680327425539106745e+00
1.583560843413017035e+09 1.800148908549060456e-01 1.987036317590843149e-01 9.633854399842828320e-01 1.949345722115841117e-01 -9.671671677721145333e-01 1.630588303386414084e-01 9.641551492304405446e-01 1.584441110810936859e-01 -2.128386996021967015e-01 6.807583704320578633e-02 1.602797426625740540e+00 1.677216813329396539e+00
1.583560843413028002e+09 1.585788482817126199e-01 1.920517288172087778e-01 9.684879361734096692e-01 1.968601582389188920e-01 -9.673551545870036072e-01 1.595934929850047479e-01 9.675220034377197686e-01 1.653485360659600611e-01 -1.912094000223579782e-01 6.107108039034262609e-02 1.602716952801245487e+00 1.673879811765359715e+00
1.583560843413039923e+09 1.370754528720062870e-01 1.852821983793591365e-01 9.730780170988910793e-01 1.989583863896384197e-01 -9.674814384948813295e-01 1.561897136951057030e-01 9.703740932575746214e-01 1.721922563836835729e-01 -1.694814035469406899e-01 5.417585840212273129e-02 1.602608411188483739e+00 1.670322733794334047e+00
1.583560843413050890e+09 1.155164413020669245e-01 1.783935162804077268e-01 9.771549034393071098e-01 2.012105997428139670e-01 -9.675485483319279378e-01 1.528532014155043195e-01 9.727128283827045641e-01 1.789568663026410433e-01 -1.476624314951611727e-01 4.739551591013542453e-02 1.602466542091221857e+00 1.666552388970460319e+00
1.583560843413063049e+09 9.391377094681757631e-02 1.713826716138160122e-01 9.807181978909758069e-01 2.035968512801273334e-01 -9.675598823262508974e-01 1.495867516616425641e-01 9.745401612737891739e-01 1.856228811605966644e-01 -1.257601694746848242e-01 4.073479943778626766e-02 1.602285879584877115e+00 1.662576098189606055e+00
1.583560843413077116e+09 7.227963102984290289e-02 1.642457122512201717e-01 9.837677577165977461e-01 2.060973975069504138e-01 -9.675193447393377610e-01 1.463905062054131623e-01 9.758583492695875883e-01 1.921709228509131395e-01 -1.037825551028177251e-01 3.419779644073026037e-02 1.602060801087629160e+00 1.658401699702820142e+00
1.583560843413091898e+09 5.062639331247048569e-02 1.569785952388406958e-01 9.863035481607449473e-01 2.086943547413470101e-01 -9.674308602066323814e-01 1.432626854069148081e-01 9.766696651167736665e-01 1.985831095131411483e-01 -8.173808187733883068e-02 2.778787573746093961e-02 1.601785585984543125e+00 1.654037545206869408e+00
1.583560843413108110e+09 2.896647853985898080e-02 1.495782927071500623e-01 9.883254917532369177e-01 2.113733201062538702e-01 -9.672978125061995058e-01 1.402007898659382301e-01 9.769760809908496491e-01 2.048445173756217597e-01 -5.963607167742362991e-02 2.150763069725254023e-02 1.601454483151413255e+00 1.649492485868612190e+00
1.583560843413122892e+09 7.312120151248747979e-03 1.420441048269595330e-01 9.898333220094507334e-01 2.141248160620189411e-01 -9.671224507631988043e-01 1.372032375246421132e-01 9.767789392719385955e-01 2.109446314584010329e-01 -3.748688338434344458e-02 1.535882737226594921e-02 1.601061786757945304e+00 1.644775847399069457e+00
1.583560843413132906e+09 -1.432497844205396845e-02 1.343791135933647685e-01 9.908264474669415955e-01 2.169454275605913751e-01 -9.669053121270427820e-01 1.342713627402018772e-01 9.760786221473313207e-01 2.168787016696617498e-01 -1.530203650677473826e-02 9.342359893340194954e-03 1.600601919338603851e+00 1.639897393517915303e+00
1.583560843413141966e+09 -3.593407276586889354e-02 1.265916881468191757e-01 9.913038318719742392e-01 2.198385055750521067e-01 -9.666447164429941008e-01 1.314116572090318902e-01 9.748742349866275081e-01 2.226489090309322350e-01 6.905754034059565991e-03 3.458215367886112793e-03 1.600069520776767673e+00 1.634867277593455182e+00
1.583560843413151026e+09 -5.750584725318347301e-02 1.186969583973772890e-01 9.912638951239818308e-01 2.228143565232597600e-01 -9.663363794824364472e-01 1.286381134304876717e-01 9.731633163136211850e-01 2.282652706475805926e-01 2.912260582205670328e-02 -2.294549369708611709e-03 1.599459541367847848e+00 1.629695982375345853e+00
1.583560843413160086e+09 -7.903286524277382263e-02 1.107182253199023442e-01 9.907044367373109006e-01 2.258899217228377276e-01 -9.659731631057935086e-01 1.259745666175954293e-01 9.709415788991623275e-01 2.337462786214616894e-01 5.133349557184860301e-02 -7.917816363460412205e-03 1.598767336348394297e+00 1.624394247587001239e+00
1.583560843413168907e+09 -1.005099157679944510e-01 1.026882712786698904e-01 9.896225926844902654e-01 2.290879469798767221e-01 -9.655449767298956987e-01 1.234569174702770389e-01 9.682027006471339847e-01 2.391192524277819809e-01 7.352219902981739497e-02 -1.341439754823479935e-02 1.597988758467477233e+00 1.618972985464571135e+00
1.583560843413184881e+09 -1.219341626610850327e-01 9.465055661859077263e-02 9.880148441624724276e-01 2.324356718183648307e-01 -9.650388270116245781e-01 1.211351346118278854e-01 9.649381941875556645e-01 2.444204052860060039e-01 9.567103558595402291e-02 -1.878800570108824647e-02 1.597120244627206143e+00 1.613443185254251899e+00
1.583560843413202047e+09 -1.433049987151307492e-01 8.666031086776147807e-02 9.858771059523712132e-01 2.359630885174105464e-01 -9.644389953063375875e-01 1.190749562287532759e-01 9.611373982734885413e-01 2.496946432773242963e-01 1.177602943732919127e-01 -2.404320407405707849e-02 1.596158892584487843e+00 1.607815808996390983e+00
1.583560843413213015e+09 -1.646235062979772013e-01 7.878551337361948403e-02 9.832049350130820375e-01 2.397008087710981450e-01 -9.637273171352737089e-01 1.173591943257194098e-01 9.567876585783640087e-01 2.549951001853821841e-01 1.397672187810291566e-01 -2.918533440177519672e-02 1.595102523637529135e+00 1.602101681628444130e+00
1.583560843413222075e+09 -1.858914353680301002e-01 7.110774840298676736e-02 9.799939094460409228e-01 2.436775786604850891e-01 -9.628835289614842141e-01 1.160885322669496789e-01 9.518747880231204217e-01 2.603824068574831507e-01 1.616644373300731574e-01 -3.422042317936332956e-02 1.593949726592582605e+00 1.596311378422993643e+00
1.583560843413230896e+09 -2.071096362005759028e-01 6.372294313914469988e-02 9.762402292919578617e-01 2.479175135887199122e-01 -9.618856284461800854e-01 1.153817327644924562e-01 9.463839100532981385e-01 2.659237190171364063e-01 1.834177489463094668e-01 -3.915506670903386860e-02 1.592699877852716606e+00 1.590455113179833679e+00
1.583560843413239002e+09 -2.282758920501164190e-01 5.674186827608185962e-02 9.719416019858020395e-01 2.524370671360863794e-01 -9.607102216918974591e-01 1.153750279891141151e-01 9.403008265460468529e-01 2.716914248760766704e-01 2.049832320406563824e-01 -4.399629698432873381e-02 1.591353132888165600e+00 1.584542631580930783e+00
1.583560843413248062e+09 -2.493821371748619342e-01 5.029016183834743303e-02 9.670984693700196422e-01 2.572417633820494043e-01 -9.593328461509437188e-01 1.162203316080105131e-01 9.336140664046872484e-01 2.777613903130671802e-01 2.263037455166425627e-01 -4.875143224615554466e-02 1.589910385283344718e+00 1.578583114886978667e+00
1.583560843413256884e+09 -2.704111465154801497e-01 4.450769829972374414e-02 9.617155903954703877e-01 2.623228644976819957e-01 -9.577282259540167431e-01 1.180820053342384185e-01 9.263177245201398291e-01 2.842106789585115978e-01 2.473050007136480266e-01 -5.342791772347570828e-02 1.588373190896859244e+00 1.572585099529112407e+00
1.583560843413265944e+09 -2.913328814575205095e-01 3.954713408312807155e-02 9.558039425242673692e-01 2.676542338936144239e-01 -9.558704184444539731e-01 1.211319703162606204e-01 9.184151367537780608e-01 2.911146979462450046e-01 2.678915254229053966e-01 -5.803316312672068822e-02 1.586743655870237690e+00 1.566556417947937652e+00
1.583560843413275003e+09 -3.121007687190174296e-01 3.557152498047522898e-02 9.493828400350543539e-01 2.731897434162418592e-01 -9.537328218477238995e-01 1.255430947268636466e-01 9.099233343611139446e-01 2.985437508530590089e-01 2.879429710618834348e-01 -6.257438451000878199e-02 1.585024288929838487e+00 1.560504165730275838e+00
1.583560843413283110e+09 -3.326482417934849001e-01 3.275100122665557112e-02 9.424821055743279885e-01 2.788616209482602804e-01 -9.512880479685311697e-01 1.314809726362825559e-01 9.008780959437163727e-01 3.065590020603399801e-01 3.073112992989328052e-01 -6.705845884028442672e-02 1.583217820434243084e+00 1.554434699509211981e+00
1.583560843413292885e+09 -3.528858916704289417e-01 3.125835611593653224e-02 9.351440866574303179e-01 2.845800952913845050e-01 -9.485077649521371779e-01 1.390941738553432283e-01 8.913392827542991892e-01 3.152077648675498112e-01 3.258195024219092129e-01 -7.149179991543933022e-02 1.581326992899117601e+00 1.548353669220099427e+00
1.583560843413300991e+09 -3.726995858206184620e-01 3.126354249927938006e-02 9.274252583453824750e-01 2.902347055909927365e-01 -9.453626691524226189e-01 1.485033314594981779e-01 8.813959578738469469e-01 3.245181269496462129e-01 3.432625101827213587e-01 -7.588026365522280992e-02 1.579354329495337383e+00 1.542266087078308701e+00
1.583560843413310051e+09 -3.919499353631241134e-01 3.292694467027974803e-02 9.193971202157353861e-01 2.956975492087766666e-01 -9.418228510284588628e-01 1.597894761353234605e-01 8.711705962193371233e-01 3.344929500484062901e-01 3.594109887342967768e-01 -8.022908988860312507e-02 1.577301889050093608e+00 1.536176434391712808e+00
1.583560843413317919e+09 -4.104735403782802661e-01 3.639138645364955321e-02 9.111460584443998867e-01 3.008286435039077555e-01 -9.378588568353314336e-01 1.729823456719687125e-01 8.608214681645757205e-01 3.451035086545882202e-01 3.740186739101172275e-01 -8.454288634307821626e-02 1.575171018092694109e+00 1.530088805925325701e+00
1.583560843413326979e+09 -4.280864284312523860e-01 4.177314943543737613e-02 9.027718504454396165e-01 3.054833631859588117e-01 -9.334437027479791649e-01 1.880499099382668127e-01 8.505421357965826656e-01 3.562833953837298839e-01 3.868335786622383310e-01 -8.882565853039667281e-02 1.572962112262255241e+00 1.524007089995096154e+00
1.583560843413336039e+09 -4.445900399262288083e-01 4.915249645703656522e-02 8.943845530127964016e-01 3.095215600033029979e-01 -9.285559856739777906e-01 2.048906668767560557e-01 8.405570179631819405e-01 3.679236518662040156e-01 3.976129853544586590e-01 -9.308088645117143511e-02 1.570674400215886779e+00 1.517935180891107017e+00
1.583560843413345098e+09 -4.597798988359136363e-01 5.856462433926506311e-02 8.860996724860595863e-01 3.128175283302061516e-01 -9.231839772330366900e-01 2.233305580538077484e-01 8.311122900976268824e-01 3.798704107976285660e-01 4.061413946168559441e-01 -9.731164604751153802e-02 1.568305763689323395e+00 1.511877218735838024e+00
1.583560843413353920e+09 -4.734566708670361890e-01 6.999241584887559708e-02 8.780318005132873305e-01 3.152695129071139690e-01 -9.173302252826692760e-01 2.431262882232417266e-01 8.224621056305603251e-01 3.919264210943975701e-01 4.122496396870319324e-01 -1.015207702596001987e-01 1.565852607796683671e+00 1.505837850328049843e+00
1.583560843413362026e+09 -4.854387311546444761e-01 8.336253878460909983e-02 8.702872661367725415e-01 3.168071601742352694e-01 -9.110158232224837560e-01 2.639761222376922345e-01 8.148511899192159014e-01 4.038574711617445301e-01 4.158325161002737747e-01 -1.057110410269135603e-01 1.563309794304049483e+00 1.499822503150260333e+00
1.583560843413371086e+09 -4.955749412109006213e-01 9.854605955263000261e-02 8.629566338860406027e-01 3.173954590292671352e-01 -9.042832816107257976e-01 2.855378594827485128e-01 8.084958876747402323e-01 4.154039248680033714e-01 4.168620623053840291e-01 -1.098854004272582369e-01 1.560670648608440736e+00 1.493837663568045926e+00
1.583560843413379908e+09 -5.037561215800727688e-01 1.153640978591978922e-01 8.561079926464887357e-01 3.170343413800340016e-01 -8.971969440397369322e-01 3.074522239349350428e-01 8.035664232109616112e-01 4.262965735060085803e-01 4.153940720294211908e-01 -1.140471665299109261e-01 1.557927048228197497e+00 1.487891149371415755e+00
1.583560843413388968e+09 -5.099236654950181080e-01 1.335983174016712183e-01 8.497819397545650633e-01 3.157540338765753019e-01 -8.898402216983762880e-01 3.293687446457345680e-01 8.001732597473932840e-01 4.362749929684974770e-01 4.115663799045962135e-01 -1.182002377350901412e-01 1.555069596622363770e+00 1.481992366351585488e+00
1.583560843413398027e+09 -5.140739951233205263e-01 1.530052011390919675e-01 8.439889431383554852e-01 3.136072201397341885e-01 -8.823095710793352753e-01 3.509705575530230881e-01 7.983598431600008594e-01 4.451058629842961634e-01 4.055888703339255441e-01 -1.223492687163237475e-01 1.552087881098821454e+00 1.476152538812776083e+00
1.583560843413407087e+09 -5.162583077856714997e-01 1.733322240555601745e-01 8.387093059717960486e-01 3.106598357731396587e-01 -8.747058880674983827e-01 3.719947255385582241e-01 7.981026414167120553e-01 4.525986627721783062e-01 3.977268213142148290e-01 -1.264998018928153445e-01 1.548970808789026155e+00 1.470384904480093846e+00
1.583560843413415909e+09 -5.165778620214196426e-01 1.943337455522956003e-01 8.338955018384848206e-01 3.069825299895758142e-01 -8.671245693094330464e-01 3.922457234848860663e-01 7.993178584941325049e-01 4.586168081318095502e-01 3.882802912375946103e-01 -1.306583404564276574e-01 1.545707011037386724e+00 1.464704864649240212e+00
1.583560843413424969e+09 -5.151756802638778332e-01 2.157846791306708423e-01 8.294763353433224351e-01 3.026444573389722725e-01 -8.596457383837438071e-01 4.116011867472192387e-01 8.018730267718038318e-01 4.630833367708588888e-01 3.775625409295785828e-01 -1.348323520141394283e-01 1.542285303264501417e+00 1.459130080827301112e+00
1.583560843413433075e+09 -5.122258829087990017e-01 2.374905805352079402e-01 8.253622654403428571e-01 2.977103101298485544e-01 -8.523260272752138933e-01 4.300103655526145707e-01 8.056011521086016147e-01 4.659812951741021947e-01 3.658800574523931037e-01 -1.390301957273186728e-01 1.538695184458237497e+00 1.453680509619905914e+00
1.583560843413441896e+09 -5.079219904443718070e-01 2.592934949284690926e-01 8.214512373161725334e-01 2.922406867239140671e-01 -8.451929042226422606e-01 4.474866877191799874e-01 8.103151441289361268e-01 4.673498028322647380e-01 3.535159531904481511e-01 -1.432609701922115675e-01 1.534927358323479263e+00 1.448378368083428125e+00
1.583560843413450956e+09 -5.024653529949013597e-01 2.810735904341897795e-01 8.176345185824811512e-01 2.862951948653065237e-01 -8.382420461188793137e-01 4.640962545922160953e-01 8.158208324110302057e-01 4.672771222184012863e-01 3.407175672425323820e-01 -1.475342841434585384e-01 1.530974255684608876e+00 1.443248023199540819e+00
1.583560843413459063e+09 -4.960544854257037395e-01 3.027471055104008490e-01 8.138022719135021843e-01 2.799371985370017191e-01 -8.314378686335837099e-01 4.799439920327696063e-01 8.219276808356926756e-01 4.658918981682853011e-01 3.276883074957334108e-01 -1.518599569817967454e-01 1.526830536672046046e+00 1.438315800732211658e+00
1.583560843413467884e+09 -4.888758732528662443e-01 3.242613994177400150e-01 8.098487053619086717e-01 2.732389601427502313e-01 -8.247169843833115355e-01 4.951589303858486835e-01 8.284569097856432363e-01 4.633534726220461808e-01 3.145833883244946172e-01 -1.562476607301665488e-01 1.522493551230672981e+00 1.433609710600880494e+00
1.583560843413476944e+09 -4.810966341776240496e-01 3.455880415132433492e-01 8.056766934220359611e-01 2.662859936838319341e-01 -8.179941037334168552e-01 5.098798052837854033e-01 8.352471480415715188e-01 4.598418770575099512e-01 3.015089550326051082e-01 -1.607065185184000378e-01 1.517963738762354131e+00 1.429159086211838847e+00
1.583560843413486004e+09 -4.728592610254714890e-01 3.667149308015038023e-01 8.012017716949685342e-01 2.591796573876218868e-01 -8.111697237403703298e-01 5.242419140954479584e-01 8.421579570485938637e-01 4.555478447884421245e-01 2.885240659989222745e-01 -1.652446777972368108e-01 1.513244948569965054e+00 1.424994137147780116e+00
1.583560843413495064e+09 -4.642785361357187890e-01 3.876384167970742256e-01 7.963553847901042593e-01 2.520373244408269375e-01 -8.041388456879934310e-01 5.383659572775230107e-01 8.490716272107605711e-01 4.506630390409765985e-01 2.756450566947076242e-01 -1.698688790132559245e-01 1.508344663756612025e+00 1.421145417479119821e+00
1.583560843413503885e+09 -4.554405845451104384e-01 4.083563044677789855e-01 7.910872282675849299e-01 2.449898366868216992e-01 -7.967999046847886735e-01 5.523494290985815347e-01 8.558935997142734786e-01 4.453706777243304771e-01 2.628518700023256827e-01 -1.745840424325558748e-01 1.503274112433361509e+00 1.417643216109417903e+00
1.583560843413512945e+09 -4.464039411948941827e-01 4.288624713374341035e-01 7.853664763290303386e-01 2.381764087567898314e-01 -7.890630342934753516e-01 5.662610053979922897e-01 8.625517490332805792e-01 4.398369114487645226e-01 2.500959250748524543e-01 -1.793928971730393285e-01 1.498048251684185983e+00 1.414516881715609076e+00
1.583560843413522005e+09 -4.372023829636883518e-01 4.491435804602418314e-01 7.791816993742153308e-01 2.317376546931428638e-01 -7.808567902893521762e-01 5.801382011791544890e-01 8.689946696566310802e-01 4.342035436005692861e-01 2.373089695002639776e-01 -1.842956773157738981e-01 1.492685612020471231e+00 1.411794104835933927e+00
1.583560843413531065e+09 -4.278490936862460736e-01 4.691780317816575119e-01 7.725394020390229377e-01 2.258077337024331221e-01 -7.721326597488191723e-01 5.939882348670197931e-01 8.751891341852179318e-01 4.285826995222664637e-01 2.244122306081855478e-01 -1.892899081873094247e-01 1.487207996419254386e+00 1.409500187541171679e+00
1.583560843413538933e+09 -4.183416125286797405e-01 4.889369219985472137e-01 7.654612868793259084e-01 2.205067844377038566e-01 -7.628669843346035373e-01 6.077916766789622782e-01 8.811169351499407165e-01 4.230539570884194744e-01 2.113250958973188487e-01 -1.943703018311788433e-01 1.481640036544820349e+00 1.407657337984347556e+00
1.583560843413547993e+09 -4.086669728078377029e-01 5.083864611271327050e-01 7.579805483362824781e-01 2.159347672278189856e-01 -7.530603054542820418e-01 6.215081275916056747e-01 8.867713807982227081e-01 4.176641983501288569e-01 1.979725632151181913e-01 -1.995287743282185278e-01 1.476008618893106750e+00 1.406284032497770564e+00
1.583560843413557053e+09 -3.988064811184805492e-01 5.274911043235405161e-01 7.501376711343656911e-01 2.121675460513106071e-01 -7.427345253113029067e-01 6.350829531047192944e-01 8.921537553499901962e-01 4.124300666346985000e-01 1.842908492649984742e-01 -2.047545886431256512e-01 1.470342205088615239e+00 1.405394487347764176e+00
1.583560843413566113e+09 -3.887397130312171822e-01 5.462166538092253498e-01 7.419762818253174963e-01 2.092555564196008910e-01 -7.319285846740702928e-01 6.484540531568817601e-01 8.972700528740903403e-01 4.073425022449415067e-01 1.702308381356427425e-01 -2.100346163200951799e-01 1.464670080771302008e+00 1.404998274409610781e+00
1.583560843413574934e+09 -3.784474702257067946e-01 5.645327273585122319e-01 7.335395777995797895e-01 2.072250172594358453e-01 -7.206934633986339378e-01 6.615578009874580889e-01 9.021282085526244332e-01 4.023726278649331078e-01 1.557593138496284890e-01 -2.153537017898627948e-01 1.459021573706509090e+00 1.405100102396175332e+00
1.583560843413583994e+09 -3.679136461392069068e-01 5.824142871259425647e-01 7.248676757268169846e-01 2.060810319642396027e-01 -7.090873251873365257e-01 6.743335773445330306e-01 9.067359910215572194e-01 3.974780038092203260e-01 1.408583659077388417e-01 -2.206951059646425628e-01 1.453425283077812047e+00 1.405699772202837039e+00
1.583560843413593054e+09 -3.571261082318612501e-01 5.998421877056133722e-01 7.159960145455921410e-01 2.058118201654089430e-01 -6.971713805392059093e-01 6.867267002587796876e-01 9.110995761517984848e-01 3.926084768699718008e-01 1.255234894275186475e-01 -2.260410015383339799e-01 1.447908359334487471e+00 1.406792303284071899e+00
1.583560843413602114e+09 -3.460768225491269723e-01 6.168029272405768371e-01 7.069547241650053770e-01 2.063932480126249858e-01 -6.850067798854911905e-01 6.986898730458040996e-01 9.152227380444225568e-01 3.877110529319105492e-01 1.097610102591344838e-01 -2.313729907058018620e-01 1.442495868723208785e+00 1.408368218300973140e+00
1.583560843413610935e+09 -3.347614561564807301e-01 6.332878543379001357e-01 6.977687734468736025e-01 2.077931058735074110e-01 -6.726525820094932939e-01 7.101834474827302124e-01 9.191065187384991342e-01 3.827335856361447908e-01 9.358530766473481532e-02 -2.366726165920673974e-01 1.437210269209339364e+00 1.410413963760700273e+00
1.583560843413619995e+09 -3.231786962535613261e-01 6.492921110070515311e-01 6.884586298749679756e-01 2.099747192651043870e-01 -6.601646780283813021e-01 7.211748852839210411e-01 9.227492333896715193e-01 3.776272667328700039e-01 7.701623121681300255e-02 -2.419218425069176170e-01 1.432071015569276407e+00 1.412912437406953048e+00
1.583560843413629055e+09 -3.113294967771190747e-01 6.648135529340225558e-01 6.790411507774846145e-01 2.128996764317299673e-01 -6.475954406559312204e-01 7.316378018035750719e-01 9.261466797301645126e-01 3.723480699451917619e-01 6.007697233623577465e-02 -2.471034776718836756e-01 1.427094302007046567e+00 1.415843589122807611e+00
1.583560843413638115e+09 -2.992164180757800884e-01 6.798518185684666593e-01 6.695304624290906448e-01 2.165296334900261299e-01 -6.349938243790996806e-01 7.415509158730320127e-01 9.292924475844753784e-01 3.668573945105807477e-01 4.279251251760587960e-02 -2.522015338552995312e-01 1.422292941239035269e+00 1.419185060231808793e+00
1.583560843413646936e+09 -2.868431692278348710e-01 6.944076411492411394e-01 6.599386519657276517e-01 2.208272945639150331e-01 -6.224056541662926767e-01 7.508971351979335518e-01 9.321782567756820015e-01 3.611221811179372021e-01 2.518864965576260787e-02 -2.572015032595583728e-01 1.417676371514447364e+00 1.422912829160006165e+00
1.583560843413655996e+09 -2.742143761468581187e-01 7.084824079898078830e-01 6.502762133592279170e-01 2.257567933344918065e-01 -6.098739127962794493e-01 7.596628730989399836e-01 9.347942802240245541e-01 3.551147535401983912e-01 7.291477952950400215e-03 -2.620905539683808239e-01 1.413250776487571025e+00 1.427001834304715056e+00
1.583560843413664103e+09 -2.613355542858396552e-01 7.220779326188777603e-01 6.405522519423560990e-01 2.312836972985487793e-01 -5.974389149283182432e-01 7.678376093317125228e-01 9.371294358791609769e-01 3.488125603799859253e-01 -1.087282402002391971e-02 -2.668576440237856451e-01 1.409019299290459992e+00 1.431426551740205166e+00
1.583560843413672924e+09 -2.482132334403630292e-01 7.351963858638971283e-01 6.307744962624971530e-01 2.373748244858389922e-01 -5.851383265732639227e-01 7.754136518571297376e-01 9.391716475734520619e-01 3.421979151232084071e-01 -2.927803701929746968e-02 -2.714935585216536329e-01 1.404982330848406402e+00 1.436161512544400720e+00
1.583560843413681984e+09 -2.348551812726590859e-01 7.478403393807154798e-01 6.209491692576665223e-01 2.439979954493965986e-01 -5.730070290124390509e-01 7.823860446928143642e-01 9.409080838241847822e-01 3.352577689277383977e-01 -4.789787406662715519e-02 -2.759908772281883249e-01 1.401137851265822354e+00 1.441181748837920384e+00
1.583560843413690090e+09 -2.212706337605805651e-01 7.600128523385565327e-01 6.110808220627333975e-01 2.511218433095857572e-01 -5.610768929300150587e-01 7.887525214183779276e-01 9.423253825546450413e-01 3.279835127432811359e-01 -6.670598874183973626e-02 -2.803438835902582471e-01 1.397481801865791740e+00 1.446463160547766247e+00
1.583560843413698912e+09 -2.074704922779823935e-01 7.717175745642095297e-01 6.011721717778767404e-01 2.587156997185981466e-01 -5.493765103634608016e-01 7.945134590370604988e-01 9.434098694156677345e-01 3.203707775419015746e-01 -8.567603724797734355e-02 -2.845484276989657113e-01 1.394008466940216628e+00 1.451982800444166832e+00
1.583560843413707972e+09 -1.934675045941517957e-01 7.829588822781107238e-01 5.912239114797263051e-01 2.667495052414700640e-01 -5.379308784491378947e-01 7.996718523715976579e-01 9.441477777744246014e-01 3.124192036476914347e-01 -1.047817497848017310e-01 -2.886017562841459161e-01 1.390710847004223094e+00 1.457719079847409338e+00
1.583560843413717031e+09 -1.792763546597176960e-01 7.937419903131751608e-01 5.812345840115384910e-01 2.751937994424209499e-01 -5.267611271667201889e-01 8.042332296451966123e-01 9.445254689864877040e-01 3.041321552494064551e-01 -1.239970594466367482e-01 -2.925023230991001810e-01 1.387581008057223064e+00 1.463651900251073057e+00
1.583560843413726091e+09 -1.649136294926833723e-01 8.040730123831213438e-01 5.712005652501986885e-01 2.840197887093782736e-01 -5.158843578474587854e-01 8.082054744684965542e-01 9.445296472761861573e-01 2.955163620243380640e-01 -1.432962852429537082e-01 -2.962495916459594314e-01 1.384610395695121898e+00 1.469762719499457360e+00
1.583560843413733959e+09 -1.503977002892552539e-01 8.139589886143375752e-01 5.611161170195450021e-01 2.931994309958985134e-01 -5.053135813745984750e-01 8.115985942281509491e-01 9.441475655663342792e-01 2.865814883634252852e-01 -1.626543117620140588e-01 -2.998438398239464120e-01 1.381790107547138602e+00 1.476034563411118716e+00
1.583560843413743019e+09 -1.357485488128989670e-01 8.234078934504929226e-01 5.509734772891319299e-01 3.027055013174960729e-01 -4.950577379265874711e-01 8.144244689363072665e-01 9.433672196549475197e-01 2.773396424319554132e-01 -1.820467296833847282e-01 -3.032859736065664502e-01 1.379111121415098395e+00 1.482451994328703337e+00
1.583560843413752079e+09 -1.209875625542356364e-01 8.324286313541918725e-01 5.407629643258086150e-01 3.125116200184041571e-01 -4.851217791103078492e-01 8.166966063339401449e-01 9.421775295619843060e-01 2.678048417746897725e-01 -2.014499185473051512e-01 -3.065773549609823179e-01 1.376564479160691690e+00 1.489001047181073289e+00
1.583560843413760900e+09 -1.061373130564447764e-01 8.410310216361367441e-01 5.304730828235286744e-01 3.225922395398476694e-01 -4.755067984293325778e-01 8.184299185924255315e-01 9.405685078266774468e-01 2.579924522886111182e-01 -2.208410668761868756e-01 -3.097196468700393890e-01 1.374141428971009216e+00 1.495669142905636795e+00
1.583560843413770914e+09 -9.122132181827528885e-02 8.492257668963830719e-01 5.200906338922485217e-01 3.329225960242843119e-01 -4.662102066943445977e-01 8.196405237916926101e-01 9.385314143118530517e-01 2.479186159999286210e-01 -2.401981356353105057e-01 -3.127146772827059107e-01 1.371833529569339349e+00 1.502444987091747342e+00
1.583560843413779020e+09 -7.626381927644022840e-02 8.570244016401331599e-01 5.096008291204072727e-01 3.434786311684101534e-01 -4.572259466300371833e-01 8.203455757606024079e-01 9.360588976910402259e-01 2.375996819630559753e-01 -2.594997714000839006e-01 -3.155643237552619440e-01 1.369632719978503221e+00 1.509318459531632683e+00
1.583560843413788080e+09 -6.128943896406380265e-02 8.644391619590944265e-01 4.989875149945067201e-01 3.542369462876289732e-01 -4.485448452047264833e-01 8.205630431210853004e-01 9.331451069909953988e-01 2.270516620952608977e-01 -2.787252270799137621e-01 -3.182704196501611182e-01 1.367531359137604374e+00 1.516280499382100633e+00
1.583560843413796902e+09 -4.632281184399193036e-02 8.714827303748583498e-01 4.882335997642032188e-01 3.651748368354651997e-01 -4.401551918771108296e-01 8.203113711371236016e-01 9.297857472495379971e-01 2.162897544305417141e-01 -2.978543377427973482e-01 -3.208346809028801982e-01 1.365522240768667794e+00 1.523322990337932170e+00
1.583560843413805962e+09 -3.138816047798499709e-02 8.781679339249350846e-01 4.773215513522129916e-01 3.762703405892690589e-01 -4.320434081579394014e-01 8.196091289579199302e-01 9.259780852246377592e-01 2.053279655672061166e-01 -3.168674997723053277e-01 -3.232586508541233083e-01 1.363598589278457895e+00 1.530438649539666907e+00
1.583560843413815022e+09 -1.650882150834345752e-02 8.845073204440984105e-01 4.662341247384954590e-01 3.875023981015900953e-01 -4.241949533908740966e-01 8.184745157879281807e-01 9.217208636120973742e-01 1.941788911035702281e-01 -3.357457490485373786e-01 -3.255436609902516709e-01 1.361754041449943609e+00 1.537620922386171429e+00
1.583560843413822889e+09 -1.706694419450122124e-03 8.905125958513550044e-01 4.549553868256799860e-01 3.988511788186044349e-01 -4.165955221430502342e-01 8.169246648843585534e-01 9.170140808555181655e-01 1.828537331122866705e-01 -3.544709973634179168e-01 -3.276908063270012050e-01 1.359982617525253623e+00 1.544863884172443136e+00
1.583560843413831949e+09 1.299830020708764647e-02 8.961939926125804812e-01 4.434719517334918537e-01 4.102985526591366727e-01 -4.092324310909278284e-01 8.149747941134616314e-01 9.118586195314667409e-01 1.713626129063880454e-01 -3.730264240724373015e-01 -3.297009335292176435e-01 1.358278685171663058e+00 1.552162149337585229e+00
1.583560843413841009e+09 2.758861964147109325e-02 9.015597066539655646e-01 4.317742043959525988e-01 4.218286173043295784e-01 -4.020959574840010653e-01 8.126373475352917097e-01 9.062557507810928836e-01 1.597151729407208509e-01 -3.913969569132084714e-01 -3.315746383562885313e-01 1.356636919965655830e+00 1.559510789244719531e+00
1.583560843413850069e+09 4.204926463692090777e-02 9.066155128616796288e-01 4.198573226222352406e-01 4.334281982514171516e-01 -3.951804252098212733e-01 8.099212483337918655e-01 9.002065632045260779e-01 1.479214099608698041e-01 -4.095697745328511497e-01 -3.333122693914740697e-01 1.355052265047295146e+00 1.566905258693610747e+00
1.583560843413858891e+09 5.636771378752858386e-02 9.113645709821907026e-01 4.077220864489422003e-01 4.450873190856002304e-01 -3.884850128803137848e-01 8.068312544563628341e-01 8.937113400657228368e-01 1.359926971638251991e-01 -4.275348256320701257e-01 -3.349139357363521974e-01 1.353519891627363192e+00 1.574341330766742653e+00
1.583560843413867950e+09 7.053365754440160673e-02 9.158073872174304908e-01 3.953755592457079415e-01 4.567996778597530616e-01 -3.820143513875684516e-01 8.033673441534786575e-01 8.867688862319943466e-01 1.239429909624977094e-01 -4.452853889073219995e-01 -3.363795187308533663e-01 1.352035160697280247e+00 1.581815038802694806e+00
1.583560843413876057e+09 8.453849931050519406e-02 9.199419668990523880e-01 3.828315815730128358e-01 4.685630662835472693e-01 -3.757788400630681647e-01 7.995241811770721352e-01 8.793758554655282111e-01 1.117901652931891782e-01 -4.628186080314819484e-01 -3.377086873134724221e-01 1.350593586443031180e+00 1.589322624686556606e+00
1.583560843413885117e+09 9.837460009667631233e-02 9.237641937630602929e-01 3.701110003155352324e-01 4.803796369815773182e-01 -3.697945952556198623e-01 7.952907403611793047e-01 8.715261571253102302e-01 9.955737943119069566e-02 -4.801359034891992672e-01 -3.389009163306024308e-01 1.349190801868889400e+00 1.596860492864250247e+00
1.583560843413893938e+09 1.120342630097584391e-01 9.272684755333198137e-01 3.572415126653636919e-01 4.922558782567223457e-01 -3.640829131992296408e-01 7.906502277550532254e-01 8.632105620042919147e-01 8.727431900218186878e-02 -4.972431186644483692e-01 -3.399555079126789781e-01 1.347822526795792841e+00 1.604425169405538032e+00
1.583560843413902998e+09 1.255085727056141909e-01 9.304485197360257143e-01 3.442573898638950358e-01 5.042023978840021181e-01 -3.586694826233901012e-01 7.855801322677047338e-01 8.544164911010536656e-01 7.497836031225159348e-02 -5.141504696017072940e-01 -3.408716163613009775e-01 1.346484538351810034e+00 1.612013265575791499e+00
1.583560843413912058e+09 1.387861252190014938e-01 9.332982374812838211e-01 3.311990512342820048e-01 5.162334398157453208e-01 -3.535833114459221438e-01 7.800524838073343847e-01 8.451280655501142158e-01 6.271556378773353313e-02 -5.308722172524341643e-01 -3.416482773563496167e-01 1.345172644088826086e+00 1.619621445541876481e+00
1.583560843413923979e+09 1.518517188573042798e-01 9.358127637847649671e-01 3.181124436344256456e-01 5.283660590539115409e-01 -3.488553309704224836e-01 7.740344086049456562e-01 8.353265009775593386e-01 5.054136277823586404e-02 -5.474259836592646478e-01 -3.422844423763815036e-01 1.343882657998399122e+00 1.627246398079994272e+00
1.583560843413933039e+09 1.646851228789673327e-01 9.379895697002773591e-01 3.050481562201150521e-01 5.406188894919097265e-01 -3.445166444054905130e-01 7.674890866085116725e-01 8.249909252470734033e-01 3.852076092138732866e-02 -5.638316454494392005e-01 -3.427790187045525738e-01 1.342610379932874132e+00 1.634884812446490754e+00
1.583560843413942099e+09 1.772600887425741234e-01 9.398295805165010064e-01 2.920603031954468465e-01 5.530105552188787632e-01 -3.405965035338071045e-01 7.603771088138472356e-01 8.140996172866242775e-01 2.672791664189148181e-02 -5.801098445794234948e-01 -3.431309145897373236e-01 1.341351579091469848e+00 1.642533358777809260e+00
1.583560843413950920e+09 1.895437826309615548e-01 9.413382195010296938e-01 2.792051416970002253e-01 5.655577876960574679e-01 -3.371200797185476272e-01 7.526582495648033166e-01 8.026316361510851261e-01 1.524495060120481700e-02 -5.962801760102426352e-01 -3.433390885814618931e-01 1.340101982210159637e+00 1.650188673433524489e+00
1.583560843413959980e+09 2.014967830462451037e-01 9.425262244337783146e-01 2.665396084151197553e-01 5.782735142997249556e-01 -3.341062859436444987e-01 7.442934450627936016e-01 7.905686492564749646e-01 4.160061236371493179e-03 -6.123592939406644620e-01 -3.434026010804018259e-01 1.338857266988682904e+00 1.657847349652982638e+00
1.583560843413969040e+09 2.130737163545679547e-01 9.434101481579747484e-01 2.541198219912516598e-01 5.911651128703855340e-01 -3.315658052737066597e-01 7.352468470583162219e-01 7.778967803166064732e-01 -6.435004889931750065e-03 -6.283591250688816965e-01 -3.433206656385824895e-01 1.337613060992708602e+00 1.665505933678605999e+00
1.583560843413978100e+09 2.242244902794120476e-01 9.440124552699119542e-01 2.419997157677554467e-01 6.042330950238691267e-01 -3.294995476274392154e-01 7.254877083743328514e-01 7.646082297080559753e-01 -1.644787436020855517e-02 -6.442854357068381610e-01 -3.430926972077479875e-01 1.336364945886054700e+00 1.673160926188704378e+00
1.583560843413985968e+09 2.348959816391337496e-01 9.443611952559406442e-01 2.302299087478057449e-01 6.174703840467996585e-01 -3.278976704558971833e-01 7.149919178184785951e-01 7.507024728430150562e-01 -2.578857822563721675e-02 -6.601369150961710064e-01 -3.427183540902709047e-01 1.335108466394526738e+00 1.680808788489527972e+00
1.583560843413995028e+09 2.450339847279742744e-01 9.444892956573343046e-01 2.188568410959712829e-01 6.308622228154350253e-01 -3.267391992806495393e-01 7.037431004911243182e-01 7.361869343092299900e-01 -3.437246288512046943e-02 -6.759048244537061434e-01 -3.421975714486818476e-01 1.333839142983792803e+00 1.688445952542617645e+00
1.583560843414004087e+09 2.545851920495335041e-01 9.444335514608888094e-01 2.079222139203470987e-01 6.443866814486155503e-01 -3.259922429947733624e-01 6.917332305809295034e-01 7.210771004911979976e-01 -4.212273192598380012e-02 -6.915731998671617031e-01 -3.415305846142625557e-01 1.332552486943597181e+00 1.696068833628638473e+00
1.583560843414012909e+09 2.634989044430968153e-01 9.442334103349409036e-01 1.974628935825636922e-01 6.580157317718663412e-01 -3.256147842078466748e-01 6.789626713281555759e-01 7.053960761069931751e-01 -4.897222963322965528e-02 -7.071195773769908266e-01 -3.407179415224166896e-01 1.331244016437118871e+00 1.703673844305402474e+00
1.583560843414021015e+09 2.717283663401108829e-01 9.439297017603492934e-01 1.875111016399202968e-01 6.717166178107635277e-01 -3.255558300420381967e-01 6.654398446843715620e-01 6.891737664545429798e-01 -5.486455889713853784e-02 -7.225160205698475391e-01 -3.397605051989098235e-01 1.329909272230451966e+00 1.711257408430801208e+00
1.583560843414030075e+09 2.792316903820623586e-01 9.435634137217574491e-01 1.780947712584051157e-01 6.854533179083048822e-01 -3.257567628787635394e-01 6.511806818528156349e-01 6.724458432751180270e-01 -5.975463067564251024e-02 -7.377302841466113481e-01 -3.386594482353749713e-01 1.328543832166417804e+00 1.718815974316571626e+00
1.583560843414038897e+09 2.859723360155609906e-01 9.431745884184283835e-01 1.692380541515274561e-01 6.991879817449500045e-01 -3.261527785847709859e-01 6.362079308024298774e-01 6.552526148725226207e-01 -6.360865464544214476e-02 -7.527270089010525966e-01 -3.374162414959712697e-01 1.327143323829537813e+00 1.726346026418417834e+00
