1.583560842762398958e+09 7.307490683956546773e-01 3.742665291292163743e-01 5.709031128387742626e-01 2.525353003005436636e-01 -9.251898038083848919e-01 2.832838665315640103e-01 6.342174084380479693e-01 -6.283623250515414649e-02 -7.705970975492111297e-01 2.996266099665355065e-01 1.644110082856092170e+00 1.639472661225779282e+00
1.583560842762450933e+09 7.195508430173207515e-01 3.670274225237740717e-01 5.895230745829751484e-01 2.481484274776886711e-01 -9.287644467359070788e-01 2.753524294894816871e-01 6.485899646762324222e-01 -5.184084883519646247e-02 -7.593705183547945214e-01 2.926641983671616210e-01 1.642084452442928333e+00 1.643681149000332020e+00
1.583560842762474060e+09 7.077297015879226993e-01 3.600114857979087590e-01 6.078736707762457669e-01 2.441614271713934969e-01 -9.320438262709406230e-01 2.677302810626566165e-01 6.629508782700362923e-01 -4.106136891445120313e-02 -7.475360172051740415e-01 2.856085581117553396e-01 1.640025907716583298e+00 1.647714764921097252e+00
1.583560842762490988e+09 6.952851294551952721e-01 3.532398615621914484e-01 6.259394451583301100e-01 2.405469019230430383e-01 -9.350342460076207507e-01 2.604767682042496424e-01 6.772855946827956997e-01 -3.053782916568219957e-02 -7.350861611159515974e-01 2.784558506527599064e-01 1.637938869664695485e+00 1.651558301232834536e+00
1.583560842762509108e+09 6.822228375176077053e-01 3.467252529411718465e-01 6.437030363388338561e-01 2.372682995192501587e-01 -9.377468095390220082e-01 2.536428103627659247e-01 6.915748361893915286e-01 -2.031059296447645587e-02 -7.220192004431004174e-01 2.712038113906354297e-01 1.635828553090689086e+00 1.655197561281738006e+00
1.583560842762526989e+09 6.685550016972849896e-01 3.404710826474643404e-01 6.611457113561737264e-01 2.342812457328200537e-01 -9.401972689984522402e-01 2.472678573376196620e-01 7.057949473112188343e-01 -1.041812190720129913e-02 -7.083395761494665210e-01 2.638517849014508365e-01 1.633700749765464089e+00 1.658619531871401653e+00
1.583560842762545109e+09 6.543001825514469516e-01 3.344709195658625012e-01 6.782480926228647844e-01 2.315355296041378408e-01 -9.424056471534120183e-01 2.413770800047086995e-01 7.199184465626319307e-01 -8.945361776868685031e-04 -6.940580884676031959e-01 2.564007096918825002e-01 1.631561603400859317e+00 1.661812532694348032e+00
1.583560842762562037e+09 6.394828907319660694e-01 3.287082482226948987e-01 6.949910215903407629e-01 2.289777209040504968e-01 -9.443956303711799061e-01 2.359790174427880693e-01 7.339147333707771725e-01 8.232915948463077546e-03 -6.791917132225480103e-01 2.488530548312466728e-01 1.629417385505328886e+00 1.664766336838529037e+00
1.583560842762579918e+09 6.241327860904115621e-01 3.231566691753232634e-01 7.113564736369206720e-01 2.265543440377361939e-01 -9.461937377045416264e-01 2.310639304055134569e-01 7.477508907404570859e-01 1.694632461405150281e-02 -6.637630808984001929e-01 2.412127136731696542e-01 1.627274280873772128e+00 1.667472258627031856e+00
1.583560842762598038e+09 6.082835637849343113e-01 3.177805524316301145e-01 7.273284173098272243e-01 2.242154628557893603e-01 -9.478283041708124301e-01 2.266030274239903275e-01 7.613924955852382492e-01 2.523938065167368253e-02 -6.477996923645890082e-01 2.334848623308540261e-01 1.625138190399123994e+00 1.669923208302819040e+00
1.583560842762615919e+09 5.919760117723786852e-01 3.125375377538947563e-01 7.428894191478780940e-01 2.219190952573567577e-01 -9.493279387592956642e-01 2.225497244659154772e-01 7.748008239118173712e-01 3.311724946544759851e-02 -6.313374146605486015e-01 2.256757915159661176e-01 1.623014557246662326e+00 1.672113714737446299e+00
1.583560842762633085e+09 5.752733650096578666e-01 3.073057005015992216e-01 7.580394198527914407e-01 2.196565180915498183e-01 -9.507409855752786410e-01 2.187294959897183866e-01 7.879159661148653626e-01 4.067904635835379451e-02 -6.144376661838909515e-01 2.177806069876004058e-01 1.620910334371579165e+00 1.673992019971764611e+00
1.583560842762650013e+09 5.581990522624662443e-01 3.020591912227256204e-01 7.727703819067003321e-01 2.174140224648773434e-01 -9.520829340653441664e-01 2.151028347229277937e-01 8.007152808442220548e-01 4.794091869293298086e-02 -5.971236952544167753e-01 2.098119017663333807e-01 1.618828415922301200e+00 1.675558888142759884e+00
1.583560842762666941e+09 5.407758892512224413e-01 2.967721444449016865e-01 7.870754296680808615e-01 2.151846381002106012e-01 -9.533675385329641871e-01 2.116268130600427178e-01 8.131771081498194720e-01 5.492386347089767140e-02 -5.794189849317853414e-01 2.017819984550466295e-01 1.616771462879437182e+00 1.676815598208349467e+00
1.583560842762682915e+09 5.230256795251728708e-01 2.914196558262859282e-01 8.009486393373737023e-01 2.129682618771419067e-01 -9.546064692880819047e-01 2.082570724730449241e-01 8.252809570558935492e-01 6.165284272852182557e-02 -5.613468348545790354e-01 1.937029277026430796e-01 1.614741894873245043e+00 1.677763855918030345e+00
1.583560842762700081e+09 5.049689158235480813e-01 2.859787301599805986e-01 8.143847739546372644e-01 2.107713212778734579e-01 -9.558090700004931994e-01 2.049499252018482931e-01 8.370076727651678539e-01 6.815561330979134913e-02 -5.429299846236691485e-01 1.855864202386930117e-01 1.612741883215227823e+00 1.678405715056374259e+00
1.583560842762717009e+09 4.866246254480030009e-01 2.804290469076228254e-01 8.273790084714158777e-01 2.086060451262641280e-01 -9.569822569956015768e-01 2.016642698671605172e-01 8.483395499052984734e-01 7.446146298941366815e-02 -5.241903267829401969e-01 1.774439100175969897e-01 1.610773344314581967e+00 1.678743509511635423e+00
1.583560842762733936e+09 4.680103403155219111e-01 2.747535179780051795e-01 8.399266788342476531e-01 2.064894074660487411e-01 -9.581305530901752521e-01 1.983632220148341119e-01 8.592604064260067620e-01 8.059992318818806623e-02 -5.051486973431940086e-01 1.692865459682942608e-01 1.608837932693108819e+00 1.678779797534620366e+00
1.583560842762751102e+09 4.491421656334108059e-01 2.689386235590510155e-01 8.520230817937757273e-01 2.044418318000323087e-01 -9.592562423013172301e-01 1.950153815084216813e-01 8.697556280644900273e-01 8.659952879730510589e-02 -4.858247309051725304e-01 1.611252097833232311e-01 1.606937032794714781e+00 1.678517320011452485e+00
1.583560842762768030e+09 4.300349210033235225e-01 2.629745170972309642e-01 8.636633430777376219e-01 2.024857717688474112e-01 -9.603596262995267585e-01 1.915956690890449621e-01 8.798121839565975488e-01 9.248671015223935976e-02 -4.662367740789994386e-01 1.529705369726657993e-01 1.605071748940038789e+00 1.677958973621995309e+00
1.583560842762784958e+09 4.107023264736338608e-01 2.568549106479071087e-01 8.748423595175708334e-01 2.006442949119798536e-01 -9.614393557945576374e-01 1.880857040215759834e-01 8.894186112501887287e-01 9.828489216838308395e-02 -4.464018526284237454e-01 1.448329383919613467e-01 1.603242892991856738e+00 1.677107798870169475e+00
1.583560842762801886e+09 3.911572125980635195e-01 2.505767602849264808e-01 8.855548104655601716e-01 1.989398201282958079e-01 -9.624928038983466827e-01 1.844737120022569565e-01 8.985649576351079082e-01 1.040138917252579343e-01 -4.263356979367748378e-01 1.367226196759558365e-01 1.601450969643423594e+00 1.675966981515720544e+00
1.583560842762818098e+09 3.714117345322260899e-01 2.441398002929880129e-01 8.957952229531778165e-01 1.973931373534194844e-01 -9.635164424839702813e-01 1.807540162692931329e-01 9.072426758412739378e-01 1.096896667805760256e-01 -4.060528342848810923e-01 1.286495964168765660e-01 1.599696159503470883e+00 1.674539865532632010e+00
1.583560842762834072e+09 3.514775706368742925e-01 2.375460018103290605e-01 9.055580679692488699e-01 1.960227651503499702e-01 -9.645061853927293649e-01 1.769262385590346376e-01 9.154444783667949892e-01 1.153243919787518973e-01 -3.855667150303971336e-01 1.206237035459531148e-01 1.597978300527446160e+00 1.672829974494844718e+00
1.583560842762850046e+09 3.313660910182852359e-01 2.307990329155382159e-01 9.148378655420774663e-01 1.948446227044745294e-01 -9.654576750308609956e-01 1.729943661967844881e-01 9.231641711076057355e-01 1.209267718543336340e-01 -3.648898863067470688e-01 1.126545983463129869e-01 1.596296868736566621e+00 1.670841036927221079e+00
1.583560842762866020e+09 3.110884864299571229e-01 2.239037812449919951e-01 9.236292819394498199e-01 1.938719073598682008e-01 -9.663665084251132908e-01 1.689658395640194211e-01 9.303964946397199620e-01 1.265024432964982903e-01 -3.440341475769395641e-01 1.047517571234100192e-01 1.594650959110582411e+00 1.668577012787118452e+00
1.583560842762882948e+09 2.906558556723981002e-01 2.168659642703544277e-01 9.319272113236666266e-01 1.931150322799789487e-01 -9.672284174160297177e-01 1.648507593523824422e-01 9.371370006362408356e-01 1.320543149813334094e-01 -3.230106809846616800e-01 9.692446545588670470e-02 1.593039267294329875e+00 1.666042120710655272e+00
1.583560842762902975e+09 2.700792575939498508e-01 2.096918144125424210e-01 9.397268420594079297e-01 1.925815088204816672e-01 -9.680394262639463454e-01 1.606612326221485976e-01 9.433819783993597774e-01 1.375827466939473775e-01 -3.018301355734921976e-01 8.918180177651101326e-02 1.591460072739381282e+00 1.663240866187381428e+00
1.583560842762922049e+09 2.493697401029730254e-01 2.023878041533769823e-01 9.470237111878565539e-01 1.922757573060212555e-01 -9.687960020635939529e-01 1.564108038041638615e-01 9.491284243790459874e-01 1.430855797631963022e-01 -2.805026755602044730e-01 8.153261375760609275e-02 1.589911223917295446e+00 1.660178071193208371e+00
1.583560842762938976e+09 2.285383566631332963e-01 1.949603816179270865e-01 9.538137497615440941e-01 1.921988531482667073e-01 -9.694952073732209241e-01 1.521139169751345999e-01 9.543740464163907866e-01 1.485580442118360212e-01 -2.590380032420200873e-01 7.398548711431091052e-02 1.588390126437302152e+00 1.656858904869400462e+00
1.583560842762954950e+09 2.075961799576280797e-01 1.874156968648575117e-01 9.600933198063252849e-01 1.923482586364085589e-01 -9.701348540569690870e-01 1.477853590585905819e-01 9.591172887387846568e-01 1.539926022006495587e-01 -2.374453726790419494e-01 6.654870640735989495e-02 1.586893734978333192e+00 1.653288914881033023e+00
1.583560842762970924e+09 1.865543207983053065e-01 1.797593161080340562e-01 9.658592411759208129e-01 1.927176245630649321e-01 -9.707136461305959640e-01 1.434396542357989912e-01 9.633573597920194187e-01 1.593788113518644634e-01 -2.157336133370744147e-01 5.923020793812051876e-02 1.585418550136499238e+00 1.649474057998122412e+00
1.583560842762988091e+09 1.654239578044600645e-01 1.719959419103533060e-01 9.711088045382707534e-01 1.932967658220796081e-01 -9.712312893602149666e-01 1.390904126785539874e-01 9.670942428731176266e-01 1.647033046222874941e-01 -1.939111831355358195e-01 5.203752510749767163e-02 1.583960621310859240e+00 1.645420728448666159e+00
1.583560842763005972e+09 1.442163794179181779e-01 1.641291751596390125e-01 9.758397664934927995e-01 1.940718993901187628e-01 -9.716885420398234663e-01 1.347496758597430955e-01 9.703286731134408427e-01 1.699499666051839941e-01 -1.719862642238039196e-01 4.497772653003866139e-02 1.582515556697572157e+00 1.641135783232174017e+00
1.583560842763024092e+09 1.229430344991090662e-01 1.561613727696800069e-01 9.800503232099415651e-01 1.950262384318338649e-01 -9.720871756388674845e-01 1.304273333709278782e-01 9.730620620920160668e-01 1.751003958648780501e-01 -1.499669122908469654e-01 3.805734759365023839e-02 1.581078541492795253e+00 1.636626563135817225e+00
1.583560842763042927e+09 1.016155779834221340e-01 1.480936837079803725e-01 9.837390585200767035e-01 1.961410760095549655e-01 -9.724298010818435145e-01 1.261307269399975506e-01 9.752963409674457740e-01 1.801347907328438303e-01 -1.278612707585855823e-01 3.128231704464172480e-02 1.579644365364727632e+00 1.631900907298455383e+00
1.583560842763062000e+09 8.024588874176083464e-02 1.399263232927646095e-01 9.869048695243554103e-01 1.973973107349146494e-01 -9.727195514519406672e-01 1.218645803604589406e-01 9.770337246719484892e-01 1.850332356396776345e-01 -1.056778248225456046e-01 2.465788098128416858e-02 1.578207460020021768e+00 1.626967158918925627e+00
1.583560842763081074e+09 5.884603408532077667e-02 1.316591001273305639e-01 9.895468789942000187e-01 1.987772369992743260e-01 -9.729596469281536208e-01 1.176313542770333065e-01 9.782764202489652172e-01 1.897772558059577508e-01 -8.342564869681280693e-02 1.818852645131227921e-02 1.576761947336567271e+00 1.621834160940420988e+00
1.583560842763098955e+09 3.742815779859403474e-02 1.232921765749302317e-01 9.916643445744587337e-01 2.002664042686352897e-01 -9.731528831246434308e-01 1.134320651146644432e-01 9.790263022089737976e-01 1.943514992983123024e-01 -6.111460054990992818e-02 1.187790634716193172e-02 1.575301698276970530e+00 1.616511241648807440e+00
1.583560842763117075e+09 1.600427430380765154e-02 1.148270340905691717e-01 9.932565708552060224e-01 2.018553991394890779e-01 -9.733010823917379595e-01 1.092675654619463393e-01 9.792845659634411559e-01 1.987454534692217056e-01 -3.875543430232840370e-02 5.728768092387157354e-03 1.573820402506634464e+00 1.611008189335354057e+00
1.583560842763135910e+09 -5.414034291079323699e-03 1.062675974089924286e-01 9.943228278957929600e-01 2.035414053728517580e-01 -9.734045539673246150e-01 1.051402426437678950e-01 9.790513697572759133e-01 2.029550986647325195e-01 -1.635981048926669554e-02 -2.571111661461341485e-04 1.572311648242163074e+00 1.605335215399928517e+00
1.583560842763154984e+09 -2.681599856846365870e-02 9.762145146873331403e-02 9.948622791798797937e-01 2.053293917033132965e-01 -9.734616152826155444e-01 1.010560462455394187e-01 9.783254791814853801e-01 2.069843854054842502e-01 6.059792033154640101e-03 -6.078980172072795569e-03 1.570769011442181062e+00 1.599502905721794876e+00
1.583560842763175964e+09 -4.819207542220722146e-02 8.890108541313884727e-02 9.948739221529214749e-01 2.072328182892171078e-01 -9.734682188943084569e-01 9.702672742766960123e-02 9.771039263981441403e-01 2.108464460977988730e-01 2.849023134535971433e-02 -1.173715706623549605e-02 1.569186152963444325e+00 1.593522160243905805e+00
1.583560842763194084e+09 -6.953433421027518935e-02 8.012513361229463282e-02 9.943565454255415270e-01 2.092738438866278972e-01 -9.734177036562270402e-01 9.307218962840174692e-02 9.753816866864030155e-01 2.145645291957580247e-01 5.091785722754259280e-02 -1.723305721688690728e-02 1.567556921599973174e+00 1.587404120533415064e+00
1.583560842763214111e+09 -9.083673340260717266e-02 7.131958182007092084e-02 9.933087159664034660e-01 2.114830089802865187e-01 -9.733006842449505314e-01 8.922283883416394501e-02 9.731513884642265522e-01 2.181726273249319503e-01 7.332857501096401442e-02 -2.256920146276050754e-02 1.565875460081712189e+00 1.581160085383708225e+00
1.583560842763231993e+09 -1.120951948566735190e-01 6.251892405293436872e-02 9.917288195501726689e-01 2.138984025305245562e-01 -9.731050763718209762e-01 8.552183196678067589e-02 9.704030815993405223e-01 2.217157966654765833e-01 9.570770516709077580e-02 -2.774920128033610961e-02 1.564136310348155368e+00 1.574801415452404596e+00
1.583560842763252020e+09 -1.333073808252082104e-01 5.376727316866759115e-02 9.896151891794102706e-01 2.165643445591689253e-01 -9.728162381770978362e-01 8.202713827319435547e-02 9.671241011244816610e-01 2.252501877716056311e-01 1.180395104610065526e-01 -3.277771871862009828e-02 1.562334513992891027e+00 1.568339429266390139e+00
1.583560842763272047e+09 -1.544720795718874662e-01 4.511941817256653886e-02 9.869663696588535373e-01 2.195296005175916554e-01 -9.724172025100540351e-01 7.881331592934814889e-02 9.632990871074603723e-01 2.288427896664356476e-01 1.403062596339565982e-01 -3.766039996471533258e-02 1.560465703427536877e+00 1.561785293616192671e+00
1.583560842763290882e+09 -1.755881177846478347e-01 3.664181254141901656e-02 9.837815766559137032e-01 2.228451425503191752e-01 -9.718889658727670744e-01 7.597289296297253525e-02 9.589102436763280446e-01 2.325708829676388090e-01 1.624867042718025067e-01 -4.240378146696999889e-02 1.558526178606869150e+00 1.555149911291447529e+00
1.583560842763302088e+09 -1.966527470675696887e-01 2.841349527699838645e-02 9.800614115748020883e-01 2.265615080258213121e-01 -9.712107814999743072e-01 7.361726012252060858e-02 9.539379331197258560e-01 2.365212278003165913e-01 1.845538638228688688e-01 -4.701516809018756876e-02 1.556512963508233538e+00 1.548443809474489674e+00
1.583560842763314009e+09 -2.176594668111450914e-01 2.052684303615562311e-02 9.758088979526310380e-01 2.307257154664781040e-01 -9.703604290565707169e-01 7.187685268778691572e-02 9.483617457610340473e-01 2.407888835720747300e-01 2.064720630546697522e-01 -5.150248457906562299e-02 1.554423836556494409e+00 1.541677033099447369e+00
1.583560842763329029e+09 -2.385952935404682396e-01 1.308794951664211080e-02 9.710308911558164224e-01 2.353776823321097611e-01 -9.693144481265708601e-01 7.090026319921501063e-02 9.421622114335143072e-01 2.454754697445388212e-01 2.281932540573052004e-01 -5.587410372437831563e-02 1.552257329700368782e+00 1.534859048258421232e+00
1.583560842763339996e+09 -2.594375905781754477e-01 6.216471671771065313e-03 9.657398677573668655e-01 2.405462477225822904e-01 -9.680482939212784466e-01 7.085198198611093734e-02 9.353232806867314286e-01 2.506867689605590810e-01 2.496527680006353223e-01 -6.013865672998772172e-02 1.550012691838053236e+00 1.527998661116921397e+00
1.583560842763351917e+09 -2.801506717190687112e-01 4.478912485515827019e-05 9.599560402593237951e-01 2.462450016141517206e-01 -9.665363768200485595e-01 7.190849374233548863e-02 9.278356537708720708e-01 2.565295895086150413e-01 2.707647861059002681e-01 -6.430483266368303141e-02 1.547689813322174146e+00 1.521103957592338629e+00
1.583560842763362885e+09 -3.006824816013022317e-01 -5.283619478482085366e-03 9.537096668925825194e-01 2.524682401332843940e-01 -9.647519595417189953e-01 7.425257095271275976e-02 9.197009476319430998e-01 2.631078484989893274e-01 2.914179594328273892e-01 -6.838117536761659232e-02 1.545289109851599285e+00 1.514182268766014694e+00
1.583560842763375044e+09 -3.209616977707508423e-01 -9.616595174927357673e-03 9.470433515750111830e-01 2.591874557382974897e-01 -9.626669197942905321e-01 7.806576926126283789e-02 9.109365792660889527e-01 2.705178786096023025e-01 3.114717097978740856e-01 -7.237588741033515460e-02 1.542811366047536215e+00 1.507240166451927710e+00
1.583560842763391972e+09 -3.408956036969911785e-01 -1.279662987723294287e-02 9.400140603974603826e-01 2.663487270925974926e-01 -9.602514856580658398e-01 8.351909887146771738e-02 9.015811350339717478e-01 2.788428420670986396e-01 3.307538759797872818e-01 -7.629665147831531102e-02 1.540257541406686803e+00 1.500283492531931939e+00
1.583560842763410091e+09 -3.603690666277979959e-01 -1.466511280268200171e-02 9.326945214727948574e-01 2.738714519126957403e-01 -9.574741067479101142e-01 9.076212174247276498e-02 8.916998170561102333e-01 2.881462638852718694e-01 3.490604059012037963e-01 -8.015047931014684934e-02 1.537628543418481764e+00 1.493317424500194557e+00
1.583560842763425112e+09 -3.792449431904369450e-01 -1.506762179291825862e-02 9.251736269150020453e-01 2.816487889720901694e-01 -9.543017317066171401e-01 9.991078290644365978e-02 8.813893763983146057e-01 2.984646907979245922e-01 3.661578834545883288e-01 -8.394359774745832614e-02 1.534924975079509535e+00 1.486346578499940119e+00
1.583560842763446093e+09 -3.973662411805154449e-01 -1.386034554568518068e-02 9.175554268230853294e-01 2.895501563044396987e-01 -9.507008050801014631e-01 1.110346171821799538e-01 8.707817048186156095e-01 3.097997257260580728e-01 3.817896706173428689e-01 -8.768138038983730453e-02 1.532146866592746015e+00 1.479375149854649463e+00
1.583560842763458967e+09 -4.145603025831505195e-01 -1.091749511664455614e-02 9.099563527574364707e-01 2.974260443259309494e-01 -9.466392578281142001e-01 1.241445274828432838e-01 8.600450591517603272e-01 3.221101113879773492e-01 3.956862045448695242e-01 -9.136833156669307843e-02 1.529293403493886538e+00 1.472407089682316705e+00
1.583560842763472080e+09 -4.306451773422621532e-01 -6.139419997776694726e-03 9.025004370386831010e-01 3.051151304926930097e-01 -9.420896584717384226e-01 1.391827308027193955e-01 8.493818272536309832e-01 3.353049104069356079e-01 4.075795979745971409e-01 -9.500812653594278845e-02 1.526362665077601211e+00 1.465446314716876586e+00
1.583560842763483047e+09 -4.454381376281730809e-01 5.391989712308434268e-04 8.953125571061123500e-01 3.124533154078936170e-01 -9.370334355562660589e-01 1.560168784103452000e-01 8.390219254162996076e-01 3.492392445523248012e-01 4.172219539191351911e-01 -9.860370871442239449e-02 1.523351388348070712e+00 1.458496946079482770e+00
1.583560842763495922e+09 -4.587658960133778607e-01 9.142115067268162532e-03 8.885101431543765971e-01 3.192838240693796625e-01 -9.314657128140362286e-01 1.744404355307133669e-01 8.292114883640168133e-01 3.637142389383891117e-01 4.244057728818668163e-01 -1.021574415342756531e-01 1.520254774010185495e+00 1.451563571295876320e+00
1.583560842763505936e+09 -4.704756280118252976e-01 1.964651342512670901e-02 8.821942518845757863e-01 3.254670558214630138e-01 -9.253999170249146422e-01 1.941808156174602840e-01 8.201974634890440985e-01 3.784825069992553970e-01 4.289838142384291841e-01 -1.056713084299646249e-01 1.517066350518422313e+00 1.444651522520075781e+00
1.583560842763514996e+09 -4.804456383590112178e-01 3.198130633608839424e-02 8.764412043759187698e-01 3.308886818254499484e-01 -9.188710718025747681e-01 2.149154104592687631e-01 8.122097444094010799e-01 3.932596463849127311e-01 4.308853463608193768e-01 -1.091471506152567744e-01 1.513777910913156610e+00 1.437767162762770834e+00
1.583560842763525009e+09 -4.885944527717949182e-01 4.602937926763785159e-02 8.712960214909384327e-01 3.354647539453417537e-01 -9.119366775032998751e-01 2.362940860311704971e-01 8.054432690592747690e-01 4.077410851206573206e-01 4.301259675125324033e-01 -1.125869288184019185e-01 1.510379534771854493e+00 1.430918170959740277e+00
1.583560842763534069e+09 -4.948871746905413871e-01 6.163394749051870347e-02 8.667686778746802601e-01 3.391432172995702543e-01 -9.046743933424687967e-01 2.579653468952852191e-01 8.000428504638344984e-01 4.216224597618917214e-01 4.268090192848424391e-01 -1.159929922781217509e-01 1.506859703860319533e+00 1.424113816084721096e+00
1.583560842763545990e+09 -4.993382019335407263e-01 7.860852607139988402e-02 8.628337382252344590e-01 3.419020201306949835e-01 -8.971763827807048841e-01 2.796024799957116391e-01 7.960931910348494345e-01 4.346207977531240108e-01 4.211180279271398152e-01 -1.193683364267981856e-01 1.503205514883345861e+00 1.417365210450870050e+00
1.583560842763556004e+09 -5.020100238277943605e-01 9.674922801095489633e-02 8.594332568366046532e-01 3.437448095706639450e-01 -8.895409484485021778e-01 3.009259160245915110e-01 7.936154244729096696e-01 4.464935474835605156e-01 4.133014277631802957e-01 -1.227168304379382263e-01 1.499402987470265014e+00 1.410685532589410762e+00
1.583560842763565063e+09 -5.030084292741828778e-01 1.158476994679455280e-01 8.564822419105813101e-01 3.446956636752340208e-01 -8.818626884439025870e-01 3.217189739239115776e-01 7.925701354544270050e-01 4.570530705421367856e-01 4.036521660918100385e-01 -1.260433971846987578e-01 1.495437461193541040e+00 1.404090210138555284e+00
1.583560842763573885e+09 -5.024748905252425235e-01 1.357030187657514153e-01 8.538756790016794884e-01 3.447942930218698687e-01 -8.742226814982086980e-01 3.418356310601671222e-01 7.928656128139371928e-01 4.661752823639823684e-01 3.924853197597275578e-01 -1.293541305961134480e-01 1.491294071220208517e+00 1.397597053201418360e+00
1.583560842763582945e+09 -5.005770937009678123e-01 1.561312339764136803e-01 8.514961016587020426e-01 3.440927232824450011e-01 -8.666801226580884698e-01 3.612004468188040329e-01 7.943694172975150902e-01 4.738022823955263529e-01 3.801165954757181331e-01 -1.326563387592119281e-01 1.486958288210910695e+00 1.391226328741298035e+00
1.583560842763595104e+09 -4.974986602784307599e-01 1.769717159059947809e-01 8.492208752094628776e-01 3.426538922767264905e-01 -8.592664431731360519e-01 3.798019085692822538e-01 7.969211963678901611e-01 4.799397789768448663e-01 3.668438570183266689e-01 -1.359585052309773834e-01 1.482416504796302270e+00 1.385000766661411031e+00
1.583560842763605118e+09 -4.934289588464636500e-01 1.980900889463984571e-01 8.469286742896208198e-01 3.405520050962023149e-01 -8.519824521430602315e-01 3.976810695443353527e-01 8.003450471442580261e-01 4.846506143001978462e-01 3.529328373316245049e-01 -1.392701656135240940e-01 1.477656647160237924e+00 1.378945489293847304e+00
1.583560842763613939e+09 -4.885536085407968798e-01 2.193780159857640077e-01 8.445049779515733102e-01 3.378739785201631540e-01 -8.447986359536224787e-01 4.149173885709387943e-01 8.044604069265754998e-01 4.880456442123594085e-01 3.386072990201572930e-01 -1.426017014546155925e-01 1.472668787873078422e+00 1.373087857359853059e+00
1.583560842763622999e+09 -4.830461479163941640e-01 2.407504162251250801e-01 8.418465751974250066e-01 3.347210883114724589e-01 -8.376583951807501371e-01 4.316134914845294879e-01 8.090909788858944296e-01 4.902730362907784523e-01 3.240434197272654138e-01 -1.459640584775284411e-01 1.467445734910307831e+00 1.367457227181821278e+00
1.583560842763632059e+09 -4.770612356483525662e-01 2.621408962158850997e-01 8.388651429603397602e-01 3.312099258735337060e-01 -8.304837313582956737e-01 4.478802931149380995e-01 8.140715954609966110e-01 4.915067878727541473e-01 3.093679282592967095e-01 -1.493684003790002879e-01 1.461983573347982013e+00 1.362084614178058040e+00
1.583560842763642073e+09 -4.707296425540881124e-01 2.834962796350238845e-01 8.354899539522139262e-01 3.274719182757411806e-01 -8.231827193831916523e-01 4.638236230059570864e-01 8.192531638350186718e-01 4.919350261855402473e-01 2.946594367316247021e-01 -1.528257129984229579e-01 1.456282136254599902e+00 1.357002259632659857e+00
1.583560842763650894e+09 -4.641551894013469237e-01 3.047711292720075016e-01 8.316697175051744884e-01 3.236509232314774831e-01 -8.156579944349942046e-01 4.795332272266100149e-01 8.245059369921341474e-01 4.917485078007350352e-01 2.799524335263544605e-01 -1.563463767016945727e-01 1.450345381527923472e+00 1.352243100714619617e+00
1.583560842763659954e+09 -4.574136768349177928e-01 3.259230694015674001e-01 8.273734834869280741e-01 3.198987343652667237e-01 -8.078154292494594824e-01 4.950747741772795196e-01 8.297213556899716291e-01 4.911297029783702195e-01 2.652434482908638258e-01 -1.599397273723354440e-01 1.444181651913648112e+00 1.347840148136703053e+00
1.583560842763669014e+09 -4.505537617198500100e-01 3.469095262203245045e-01 8.225904743666524466e-01 3.163687628014662523e-01 -7.995721291764033012e-01 5.104852751808371947e-01 8.348126219791895952e-01 4.902429917017998573e-01 2.504988929483614735e-01 -1.636136285289649384e-01 1.437803796329883532e+00 1.343825782477288122e+00
1.583560842763678074e+09 -4.435995997212248687e-01 3.676862148824082133e-01 8.173287237175065334e-01 3.132086199509927504e-01 -7.908628890444250326e-01 5.257720524422846431e-01 8.397140915858299914e-01 4.892266736086601231e-01 2.356639690721612224e-01 -1.673740789765024162e-01 1.431229132067896703e+00 1.340230991040035180e+00
1.583560842763686895e+09 -4.365548793498097990e-01 3.882073669090848611e-01 8.116125169651215998e-01 3.105525699231332371e-01 -7.816444657305497978e-01 5.409149937981136969e-01 8.443796176615602223e-01 4.881874327800854729e-01 2.206719099708017162e-01 -1.712248804198452101e-01 1.424479233942201661e+00 1.337084576137276493e+00
1.583560842763695955e+09 -4.294077330211065746e-01 4.084273530205890235e-01 8.054787993655331269e-01 3.085149078190859151e-01 -7.718973259650973029e-01 5.558714508139320776e-01 8.487800366215719761e-01 4.871977170803502011e-01 2.054527536959107614e-01 -1.751673875294034177e-01 1.417579545834142030e+00 1.334412373879544811e+00
1.583560842763705015e+09 -4.221359387862803070e-01 4.283031026605017555e-01 7.989729041322272129e-01 3.071851944785381483e-01 -7.616249027023135332e-01 5.705828282427948261e-01 8.529000560267459008e-01 4.862961647931975384e-01 1.899408714149108668e-01 -1.792003589150727161e-01 1.410558821809896557e+00 1.332236529404081216e+00
1.583560842763714075e+09 -4.147118401760521711e-01 4.477966237630257584e-01 7.921440989272717781e-01 3.066259431794211010e-01 -7.508507667871825442e-01 5.849817578293385889e-01 8.567348601984506873e-01 4.854907927250192712e-01 1.740806410742690435e-01 -1.833199206950897053e-01 1.403448418218097071e+00 1.330574875196373519e+00
1.583560842763724089e+09 -4.071065189315542510e-01 4.668770170046191992e-01 7.850414851059606125e-01 3.068728648424986494e-01 -7.396144092082003185e-01 5.989988067798088789e-01 8.602867703032537339e-01 4.847642486255137606e-01 1.578299597433669432e-01 -1.875196454667475143e-01 1.396281471926532847e+00 1.329440452039090781e+00
1.583560842763732910e+09 -3.992929073693581299e-01 4.855215633444555645e-01 7.777107339834988808e-01 3.079374310530597070e-01 -7.279664223495148079e-01 6.125678954179386571e-01 8.635622228726873573e-01 4.840802614463300402e-01 1.411615663064518800e-01 -1.917907402573598707e-01 1.389092009572304276e+00 1.328841199546132446e+00
1.583560842763741970e+09 -3.912477536728196092e-01 5.037158093337879006e-01 7.701919103536801758e-01 3.098109768484296200e-01 -7.159638664143288533e-01 6.256300029745532898e-01 8.665693013036162018e-01 4.833902413999978664e-01 1.240625674982955284e-01 -1.961223292383115768e-01 1.381914036749336772e+00 1.328779829713467642e+00
1.583560842763751984e+09 -3.829525256798706478e-01 5.214527868449362336e-01 7.625184288055792958e-01 3.124695496198273137e-01 -7.036663623609502594e-01 6.381351197440575662e-01 8.693159055988702866e-01 4.826392458551124198e-01 1.065326932452171083e-01 -2.005018113111283751e-01 1.374780655219755010e+00 1.329253884489572046e+00
1.583560842763761044e+09 -3.743934850344068366e-01 5.387316756335525092e-01 7.547169669047648632e-01 3.158787115813292967e-01 -6.911331942939886730e-01 6.500427273059667943e-01 8.718085558335681995e-01 4.817707852101476007e-01 8.858189764416518619e-02 -2.049152691619472721e-01 1.367723251859322753e+00 1.330255967724920163e+00
1.583560842763770103e+09 -3.655611776844436278e-01 5.555562024589910664e-01 7.468080954170079888e-01 3.199978210654828015e-01 -6.784214513094506405e-01 6.613211995129102405e-01 8.740517261432935170e-01 4.807303198074344142e-01 7.022777043752849446e-02 -2.093479047618156119e-01 1.360770795831783175e+00 1.331774131097937186e+00
1.583560842763780117e+09 -3.564496059438361231e-01 5.719330531238812076e-01 7.388073235072535327e-01 3.247834721592094964e-01 -6.655850814270208859e-01 6.719465719852036889e-01 8.760475870208637161e-01 4.794674985830275071e-01 5.149313715741161285e-02 -2.137844768102701576e-01 1.353949270973973995e+00 1.333792385362472688e+00
1.583560842763788939e+09 -3.470553240245899396e-01 5.878704981588388501e-01 7.307262685587109230e-01 3.301919668531514418e-01 -6.526746275838773981e-01 6.819010892663002199e-01 8.777960282330957709e-01 4.779373473329072142e-01 3.240408831369030046e-02 -2.182097179645911267e-01 1.347281259704966372e+00 1.336291303057301150e+00
1.583560842763797998e+09 -3.373766511168797555e-01 6.033773434245638390e-01 7.225737172248565265e-01 3.361808548910215078e-01 -6.397373772406379500e-01 6.911718461965042914e-01 8.792948471220557449e-01 4.761006927926448862e-01 1.298854279045380186e-02 -2.226087134757156749e-01 1.340785683668110462e+00 1.339248675817953371e+00
1.583560842763808012e+09 -3.274131320261930989e-01 6.184622354874506067e-01 7.143564266903010829e-01 3.427096894086363865e-01 -6.268176722170528681e-01 6.997497228227416155e-01 8.805400103636542575e-01 4.739241175000711848e-01 -6.724663367756775201e-03 -2.269672274585913807e-01 1.334477696836205318e+00 1.342640191879006739e+00
1.583560842763817072e+09 -3.171652706564043189e-01 6.331332686938456744e-01 7.060796380462814881e-01 3.497402436097706291e-01 -6.139571994411446854e-01 7.076286591587690467e-01 8.815259231455793154e-01 4.713796998226068569e-01 -2.670628230095737146e-02 -2.312719678988529870e-01 1.328368718306514040e+00 1.346440101650096643e+00
1.583560842763825893e+09 -3.066345100465395213e-01 6.473978209343601575e-01 6.977473316316102903e-01 3.572364098190339288e-01 -6.011951590742343754e-01 7.148052379592541028e-01 8.822456714747701767e-01 4.684447056312706081e-01 -4.692689023277918370e-02 -2.355107860048460400e-01 1.322466586628818330e+00 1.350621846014116167e+00
1.583560842763834953e+09 -2.958233961059658634e-01 6.612625433219553317e-01 6.893622902485915249e-01 3.651639585670384824e-01 -5.885682743760711766e-01 7.212784966781531359e-01 8.826912267419371183e-01 4.651013172175681998e-01 -6.735698220787578183e-02 -2.396728090548065904e-01 1.316775814812974010e+00 1.355158629398193870e+00
1.583560842763844967e+09 -2.847358629369846073e-01 6.747334505738097343e-01 6.809260305902266053e-01 3.734902666123473547e-01 -5.761106452028060820e-01 7.270498918496011154e-01 8.828536170792348203e-01 4.613364230604567462e-01 -8.796701464043246710e-02 -2.437485090937949184e-01 1.311297922828655871e+00 1.360023924024697628e+00
1.583560842763854027e+09 -2.733775292715058258e-01 6.878160456025168568e-01 6.724387065020831500e-01 3.821841129096826828e-01 -5.638535127304493688e-01 7.321232956474231779e-01 8.827230768562916996e-01 4.571414482148019043e-01 -1.087274850545608545e-01 -2.477297132350878561e-01 1.306031822091763717e+00 1.365191894595097155e+00
1.583560842763870001e+09 -2.617559597697398655e-01 7.005154594432092541e-01 6.638990199624963395e-01 3.912155500866762448e-01 -5.518249824329128916e-01 7.365049776762998546e-01 8.822891878405988431e-01 4.525121876014278066e-01 -1.296090629107447267e-01 -2.516095637191768097e-01 1.300974227164839014e+00 1.370637738604838507e+00
1.583560842763881922e+09 -2.498809171102006621e-01 7.128366284839535716e-01 6.553041037998054152e-01 4.005558048225665857e-01 -5.400496976580764219e-01 7.402036012416033373e-01 8.815410226253331816e-01 4.474486174255145610e-01 -1.505827356954702601e-01 -2.553824373165210493e-01 1.296120072285528835e+00 1.376337942849269469e+00
1.583560842763891935e+09 -2.377645121937687622e-01 7.247844603894121329e-01 6.466494589964172368e-01 4.101772443871842810e-01 -5.285485563605583081e-01 7.432301472389143404e-01 8.804672992289630518e-01 4.419546465794929047e-01 -1.716200030652183794e-01 -2.590438347383086093e-01 1.291462912903053262e+00 1.382270459904278992e+00
1.583560842763906956e+09 -2.254212114260906452e-01 7.363639657925121762e-01 6.379289830557857144e-01 4.200533998833234639e-01 -5.173385374579160256e-01 7.455977326387450699e-01 8.790565503812042270e-01 4.360377823425737320e-01 -1.926931075532339888e-01 -2.625902504302997653e-01 1.286995297039070563e+00 1.388414812387125385e+00
1.583560842763920069e+09 -2.128677457774209858e-01 7.475803745364446584e-01 6.291350463268278181e-01 4.301589949049106076e-01 -5.064326249760545684e-01 7.473213736211031799e-01 8.772973053597856730e-01 4.297087153593160402e-01 -2.137752512559856766e-01 -2.660190318370083684e-01 1.282709096538237725e+00 1.394752135681197602e+00
1.583560842763931990e+09 -2.001229586651339654e-01 7.584392466012210843e-01 6.202585837625761434e-01 4.404699513373373509e-01 -4.958398117681143691e-01 7.484177329829359016e-01 8.751782809602373092e-01 4.229808392463681455e-01 -2.348407678891728523e-01 -2.693282355680157170e-01 1.278595792913390650e+00 1.401265170853710051e+00
1.583560842763943911e+09 -1.872076204251601761e-01 7.689465812594737937e-01 6.112891804417841524e-01 4.509633601394715252e-01 -4.855651639728548741e-01 7.489048800457935862e-01 8.726885783290392329e-01 4.158697233450003861e-01 -2.558652351450809159e-01 -2.725164864913918183e-01 1.274646715806594388e+00 1.407938218827163412e+00
1.583560842763953924e+09 -1.741442258579588565e-01 7.791089220472298127e-01 6.022151411977344493e-01 4.616174161916523633e-01 -4.756099326767563307e-01 7.488020786672715534e-01 8.698178830923759541e-01 4.083925557794456096e-01 -2.768255239920708877e-01 -2.755828438760714594e-01 1.270853235411533610e+00 1.414757066389876528e+00
1.583560842763966084e+09 -1.609567784940433843e-01 7.889334488597236072e-01 5.930235482914592016e-01 4.724113241152153586e-01 -4.659717100344618612e-01 7.481296052850340272e-01 8.665566665728506868e-01 4.005675708404957125e-01 -2.976997898990661473e-01 -2.785266777384842185e-01 1.267206911581872264e+00 1.421708892619115927e+00
1.583560842763976097e+09 -1.476705666954049867e-01 7.984280507137427874e-01 5.837003098049393657e-01 4.833251811454256641e-01 -4.566446246777102758e-01 7.469085995169469916e-01 8.628963860619531800e-01 3.924134741293912043e-01 -3.184674117390610126e-01 -2.813475583838304095e-01 1.263699602574504199e+00 1.428782161956084984e+00
1.583560842763986111e+09 -1.343118488064337090e-01 8.076013181887109482e-01 5.742303006905202789e-01 4.943398811785207347e-01 -4.476196769136167042e-01 7.451608596302062848e-01 8.588296741622316599e-01 3.839488713255388430e-01 -3.391089133052891391e-01 -2.840451613047525470e-01 1.260323537390410920e+00 1.435966509216311859e+00
1.583560842763998032e+09 -1.209073877192630431e-01 8.164624030640094121e-01 5.645976869231027484e-01 5.054370735228034262e-01 -4.388853042832984164e-01 7.429085101151644555e-01 8.543504950413478571e-01 3.751917298665682354e-01 -3.596058919973228463e-01 -2.866191878890028133e-01 1.257071357283983337e+00 1.443252621684608217e+00
1.583560842764014006e+09 -1.074839602999062699e-01 8.250208129572597082e-01 5.547863161314107172e-01 5.165991327671665134e-01 -4.304280424255958470e-01 7.401736528184137409e-01 8.494542567878516914e-01 3.661589252971493291e-01 -3.799409258649157906e-01 -2.890693008527449037e-01 1.253936132824949645e+00 1.450632122836996718e+00
1.583560842764030933e+09 -9.406772848278718846e-02 8.332860573069685861e-01 5.447803311950305538e-01 5.278092101817242199e-01 -4.222334298503788164e-01 7.369778615214994666e-01 8.441378442983689112e-01 3.568659097040435269e-01 -4.000975161273339076e-01 -2.913950733594103393e-01 1.250911361851229531e+00 1.458097460472060236e+00
1.583560842764049053e+09 -8.068344489780562845e-02 8.412671121357381265e-01 5.345650829031850515e-01 5.390514067963043665e-01 -4.142872152955101583e-01 7.333414512232959703e-01 8.383995244633106747e-01 3.473265745322522413e-01 -4.200601005811437361e-01 -2.935959513892023587e-01 1.247990952326591074e+00 1.465641800556394259e+00
1.583560842764072895e+09 -6.735358702761966299e-02 8.489717585032878766e-01 5.241282740698299802e-01 5.503110592756005337e-01 -4.065767664648752278e-01 7.292825728197581681e-01 8.322386871697941002e-01 3.375533829338894787e-01 -4.398141440934328905e-01 -2.956712282150953941e-01 1.245169194160769877e+00 1.473258927977623367e+00
1.583560842764092922e+09 -5.409760120837038555e-02 8.564059266341701449e-01 5.134611362804778478e-01 5.615750812670029513e-01 -3.990924396021003351e-01 7.248162889733343883e-01 8.256554231098599539e-01 3.275578018824883975e-01 -4.593462842040253458e-01 -2.976200282989808210e-01 1.242440724539918717e+00 1.480943155652728160e+00
1.583560842764111996e+09 -4.093139462056805816e-02 8.635731624781051163e-01 5.025594632310195209e-01 5.728323038851779181e-01 -3.918287019603338694e-01 7.199537623725237312e-01 8.186499695388087527e-01 3.173510067163128334e-01 -4.786445090117560364e-01 -2.994412980416323311e-01 1.239800490250680731e+00 1.488689242576081151e+00
1.583560842764130116e+09 -2.786708062569923788e-02 8.704742367146554027e-01 4.914244897586096950e-01 5.840738103752044497e-01 -3.847849800090143990e-01 7.147015483416314652e-01 8.112220472322363429e-01 3.069448199141457390e-01 -4.976983702093736306e-01 -3.011338013225794974e-01 1.237243709338574194e+00 1.496492320636255480e+00
