1.583560847111260891e+09 2.939552965190854739e-01 9.452941758985001774e-01 1.414538978846157091e-01 7.248720941884925772e-02 -1.696135692850526122e-01 9.828412088858684559e-01 9.530665708880499132e-01 -2.786577805320337720e-01 -1.183805439194512837e-01 -5.317537390544767595e-01 1.798462011812237860e+00 1.932167408463349112e+00
1.583560847111323118e+09 3.128579884112277498e-01 9.409886323851849310e-01 1.290746813869344811e-01 7.519272721011921456e-02 -1.600084074414826196e-01 9.842476129622707015e-01 9.468188492480295038e-01 -2.982242508402008219e-01 -1.208154099999209363e-01 -5.326619851652435456e-01 1.814302643443234331e+00 1.947806330630125204e+00
1.583560847111352921e+09 3.318036365480301342e-01 9.360649373443417076e-01 1.169990615946782525e-01 7.786071106003263076e-02 -1.507765897621924645e-01 9.854968949479711027e-01 9.401298085266245330e-01 -3.178818232746059014e-01 -1.229109023858950128e-01 -5.335832838784742016e-01 1.830135292537775848e+00 1.963452571051876649e+00
1.583560847111367941e+09 3.506883249902338351e-01 9.305790178177379968e-01 1.050732643393033905e-01 8.059490746376016257e-02 -1.417723071931904499e-01 9.866129302331336781e-01 9.330177704868650723e-01 -3.375252657497201936e-01 -1.247178227452316601e-01 -5.342097609574967265e-01 1.846161243194095913e+00 1.978915521612352846e+00
1.583560847111378908e+09 3.694238011679936706e-01 9.245795194702191022e-01 9.315990485615954775e-02 8.347889009242763503e-02 -1.328657515440913595e-01 9.876122555308550766e-01 9.255038252117699926e-01 -3.570705879044546727e-01 -1.262666430454183197e-01 -5.343361104362354119e-01 1.862526352850495615e+00 1.994031527359513722e+00
1.583560847111390114e+09 3.879388474740133597e-01 9.181057014173037434e-01 8.115030629377883997e-02 8.657194293072452418e-02 -1.239531064476661892e-01 9.885043886591277085e-01 9.176103474591338349e-01 -3.764539134146437371e-01 -1.275684196215432220e-01 -5.338584396289168810e-01 1.879299963487711222e+00 2.008685681200514939e+00
1.583560847111401081e+09 4.061788205928361650e-01 9.111871944008328450e-01 6.896856550451486989e-02 8.991088428240821828e-02 -1.149599151133422759e-01 9.892928035237450457e-01 9.093595543237630308e-01 -3.956287592804672570e-01 -1.286199291101341180e-01 -5.327542543657816099e-01 1.896482146037784977e+00 2.022823565968939974e+00
1.583560847111418009e+09 4.241043221753117431e-01 9.038447637262992940e-01 5.657002353515985793e-02 9.351447028623217916e-02 -1.058399340659191140e-01 9.899762383528151188e-01 9.007722066171857112e-01 -4.145630855837374451e-01 -1.294097377762111201e-01 -5.310573475206133987e-01 1.914026567028221493e+00 2.036448550639523791e+00
1.583560847111428022e+09 4.416894429217725904e-01 8.960915108475075996e-01 4.393678145340466218e-02 9.738822172644816255e-02 -9.657153434945625614e-02 9.905500862255954830e-01 8.918665655461973651e-01 -4.332365905854937416e-01 -1.299233859345517439e-01 -5.288344034148889650e-01 1.931865675131640092e+00 2.049607241667956714e+00
1.583560847111438990e+09 4.589199718732956401e-01 8.879340970575491099e-01 3.107248403985673688e-02 1.015285306905277241e-01 -8.715347367749469443e-02 9.910076840171077039e-01 8.826575878189498736e-01 -4.516384746506098002e-01 -1.301471138939090388e-01 -5.261655037320239758e-01 1.949930219973217804e+00 2.062369514277243354e+00
1.583560847111449957e+09 4.759016963395383826e-01 8.793160561079542692e-01 1.791227115419321420e-02 1.059550277365639559e-01 -7.753911023436632632e-02 9.913431387670917916e-01 8.730928404156840239e-01 -4.698839860278615221e-01 -1.300689511891759409e-01 -5.231286505675533105e-01 1.968160869999427076e+00 2.074809262284482703e+00
1.583560847111459970e+09 4.931339815387139613e-01 8.699352148457560885e-01 5.621280018096100339e-03 1.102707347474253807e-01 -6.891524558883647955e-02 9.915094826994222954e-01 8.629364065681006668e-01 -4.883271560764153585e-01 -1.299128447524136309e-01 -5.197792057962929979e-01 1.986515682198930932e+00 2.086983353496951743e+00
1.583560847111469984e+09 5.105664404308724036e-01 8.598188959313642910e-01 -5.777254634911205104e-03 1.144832393522208780e-01 -6.131869582646556210e-02 9.915309403890260054e-01 8.521827845526274148e-01 -5.069038214502142869e-01 -1.297421207060775183e-01 -5.161087516385253204e-01 2.004980715208713349e+00 2.098895394893273814e+00
1.583560847111479044e+09 5.281453270848244230e-01 8.489981454583372944e-01 -1.626846805222171774e-02 1.185985747488416953e-01 -5.478013763340638248e-02 9.914300352962841512e-01 8.408310722284446648e-01 -5.255485572074506395e-01 -1.296218437083113129e-01 -5.121094312905698498e-01 2.023541822227067133e+00 2.110549456460470985e+00
1.583560847111490011e+09 5.458147942193593005e-01 8.375071533559185211e-01 -2.584529076917042867e-02 1.226210261995763912e-01 -4.932473421491541388e-02 9.912270954869896178e-01 8.288849708059849997e-01 -5.441955890305807397e-01 -1.296181562345005978e-01 -5.077739308412341224e-01 2.042184693024356790e+00 2.121950035932314016e+00
