1.583560845474155903e+09 -3.964952141322320434e-01 6.188683361066045219e-01 6.780807682279965665e-01 8.298310891318258498e-02 -7.114362718950701936e-01 6.978339594303322180e-01 9.142785949219036645e-01 3.329570753752351120e-01 2.307254584340474313e-01 -3.161825660758931789e-01 1.483421680962398570e+00 1.480820280412765255e+00
1.583560845474212885e+09 -3.864726502403453834e-01 6.369222549411933665e-01 6.670599165611894588e-01 7.420221169613280821e-02 -6.994395641164812272e-01 7.108293242368500797e-01 9.193111131285659487e-01 3.242134139126596204e-01 2.230532220386365894e-01 -3.263559385972845117e-01 1.481419811078209747e+00 1.485514389179134920e+00
1.583560845474247932e+09 -3.757454993261096221e-01 6.545804400090153852e-01 6.560028717921654318e-01 6.657793613639487185e-02 -6.869774531274867035e-01 7.236223860421663323e-01 9.243282417416651686e-01 3.155731720372536020e-01 2.145480714280827705e-01 -3.363589730905564013e-01 1.479941818895428085e+00 1.490738801934340163e+00
1.583560845474282980e+09 -3.643514213375980693e-01 6.717993645169396677e-01 6.449291868955071561e-01 5.998670453313030559e-02 -6.741640268451796203e-01 7.361416035344118258e-01 9.293275188936748199e-01 3.069014161026010212e-01 2.053335914202711332e-01 -3.461542370222394638e-01 1.479005694629946577e+00 1.496458603020996536e+00
1.583560845474313021e+09 -3.523593559520410978e-01 6.885582491935314797e-01 6.338220745969591619e-01 5.427219187477394513e-02 -6.610842971119547107e-01 7.483462310776806126e-01 9.342897911173732028e-01 2.980857092318606183e-01 1.955696717540751917e-01 -3.557061052084930508e-01 1.478622114940096210e+00 1.502635522105508104e+00
1.583560845474343061e+09 -3.398630224713752868e-01 7.048567527952173117e-01 6.226315800707475923e-01 4.926314938452510533e-02 -6.477882919050832466e-01 7.602259343448385387e-01 9.391838309899016579e-01 2.890454763245202674e-01 1.854358233132620271e-01 -3.649816235839296041e-01 1.478794537775919515e+00 1.509229055136836140e+00
1.583560845474371910e+09 -3.269761643511555627e-01 7.207104798405680190e-01 6.112797990282171634e-01 4.478721913179936620e-02 -6.342899916172816122e-01 7.717968073292742481e-01 9.439707057275936730e-01 2.797366820085648298e-01 1.751190903682227629e-01 -3.739512236803813616e-01 1.479519544484234839e+00 1.516197576356231425e+00
1.583560845474402905e+09 -3.138300321522649039e-01 7.361457986279356103e-01 5.996666362134390749e-01 4.068063274221397907e-02 -6.205693493872562749e-01 7.830956320832368478e-01 9.486072935424848529e-01 2.701537455734654980e-01 1.648064220078731823e-01 -3.825892641675787686e-01 1.480787391580056456e+00 1.523499389068540433e+00
1.583560845474450111e+09 -3.005731884816318367e-01 7.511947831353663618e-01 5.876752135848422043e-01 3.679429867321130920e-02 -6.065760370024532167e-01 7.941735900838184925e-01 9.530487596519006122e-01 2.603303854971141251e-01 1.546808083031237235e-01 -3.908743896626566960e-01 1.482582724904321747e+00 1.531093671285314484e+00
1.583560845474473000e+09 -2.873735813070360523e-01 7.658905257600073790e-01 5.751766057687173195e-01 3.299709884665085607e-02 -5.922340767511576898e-01 8.050900509070312294e-01 9.572500282357579993e-01 2.503407705082034695e-01 1.449202622424180520e-01 -3.987897084103865786e-01 1.484885406370499705e+00 1.538941284667070475e+00
1.583560845474494934e+09 -2.745778850323435383e-01 7.800937900627501476e-01 5.621927287527772599e-01 2.922144244599880064e-02 -5.776248436821928012e-01 8.157791659080142477e-01 9.611207482285966108e-01 2.404230004881123262e-01 1.358075421514120251e-01 -4.063228014298349011e-01 1.487671402469561199e+00 1.547005426524617810e+00
1.583560845474517107e+09 -2.612415814663981428e-01 7.937888986833302463e-01 5.492285689454217135e-01 2.595925670184041217e-02 -5.630042619283350813e-01 8.260461962318431661e-01 9.649243252336320298e-01 2.300551800733205698e-01 1.264739539915778199e-01 -4.134846542845601047e-01 1.490889819452023701e+00 1.555244923136456237e+00
1.583560845474538088e+09 -2.473840069059591307e-01 8.069639427416630539e-01 5.362931556040754222e-01 2.319196986002905470e-02 -5.484070218713990030e-01 8.358898678433855922e-01 9.686399155437770414e-01 2.192234795396759695e-01 1.169520430701131708e-01 -4.202708965567770738e-01 1.494510827008278531e+00 1.563633896178641125e+00
1.583560845474550962e+09 -2.330252146413083758e-01 8.196080656623737637e-01 5.233945629717114967e-01 2.090231206791580768e-02 -5.338654623758305462e-01 8.453110443496726356e-01 9.722460300847484138e-01 2.079189440411826351e-01 1.072724104215896507e-01 -4.266806540629421995e-01 1.498503920467152861e+00 1.572149168455145185e+00
1.583560845474560976e+09 -2.181862640529711739e-01 8.317114970588996847e-01 5.105396559959328728e-01 1.907416584220053557e-02 -5.194093826972820960e-01 8.543126299139739421e-01 9.757207237220161256e-01 1.961373991282657214e-01 9.746378972211335034e-02 -4.327161156331206238e-01 1.502838566377675766e+00 1.580770287701936505e+00
1.583560845474571943e+09 -2.028894491359449770e-01 8.432656230457024060e-01 4.977338253770288712e-01 1.769246601135869568e-02 -5.050658163400486567e-01 8.628994715946204375e-01 9.790418011510529928e-01 1.838793372498958578e-01 8.755307690682825883e-02 -4.383820594781928648e-01 1.507484750368467630e+00 1.589479461214405198e+00
1.583560845474586964e+09 -1.871585034308919926e-01 8.542630932168823188e-01 4.849806827769819750e-01 1.674310832499824320e-02 -4.908587553391491887e-01 8.710782690996238253e-01 9.821870306837637843e-01 1.711497893369624823e-01 7.756537056532736285e-02 -4.436853653564238331e-01 1.512413420563507138e+00 1.598261420305207681e+00
1.583560845474601030e+09 -1.710186898253163168e-01 8.646979239272536422e-01 4.722818105666615751e-01 1.621289322817341672e-02 -4.768089120414445992e-01 8.788574422271815401e-01 9.851343817728280827e-01 1.579581028988042424e-01 6.752398034839382501e-02 -4.486345367973653131e-01 1.517596825269990513e+00 1.607103233823884203e+00
1.583560845474615097e+09 -1.544967469759377376e-01 8.745655690784283065e-01 4.596366184957114132e-01 1.608949818307451110e-02 -4.629335792828424001e-01 8.862469348255433976e-01 9.878622796476318468e-01 1.443175910074355472e-01 5.745041096115909712e-02 -4.532392524058501126e-01 1.523008750119537513e+00 1.615994089361452835e+00
1.583560845474627972e+09 -1.376207510960937574e-01 8.838629606216475976e-01 4.470422756459134228e-01 1.636144066979894340e-02 -4.492465736349293137e-01 8.932579804309405125e-01 9.903498535653307844e-01 1.302450898845166627e-01 4.736437953265421746e-02 -4.575099589673922718e-01 1.528624664900225749e+00 1.624925058807338951e+00
1.583560845474641085e+09 -1.204199360958150972e-01 8.925885227130667676e-01 4.344936922642017585e-01 1.701801189080786800e-02 -4.357582413513066966e-01 8.999028517750004008e-01 9.925771640499305715e-01 1.157604627536523573e-01 3.728389751714204087e-02 -4.614575135415190932e-01 1.534421793022974878e+00 1.633888861963078698e+00
1.583560845474656105e+09 -1.029245006879200147e-01 9.007421634709040781e-01 4.219835335764790529e-01 1.804917339111704669e-02 -4.224755069197634327e-01 9.061946113610828135e-01 9.945254018028649723e-01 1.008860818990890557e-01 2.722542914834175098e-02 -4.650928780930905226e-01 1.540379117037998347e+00 1.642879638556864252e+00
1.583560845474668980e+09 -8.516541717277065215e-02 9.083252463911478669e-01 4.095022576153183325e-01 1.944541725875982563e-02 -4.094019499782897142e-01 9.121468737920906955e-01 9.961770564514871307e-01 8.564631133397677953e-02 1.720412447482280380e-02 -4.684268659560912873e-01 1.546477333889753725e+00 1.651892735957898317e+00
1.583560845474682093e+09 -6.717424319447426462e-02 9.153405397496338081e-01 3.970381818514345795e-01 2.119759689533867730e-02 -3.965379075825129496e-01 9.177735831908776509e-01 9.975160566497174308e-01 7.006700124655855511e-02 7.234114093896806819e-03 -4.714699381872795581e-01 1.552698771921531273e+00 1.660924517001234557e+00
1.583560845474694014e+09 -4.898293918956149462e-02 9.217921439356104862e-01 3.845775806683698894e-01 2.329673464477716865e-02 -3.838805969897694514e-01 9.230888092035060000e-01 9.985278835176469858e-01 5.417500489983825135e-02 -2.671146997450146027e-03 -4.742320484539077063e-01 1.559027279531631560e+00 1.669972190011803637e+00
1.583560845474709034e+09 -3.062361298830262174e-02 9.276853569106354724e-01 3.721049225781936087e-01 2.573385162181857089e-02 -3.714243615291460410e-01 9.281065201852910507e-01 9.991996615038802876e-01 3.799766780037905356e-02 -1.249856138418214968e-02 -4.767225338560478476e-01 1.565448094537440715e+00 1.679033661510696218e+00
1.583560845474725962e+09 -1.212813936782939847e-02 9.330264447609810663e-01 3.596033399705186873e-01 2.849986488591588207e-02 -3.591611374773435172e-01 9.328403053548569579e-01 9.995202180449054286e-01 2.156226388593273161e-02 -2.223517123813396890e-02 -4.789500461320952418e-01 1.571947702917198431e+00 1.688107410932640606e+00
1.583560845474745035e+09 6.472227144288985809e-03 9.378223731028227927e-01 3.470551934338059752e-01 3.158552009991974496e-02 -3.470810154726890473e-01 9.373031120643642300e-01 9.994800976216886568e-01 4.895480200690379043e-03 -3.186799454241225071e-02 -4.809225156924273326e-01 1.578513694399311884e+00 1.697192385797373193e+00
1.583560845474759102e+09 2.514735286180914964e-02 9.420804472122431550e-01 3.344428832105977301e-01 3.498144496114140301e-02 -3.351730602097257594e-01 9.415069402214493177e-01 9.990715237164493612e-01 -1.197711187481526919e-02 -4.138405048374668022e-02 -4.826471424216917105e-01 1.585134620116114501e+00 1.706287915133249511e+00
1.583560845474772930e+09 4.386886390564456728e-02 9.458078478903065855e-01 3.217499621670972809e-01 3.867839012204119659e-02 -3.234264706592532290e-01 9.454624796794127706e-01 9.982882876546800288e-01 -2.903159422533451925e-02 -5.077067670056635562e-02 -4.841304093816053977e-01 1.591799855792476848e+00 1.715393638668846199e+00
1.583560845474785089e+09 6.261084024699152539e-02 9.490111133594849591e-01 3.089624409366778512e-01 4.266767160007406412e-02 -3.118320044282480441e-01 9.491787350555042080e-01 9.971255451736698028e-01 -4.624617011053214904e-02 -6.001615829616779862e-02 -4.853781147914569272e-01 1.598499473323301112e+00 1.724509449370780212e+00
1.583560845474796057e+09 8.135040633894574658e-02 9.516956680077042208e-01 2.960700379802921889e-01 4.694176056564976218e-02 -3.003834407838824050e-01 9.526627209484532788e-01 9.955795211134261802e-01 -6.360145054630705896e-02 -6.911058509647954873e-02 -4.863954155422363090e-01 1.605224122963353039e+00 1.733635447124651119e+00
1.583560845474811077e+09 1.000681008766944047e-01 9.538654809072130147e-01 2.830671652212184419e-01 5.149495090341305037e-02 -2.890788781881982183e-01 9.559192813642715114e-01 9.936471433956188815e-01 -8.108049722477506105e-02 -7.804683040278428963e-02 -4.871868767365499231e-01 1.611964926964235545e+00 1.742771901535540957e+00
1.583560845474823952e+09 1.187480257899369007e-01 9.555228658416737852e-01 2.699536251479145443e-01 5.632409287177424229e-02 -2.779218443437661556e-01 9.589510129645874015e-01 9.913256292944561121e-01 -9.866864648354201073e-02 -8.682162892659668618e-02 -4.877565234095896929e-01 1.618713384445363612e+00 1.751919222066495418e+00
1.583560845474837065e+09 1.373778167806450068e-01 9.566684004788803541e-01 2.567350920453959073e-01 6.142942006960942086e-02 -2.669223001772902393e-01 9.617582400401116782e-01 9.886120382498057024e-01 -1.163531593862632274e-01 -9.543678783787029607e-02 -4.881078947121981204e-01 1.625461286689095619e+00 1.761077933882001734e+00
1.583560845474852085e+09 1.559483771241809702e-01 9.573009952061976024e-01 2.434233118568384924e-01 6.681540637783568715e-02 -2.560974647855991382e-01 9.643390432145897417e-01 9.855028186220183839e-01 -1.341226811938728836e-01 -1.039004389876911627e-01 -4.882441000376314122e-01 1.632200642308165195e+00 1.770248658092870686e+00
1.583560845474864960e+09 1.744533101984157286e-01 9.574181458816291013e-01 2.300359471978079551e-01 7.249154681746006190e-02 -2.454723585298908273e-01 9.666893488111171218e-01 9.819933902898813072e-01 -1.519664951043103729e-01 -1.122281878010478601e-01 -4.881678760948980345e-01 1.638923611766140986e+00 1.779432095367686317e+00
1.583560845474880934e+09 1.928879835369102236e-01 9.570164117750231680e-01 2.165959692748633814e-01 7.847288964801471534e-02 -2.350799015884860454e-01 9.688030995648782007e-01 9.780778250081734182e-01 -1.698735646269630140e-01 -1.204439314063626559e-01 -4.878816452139986826e-01 1.645622450818768900e+00 1.788629012015813924e+00
1.583560845474894047e+09 2.112483686141827244e-01 9.560920340013073782e-01 2.031308686115501083e-01 8.478039138393946017e-02 -2.249608199371887773e-01 9.706724035415092988e-01 9.737486392150677128e-01 -1.878314470626765709e-01 -1.285804630010152216e-01 -4.873875755851221347e-01 1.652289462726024061e+00 1.797840227789702539e+00
1.583560845474905968e+09 2.295296519758245890e-01 9.546417095546789744e-01 1.896716788246737839e-01 9.144098331353443798e-02 -2.151632900553691052e-01 9.722876659971985136e-01 9.689967419017920802e-01 -2.058250846731462247e-01 -1.366797316627980374e-01 -4.866876445585271438e-01 1.658916959477922726e+00 1.807066604758175155e+00
1.583560845474920988e+09 2.477246463667161225e-01 9.526635296005471210e-01 1.762518069618193295e-01 9.848722025910588984e-02 -2.057422296681602203e-01 9.736377163215715891e-01 9.638115829419744429e-01 -2.238355083227684117e-01 -1.447926039035962731e-01 -4.857837060940236595e-01 1.665497232690936746e+00 1.816309036705299862e+00
1.583560845474935055e+09 2.658220780661679772e-01 9.501580761276863241e-01 1.629056588572391495e-01 1.059563691993540835e-01 -1.967581123252799269e-01 9.747099534360771367e-01 9.581815438771911220e-01 -2.418385330868257355e-01 -1.529779501495070471e-01 -4.846775625391719355e-01 1.672022535021224998e+00 1.825568438658833337e+00
1.583560845474951982e+09 2.838049230981233295e-01 9.471296161419368032e-01 1.496671519001042672e-01 1.138889126781911787e-01 -1.882753074655412473e-01 9.754905045333922553e-01 9.520945759669235953e-01 -2.598035783119534980e-01 -1.613010212462362980e-01 -4.833710397001448333e-01 1.678485072803505895e+00 1.834845736330371846e+00
1.583560845474971056e+09 3.016489871884521223e-01 9.435873182592645625e-01 1.365681582736752719e-01 1.223264494793587787e-01 -1.803598984436398656e-01 9.759644189509424361e-01 9.455390677705961533e-01 -2.776927804747092998e-01 -1.698310670523707766e-01 -4.818660634308403190e-01 1.684877010322894719e+00 1.844141855401232544e+00
1.583560845474988937e+09 3.193219839763786205e-01 9.395463478920738076e-01 1.236370948293791239e-01 1.313092426971624593e-01 -1.730772057679328402e-01 9.761158557737596997e-01 9.385048501362711626e-01 -2.954605582412639375e-01 -1.786384760875041888e-01 -4.801647347335992744e-01 1.691190485404993282e+00 1.853457710791593716e+00
1.583560845475008011e+09 3.367832742339129659e-01 9.350287257951385156e-01 1.108977395621655732e-01 1.408736180177840303e-01 -1.664891286767773704e-01 9.759282730027365460e-01 9.309842374301963153e-01 -3.130537532697459935e-01 -1.877916333723385900e-01 -4.782693999128370121e-01 1.697417635222854049e+00 1.862794196193791718e+00
1.583560845475025892e+09 3.539843554715532137e-01 9.300638315229193820e-01 9.836841911959803841e-02 1.510495586393811318e-01 -1.606515767972832021e-01 9.753845918274861582e-01 9.229729721501876982e-01 -3.304123796519539691e-01 -1.973538760637651435e-01 -4.761827121755116132e-01 1.703550630364095042e+00 1.872152174259944291e+00
1.583560845475045919e+09 3.708700523911636626e-01 9.246884884367961854e-01 8.606162964783894975e-02 1.618587815869865221e-01 -1.556122121240046119e-01 9.744673286099062581e-01 9.144709615230137700e-01 -3.474709185645661891e-01 -2.073808612854174671e-01 -4.739076808437758803e-01 1.709581714136119812e+00 1.881532467942790721e+00
1.583560845475064039e+09 3.873802528740757367e-01 9.189466243043211691e-01 7.398406496471418570e-02 1.733134504566776479e-01 -1.514086258353975201e-01 9.731587106841896873e-01 9.054827375399754352e-01 -3.641600337160796341e-01 -2.179185219420917419e-01 -4.714477061517898804e-01 1.715503243994067617e+00 1.890935853357524454e+00
1.583560845475081921e+09 4.034519684253224381e-01 9.128885477869397302e-01 6.213701794404010575e-02 1.854156171266996278e-01 -1.480670662450836728e-01 9.714407820789572323e-01 8.960176106029017484e-01 -3.804085220692364766e-01 -2.290017427247580395e-01 -4.688065983504852707e-01 1.721307731670317809e+00 1.900363054479794034e+00
1.583560845475100040e+09 4.190214192009698579e-01 9.065699448384341164e-01 5.051718393019080655e-02 1.981575101720585708e-01 -1.456019128760076553e-01 9.692954577404843119e-01 8.860895281102677545e-01 -3.961451987953326648e-01 -2.406539631694017412e-01 -4.659885814082860844e-01 1.726987878969912460e+00 1.909814739819969853e+00
1.583560845475117922e+09 4.340259235008740446e-01 9.000507243961636261e-01 3.911766543325029960e-02 2.115224034845929746e-01 -1.440156977140355232e-01 9.667045835740707416e-01 8.757167184476470911e-01 -4.113005868806567933e-01 -2.528874386111779060e-01 -4.629982836045851702e-01 1.732536607401976791e+00 1.919291520941922569e+00
1.583560845475135088e+09 4.484054626492854911e-01 8.933938157926688550e-01 2.792904358348431357e-02 2.254858397376275081e-01 -1.432995212466199597e-01 9.636500316792311338e-01 8.649211973128918540e-01 -4.258083342925021442e-01 -2.657039428203666898e-01 -4.598407183868007397e-01 1.737947081031214536e+00 1.928793952504604281e+00
1.583560845475152969e+09 4.621038285758197750e-01 8.866640134774412818e-01 1.694046414470556233e-02 2.400170797817536561e-01 -1.434337960824497715e-01 9.601138202429407853e-01 8.537282081828224678e-01 -4.396062713170253433e-01 -2.790958135051463396e-01 -4.565212589572523738e-01 1.743212722797748304e+00 1.938322533431607431e+00
1.583560845475171089e+09 4.750693735279559737e-01 8.799269193869825312e-01 6.140633492003527705e-03 2.550805674059865580e-01 -1.443891406655475329e-01 9.560782815527091305e-01 8.421656576274656469e-01 -4.526371538315965837e-01 -2.930471163969035064e-01 -4.530456091473792912e-01 1.748327224618717368e+00 1.947877708894275361e+00
1.583560845475188971e+09 4.872554047400087240e-01 8.732480110993745548e-01 -4.481313248352540579e-03 2.706373049965037358e-01 -1.461273323553402281e-01 9.515262750707507156e-01 8.302635847224174581e-01 -4.648491306646250210e-01 -3.075348207091903041e-01 -4.494197724950957928e-01 1.753284551618143006e+00 1.957459872856097238e+00
1.583560845475208044e+09 4.986202543857087832e-01 8.666918634675386812e-01 -1.493506683243472563e-02 2.866461086435065364e-01 -1.486022832059818444e-01 9.464414245438440565e-01 8.180536967317586505e-01 -4.761959424990092060e-01 -3.225299582293007505e-01 -4.456500216302154427e-01 1.758078941584896526e+00 1.967069370858723687e+00
1.583560845475225925e+09 5.091270938295578974e-01 8.603215235162550156e-01 -2.522853561210966142e-02 3.030646899568198438e-01 -1.517609680673687733e-01 9.408083771628037439e-01 8.055689892558640652e-01 -4.866369130789200970e-01 -3.379986963328638905e-01 -4.417428692435359516e-01 1.762704900523299534e+00 1.976706502834889356e+00
