1.583560845164330959e+09 -4.143653990644557972e-01 5.818794715897591674e-01 6.997982545736678439e-01 1.043663689365673525e-01 -7.334631113634805244e-01 6.716692084423324660e-01 9.041067289991969735e-01 3.513518823671492597e-01 2.431930872357905005e-01 -2.959374377110173260e-01 1.488775120440560595e+00 1.473315998162929574e+00
1.583560845164382935e+09 -4.057901155332622189e-01 6.004960063247021251e-01 6.890130107823507766e-01 9.301092416139676577e-02 -7.228253031261431261e-01 6.847426884697586091e-01 9.092212879433864137e-01 3.419475515138348798e-01 2.374626747682760108e-01 -3.061055148515476332e-01 1.485868918853676224e+00 1.476780639058439482e+00
1.583560845164408922e+09 -3.964952146419616352e-01 6.188683351084864892e-01 6.780807688394133725e-01 8.298310947847556407e-02 -7.114362725239113949e-01 6.978339587209244632e-01 9.142785946490926685e-01 3.329570758837094857e-01 2.307254587801074730e-01 -3.161818313077631726e-01 1.483422322685353567e+00 1.480820632968971262e+00
1.583560845164448977e+09 -3.864796031798992670e-01 6.369099952322296865e-01 6.670675938785841641e-01 7.420816662070128800e-02 -6.994479149608018309e-01 7.108204854457501609e-01 9.193077094520432091e-01 3.242194822646335406e-01 2.230584295782876980e-01 -3.261285836202487687e-01 1.481465844690352140e+00 1.485411259203209600e+00
1.583560845164463997e+09 -3.757835671087088603e-01 6.545596748738653492e-01 6.560017859913562788e-01 6.654677119927168705e-02 -6.869966622163575787e-01 7.236070160052945344e-01 9.243150102959708514e-01 3.155744263848512809e-01 2.146032234083932178e-01 -3.359078221160075595e-01 1.480023433050651649e+00 1.490522568236874346e+00
1.583560845164478064e+09 -3.644823750503358717e-01 6.717843262418096151e-01 6.448708535802181174e-01 5.981614064848617823e-02 -6.741881551916082405e-01 7.361333853200839883e-01 9.292871611721100766e-01 3.068813302831799317e-01 2.055461543015294490e-01 -3.454824799790708889e-01 1.479112045079012061e+00 1.496120320973722828e+00
1.583560845164496899e+09 -3.526805285822423031e-01 6.885766268274026158e-01 6.336234483111565785e-01 5.380944675107730835e-02 -6.610892262948940834e-01 7.483752926057302135e-01 9.341953695680809133e-01 2.980323209494237235e-01 1.961013704462519214e-01 -3.548173346770072678e-01 1.478741493865797896e+00 1.502167032187171403e+00
1.583560845164515018e+09 -3.405079788283478237e-01 7.049492964568309095e-01 6.221742571683814838e-01 4.831189937930285838e-02 -6.477255383026286895e-01 7.603404419564206984e-01 9.389996150453302493e-01 2.889604071971829113e-01 1.864982744182958896e-01 -3.638798552930143648e-01 1.478914558855744410e+00 1.508623060805862170e+00
1.583560845164534092e+09 -3.281187676307317225e-01 7.209280905162885889e-01 6.104103235830818930e-01 4.311292157986335027e-02 -6.340832669086869933e-01 7.720619708836893302e-01 9.436521343395843919e-01 2.796445948127804781e-01 1.769733038969013295e-01 -3.726409003801373632e-01 1.479627335482154749e+00 1.515447690861295715e+00
1.583560845164554119e+09 -3.156921515287977043e-01 7.365445044979419542e-01 5.981978425744902683e-01 3.801459225531605979e-02 -6.201135603250517159e-01 7.835904946732075160e-01 9.480998663436359664e-01 2.701136162373550254e-01 1.677655450508259982e-01 -3.810752436644365693e-01 1.480869786608773442e+00 1.522600152360074510e+00
1.583560845164575100e+09 -3.035747878263579946e-01 7.516589719652935209e-01 5.855349166053503973e-01 3.289391417809812979e-02 -6.059021953896938095e-01 7.948588052588616559e-01 9.522396436444285905e-01 2.605596284397007634e-01 1.592116247110708926e-01 -3.891619186140271025e-01 1.482626449319832007e+00 1.530040539534805344e+00
1.583560845164593935e+09 -2.908941859642996119e-01 7.662880315893373373e-01 5.728727831891482491e-01 2.837079529782639969e-02 -5.915942759083595570e-01 8.057365021842960440e-01 9.563344973742764488e-01 2.506369203577157867e-01 1.503511344464430188e-01 -3.969019654696424593e-01 1.484851587803853512e+00 1.537720381351550092e+00
1.583560845164613962e+09 -2.776687911400186892e-01 7.804170662215905718e-01 5.602224965856877903e-01 2.442377967675483236e-02 -5.772307262120038862e-01 8.162157606715367830e-01 9.603663476689403566e-01 2.403203943945595444e-01 1.412182234943694936e-01 -4.042834036403625819e-01 1.487519942746534651e+00 1.545609220896244196e+00
1.583560845164632082e+09 -2.639174254685494603e-01 7.940328355739787458e-01 5.475942376141061940e-01 2.103285404155360097e-02 -5.628500834875135306e-01 8.262913546894444794e-01 9.643159295101167983e-01 2.295901566865931887e-01 1.318451682448295581e-01 -4.112983239252036571e-01 1.490604115154777531e+00 1.553678812638310980e+00
1.583560845164652109e+09 -2.496594469520898585e-01 8.071233428143761435e-01 5.349972621757035363e-01 1.817928277103389445e-02 -5.484885453445706993e-01 8.359604234467558070e-01 9.681630413044568506e-01 2.184312835021391397e-01 1.222624234323656522e-01 -4.179426209324439423e-01 1.494075332103268705e+00 1.561903379928208491e+00
1.583560845164669991e+09 -2.349150248828318910e-01 8.196777985089023222e-01 5.224396981658961936e-01 1.584540150910599202e-02 -5.341798675494320303e-01 8.452223332481448859e-01 9.718867499138962307e-01 2.068336922315351378e-01 1.124987530753860238e-01 -4.242156299499843519e-01 1.497904153351766299e+00 1.570259756095113257e+00
1.583560845164689064e+09 -2.197054012645539012e-01 8.316866447232893478e-01 5.099282911820769426e-01 1.401445540926486016e-02 -5.199551764068104376e-01 8.540785735708957827e-01 9.754655975575415860e-01 1.947920430234101052e-01 1.025813253000599223e-01 -4.301196967187480569e-01 1.502061097420644309e+00 1.578727420975591267e+00
1.583560845164710045e+09 -2.040530943896757821e-01 8.431416151673293280e-01 4.974681416400448253e-01 1.267048889676708132e-02 -5.058427398971876432e-01 8.625326553064380786e-01 9.788778236866150229e-01 1.823056219030659841e-01 9.253575990359161341e-02 -4.356597082195837745e-01 1.506517173203971938e+00 1.587288448841083888e+00
1.583560845164730072e+09 -1.879820786089813900e-01 8.540358315710403492e-01 4.850624052824368260e-01 1.179824340164488221e-02 -4.918676878997579882e-01 8.705900179294118191e-01 9.821015934717586271e-01 1.693782055232963268e-01 8.238618778523051911e-02 -4.408426102791949130e-01 1.511244310509964217e+00 1.595927386047749419e+00
1.583560845164748907e+09 -1.715178520808851581e-01 8.643638943536536834e-01 4.727120530080864413e-01 1.138309974872491609e-02 -4.780517685232616998e-01 8.782578960177039873e-01 9.851152479705451714e-01 1.560178363677742763e-01 7.215527212125447121e-02 -4.456769358345805121e-01 1.516215688208977230e+00 1.604631077053771726e+00
1.583560845164768934e+09 -1.546873655060305164e-01 8.741219381820179990e-01 4.604157432641619030e-01 1.141106293248205297e-02 -4.644132026931944712e-01 8.855451231148826485e-01 9.878975690440907620e-01 1.422364751745600064e-01 6.186419441433956001e-02 -4.501723625054394051e-01 1.521405964944059219e+00 1.613388456992446818e+00
1.583560845164787054e+09 -1.375188684475644740e-01 8.833076554821810422e-01 4.481697748523974512e-01 1.186874631373652580e-02 -4.509666235408310020e-01 8.924618969898234777e-01 9.904280357557225800e-01 1.280495635953602107e-01 5.153266532929966226e-02 -4.543393118987251178e-01 1.526791422267498755e+00 1.622190327197206683e+00
1.583560845164804935e+09 -1.200417149008594780e-01 8.919202926389586672e-01 4.359680937480056029e-01 1.274333109278646958e-02 -4.377230811914922248e-01 8.990195281363122515e-01 9.926870577009656582e-01 1.134755316807851550e-01 4.117899375416508856e-02 -4.581885976128824423e-01 1.532350032702880727e+00 1.631029127254274513e+00
1.583560845164824963e+09 -1.022861560005970394e-01 8.999606234426203999e-01 4.238023348769639487e-01 1.402249020587414616e-02 -4.246900932238683035e-01 9.052301888202136659e-01 9.946561779788342106e-01 9.853528043348200316e-02 3.082022813470833289e-02 -4.617311253298926887e-01 1.538061465711410669e+00 1.639898713901566385e+00
1.583560845164844036e+09 -8.428313438814385994e-02 9.074309021985643708e-01 4.116618897792025389e-01 1.569427555147992481e-02 -4.118717265496918967e-01 9.111066736938333577e-01 9.963182439898018439e-01 8.325166139038027435e-02 2.047236949310360377e-02 -4.649776442024689538e-01 1.543907044813645157e+00 1.648794154143635726e+00
1.583560845164863110e+09 -6.606408193190957401e-02 9.143347949520671536e-01 3.995340039624035167e-01 1.774697523849894099e-02 -3.992687074741636533e-01 9.166621757045210206e-01 9.976575476007299992e-01 6.764896519612365045e-02 1.015064367584162311e-02 -4.679385475355157809e-01 1.549869667513414928e+00 1.657711537107455557e+00
1.583560845164882898e+09 -4.766072379990298619e-02 9.206772888818683942e-01 3.874039050497250503e-01 2.016894671743478529e-02 -3.868785548380462291e-01 9.219100811143597918e-01 9.986599367821199502e-01 5.175243050864010430e-02 -1.301791975873486246e-04 -4.706237213437393652e-01 1.555933697654103387e+00 1.666647806855148239e+00
1.583560845164901972e+09 -2.910481579910537478e-02 9.264645394977738535e-01 3.752550695916743173e-01 2.294848050748694857e-02 -3.746958378344274476e-01 9.268637422067524945e-01 9.993129025888151107e-01 3.558773218689206819e-02 -1.035550004366736325e-02 -4.730424381511565968e-01 1.562084839024479699e+00 1.675600616792728426e+00
1.583560845164918900e+09 -1.042776836781706892e-02 9.317036230820696652e-01 3.630697190435827060e-01 2.607374666135511138e-02 -3.627126552750766786e-01 9.315361988156414252e-01 9.996056330999296691e-01 1.918043163549120605e-02 -2.051072063600190704e-02 -4.752032905096975623e-01 1.568309998641389758e+00 1.684568205195418500e+00
1.583560845164937973e+09 8.339729511999334141e-03 9.364022523834438783e-01 3.508294046208980665e-01 2.953277853836290892e-02 -3.509192097384032927e-01 9.359399144677663651e-01 9.995290212140967023e-01 2.555481442548376923e-03 -3.058113158844110932e-02 -4.771141567628414681e-01 1.574597146957131599e+00 1.693549290494543280e+00
1.583560845164957047e+09 2.716818361209383942e-02 9.405684040251381939e-01 3.385158307267145394e-01 3.331359249817508750e-02 -3.393046377321770612e-01 9.400864681686748048e-01 9.990756201121446800e-01 -1.426326327813344681e-02 -4.055200318153489442e-02 -4.787821930624447941e-01 1.580935180063711920e+00 1.702542984294924233e+00
1.583560845164974928e+09 4.602988357456625629e-02 9.442098470575406299e-01 3.261119670319707065e-01 3.740451435892541004e-02 -3.278581752382819237e-01 9.439861860750655698e-01 9.982395266041139692e-01 -3.125351442223538168e-02 -5.040898437081005323e-02 -4.802138478062307758e-01 1.587313787286972699e+00 1.711548719773945182e+00
1.583560845164994001e+09 6.489952586588518257e-02 9.473336262693607956e-01 3.136033363749496372e-01 4.179471732213409924e-02 -3.165705799243376806e-01 9.476477561815268569e-01 9.970161751447638165e-01 -4.839492719962589645e-02 -6.013882161209510580e-02 -4.814148939324253695e-01 1.593723326951951069e+00 1.720566193168316049e+00
1.583560845165011883e+09 8.375472204775386009e-02 9.499456034189747156e-01 3.009792311496542472e-01 4.647489786771427656e-02 -3.054355837641489213e-01 9.510779086407119554e-01 9.954020447837865770e-01 -6.566928678260880448e-02 -6.973029727143595369e-02 -4.823904724420083889e-01 1.600154712458164541e+00 1.729595316269409766e+00
1.583560845165026903e+09 1.025762856447758609e-01 9.520501394335180168e-01 2.882336519765056893e-01 5.143800523216875142e-02 -2.944511721165453677e-01 9.542812159539132422e-01 9.933943011719398308e-01 -8.306045841730611001e-02 -7.917526754272999345e-02 -4.831451417433583750e-01 1.606599309456189228e+00 1.738636177993354348e+00
1.583560845165040970e+09 1.213483000171836773e-01 9.536499282007567802e-01 2.753659474760888903e-01 5.668001345261265006e-02 -2.836206665053530585e-01 9.572599928293369365e-01 9.909903967853660456e-01 -1.005541271156055738e-01 -8.846977643830725158e-02 -4.836829290524935487e-01 1.613048843906126129e+00 1.747689013301824579e+00
1.583560845165059090e+09 1.400580064523577750e-01 9.547459588623845583e-01 2.623812290700504590e-01 6.220077065160294766e-02 -2.729536906060228141e-01 9.600142432174897378e-01 9.881876437827440407e-01 -1.181373663329082502e-01 -9.761528412536429888e-02 -4.840073841229274865e-01 1.619495320256687965e+00 1.756754177861954425e+00
1.583560845165077925e+09 1.586954605864455692e-01 9.553376356916963852e-01 2.492904994660419538e-01 6.800485733884083228e-02 -2.624669470469931376e-01 9.625416569435870651e-01 9.849827869240471712e-01 -1.357980266409055392e-01 -1.066199126224347676e-01 -4.841216347967167710e-01 1.625930949221791710e+00 1.765832127164556953e+00
1.583560845165096045e+09 1.772529021718154130e-01 9.554230869159689998e-01 2.361104279005966922e-01 7.410234162796781876e-02 -2.521847045522107034e-01 9.648376640765622403e-01 9.813716176908560129e-01 -1.535239403988218065e-01 -1.154995586965340548e-01 -4.840284434014255899e-01 1.632348084653786335e+00 1.774923399085751363e+00
1.583560845165113926e+09 1.957237857994776065e-01 9.549996985003826877e-01 2.228626842705421218e-01 8.050925045419514425e-02 -2.421388382882170009e-01 9.668955702914804329e-01 9.773486893832002975e-01 -1.713019537282530758e-01 -1.242786399735165831e-01 -4.837302642714292333e-01 1.638739169108931248e+00 1.784028599008197435e+00
1.583560845165132999e+09 2.141016050537668802e-01 9.540647867699656448e-01 2.095731038629564946e-01 8.724784913572883327e-02 -2.323686727531077412e-01 9.687066702617975755e-01 9.729071466040473126e-01 -1.891168502796199968e-01 -1.329906063258959048e-01 -4.832293030772434328e-01 1.645096687978417460e+00 1.793148386760134105e+00
1.583560845165150881e+09 2.323785133246979717e-01 9.526164210388967657e-01 1.962706840458327828e-01 9.434661621790361996e-02 -2.229205623730519115e-01 9.702603460644285693e-01 9.680387094197643316e-01 -2.069501817490470852e-01 -1.416780846948333950e-01 -4.825275790582023161e-01 1.651413132445403553e+00 1.802283464736329277e+00
1.583560845165170908e+09 2.505437788211761774e-01 9.506543994753332560e-01 1.829864152224734974e-01 1.018397833712784278e-01 -2.138471231248939008e-01 9.715441661188896072e-01 9.627338540853057625e-01 -2.247790496763434898e-01 -1.503925043627378222e-01 -4.816269912130569097e-01 1.657680971930906910e+00 1.811434566672816882e+00
1.583560845165189981e+09 2.685821600567260270e-01 9.481813650448168707e-01 1.697519448630372962e-01 1.097662979409358142e-01 -2.052060020148911146e-01 9.725440128029977371e-01 9.569822273813849423e-01 -2.425749290406215564e-01 -1.591930294357887798e-01 -4.805293886124311631e-01 1.663892636864317209e+00 1.820602446701550248e+00
1.583560845165208101e+09 2.864723740125156848e-01 9.452039948864381369e-01 1.565981720267650978e-01 1.181681924554669333e-01 -1.970581930766318324e-01 9.732442381533691345e-01 9.507732945401956570e-01 -2.603026643515198857e-01 -1.681447759061378555e-01 -4.792366438114887273e-01 1.670040512464068927e+00 1.829787868489633151e+00
1.583560845165227890e+09 3.041858524452554224e-01 9.417341814508406461e-01 1.435538197438204489e-01 1.270883508033521792e-01 -1.894658623674988496e-01 9.736278746795283823e-01 9.440971976744259031e-01 -2.779198067014201357e-01 -1.773162788076271812e-01 -4.777507276233328160e-01 1.676116943908860124e+00 1.838991594415266162e+00
1.583560845165246964e+09 3.216860188946644161e-01 9.377900624562400811e-01 1.306441904938589471e-01 1.365679414352091448e-01 -1.824899086648103519e-01 9.736768616297758472e-01 9.369457310951000428e-01 -2.953764250280965786e-01 -1.867765104720954250e-01 -4.760737823177140782e-01 1.682114252557454392e+00 1.848214374926118841e+00
1.583560845165273905e+09 3.389282341054635217e-01 9.333967857173383065e-01 1.178901736467723588e-01 1.466437298137718281e-01 -1.761873748796405348e-01 9.733722955297616775e-01 9.293133319999513642e-01 -3.126154983524417896e-01 -1.965916618294009932e-01 -4.742081898767811499e-01 1.688024762098868425e+00 1.857456938355241505e+00
1.583560845165287018e+09 3.558604726978741861e-01 9.285868984858022257e-01 1.053076276227731811e-01 1.573456280356140269e-01 -1.706089743003374459e-01 9.726946753693144210e-01 9.211979579398259510e-01 -3.295738920323319499e-01 -2.068220789035792873e-01 -4.721566318051608757e-01 1.693840832675210573e+00 1.866719981562859898e+00
1.583560845165297031e+09 3.724246610164372306e-01 9.234003079401781333e-01 9.290717769122487646e-02 1.686947687112862748e-01 -1.657969425120996709e-01 9.716241295524911115e-01 9.126017462628768229e-01 -3.461838320984307882e-01 -2.175196714217732252e-01 -4.699221367800411886e-01 1.699554899973769295e+00 1.876004161862000252e+00
1.583560845165307999e+09 3.885585110325046609e-01 9.178838161073208379e-01 8.069438726601661782e-02 1.807022519422357421e-01 -1.617833318824045685e-01 9.701406341008417256e-01 9.035313940619178474e-01 -3.623747426438455044e-01 -2.287259630697333068e-01 -4.675081141934697149e-01 1.705159516215154047e+00 1.885310090546192363e+00
1.583560845165322065e+09 4.041976233602150304e-01 9.120902794083644016e-01 6.867025544220974054e-02 1.933686494338152095e-01 -1.585888550685046749e-01 9.682242202763541306e-01 8.939982366294686456e-01 -3.780752540249276428e-01 -2.404709037310545083e-01 -4.649183723770409227e-01 1.710647389674245344e+00 1.894638328276783801e+00
1.583560845165335894e+09 4.192775495690035381e-01 9.060775101302178669e-01 5.683205580840399590e-02 2.066843763461505556e-01 -1.562224527714594635e-01 9.658551206521724941e-01 8.840180458646283990e-01 -3.932150700721995240e-01 -2.527726322164682293e-01 -4.621571218233755940e-01 1.716011419767184520e+00 1.903989382414118081e+00
1.583560845165350914e+09 4.337356157278847157e-01 8.999070487717956146e-01 4.517432593589615353e-02 2.206306461182847567e-01 -1.546813901837541250e-01 9.630139073709165221e-01 8.736106306912793107e-01 -4.077265892038630102e-01 -2.656379015562586599e-01 -4.592289656684807042e-01 1.721244725942234322e+00 1.913363706120306151e+00
1.583560845165364027e+09 4.475123958224015430e-01 8.936429084463844985e-01 3.368988383111367474e-02 2.351807719453945233e-01 -1.539517325807188419e-01 9.596816497193816353e-01 8.627993164740792587e-01 -4.215462212590508906e-01 -2.790629376644631621e-01 -4.561388807352375618e-01 1.726340669813706707e+00 1.922761698890149917e+00
1.583560845165375948e+09 4.605527515063888577e-01 8.873503872118456703e-01 2.237082695509419461e-02 2.503016811311781775e-01 -1.540091298659958807e-01 9.558400789914469620e-01 8.516103756528606850e-01 -4.346153226345714771e-01 -2.930346221105688542e-01 -4.528921925220147360e-01 1.731292870825184904e+00 1.932183708109320719e+00
1.583560845165385962e+09 4.728064740744999939e-01 8.810949934059048028e-01 1.120942335986026619e-02 2.659554274676187435e-01 -1.548197402872271977e-01 9.514717856476158087e-01 8.400724665714037753e-01 -4.468808130200349060e-01 -3.075317710530629522e-01 -4.494945466317430416e-01 1.736095215780926848e+00 1.941630031323603234e+00
1.583560845165395975e+09 4.842285792987200410e-01 8.749415088715091215e-01 1.988661939691625802e-04 2.821005974637171287e-01 -1.563412057617312445e-01 9.465604473868178825e-01 8.282161169157603586e-01 -4.582955202323076849e-01 -3.225264022678163145e-01 -4.459518785093893323e-01 1.740741862608808921e+00 1.951100918967868525e+00
1.583560845165409088e+09 4.947792873810621939e-01 8.689532160221110635e-01 -1.066609803497344661e-02 2.986935808624915922e-01 -1.585236408671453212e-01 9.410910690806271184e-01 8.160732822169802780e-01 -4.688182633804492405e-01 -3.379849616719476368e-01 -4.422703835323488764e-01 1.745227239457735058e+00 1.960596577249200445e+00
1.583560845165419102e+09 5.044237611324440262e-01 8.631912848681705386e-01 -2.138867542436892824e-02 3.156896544217085432e-01 -1.613105685244762832e-01 9.350502354627603374e-01 8.036769946402623210e-01 -4.784137400157050246e-01 -3.538694420178501998e-01 -4.384564886905302217e-01 1.749546039991809909e+00 1.970117170981803500e+00
