1.583560846930389881e+09 1.994592131982461103e-01 9.578350033727516255e-01 2.068045675211686307e-01 5.892913101746916071e-02 -2.223881257301523751e-01 9.731756672617203341e-01 9.781325984711084498e-01 -1.819220393255531476e-01 -1.008017449640182667e-01 -5.262239595171680495e-01 1.726654273469334200e+00 1.859921602815961972e+00
1.583560846930444956e+09 2.182788861022228744e-01 9.565396837197980284e-01 1.933550152299174929e-01 6.163137520496116822e-02 -2.112491344827164830e-01 9.754872511054089035e-01 9.739383460363316702e-01 -2.010115349667036255e-01 -1.050640818850374358e-01 -5.274706736027632292e-01 1.740546756835903874e+00 1.874056624066497756e+00
1.583560846930465937e+09 2.372141166344063357e-01 9.546086850788837452e-01 1.801436143877679641e-01 6.428787792282278368e-02 -2.004557551617631161e-01 9.775912025347054390e-01 9.693278764344972487e-01 -2.203173827239501004e-01 -1.089207014697391313e-01 -5.287235902034286283e-01 1.754436269515573077e+00 1.888194016095009475e+00
1.583560846930504084e+09 2.561775221398852609e-01 9.520816363208011168e-01 1.670737426838106721e-01 6.697951416087330467e-02 -1.899099133578937837e-01 9.795141498670384417e-01 9.643063943832527185e-01 -2.397389895708997853e-01 -1.124206164505008460e-01 -5.298325116607813801e-01 1.768397623907802529e+00 1.902272549136158730e+00
1.583560846930531025e+09 2.750823834166820081e-01 9.490004722306198959e-01 1.540382634391364303e-01 6.979128901107939376e-02 -1.795074887880053482e-01 9.812778596023903344e-01 9.588841737829231215e-01 -2.591817233175743307e-01 -1.156113140605877221e-01 -5.306805292149485709e-01 1.782491901668100898e+00 1.916236302804070313e+00
1.583560846930555105e+09 2.938465287002512971e-01 9.454060717730842223e-01 1.409311093726725861e-01 7.280272923823923048e-02 -1.691482121838418506e-01 9.828980848639587986e-01 9.530760623422054323e-01 -2.785610207686706197e-01 -1.185317572242709228e-01 -5.311892315227114691e-01 1.796759166494755311e+00 1.930039946967222031e+00
1.583560846930568933e+09 3.123934128988368752e-01 9.413366503650848482e-01 1.276544821798657192e-01 7.608355825934395855e-02 -1.587413724424035777e-01 9.843843096761467626e-01 9.469010762310552387e-01 -2.978027667296333503e-01 -1.212100009601822792e-01 -5.313173478247813497e-01 1.811216887003035847e+00 1.943652886391619372e+00
1.583560846930581093e+09 3.306510435187116070e-01 9.368277470349674063e-01 1.141212529252394331e-01 7.969374281017321815e-02 -1.482073012951575508e-01 9.857400790769801358e-01 9.403822601519249424e-01 -3.168412358588035271e-01 -1.236642083352450933e-01 -5.310554176124748782e-01 1.825862921298410768e+00 1.957061066276946537e+00
1.583560846930589914e+09 3.485491075260063187e-01 9.319135190408688318e-01 1.002532455114023557e-01 8.368649874869647787e-02 -1.374753699891915482e-01 9.869635722115277510e-01 9.335470475586691297e-01 -3.356154289994058293e-01 -1.259054970373534310e-01 -5.304185480171285105e-01 1.840681041117554706e+00 1.970266062982691579e+00
1.583560846930602074e+09 3.660143696690686399e-01 9.266291144521543455e-01 8.597654336613999582e-02 8.811307913576109374e-02 -1.264795269561703184e-01 9.880480832657706491e-01 9.264283927645428074e-01 -3.540641382752496846e-01 -1.279414688023951530e-01 -5.294386654937864867e-01 1.855647037770857821e+00 1.983281937531428785e+00
1.583560846930615902e+09 3.829542093484167853e-01 9.210175127550408458e-01 7.122369903807326819e-02 9.302570263130538475e-02 -1.151590615619788316e-01 9.889816021995156969e-01 9.190714295609896389e-01 -3.721090327249961804e-01 -1.297789486064279407e-01 -5.281571228806262175e-01 1.870734053169289979e+00 1.996130821948094214e+00
1.583560846930627108e+09 4.002086618191140754e-01 9.146396571283931243e-01 5.716052113853217070e-02 9.768539111088157811e-02 -1.045948920568922635e-01 9.897057508260350689e-01 9.112028269355163523e-01 -3.905050661069057183e-01 -1.312067143928536406e-01 -5.265584541500060167e-01 1.885935831851816680e+00 2.008807745827013491e+00
1.583560846930643082e+09 4.177626074014342272e-01 9.074971728992559106e-01 4.385528019329592436e-02 1.020880499987828899e-01 -9.484984010755756478e-02 9.902431712352383064e-01 9.028025444998193372e-01 -4.092094689733260515e-01 -1.322693332538698585e-01 -5.246355329830592051e-01 1.901239772847894249e+00 2.021315582571590053e+00
1.583560846930660009e+09 4.355909362430426812e-01 8.995980223370232398e-01 3.136773874612926172e-02 1.062326623353276045e-01 -8.597995847134150271e-02 9.906170140338895758e-01 8.938541034032729815e-01 -4.281715140326150526e-01 -1.330187835320712220e-01 -5.223818877135743000e-01 1.916632972499265897e+00 2.033657572011994041e+00
1.583560846930676937e+09 4.536599329228456212e-01 8.909560425472663470e-01 1.974831822642612866e-02 1.101203697901925321e-01 -7.803395706045686275e-02 9.908502439832987951e-01 8.843450513666614166e-01 -4.473343629419910261e-01 -1.335132885775155431e-01 -5.197917173863840778e-01 1.932102272560034972e+00 2.045837308838409196e+00
1.583560846930695057e+09 4.719288517669373295e-01 8.815903119267886057e-01 9.037773541466082722e-03 1.137536240383474895e-01 -7.105311091040833471e-02 9.909649684762323885e-01 8.742672774108396494e-01 -4.666368800424675611e-01 -1.338161059255297269e-01 -5.168598932457461048e-01 1.947634309815324816e+00 2.057858724801737704e+00
1.583560846930711985e+09 4.903514870274024995e-01 8.715244590764177346e-01 -7.327792245746169580e-04 1.171354973467967214e-01 -6.507148925717420873e-02 9.909818246800377040e-01 8.636172154948006385e-01 -4.860152456257466613e-01 -1.339943524651514839e-01 -5.135819483032805222e-01 1.963215564186353346e+00 2.069726066754937754e+00
1.583560846930731058e+09 5.088776427578537431e-01 8.607859801797254073e-01 -9.541571728955981074e-03 1.202691681793879586e-01 -6.011640883827494564e-02 9.909194441895023964e-01 8.523959598442286678e-01 -5.054043076309645555e-01 -1.341179102189734851e-01 -5.099540571344571838e-01 1.978832403159272335e+00 2.081443872096204295e+00
1.583560846930749893e+09 5.274544662020147490e-01 8.494055999711670468e-01 -1.737565495136315225e-02 1.231575572447369538e-01 -5.620908192989190755e-02 9.907940025560877384e-01 8.406093044058509101e-01 -5.247386647637601875e-01 -1.342584500895969146e-01 -5.059730092706228310e-01 1.994471120900967342e+00 2.093016943475755287e+00
1.583560846930763960e+09 5.460276002820980690e-01 8.374167160988990055e-01 -2.423022682784457121e-02 1.258031119054279778e-01 -5.336536871226378598e-02 9.906188544319753930e-01 8.282677328293508445e-01 -5.439534736230329237e-01 -1.344885930455327894e-01 -5.016361785112477545e-01 2.010117971267833870e+00 2.104450323921457588e+00
