1.583560843864195108e+09 1.157565763709533513e-01 1.790161760136456115e-01 9.770126017254943118e-01 2.028189123815629380e-01 -9.671608226794259355e-01 1.531810427772962724e-01 9.723501961586002995e-01 1.804249201963287197e-01 -1.482630917549768446e-01 4.873027352308471893e-02 1.602665634726160526e+00 1.666244142866296851e+00
1.583560843864252090e+09 9.423786726145551296e-02 1.722407814309027674e-01 9.805367600273154904e-01 2.057919661781754672e-01 -9.670177617136632708e-01 1.500876916964432872e-01 9.740476842503683619e-01 1.876426437964847926e-01 -1.265754605384432629e-01 4.232530688089063825e-02 1.602522530579761462e+00 1.662283933457821439e+00
1.583560843864274979e+09 7.267708190056081097e-02 1.655509432842237338e-01 9.835196628054425627e-01 2.092419630524914864e-01 -9.667121197721859627e-01 1.472599008405038601e-01 9.751593935501691179e-01 1.950911650803470454e-01 -1.048980202650100779e-01 3.602484506332993136e-02 1.602326288291497036e+00 1.658161676199970458e+00
1.583560843864294052e+09 5.109151141749861819e-02 1.589074730735028085e-01 9.859706246367609950e-01 2.130657747630329280e-01 -9.662647464770247607e-01 1.446907576612760371e-01 9.757010983152716310e-01 2.026841255431349464e-01 -8.322567019730017779e-02 2.982810679511358615e-02 1.602070072088617847e+00 1.653888255655020512e+00
1.583560843864310980e+09 2.949674302826343908e-02 1.522609335790989782e-01 9.879000710826388865e-01 2.171613762525937408e-01 -9.656997011521465391e-01 1.423552734232808592e-01 9.756899502338333141e-01 2.103347221258660138e-01 -6.155018981740521117e-02 2.373351875106264469e-02 1.601747503353547764e+00 1.649474721804112809e+00
1.583560843864326954e+09 7.907952071146535922e-03 1.455539507041126723e-01 9.893187109941224966e-01 2.214324129477258929e-01 -9.650430909990255213e-01 1.402124068137712565e-01 9.751436565802693579e-01 2.179584363652611045e-01 -3.986187703337636806e-02 1.773874862294486446e-02 1.601352740619216508e+00 1.644932230355218739e+00
1.583560843864343882e+09 -1.365873391924971730e-02 1.387240369249734262e-01 9.902368811394127723e-01 2.257920455765702328e-01 -9.643217849628146210e-01 1.382079853505928380e-01 9.740797664093916453e-01 2.254753571034902593e-01 -1.815136939939912541e-02 1.184074799253263290e-02 1.600880553543832185e+00 1.640271976822234468e+00
1.583560843864361048e+09 -3.518504611194998161e-02 1.317067427042708516e-01 9.906640937605986075e-01 2.301659187504848658e-01 -9.635620759345012720e-01 1.362783023148841643e-01 9.725151220268892782e-01 2.328120696726304062e-01 3.588572628388782357e-03 6.035804930053987466e-03 1.600326388805847433e+00 1.635505125394135506e+00
1.583560843864377022e+09 -5.664977171710036674e-02 1.244389366090534743e-01 9.906087798116427479e-01 2.344941765884586693e-01 -9.627883687841606308e-01 1.343541517653596140e-01 9.704654989828594980e-01 2.399031221780190681e-01 2.536153532273787217e-02 3.196060404550229604e-04 1.599686425813928059e+00 1.630642733732617922e+00
1.583560843864406109e+09 -7.802849207471994342e-02 1.168620543151237395e-01 9.900781862644670861e-01 2.387325471557099066e-01 -9.620219591696512751e-01 1.323651050006837693e-01 9.679454145613382021e-01 2.466921368449443985e-01 4.716634691894092124e-02 -5.312692196875259953e-03 1.598957619739860725e+00 1.625695674675038838e+00
1.583560843864423990e+09 -9.936588928003260712e-02 1.088979897880249653e-01 9.890741368060625982e-01 2.428665590523356177e-01 -9.612773880085138112e-01 1.302367759717543705e-01 9.649571258656023387e-01 2.531541253233219324e-01 6.907050243123723232e-02 -1.086638307289282054e-02 1.598137729039619259e+00 1.620674556079389594e+00
1.583560843864455938e+09 -1.206469806616908558e-01 1.009170966620739074e-01 9.875525534823236251e-01 2.471205446410597029e-01 -9.604482958326633346e-01 1.283374749102850765e-01 9.614446123883345630e-01 2.595280537400381782e-01 9.093649907752369976e-02 -1.632002563622326000e-02 1.597193879676058748e+00 1.615566301364832924e+00
1.583560843864473104e+09 -1.418731588369935848e-01 9.298050322022027858e-02 9.855083120164285226e-01 2.515150284852658014e-01 -9.595196999953206074e-01 1.267364816651276316e-01 9.573986617206948768e-01 2.658506561711106442e-01 1.127440968828783974e-01 -2.167810504379397846e-02 1.596126054882229583e+00 1.610381894905993372e+00
1.583560843864490032e+09 -1.630481569334121250e-01 8.516306349304118839e-02 9.829356801785354980e-01 2.560688716313987423e-01 -9.584745366307234615e-01 1.255201005012800131e-01 9.528084968758442352e-01 2.721650515624700062e-01 1.344698970859869724e-01 -2.694574111593204396e-02 1.594935019145565125e+00 1.605132058799576322e+00
1.583560843864505053e+09 -1.841771082994161091e-01 7.755413125638926930e-02 9.798286328406996537e-01 2.607966848065628174e-01 -9.572941115331763395e-01 1.247921200866551200e-01 9.476623249813054262e-01 2.785199109475595680e-01 1.560858009234463439e-01 -3.212859518015410282e-02 1.593622324122715650e+00 1.599827137444380210e+00
1.583560843864521980e+09 -2.052650390504009437e-01 7.025820603946852927e-02 9.761813604339594219e-01 2.657060245664891740e-01 -9.559585712315611383e-01 1.246736484422188151e-01 9.419482854536782579e-01 2.849684098608675775e-01 1.775568448282633660e-01 -3.723276035647612309e-02 1.592190288813495336e+00 1.594476987186218109e+00
1.583560843864538908e+09 -2.263147229700762098e-01 6.339532503039251032e-02 9.719890324289730543e-01 2.707944130466392596e-01 -9.544473639374879692e-01 1.253020963648094621e-01 9.356559368944911137e-01 2.915669087587072772e-01 1.988383909211385858e-01 -4.226463787825592705e-02 1.590641950666078941e+00 1.589090876098793625e+00
1.583560843864554882e+09 -2.473238614950739878e-01 5.710094665416078075e-02 9.672488767929932063e-01 2.760462564192264767e-01 -9.527396710485722675e-01 1.268289538910514214e-01 9.287784300187359454e-01 2.983732580980339999e-01 2.198727518748515297e-01 -4.723080355973926364e-02 1.588980985588894113e+00 1.583677399536038921e+00
1.583560843864572048e+09 -2.682816516165827947e-01 5.152514038775617838e-02 9.619615977495377113e-01 2.814298678720291713e-01 -9.508147550768920597e-01 1.294161157488175617e-01 9.213154644806150761e-01 3.054446946393681861e-01 2.405854394153058851e-01 -5.213786990380733788e-02 1.587211596444229045e+00 1.578244417205057815e+00
1.583560843864588976e+09 -2.891649030873731929e-01 4.683090435958590925e-02 9.561331107383931327e-01 2.868948841939603089e-01 -9.486521689162817905e-01 1.332305815182003028e-01 9.132770578861929556e-01 3.128353062800758866e-01 2.608813655984549285e-01 -5.699235016952273331e-02 1.585338370860284174e+00 1.572799017098495566e+00
1.583560843864604950e+09 -3.099339647738674208e-01 4.319149617785947998e-02 9.497765170651525368e-01 2.923704374293767949e-01 -9.462317810247093952e-01 1.384375090575914180e-01 9.046880484521131471e-01 3.205930618178402525e-01 2.806414508501798299e-01 -6.180053146063473751e-02 1.583366110919638414e+00 1.567347511026093487e+00
1.583560843864622116e+09 -3.305287837919180238e-01 4.078675129258330090e-02 9.429141871002766351e-01 2.977644696177794703e-01 -9.435336055580177961e-01 1.451917898293115516e-01 8.955931240988850295e-01 3.287564085334764297e-01 2.997201697385304953e-01 -6.656836428721785159e-02 1.581299639180909322e+00 1.561895465561326413e+00
1.583560843864636898e+09 -3.508654478664982590e-01 3.979821804855563500e-02 9.355797879200599132e-01 3.029645490027720878e-01 -9.405375244827008929e-01 1.536282757353258088e-01 8.860620292934719977e-01 3.373503622816748093e-01 3.179446705731697742e-01 -7.130137600935965159e-02 1.579143587525236869e+00 1.556447770970473377e+00
1.583560843864655018e+09 -3.708335971564074018e-01 4.040308618461001949e-02 9.278200440159403151e-01 3.078405218378063579e-01 -9.372230462265547235e-01 1.638510749258417221e-01 8.761944170953908095e-01 3.463820900415595649e-01 3.351160864274252971e-01 -7.600461473876306273e-02 1.576902176656405974e+00 1.551008749199018988e+00
1.583560843864670992e+09 -3.902951331429800330e-01 4.276675816131256247e-02 9.196959898097948338e-01 3.122492413514791898e-01 -9.335693507674710512e-01 1.759223652664371196e-01 8.661236173518378489e-01 3.558360180738975309e-01 3.510136862571091587e-01 -8.068262912925902586e-02 1.574578995624298372e+00 1.545582300423498756e+00
1.583560843864687920e+09 -4.090847332308604756e-01 4.703403143926983276e-02 9.112834252607409091e-01 3.160414799278951081e-01 -9.295559147704200997e-01 1.898514795787034637e-01 8.560183784339161495e-01 3.656687042372668284e-01 3.654024285057931865e-01 -8.533948785449284313e-02 1.572176792152195413e+00 1.540172085977587813e+00
1.583560843864705086e+09 -4.270127002058649035e-01 5.331921919447167590e-02 9.026722633150587871e-01 3.190708501383778817e-01 -9.251639831780513745e-01 2.055854976402871070e-01 8.460815248361519547e-01 3.758040249298275626e-01 3.780441619845462675e-01 -8.997884041289173906e-02 1.569697285615080595e+00 1.534781743666554066e+00
1.583560843864722013e+09 -4.438706346497263699e-01 6.169580534058943799e-02 8.939644777786016627e-01 3.212041614042636106e-01 -9.203790618965886905e-01 2.230028455801600085e-01 8.365445275695237992e-01 3.861295250132859014e-01 3.887122888970973578e-01 -9.460401816596207547e-02 1.567141014556353795e+00 1.529415129828614051e+00
1.583560843864738941e+09 -4.594402044195630141e-01 7.218671413322261254e-02 8.852704542096168083e-01 3.223321443825558630e-01 -9.151943785419071054e-01 2.419116330417888094e-01 8.276573490733530880e-01 3.964950540067682105e-01 3.972089939895164790e-01 -9.921817161629563342e-02 1.564507230360073109e+00 1.524076580980580076e+00
1.583560843864754915e+09 -4.735048113589419572e-01 8.475675678921078260e-02 8.767037618428760171e-01 3.223789911989579093e-01 -9.096149271000386616e-01 2.620543272839489513e-01 8.196737032918977039e-01 4.067148591361056664e-01 4.033832467056209792e-01 -1.038244369699359154e-01 1.561793848327841960e+00 1.518771186320656330e+00
1.583560843864769936e+09 -4.858632891852026070e-01 9.930898201710752771e-02 8.683746832697305518e-01 3.213089256302666952e-01 -9.036613640173553064e-01 2.831196099010562794e-01 8.128329710018218357e-01 4.165739614315715489e-01 4.071470203043158764e-01 -1.084261219205255727e-01 1.558997465323344267e+00 1.513505061296878340e+00
1.583560843864783049e+09 -4.963442227096133141e-01 1.156862005248453090e-01 8.603831215347368389e-01 3.191283152371808263e-01 -8.973727799936924709e-01 3.047609098263426297e-01 8.073410253494904820e-01 4.258389329400104062e-01 4.084870526874390673e-01 -1.130268979336455926e-01 1.556113450548894939e+00 1.508285611717078201e+00
1.583560843864794970e+09 -5.048191521551400607e-01 1.336781954877113709e-01 8.528116813807474772e-01 3.158826389159789527e-01 -8.908073354706246283e-01 3.266197322898800603e-01 8.033528379642025374e-01 4.342723007505299715e-01 4.074699826598602304e-01 -1.176309842963720320e-01 1.553136112687296677e+00 1.503121777571748696e+00
1.583560843864806890e+09 -5.112128195522723795e-01 1.530342643841716699e-01 8.457197924139850942e-01 3.116486987460983515e-01 -8.840400221672142234e-01 3.483508688009327448e-01 8.009597629795419671e-01 4.416489026485367897e-01 4.042396629602579283e-01 -1.222433081170283820e-01 1.550058942519297656e+00 1.498024246033016427e+00
1.583560843864819050e+09 -5.155088774313714151e-01 1.734797719535546845e-01 8.391396583664323394e-01 3.065235425413111447e-01 -8.771573999281067069e-01 3.696460653614456748e-01 8.001836760238624224e-01 4.477718889762797305e-01 3.990067922989235516e-01 -1.268696246280322792e-01 1.546874925303655335e+00 1.493005624213431526e+00
1.583560843864833117e+09 -5.177503118876061183e-01 1.947345069404540219e-01 8.330744784098764733e-01 3.006123534004457865e-01 -8.702498535757707820e-01 3.902530017210689151e-01 8.009786687183282350e-01 4.524860928741045174e-01 3.920325346790308196e-01 -1.315165836611318917e-01 1.543576912943819712e+00 1.488080563678144230e+00
1.583560843864847898e+09 -5.180347721876820133e-01 2.165303818763345545e-01 8.274989841443238792e-01 2.940176862546799441e-01 -8.634024767289870672e-01 4.099875161094604370e-01 8.032394258209341054e-01 4.556871262088972308e-01 3.836087434450057843e-01 -1.361917307353657791e-01 1.540158042961369267e+00 1.483265829735943786e+00
1.583560843864862919e+09 -5.165057625972427902e-01 2.386263520439713681e-01 8.223620015206017930e-01 2.868319069052283066e-01 -8.566859587661890263e-01 4.287384112158316163e-01 8.068142627674589340e-01 4.573255211072799198e-01 3.740375828337043074e-01 -1.409034346129325044e-01 1.536612188768080811e+00 1.478580309522945946e+00
1.583560843864877939e+09 -5.133410828859273911e-01 2.608191350940791686e-01 8.175905525513507133e-01 2.791337751590934335e-01 -8.501487912080768483e-01 4.464654167914779426e-01 8.115203438040193840e-01 4.574061779997327659e-01 3.636128712697150878e-01 -1.456607372795991617e-01 1.532934423706036720e+00 1.474044953909328770e+00
1.583560843864893913e+09 -5.087400584443484419e-01 2.829491218969523714e-01 8.130949191716350111e-01 2.709891684088817643e-01 -8.438117629843523426e-01 4.631917305740805291e-01 8.171587506481053920e-01 4.559841040716789418e-01 3.526046983610671148e-01 -1.504731268043595915e-01 1.529121480117855869e+00 1.469682649092998616e+00
1.583560843864907026e+09 -5.029109021407661695e-01 3.049016189186927739e-01 8.087741511198686117e-01 2.624551709068778660e-01 -8.376652676253609764e-01 4.789928837637188463e-01 8.235277214488156972e-01 4.531577013544000887e-01 3.412479889195559890e-01 -1.553502385043922795e-01 1.525172183459305941e+00 1.465518015564972298e+00
1.583560843864922047e+09 -4.960591162626916684e-01 3.266040636913885020e-01 8.045216833522215172e-01 2.535862521491774602e-01 -8.316695919329770703e-01 4.939835043732521136e-01 8.304332400120351121e-01 4.490606590862204484e-01 3.297349823377651590e-01 -1.603014946681517450e-01 1.521087841551118425e+00 1.461577133857572708e+00
1.583560843864937067e+09 -4.883775741181434205e-01 3.480200999720325927e-01 8.002308137936685606e-01 2.444411134179899081e-01 -8.257580252632673590e-01 5.083032813214881651e-01 8.376967753271541417e-01 4.438532345675295088e-01 3.182112804467376321e-01 -1.653356974354948383e-01 1.516872570154182309e+00 1.457887198275410467e+00
1.583560843864953041e+09 -4.800386940388369772e-01 3.691415194823002843e-01 7.957998435855146990e-01 2.350888652798429623e-01 -8.198423737997354577e-01 5.221031579695338820e-01 8.451603858864625840e-01 4.377134003278916330e-01 3.067750014827865246e-01 -1.704605924095397296e-01 1.512533538810699740e+00 1.454476099690279467e+00
1.583560843864969015e+09 -4.711889277788292585e-01 3.899791092671647252e-01 7.911367068369217215e-01 2.256134316468724199e-01 -8.138202884105287804e-01 5.355325551727319056e-01 8.526896117724985791e-01 4.308280777979427989e-01 2.954785839774494161e-01 -1.756824233457745243e-01 1.508081122551419240e+00 1.451371940193932897e+00
1.583560843864983082e+09 -4.619456312856720093e-01 4.105534123261422863e-01 7.861629154280848075e-01 2.161154024326625289e-01 -8.075836979387444048e-01 5.487282603191314667e-01 8.601746141300251614e-01 4.233845374668656070e-01 2.843328452243145121e-01 -1.810055004403839096e-01 1.503528946920814624e+00 1.448602484954484515e+00
1.583560843864996910e+09 -4.523962530818275152e-01 4.308863257550629156e-01 7.808166268118067466e-01 2.067109360178027433e-01 -8.010275680017443500e-01 5.618055039333130773e-01 8.675299530016966632e-01 4.155620407307081265e-01 2.733129546540499222e-01 -1.864318062922682429e-01 1.498893815962973886e+00 1.446194560359560954e+00
1.583560843865011930e+09 -4.425996756685656175e-01 4.509943356967813233e-01 7.750546022690548709e-01 1.975277821822914726e-01 -7.940581261163497384e-01 5.748516918585573343e-01 8.746932620020617666e-01 4.075239890344208860e-01 2.623659581630004012e-01 -1.919606644813458829e-01 1.494195515639537675e+00 1.444173413100138026e+00
1.583560843865027905e+09 -4.325894120451443947e-01 4.708839818139658462e-01 7.688528314888384285e-01 1.886990158924560235e-01 -7.865996728496486012e-01 5.879231549207376561e-01 8.816229819008817303e-01 3.994111045867845822e-01 2.514193460139566016e-01 -1.975884958072804398e-01 1.489456489228043523e+00 1.442562053957839874e+00
1.583560843865040064e+09 -4.223781689372371195e-01 4.905498096597659119e-01 7.622057247744451480e-01 1.803554398162663663e-01 -7.785992806863010207e-01 6.010449862209690242e-01 8.882953326245491832e-01 3.913362294548210496e-01 2.403900118279639619e-01 -2.033086842754913970e-01 1.484701388361343577e+00 1.441380616408806103e+00
1.583560843865055084e+09 -4.119631683943922318e-01 5.099746838733797416e-01 7.551239434196500566e-01 1.726178390113716210e-01 -7.700289682619601006e-01 6.142137003603667100e-01 8.947007487258429315e-01 3.833812853741754845e-01 2.291928456287074811e-01 -2.091115694554897542e-01 1.479956511941021402e+00 1.440645765138506507e+00
1.583560843865067959e+09 -4.013315834719474173e-01 5.291319736997637246e-01 7.476311354855645908e-01 1.655902773220704061e-01 -7.608853074766085411e-01 6.274021110424602421e-01 9.008400637148364920e-01 3.755967297615047662e-01 2.177481950139561195e-01 -2.149845739751244933e-01 1.475249154629524106e+00 1.440370192825994433e+00
1.583560843865080118e+09 -3.904655043581523599e-01 5.479888719043801704e-01 7.397600194699909260e-01 1.593553843742561704e-01 -7.511868091430263794e-01 6.405655620296493158e-01 9.067207682671732938e-01 3.680034975031268862e-01 2.059875589728087930e-01 -2.209124645130210174e-01 1.470606895874727815e+00 1.440562240916067882e+00
1.583560843865093946e+09 -3.793460023229957567e-01 5.665100359267162267e-01 7.315483510656115573e-01 1.539721214874214816e-01 -7.409697529119778636e-01 6.536485378948951874e-01 9.123536576110137242e-01 3.605970113621861928e-01 1.938571615225691547e-01 -2.268777333677950980e-01 1.466056866929705604e+00 1.441225670742081411e+00
1.583560843865123987e+09 -3.679560528100730976e-01 5.846608436407447762e-01 7.230352974403574384e-01 1.494761198081226428e-01 -7.302832477427558810e-01 6.665907797827008707e-01 9.177500929107362815e-01 3.533526229172923028e-01 1.813193069502742338e-01 -2.328610779444593992e-01 1.461625035335321954e+00 1.442359598182476610e+00
1.583560843865143061e+09 -3.562822973261779436e-01 6.024098082832273215e-01 7.142586000371917709e-01 1.458820448848647811e-01 -7.191843515668245868e-01 6.793322437949820269e-01 9.229200148563296846e-01 3.462315576200853950e-01 1.683518782748937292e-01 -2.388419489145593433e-01 1.457335544081723944e+00 1.443958592325211177e+00
1.583560843865180016e+09 -3.443157905424443777e-01 6.197299873038555340e-01 7.052527060922471058e-01 1.431872865922819704e-01 -7.077338431411647202e-01 6.918166001541777854e-01 9.278707008908698706e-01 3.391866009425888451e-01 1.549464823815687453e-01 -2.447991345044225331e-01 1.453210137446215633e+00 1.446012927980361296e+00
1.583560843865206957e+09 -3.320519902936186485e-01 6.365994728423295390e-01 6.960478339524213132e-01 1.413761520697233987e-01 -6.959929870345955560e-01 7.039932852254545681e-01 9.326061653228615578e-01 3.321669359358849216e-01 1.411058726838677613e-01 -2.507113478688731134e-01 1.449267698559616013e+00 1.448508973613642947e+00
1.583560843865226984e+09 -3.194902487314296713e-01 6.530011753512111605e-01 6.866698232676375913e-01 1.404239859114116418e-01 -6.840213605806710895e-01 7.158183306314722660e-01 9.371270380137336486e-01 3.251218900909284004e-01 1.268411267705839562e-01 -2.565577865345746167e-01 1.445523915153492434e+00 1.451429688557209552e+00
1.583560843865286112e+09 -3.066330529502889757e-01 6.689221695476134100e-01 6.771405335357217892e-01 1.403007601449725583e-01 -6.718756442650939409e-01 7.272542989656481938e-01 9.414307556963963375e-01 3.180035375455953495e-01 1.121689911273255069e-01 -2.623186372331056671e-01 1.441991080754792431e+00 1.454755198350708545e+00
1.583560843865299940e+09 -2.934852240172893811e-01 6.843528599714342464e-01 6.674785289156368595e-01 1.409738672283293026e-01 -6.596091598874316286e-01 7.382696830895837392e-01 9.455119207455607855e-01 3.107682728422032081e-01 9.710967282324212135e-02 -2.679755054007290083e-01 1.438678029744006492e+00 1.458463414981511441e+00
1.583560843865309954e+09 -2.800532303949094803e-01 6.992861701060913981e-01 6.576998104566194048e-01 1.424100299643612511e-01 -6.472718895506140990e-01 7.488380895634487722e-01 9.493627187436871617e-01 3.033775757419179264e-01 8.168521916279825046e-02 -2.735117557127473842e-01 1.435590196445764910e+00 1.462530668729778993e+00
1.583560843865319967e+09 -2.663447124724676596e-01 7.137168879843079905e-01 6.478184145074111777e-01 1.445763885567565021e-01 -6.349107140502548985e-01 7.589374500405087209e-01 9.529733271393256988e-01 2.957982237277849147e-01 6.591850145151771645e-02 -2.789127567645615646e-01 1.432729782901743576e+00 1.466932322628525798e+00
1.583560843865333080e+09 -2.523682319066942736e-01 7.276412110523045040e-01 6.378468027148582742e-01 1.474409705061456854e-01 -6.225696748611861953e-01 7.685493869474825379e-01 9.563322832411645935e-01 2.880022015454196116e-01 4.983268173453228589e-02 -2.841660296681197684e-01 1.430096015300069245e+00 1.471643344499739658e+00
1.583560843865350008e+09 -2.381332184455652867e-01 7.410564836821733614e-01 6.277960325585947299e-01 1.509727563422146035e-01 -6.102901405981375760e-01 7.776587755237178712e-01 9.594268066629707548e-01 2.799664845258477142e-01 3.345101540843661153e-02 -2.892613052437213450e-01 1.427685467673143416e+00 1.476638818651213825e+00
1.583560843865367889e+09 -2.236500595655242507e-01 7.539610903786553298e-01 6.176757444503622185e-01 1.551415318943658306e-01 -5.981108294266747061e-01 7.862534838217971611e-01 9.622430857977664065e-01 2.716727997001233130e-01 1.679684406701508967e-02 -2.941904976475456790e-01 1.425492432072521520e+00 1.481894386380073980e+00
1.583560843865382910e+09 -2.089302792232404504e-01 7.663544653814611252e-01 6.074940098836664193e-01 1.599176544192371652e-01 -5.860676813301584076e-01 7.943242516272871478e-01 9.647665429812378735e-01 2.631074048222599715e-01 -1.063242643590464609e-04 -2.989476053131739919e-01 1.423509314566328898e+00 1.487386608759721174e+00
1.583560843865391970e+09 -1.939867198772717571e-01 7.782371512171823991e-01 5.972571382642185567e-01 1.652718672593726512e-01 -5.741936400022995546e-01 8.018646230451986767e-01 9.669820901290925308e-01 2.542608904866234254e-01 -1.723476636462756978e-02 -3.035285534175095612e-01 1.421727036305671543e+00 1.493093248201746936e+00
1.583560843865401030e+09 -1.788336905416820222e-01 7.896108757340669637e-01 5.869694849655001656e-01 1.711751872545997366e-01 -5.625183904533742618e-01 8.088708893809979372e-01 9.688743812390979704e-01 2.451279778228889206e-01 -3.456454976039392835e-02 -3.079309932889004453e-01 1.420135421561204758e+00 1.498993470294119668e+00
1.583560843865411043e+09 -1.634870953946605532e-01 8.004786592174303328e-01 5.766332335270185627e-01 1.775988113922400968e-01 -5.510680482754020115e-01 8.153420560598548805e-01 9.704280663998418044e-01 2.357072813833554492e-01 -5.207154385510660843e-02 -3.121540740859922169e-01 1.418723558160455145e+00 1.505067971539092442e+00
1.583560843865420103e+09 -1.479644765566595632e-01 8.108448929703818697e-01 5.662482436635954963e-01 1.845141092194818033e-01 -5.398648892393842491e-01 8.212797604247881189e-01 9.716280447786784791e-01 2.260010201357903203e-01 -6.973149740444808953e-02 -3.161982018268552075e-01 1.417480118861393024e+00 1.511299040835960561e+00
1.583560843865428925e+09 -1.322849455814341380e-01 8.207153580019391770e-01 5.558120136729760574e-01 1.918927052481441964e-01 -5.289271851541575975e-01 8.266881047259342363e-01 9.724597076837153686e-01 2.160146618608118629e-01 -8.752018639139133582e-02 -3.200647987050410648e-01 1.416393636662443667e+00 1.517670564992006810e+00
1.583560843865443945e+09 -1.164690389588186603e-01 8.300972017966563588e-01 5.453197215985436941e-01 1.997065864601177965e-01 -5.182691374527279571e-01 8.315734366286370305e-01 9.729091645732685922e-01 2.057564991187735282e-01 -1.054135702500052785e-01 -3.237560725583082388e-01 1.415452731423688881e+00 1.524167989845807814e+00
1.583560843865456104e+09 -1.005385265352483765e-01 8.389988871253998282e-01 5.347643147363186911e-01 2.079281948040885841e-01 -5.079008919811893730e-01 8.359441068325885738e-01 9.729634477762855171e-01 1.952371673766054305e-01 -1.233879167470003368e-01 -3.272748033482968943e-01 1.414646288550002184e+00 1.530778248432182576e+00
1.583560843865467072e+09 -8.451619429562162722e-02 8.474301221592700495e-01 5.241366245454061046e-01 2.165304834219919650e-01 -4.978286167317623745e-01 8.398102274501588749e-01 9.726106944048602543e-01 1.844691210476243903e-01 -1.414198739298490048e-01 -3.306241513028283507e-01 1.413963592527606616e+00 1.537489666276487421e+00
1.583560843865478992e+09 -6.842561449305586962e-02 8.554017753365419363e-01 5.134254943643551394e-01 2.254869302401293074e-01 -4.880546287399500360e-01 8.431834460390583708e-01 9.718403057039383119e-01 1.734660840577938734e-01 -1.594864825747059622e-01 -3.338074887338642327e-01 1.413394420022207942e+00 1.544291852727936787e+00
1.583560843865489960e+09 -5.229090736949620205e-02 8.629257715397468109e-01 5.026179205419857299e-01 2.347715147883654707e-01 -4.785775664830682619e-01 8.460767392624796157e-01 9.706430842836462070e-01 1.622424909665971526e-01 -1.775651353458952975e-01 -3.368282564674156543e-01 1.412929097602332096e+00 1.551175585175316396e+00
1.583560843865500927e+09 -3.613649956754816372e-02 8.700149680772791827e-01 4.916992057665314220e-01 2.443586630853720187e-01 -4.693926018483388085e-01 8.485042304685851411e-01 9.690113504959008139e-01 1.508129333195207811e-01 -1.956334889194445981e-01 -3.396898458225397488e-01 1.412558528787556167e+00 1.558132690908185181e+00
1.583560843865514040e+09 -1.998683344617887062e-02 8.766829541810355897e-01 4.806532269403268609e-01 2.542232345771305857e-01 -4.604917866728711617e-01 8.504809588849578939e-01 9.669390227434920826e-01 1.391916393379367956e-01 -2.136694036763347737e-01 -3.423955061403051170e-01 1.412274195451578507e+00 1.565155930321844968e+00
1.583560843865524054e+09 -3.866004537056641488e-03 8.829437329913745192e-01 4.694629044036578991e-01 2.643406101871513258e-01 -4.518646194942888550e-01 8.520225392987414992e-01 9.644216380957902901e-01 1.273920336137256415e-01 -2.316509744799582216e-01 -3.449482759223668760e-01 1.412068139285491686e+00 1.572238884674326487e+00
1.583560843865535975e+09 1.220258693946530033e-02 8.888113677638911359e-01 4.581107394905822860e-01 2.746867995785683414e-01 -4.434987024913480957e-01 8.531448077810024344e-01 9.614563220552996281e-01 1.154263991951465784e-01 -2.495565815238323937e-01 -3.473509341502750702e-01 1.411932929025501604e+00 1.579375850884769950e+00
1.583560843865545988e+09 2.819662184293752344e-02 8.942995243059487231e-01 4.465795691405314294e-01 2.852386857095935424e-01 -4.353806286345853205e-01 8.538633382470093292e-01 9.580416707535903686e-01 1.033057077130976747e-01 -2.673650838959487630e-01 -3.496059688992686487e-01 1.411861617956638559e+00 1.586561744571447718e+00
1.583560843865557909e+09 4.409527566922881447e-02 8.994209016184195882e-01 4.348535944734808756e-01 2.959744700323512223e-01 -4.274971527947118433e-01 8.541927753495655029e-01 9.541775096698953407e-01 9.103969626303556884e-02 -2.850562295015027225e-01 -3.517155614360377158e-01 1.411847695039611716e+00 1.593792011547535248e+00
1.583560843865567923e+09 5.987958386721380782e-02 9.041866278222249198e-01 4.229195877874484255e-01 3.068742906405994009e-01 -4.198365477553732683e-01 8.541460313849082997e-01 9.498645194894124177e-01 7.863723957991089475e-02 -3.026112677999976408e-01 -3.536815833968767753e-01 1.411885032776064142e+00 1.601062547883155940e+00
1.583560843865580082e+09 7.553265175019152622e-02 9.086057583893069056e-01 4.107680544690878177e-01 3.179209001603949813e-01 -4.123899139715123119e-01 8.537334830693255050e-01 9.451037614801103270e-01 6.610699577057765897e-02 -3.200136643636612432e-01 -3.555056031770332803e-01 1.411967834844139791e+00 1.608369628745174307e+00
1.583560843865597963e+09 9.103964379463749812e-02 9.126849805788775916e-01 3.983941637554724302e-01 3.291002999787305261e-01 -4.051522445158683983e-01 8.529622801364507012e-01 9.398961517170757451e-01 5.345825664860726772e-02 -3.372498169260378376e-01 -3.571888981931274354e-01 1.412090585542124854e+00 1.615709845718818594e+00
1.583560843865611076e+09 1.063875585948049762e-01 9.164285310443187615e-01 3.857984384301366698e-01 3.404023282855026533e-01 -3.981232197952251917e-01 8.518357569247732020e-01 9.342419078979090630e-01 4.070196018834529306e-02 -3.543097630565997802e-01 -3.587324705450289364e-01 1.412248002175108486e+00 1.623080051921063305e+00
1.583560843865621090e+09 1.215648119300887509e-01 9.198382909835927101e-01 3.729872855362881823e-01 3.518212487999292093e-01 -3.913077973621746364e-01 8.503528777127359328e-01 9.281399709039709345e-01 2.785186493132833438e-02 -3.711879150286895301e-01 -3.601370661172680343e-01 1.412434990506254318e+00 1.630477313692029862e+00
1.583560843865629911e+09 1.365606062088877692e-01 9.229140872635307469e-01 3.599733165018320080e-01 3.633562688910271232e-01 -3.847165286575737198e-01 8.485077574502000175e-01 9.215874472253936522e-01 1.492582745492378703e-02 -3.878837416346430644e-01 -3.614031966969477039e-01 1.412646603535657297e+00 1.637898868000053909e+00
1.583560843865643024e+09 1.513640781666077129e-01 9.256542239783824844e-01 3.467753937387927921e-01 3.750118795122490689e-01 -3.783655199609166075e-01 8.462893261452050231e-01 9.145791416039106281e-01 1.947088461231503975e-03 -4.044022784588393038e-01 -3.625311643850804844e-01 1.412878003863756948e+00 1.645342084901962210e+00
1.583560843865653992e+09 1.659632449286282396e-01 9.280562658755531213e-01 3.334183092345527899e-01 3.867978548033817465e-01 -3.722759240029406835e-01 8.436812525741983482e-01 9.071072819910416252e-01 -1.105459159768591541e-02 -4.207542931409680720e-01 -3.635210884089525862e-01 1.413124429691702710e+00 1.652804434384842036e+00
1.583560843865669012e+09 1.803438338721704837e-01 9.301179433074264757e-01 3.199323574645004942e-01 3.987290392139901662e-01 -3.664731909393568743e-01 8.406619734638433039e-01 8.991614176876295828e-01 -2.404188177881404209e-02 -4.369562141629617646e-01 -3.643729347588843259e-01 1.413381164543613844e+00 1.660283457053509881e+00
1.583560843865679026e+09 1.944880417603859213e-01 9.318381664085577665e-01 3.063527924917452960e-01 4.108248339398572480e-01 -3.609860447720822929e-01 8.372048920760117863e-01 8.907285543946571460e-01 -3.696900490869747119e-02 -4.530297289308809483e-01 -3.650865494141523615e-01 1.413643510900086220e+00 1.667776738282698457e+00
1.583560843865688086e+09 2.083733064434406257e-01 9.332181230737994770e-01 2.927191489455134854e-01 4.231082925786490700e-01 -3.558451497628827842e-01 8.332788261796416629e-01 8.817935915471643016e-01 -4.978116488396152478e-02 -4.690009571016579559e-01 -3.656616959738926420e-01 1.413906768120079871e+00 1.675281885658850056e+00
1.583560843865696907e+09 2.219712234745560842e-01 9.342624164650814578e-01 2.790743867877848450e-01 4.356047421724518753e-01 -3.510814336548968573e-01 8.288488013851522673e-01 8.723401198636647758e-01 -6.241445621422213319e-02 -4.848991144195382019e-01 -3.660980979640066080e-01 1.414166215216066114e+00 1.682796509772826132e+00
1.583560843865705967e+09 2.352467704658337544e-01 9.349801442516142425e-01 2.654639091695303321e-01 4.483399780410575741e-01 -3.467241464442927801e-01 8.238771937494872022e-01 8.623515647635424664e-01 -7.479636588118204754e-02 -5.007547130421845516e-01 -3.663954852921503802e-01 1.414417099098979502e+00 1.690318208591670368e+00
1.583560843865715027e+09 2.481580211465812813e-01 9.353858219591102419e-01 2.519344376012047082e-01 4.613380892693410562e-01 -3.427987151836672242e-01 8.183252460211953849e-01 8.518126343869952821e-01 -8.684702164169480487e-02 -5.165973586496321879e-01 -3.665536437972973238e-01 1.414654628809434378e+00 1.697844555686446544e+00
1.583560843865725040e+09 2.606564587234420083e-01 9.355000076815237486e-01 2.385329041968138608e-01 4.746192118667471038e-01 -3.393246389196515889e-01 8.121547839956033688e-01 8.407108982407657249e-01 -9.848109093623640120e-02 -5.324534350911225289e-01 -3.665724659234694816e-01 1.414873975986826959e+00 1.705373092570235061e+00
1.583560843865734100e+09 2.726879426394100414e-01 9.353495438279353369e-01 2.253053861559949911e-01 4.881974242103573336e-01 -3.363135703921585895e-01 8.053300301009271855e-01 8.290383351196991546e-01 -1.096102798706428683e-01 -5.483438936304108058e-01 -3.664520001150110007e-01 1.415070281429158250e+00 1.712901325246607653e+00
1.583560843865742922e+09 2.841942502014216387e-01 9.349673542559493455e-01 2.122961960540619697e-01 5.020790882059158466e-01 -3.337677969927479449e-01 7.978193071710116824e-01 8.167926404539560536e-01 -1.201461792519828986e-01 -5.642824455399328976e-01 -3.661924962799335548e-01 1.415238667126168970e+00 1.720426724842906818e+00
1.583560843865751982e+09 2.951150201401596118e-01 9.343918054018125474e-01 1.995471851882591741e-01 5.162618351036728503e-01 -3.316792525679559400e-01 7.895964735542195800e-01 8.039781356854752703e-01 -1.300031831791400583e-01 -5.802743574690518713e-01 -3.657944443269785517e-01 1.415374252579669978e+00 1.727946731910386946e+00
1.583560843865761042e+09 3.053898909043067933e-01 9.336656971974935937e-01 1.870972491543283212e-01 5.307342499158684834e-01 -3.300290977952677896e-01 7.806420118034842481e-01 7.906062045374055991e-01 -1.391012606273344943e-01 -5.963159136497757640e-01 -3.652586039146286656e-01 1.415472173941693113e+00 1.735458763694584183e+00
1.583560843865770102e+09 3.149605949128200244e-01 9.328349845882738522e-01 1.749820431110020447e-01 5.454762384244221662e-01 -3.287878691192203107e-01 7.709437141920898462e-01 7.766952408221841075e-01 -1.473683441967705565e-01 -6.123945413260915016e-01 -3.645860239727687357e-01 1.415527604240985005e+00 1.742960223470600534e+00
1.583560843865778923e+09 3.237726847682770304e-01 9.319473708200980422e-01 1.632340247938272870e-01 5.604600643188910603e-01 -3.279161835163807992e-01 7.604968723864846680e-01 7.622701391546051752e-01 -1.547419620939587126e-01 -6.284895865117042790e-01 -3.637780516239841333e-01 1.415535772992738694e+00 1.750448510926525980e+00
1.583560843865787983e+09 3.317768192718324460e-01 9.310509096375825244e-01 1.518826721118616552e-01 5.756517554031272965e-01 -3.273657970890410662e-01 7.493041381278127133e-01 7.473614914056430081e-01 -1.611702167971977018e-01 -6.445734734028384372e-01 -3.628363316311077891e-01 1.415491983911581819e+00 1.757921032658770866e+00
1.583560843865797043e+09 3.389295979381084511e-01 9.301927098521771686e-01 1.409547814382993980e-01 5.910126505436894551e-01 -3.270808661025376152e-01 7.373751785521709401e-01 7.320046274958617039e-01 -1.666122138099706829e-01 -6.606130454109332417e-01 -3.617627984038339073e-01 1.415391629993190126e+00 1.765375212061527588e+00
1.583560843865807056e+09 3.451939192817414792e-01 9.294178142954490074e-01 1.304748435221294856e-01 6.065009580570754899e-01 -3.269993039552742120e-01 7.247261849185008264e-01 7.162386097515257566e-01 -1.710379545779644461e-01 -6.765709661433234601e-01 -3.605596628164190465e-01 1.415230205699768984e+00 1.772808498146649203e+00
1.583560843865818977e+09 3.505389776492738307e-01 9.287682770777211383e-01 1.204654011474939057e-01 6.220731655255925530e-01 -3.270541186698950886e-01 7.113793504255913058e-01 7.001052792323745333e-01 -1.744278967891913779e-01 -6.924070385588092513e-01 -3.592293955220553503e-01 1.415003316131500544e+00 1.780218372984783359e+00
1.583560843865828037e+09 3.549399847335046321e-01 9.282824413948396192e-01 1.109473589877601613e-01 6.376852381942259562e-01 -3.271746702981481181e-01 6.973623678708084084e-01 6.836484069676340702e-01 -1.767722951609656534e-01 -7.080793822356804545e-01 -3.577747080470963237e-01 1.414706683160969813e+00 1.787602357566188349e+00
1.583560843865837097e+09 3.583776566693495091e-01 9.279944169707794455e-01 1.019402643816092746e-01 6.532936004516435302e-01 -3.272878093514792752e-01 6.827079620721788755e-01 6.669129830249592716e-01 -1.780703572863785722e-01 -7.235454520358580721e-01 -3.561985332068033361e-01 1.414336148901991663e+00 1.794958016088928687e+00
1.583560843865847111e+09 3.608375528188404457e-01 9.279337341138983453e-01 9.346253688024372397e-02 6.688558871477654488e-01 -3.273188664578307594e-01 6.674534904444249239e-01 6.499446613496300262e-01 -1.783293160905387864e-01 -7.387628797110192824e-01 -3.545040058132147287e-01 1.413887676850543507e+00 1.802282958737088547e+00
