1.583560843648045063e+09 2.648441503017096021e-01 2.243026031886302674e-01 9.378410944339268251e-01 1.899694136944740652e-01 -9.656470384826184583e-01 1.773060036781390902e-01 9.453936735838542882e-01 1.312026649670615108e-01 -2.983566034179306325e-01 9.702468732177470245e-02 1.602976090886095273e+00 1.688362278223246138e+00
1.583560843648091078e+09 2.438304127990897907e-01 2.180211188660145238e-01 9.449939267944434951e-01 1.905855448584702072e-01 -9.661750471504317872e-01 1.737323469157666944e-01 9.509068724257285776e-01 1.377409525674676560e-01 -2.771345343145195650e-01 8.981103087305991606e-02 1.602929343942453233e+00 1.685950796239091609e+00
1.583560843648111105e+09 2.226997076680944654e-01 2.116727205650409671e-01 9.516299174208099343e-01 1.916713283037719540e-01 -9.665981483366260507e-01 1.701473524581567365e-01 9.558592690628335831e-01 1.445084046792978472e-01 -2.558327165855800445e-01 8.269576024425293048e-02 1.602903319789898751e+00 1.683262578125404474e+00
1.583560843648127079e+09 2.014659016166174543e-01 2.052658348023634616e-01 9.577460141959778239e-01 1.931999791438353264e-01 -9.669133789659409839e-01 1.665901727162901746e-01 9.602527056401731764e-01 1.514742706277975859e-01 -2.344574306836607058e-01 7.568455639030115256e-02 1.602885686220442141e+00 1.680313513935912439e+00
1.583560843648139954e+09 1.801422489881744637e-01 1.988035555810087895e-01 9.633410178024837123e-01 1.951326873454246047e-01 -9.671212233733349484e-01 1.630943703521967325e-01 9.640912843743075777e-01 1.585991349683976426e-01 -2.130124642796561441e-01 6.878124005539974772e-02 1.602864357748744695e+00 1.677120077118657848e+00
1.583560843648154020e+09 1.587413731409840767e-01 1.922826362715124582e-01 9.684154916196244800e-01 1.974199869517753447e-01 -9.672258552457336789e-01 1.596856089534324230e-01 9.673812719692750361e-01 1.658358608907130605e-01 -1.914991959459065030e-01 6.198782760758588667e-02 1.602827718185004802e+00 1.673699189092255235e+00
1.583560843648166895e+09 1.372754457605613321e-01 1.856927577249851968e-01 9.729715575965635077e-01 2.000036230685590111e-01 -9.672352064927418613e-01 1.563796856743772390e-01 9.701309204984766010e-01 1.731307456108599485e-01 -1.699168684525024786e-01 5.530461290676952357e-02 1.602764831158560499e+00 1.670068079549238194e+00
1.583560843648180962e+09 1.157565763709533374e-01 1.790161760136455837e-01 9.770126017254938677e-01 2.028189123815628825e-01 -9.671608226794254914e-01 1.531810427772962446e-01 9.723501961585998554e-01 1.804249201963286364e-01 -1.482630917549768446e-01 4.873027352308722387e-02 1.602665634726161858e+00 1.666244142866295963e+00
1.583560843648194075e+09 9.419738781856437648e-02 1.722278913292710212e-01 9.805429137785567351e-01 2.057976147707339665e-01 -9.670174528865164154e-01 1.500819362226619991e-01 9.740504063199922902e-01 1.876560664936081091e-01 -1.265346072735498706e-01 4.226199979298646964e-02 1.602521116130251055e+00 1.662244790501539615e+00
1.583560843648209095e+09 7.261171083029883955e-02 1.652964099571670453e-01 9.835673014584225271e-01 2.088711514151615489e-01 -9.668223676425037327e-01 1.470624069789537858e-01 9.752437550345627315e-01 1.947603817894919542e-01 -1.047282776606705962e-01 3.589564518983150154e-02 1.602323462564217982e+00 1.658087299414229498e+00
1.583560843648222923e+09 5.098274070120652202e-02 1.581742432586005220e-01 9.860941481992462343e-01 2.119786171361189020e-01 -9.665940687827528910e-01 1.440866825381756366e-01 9.759435568744316836e-01 2.016849399360548800e-01 -8.280917212933730509e-02 2.962589555861801574e-02 1.602066184013768435e+00 1.653788658079402563e+00
1.583560843648236036e+09 2.935042857709142111e-02 1.509090475487788185e-01 9.881118417987387881e-01 2.151626957321744193e-01 -9.663180323104063607e-01 1.411894996478271214e-01 9.761370635748951585e-01 2.084608352501223227e-01 -6.083184587595313886e-02 2.347924112705757071e-02 1.601725154367218407e+00 1.649321376120947535e+00
1.583560843648247957e+09 7.727001618029239599e-03 1.434995377075823086e-01 9.896202182233039268e-01 2.184139079019315477e-01 -9.659966301615562356e-01 1.383686213175508162e-01 9.758256291253897263e-01 2.150776446491509952e-01 -3.880655234215209248e-02 1.745693856622359055e-02 1.601295712114449765e+00 1.644695176683441673e+00
1.583560843648261070e+09 -1.387586176923204240e-02 1.359486222928117938e-01 9.906187120933473977e-01 2.217285999937421981e-01 -9.656304919182162605e-01 1.356251489820180789e-01 9.750096864041309930e-01 2.215304159887827029e-01 -1.674474247124752013e-02 1.155940071431046587e-02 1.600773433945245516e+00 1.639920185288834542e+00
1.583560843648273945e+09 -3.544748877905489620e-02 1.282649873332896706e-01 9.911062348488605123e-01 2.251094879590865849e-01 -9.652180127362158801e-01 1.329658088913986402e-01 9.736884481942381653e-01 2.278207210675498584e-01 5.340889048789140836e-03 5.786169246580351484e-03 1.600154218572414022e+00 1.635006872683018919e+00
1.583560843648286104e+09 -5.697871621887818511e-02 1.204646277636769042e-01 9.910810761731060348e-01 2.285656837403435282e-01 -9.647549869100697784e-01 1.304053045786724430e-01 9.718596371344689899e-01 2.339574506696100176e-01 2.743642060307540168e-02 1.358992823041957343e-04 1.599434372326282050e+00 1.629965985783458082e+00
1.583560843648298979e+09 -7.846237981366163683e-02 1.125722952870429200e-01 9.905408287801256151e-01 2.321122149124172640e-01 -9.642343848691472541e-01 1.279686318527513411e-01 9.695192493288324886e-01 2.399573491349414889e-01 4.952671973250930004e-02 -5.393641542010066403e-03 1.598610693746311595e+00 1.624808466816787478e+00
1.583560843648313046e+09 -9.989370432616888340e-02 1.046228257493429098e-01 9.894823456539552087e-01 2.357690449407736089e-01 -9.636462873670456064e-01 1.256932389001924610e-01 9.666613706259019612e-01 2.458452708719998381e-01 7.159537359354509189e-02 -1.080555691347231777e-02 1.597680553631059430e+00 1.619545361136535577e+00
1.583560843648325920e+09 -1.212704985194944241e-01 9.666233382831519727e-02 9.879017459243258914e-01 2.395596291823642032e-01 -9.629779730808627480e-01 1.236309323789046011e-01 9.632780753403387131e-01 2.516541607331533315e-01 9.362442600506837298e-02 -1.610378649302318665e-02 1.596641966610938601e+00 1.614187715165750658e+00
1.583560843648339033e+09 -1.425930558776458690e-01 8.874928646463974002e-02 9.857944941822948115e-01 2.435090606100867028e-01 -9.622141385183792250e-01 1.218494523989436390e-01 9.593594519223275219e-01 2.574247770163762272e-01 1.155937990371186941e-01 -2.129305046078786012e-02 1.595493650509132610e+00 1.608746467181301210e+00
1.583560843648351908e+09 -1.638636597796611361e-01 8.095545197397160941e-02 9.831555909376400448e-01 2.476418479335923684e-01 -9.613372237780238860e-01 1.204336221517606637e-01 9.548938246380952455e-01 2.632051614411885510e-01 1.374802780373309274e-01 -2.637877397929979176e-02 1.594235069837757202e+00 1.603232334338076104e+00
1.583560843648365021e+09 -1.850856002615154372e-01 7.336671171526219781e-02 9.799799214170455963e-01 2.519793725275432106e-01 -9.603278085787032570e-01 1.194859653049130388e-01 9.498682627462796679e-01 2.690498573083549005e-01 1.592559509098217529e-01 -3.136699184274336499e-02 1.592866459179943295e+00 1.597655699381342442e+00
1.583560843648377895e+09 -2.062616349618989486e-01 6.608374618670434519e-02 9.762628112477758080e-01 2.565370996762154077e-01 -9.591650237526031519e-01 1.191267128446823059e-01 9.442694819851848997e-01 2.750189006870102371e-01 1.808860134084776528e-01 -3.626423420576594531e-02 1.591388821857206315e+00 1.592026500929750510e+00
1.583560843648391008e+09 -2.273918317377865983e-01 5.922247133412338049e-02 9.720008507921420460e-01 2.613215727337441230e-01 -9.578269495862423710e-01 1.194929716932006530e-01 9.380852789905170797e-01 2.811765167493859852e-01 2.023259151973341718e-01 -4.107739579174006506e-02 1.589803899913553087e+00 1.586354132111743809e+00
1.583560843648405075e+09 -2.484707672886469487e-01 5.291397683558473480e-02 9.671930464240680037e-01 2.663272443039940152e-01 -9.562909855024008809e-01 1.207366969983997007e-01 9.313066503145123187e-01 2.875893985158886057e-01 2.235179212763598877e-01 -4.581359263667285353e-02 1.588114112573547176e+00 1.580647352965874664e+00
1.583560843648417950e+09 -2.694841564366603492e-01 4.730378394060141128e-02 9.618423164153038218e-01 2.715333348797454027e-01 -9.545341425029381099e-01 1.230212130449887670e-01 9.239306995949825296e-01 2.943245196345894987e-01 2.443872739695484020e-01 -5.048001196426904480e-02 1.586322461801912720e+00 1.574914222215574089e+00
1.583560843648446083e+09 -2.904050849586128358e-01 4.255024885286221026e-02 9.559573019467842991e-01 2.769009950074929338e-01 -9.525332106546533506e-01 1.265160921685227480e-01 9.159643692683423488e-01 3.014464445971515305e-01 2.648382817136846756e-01 -5.508376172647820590e-02 1.584432404815044881e+00 1.569162053690385639e+00
1.583560843648463011e+09 -3.111901142195073744e-01 3.882200250103370887e-02 9.495544034580086779e-01 2.823711266780295492e-01 -9.502647647306556866e-01 1.313903487466549502e-01 9.074289282392696832e-01 3.090141243888387956e-01 2.847507880817939374e-01 -5.963172723632674532e-02 1.582447695100835716e+00 1.563397402174412365e+00
1.583560843648478985e+09 -3.317755837755131387e-01 3.629440775625626669e-02 9.426598952796682029e-01 2.878632558757812099e-01 -9.477050057610408862e-01 1.378040927761429446e-01 8.983650194111371112e-01 3.170771799746074926e-01 3.039775551389458652e-01 -6.413044286989913467e-02 1.580372195444393890e+00 1.557626082667262768e+00
1.583560843648497105e+09 -3.520744605121646220e-01 3.514487741041129321e-02 9.353119330146014709e-01 2.932758131584209393e-01 -9.448295360396455900e-01 1.458987500192207298e-01 8.888379333970958251e-01 3.256715914223696218e-01 3.223432066684117636e-01 -6.858598693399325930e-02 1.578209668599478199e+00 1.551853225942269265e+00
1.583560843648513079e+09 -3.719741068832893016e-01 3.554704034456163120e-02 9.275622199743565055e-01 2.984881706007718183e-01 -9.416132212185251982e-01 1.557862434609468827e-01 8.789425897029953250e-01 3.348147989428341131e-01 3.396453659414996329e-01 -7.300390705259700297e-02 1.575963552778485655e+00 1.546083371908260951e+00
1.583560843648530960e+09 -3.913353726071557848e-01 3.766361648422549696e-02 9.194770678665037389e-01 3.033646894006295502e-01 -9.380303986839986230e-01 1.675375670809217954e-01 8.688075112158446522e-01 3.445002513517145259e-01 3.556586642611269111e-01 -7.738918238573136432e-02 1.573636730905089376e+00 1.540320600851594834e+00
1.583560843648546934e+09 -4.099934801016872354e-01 4.163796874007096027e-02 9.111375450643791618e-01 3.077609134250545164e-01 -9.340557315001897232e-01 1.811714950901979482e-01 8.585968591926520510e-01 3.546916549000704855e-01 3.701422206655652913e-01 -8.174622744953523312e-02 1.571231304268888573e+00 1.534568701075062158e+00
1.583560843648562908e+09 -4.277611767399296938e-01 4.758463861740586803e-02 9.026383982716206233e-01 3.115317942970691201e-01 -9.296659704307780325e-01 1.966446657777534412e-01 8.485094678255464817e-01 3.653175134554931813e-01 3.828508816283133220e-01 -8.607894019997201773e-02 1.568748382626431903e+00 1.528831369781769478e+00
1.583560843648581028e+09 -4.444345759009913910e-01 5.557941846310048006e-02 8.940854747615827325e-01 3.145414551679476811e-01 -9.248427832060881482e-01 2.138445681943848264e-01 8.387738556356831854e-01 3.762668662578423362e-01 3.935500789594971738e-01 -9.039079426521290372e-02 1.566187903209844245e+00 1.523112442460447857e+00
1.583560843648600101e+09 -4.598018936738086371e-01 6.564997096043137526e-02 8.855914972940455154e-01 3.166735308432077622e-01 -9.195765657061800713e-01 2.325872195137120568e-01 8.296385318985085577e-01 3.873874303169773103e-01 4.020334381766892395e-01 -9.468497224192291839e-02 1.563548491214144409e+00 1.517416144552999668e+00
1.583560843648617983e+09 -4.736548316205887454e-01 7.776846946732876575e-02 8.772702923454186452e-01 3.178406484058102777e-01 -9.138708010460163678e-01 2.526212208629404210e-01 8.213576704925780181e-01 3.984874203850633512e-01 4.081413396218726009e-01 -9.896453392861849496e-02 1.560827374355229669e+00 1.511747357659951829e+00
1.583560843648633957e+09 -4.858017314237742523e-01 9.184789964277695340e-02 8.692299127788395419e-01 3.179913538489707037e-01 -9.077461745580850394e-01 2.736391446161482999e-01 8.141733088211087210e-01 4.093419670174169300e-01 4.117778253282622369e-01 -1.032326100324589824e-01 1.558020362362430022e+00 1.506111891390624624e+00
1.583560843648649931e+09 -4.960811432579348423e-01 1.077432373860584131e-01 8.615653743588511659e-01 3.171130200226338069e-01 -9.012434177336972052e-01 2.952958423981031366e-01 8.082962526265140557e-01 4.197042969128189638e-01 4.129230816185069375e-01 -1.074926089589500200e-01 1.555121899961076304e+00 1.500516751099040036e+00
1.583560843648667097e+09 -5.043741793733921286e-01 1.252580117686009076e-01 8.543518700522810816e-01 3.152299926740152469e-01 -8.944238411462124283e-01 3.172318460082333980e-01 8.038885115950896720e-01 4.293208857456847771e-01 4.116392087477156458e-01 -1.117484219571897447e-01 1.552125198765762049e+00 1.494970391238927609e+00
1.583560843648684025e+09 -5.106139504305650112e-01 1.441559568212037179e-01 8.476393418968301008e-01 3.123972353747375696e-01 -8.873668228157909343e-01 3.390989370520434698e-01 8.010501614323323194e-01 4.379488348447221902e-01 4.080679564948194171e-01 -1.160046104335428763e-01 1.549022449445119465e+00 1.489482944078877935e+00
1.583560843648700953e+09 -5.147906431241012770e-01 1.641765472871522247e-01 8.414491400348443895e-01 3.086907581381502230e-01 -8.801641407490978786e-01 3.605843884492120899e-01 7.998128592160299588e-01 4.453730422084532514e-01 4.024204812098156614e-01 -1.202665589932600809e-01 1.545805110579275388e+00 1.484066414274349821e+00
1.583560843648719072e+09 -5.169515891577551869e-01 1.850523544405597853e-01 8.357731036447108020e-01 3.041968863925155198e-01 -8.729117638911073618e-01 3.814306054623967657e-01 8.001408057037655563e-01 4.514207335124307829e-01 3.949607734868121889e-01 -1.245405789292199639e-01 1.542464266108942272e+00 1.478734830847450610e+00
1.583560843648732901e+09 -5.171965494667289942e-01 2.065258925233606491e-01 8.305749726122104715e-01 2.990025855852659897e-01 -8.657002874128771897e-01 4.014479620080083633e-01 8.019383911557798061e-01 4.559715650801628439e-01 3.859854256565906638e-01 -1.288339492056428393e-01 1.538991039949942019e+00 1.473504348867462399e+00
1.583560843648746967e+09 -5.156691344390241794e-01 2.283639206307575276e-01 8.257937174220280063e-01 2.931885992960952536e-01 -8.586054557818780797e-01 4.205200548822647377e-01 8.050625995578227778e-01 4.589625160393869252e-01 3.758026341771292800e-01 -1.331548852046737508e-01 1.535377053425986071e+00 1.468393293837343405e+00
1.583560843648761034e+09 -5.125456656928886190e-01 2.503678162547384178e-01 8.213482193052485947e-01 2.868263175363409134e-01 -8.516801315764702673e-01 4.386018890294755002e-01 8.093377566416307678e-01 4.603877823504694544e-01 3.647128812191616221e-01 -1.375124294612340980e-01 1.531614908694561183e+00 1.463422142552713856e+00
1.583560843648773909e+09 -5.080229225053932707e-01 2.723793957267982013e-01 8.171426896113180849e-01 2.799784073126883599e-01 -8.449486922155547974e-01 4.557124081870825294e-01 8.145703172999312347e-01 4.602946582189375024e-01 3.529929545748384800e-01 -1.419162630393375202e-01 1.527698679658769043e+00 1.458613434828495814e+00
1.583560843648788929e+09 -5.023060263188932062e-01 2.942822764091928001e-01 8.130723202199066080e-01 2.727025035988463464e-01 -8.384043647125730692e-01 4.719231566427144475e-01 8.205620029185398678e-01 4.587767028769964561e-01 3.408840513343202594e-01 -1.463764411218595185e-01 1.523624390013256669e+00 1.453991612095363539e+00
1.583560843648802042e+09 -4.955973072285579373e-01 3.159993743440129288e-01 8.090288651677580711e-01 2.650567650534060293e-01 -8.320096377673008581e-01 4.873447178081902198e-01 8.271204389609373431e-01 4.559653036788947622e-01 3.285839641317770399e-01 -1.509030612801567084e-01 1.519390457586249132e+00 1.449582780485492606e+00
1.583560843648816109e+09 -4.880867539766562402e-01 3.374873825173879682e-01 8.049059494293288042e-01 2.571059512596677865e-01 -8.256995532926122427e-01 5.021123156556092093e-01 8.340670540189006887e-01 4.520204800874185747e-01 3.162430001948582925e-01 -1.555058773944605899e-01 1.514998084697625202e+00 1.445414397796539907e+00
1.583560843648828030e+09 -4.799444441291471075e-01 3.587292062727216457e-01 8.006039515947588336e-01 2.489267549587009520e-01 -8.193874243447949457e-01 5.163716873581762901e-01 8.412424153573884178e-01 4.471214661354072084e-01 3.039631446657050651e-01 -1.601938754396583786e-01 1.510451576759776149e+00 1.441514883735301344e+00
1.583560843648838043e+09 -4.713151753722554793e-01 3.797253746551949583e-01 7.960343243224049514e-01 2.406113479694962087e-01 -8.129723545059961420e-01 5.302660936276006876e-01 8.485093899738588297e-01 4.414573487218066417e-01 2.917999735712402676e-01 -1.649748303226923341e-01 1.505758572625836678e+00 1.437913154620306777e+00
1.583560843648847103e+09 -4.623153735450150070e-01 4.004854194905297371e-01 7.911232042811434662e-01 2.322684196831439618e-01 -8.063478234911911624e-01 5.439251499817876478e-01 8.557545657395844163e-01 4.352178953318507348e-01 2.797668797217480186e-01 -1.698548653658494278e-01 1.500930171650429079e+00 1.434638086375382482e+00
1.583560843648860931e+09 -4.530322252288773166e-01 4.210201275886338856e-01 7.858141353157618303e-01 2.240213612110018293e-01 -7.994105399198477846e-01 5.574560237364234450e-01 8.628883084201892650e-01 4.285846951571771757e-01 2.678412336800428117e-01 -1.748380378649564970e-01 1.495980944192138784e+00 1.431717913534764852e+00
1.583560843648876905e+09 -4.435248872663984931e-01 4.413354317832560714e-01 7.800696835672129570e-01 2.160037156744955555e-01 -7.920686927141009637e-01 5.709374579152985962e-01 8.698437039914762581e-01 4.217229217978251121e-01 2.559720845076041140e-01 -1.799259753921343963e-01 1.490928814608627029e+00 1.429179577781149568e+00
1.583560843648886919e+09 -4.338274978893877920e-01 4.614284810164779871e-01 7.738717330245984405e-01 2.083525289433822703e-01 -7.842487228636448870e-01 5.844169439564833590e-01 8.765745410071570376e-01 4.147742731783969905e-01 2.440888702048869541e-01 -1.851175881657573241e-01 1.485794809160919883e+00 1.427048049015841258e+00
1.583560843648896933e+09 -4.239535289885544844e-01 4.812860906256279936e-01 7.672203753948972915e-01 2.012005828643003424e-01 -7.758999295429798160e-01 5.979110509131446705e-01 8.830525074408901443e-01 4.078516867747063457e-01 2.321104713016138021e-01 -1.904088806136876588e-01 1.480602668145005074e+00 1.425345648973012525e+00
1.583560843648905993e+09 -4.139009019385195831e-01 5.008853934486803272e-01 7.601314795460566431e-01 1.946686934073063036e-01 -7.669965190548861944e-01 6.114085700892457620e-01 8.892638210151041500e-01 4.010363605577516588e-01 2.199538459192826034e-01 -1.957928806489087625e-01 1.475378330267816063e+00 1.424091413201958867e+00
1.583560843648916960e+09 -4.036572514005859480e-01 5.201961688415074336e-01 7.526332237597397334e-01 1.888592346056239268e-01 -7.575370795841207539e-01 6.248757977175429801e-01 8.952055702915551194e-01 3.943773815551880335e-01 2.075414850749573992e-01 -2.012596982065429918e-01 1.470149307236775948e+00 1.423300531456247908e+00
1.583560843648926973e+09 -3.932047742251438271e-01 5.391841049791528118e-01 7.447620470036183660e-01 1.838517843366246629e-01 -7.475418521326862020e-01 6.382630341168668009e-01 9.008820827989437729e-01 3.878939034776016648e-01 1.948070653934795560e-01 -2.067967149328934495e-01 1.464943976952562954e+00 1.422983904850008807e+00
1.583560843648940086e+09 -3.825242391734992586e-01 5.578142108594094095e-01 7.365585603335732534e-01 1.797013130966014782e-01 -7.370484815170103010e-01 6.515112999623434709e-01 9.063016300888099286e-01 3.815794047989869431e-01 1.816989634590415459e-01 -2.123888959898737328e-01 1.459790831973405423e+00 1.423147849516786412e+00
1.583560843648953915e+09 -3.715979139043593116e-01 5.760537172733355415e-01 7.280639432015134638e-01 1.764389433187305012e-01 -7.261070441688757260e-01 6.645583945017206062e-01 9.114736912539705971e-01 3.754073458747337888e-01 1.681815537020125706e-01 -2.180192050767074952e-01 1.454717723841164156e+00 1.423793963647948191e+00
1.583560843648968935e+09 -3.604113735051936995e-01 5.938740815407623774e-01 7.193171882520618121e-01 1.740746779763919783e-01 -7.147751781946568572e-01 6.773436728412013386e-01 9.164069229993755394e-01 3.693372713747807845e-01 1.542346642059487793e-01 -2.236690966983425899e-01 1.449751143191540637e+00 1.424919161995538364e+00
1.583560843648983955e+09 -3.489543173942785681e-01 6.112519905331934567e-01 7.103533547705243034e-01 1.726013662617295885e-01 -7.031138993787920954e-01 6.898112878742493903e-01 9.211078400068603012e-01 3.633205866560378361e-01 1.398517021000543203e-01 -2.293190557043683631e-01 1.444915571468743831e+00 1.426515870908567685e+00
1.583560843648999929e+09 -3.372206342509732613e-01 6.281694972840031754e-01 7.012027714648384480e-01 1.719990756391590603e-01 -6.911844295827346274e-01 7.019119619264662102e-01 9.255801218696105837e-01 3.573054255196165263e-01 1.250370788388638355e-01 -2.349491528238656368e-01 1.440232933792743530e+00 1.428572368132486448e+00
1.583560843649014950e+09 -3.252079598736283272e-01 6.446135243378574575e-01 6.918910226821817222e-01 1.722393038782236985e-01 -6.790460943915265224e-01 7.136035481308617978e-01 9.298243948293242189e-01 3.512403821552954608e-01 1.098034103029433411e-01 -2.405395860193865754e-01 1.435722174325105183e+00 1.431073243124603822e+00
1.583560843649030924e+09 -3.129169692274906822e-01 6.605750103153303909e-01 6.824394671390414668e-01 1.732885926780714514e-01 -6.667551806645108936e-01 7.248507382340760863e-01 9.338383340826381662e-01 3.450770710015629295e-01 9.416889644261021430e-02 -2.460711809012539608e-01 1.431398966268504491e+00 1.433999947786889440e+00
1.583560843649045944e+09 -3.003506105846968643e-01 6.760479510880071929e-01 6.728660184195240923e-01 1.751112994244337917e-01 -6.543645307798645616e-01 7.356242884006278793e-01 9.376169493562307444e-01 3.387716470084455866e-01 7.815515116468153833e-02 -2.515258285783784631e-01 1.427275559385523973e+00 1.437331404587960604e+00
1.583560843649060965e+09 -2.875134411787304556e-01 6.910285252867847117e-01 6.631859457001274549e-01 1.776714635439594070e-01 -6.419236027083926599e-01 7.459000867018459324e-01 9.411529484457584749e-01 3.322855182797330720e-01 6.178561453848575857e-02 -2.568868456915992526e-01 1.423360759017004762e+00 1.441044638166891545e+00
1.583560843649075031e+09 -2.744111668569609308e-01 7.055144192817138782e-01 6.534125158599454197e-01 1.809338460770524293e-01 -6.294787338733593973e-01 7.556583003969148393e-01 9.444371101518459488e-01 3.255855155285868885e-01 4.508455651870293263e-02 -2.621392477320461656e-01 1.419660024099829609e+00 1.445115400246333781e+00
1.583560843649091005e+09 -2.610504044203400542e-01 7.195043761086541423e-01 6.435574094866047812e-01 1.848643590421654992e-01 -6.170734159145251363e-01 7.648827152847063049e-01 9.474586298574821930e-01 3.186437701727340421e-01 2.807654945256366982e-02 -2.672699330861683653e-01 1.416175666084930729e+00 1.449518761127971622e+00
1.583560843649106979e+09 -2.474386429605896498e-01 7.329979482076809383e-01 6.336309068265120192e-01 1.894301024359076879e-01 -6.047484648908639793e-01 7.735602953338939214e-01 9.502054274965485714e-01 3.114374773141332930e-01 1.078626305927370133e-02 -2.722677801994202174e-01 1.412907128288860115e+00 1.454229647981305051e+00
1.583560843649122000e+09 -2.335843513071813315e-01 7.459954084867881363e-01 6.236418856472596417e-01 1.945991998087356900e-01 -5.925420420672244948e-01 7.816809322417936912e-01 9.526644227851368552e-01 3.039486454027461315e-01 -6.761561045462259958e-03 -2.771236636195157921e-01 1.409851324972194009e+00 1.459223317207498871e+00
1.583560843649135113e+09 -2.194971785764215366e-01 7.584977765765857916e-01 6.135976790357037247e-01 2.003405580121347951e-01 -5.804895218427877923e-01 7.892373381055374226e-01 9.548217894424205765e-01 2.961638703558545083e-01 -2.454205558400490012e-02 -2.818303978308990820e-01 1.407003018961779706e+00 1.464475752450152157e+00
1.583560843649144888e+09 -2.051881597613113284e-01 7.705068913573772660e-01 6.035038936553711597e-01 2.066236803834405056e-01 -5.686232697005039194e-01 7.962249882248773059e-01 9.566631977762420913e-01 2.880741357240840794e-01 -4.253020735701493193e-02 -2.863826211915855846e-01 1.404355215997571182e+00 1.469963982764587840e+00
1.583560843649158001e+09 -1.906698877902290312e-01 7.820255008627927662e-01 5.933642305388788785e-01 2.134185545388798955e-01 -5.569723770728000067e-01 8.026420695242717507e-01 9.581740523770582163e-01 2.796746097299200318e-01 -6.070089137910072985e-02 -2.907766338384937810e-01 1.401899556145463910e+00 1.475666320671078502e+00
1.583560843649169922e+09 -1.759566676398774399e-01 7.930573834518950260e-01 5.831802790374001066e-01 2.206955621124990496e-01 -5.455623480829844274e-01 8.084894515278628901e-01 9.593397313549074656e-01 2.709644092091400003e-01 -7.902891228094632847e-02 -2.950102037419118362e-01 1.399626685841934615e+00 1.481562524238572154e+00
1.583560843649180889e+09 -1.610645822644198311e-01 8.036074423991729221e-01 5.729513758193484074e-01 2.284254715552150039e-01 -5.344148286642537160e-01 8.137706033412179796e-01 9.601458245823890625e-01 2.619463104870857206e-01 -9.748910785149912661e-02 -2.990823551679578918e-01 1.397526597098276868e+00 1.487633889825314526e+00
1.583560843649194002e+09 -1.460114419492786197e-01 8.136817437815434539e-01 5.626745763308981241e-01 2.365795150757414034e-01 -5.235474444029560859e-01 8.184914211642395632e-01 9.605783633018296630e-01 2.526263910421499004e-01 -1.160565150944613266e-01 -3.029931521110910131e-01 1.395588924871787873e+00 1.493863284954094484e+00
1.583560843649208069e+09 -1.308166529590330807e-01 8.232875164668553847e-01 5.523447010075049901e-01 2.451294865882795160e-01 -5.129737372435106968e-01 8.226600025023631524e-01 9.606240358692187398e-01 2.430136010293048876e-01 -1.347065388746138126e-01 -3.067434865985617098e-01 1.393803198173297897e+00 1.500235132523739301e+00
1.583560843649221897e+09 -1.155010352240171956e-01 8.324331279372987336e-01 5.419544248064981362e-01 2.540478223519826995e-01 -5.027031836693243161e-01 8.262863989566433531e-01 9.602703863992316791e-01 2.331192759080035481e-01 -1.534150852923941433e-01 -3.103348790523614009e-01 1.392159044149452907e+00 1.506735357739150238e+00
1.583560843649235010e+09 -1.000866113928275541e-01 8.411280444529830591e-01 5.314943868445261010e-01 2.633076445809665600e-01 -4.927412756180967746e-01 8.293823723839748308e-01 9.595059951343803961e-01 2.229566063096989903e-01 -1.721586396162522736e-01 -3.137692958373959895e-01 1.390646346728863447e+00 1.513351308005333795e+00
1.583560843649249077e+09 -8.459638089133511563e-02 8.493827780531771898e-01 5.209533077727720451e-01 2.728827626713845045e-01 -4.830896501893680028e-01 8.319611696050140948e-01 9.583206406779006814e-01 2.125400818392809699e-01 -1.909142829987427736e-01 -3.170489866251027800e-01 1.389255363673711052e+00 1.520071655060592830e+00
1.583560843649262905e+09 -6.905408336011503723e-02 8.572088159614170699e-01 5.103181160824656892e-01 2.827476381517715631e-01 -4.737462645984347742e-01 8.340373192564112248e-01 9.567054441477206295e-01 2.018849245984484231e-01 -2.096596540788563667e-01 -3.201763431119130088e-01 1.387976806493931736e+00 1.526886286599400400e+00
1.583560843649276018e+09 -5.348395680850684397e-02 8.646185299722696227e-01 4.995740827798560990e-01 2.928773184928645801e-01 -4.647056105199817155e-01 8.356264547496545791e-01 9.546529960389169567e-01 1.910065269676164690e-01 -2.283728617856404797e-01 -3.231537805591919721e-01 1.386801887479035988e+00 1.533786192513580726e+00
1.583560843649287939e+09 -3.791043934863429221e-02 8.716250078232864462e-01 4.887050690529888275e-01 3.032474078964050856e-01 -4.559590645468785675e-01 8.367450872729658151e-01 9.521574493541119510e-01 1.799199192980852902e-01 -2.470324158277952264e-01 -3.259836426897350092e-01 1.385722338601725889e+00 1.540763349858325970e+00
1.583560843649302006e+09 -2.235778629741507623e-02 8.782417629774550427e-01 4.776939766699682677e-01 3.138341287680097569e-01 -4.474954615762822829e-01 8.374102647465284655e-01 9.492145538173847319e-01 1.686393127289793903e-01 -2.656172306422069918e-01 -3.286681285766786531e-01 1.384730407938393526e+00 1.547810610258842035e+00
1.583560843649317026e+09 -6.849694736346867083e-03 8.844824033853525558e-01 4.665232684189790646e-01 3.246143993275040218e-01 -4.393017587306634053e-01 8.376392162137504815e-01 9.458216394204771449e-01 1.571777434809291107e-01 -2.841066411555329130e-01 -3.312092386500147811e-01 1.383818839441133930e+00 1.554921592788819140e+00
1.583560843649328947e+09 8.591124723286830064e-03 8.903601874415061346e-01 4.551757126514467400e-01 3.355660359031263917e-01 -4.313639321381647074e-01 8.374488602967699036e-01 9.419775094381526159e-01 1.455468819261615532e-01 -3.024805399769404102e-01 -3.336087373568504266e-01 1.382980840752056073e+00 1.562090583946955880e+00
1.583560843649342060e+09 2.394342451442195777e-02 8.958874547328535831e-01 4.436354145776111868e-01 3.466681383487343893e-01 -4.236681609423069705e-01 8.368551196422130412e-01 9.376822033277659729e-01 1.337570858910307192e-01 -3.207197027418176027e-01 -3.358681309671467941e-01 1.382210042562710628e+00 1.569312445254001265e+00
1.583560843649357080e+09 3.918786563223880526e-02 9.010750058726070266e-01 4.318890426620108913e-01 3.579016345836742441e-01 -4.162021978058338401e-01 8.358720898066427374e-01 9.329366169836758038e-01 1.218177511869210222e-01 -3.388062932964642227e-01 -3.379886583968982339e-01 1.381500452851034622e+00 1.576582528880377865e+00
1.583560843649369955e+09 5.430731307200392655e-02 9.059315693706579964e-01 4.199270264666870589e-01 3.692498826911686516e-01 -4.089566913746960908e-01 8.345112034755532981e-01 9.277420115727071925e-01 1.097379440729176064e-01 -3.567244647962209414e-01 -3.399712914413513531e-01 1.380846409368865269e+00 1.583896601850259600e+00
1.583560843649383068e+09 6.928690452471704397e-02 9.104634629541885626e-01 4.077445372773095822e-01 3.806992374086768383e-01 -4.019262595594739751e-01 8.327805068124366494e-01 9.220994608247993218e-01 9.752725093394865041e-02 -3.744609724154913666e-01 -3.418167412435900721e-01 1.380242532747968376e+00 1.591250778767418828e+00
1.583560843649394989e+09 8.411389662726684313e-02 9.146744585673639572e-01 3.953422408892255380e-01 3.922395786267782736e-01 -3.951102882106697911e-01 8.306840392848326982e-01 9.160092606007832483e-01 8.519680256991579714e-02 -3.920057901561447289e-01 -3.435254686023931359e-01 1.379683681640030635e+00 1.598641462519788004e+00
1.583560843649408102e+09 9.877731498059497128e-02 9.185658156005225283e-01 3.827269060936382972e-01 4.038648434390510467e-01 -3.885135215439888268e-01 8.282212456978121917e-01 9.094703021158114797e-01 7.276047114999806276e-02 -4.093527618056085338e-01 -3.450976981474370708e-01 1.379164910104013320e+00 1.606065291749135593e+00
1.583560843649420977e+09 1.132673814556296593e-01 9.221365141983587366e-01 3.699118133730286972e-01 4.155734944181918022e-01 -3.821463748813094807e-01 8.253864663997849682e-01 9.024794574861819685e-01 6.023618117248473458e-02 -4.265002127592397718e-01 -3.465334359640076523e-01 1.378681427610472188e+00 1.613519094246931962e+00
1.583560843649449110e+09 1.275747040165579604e-01 9.253837184157610585e-01 3.569168933781984299e-01 4.273688228701957859e-01 -3.760248854215848535e-01 8.221685805210655618e-01 8.950310521321332979e-01 4.764723927435977197e-02 -4.434514139105353303e-01 -3.478324899511122115e-01 1.378228562037383087e+00 1.620999845652180138e+00
1.583560843649480104e+09 1.416892389231383664e-01 9.283034993063256080e-01 3.437684874179857131e-01 4.392589355475486901e-01 -3.701701855452009804e-01 8.185509277307445597e-01 8.871165353322454372e-01 3.502352188855891585e-02 -4.602147388394998706e-01 -3.489944930130107759e-01 1.377801725753080797e+00 1.628504632774176564e+00
1.583560843649506092e+09 1.555991242019284515e-01 9.308916840222143385e-01 3.304989944894172194e-01 4.512565396704358300e-01 -3.646077305877003516e-01 8.145113493464335441e-01 8.787243299777321992e-01 2.240258000758430998e-02 -4.768036037035204844e-01 -3.500189295073425355e-01 1.377396384875245960e+00 1.636030620996187235e+00
1.583560843649527073e+09 1.692894257648319412e-01 9.331448231486663136e-01 3.171463850459197431e-01 4.633784439683175105e-01 -3.593662465158753982e-01 8.100224185443194447e-01 8.698399324760232032e-01 9.830568321344976268e-03 -4.932361016663937558e-01 -3.509051657288924653e-01 1.377008031856635339e+00 1.643575025370858533e+00
1.583560843649549961e+09 1.827408742711787715e-01 9.350612571359001590e-01 3.037535488956014662e-01 4.756446932055173327e-01 -3.544763618527627669e-01 8.050519453593383279e-01 8.604463369866620637e-01 -2.637132753510201648e-03 -5.095342450587106997e-01 -3.516524852806267032e-01 1.376632161715814817e+00 1.651135085238399247e+00
1.583560843649573088e+09 1.959287185181583790e-01 9.366422463536222542e-01 2.903674220674729578e-01 4.880772615762672406e-01 -3.499688912304581012e-01 7.995638573103041047e-01 8.505248521514532367e-01 -1.493578572191863255e-02 -5.257227390631793451e-01 -3.522601296576713392e-01 1.376264252450080994e+00 1.658708042465209642e+00
1.583560843649596930e+09 2.088218591937471835e-01 9.378930720038246571e-01 2.770379338695929672e-01 5.006983544813446985e-01 -3.458728523407967326e-01 7.935194565019256796e-01 8.400563011341234398e-01 -2.699177059501105258e-02 -5.418273299082237981e-01 -3.527273435745461039e-01 1.375899750278617883e+00 1.666291123593523826e+00
1.583560843649617910e+09 2.213824434447251299e-01 9.388240178138044234e-01 2.638167498530483712e-01 5.135283783920977507e-01 -3.422132802819984332e-01 7.868790729193484434e-01 8.290225681188319040e-01 -3.872382411293239651e-02 -5.578727876372905348e-01 -3.530534240292187431e-01 1.375534060307180839e+00 1.673881526248020668e+00
1.583560843649638891e+09 2.335660444305928396e-01 9.394510844782826275e-01 2.507559828882700015e-01 5.265838603935106832e-01 -3.390090897814174720e-01 7.796039218939568860e-01 8.174083073894317097e-01 -5.004495077246016999e-02 -5.738807908471936781e-01 -3.532377711507975748e-01 1.375162543024588624e+00 1.681476410126183652e+00
1.583560843649661064e+09 2.453224875526065774e-01 9.397963503721928902e-01 2.379069085183214138e-01 5.398755222233878603e-01 -3.362711364454143981e-01 7.716580481738851693e-01 8.052026438911502604e-01 -6.086495544025923715e-02 -5.898679171309717528e-01 -3.532799384034187029e-01 1.374780516692465815e+00 1.689072892725345110e+00
1.583560843649681091e+09 2.565972609130888205e-01 9.398879047388396524e-01 2.253188239144068850e-01 5.534067921489311814e-01 -3.340006937689074529e-01 7.630101303253545852e-01 7.924006361788458186e-01 -7.109334193626151710e-02 -6.058440135102174384e-01 -3.531796794190323330e-01 1.374383265258472431e+00 1.696668049702584113e+00
1.583560843649705887e+09 2.673333491644189208e-01 9.397593492468145904e-01 2.130381330193632516e-01 5.671729371297703493e-01 -3.321884788129432220e-01 7.536349739398567893e-01 7.790043260023500338e-01 -8.064229800456947095e-02 -6.218111289070346048e-01 -3.529369883310628508e-01 1.373966050906629821e+00 1.704258919435014619e+00
1.583560843649727106e+09 2.774732890489222115e-01 9.394489240765426796e-01 2.011076654641415218e-01 5.811608598321074126e-01 -3.308142626985394741e-01 7.435146122358481380e-01 7.650232865597478282e-01 -8.942954113201426192e-02 -6.377630660242983307e-01 -3.525521315882911844e-01 1.373524129993903831e+00 1.711842511016074875e+00
1.583560843649744987e+09 2.869612122853600344e-01 9.389983485886423953e-01 1.895662527565399880e-01 5.953495371487893539e-01 -3.298470624996404088e-01 7.326389588268404918e-01 7.504746440568768051e-01 -9.738078295371155324e-02 -6.536855451434582243e-01 -3.520256696251384820e-01 1.373052770839588987e+00 1.719415814682405230e+00
1.583560843649765015e+09 2.957445611668005347e-01 9.384514989150551934e-01 1.784487010795545170e-01 6.097110774063407845e-01 -3.292458969680812086e-01 7.210059232984699085e-01 7.353825920816907669e-01 -1.044314305864552372e-01 -6.695569578156544965e-01 -3.513584678367727143e-01 1.372547271770961030e+00 1.726975813527525050e+00
1.583560843649786949e+09 3.037753911791997719e-01 9.378530652711003501e-01 1.677859942550710415e-01 6.242121099307488263e-01 -3.289608977147900903e-01 7.086211749618257505e-01 7.197775723338797338e-01 -1.105276251299214252e-01 -6.853494660673197236e-01 -3.505516978560013763e-01 1.372002978113299410e+00 1.734519495432593983e+00
1.583560843649807930e+09 3.110112391652011254e-01 9.372472874334777382e-01 1.576056201540771418e-01 6.388152903722448261e-01 -3.289346199068571841e-01 6.954976927547296128e-01 7.036952706969146210e-01 -1.156267192559346513e-01 -7.010302618171196931e-01 -3.496068310944984159e-01 1.371415297260333288e+00 1.742043864382218255e+00
1.583560843649821043e+09 3.174155281219593339e-01 9.366768401097050889e-01 1.479320110787142040e-01 6.534807987340730540e-01 -3.291034428238118759e-01 6.816551691443323291e-01 6.871755440140870919e-01 -1.196972067516916538e-01 -7.165628727440881418e-01 -3.485256267794596963e-01 1.370779711392661637e+00 1.749545950619088908e+00
1.583560843649833918e+09 3.229576130906837150e-01 9.361819017327766002e-01 1.387869850072669942e-01 6.681676822208866273e-01 -3.293989431429895642e-01 6.671193931416222744e-01 6.702613883231497427e-01 -1.227183087594996003e-01 -7.319083878524729192e-01 -3.473101161637258683e-01 1.370091787597983224e+00 1.757022819272924696e+00
1.583560843649849892e+09 3.276125495246148822e-01 9.357994137848311134e-01 1.301901484237018292e-01 6.828349861735181214e-01 -3.297491799898710774e-01 6.519216670484387910e-01 6.529980085285969071e-01 -1.246793312319346148e-01 -7.470265493352413744e-01 -3.459625841936042057e-01 1.369347185270048062e+00 1.764471577225305676e+00
1.583560843649866104e+09 3.313606239648602680e-01 9.355625304887226212e-01 1.221592756355138892e-01 6.974426701227037784e-01 -3.300798530552974119e-01 6.360982726850493707e-01 6.354320253693603870e-01 -1.255788291590728967e-01 -7.618766953992640589e-01 -3.444855502188598484e-01 1.368541661019025080e+00 1.771889378205943721e+00
1.583560843649882078e+09 3.341867299913159339e-01 9.355002404187464649e-01 1.147106353692453201e-01 7.119522998448638562e-01 -3.303153047977979706e-01 6.196900210393447850e-01 6.176108421384263192e-01 -1.254236810702601679e-01 -7.764185392494974414e-01 -3.428817487530977370e-01 1.367671071339406907e+00 1.779273426183680895e+00
