1.583560846547543049e+09 1.294893036025102431e-02 9.389773755102542863e-01 3.437350928229417346e-01 3.674458788900920869e-02 -3.439785713077860296e-01 9.382582683016831293e-01 9.992407922178823121e-01 4.809634219928145488e-04 -3.895649124170841998e-02 -5.037093383096173937e-01 1.607831379674407035e+00 1.730206567947310203e+00
1.583560846547597885e+09 3.110808845751891413e-02 9.435174644027417568e-01 3.298591847366634799e-01 3.863270092153529844e-02 -3.309073080250267695e-01 9.428721377841691176e-01 9.987691433076076875e-01 -1.658759856247628284e-02 -4.674452180114038041e-02 -5.069306047370072399e-01 1.618485511774801822e+00 1.742678617366310023e+00
1.583560846547629118e+09 4.947049659318135395e-02 9.474533968623666258e-01 3.160454576423824546e-01 4.056675009972152829e-02 -3.180778540581257197e-01 9.471962931930615337e-01 9.979514061953388415e-01 -3.403733381710917494e-02 -5.417057455176307879e-02 -5.098804821435269918e-01 1.629277764746670076e+00 1.755098947635533202e+00
1.583560846547655106e+09 6.796010461197705965e-02 9.508080238323514122e-01 3.022342246548923583e-01 4.259308351599942061e-02 -3.054234172519004753e-01 9.512635627024313978e-01 9.967784376653801015e-01 -5.177488358027722282e-02 -6.125445292803052832e-02 -5.125573614380534160e-01 1.640205826924553190e+00 1.767462235191750830e+00
1.583560846547677040e+09 8.649089676276085215e-02 9.536112921448453017e-01 2.883484503627659068e-01 4.477580510743083692e-02 -2.928614719084364215e-01 9.551059029464522565e-01 9.952459256053232117e-01 -6.969693194596122965e-02 -6.802856467119720862e-02 -5.149650268117660357e-01 1.651263961103469180e+00 1.779765077174324750e+00
1.583560846547699928e+09 1.049705311748177633e-01 9.558978770760240273e-01 2.742999029201875216e-01 4.719032855614129635e-02 -2.803009074758177621e-01 9.587515186186404970e-01 9.933550527673893349e-01 -8.769635354115902504e-02 -7.453247000456300619e-02 -5.171117888435178278e-01 1.662443814427619460e+00 1.792006049249629251e+00
1.583560846547724962e+09 1.233022990596436691e-01 9.577050725586313540e-01 2.599952645677815477e-01 4.991793935816295907e-02 -2.676485098134770979e-01 9.622226742388755305e-01 9.911128809387889094e-01 -1.056658399953575161e-01 -8.080834030711050997e-02 -5.190096020916692421e-01 1.673735227333190023e+00 1.804185597861541535e+00
1.583560846547785997e+09 1.413858742011997738e-01 9.590711555946260791e-01 2.453417079062371331e-01 5.304202080802188773e-02 -2.548144441476336564e-01 9.655341233622392050e-01 9.885325381564442626e-01 -1.234994660270474637e-01 -8.689823510815870844e-02 -5.206731895068330562e-01 1.685126986896911871e+00 1.816305803960174048e+00
1.583560846547799110e+09 1.591171192170074966e-01 9.600343775704770488e-01 2.302514642962044111e-01 5.664619331753907583e-02 -2.417164990458532114e-01 9.686920786122917848e-01 9.856332743707879596e-01 -1.410926238950059031e-01 -9.284352591022487777e-02 -5.221191916732778049e-01 1.696607487719978602e+00 1.828370060402452868e+00
1.583560846547810078e+09 1.763869463776921165e-01 9.606326743529806089e-01 2.146450806997273753e-01 6.081437816253883188e-02 -2.282830082792872417e-01 9.716936141779553004e-01 9.824404597488310964e-01 -1.583405622031415216e-01 -9.868642144489583878e-02 -5.233653574622328941e-01 1.708165279034742357e+00 1.840382705226540683e+00
1.583560846547820091e+09 1.929381104419147508e-01 9.609038116497941040e-01 1.985919204086599721e-01 6.559042105942400336e-02 -2.145723269116868170e-01 9.745032649937640512e-01 9.790162320424267151e-01 -1.749930907768680322e-01 -1.044252648821596546e-01 -5.244297903987338305e-01 1.719789490332961135e+00 1.852348648529804853e+00
1.583560846547830105e+09 2.095450723224574485e-01 9.606014973611239904e-01 1.825804657912278584e-01 7.043391211747211667e-02 -2.010696114620831310e-01 9.770414912709028954e-01 9.752589025948079637e-01 -1.918743733526855622e-01 -1.097920676915514204e-01 -5.252092645130046478e-01 1.731508782621888898e+00 1.864243593391834874e+00
1.583560846547838926e+09 2.262398515845340241e-01 9.597072073430781280e-01 1.666661521856112604e-01 7.531931722400807272e-02 -1.878261228975502684e-01 9.793101389778103849e-01 9.711552555653685248e-01 -2.090057995908546629e-01 -1.147782457308544612e-01 -5.256999823685223339e-01 1.743312432087044561e+00 1.876070349507054313e+00
1.583560846547848940e+09 2.430578449217359605e-01 9.582005576588732421e-01 1.509124775484941283e-01 8.022067189414083810e-02 -1.749013383618978623e-01 9.813124710991011357e-01 9.666889511266502089e-01 -2.264093939503228625e-01 -1.193786348916973383e-01 -5.258980472518639537e-01 1.755189707472312843e+00 1.887831735677202749e+00
1.583560846547858953e+09 2.600356064510902510e-01 9.560601234608732124e-01 1.353902664935431044e-01 8.511283041105709157e-02 -1.623624314342229369e-01 9.830535322416275035e-01 9.618405740494506695e-01 -2.441054725112802859e-01 -1.235929964446551010e-01 -5.257995526997206737e-01 1.767129806337968345e+00 1.899530600699949279e+00
1.583560846547868013e+09 2.772081253099321074e-01 9.532645596430066037e-01 1.201762669846950515e-01 8.997262963910450384e-02 -1.502830876579635544e-01 9.845404612175001624e-01 9.565879894667667083e-01 -2.621100406533502514e-01 -1.274274121393396131e-01 -5.254006825747647991e-01 1.779121804932582540e+00 1.911169843684312752e+00
1.583560846547877073e+09 2.946059559654768956e-01 9.497939024625197124e-01 1.053511941568953392e-01 9.477977719431808501e-02 -1.387417529182511655e-01 9.857826941708405233e-01 9.509070012163157726e-01 -2.804322901453186190e-01 -1.308954011779877302e-01 -5.246978177535792653e-01 1.791154623372920307e+00 1.922752432615284501e+00
1.583560846547888041e+09 3.122524768867002698e-01 9.456309470835294606e-01 9.099727002293347966e-02 9.951741771499053590e-02 -1.278193577909844114e-01 9.867920224848774069e-01 9.447722872049976184e-01 -2.990724397212951025e-01 -1.340186610009622692e-01 -5.236876443044237162e-01 1.803217007184730658e+00 1.934281420051223721e+00
1.583560846547898054e+09 3.301616516570661797e-01 9.407625306249777219e-01 7.719550053445381477e-02 1.041723108355217531e-01 -1.175967596889645056e-01 9.875824684857451574e-01 9.381585227748228117e-01 -3.180202251220681786e-01 -1.368273471429314048e-01 -5.223672571785441532e-01 1.815297525311172722e+00 1.945759954999262797e+00
1.583560846547909021e+09 3.483365477541866539e-01 9.351805777580700640e-01 6.402294150049973875e-02 1.087346462209419495e-01 -1.081521599789787152e-01 9.881699688300805695e-01 9.310415815840121789e-01 -3.372542034944345235e-01 -1.393598792866027891e-01 -5.207342523300737547e-01 1.827384583539307439e+00 1.957191290156337526e+00
1.583560846547924042e+09 3.667687020507082174e-01 9.288828246696052560e-01 5.155014825830207120e-02 1.131975952653709594e-01 -9.955869557233219813e-02 9.885718845165623048e-01 9.233997097977835189e-01 -3.567418739972643138e-01 -1.416623155613022933e-01 -5.187868023524551120e-01 1.839466450905259620e+00 1.968578784369508838e+00
1.583560846547939062e+09 3.854383325481293143e-01 9.218731716648927987e-01 3.983902261134580902e-02 1.175566968434479387e-01 -9.188241870199656547e-02 9.888063735915556540e-01 9.152145733467292876e-01 -3.764405357899678894e-01 -1.437873711972886270e-01 -5.165237114243665939e-01 1.851531295723622961e+00 1.979925900473558320e+00
1.583560846547954082e+09 4.043153727040736944e-01 9.141616241498085049e-01 2.894140429468752829e-02 1.218091203424398472e-01 -8.518101339799669103e-02 9.888916692198623792e-01 9.064720723977839345e-01 -3.962987766453314187e-01 -1.457932164408929088e-01 -5.139444476081620472e-01 1.863567227253342784e+00 1.991236199112278893e+00
1.583560846547969103e+09 4.233609984380992675e-01 9.057639427642901753e-01 1.889829476914786990e-02 1.259529706327671417e-01 -7.950312740614332019e-02 9.888453378643085045e-01 8.971629253569490814e-01 -4.162582530082211685e-01 -1.477421826541280292e-01 -5.110491539784880466e-01 1.875562339082087471e+00 2.002513329595365210e+00
1.583560846547983885e+09 4.425293909453515973e-01 8.967011089120942025e-01 9.739608870729755952e-03 1.299867196036254280e-01 -7.488820361869516495e-02 9.886835742440590602e-01 8.872830390158807923e-01 -4.362555199716264820e-01 -1.496994667222603381e-01 -5.078386423343465017e-01 1.887504751053833196e+00 2.013761018966900629e+00
1.583560846548000097e+09 4.617695720001450677e-01 8.869986805955114573e-01 1.484436668453036415e-03 1.339087788694683090e-01 -7.136678857437517287e-02 9.884205687483557101e-01 8.768336796507386621e-01 -4.562237637124478828e-01 -1.517319215659468090e-01 -5.043143740324527169e-01 1.899382647568398808e+00 2.024983060325053152e+00
1.583560846548016071e+09 4.810271295055667529e-01 8.766861357470568938e-01 -5.858380674333349414e-03 1.377172429958221089e-01 -6.896111315131439601e-02 9.880679764819402244e-01 8.658214955283807246e-01 -4.760943023412899100e-01 -1.539069638679768648e-01 -5.004784313951640140e-01 1.911184310808234477e+00 2.036183301116010202e+00
1.583560846548032045e+09 5.002457513789168031e-01 8.657962564619737789e-01 -1.228947026412235272e-02 1.414097892754435648e-01 -6.768583385558865628e-02 9.876344970113706268e-01 8.542584270503588151e-01 -4.957978122644942087e-01 -1.562916169699710145e-01 -4.963334823688225761e-01 1.922898147946220826e+00 2.047365631910265105e+00
1.583560846548047066e+09 5.193685395987984732e-01 8.543645827707256890e-01 -1.781797793276721983e-02 1.449837021611550814e-01 -6.754890527143531109e-02 9.871255603006290347e-01 8.421615323969598998e-01 -5.152652768747580936e-01 -1.589517164609528799e-01 -4.918827419223556485e-01 1.934512712190106010e+00 2.058533976094659934e+00
1.583560846548063040e+09 5.383390790991804398e-01 8.424289645223838052e-01 -2.246054772234901825e-02 1.484360039340385795e-01 -6.855248993144363867e-02 9.865431106418249829e-01 8.295527645193331301e-01 -5.344286634358994537e-01 -1.619512733643980740e-01 -4.871299324557122890e-01 1.946016717819730291e+00 2.069692280695516473e+00
