1.583560844850747108e+09 -5.002688480924810666e-01 2.696260984200660182e-01 8.228200575498347824e-01 2.749693772776992673e-01 -8.516212577925056371e-01 4.462432913142632684e-01 8.210498897789426653e-01 4.494919360601246083e-01 3.519006652941336633e-01 -1.682250894215018555e-01 1.551500974346002648e+00 1.490194432750022058e+00
1.583560844850792885e+09 -4.988132793189148928e-01 2.919416689367519413e-01 8.160608891138911858e-01 2.649320507559091986e-01 -8.451353890141899416e-01 4.642813618120960606e-01 8.252250124510097651e-01 4.477903934182305146e-01 3.442200498390499686e-01 -1.756623762057916149e-01 1.547374996616550424e+00 1.486138037982005056e+00
1.583560844850817919e+09 -4.963501330105794529e-01 3.141794267979027278e-01 8.092761170741704646e-01 2.544785874316513041e-01 -8.386057020594741562e-01 4.816441894400480539e-01 8.299862615223531082e-01 4.450076005213242092e-01 3.362901150588374355e-01 -1.831947589945669141e-01 1.543145941496044227e+00 1.482373789342061654e+00
1.583560844850838900e+09 -4.930512432640143383e-01 3.362712202582560650e-01 8.023852805066037375e-01 2.436817833972532710e-01 -8.319866495970631437e-01 4.984148909731927479e-01 8.351764246387579638e-01 4.412707576974337353e-01 3.282688813353230040e-01 -1.908325307323673337e-01 1.538829133064785193e+00 1.478935639621680620e+00
1.583560844850858927e+09 -4.890427348860699741e-01 3.581728246774065205e-01 7.953297627733316721e-01 2.325963636191983874e-01 -8.252391418208157026e-01 5.146642504117916461e-01 8.406759990640817470e-01 4.366836231875313445e-01 3.202675103137811452e-01 -1.985845264181994030e-01 1.534444367857736635e+00 1.475858032960239541e+00
1.583560844850879908e+09 -4.844077770286283058e-01 3.798526142909788850e-01 7.880742968846898844e-01 2.212535835195341694e-01 -8.183403214735190945e-01 5.304394124193643201e-01 8.464017708218078972e-01 4.313132388054206623e-01 3.123666638857601763e-01 -2.064574998289693541e-01 1.530016037521624961e+00 1.473175227338626048e+00
1.583560844850899935e+09 -4.791923496941291605e-01 4.012824723675173511e-01 7.806068599560929133e-01 2.096538654057066575e-01 -8.112918457166988784e-01 5.457570870045065359e-01 8.523027332069308404e-01 4.251798663603996720e-01 3.046344244128188494e-01 -2.144554956699962489e-01 1.525573090897999196e+00 1.470920553583695778e+00
1.583560844850919962e+09 -4.734142728945881506e-01 4.224300922859687835e-01 7.729370891623073003e-01 1.977590636864592355e-01 -8.041258713052131801e-01 5.606005137832333896e-01 8.583532368829518422e-01 4.182515995857734037e-01 2.971452851816914209e-01 -2.225792483947931777e-01 1.521148823038511289e+00 1.469125627005891888e+00
1.583560844850939035e+09 -4.670753823326274645e-01 4.432516970338122309e-01 7.650937986643748800e-01 1.854868748742135864e-01 -7.969080353172572906e-01 5.749193010574744633e-01 8.645433515951970183e-01 4.104455099823258180e-01 2.899987532369773802e-01 -2.308256409545050014e-01 1.516780483788340739e+00 1.467819530662622496e+00
1.583560844850959063e+09 -4.601759300676438458e-01 4.636843894052075643e-01 7.571227779402550651e-01 1.727103625433084322e-01 -7.897371098523937594e-01 5.886309779741774051e-01 8.708669498709349366e-01 4.016367571576214268e-01 2.833349100546784238e-01 -2.391872576439066367e-01 1.512508704344372346e+00 1.467027992738387576e+00
1.583560844850980043e+09 -4.528025197709157346e-01 4.834472905497717021e-01 7.491652660240357697e-01 1.593939460800948005e-01 -7.828109901661695069e-01 6.014985651410704737e-01 8.772476550903647308e-01 3.917724738895143055e-01 2.774002175093500111e-01 -2.476520648115536627e-01 1.508376746949646074e+00 1.466772584850116301e+00
1.583560844850999117e+09 -4.451120966774098631e-01 5.029745561048545310e-01 7.408723356761507395e-01 1.462557047591561132e-01 -7.754076431066926345e-01 6.142900423056000259e-01 8.834503328058350702e-01 3.817847342303940517e-01 2.715804236449581022e-01 -2.561921750960517996e-01 1.504400696317194308e+00 1.466993499268096190e+00
1.583560844851017952e+09 -4.371109431672534074e-01 5.222868204885797727e-01 7.322229858281111836e-01 1.334299245871212736e-01 -7.674517380750098816e-01 6.270680068294116616e-01 8.894551584563070712e-01 3.717987456195167573e-01 2.657728620166248112e-01 -2.647916239840243380e-01 1.500614689779062205e+00 1.467705467522814500e+00
1.583560844851037025e+09 -4.287855552703083162e-01 5.413921929309221115e-01 7.232132752464175418e-01 1.210450750027984718e-01 -7.588923062575885226e-01 6.398676094000186332e-01 8.952603184125363933e-01 3.619073932890664591e-01 2.598692003525720495e-01 -2.734305872322595476e-01 1.497052729992422115e+00 1.468918736639259759e+00
1.583560844851056099e+09 -4.201093888452663294e-01 5.602853825222264827e-01 7.138546014446143229e-01 1.092177636448456723e-01 -7.497041887732344145e-01 6.526983297657306116e-01 9.008771180478289953e-01 3.521702995067899078e-01 2.537646521019510382e-01 -2.820856671850672237e-01 1.493747786555002177e+00 1.470638680055763370e+00
1.583560844851074934e+09 -4.110495141149144716e-01 5.789489823823551484e-01 7.041706989161066188e-01 9.804751224041055591e-02 -7.398870529046852607e-01 6.655477702811236629e-01 9.063249872986022249e-01 3.426152727702710399e-01 2.473657061842435279e-01 -2.907303552016573533e-01 1.490730893094685205e+00 1.472865558680570786e+00
1.583560844851093054e+09 -4.015724095445866171e-01 5.973562479800981206e-01 6.941938586298241898e-01 8.761318210741632362e-02 -7.294623506597907037e-01 6.783867698662722212e-01 9.116268592603523624e-01 3.332419426903700521e-01 2.405956721147368416e-01 -2.993356514003198132e-01 1.488030290087936969e+00 1.475594457028314821e+00
1.583560844851113081e+09 -3.916483699111150685e-01 6.154745733282543929e-01 6.839609670149602305e-01 7.797148218189955959e-02 -7.184688860411311273e-01 6.911750198002407641e-01 9.168053242769953481e-01 3.240270201421356910e-01 2.333977033487032726e-01 -3.078708089261421033e-01 1.485670661952303462e+00 1.478815405106786995e+00
1.583560844851133108e+09 -3.812542780978493973e-01 6.332689293674637065e-01 6.735099397911986641e-01 6.915765888623724711e-02 -7.069577572422063305e-01 7.038664276204213976e-01 9.218798153549696561e-01 3.149304573769931004e-01 2.257352728101942041e-01 -3.163041599977680640e-01 1.483672509095182779e+00 1.482513680422349989e+00
1.583560844851152897e+09 -3.703748334167657474e-01 6.507047123087436047e-01 6.628769573747214094e-01 6.118789194723169012e-02 -6.949874670440500113e-01 7.164136115188199927e-01 9.268648903477120227e-01 3.059016156339242065e-01 2.175906177356146665e-01 -3.246039761591475448e-01 1.482051684530411917e+00 1.486670270955365192e+00
1.583560844851171970e+09 -3.590025253298446128e-01 6.677497323994908696e-01 6.520946880284124170e-01 5.406279043204392787e-02 -6.826197563030577120e-01 7.287712146031456451e-01 9.317695003624190120e-01 2.968847648622185420e-01 2.089618025390308775e-01 -3.327393148840007697e-01 1.480819112619908839e+00 1.491262470401528928e+00
1.583560844851191044e+09 -3.471367723151178031e-01 6.843753209540075488e-01 6.411914549051718204e-01 4.777127054538465867e-02 -6.699164663037082690e-01 7.408979917129762116e-01 9.365970143689495986e-01 2.878234678961881787e-01 1.998591612527906014e-01 -3.406808079127033317e-01 1.479980695769275156e+00 1.496264571069283678e+00
1.583560844851210117e+09 -3.347825962096488417e-01 7.005566949826385059e-01 6.301911859569280239e-01 4.229431967965081168e-02 -6.569374740128137713e-01 7.527578269265543520e-01 9.413457410034862249e-01 2.786637270715571213e-01 1.903016643187163126e-01 -3.484013534045098393e-01 1.479537402604510943e+00 1.501648615451052438e+00
1.583560844851228952e+09 -3.219491655137372565e-01 7.162727943805561326e-01 6.191138985057171862e-01 3.760825067460567273e-02 -6.437395848181556302e-01 7.643199373678759567e-01 9.460097011202043271e-01 2.693559566932895444e-01 1.803136553719422441e-01 -3.558766831614053050e-01 1.479485520401245369e+00 1.507385166565103685e+00
1.583560844851248026e+09 -3.086484619877069568e-01 7.315058200428834478e-01 6.079764490699300916e-01 3.368721779525196691e-02 -6.303761576309875325e-01 7.755585545181592488e-01 9.505794541106137308e-01 2.598559900719660809e-01 1.699222356837767622e-01 -3.630857866537333112e-01 1.479817046168577344e+00 1.513444059444182699e+00
1.583560844851265907e+09 -2.948942356423877031e-01 7.462406708876855310e-01 5.967933070717688082e-01 3.050492565989153942e-02 -6.168971918119855458e-01 7.864523536004324189e-01 9.550428469984989510e-01 2.501254011383067799e-01 1.591554096965913656e-01 -3.700111848399591508e-01 1.480520184481269652e+00 1.519795100452544068e+00
1.583560844851285934e+09 -2.807013260679316891e-01 7.604644247931940937e-01 5.855771722286746694e-01 2.803559181150305432e-02 -6.033496151165873567e-01 7.969838441079802882e-01 9.593856218661515056e-01 2.401314244614661808e-01 1.480409668838047199e-01 -3.766390559223056211e-01 1.481579918782616190e+00 1.526408689004773889e+00
1.583560844851305008e+09 -2.660853205048711034e-01 7.741659361836460418e-01 5.743393647769485799e-01 2.625435320349571444e-02 -5.897775810969980714e-01 8.071388443210552044e-01 9.635918801330114469e-01 2.298467066188390751e-01 1.366059308064195843e-01 -3.829592240004749959e-01 1.482978622225196386e+00 1.533256343315064330e+00
1.583560844851324081e+09 -2.510624789357284725e-01 7.873355734100853098e-01 5.630899812475169686e-01 2.513731060474656484e-02 -5.762226614695289406e-01 8.169060902351149567e-01 9.676444324210883297e-01 2.192490358267094042e-01 1.248763909905109132e-01 -3.889650266397015610e-01 1.484696677928091457e+00 1.540311120750874396e+00
1.583560844851342916e+09 -2.356498356332936694e-01 7.999650848881827425e-01 5.518378551653687625e-01 2.466138263277216705e-02 -5.627238889293142421e-01 8.262769761245907230e-01 9.715250750664498058e-01 2.083211181097187059e-01 1.128775469255622887e-01 -3.946530796826840382e-01 1.486713083776415090e+00 1.547547931197650772e+00
1.583560844851361990e+09 -2.198654004058738787e-01 8.120475715633987956e-01 5.405903695868267134e-01 2.480408227558866807e-02 -5.493176465859221924e-01 8.352454015979126067e-01 9.752148294186950839e-01 1.970504126683917112e-01 1.006338495853600634e-01 -4.000229604411866258e-01 1.489006020278185627e+00 1.554943746787929015e+00
1.583560844851380110e+09 -2.037283524891650710e-01 8.235775158017437647e-01 5.293532226458523837e-01 2.554333542000844504e-02 -5.360374658811087878e-01 8.438076637635313348e-01 9.786941793636131370e-01 1.854289920856589946e-01 8.816911311319539091e-02 -4.050768338724601292e-01 1.491553362606964583e+00 1.562477714919516592e+00
1.583560844851398945e+09 -1.872591873865324386e-01 8.345508387898239455e-01 5.181301908615315588e-01 2.685736115616112543e-02 -5.229137785908199998e-01 8.519623598201314651e-01 9.819433177149338166e-01 1.734533888568075555e-01 7.550657602066607188e-02 -4.098190459951889797e-01 1.494333123718192269e+00 1.570131185880788038e+00
1.583560844851418018e+09 -1.704798399952285326e-01 8.449649902080561548e-01 5.069228639009796256e-01 2.872456325973714308e-02 -5.099736162081920376e-01 8.597103061355991782e-01 9.849423962528213172e-01 1.611244133187158256e-01 6.266897023038314751e-02 -4.142557067641479684e-01 1.497323821218334627e+00 1.577887669303833951e+00
1.583560844851438046e+09 -1.534137100698693967e-01 8.548190204063815800e-01 4.957304473014971236e-01 3.112349253774414348e-02 -4.972403455187711097e-01 8.670544199987187950e-01 9.876717886484758235e-01 1.484468982998014552e-01 4.967853285248627349e-02 -4.183942828772081457e-01 1.500504765021545728e+00 1.585732734611804862e+00
1.583560844851457119e+09 -1.360855668389983342e-01 8.641136042598749345e-01 4.845496856863978352e-01 3.403288512648811742e-02 -4.847335057290258487e-01 8.739995374096627412e-01 9.901123580418389469e-01 1.354293462779319057e-01 3.655695491760863058e-02 -4.222432164863696991e-01 1.503856268045753231e+00 1.593653871080851436e+00
1.583560844851475954e+09 -1.185213788415022257e-01 8.728510259615629430e-01 4.733748722767466277e-01 3.743171945926367095e-02 -4.724687367086101708e-01 8.805521900773297661e-01 9.922457102234989446e-01 1.220834951529621987e-01 2.332533145718721640e-02 -4.258115804089409040e-01 1.507359786418274394e+00 1.601640322316605802e+00
1.583560844851495028e+09 -1.007481039833096753e-01 8.810351336900804631e-01 4.621979156326219695e-01 4.129925680519356407e-02 -4.604577805450194017e-01 8.867203640165157719e-01 9.940544206703949559e-01 1.084238258790568565e-01 1.000415217198992630e-02 -4.291087757319466123e-01 1.510997998116564212e+00 1.609682907973806198e+00
1.583560844851514101e+09 -8.279346399974918391e-02 8.886712711490872829e-01 4.510084418509897608e-01 4.561504698627620591e-02 -4.487085373553239553e-01 8.925132582945614068e-01 9.955222298536986480e-01 9.446703561812519467e-02 -3.386647594652528181e-03 -4.321442746175447325e-01 1.514754829706656647e+00 1.617773842921869321e+00
1.583560844851532936e+09 -6.468571668450195933e-02 8.957661892907529122e-01 4.397939206585343985e-01 5.035889412015982086e-02 -4.372251612249895003e-01 8.979410562021681308e-01 9.966342057986540270e-01 8.023149628149925383e-02 -1.682757171444381611e-02 -4.349274075307528187e-01 1.518615441356657936e+00 1.625906561673398532e+00
1.583560844851552010e+09 -4.645342887233380041e-02 9.023279363343088555e-01 4.285398169649353717e-01 5.551078841410100884e-02 -4.260081928424229170e-01 9.030147131910236658e-01 9.973768754317757779e-01 6.573671289545539309e-02 -3.029939380475019789e-02 -4.374671930725332891e-01 1.522566179286970023e+00 1.634075553326326036e+00
1.583560844851569891e+09 -2.812525409693062556e-02 9.083657259110408111e-01 4.172297670825517724e-01 6.105080899945001388e-02 -4.150547233244879508e-01 9.077457659527992107e-01 9.977383269853348224e-01 5.100279518440047760e-02 -4.378294281075634925e-02 -4.397722090936098116e-01 1.526594503424576477e+00 1.642276210080787280e+00
1.583560844851589918e+09 -9.729660778916106312e-03 9.138897376759637092e-01 4.058458839748834701e-01 6.695907078507742916e-02 -4.043586897729379848e-01 9.121461138893266485e-01 9.977082824535474792e-01 3.604993558789177516e-02 -5.725893468261316482e-02 -4.418505027251168338e-01 1.530688897519711045e+00 1.650504690985316936e+00
1.583560844851608038e+09 8.705418119118662340e-03 9.189108168764580364e-01 3.943692771888818727e-01 7.321577851906463374e-02 -3.939113968150627643e-01 9.162277345036778931e-01 9.972781286129054346e-01 2.089790818173887024e-02 -7.070793418885532033e-02 -4.437095345070933838e-01 1.534838768741657145e+00 1.658757801616941308e+00
1.583560844851627111e+09 2.715292021179005477e-02 9.234401420338254063e-01 3.827806466792568196e-01 7.980131339332308116e-02 -3.837021346541138467e-01 9.200024035192873040e-01 9.964409012309441982e-01 5.565646542174587826e-03 -8.411036955047800079e-02 -4.453561501505355347e-01 1.539034342854721515e+00 1.667032889544525220e+00
1.583560844851644993e+09 4.558703907898427332e-02 9.274888064202622129e-01 3.710610951053721629e-01 8.669647431184296371e-02 -3.737190490024668299e-01 9.234813446915298707e-01 9.951912095441995953e-01 -9.929091392713676814e-03 -9.744675429871903216e-02 -4.467965747488729100e-01 1.543266559363398516e+00 1.675327754572155214e+00
1.583560844851663113e+09 6.398365944783653003e-02 9.310673090003577235e-01 3.591932041425131006e-01 9.388294768462368545e-02 -3.639503337525089033e-01 9.266747794853229525e-01 9.935250796053247679e-01 -2.556992665630583930e-02 -1.106982175977140881e-01 -4.480364261051907326e-01 1.547526969687751386e+00 1.683640572259950119e+00
1.583560844851676941e+09 8.232076672482815938e-02 9.341850219881553397e-01 3.471622625322276501e-01 1.013439885160780235e-01 -3.543856585369644652e-01 9.295914162973232253e-01 9.914397045244327522e-01 -4.134186971967605123e-02 -1.238473351908447179e-01 -4.490807432335158778e-01 1.551807640897691076e+00 1.691969829199060804e+00
1.583560844851690054e+09 1.005787154881746248e-01 9.368497521363301495e-01 3.349574068154257955e-01 1.090652024027497224e-01 -3.450175988862403398e-01 9.322379730102763329e-01 9.889331140014311350e-01 -5.723110041714969676e-02 -1.368791346764044181e-01 -4.499340243572687581e-01 1.556101066932463528e+00 1.700314268643345672e+00
1.583560844851701021e+09 1.187402832611305081e-01 9.390674845524831227e-01 3.225724803125761819e-01 1.170353197589430599e-01 -3.358428627272093125e-01 9.346188023589098171e-01 9.860037927999741880e-01 -7.322452788413509606e-02 -1.497821399015848154e-01 -4.506002697883658703e-01 1.560400088107620764e+00 1.708672845040935195e+00
1.583560844851715088e+09 1.367905164918162553e-01 9.408423166689622308e-01 3.100065970758548173e-01 1.252469552585129542e-01 -3.268632875559888129e-01 9.367356039380863031e-01 9.826502710299793719e-01 -8.930916461143498242e-02 -1.625494333869005603e-01 -4.510830264768437847e-01 1.564697818869211998e+00 1.717044686040114732e+00
1.583560844851730108e+09 1.547163960097781288e-01 9.421765550856531224e-01 2.972644888316564593e-01 1.336974006617558386e-01 -3.180866818894290127e-01 9.385871659571909387e-01 9.788706973977269188e-01 -1.054713341149843137e-01 -1.751797813372873158e-01 -4.513854344517561068e-01 1.568987583360884841e+00 1.725429060522407410e+00
1.583560844851747036e+09 1.725062899021923835e-01 9.430710015343533037e-01 2.843565833189763969e-01 1.423893752198319151e-01 -3.095274372953311648e-01 9.401691505386565728e-01 9.746624267578493095e-01 -1.216957357210250446e-01 -1.876787204429561651e-01 -4.515102747127500704e-01 1.573262858514094642e+00 1.733825351531649961e+00
1.583560844851764917e+09 1.901491687280363330e-01 9.435254514129920445e-01 2.712987590012453376e-01 1.513316145523470047e-01 -3.012068138030032927e-01 9.414739497162474269e-01 9.700216680243453071e-01 -1.379644096081566740e-01 -2.000594551077909677e-01 -4.514600177400820424e-01 1.577517224349024749e+00 1.742233033198985703e+00
1.583560844851783037e+09 2.076335769195262193e-01 9.435394252171551699e-01 2.581117030747595575e-01 1.605391115131936108e-01 -2.931527541119334224e-01 9.424906666221322116e-01 9.649432583218217063e-01 -1.542556847541729781e-01 -2.123433358350900191e-01 -4.512368728523941663e-01 1.581744321261343789e+00 1.750651650870231002e+00
1.583560844851802111e+09 2.249464549657934909e-01 9.431130321533606198e-01 2.448201410188418081e-01 1.700331380733030029e-01 -2.853994695948773308e-01 9.432051075723648648e-01 9.594205671803418545e-01 -1.705431083227349487e-01 -2.245600672609841253e-01 -4.508428389821783622e-01 1.585937814292416981e+00 1.759080803790350922e+00
1.583560844851819992e+09 2.420718403103055416e-01 9.422479613627942063e-01 2.314519472895170127e-01 1.798409398822633787e-01 -2.779867426747641979e-01 9.435998132036838015e-01 9.534455730911782778e-01 -1.867944074670355448e-01 -2.367475212650820837e-01 -4.502797577825419784e-01 1.590091364699338428e+00 1.767520129831258169e+00
1.583560844851839066e+09 2.589895122847173936e-01 9.409485829007186997e-01 2.180371466776308831e-01 1.899949840325406980e-01 -2.709588767351294170e-01 9.436541704457199753e-01 9.470091546272265681e-01 -2.029705690710045807e-01 -2.489510182274918826e-01 -4.495493699394247922e-01 1.594198609464163363e+00 1.775969291889536450e+00
1.583560844851856947e+09 2.756736970784318674e-01 9.392231187658073299e-01 2.046068092283543083e-01 2.005316361102288669e-01 -2.643632108302914063e-01 9.433446644345544474e-01 9.401016306971272662e-01 -2.190251729503015776e-01 -2.612219322874311800e-01 -4.486533748089686080e-01 1.598253149491340341e+00 1.784427965742006572e+00
1.583560844851876020e+09 2.920919996550631614e-01 9.370847938512332220e-01 1.911919280146710809e-01 2.114892841335585250e-01 -2.582482382916644337e-01 9.426452834203411513e-01 9.327135395275221175e-01 -2.349041017089966155e-01 -2.736156364603774538e-01 -4.475934925012374777e-01 1.602248547072941509e+00 1.792895829292428855e+00
1.583560844851890087e+09 3.082047539409943915e-01 9.345528638752896855e-01 1.778223122623657226e-01 2.229059318239080545e-01 -2.526613355996550347e-01 9.415281170997510385e-01 9.248366210266384391e-01 -2.505457933396960657e-01 -2.861888016346882391e-01 -4.463715269309884159e-01 1.606178332914479423e+00 1.801372553237224228e+00
1.583560844851905107e+09 3.239649486279296831e-01 9.316533783915230682e-01 1.645256668724777716e-01 2.348165689233988052e-01 -2.476463454857787128e-01 9.399640773802314664e-01 9.164648882569245147e-01 -2.658820613373126251e-01 -2.989963852365630226e-01 -4.449894273584447668e-01 1.610036022363469099e+00 1.809857793265639891e+00
1.583560844851917028e+09 3.393188230641858705e-01 9.284195755322234289e-01 1.513268930182965488e-01 2.472505469389508770e-01 -2.432411523886867655e-01 9.379237224112106919e-01 9.075956719503025516e-01 -2.808395164360673602e-01 -3.120885492906163017e-01 -4.434493455911610038e-01 1.613815139808935317e+00 1.818351183927686465e+00
1.583560844851931095e+09 3.542071096247106921e-01 9.248918311669630521e-01 1.382476929268592891e-01 2.602293182978378527e-01 -2.394755053580881199e-01 9.353780970657904481e-01 8.982304970226194785e-01 -2.953414691676221060e-01 -3.255078972032712237e-01 -4.417536859192834342e-01 1.617509249502983026e+00 1.826852334279360557e+00
1.583560844851943970e+09 3.685667886659561576e-01 9.211171512970012243e-01 1.253064896429186281e-01 2.737648022128570946e-01 -2.363692763096467697e-01 9.322995218945987483e-01 8.883756839059089305e-01 -3.093101343902773803e-01 -3.392873197475321789e-01 -4.399051446957091827e-01 1.621111990164846972e+00 1.835360825363324899e+00
1.583560844851953983e+09 3.823331637371730762e-01 9.171482520317296716e-01 1.125186036597320416e-01 2.878584877594823066e-01 -2.339312439428948565e-01 9.286622983468436621e-01 8.780426204497590037e-01 -3.226689593576603787e-01 -3.534485813722439973e-01 -4.379067379670568139e-01 1.624617110718765911e+00 1.843876209436207114e+00
1.583560844851963997e+09 3.954420185038418634e-01 9.130423169013200946e-01 9.989663666383191698e-02 3.025013136847980455e-01 -2.321584683734755072e-01 9.244432924848021704e-01 8.672476956534884707e-01 -3.353448576284756011e-01 -3.680017135546224116e-01 -4.357618161898503262e-01 1.628018504295013935e+00 1.852398010758106839e+00
1.583560844851974010e+09 4.078315265484427909e-01 9.088595892913142738e-01 8.745109132572118082e-02 3.176743831653505157e-01 -2.310363511443749018e-01 9.196223088687525138e-01 8.560119348642623027e-01 -3.472699984574011967e-01 -3.829453170814671736e-01 -4.334740663475464828e-01 1.631310238004594515e+00 1.860925727645205807e+00
1.583560844851983070e+09 4.194437920507096407e-01 9.046619309193563163e-01 7.519106677692659335e-02 3.333501972916746436e-01 -2.305391754461781073e-01 9.141823312605018570e-01 8.443604394288289905e-01 -3.583831465807035821e-01 -3.982674590118500113e-01 -4.310475034110294867e-01 1.634486577074125480e+00 1.869458835396439866e+00
1.583560844851995945e+09 4.302259701324672725e-01 9.005114422998893309e-01 6.312493467893706689e-02 3.494941572752781611e-01 -2.306309696685451549e-01 9.081096795535645860e-01 8.323217220827224816e-01 -3.686305718980323332e-01 -4.139469202019358529e-01 -4.284864539402241101e-01 1.637542002973613409e+00 1.877996789697434776e+00
1.583560844852005005e+09 4.401309165122384015e-01 8.964692347234216596e-01 5.126097923537233786e-02 3.660661946391943755e-01 -2.312666016491834731e-01 9.013940871465184745e-01 8.199270198431438672e-01 -3.779664939849927130e-01 -4.299546625972557878e-01 -4.257955346807500985e-01 1.640471225887851325e+00 1.886539030160221841e+00
1.583560844852014065e+09 4.491174531136346015e-01 8.925943790363498609e-01 3.960793214880950486e-02 3.830223262841859766e-01 -2.323929512125785246e-01 8.940287545897205312e-01 8.072096451803904005e-01 -3.863531948321479725e-01 -4.462553057432789849e-01 -4.229796282576994693e-01 1.643269191899661363e+00 1.895084983745459750e+00
1.583560844852024078e+09 4.571503234646545066e-01 8.889430407579140825e-01 2.817538840734341160e-02 4.003160438579596025e-01 -2.339500806647672737e-01 8.860103978089360899e-01 7.942044114588429071e-01 -3.937608798003410238e-01 -4.628085162261614260e-01 -4.200438575380971984e-01 1.645931085254288773e+00 1.903634067878828384e+00
1.583560844852039099e+09 4.641998756735654652e-01 8.855678150043174712e-01 1.697412503767747882e-02 4.178995178038110714e-01 -2.358723606178826926e-01 8.773392859974856739e-01 7.809471613605971640e-01 -4.001673086846131988e-01 -4.795702832288774586e-01 -4.169935603702516480e-01 1.648452326703575110e+00 1.912185693116893903e+00
1.583560844852054119e+09 4.702415563568519419e-01 8.825172423437790403e-01 6.016320194830627674e-03 4.357245799740852576e-01 -2.380894973768831746e-01 8.680192865852223161e-01 7.674744096534384941e-01 -4.055572815504301376e-01 -4.964940304191158837e-01 -4.138342657298944016e-01 1.650828568699586940e+00 1.920739265284299613e+00
