1.583560844676454067e+09 -4.648412059248833161e-01 1.280603208245102431e-01 8.760840187480251062e-01 3.223744841089942748e-01 -8.970856499012704877e-01 3.021788028959744299e-01 8.246195156492760470e-01 4.228922926235345048e-01 3.757189954828972778e-01 -1.217873745326803203e-01 1.574527654648757879e+00 1.522858388395576190e+00
1.583560844676521063e+09 -4.762545168239605831e-01 1.444087439022054276e-01 8.673682898809013109e-01 3.192989752358301736e-01 -8.906871418824870990e-01 3.236117733983902567e-01 8.192861526586655563e-01 4.310713747899080350e-01 3.780842104813669780e-01 -1.282825206684874708e-01 1.571663492882130697e+00 1.517716473787675824e+00
1.583560844676548004e+09 -4.852862951200738184e-01 1.628212838143196506e-01 8.590613724925315609e-01 3.146539188182973512e-01 -8.841616305867223691e-01 3.453275583495946655e-01 8.157757801388578756e-01 4.378897586550927201e-01 3.778391670020109783e-01 -1.348072746699016666e-01 1.568660659294605297e+00 1.512692510463577333e+00
1.583560844676568985e+09 -4.920372860945987914e-01 1.827501572319359668e-01 8.511766500145551140e-01 3.086444145172447251e-01 -8.775920987528187389e-01 3.668388389768285074e-01 8.140257580691513395e-01 4.432093054597445181e-01 3.754032193135843909e-01 -1.413709458689312026e-01 1.565515231103231875e+00 1.507808441077002959e+00
1.583560844676589012e+09 -4.966820973461530397e-01 2.037300654011615919e-01 8.436829706926546324e-01 3.014823606864490690e-01 -8.710361744549983687e-01 3.878200216302667425e-01 8.138889854829499670e-01 4.469787953136304948e-01 3.712070529600247082e-01 -1.479836607302496831e-01 1.562225016337930983e+00 1.503088682508963991e+00
1.583560844676609039e+09 -4.994405238579579520e-01 2.253841660394980129e-01 8.365172689438731268e-01 2.933675473528840061e-01 -8.645244331378595382e-01 4.080845339678744743e-01 8.151654099677552168e-01 4.492209728355787690e-01 3.656581357986408154e-01 -1.546561768893787991e-01 1.558790092580915942e+00 1.498560055901871246e+00
1.583560844676629066e+09 -5.005542757828471689e-01 2.474210826229069071e-01 8.295952177353519419e-01 2.844783317613640006e-01 -8.580602020587880796e-01 4.275567431374335814e-01 8.176291922825247305e-01 4.500172194021851979e-01 3.591197662199744900e-01 -1.613996122736480743e-01 1.555213344305061307e+00 1.494251624274907320e+00
1.583560844676647902e+09 -5.002688480924808445e-01 2.696260984200659072e-01 8.228200575498344493e-01 2.749693772776991563e-01 -8.516212577925053040e-01 4.462432913142630464e-01 8.210498897789423323e-01 4.494919360601244418e-01 3.519006652941334967e-01 -1.682250894215008008e-01 1.551500974346001982e+00 1.490194432750019837e+00
1.583560844676666975e+09 -4.988198684134741434e-01 2.918490476744136641e-01 8.160899905544477528e-01 2.649737824630873928e-01 -8.451633995927059217e-01 4.642065518836285820e-01 8.252076307213439543e-01 4.477979026670122487e-01 3.442519497300040587e-01 -1.751433000798562067e-01 1.547662964065342761e+00 1.486421148983651852e+00
1.583560844676687956e+09 -4.964231016498976135e-01 3.139908517198173876e-01 8.093045468979983559e-01 2.546072068551546441e-01 -8.386256625993091518e-01 4.815414504205832169e-01 8.299031718714058314e-01 4.451030704868216281e-01 3.363688188447177541e-01 -1.821640004374335264e-01 1.543713456584754340e+00 1.482965604299810947e+00
1.583560844676708937e+09 -4.932853813335853488e-01 3.358702563884078951e-01 8.024093119358596260e-01 2.440300817323564631e-01 -8.319746828621145118e-01 4.982644343238402107e-01 8.349364359564627192e-01 4.415985713827346726e-01 3.284385026074966851e-01 -1.892954525973903346e-01 1.539671038321524410e+00 1.479862238947031505e+00
1.583560844676728010e+09 -4.889722739419746222e-01 3.575492335019203605e-01 7.956536064038287615e-01 2.328558357019839542e-01 -8.255312490590734908e-01 5.140781232773571352e-01 8.406451542771973262e-01 4.366425342919146857e-01 3.204044665222511856e-01 -1.965103572962719480e-01 1.535577142277713580e+00 1.477031197229782711e+00
1.583560844676747084e+09 -4.836773559490444852e-01 3.789437947494986858e-01 7.889599585582315333e-01 2.211846009153558834e-01 -8.192357576535335140e-01 5.290842521996177439e-01 8.468374035037355974e-01 4.304118656738538662e-01 3.124292531825577646e-01 -2.038150384565660111e-01 1.531445661933232838e+00 1.474500953141869797e+00
1.583560844676767111e+09 -4.775815571387618808e-01 4.000106956059150676e-01 7.822450384163536219e-01 2.091146232616292455e-01 -8.130046468021064898e-01 5.434100834933059954e-01 8.533386964919635886e-01 4.231015102733396982e-01 3.046279393027216953e-01 -2.112141394445972709e-01 1.527293660017617460e+00 1.472300085927641833e+00
1.583560844676784992e+09 -4.708443404752412076e-01 4.207394821608980151e-01 7.754249774405191920e-01 1.967474877576852466e-01 -8.067363995127185827e-01 5.571954845367715903e-01 8.599976938420418326e-01 4.149152566188117341e-01 2.970678318857871147e-01 -2.187101245502723612e-01 1.523141335193632706e+00 1.470456709221019898e+00
1.583560844676803112e+09 -4.635974639537321917e-01 4.411430674392072260e-01 7.684205787921157826e-01 1.841922034814365838e-01 -8.003190007007389140e-01 5.705810455315674101e-01 8.666894622072421894e-01 4.060570052304733890e-01 2.897707454733611798e-01 -2.263028081335189123e-01 1.519011861665265917e+00 1.468997861658173143e+00
1.583560844676820040e+09 -4.559415142701979118e-01 4.612478939203238926e-01 7.611620828471946654e-01 1.715672869766770303e-01 -7.936382033960986959e-01 5.836977543005867908e-01 8.733166676022097175e-01 3.967225514128080444e-01 2.827175544933324680e-01 -2.339889394906310982e-01 1.514931097716925246e+00 1.467948870626434088e+00
1.583560844676837921e+09 -4.479452108977221569e-01 4.810846682813912922e-01 7.535931464813052649e-01 1.590003482574465499e-01 -7.865858913189955892e-01 5.966586336070107688e-01 8.798090574629293670e-01 3.870919501408159880e-01 2.758547532169397520e-01 -2.417618720369032470e-01 1.510927163365153758e+00 1.467332704122907172e+00
1.583560844676857948e+09 -4.396473066007958175e-01 5.006805467375832208e-01 7.456736795424897535e-01 1.466251452049473769e-01 -7.790677472689192529e-01 6.095527148531392214e-01 8.861215000760204186e-01 3.773227207992076448e-01 2.691026789196148683e-01 -2.496113447255644269e-01 1.507029892593606979e+00 1.467169330741266098e+00
1.583560844676876068e+09 -4.310606965511666333e-01 5.200534655470092638e-01 7.373812238636022753e-01 1.345765775529448316e-01 -7.710094189532453735e-01 6.224416606280367414e-01 8.922308114867960604e-01 3.675443772001272813e-01 2.623648416846106612e-01 -2.575234012067147416e-01 1.503270173282387434e+00 1.467475116212736186e+00
1.583560844676894903e+09 -4.221781005942542575e-01 5.392089874432828278e-01 7.287107242824359954e-01 1.229844415617233899e-01 -7.623605576896552716e-01 6.353591169084943369e-01 8.981316600669599914e-01 3.578547866091305041e-01 2.555376160495889670e-01 -2.654804659093861763e-01 1.499679196796558811e+00 1.468262289005762611e+00
1.583560844676913977e+09 -4.129785274178078280e-01 5.581396478266268391e-01 7.196727519234022985e-01 1.119669898292919297e-01 -7.530963849114682418e-01 6.483126008706893151e-01 9.038319143411395196e-01 3.483187748641083381e-01 2.485194198158459933e-01 -2.734615868838811692e-01 1.496287648284235106e+00 1.469538509396167925e+00
1.583560844676932096e+09 -4.034336920724495013e-01 5.768264056739416112e-01 7.102904717531332013e-01 1.016253625002497274e-01 -7.432167963291034241e-01 6.612874409641164020e-01 9.093478663843191923e-01 3.389691604603012332e-01 2.412185036209535671e-01 -2.814428432029015270e-01 1.493124877367810299e+00 1.471306575996027322e+00
1.583560844676949978e+09 -3.935136568972235072e-01 5.952415197007991932e-01 7.005958431969694367e-01 9.203974987267940500e-02 -7.327433802074430069e-01 6.742520474061745039e-01 9.146997794785768354e-01 3.298100549770460743e-01 2.335586465705941916e-01 -2.893979007739624909e-01 1.490218094344820443e+00 1.473564296814668273e+00
1.583560844676968098e+09 -3.831911895074295860e-01 6.133520504718595889e-01 6.906256402068070566e-01 8.326773425059201539e-02 -7.217150220032433339e-01 6.871636716776461373e-01 9.199081459664267824e-01 3.208218969774125906e-01 2.254824022721788335e-01 -2.972986872712721218e-01 1.487591636832932718e+00 1.476304538675189404e+00
1.583560844676987886e+09 -3.724445892106650335e-01 6.311232581812110665e-01 6.804178579341130240e-01 7.534490999447920889e-02 -7.101828690928251309e-01 6.999738832348532114e-01 9.249909041735721038e-01 3.119675076332913966e-01 2.169518419079147775e-01 -3.051161473594111717e-01 1.485266345969497248e+00 1.479515453180178186e+00
1.583560844677006960e+09 -3.612590490611001237e-01 6.485213626802408537e-01 6.700089119288253903e-01 6.828728806548661767e-02 -6.982054545999039075e-01 7.126331382145203452e-01 9.299616906399974514e-01 3.031982613885490507e-01 2.079472735165469044e-01 -3.128210345494265021e-01 1.483259082150772956e+00 1.483180864089562290e+00
1.583560844677026033e+09 -3.496268113124237353e-01 6.655154165267780364e-01 6.594318187818293264e-01 6.209485532502926480e-02 -6.858445395741143980e-01 7.250941295476108772e-01 9.348290335945754759e-01 2.944596717748684811e-01 1.984645559712761020e-01 -3.203846954291979521e-01 1.481582399854479926e+00 1.487280791205113140e+00
1.583560844677046061e+09 -3.375465008705814118e-01 6.820782902327733321e-01 6.487153198348089012e-01 5.675554355092300718e-02 -6.731619814449354422e-01 7.373138783715116329e-01 9.395962794328038825e-01 2.856959102538244588e-01 1.885117473004747357e-01 -3.277798047048608998e-01 1.480244390592958759e+00 1.491792079468294618e+00
1.583560844677063942e+09 -3.250219834378090811e-01 6.981869230606344567e-01 6.378837912931254461e-01 5.224909263653520347e-02 -6.602176739560433605e-01 7.492547334122106051e-01 9.442620096661197282e-01 2.768531088389440953e-01 1.781056247217354949e-01 -3.349810154086191316e-01 1.479248691820715722e+00 1.496689096941071773e+00
1.583560844677083015e+09 -3.120610639631102856e-01 7.138220647545578945e-01 6.269576960792224707e-01 4.855039643953367595e-02 -6.470684432892680471e-01 7.608845437585388671e-01 9.488207162905081260e-01 2.678814849597057068e-01 1.672685226925765545e-01 -3.419654969007946410e-01 1.478594649511320691e+00 1.501944463599488078e+00
1.583560844677102089e+09 -2.986742704736824461e-01 7.289677419697517813e-01 6.159543098069453215e-01 4.563209317038212365e-02 -6.337676750851162222e-01 7.721763052023601359e-01 9.532635483058785608e-01 2.587364790763963529e-01 1.560257741414616262e-01 -3.487133428509622268e-01 1.478277613949253055e+00 1.507529774267205580e+00
1.583560844677119970e+09 -2.848738869444368826e-01 7.436106482320661293e-01 6.048884796541178499e-01 4.346632729023563319e-02 -6.203654016675624883e-01 7.831075577668844545e-01 9.575790031264339586e-01 2.493791744999063476e-01 1.444038795432355249e-01 -3.552078417335921001e-01 1.478289341851414251e+00 1.513416282441701899e+00
1.583560844677139044e+09 -2.706733176771166094e-01 7.577395997367341041e-01 5.937732349421726008e-01 4.202574369290938694e-02 -6.069085886472516123e-01 7.936597521098895935e-01 9.617534987018192538e-01 2.397762799896642760e-01 1.324293910698641219e-01 -3.614356108967927694e-01 1.478618475854301284e+00 1.519575518906230771e+00
1.583560844677156925e+09 -2.560867634668428927e-01 7.713451236485050488e-01 5.826201766553964490e-01 4.128390884286542439e-02 -5.934414295795263916e-01 8.038177086598268239e-01 9.657718202294490739e-01 2.298999136903249474e-01 1.201283532971502976e-01 -3.673866034918445433e-01 1.479251071058945044e+00 1.525979825442343785e+00
1.583560844677167892e+09 -2.411291493567243316e-01 7.844191960857070933e-01 5.714396368716219143e-01 4.121535811448791276e-02 -5.800055344223717935e-01 8.135692192559804692e-01 9.696174647193864793e-01 2.197273430590799270e-01 1.075261231206336016e-01 -3.730540023940050465e-01 1.480171141064376528e+00 1.532602792499257793e+00
1.583560844677181959e+09 -2.258162214118487332e-01 7.969551136114081391e-01 5.602406460451775372e-01 4.179544623044829238e-02 -5.666399675257499657e-01 8.229047867783289005e-01 9.732729191372707644e-01 2.092407573358525674e-01 9.464740183196482248e-02 -3.784340175662705419e-01 1.481361200136943612e+00 1.539419597316671107e+00
1.583560844677200079e+09 -2.101647408257987792e-01 8.089474724419980500e-01 5.490307541372730915e-01 4.300011753466154163e-02 -5.533811315360235294e-01 8.318174759992649214e-01 9.767199045333173624e-01 1.984270912251240304e-01 8.151636575786855299e-02 -3.835256060364500841e-01 1.482802780864749703e+00 1.546407243817834676e+00
1.583560844677217960e+09 -1.941926730586044092e-01 8.203922021621434801e-01 5.378158056501479711e-01 4.480571989177750680e-02 -5.402625594999127534e-01 8.403028111897846708e-01 9.799396172739802680e-01 1.872778734376312204e-01 6.815676743809551130e-02 -3.883301369667684910e-01 1.484476908718510568e+00 1.553544709070973084e+00
1.583560844677236080e+09 -1.779193328242200389e-01 8.312866255654679515e-01 5.265997128831130247e-01 4.718888320719942520e-02 -5.273146610396197698e-01 8.483586846259075775e-01 9.829129771341634791e-01 1.757890635285365988e-01 5.459198526361341841e-02 -3.928510241307697215e-01 1.486364519953146557e+00 1.560813005628595151e+00
1.583560844677254915e+09 -1.613655061716304240e-01 8.416295497462134012e-01 5.153842012102958225e-01 5.012641096032254689e-02 -5.145644160185643967e-01 8.559852831197406475e-01 9.856208787632448898e-01 1.639608587778695059e-01 4.084507883208955692e-02 -3.970933463726999957e-01 1.488446814478364022e+00 1.568195172199442045e+00
1.583560844677284956e+09 -1.445534775205518929e-01 8.514213371855355872e-01 5.041686217597490804e-01 5.359524661629006675e-02 -5.020351051181803914e-01 8.631849761175113267e-01 9.880444534488019848e-01 1.517974316835391524e-01 2.693878381342667064e-02 -4.010634751091908257e-01 1.490705539331621088e+00 1.575676206327722317e+00
1.583560844677304029e+09 -1.275069380930014540e-01 8.606639261449107181e-01 4.929498832702875477e-01 5.757252006877387751e-02 -4.897461431374599550e-01 8.699621373604630170e-01 9.901653326528723209e-01 1.393065754653930177e-01 1.289544006765432418e-02 -4.047687238717845304e-01 1.493123203290909418e+00 1.583242953605418668e+00
1.583560844677321911e+09 -1.102508194100600414e-01 8.693608113211852562e-01 4.817224688589848425e-01 6.203561475900818550e-02 -4.777130047210149111e-01 8.763229244107240135e-01 9.919658964097087805e-01 1.264992700126238989e-01 -1.263082088817257809e-03 -4.082170299841373917e-01 1.495683227259531289e+00 1.590883967544330035e+00
1.583560844677340984e+09 -9.281108548694039229e-02 8.775169946598095905e-01 4.704785084774502080e-01 6.696221898466360456e-02 -4.659472248501705938e-01 8.822750393777137878e-01 9.934294962205836299e-01 1.133891890479356290e-01 -1.551541736389431062e-02 -4.114166741401595329e-01 1.498370037587944736e+00 1.598589352629762317e+00
1.583560844677360058e+09 -7.521450728165218758e-02 8.851389137363177007e-01 4.592078850904939835e-01 7.233034218434716833e-02 -4.544564551646245176e-01 8.878274901041141032e-01 9.945406476451045252e-01 9.999217071802361800e-02 -2.984068207599491207e-02 -4.143760407818614655e-01 1.501169110450448763e+00 1.606350600723529309e+00
1.583560844677377939e+09 -5.748843265754990245e-02 8.922343510311243620e-01 4.478983627965851255e-01 7.811829068232994944e-02 -4.432445620958340715e-01 8.929903644828511844e-01 9.952851918414107324e-01 8.632567097325810623e-02 -4.421838715093441563e-02 -4.171034188383849206e-01 1.504066976134554201e+00 1.614160428839312544e+00
1.583560844677397013e+09 -3.966055513234705010e-02 8.988123219427366362e-01 4.365357382113347340e-01 8.430460888901249172e-02 -4.323117634717298929e-01 8.977746222242560803e-01 9.956504274176612990e-01 7.240821462025116839e-02 -5.862829665394326401e-02 -4.196068413830048027e-01 1.507051191377841048e+00 1.622012623865606740e+00
1.583560844677416086e+09 -2.175868559600869709e-02 9.048829411425994840e-01 4.251040141841375131e-01 9.086799090270317181e-02 -4.216547981119008193e-01 9.021919084565048763e-01 9.956252147087206739e-01 5.825885782342251490e-02 -7.305024059735051867e-02 -4.218939631768521270e-01 1.510110286749524855e+00 1.629901897672167754e+00
1.583560844677433014e+09 -3.810475086212345222e-03 9.104572202493327326e-01 4.135856994876513926e-01 9.778723648946142932e-02 -4.112672289369673773e-01 9.062543368216972040e-01 9.952000487318214406e-01 4.389666222648804655e-02 -8.746397189449169052e-02 -4.239719740813164828e-01 1.513233695732597583e+00 1.637823754701607903e+00
1.583560844677453041e+09 1.415693854080963751e-02 9.155467627820884635e-01 4.019623199948029191e-01 1.050413144304935681e-01 -4.011399733017827485e-01 9.099741998035061341e-01 9.943670869922573985e-01 2.934020167655703934e-02 -1.018491492459227543e-01 -4.258475440267487921e-01 1.516411672066713567e+00 1.645774373268154234e+00
1.583560844677465916e+09 3.211726826310118410e-02 9.201634276412163915e-01 3.902150022181339328e-01 1.126094560865913696e-01 -3.912619301333254418e-01 9.133636803891969080e-01 9.931201296026529457e-01 1.460715286818722175e-02 -1.161853673794683850e-01 -4.275267936685307468e-01 1.519635201165774996e+00 1.653750500936439050e+00
1.583560844677480936e+09 5.004546139268364890e-02 9.243189056415076488e-01 3.783252739546927867e-01 1.204714017259598952e-01 -3.816208580853255872e-01 9.164344833463407003e-01 9.914545342607410383e-01 -2.860104338698987291e-04 -1.304523860335859708e-01 -4.290152860067153462e-01 1.522895909872756803e+00 1.661749363423168591e+00
1.583560844677490950e+09 6.791812569463925864e-02 9.280242053956045956e-01 3.662761292347594955e-01 1.286078719338355492e-01 -3.722045735048813975e-01 9.191973514782185717e-01 9.893670420162634649e-01 -1.532416767189423955e-02 -1.446306550740883434e-01 -4.303180359320283310e-01 1.526185977579018083e+00 1.669768585886477474e+00
1.583560844677505970e+09 8.571392236517827445e-02 9.312891179832938349e-01 3.540532483735875924e-01 1.370012442579743028e-01 -3.630023779752884483e-01 9.216615066725553085e-01 9.868555025620526777e-01 -3.049348720297573312e-02 -1.587021254779135415e-01 -4.314395340830377013e-01 1.529498051257427882e+00 1.677806125413176197e+00
1.583560844677517891e+09 1.034138129316136689e-01 9.341217803332712011e-01 3.416461374685209051e-01 1.456363226709022907e-01 -3.540064814350066813e-01 9.238341154378177933e-01 9.839185155131049410e-01 -4.578112120871820345e-02 -1.726512209669174847e-01 -4.323837797723669718e-01 1.532825166430507258e+00 1.685860213598802337e+00
1.583560844677529097e+09 1.210010891522814575e-01 9.365284275766361244e-01 3.290489951511926248e-01 1.545010909273879240e-01 -3.452132139436512870e-01 9.257198550570329143e-01 9.805550212431047852e-01 -6.117468191981164510e-02 -1.864658385253210038e-01 -4.331543186991564376e-01 1.536160675033235057e+00 1.693929307967032560e+00
1.583560844677537918e+09 1.384611929454017676e-01 9.385133415219004682e-01 3.162612943101753005e-01 1.635874435415664852e-01 -3.366239998526188160e-01 9.273205655352581012e-01 9.767638643631729733e-01 -7.666153504375006200e-02 -2.001383587647900253e-01 -4.337542824531952501e-01 1.539498180314732068e+00 1.702012050929118114e+00
1.583560844677547932e+09 1.557813522951717045e-01 9.400789669450538844e-01 3.032881577474176860e-01 1.728919426140265725e-01 -3.282461667691373153e-01 9.286349284871789900e-01 9.725433393023408257e-01 -9.222792610463743934e-02 -2.136667104513394755e-01 -4.341864299971243124e-01 1.542831478480948926e+00 1.710107234907139562e+00
1.583560844677556992e+09 1.729500040142405437e-01 9.412262215559031864e-01 2.901404770318793402e-01 1.824165246613530245e-01 -3.200935152701937514e-01 9.296581916157767855e-01 9.678907521048579765e-01 -1.078579704061380790e-01 -2.270553909066423404e-01 -4.344531907034168694e-01 1.546154506905611292e+00 1.718213772553903285e+00
1.583560844677566051e+09 1.899559831420158384e-01 9.419550218286050214e-01 2.768347192200372175e-01 1.921690393881250736e-01 -3.121865529281119822e-01 9.303819735449416761e-01 9.628020487827881890e-01 -1.235325603355449248e-01 -2.403162951749585607e-01 -4.345567081595126391e-01 1.549461298707158541e+00 1.726330671217968238e+00
1.583560844677577972e+09 2.067874804901135288e-01 9.422650425903521532e-01 2.633923458834124265e-01 2.021634371472190439e-01 -3.045522510266257532e-01 9.307942153351136394e-01 9.572715826594944133e-01 -1.392282885938466719e-01 -2.534691322781191802e-01 -4.344988849443112700e-01 1.552745943538175855e+00 1.734457010899294049e+00
1.583560844677587986e+09 2.234308601442787368e-01 9.421566056238988018e-01 2.498391115491236936e-01 2.124197350744579660e-01 -2.972235661020932174e-01 9.308791587152029923e-01 9.512920199722770809e-01 -1.549163731446354941e-01 -2.665415734904858502e-01 -4.342814289020633933e-01 1.556002554620989908e+00 1.742591925092611183e+00
1.583560844677597046e+09 2.398693699413856906e-01 9.416316895869836223e-01 2.362042484264407494e-01 2.229636567922533563e-01 -2.902386733159822985e-01 9.306173867317744097e-01 9.448544297897463196e-01 -1.705616431389296028e-01 -2.795690124574767843e-01 -4.339059017675532814e-01 1.559225242340694928e+00 1.750734584058904142e+00
1.583560844677606106e+09 2.560818157017210606e-01 9.406950395725349745e-01 2.225195421434962295e-01 2.338258315564293588e-01 -2.836398473217667249e-01 9.299859771706783240e-01 9.379486044267041356e-01 -1.861216805350039138e-01 -2.925938068702599315e-01 -4.333737709681866890e-01 1.562408094996513785e+00 1.758884180220292803e+00
1.583560844677614927e+09 2.720413205633360754e-01 9.393553324307805097e-01 2.088182937034696596e-01 2.450404369267145110e-01 -2.774719154229438045e-01 9.289588368965332466e-01 9.305636488502683212e-01 -2.015462627114054661e-01 -3.056638672717904015e-01 -4.326864647305811440e-01 1.565545167419026606e+00 1.767039915537406358e+00
1.583560844677628040e+09 2.877143360053808219e-01 9.376263042002224157e-01 1.951342485931914228e-01 2.566433102742055605e-01 -2.717803298962966352e-01 9.275072311302109407e-01 9.226888275769841163e-01 -2.167772275357817136e-01 -3.188306155570971856e-01 -4.318454296876578780e-01 1.568630478015623275e+00 1.775200990858182504e+00
1.583560844677638054e+09 3.030600943819533044e-01 9.355277348905558510e-01 1.815005148448956829e-01 2.686695605705775036e-01 -2.666088766085207840e-01 9.256005479483186971e-01 9.143146322820470129e-01 -2.317489257496885557e-01 -3.321463366331435796e-01 -4.308521896176798482e-01 1.571658014547274940e+00 1.783366597297773248e+00
1.583560844677647114e+09 3.180306474417052831e-01 9.330861501032267080e-01 1.679486356555573712e-01 2.811509900493998071e-01 -2.619972686749471591e-01 9.232072098001522509e-01 9.054339448424876258e-01 -2.463892613562943812e-01 -3.456612557769205285e-01 -4.297084030041534164e-01 1.574621748352894368e+00 1.791535909749051081e+00
1.583560844677655935e+09 3.325715744511282268e-01 9.303351405721851375e-01 1.545078461724347652e-01 2.941135545919976169e-01 -2.579787688067287643e-01 9.202956981731995612e-01 8.960431715408871955e-01 -2.606213373422721635e-01 -3.594205803607810612e-01 -4.284159167626213627e-01 1.577515656119601983e+00 1.799708082591615632e+00
1.583560844677664995e+09 3.466233205085056945e-01 9.273152296361888425e-01 1.412045998176211792e-01 3.075752130248823324e-01 -2.545780932968601529e-01 9.168355812095786428e-01 8.861431952040953464e-01 -2.743655585383132922e-01 -3.734618832109149467e-01 -4.269768133715593494e-01 1.580333747636664121e+00 1.807882247591652725e+00
1.583560844677674055e+09 3.601230192669644392e-01 9.240732860129271531e-01 1.280623813480398776e-01 3.215444171438041066e-01 -2.518097795843476927e-01 9.127984569088655187e-01 8.757400294568408183e-01 -2.875419924016483497e-01 -3.878131041399052181e-01 -4.253934484738673971e-01 1.583070097152919908e+00 1.816057513871302431e+00
1.583560844677683115e+09 3.730066023698298538e-01 9.206615342687087811e-01 1.151017565101286610e-01 3.360193412565242177e-01 -2.496771003391032029e-01 9.081587681092230246e-01 8.648451175131477431e-01 -3.000727999888471165e-01 -4.024912890368312901e-01 -4.236684774039901069e-01 1.585718875926054316e+00 1.824232969677407779e+00
1.583560844677692890e+09 3.852109554586664597e-01 9.171362591267618880e-01 1.023406196717822347e-01 3.509878779930709625e-01 -2.481715781654134090e-01 9.028944442838717777e-01 8.534752660115128009e-01 -3.118845145120862083e-01 -4.175021200474852701e-01 -4.218048696743479375e-01 1.588274383339173923e+00 1.832407685569165112e+00
1.583560844677702904e+09 3.966757911454167340e-01 9.135563646151438899e-01 8.979468712309203460e-02 3.664284415086574431e-01 -2.472731760960925340e-01 8.969872763104054236e-01 8.416522526375352919e-01 -3.229098101001741106e-01 -4.328403175551452930e-01 -4.198059116544114455e-01 1.590731074292801583e+00 1.840580718556572126e+00
1.583560844677711964e+09 4.073451303126766621e-01 9.099819187223294747e-01 7.747807983029912637e-02 3.823112612586749282e-01 -2.469509550008561760e-01 8.904231160323942129e-01 8.294022213150908929e-01 -3.330887776929991051e-01 -4.484906038955374652e-01 -4.176751992133694302e-01 1.593083581547295458e+00 1.848751116706745856e+00
1.583560844677721024e+09 4.171683514391721359e-01 9.064727775576378876e-01 6.540390316852980057e-02 3.985999180435244038e-01 -2.471640383836100074e-01 8.831919631039862884e-01 8.167549646557582532e-01 -3.423697446876113881e-01 -4.644289891498138423e-01 -4.154166229169061197e-01 1.595326732641332956e+00 1.856917923800367687e+00
1.583560844677730083e+09 4.261007645110296282e-01 9.030873749925393268e-01 5.358481181654564662e-02 4.152529818242317594e-01 -2.478627866067923957e-01 8.752879528060877323e-01 8.037431803536461139e-01 -3.507096128474373464e-01 -4.806242480580999454e-01 -4.130343484380988306e-01 1.597455561672122659e+00 1.865080183725667640e+00
1.583560844677738905e+09 4.341038046186330712e-01 8.998816995707124011e-01 4.203348710929868948e-02 4.322255558901073602e-01 -2.489900318696500747e-01 8.667093129134533225e-01 7.904017687516388113e-01 -3.580738627781472339e-01 -4.970393878551522260e-01 -4.105327941442561968e-01 1.599465316249727431e+00 1.873236944386394986e+00
1.583560844677748919e+09 4.411449230137879374e-01 8.969084649614725846e-01 3.076301065935999751e-02 4.494706421053402123e-01 -2.504822954889468489e-01 8.574583148805970945e-01 7.767672104161029711e-01 -3.644363120264280664e-01 -5.136330164903426532e-01 -4.079166073286050742e-01 1.601351459946102729e+00 1.881387260964700658e+00
1.583560844677757025e+09 4.471972146353730415e-01 8.942164839150521516e-01 1.978715649554765171e-02 4.669403102995994814e-01 -2.522709444678433166e-01 8.475412187147526311e-01 7.628770531552183654e-01 -3.697786511783617835e-01 -5.303605860468220135e-01 -4.051906406978187936e-01 1.603109671136294434e+00 1.889530198466830457e+00
1.583560844677767038e+09 4.522388668494179975e-01 8.918502242487776899e-01 9.120595560223985696e-03 4.845866406452473130e-01 -2.542832371384644574e-01 8.369682331154567612e-01 7.487695208859201923e-01 -3.740898464438538462e-01 -5.471754670212199967e-01 -4.023599300906592346e-01 1.604735838927511704e+00 1.897664833529268735e+00
