1.583560846652981043e+09 4.947049659318134007e-02 9.474533968623670699e-01 3.160454576423826767e-01 4.056675009972150747e-02 -3.180778540581258862e-01 9.471962931930619778e-01 9.979514061953392856e-01 -3.403733381710915412e-02 -5.417057455176305103e-02 -5.098804821435267698e-01 1.629277764746672297e+00 1.755098947635534978e+00
1.583560846653084040e+09 6.794007151552151902e-02 9.508046596541315232e-01 3.022493116925513701e-01 4.259075173158900079e-02 -3.054371588200832099e-01 9.512592549739503633e-01 9.967799029508329633e-01 -5.175559633486526145e-02 -6.124690759240850740e-02 -5.126392012673117726e-01 1.640539928930804470e+00 1.767840216128282682e+00
1.583560846653126955e+09 8.657747268602673796e-02 9.535487657328255429e-01 2.885291894256319378e-01 4.465030159739317994e-02 -2.930396233716047183e-01 9.550571344150792230e-01 9.952440364913730519e-01 -6.980351755348482290e-02 -6.794686994040147199e-02 -5.151499419229038645e-01 1.651923002477901470e+00 1.780525192050163463e+00
1.583560846653156042e+09 1.052979208330163119e-01 9.557154134433517578e-01 2.748097467996934440e-01 4.680942386665764426e-02 -2.808031881864310186e-01 9.586232042045762514e-01 9.933384247530545608e-01 -8.807734425142166312e-02 -7.430447973797370265e-02 -5.174031377997265757e-01 1.663429433756427711e+00 1.793147075578558791e+00
1.583560846653183937e+09 1.240103446409021870e-01 9.573399524139424299e-01 2.610012461656205374e-01 4.914544820761435062e-02 -2.686344795464111757e-01 9.619876514909024845e-01 9.910631461883009363e-01 -1.064693968768214288e-01 -8.036235541543065852e-02 -5.193968110631901336e-01 1.675057065564007797e+00 1.805701367345082353e+00
1.583560846653213024e+09 1.426205276571530789e-01 9.584607134255680450e-01 2.470069765876483636e-01 5.174160406772309456e-02 -2.564366047734137344e-01 9.651751522122444804e-01 9.884240951609584158e-01 -1.248732521990965211e-01 -8.616541860947093956e-02 -5.211354401989113372e-01 1.686800049178328154e+00 1.818186009946201276e+00
1.583560846653232098e+09 1.610325814621992591e-01 9.591169451977938909e-01 2.327298728622265722e-01 5.468176930759286597e-02 -2.441155515060565995e-01 9.682032337955009949e-01 9.854331089497900820e-01 -1.431861847851284564e-01 -9.175676894992913779e-02 -5.226287578048204319e-01 1.698649835931876462e+00 1.830601297003498162e+00
1.583560846653249979e+09 1.791490988521780847e-01 9.593475785637043396e-01 2.180775652691999134e-01 5.804779109951894306e-02 -2.315847435165620527e-01 9.710813358517799143e-01 9.821079649086927876e-01 -1.613094251554829939e-01 -9.717620592327930185e-02 -5.238905315011884722e-01 1.710596146113013916e+00 1.842949592287820071e+00
1.583560846653269053e+09 1.968703263022869299e-01 9.591908017220684979e-01 2.029657141297013800e-01 6.191907809510643207e-02 -2.187678887208747702e-01 9.738103711503716120e-01 9.784723311393956902e-01 -1.791469154905767913e-01 -1.024611157821893048e-01 -5.249373710810304461e-01 1.722627842649300467e+00 1.855234916928166555e+00
1.583560846653290033e+09 2.140922468685225732e-01 9.586844506452325554e-01 1.873196053015344364e-01 6.637418018791409191e-02 -2.056002903497592960e-01 9.763826038730153423e-01 9.745557851965370721e-01 -1.966027600928515473e-01 -1.076493225775879831e-01 -5.257875967982135190e-01 1.734733665040565587e+00 1.867462466829221013e+00
1.583560846653311014e+09 2.305806264527582861e-01 9.578750987653952276e-01 1.711954160552331961e-01 7.145520105348357465e-02 -1.921296589628474494e-01 9.787647054949411007e-01 9.704260555938105659e-01 -2.134513759264307642e-01 -1.127465348794894212e-01 -5.264601960007533332e-01 1.746902803864036624e+00 1.879638117396869479e+00
1.583560846653332949e+09 2.471861798978669533e-01 9.564556637957153384e-01 1.552145491540126432e-01 7.652764834733472021e-02 -1.789553565430253568e-01 9.808763937094001628e-01 9.659412569808575322e-01 -2.305808841300214795e-01 -1.174305936442395504e-01 -5.268405978955426061e-01 1.759166860773837771e+00 1.891730883773892202e+00
1.583560846653351068e+09 2.639469483702377439e-01 9.544037283356170409e-01 1.394472387449794404e-01 8.156179003543698181e-02 -1.661414389767453537e-01 9.827231029106442417e-01 9.610825579978701239e-01 -2.480131975474854089e-01 -1.216954023047816247e-01 -5.269239168324957312e-01 1.771515002818890627e+00 1.903743512217643596e+00
1.583560846653373003e+09 2.808998918997679395e-01 9.516967229547600438e-01 1.239701530867638596e-01 8.652971649191223968e-02 -1.537585910104803666e-01 9.843124017240025836e-01 9.558283629050605690e-01 -2.657661448843766649e-01 -1.255408192067761219e-01 -5.267053491571257462e-01 1.783936266526559011e+00 1.915678805771368731e+00
1.583560846653398037e+09 2.980780236948468720e-01 9.483132367019094788e-01 1.088645832886374343e-01 9.140643865250286382e-02 -1.418825337689385013e-01 9.856542040277338490e-01 9.501549111624801869e-01 -2.838509331695365789e-01 -1.289740009466345261e-01 -5.261802794748315915e-01 1.796419515065724726e+00 1.927539649075113548e+00
1.583560846653418064e+09 3.155076271807776278e-01 9.442344213543601983e-01 9.421409304789929440e-02 9.617067728203329557e-02 -1.305918924577424423e-01 9.867608417386625197e-01 9.440371488818944945e-01 -3.022699384697967728e-01 -1.320104019234430714e-01 -5.253443896921852208e-01 1.808953412120428705e+00 1.939329030273094556e+00
1.583560846653440952e+09 3.332059310619627790e-01 9.394453155460160687e-01 8.010185523608701064e-02 1.008052483915647668e-01 -1.199657487279018331e-01 9.876469619060456173e-01 9.374497905771966844e-01 -3.210151379201388600e-01 -1.346743173751556444e-01 -5.241937647546593970e-01 1.821526412977996445e+00 1.951050058718877267e+00
1.583560846653465986e+09 3.511795062318954219e-01 9.339359399749516122e-01 6.660792020707483052e-02 1.052970469885400745e-01 -1.100811260028470712e-01 9.883292355924778727e-01 9.303684682715533949e-01 -3.400673554729828352e-01 -1.369989320222442519e-01 -5.227249877766404484e-01 1.834126772221263080e+00 1.962705977269885826e+00
1.583560846653486967e+09 3.694234864919103134e-01 9.277020732057525976e-01 5.380661303591040973e-02 1.096367165690216167e-01 -1.010106078877194974e-01 9.888258935765641411e-01 9.227708699717287466e-01 -3.593963285779601669e-01 -1.390259001908692726e-01 -5.209352193630799599e-01 1.846742565843612072e+00 1.974300168765742658e+00
1.583560846653506041e+09 3.879216280204278444e-01 9.207456521744419309e-01 4.176428048379120933e-02 1.138180931299699744e-01 -9.282030660574060177e-02 9.891561214951090086e-01 9.146377712817046479e-01 -3.789615220689517838e-01 -1.408045188323129304e-01 -5.188222565689507570e-01 1.859361724619061240e+00 1.985836156637153627e+00
1.583560846653523922e+09 4.066472030966087892e-01 9.130747498808977625e-01 3.053774634984795372e-02 1.178374523824915615e-01 -8.556853073624356987e-02 9.893393561852362739e-01 9.059538550607602048e-01 -3.987135916879600006e-01 -1.423906060504466775e-01 -5.163845691875420529e-01 1.871972074760389182e+00 1.997317600173686536e+00
1.583560846653539896e+09 4.255644083290842650e-01 9.047032494748219467e-01 2.017338250519298826e-02 1.216927478061556461e-01 -7.930505070100951626e-02 9.893945544615004861e-01 8.967083193377888284e-01 -4.185961536324087628e-01 -1.438452313499843649e-01 -5.136213145674165537e-01 1.884561381742976049e+00 2.008748285618653817e+00
1.583560846653557062e+09 4.446300357703167894e-01 8.956503214770734633e-01 1.070670525362383239e-02 1.253829430255232469e-01 -7.407085914906398616e-02 9.893394896376830339e-01 8.868952865862578250e-01 -4.385476142557484525e-01 -1.452334019750634309e-01 -5.105323345382337674e-01 1.897117393784470973e+00 2.020132114505837961e+00
1.583560846653575897e+09 4.637952473218328042e-01 8.859397794477553711e-01 2.162489821632232814e-03 1.289074622968907624e-01 -6.989841002677181503e-02 9.891901125533342221e-01 8.765140245374362094e-01 -4.585029116241957636e-01 -1.466227990760679556e-01 -5.071181389058805333e-01 1.909627882449776770e+00 2.031473090551978444e+00
1.583560846653593063e+09 4.830072669317024281e-01 8.755994146889876095e-01 -5.444786125784337877e-03 1.322658074884126012e-01 -6.681213981517596101e-02 9.889600065099339865e-01 8.655690248332778003e-01 -4.783950286774356631e-01 -1.480826126642265927e-01 -5.033798789287678987e-01 1.922080678668800946e+00 2.042775306034403382e+00
1.583560846653610945e+09 5.022109050382906892e-01 8.646603660857636875e-01 -1.211027619587435461e-02 1.354573368803471956e-01 -6.482916181375152076e-02 9.886599465929544195e-01 8.540699720991625776e-01 -4.981562321061906995e-01 -1.496825025174220447e-01 -4.993193134333926975e-01 1.934463703017814451e+00 2.054042928319963490e+00
1.583560846653630018e+09 5.213498844373913865e-01 8.531565551276644177e-01 -1.783791042419429623e-02 1.384811760790290169e-01 -6.396010381094442698e-02 9.882975611250059966e-01 8.420316278916261110e-01 -5.177190338824011473e-01 -1.514917158580975365e-01 -4.949387711209252694e-01 1.946764989885121810e+00 2.065280187176010251e+00
1.583560846653647900e+09 5.403679373175190870e-01 8.411242168786684514e-01 -2.263945025707567865e-02 1.413362478893815666e-01 -6.420999598955280663e-02 9.878770883976132344e-01 8.294736631491614887e-01 -5.370168793156659959e-01 -1.535783639044049076e-01 -4.902411113949216026e-01 1.958972705531152325e+00 2.076491363204671980e+00
