1.583560846448345900e+09 -4.068252091182313762e-02 9.219249349078695310e-01 3.852263587008329937e-01 3.179938962157330407e-02 -3.841555856345658104e-01 9.227205888771854436e-01 9.986659760255440776e-01 4.978856278117434198e-02 -1.368823253806591284e-02 -4.926642126437856262e-01 1.578187336815213504e+00 1.694093997073239821e+00
1.583560846448401928e+09 -2.301822494328825339e-02 9.281924646662380596e-01 3.713878167204210934e-01 3.335105393606432878e-02 -3.705665414125018930e-01 9.282069520745666047e-01 9.991785970903287462e-01 3.375185158328396912e-02 -2.242641292166240932e-02 -4.966522063602731851e-01 1.587899654486853107e+00 1.706174848345481943e+00
1.583560846448426962e+09 -5.124006918988656401e-03 9.338732980053913169e-01 3.575673480316713948e-01 3.499475986106333897e-02 -3.571855616700292946e-01 9.333776521912550139e-01 9.993743601374818208e-01 1.729561709085274471e-02 -3.085045049092776173e-02 -5.003319237684857868e-01 1.597783687942595066e+00 1.718214189622288890e+00
1.583560846448458910e+09 1.294893036025102431e-02 9.389773755102542863e-01 3.437350928229417346e-01 3.674458788900920869e-02 -3.439785713077860296e-01 9.382582683016831293e-01 9.992407922178823121e-01 4.809634219928150367e-04 -3.895649124170841998e-02 -5.037093383096173937e-01 1.607831379674407035e+00 1.730206567947310203e+00
1.583560846448478937e+09 3.113259059200629286e-02 9.435232575465825056e-01 3.298403020118670370e-01 3.863542120229948584e-02 -3.308896295168315960e-01 9.428782305277167985e-01 9.987682746288386593e-01 -1.661072285678038413e-02 -4.675486981339452980e-02 -5.067936326363313704e-01 1.618032485348913641e+00 1.742148290921606169e+00
1.583560846448498011e+09 4.934695429965842844e-02 9.475363607418374468e-01 3.158159649830062921e-01 4.071927903594140669e-02 -3.178469055651473862e-01 9.472672723345655355e-01 9.979513108338633476e-01 -3.388495631513108869e-02 -5.426777417138298892e-02 -5.095966574435815133e-01 1.628375219338316526e+00 1.754037407022003725e+00
1.583560846448514938e+09 6.750310917754136220e-02 9.510471017528772109e-01 3.015837214933386745e-01 4.306102243545319869e-02 -3.047686413401929917e-01 9.514524811592538489e-01 9.967893854687257527e-01 -5.123949722954800751e-02 -6.152589143641197522e-02 -5.121323972914685330e-01 1.638846856604357916e+00 1.765873580916746288e+00
1.583560846448532104e+09 8.550494535022931664e-02 9.540891542774633249e-01 2.870588625859114007e-01 4.573442002382050592e-02 -2.915687773654818682e-01 9.554559179761866750e-01 9.952875300823593729e-01 -6.856773536599254648e-02 -6.856528647925019815e-02 -5.144164447192389744e-01 1.649434271036600785e+00 1.777657890782329497e+00
1.583560846448549032e+09 1.032498051749539264e-01 9.566979650110641886e-01 2.721552535996011324e-01 4.881913093857882108e-02 -2.781621063696682605e-01 9.592927266185362623e-01 9.934566777595000842e-01 -8.576040406970786290e-02 -7.542534649818764814e-02 -5.164654854070924728e-01 1.660124397491084647e+00 1.789392574612798326e+00
1.583560846448566914e+09 1.206284820154302495e-01 9.589096062515586327e-01 2.567900639852472300e-01 5.239879998132794536e-02 -2.644689580182837396e-01 9.629696445466042753e-01 9.913138430863631667e-01 -1.027060751438953062e-01 -8.214820159355620821e-02 -5.182968018067621863e-01 1.670904609772204008e+00 1.801080751516171530e+00
1.583560846448589087e+09 1.373591025704103963e-01 9.607443022626510620e-01 2.410453550834713299e-01 5.651820616829254101e-02 -2.505575111543530409e-01 9.664505296644148036e-01 9.889075637909074956e-01 -1.191273262501775926e-01 -8.871589941374387334e-02 -5.199278011443680958e-01 1.681763013612297630e+00 1.812726140437002753e+00
1.583560846448610067e+09 1.540941460852769118e-01 9.620402929414451076e-01 2.252409143468421804e-01 6.078404163487133305e-02 -2.367619784954677897e-01 9.696644090273786043e-01 9.861847163883438183e-01 -1.357285558701427641e-01 -9.496033211094460913e-02 -5.212813908808139329e-01 1.692720580705696420e+00 1.824314051988714214e+00
1.583560846448638916e+09 1.708477030518069928e-01 9.627869836221626398e-01 2.094093768819174084e-01 6.518294301827638748e-02 -2.231128872326776924e-01 9.726108285450806301e-01 9.831389762986337821e-01 -1.525184064227874670e-01 -1.008756133855034237e-01 -5.223557592812567707e-01 1.703766358780390178e+00 1.835847338388348016e+00
1.583560846448657990e+09 1.876401616143111017e-01 9.629712734261943741e-01 1.935910558411788052e-01 6.969872552198064231e-02 -2.096486192442152952e-01 9.752894669904823566e-01 9.797618372998181391e-01 -1.695104232215732809e-01 -1.064563712574394527e-01 -5.231487920497241983e-01 1.714889609255332070e+00 1.847328826698279469e+00
1.583560846448677063e+09 2.044975817519839867e-01 9.625776351224984984e-01 1.778342937005755742e-01 7.431341904785962460e-02 -1.964159438393276724e-01 9.777005129732195821e-01 9.760421380397736879e-01 -1.867219160671497180e-01 -1.116990206856513790e-01 -5.236581310426112745e-01 1.726079720414479546e+00 1.858761331320956112e+00
1.583560846448693991e+09 2.214505361293437335e-01 9.615884166661219368e-01 1.621954918546767987e-01 7.900835706185239948e-02 -1.834702780218621931e-01 9.798450576034666293e-01 9.719657092654229169e-01 -2.041724138669486210e-01 -1.166031123901960231e-01 -5.238812437524908994e-01 1.737326130703920946e+00 1.870147667528514690e+00
1.583560846448709965e+09 2.385323314756483126e-01 9.599844226671884195e-01 1.467386645487486763e-01 8.376527697359670288e-02 -1.708754962931849641e-01 9.817254929220631254e-01 9.675152224347793872e-01 -2.218816656842828305e-01 -1.211726915658863923e-01 -5.238155043988463877e-01 1.748618263023910213e+00 1.881490665453076527e+00
1.583560846448729038e+09 2.557766855436466313e-01 9.577457779694164008e-01 1.315344537012170800e-01 8.856731727924761766e-02 -1.587031986149858853e-01 9.833458828775879512e-01 9.626703059066086254e-01 -2.398672968343530387e-01 -1.254175523052125929e-01 -5.234582858201479727e-01 1.759945471426960673e+00 1.892793183782738531e+00
1.583560846448749065e+09 2.732149573264328057e-01 9.548530696159474029e-01 1.166584893376034077e-01 9.339984290138217404e-02 -1.470312923537005489e-01 9.847122771285891085e-01 9.574079887251027987e-01 -2.581422380561317342e-01 -1.293542749502261668e-01 -5.228070602219360152e-01 1.771297001695681494e+00 1.904058122383995189e+00
1.583560846448767900e+09 2.908733014479383816e-01 9.512886426480079427e-01 1.021892434168134856e-01 9.825095010752230018e-02 -1.359420172960501827e-01 9.858329062520804209e-01 9.517034589339621320e-01 -2.767122817157507408e-01 -1.330069163313291059e-01 -5.218595048170705519e-01 1.782661967087851185e+00 1.915288432989723066e+00
1.583560846448786974e+09 3.087700278325680170e-01 9.470379452032074985e-01 8.820544684981250494e-02 1.031116320152448140e-01 -1.255194725983438397e-01 9.867182240410683480e-01 9.455311003336996922e-01 -2.955740057731501280e-01 -1.364072791464261691e-01 -5.206136073240604789e-01 1.794029339824029234e+00 1.926487127218312390e+00
1.583560846448805094e+09 3.269135343099167090e-01 9.420907573792079992e-01 7.478333064314832135e-02 1.079755896623385558e-01 -1.158469103998916588e-01 9.873807602444172327e-01 9.388657058220450935e-01 -3.147133596641112918e-01 -1.395947279497861404e-01 -5.190677655665438817e-01 1.805387957917577779e+00 1.937657281388129427e+00
1.583560846448823929e+09 3.453010493120712288e-01 9.364421692887019422e-01 6.199394743252063800e-02 1.128387543484146299e-01 -1.070040637288418445e-01 9.878347767595477835e-01 9.316837453297597271e-01 -3.341050649983636212e-01 -1.426155833768685821e-01 -5.172208744683414183e-01 1.816726545749654420e+00 1.948802037785540842e+00
1.583560846448841095e+09 3.639182499208837851e-01 9.300932330315628827e-01 4.990075991234349528e-02 1.176986406828541415e-01 -9.906470555316422566e-02 9.880957516395092455e-01 9.239645760583060641e-01 -3.537128249175754413e-01 -1.455221634988886903e-01 -5.150723959656370310e-01 1.828033745647306807e+00 1.959924602530690896e+00
1.583560846448860884e+09 3.827397279251464335e-01 9.230512475089958091e-01 3.855769360691472386e-02 1.225536409284343209e-01 -9.209464673113675059e-02 9.881797313503374314e-01 9.156914907444663188e-01 -3.734902556138346430e-01 -1.483715711680086979e-01 -5.126224081251697928e-01 1.839298156908488524e+00 1.971028240422515898e+00
1.583560846448879957e+09 4.017302479584013986e-01 9.153296464541852417e-01 2.800797732345009297e-02 1.274023274478514045e-01 -8.615051855312402806e-02 9.881025935735984200e-01 9.068524991966899762e-01 -3.933824182551315385e-01 -1.512243965094126064e-01 -5.098716319803594521e-01 1.850508378302367030e+00 1.982116267425268141e+00
1.583560846448892117e+09 4.208464537651658288e-01 9.069476125056541438e-01 1.828362983630751892e-02 1.322428850192982897e-01 -8.127919153760326809e-02 9.878793006727795145e-01 8.974408516345522280e-01 -4.133276203021509221e-01 -1.541434283515984160e-01 -5.068214378882758275e-01 1.861653050428760503e+00 1.993192041669461734e+00
1.583560846448901892e+09 4.400387597918533622e-01 8.979295226535054519e-01 9.405467798484636738e-03 1.370727232488813119e-01 -7.751769724008350515e-02 9.875232024963788158e-01 8.874553278300315595e-01 -4.332592520274051173e-01 -1.571924362999642943e-01 -5.034738353212806494e-01 1.872720895221058779e+00 2.004258953823252476e+00
1.583560846448910952e+09 4.592532608614428025e-01 8.883042995683297915e-01 1.383601446689848233e-03 1.418882670191243256e-01 -7.489362245769172477e-02 9.870454221110840365e-01 8.769003150568768223e-01 -4.531075117267864827e-01 -1.604350979713726477e-01 -4.998314506606145180e-01 1.883700750901583509e+00 2.015320417520766405e+00
1.583560846448920012e+09 4.784334856732338492e-01 8.781047610245387158e-01 -5.781785970632624845e-03 1.466849209435542589e-01 -7.342576079821515334e-02 9.864543536991260408e-01 8.657857322890378793e-01 -4.728008955269397129e-01 -1.639340701161053626e-01 -4.958974964457916190e-01 1.894581601300821427e+00 2.026379860306822600e+00
1.583560846448929071e+09 4.975219198735523762e-01 8.673670170445252348e-01 -1.209948697381694332e-02 1.514571780339622198e-01 -7.312490749663923262e-02 9.857552796909436754e-01 8.541268424260942682e-01 -4.922674132369063704e-01 -1.677502050772176345e-01 -4.916757347382042509e-01 1.905352598862462665e+00 2.037440715405980818e+00
1.583560846448937893e+09 5.164612758811424342e-01 8.561299417915988474e-01 -1.758618433739512349e-02 1.561988372953470872e-01 -7.399476850516220616e-02 9.849500991290996987e-01 8.419439852108714373e-01 -5.114355262241271349e-01 -1.719419340191910561e-01 -4.871704379597186496e-01 1.916003081490199822e+00 2.048506414509393636e+00
1.583560846448946953e+09 5.351954931269832239e-01 8.444347458266976414e-01 -2.226532671169550309e-02 1.609033031413089898e-01 -7.603288974316746440e-02 9.840371573413747575e-01 8.292622695319142867e-01 -5.302348160906367180e-01 -1.765647997967916272e-01 -4.823863493666298852e-01 1.926522583576477210e+00 2.059580381644239289e+00
