1.583560843176021099e+09 6.394828907319662914e-01 3.287082482226950098e-01 6.949910215903410959e-01 2.289777209040505801e-01 -9.443956303711803502e-01 2.359790174427881526e-01 7.339147333707775056e-01 8.232915948463075811e-03 -6.791917132225483433e-01 2.488530548312451185e-01 1.629417385505327776e+00 1.664766336838529259e+00
1.583560843176062107e+09 6.241341187748834507e-01 3.231571549511774166e-01 7.113550836714306325e-01 2.265545476928521873e-01 -9.461935851071905379e-01 2.310643556015872790e-01 7.477497166627534719e-01 1.694558126890736635e-02 -6.637644225028898060e-01 2.414020407286573966e-01 1.627327386838980372e+00 1.667405206097126058e+00
1.583560843176076889e+09 6.082266987912030576e-01 3.179127348413703369e-01 7.273182082039195695e-01 2.242090593943401322e-01 -9.477867309023878528e-01 2.267831793118785244e-01 7.614398076229123014e-01 2.513574685014775129e-02 -6.477481097411874611e-01 2.340858660309274308e-01 1.625226036618523162e+00 1.670389707996958961e+00
1.583560843176088095e+09 5.918034482509269001e-01 3.129322934157144909e-01 7.428607261527058192e-01 2.218821649541761754e-01 -9.492089030125928639e-01 2.230936200899542865e-01 7.749432131360659559e-01 3.279997252903252974e-02 -6.311791966587124714e-01 2.268679320124051824e-01 1.623108263065263790e+00 1.673593736746785243e+00
1.583560843176098108e+09 5.749092479490712781e-01 3.081632552549016246e-01 7.579675222732780160e-01 2.195249313819790660e-01 -9.504941917575826515e-01 2.199308890193029664e-01 7.882183461452091366e-01 3.995246631300709145e-02 -6.140974184259824220e-01 2.196893313796109692e-01 1.620979813584065843e+00 1.676878052856904722e+00
1.583560843176109076e+09 5.575888550218381923e-01 3.035451240899434411e-01 7.726286472096138835e-01 2.171033233366235771e-01 -9.516755218535206673e-01 2.172092265744034190e-01 8.012245726584505956e-01 4.662680307162406224e-02 -5.965443198037108097e-01 2.124808155601074222e-01 1.618863137497129845e+00 1.680103935460973030e+00
1.583560843176117897e+09 5.398848437692015390e-01 2.990120166223263487e-01 7.868393543040554938e-01 2.146026217547891690e-01 -9.527832102427838956e-01 2.148252057454134167e-01 8.139226439226856513e-01 5.287691569500812400e-02 -5.785619773098571450e-01 2.051778524394820280e-01 1.616796914346247727e+00 1.683144788647670254e+00
1.583560843176127911e+09 5.218359291160366009e-01 2.944956748312232420e-01 8.005995008078414799e-01 2.120311929578284071e-01 -9.538435573841380632e-01 2.126622704148123100e-01 8.262747947197685017e-01 5.877725377069688284e-02 -5.601921082530790796e-01 1.977340532903344161e-01 1.614828813360468240e+00 1.685895382999903269e+00
1.583560843176136971e+09 5.034759162944772992e-01 2.899288151283268000e-01 8.139123318772146787e-01 2.094232869520890605e-01 -9.548775231890945792e-01 2.105963024344754408e-01 8.382445279835557539e-01 6.442202949851885685e-02 -5.414756813818391024e-01 1.901289503196722797e-01 1.613003782939659292e+00 1.688278869798930826e+00
1.583560843176146030e+09 4.848334969124162841e-01 2.852485492152864177e-01 8.267827680612421792e-01 2.068406720308984537e-01 -9.558995486011777620e-01 2.085017731025128052e-01 8.497961030596726806e-01 6.992365960541696568e-02 -5.224531224598573109e-01 1.823682587422086887e-01 1.611351945105860217e+00 1.690251795180271799e+00
1.583560843176156998e+09 4.659364277835552626e-01 2.804005894097417184e-01 8.392131760427302689e-01 2.043733592012958733e-01 -9.569163638922083548e-01 2.062585818168870821e-01 8.608918488538825908e-01 7.540942906414942193e-02 -5.031686026584305527e-01 1.744774697087992932e-01 1.609880306044847220e+00 1.691807129051806635e+00
1.583560843176167011e+09 4.467815411992470120e-01 2.754279456860149744e-01 8.511907549424891917e-01 2.019521286615889033e-01 -9.579222696709278617e-01 2.039614252905971037e-01 8.715512562567492294e-01 8.077358492292131820e-02 -4.836052479161665474e-01 1.665193846409014911e-01 1.608521611364961412e+00 1.693100252157540231e+00
1.583560843176176071e+09 4.273812969849388188e-01 2.703231417581753449e-01 8.627112066840320059e-01 1.996022003512870346e-01 -9.589169523904773618e-01 2.015868052281800105e-01 8.817619796251700004e-01 8.604462485010476447e-02 -4.637802647137769796e-01 1.585048011827008829e-01 1.607275658256795747e+00 1.694131459891924374e+00
1.583560843176184893e+09 4.077473478087236813e-01 2.650819088397465828e-01 8.737698106947765497e-01 1.973487734608020683e-01 -9.598986752951346180e-01 1.991180423497161678e-01 8.915130745416112168e-01 9.124754676043710100e-02 -4.437097285925117873e-01 1.504443059982554232e-01 1.606141940992538375e+00 1.694901160544111107e+00
1.583560843176193953e+09 3.878907951044318625e-01 2.597028238563504621e-01 8.843614501294404517e-01 1.952157772044175454e-01 -9.608646355161177821e-01 1.965450395048777554e-01 9.007949442098133197e-01 9.640329617095345915e-02 -4.234086360591738929e-01 1.423482918248598628e-01 1.605119635931166577e+00 1.695409868135433706e+00
1.583560843176203966e+09 3.678224177619143220e-01 2.541868297653293030e-01 8.944807011257364104e-01 1.932249429921745476e-01 -9.618113134019050658e-01 1.938636604080143933e-01 9.095992472005187679e-01 1.015285821968390234e-01 -4.028909984169720127e-01 1.342269728728723299e-01 1.604207581539114802e+00 1.695658206239479604e+00
1.583560843176213026e+09 3.475528575386206409e-01 2.485367106311041352e-01 9.041219579272300466e-01 1.913952409825527834e-01 -9.627347823113364678e-01 1.910748561851998983e-01 9.179187725808503062e-01 1.066360277458025113e-01 -3.821699682684878696e-01 1.260903964799903743e-01 1.603404254841887200e+00 1.695646920481789666e+00
1.583560843176222086e+09 3.270927552055366005e-01 2.427565895414223185e-01 9.132795671901491330e-01 1.897426424344649254e-01 -9.636309601249890555e-01 1.881836930756734250e-01 9.257472977246363754e-01 1.117345557088198771e-01 -3.612579825168733549e-01 1.179484495778520409e-01 1.602707746414444578e+00 1.695376896035854619e+00
1.583560843176233053e+09 3.064528405224993812e-01 2.368514962790776723e-01 9.219479515497669420e-01 1.882800845754310504e-01 -9.644958028091911162e-01 1.851984236562051189e-01 9.330794534220817615e-01 1.168298553038155246e-01 -3.401668981945688564e-01 1.098108594529707410e-01 1.602115735502105620e+00 1.694849177751733826e+00
1.583560843176243067e+09 2.856439861366802391e-01 2.308270157695148095e-01 9.301217135921761026e-01 1.870174836653824280e-01 -9.653254573053606791e-01 1.821296853637140445e-01 9.399106202708676916e-01 1.219247730590268808e-01 -3.189080991956983469e-01 1.016871887160539639e-01 1.601625465973138152e+00 1.694064992763621103e+00
1.583560843176251888e+09 2.646772382880798746e-01 2.246889958571770540e-01 9.377957212493808203e-01 1.859616796355421098e-01 -9.661163974578853564e-01 1.789898328932291449e-01 9.462368695786119721e-01 1.270195328283119929e-01 -2.974925630099384266e-01 9.358682434766281422e-02 1.601233723651437124e+00 1.693025775942492039e+00
1.583560843176260948e+09 2.435638350300733945e-01 2.184432810449082607e-01 9.449651799683077558e-01 1.851163014558191711e-01 -9.668655569104520620e-01 1.757923485382124895e-01 9.520549423806506928e-01 1.321118005429148257e-01 -2.759308952653920510e-01 8.551896051281010491e-02 1.600936815505132005e+00 1.691733198964608720e+00
1.583560843176270962e+09 2.223152197240519934e-01 2.120954453408033236e-01 9.516256959884440425e-01 1.844815655368446383e-01 -9.675704670445152145e-01 1.725512772753491353e-01 9.573622591092860734e-01 1.371966230814442855e-01 -2.542333407802522816e-01 7.749257477711958553e-02 1.600730551598529727e+00 1.690189202924536671e+00
1.583560843176280022e+09 2.009430546220756231e-01 2.056505100267576602e-01 9.577733326030963834e-01 1.840540623891516181e-01 -9.682293977210976177e-01 1.692806412904672986e-01 9.621569471910305094e-01 1.422663035658299768e-01 -2.324097845569911835e-01 6.951639734592471309e-02 1.600610230776045473e+00 1.688396034489892061e+00
1.583560843176290035e+09 1.794592366289650687e-01 1.991126510433941510e-01 9.634046578171490127e-01 1.838266184539855685e-01 -9.688414877866412533e-01 1.659938128369880250e-01 9.664378701433076202e-01 1.473102975139956028e-01 -2.104697591467261097e-01 6.159887320460079307e-02 1.600570631497440832e+00 1.686356284525279525e+00
1.583560843176299095e+09 1.578759146967872173e-01 1.924849223701856349e-01 9.685167785534505303e-01 1.837883366649609995e-01 -9.694068428163830076e-01 1.627028592733400503e-01 9.702046397412431578e-01 1.523152250323741852e-01 -1.884224757399637629e-01 5.374811730502034729e-02 1.600606009250449713e+00 1.684072928055196483e+00
1.583560843176309109e+09 1.362055063368797780e-01 1.857690377818199401e-01 9.731073552110723890e-01 1.839248997044944378e-01 -9.699265749015434368e-01 1.594179117209643115e-01 9.734575961094069640e-01 1.572650753252543276e-01 -1.662768918879365121e-01 4.597186300562257355e-02 1.600710101748746172e+00 1.681549365023924825e+00
1.583560843176318884e+09 1.144607057575390829e-01 1.789652722638108706e-01 9.771745894576788771e-01 1.842192217190365966e-01 -9.704027537650578017e-01 1.561466421138987537e-01 9.761977388304380332e-01 1.621416874969441035e-01 -1.440418272379891118e-01 3.827740425153076942e-02 1.600876143254645223e+00 1.678789460813624013e+00
1.583560843176327944e+09 9.265446478753618098e-02 1.720725773640785772e-01 9.807171755378690792e-01 1.846525691744713149e-01 -9.708382254845383530e-01 1.528939784436283700e-01 9.784265833281443614e-01 1.669256363561100187e-01 -1.217261396742590623e-01 3.067153261321153151e-02 1.601096889531859135e+00 1.675797584437020316e+00
1.583560843176337957e+09 7.079992906605428460e-02 1.650889681146467114e-01 9.837342134803689353e-01 1.852060884983768585e-01 -9.712362909980417625e-01 1.496621924218651811e-01 9.801459457337970971e-01 1.715974931948169024e-01 -9.933894254989424077e-02 2.316047097816274075e-02 1.601364654745953020e+00 1.672578641838087243e+00
1.583560843176347017e+09 4.891031525691300064e-02 1.580121845776317480e-01 9.862250912987516882e-01 1.858625526344560575e-01 -9.716002712484492765e-01 1.464514405772939232e-01 9.813576782706410206e-01 1.761393268138864987e-01 -7.688982354566735455e-02 1.574980575317075707e-02 1.601671360974768588e+00 1.669138102815907798e+00
1.583560843176356077e+09 2.699871682886462176e-02 1.508405975546615319e-01 9.881893459958493997e-01 1.866081262769301863e-01 -9.719330001038790634e-01 1.432607780430745492e-01 9.820633770832316589e-01 1.805363050854461304e-01 -5.438902512500837227e-02 8.444419183024536382e-03 1.602008600473493027e+00 1.665482021152118630e+00
1.583560843176366091e+09 5.077827943334740218e-03 1.435743230979365237e-01 9.896265101194007263e-01 1.874340027253282026e-01 -9.722362835414136706e-01 1.400896270141445410e-01 9.822640736568241104e-01 1.847783069735455530e-01 -3.184755863747135152e-02 1.248423936726447518e-03 1.602367710744838192e+00 1.661617046536475906e+00
1.583560843176374912e+09 -1.684041163503819175e-02 1.362164927227924871e-01 9.905359497600382257e-01 1.883377714838535000e-01 -9.725103694009331612e-01 1.369396408976481516e-01 9.819599199965669545e-01 1.888614532757014186e-01 -9.277235741404647740e-03 -5.834897671485496894e-03 1.602739862021726136e+00 1.657550426936210908e+00
1.583560843176384926e+09 -3.874522514383957339e-02 1.287746040500594713e-01 9.909167013432867988e-01 1.893243761801449154e-01 -9.727534780692327354e-01 1.338168580457268775e-01 9.811498806114209437e-01 1.927894506227019467e-01 1.330938093477462836e-02 -1.280314742695350290e-02 1.603116156262236025e+00 1.653290000368166535e+00
1.583560843176394939e+09 -6.062741347403481640e-02 1.212618782212589730e-01 9.907673156430111261e-01 1.904065675923066747e-01 -9.729614362364098490e-01 1.307340147915578843e-01 9.798314425779902637e-01 1.965746690254843165e-01 3.589907727409635124e-02 -1.965485533999013212e-02 1.603487736256873353e+00 1.648844174962919906e+00
1.583560843176403999e+09 -8.247971605574259957e-02 1.136985915189765439e-01 9.900857169188544971e-01 1.916048470311050023e-01 -9.731274296486076558e-01 1.277129134766780139e-01 9.780003472110312401e-01 2.002389471794870923e-01 5.847807284468941463e-02 -2.638951106530351004e-02 1.603845902809129198e+00 1.644221895705404224e+00
1.583560843176413059e+09 -1.042970363418215252e-01 1.061133437631246179e-01 9.888690947777055706e-01 1.929468914702927307e-01 -9.732418863427645395e-01 1.247867290578171667e-01 9.756503602180718326e-01 2.038141039252746034e-01 8.103200456338138791e-02 -3.300757922996537530e-02 1.604182237066511307e+00 1.639432596217223370e+00
1.583560843176423073e+09 -1.260764405168351143e-01 9.854424431107931814e-02 9.871138552267009203e-01 1.944664844921145108e-01 -9.732924849854061033e-01 1.220021519860681886e-01 9.727731069819470777e-01 2.073421582785397455e-01 1.035456993272166615e-01 -3.951049555516466388e-02 1.604488724134517152e+00 1.634486134704479454e+00
1.583560843176443100e+09 -1.478168364611960051e-01 9.104001462402690203e-02 9.848156673797477945e-01 1.962020010272669257e-01 -9.732642660556337644e-01 1.194212846234084802e-01 9.693580132040784392e-01 2.108752810834153835e-01 1.260026118027245401e-01 -4.590064165697362725e-02 1.604757873410491698e+00 1.629392714633703054e+00
1.583560843176454067e+09 -1.695182394591408515e-01 8.366099376202207338e-02 9.819696557094731437e-01 1.981944799856339978e-01 -9.731398179521808522e-01 1.171231950906423264e-01 9.653924148787250692e-01 2.144754831079398738e-01 1.483838015293963697e-01 -5.218129725472889224e-02 1.604982830606598077e+00 1.624162791491337021e+00
1.583560843176464081e+09 -1.911805426547938114e-01 7.648002337837045417e-02 9.785707977734771079e-01 2.004853198354659416e-01 -9.728995013787427037e-01 1.152050205350663298e-01 9.608619238746934910e-01 2.182140377170375123e-01 1.706663326702902994e-01 -5.835656866771873896e-02 1.605157475791194832e+00 1.618806966756687338e+00
1.583560843176472902e+09 -2.128017393477041053e-01 6.958320902571593636e-02 9.746145888878496866e-01 2.031136649165503072e-01 -9.725216572275231508e-01 1.137825353761270225e-01 9.557511490792154341e-01 2.221706624668919605e-01 1.928209996054834896e-01 -6.443129298498079249e-02 1.605276501095656450e+00 1.613335870522918825e+00
1.583560843176482916e+09 -2.343755556311800659e-01 6.307044049582073708e-02 9.700980458587655786e-01 2.061134736936033052e-01 -9.719827696280679552e-01 1.129899620193166032e-01 9.500449120941545367e-01 2.264323631856467456e-01 2.148093341134173218e-01 -7.041091876864336019e-02 1.605335461542621855e+00 1.607760035544537169e+00
1.583560843176491976e+09 -2.558884999458663767e-01 5.705544650220261554e-02 9.650211146605266466e-01 2.095102559724367486e-01 -9.712575731209371899e-01 1.129786674846690181e-01 9.437301141477010269e-01 2.310917625011448817e-01 2.365799422414289477e-01 -7.630136591828216852e-02 1.605330792815932606e+00 1.602089766844247531e+00
1.583560843176501036e+09 -2.773164451263093189e-01 5.166521552769871156e-02 9.593885004979681996e-01 2.133176121562281036e-01 -9.703190668682525333e-01 1.139144627556512857e-01 9.367983698308941509e-01 2.362448179174928831e-01 2.580643338498869732e-01 -8.210886911394442433e-02 1.605259790709238299e+00 1.596335012124324493e+00
1.583560843176510096e+09 -2.986209620336775505e-01 4.703862935199512596e-02 9.532118801733030500e-01 2.175337948930527732e-01 -9.691384060287316915e-01 1.159732643695803173e-01 9.292494655498968470e-01 2.419878454086900055e-01 2.791725515980522099e-01 -8.783981049650083084e-02 1.605120548072232589e+00 1.590505238637209828e+00
1.583560843176520109e+09 -3.197457173491624616e-01 4.332422445471374728e-02 9.465123812888155408e-01 2.221386105763646646e-01 -9.676846568281575189e-01 1.193350017370983507e-01 9.210956052653928028e-01 2.484138010092955540e-01 2.997890417359677095e-01 -9.350054854461732623e-02 1.604911846690892929e+00 1.584609322674663368e+00
1.583560843176528931e+09 -3.406132947398241018e-01 4.067709113787925518e-02 9.393231381286204495e-01 2.270910424840521524e-01 -9.659244396811365041e-01 1.241758239723373125e-01 9.123662871791139439e-01 2.556078071984012601e-01 3.197693028329948173e-01 -9.909725115313233745e-02 1.604633003600516306e+00 1.578655458131678513e+00
1.583560843176538944e+09 -3.611228093520421623e-01 3.925481201506539342e-02 9.316916745469541183e-01 2.323279284157547253e-01 -9.638215905446954057e-01 1.306586211734899194e-01 9.031135312653603142e-01 2.636418050150073911e-01 3.389379713309150222e-01 -1.046357416111726030e-01 1.604283673827135326e+00 1.572651090662154028e+00
1.583560843176548004e+09 -3.811486799231936784e-01 3.921247378185837434e-02 9.236817990051935379e-01 2.377640677064602470e-01 -9.613370291974513426e-01 1.389221523390583302e-01 8.934169978297732406e-01 2.725683367750211250e-01 3.570890223636257188e-01 -1.101213659371401282e-01 1.603863613815493583e+00 1.566602883333163332e+00
1.583560843176558018e+09 -4.005409252582412538e-01 4.069666728649391080e-02 9.153746493025689546e-01 2.432940394893562674e-01 -9.584291358791025006e-01 1.490691177139273627e-01 8.833883504171385903e-01 2.824134784124654463e-01 3.739888362963994517e-01 -1.155588895258962689e-01 1.603372412381605994e+00 1.560516719112032602e+00
1.583560843176567078e+09 -4.191273718200624332e-01 4.383846307061867176e-02 9.068684774913999824e-01 2.487959505519080627e-01 -9.550549804162776768e-01 1.611538376212496571e-01 8.731739925641792688e-01 2.931691893047789210e-01 3.893828517898363373e-01 -1.209524300514686485e-01 1.602809198718054384e+00 1.554397744727242792e+00
1.583560843176575899e+09 -4.367181007472338283e-01 4.874561271876422935e-02 8.982767757440675016e-01 2.541371850614327910e-01 -9.511726993989050305e-01 1.751707369861511265e-01 8.629551504909551696e-01 3.047857627574722117e-01 4.030062619582416295e-01 -1.263054319491722088e-01 1.602172339583010974e+00 1.548250459336208973e+00
1.583560843176585913e+09 -4.531123607745474735e-01 5.549439191172578223e-02 8.897244298660236250e-01 2.591819250701802857e-01 -9.467451931844386159e-01 1.910452012171350022e-01 8.529442644980511634e-01 3.171654326534044666e-01 4.145988062039414057e-01 -1.316206853122761922e-01 1.601459139604699544e+00 1.542078849819196851e+00
1.583560843176594973e+09 -4.681079233906222936e-01 6.412185106767613607e-02 8.813417954433629964e-01 2.637998343795918132e-01 -9.417450274991820969e-01 2.086287386025348356e-01 8.433769142856140100e-01 3.301585852570993462e-01 4.239229754886880697e-01 -1.369003892764044383e-01 1.600665560137160215e+00 1.535886572836261621e+00
1.583560843176604986e+09 -4.815124109585416923e-01 7.461961111121816204e-02 8.732569563715251171e-01 2.678748749553045427e-01 -9.361600138381922509e-01 2.277004169235874453e-01 8.344991609163616708e-01 3.435641747213705743e-01 4.307839463048593331e-01 -1.421462571243650164e-01 1.599785973564599617e+00 1.529677182001677682e+00
1.583560843176614046e+09 -4.931555888604667315e-01 8.693048951461701535e-02 8.655868848874687105e-01 2.713129039673174425e-01 -9.299985229010772070e-01 2.479759172816098090e-01 8.265511922596853189e-01 3.571356008852855646e-01 4.350486056413408464e-01 -1.473596568436293386e-01 1.598812969668226058e+00 1.523454396183548720e+00
1.583560843176624060e+09 -5.029012906478080858e-01 1.009489100107154591e-01 8.584285698607507786e-01 2.740467151469397900e-01 -9.232933246251507908e-01 2.691241992627718682e-01 8.197491627877587783e-01 3.705924369124995454e-01 4.366606874085410817e-01 -1.525417776444019657e-01 1.597737229611967402e+00 1.517222402610780563e+00
1.583560843176634073e+09 -5.106575598018199269e-01 1.165255197085635075e-01 8.518513133139236082e-01 2.760376429988262159e-01 -9.161027501684337881e-01 2.907902522274515289e-01 8.142678161232446143e-01 3.836372693291774105e-01 4.356493651132869460e-01 -1.576938101314624696e-01 1.596547480963599774e+00 1.510986186132866393e+00
1.583560843176642895e+09 -5.163836647306497829e-01 1.334758572613762295e-01 8.458913088857462625e-01 2.772736068677900678e-01 -9.085083278196584011e-01 3.126211208889669302e-01 8.102266706564553722e-01 3.959757743094882154e-01 4.321295273792721825e-01 -1.628171256678278556e-01 1.595230543710727478e+00 1.504751873761785541e+00
1.583560843176652908e+09 -5.200929671969078960e-01 1.515922340762000387e-01 8.405492847899277420e-01 2.777643053642645521e-01 -9.006087526478491201e-01 3.342915872836357272e-01 8.076820514577451871e-01 4.073372917530420079e-01 4.262933668453935399e-01 -1.679134392732265502e-01 1.593771472311166448e+00 1.498527081810264061e+00
1.583560843176661968e+09 -5.218513678679737033e-01 1.706572782918328313e-01 8.357913874532957310e-01 2.775349617127275126e-01 -8.925108880453567206e-01 3.555258918231177789e-01 8.066259944922651304e-01 4.174930036765416297e-01 4.183946665608674342e-01 -1.729849406788246391e-01 1.592153793812118412e+00 1.492321251783589986e+00
1.583560843176671028e+09 -5.217717745872370028e-01 1.904573267240726453e-01 8.315528979337164506e-01 2.766202757661612166e-01 -8.843191517267092738e-01 3.761128300569203109e-01 8.069915974707512207e-01 4.262694507237586583e-01 4.087284148518992577e-01 -1.780343799092934387e-01 1.590359838058247099e+00 1.486145960473530980e+00
1.583560843176680088e+09 -5.200055429650005667e-01 2.107940213211680902e-01 8.277439918124942508e-01 2.750599932650194535e-01 -8.761249263027951484e-01 3.959130126997455479e-01 8.086632398595038351e-01 4.335562179481782796e-01 3.976088159164462565e-01 -1.830650965110266482e-01 1.588371152175660939e+00 1.480015189275185383e+00
1.583560843176690102e+09 -5.167320572323603756e-01 2.314929336639873769e-01 8.242566364991003036e-01 2.728969016317309149e-01 -8.679975268436893598e-01 4.148584993489464190e-01 8.114895330302663856e-01 4.393077680780267391e-01 3.853484433661293895e-01 -1.880809851199460869e-01 1.586168987902373928e+00 1.473945537676514927e+00
1.583560843176700115e+09 -5.121476589593407791e-01 2.524086121603482114e-01 8.209717827370867083e-01 2.701773793030982640e-01 -8.599778296330304883e-01 4.329460893247468189e-01 8.152968534497031516e-01 4.435403308439856418e-01 3.722405348506490075e-01 -1.930863942793165922e-01 1.583734847415569025e+00 1.467956366131927926e+00
1.583560843176708937e+09 -5.064549181905276809e-01 2.734260336393172230e-01 8.177662380470677173e-01 2.669540213804048601e-01 -8.520751232324710323e-01 4.502260930312892429e-01 8.199018029125401119e-01 4.463252049081157802e-01 3.585454575929959975e-01 -1.980859599122113957e-01 1.581051069654528352e+00 1.462069854689296955e+00
1.583560843176717997e+09 -4.998528629862772910e-01 2.944588987179095341e-01 8.145189208674126213e-01 2.632894095144783231e-01 -8.442673009088469405e-01 4.667884011654824805e-01 8.251216893961178522e-01 4.477797244437437540e-01 3.444815179095356283e-01 -2.030843795315492584e-01 1.578101436758881038e+00 1.456310965591370854e+00
1.583560843176727057e+09 -4.925285986960472595e-01 3.154454600796422481e-01 8.111163549715956211e-01 2.592599381054083163e-01 -8.365041349094692880e-01 4.827474668830068483e-01 8.307826816143037973e-01 4.480569093729378505e-01 3.302198389088601416e-01 -2.080861376728730949e-01 1.574871778860097660e+00 1.450707300549226364e+00
1.583560843176736116e+09 -4.846506041572923307e-01 3.363427247305009749e-01 8.074573447133852611e-01 2.549586613496115928e-01 -8.287130958188660967e-01 4.982275442306905444e-01 8.367256856360766326e-01 4.473345240229400499e-01 3.158828117040932137e-01 -2.130951968025718568e-01 1.571350557035693152e+00 1.445288845045094028e+00
1.583560843176745892e+09 -4.763638688230263929e-01 3.571199379023642373e-01 8.034567907195301339e-01 2.504963235618920536e-01 -8.208070028167615551e-01 5.133492534502807070e-01 8.428102137922423021e-01 4.458040086456990236e-01 3.015455678980819565e-01 -2.181146708697304926e-01 1.567529403886765538e+00 1.440087594690323547e+00
1.583560843176754951e+09 -4.677869319311032670e-01 3.777522417993880999e-01 7.990485781545317856e-01 2.460000315337504961e-01 -8.126926892465822228e-01 5.282183046237338697e-01 8.489165865446850479e-01 4.436595955313717421e-01 2.872399563054145455e-01 -2.231465008396396332e-01 1.563403600741380295e+00 1.435137062182546108e+00
1.583560843176764965e+09 -4.590107928395343873e-01 3.982153103465770339e-01 7.941874204387515679e-01 2.416093814825175379e-01 -8.042798241113363611e-01 5.429170022352338698e-01 8.549467813539366468e-01 4.410878950739771653e-01 2.729605648950572672e-01 -2.281911529028333996e-01 1.558972469863671995e+00 1.430471668173815436e+00
1.583560843176774979e+09 -4.500996029397679732e-01 4.184815828496583068e-01 7.888494865117582355e-01 2.374703061729971365e-01 -7.954889948023369239e-01 5.574989801277581147e-01 8.608241407109487042e-01 4.382583986796489972e-01 2.586723310910604146e-01 -2.332473604687516078e-01 1.554239659184186273e+00 1.426126026141513181e+00
1.583560843176784039e+09 -4.410929599121681255e-01 4.385184457313068274e-01 7.830316555478957774e-01 2.337273951666427318e-01 -7.862581883564824237e-01 5.719873827279919887e-01 8.664920689630500883e-01 4.353155568625425853e-01 2.443191774987463205e-01 -2.383119302332745715e-01 1.549213295579990435e+00 1.422134142053923078e+00
1.583560843176794052e+09 -4.320094663811736013e-01 4.582883724256403002e-01 7.767493732068719847e-01 2.305157264937820194e-01 -7.765470318176515008e-01 5.863763358315710050e-01 8.719118768015174936e-01 4.323730740078650658e-01 2.298329917168577818e-01 -2.433796298980407113e-01 1.543905986395767371e+00 1.418528559454604432e+00
1.583560843176803112e+09 -4.228511070449159082e-01 4.777506816575319282e-01 7.700332639356626263e-01 2.279533715145119210e-01 -7.663384699944506551e-01 6.006351719894127417e-01 8.770599761690089924e-01 4.295109260965853104e-01 2.151421917759217817e-01 -2.484431704333255331e-01 1.538334655380685367e+00 1.415339489916744631e+00
1.583560843176811934e+09 -4.136079446532021087e-01 4.968642995717242883e-01 7.629248560976440441e-01 2.261356327596282523e-01 -7.556379402169018933e-01 6.147145507552106425e-01 8.819246814936746448e-01 4.267753169661990253e-01 2.001791325706985258e-01 -2.534932891642849295e-01 1.532520208187099664e+00 1.412593976998305134e+00
1.583560843176820993e+09 -4.042626470726916055e-01 5.155907868287745721e-01 7.554719404715324327e-01 2.251317440524004121e-01 -7.444704777436178533e-01 6.285534230255483967e-01 8.865029103805913691e-01 4.241813861580866485e-01 1.848857529390024179e-01 -2.585189318794805513e-01 1.526487035410572402e+00 1.410315144381236063e+00
1.583560843176830053e+09 -3.947944394402452817e-01 5.338969581956527488e-01 7.477241394640466998e-01 2.249842545588369713e-01 -7.328764670660063985e-01 6.420857958485559625e-01 8.907970789686973090e-01 4.217180599756484849e-01 1.692171448384833798e-01 -2.635075239077143694e-01 1.520262375565107682e+00 1.408521573659813786e+00
1.583560843176839113e+09 -3.851822040912375456e-01 5.517566008560988999e-01 7.397292228808437509e-01 2.257109363645025402e-01 -7.209068390139687921e-01 6.552464442309987591e-01 8.948124065793154891e-01 4.193542451625079659e-01 1.531429861665022374e-01 -2.684453131923088542e-01 1.513875572474402187e+00 1.407226845962576744e+00
1.583560843176848888e+09 -3.754066149104693939e-01 5.691511392612671472e-01 7.315304875942091334e-01 2.273084678989435170e-01 -7.086184947185725225e-01 6.679750664308057306e-01 8.985548030109976603e-01 4.170453328877729016e-01 1.366471968921078861e-01 -2.733177636516804232e-01 1.507357268659475169e+00 1.406439268381836305e+00
1.583560843176858902e+09 -3.654513466928451804e-01 5.860693328850777872e-01 7.231652994805425338e-01 2.297570866524942801e-01 -6.960704861747545324e-01 6.802187585023063976e-01 9.020293755994730489e-01 4.147392137151496017e-01 1.197263140610322490e-01 -2.781099746555741881e-01 1.500738578622521358e+00 1.406161793270749305e+00
1.583560843176867962e+09 -3.553035231766322743e-01 6.025062898539622624e-01 7.146646606804077928e-01 2.330253722998157084e-01 -6.833212191199127261e-01 6.919330078656663607e-01 9.052395165886113482e-01 4.123812341193056064e-01 1.023871841039301206e-01 -2.828071020044846673e-01 1.494050284544749418e+00 1.406392126824074662e+00
1.583560843176877022e+09 -3.449535989841156503e-01 6.184620926342258018e-01 7.060535777426221182e-01 2.370746311743497925e-01 -6.704266948399137949e-01 7.030815501124992872e-01 9.081864532748380459e-01 4.099179026210956200e-01 8.464442872905945936e-02 -2.873947574763982549e-01 1.487322092988911715e+00 1.407123011361817388e+00
1.583560843176886082e+09 -3.343948924981240967e-01 6.339403296135995847e-01 6.973519301481322374e-01 2.418625052248105922e-01 -6.574396520025110879e-01 7.136355039866046912e-01 9.108691368949090039e-01 4.072993524851667990e-01 6.651806546769001294e-02 -2.918593673810018774e-01 1.480581984534866891e+00 1.408342655972403046e+00
1.583560843176896095e+09 -3.236229770631711133e-01 6.489467605527545757e-01 6.885755374725511802e-01 2.473456308610480492e-01 -6.444093713133003387e-01 7.235721809650831338e-01 9.132843520615339106e-01 4.044807340333260171e-01 4.803153330347242900e-02 -2.961884750963437729e-01 1.473855679789663808e+00 1.410035283342069290e+00
1.583560843176904917e+09 -3.126351061159199363e-01 6.634882571363039938e-01 6.797371721385214727e-01 2.534813468045706286e-01 -6.313818719006496494e-01 7.328738900154601055e-01 9.154269481260220997e-01 4.014228002390003436e-01 2.921024150933163033e-02 -3.003709779999343965e-01 1.467166235786697470e+00 1.412181756016438694e+00
1.583560843176913977e+09 -3.014297991999916881e-01 6.775720753199494517e-01 6.708473440520027475e-01 2.602285776032479125e-01 -6.184002472274732209e-01 7.415269527378020031e-01 9.172901196795100187e-01 3.980919705942835285e-01 1.008064495886814779e-02 -3.043972940216022049e-01 1.460533777452087678e+00 1.414760246327222859e+00
1.583560843176924944e+09 -2.900066304268698048e-01 6.912054252122794562e-01 6.619148091607571782e-01 2.675481348243938795e-01 -6.055049661041179698e-01 7.495210014297524204e-01 9.188656865770503668e-01 3.944601326599504465e-01 -9.330267373269866132e-03 -3.082594580417984398e-01 1.453975360445691756e+00 1.417746915375030392e+00
1.583560843176934004e+09 -2.783662127288606403e-01 7.043952754452706966e-01 6.529468184026389066e-01 2.754026629829873785e-01 -5.927340404660468298e-01 7.568485518937680956e-01 9.201443500563175615e-01 3.905043575718327720e-01 -2.899520465393408061e-02 -3.119511516659045913e-01 1.447504955015105343e+00 1.421116572375339615e+00
1.583560843176943064e+09 -2.665103347819723911e-01 7.171483198911973167e-01 6.439491663574005154e-01 2.837564187393546433e-01 -5.801230290123837730e-01 7.635047911066001891e-01 9.211159190816780029e-01 3.862066267786753437e-01 -4.888665628399223306e-02 -3.154676718673639080e-01 1.441133536134614035e+00 1.424843292605323386e+00
1.583560843176951885e+09 -2.544422022099857572e-01 7.294710518954696798e-01 6.349260982994847646e-01 2.925750025194461812e-01 -5.677048818612766556e-01 7.694875145320033694e-01 9.217695122652266315e-01 3.815536025776561924e-01 -6.897691450343976238e-02 -3.188058462845871355e-01 1.434869261980247668e+00 1.428900976357173169e+00
1.583560843176961899e+09 -2.421666909009881907e-01 7.413698735704913334e-01 6.258801838218689406e-01 3.018251564163317302e-01 -5.555096972798913013e-01 7.747971032414102677e-01 9.220937419145618374e-01 3.765364349889412376e-01 -8.923813290234750006e-02 -3.219639057714375752e-01 1.428717720001174252e+00 1.433263834148629456e+00
1.583560843176970959e+09 -2.296905703697876278e-01 7.528512169913385010e-01 6.168121975760691988e-01 3.114746416584026067e-01 -5.435644383708390093e-01 7.794364944954682572e-01 9.220768891973611936e-01 3.711505711955823683e-01 -1.096424371554501065e-01 -3.249413256441264775e-01 1.422682219035742879e+00 1.437906789624360249e+00
1.583560843176980019e+09 -2.170227150671197314e-01 7.639216984894713347e-01 6.077209720279649341e-01 3.214921458157569134e-01 -5.318926011403134479e-01 7.834111698463276374e-01 9.217070800573121669e-01 3.653955384457961975e-01 -1.301620496619765033e-01 -3.277386469530244595e-01 1.416764106772709475e+00 1.442805797410524171e+00
1.583560843176989079e+09 -2.041742235827730123e-01 7.745882521958060707e-01 5.986033128085541666e-01 3.318472669158497035e-01 -5.205139284972650771e-01 7.867290776943769437e-01 9.209724631975142461e-01 3.592746719278439027e-01 -1.507694672641646250e-01 -3.303572891211628559e-01 1.410963093438827531e+00 1.447938077025635373e+00
1.583560843176999092e+09 -1.911584091813555986e-01 7.848582179902957590e-01 5.894540188794273883e-01 3.425105680049368440e-01 -5.094442370583626145e-01 7.894004561323603175e-01 9.198613882028811028e-01 3.527947662177811639e-01 -1.714376841271673391e-01 -3.327993636121646670e-01 1.405277565839625264e+00 1.453282268699943813e+00
1.583560843177009106e+09 -1.779906984082873234e-01 7.947394056035435028e-01 5.802659636596085857e-01 3.534536442733684503e-01 -4.986953436284302654e-01 7.914376005739284237e-01 9.183625823885692707e-01 3.459656507733068209e-01 -1.921404066553352441e-01 -3.350674958612620546e-01 1.399704879964368764e+00 1.458818520571857569e+00
1.583560843177017927e+09 -1.646884695344056904e-01 8.042401480873975217e-01 5.710302026403979436e-01 3.646491693553589597e-01 -4.882750724283680399e-01 7.928546127396490784e-01 9.164653247075243980e-01 3.387997018023121143e-01 -2.128522275746091985e-01 -3.371646604059753694e-01 1.394241624357769771e+00 1.464528518435482596e+00
1.583560843177026987e+09 -1.512708555417399681e-01 8.133693508848135467e-01 5.617360834285481941e-01 3.760709050652944474e-01 -4.781873239559049638e-01 7.936671579322662762e-01 9.141596155630663523e-01 3.313113072958837058e-01 -2.335487423377745619e-01 -3.390940326191114185e-01 1.388883849685657035e+00 1.470395469089745832e+00
1.583560843177036047e+09 -1.377585271410567136e-01 8.221365360946873979e-01 5.523713464137267604e-01 3.876936716654372783e-01 -4.684321919835576220e-01 7.938922461348717485e-01 9.114363418521319593e-01 3.235163019474474044e-01 -2.542066034577556422e-01 -3.408588584007191113e-01 1.383627263080676961e+00 1.476404048271107161e+00
1.583560843177050114e+09 -1.241734606160990184e-01 8.305518745581178530e-01 5.429222186164205377e-01 3.994932851497811077e-01 -4.590061262064126790e-01 7.935480396511849221e-01 9.082874362755650743e-01 3.154313869417802452e-01 -2.748035177213403180e-01 -3.424623425785531805e-01 1.378467387645704978e+00 1.482540322429016122e+00
1.583560843177061081e+09 -1.105386964682588125e-01 8.386262005282894005e-01 5.333735018646326154e-01 4.114464671824593078e-01 -4.499021355298003511e-01 7.926536905217932416e-01 9.047060303337191023e-01 3.070735487292733934e-01 -2.953181918959465468e-01 -3.439075571125688735e-01 1.373399688324206558e+00 1.488791651495046331e+00
1.583560843177073956e+09 -9.687802298756413577e-02 8.463709472346709894e-01 5.237087630161104679e-01 4.235307802046567316e-01 -4.411101336429686937e-01 7.912291249857636988e-01 9.006865864306438096e-01 2.984594943563433911e-01 -3.157302699592596240e-01 -3.451973695244766049e-01 1.368419666517867617e+00 1.495146578977317509e+00
1.583560843177083969e+09 -8.321554082557279519e-02 8.537979532098339819e-01 5.139107208266465721e-01 4.357246269741688049e-01 -4.326175173975273514e-01 7.892947061130221043e-01 8.962249847593665164e-01 2.896051429675037259e-01 -3.360202939941597799e-01 -3.463343902168627975e-01 1.363522927300237386e+00 1.501594715571268779e+00
1.583560843177098036e+09 -6.957521654180809367e-02 8.609192139733961024e-01 5.039617012981723043e-01 4.480072585940897967e-01 -4.244098401741020488e-01 7.868708812882974080e-01 8.913185657117770333e-01 2.805252121884347360e-01 -3.561696503917913259e-01 -3.473209359481784775e-01 1.358705223934121076e+00 1.508126621751777252e+00
1.583560843177108049e+09 -5.598033937590086301e-02 8.677464973486895827e-01 4.938443257375724205e-01 4.603588736847911700e-01 -4.164717288652108329e-01 7.839776823894371027e-01 8.859660880158216623e-01 2.712329542928402226e-01 -3.761605714420317437e-01 -3.481590072799734537e-01 1.353962483897064528e+00 1.514733692959107092e+00
1.583560843177123070e+09 -4.245286989509149816e-02 8.742907965054358410e-01 4.835425080634784267e-01 4.727608528416242240e-01 -4.087881008410121919e-01 7.806340145293946264e-01 8.801675578819218027e-01 2.617401227491665816e-01 -3.959762345286663709e-01 -3.488502788590737147e-01 1.349290819803139252e+00 1.521408049463866208e+00
1.583560843177139997e+09 -2.901276710394269653e-02 8.805616836473060260e-01 4.730426838647357468e-01 4.851961124235318890e-01 -4.013455756612487879e-01 7.768567830657415740e-01 8.739239051098187661e-01 2.520572361391957839e-01 -4.156009599406027544e-01 -3.493961007491128146e-01 1.344686528649734036e+00 1.528142432731422584e+00
1.583560843177155972e+09 -1.567744453166612650e-02 8.865667002951943543e-01 4.623350557565432672e-01 4.976495054750490477e-01 -3.941338370882093711e-01 7.726600081352628102e-01 8.672365234008162505e-01 2.421941462778591514e-01 -4.350204686040425317e-01 -3.497975074617952762e-01 1.340146083142335964e+00 1.534930110080915178e+00
1.583560843177174091e+09 -2.461463479642014146e-03 8.923108984167894553e-01 4.514146673347234073e-01 5.101082030208423657e-01 -3.871467356598989329e-01 7.680540516706827470e-01 8.601067157590993606e-01 2.321608617674380259e-01 -4.542221613765369814e-01 -3.500552317608109920e-01 1.335666118091173971e+00 1.541764788411432940e+00
1.583560843177192926e+09 1.062353542099169282e-02 8.977965476178880744e-01 4.402822954665776556e-01 5.225620532760113512e-01 -3.803831046859502130e-01 7.630449489738183599e-01 8.525350673463175655e-01 2.219685852943865945e-01 -4.731954207336486196e-01 -3.501697210784444070e-01 1.331243414028750571e+00 1.548640536918183264e+00
1.583560843177211046e+09 2.356869956311734987e-02 9.030229739087183294e-01 4.289452472224354884e-01 5.350039454818448226e-01 -3.738473575797043313e-01 7.576337713952252528e-01 8.445207485919830059e-01 2.116309569203694840e-01 -4.919319499551555452e-01 -3.501411568666209506e-01 1.326874878815197611e+00 1.555551717767327036e+00
1.583560843177229881e+09 3.636759078508132459e-02 9.079865711206586143e-01 4.174179980856080330e-01 5.474301217103437756e-01 -3.675497926296014684e-01 7.518160757732942345e-01 8.360607993835087459e-01 2.011654461043308750e-01 -5.104260995912436316e-01 -3.499694766838407634e-01 1.322557528073035282e+00 1.562492924077466316e+00
1.583560843177248955e+09 4.901553621884850720e-02 9.126810301361196753e-01 4.057225832506848873e-01 5.598403534752882660e-01 -3.615065159776114090e-01 7.455815297708316969e-01 8.271494761585885813e-01 1.905947959410337345e-01 -5.286751062484827957e-01 -3.496543984635843150e-01 1.318288465266663545e+00 1.569458924725355864e+00
1.583560843177267075e+09 6.150868136877246650e-02 9.170978422273761144e-01 3.938886010268951576e-01 5.722378631202638122e-01 -3.557388616404557613e-01 7.389138585378726143e-01 8.177777877919337746e-01 1.799483542729790331e-01 -5.466791377989962397e-01 -3.491954472279214516e-01 1.314064861812517915e+00 1.576444615398548299e+00
1.583560843177285910e+09 7.384288099512960335e-02 9.212269352615132245e-01 3.819530897843056438e-01 5.846290707546101251e-01 -3.502725504526389977e-01 7.317909469493489860e-01 8.079332142147708229e-01 1.692633281412979918e-01 -5.644411813742837847e-01 -3.485919848173016922e-01 1.309883937460124104e+00 1.583444975477481975e+00
1.583560843177304029e+09 8.601245424461065325e-02 9.250574495472377867e-01 3.699602314745966680e-01 5.970231035101520867e-01 -3.451365524629362858e-01 7.241851793830947903e-01 7.975996938720574247e-01 1.585858609617737947e-01 -5.819667113798601132e-01 -3.478432435548325929e-01 1.305742941084555575e+00 1.590455030548284299e+00
1.583560843177324057e+09 9.800886237327413597e-02 9.285786548797502205e-01 3.579608145017677545e-01 6.094310094436612424e-01 -3.403616176263641879e-01 7.160641130403512244e-01 7.867579727578416504e-01 1.479717914155141978e-01 -5.992630819292399380e-01 -3.469483648180458069e-01 1.301639132066277238e+00 1.597469820648086847e+00
