1.583560846745891094e+09 1.052979208330162980e-01 9.557154134433522019e-01 2.748097467996936105e-01 4.680942386665768590e-02 -2.808031881864311852e-01 9.586232042045766955e-01 9.933384247530550049e-01 -8.807734425142164925e-02 -7.430447973797374428e-02 -5.174031377997264647e-01 1.663429433756430154e+00 1.793147075578560790e+00
1.583560846745939016e+09 1.239720334396457319e-01 9.573371460768305141e-01 2.610297382061056992e-01 4.914041269375821891e-02 -2.686594476152114330e-01 9.619809360613097438e-01 9.910681889527400701e-01 -1.064316236153942663e-01 -8.035020044358298641e-02 -5.194971753448137664e-01 1.675642416677679547e+00 1.806333367809216606e+00
1.583560846745965958e+09 1.427759273773840931e-01 9.583470324961056441e-01 2.473580409665228075e-01 5.149274265595438216e-02 -2.567723021040012599e-01 9.650992086954158777e-01 9.884146561077964410e-01 -1.250557904830228995e-01 -8.600882065215394168e-02 -5.214130267121414031e-01 1.687937615422670845e+00 1.819470256682361953e+00
1.583560846745987892e+09 1.616228781279910320e-01 9.587792657643506855e-01 2.337100027218037279e-01 5.394028606556370425e-02 -2.450524100150420492e-01 9.680081415899279840e-01 9.853773344275383872e-01 -1.438458773846552907e-01 -9.132290364378990721e-02 -5.231112749802243611e-01 1.700333158271275735e+00 1.832542621361030744e+00
1.583560846746009111e+09 1.804233923383814497e-01 9.586718929347545215e-01 2.199900037825582855e-01 5.656524085741234525e-02 -2.334034450815042627e-01 9.707333339550178186e-01 9.819611873331721696e-01 -1.626992135055544964e-01 -9.633894784948779377e-02 -5.245663851049281456e-01 1.712839568197910056e+00 1.845538490447874214e+00
1.583560846746028900e+09 1.990882267215918489e-01 9.580640523836245759e-01 2.060998546494589578e-01 5.945037102156813802e-02 -2.217301045838372398e-01 9.732941047847519789e-01 9.781766362872269527e-01 -1.815186844561225976e-01 -1.011011166883271223e-01 -5.257655706655588457e-01 1.725460242709553116e+00 1.858449755952706228e+00
1.583560846746047974e+09 2.175295784867090632e-01 9.569942058435824128e-01 1.919452344991260384e-01 6.267444806040942118e-02 -2.099438057308456174e-01 9.757025736870420518e-01 9.740394224380740651e-01 -2.002141078294288612e-01 -1.056480711965916697e-01 -5.267070795361159519e-01 1.738192570745834553e+00 1.871272455819329217e+00
1.583560846746067047e+09 2.356607584786377385e-01 9.554994748601017829e-01 1.774394574059496854e-01 6.631087912941890927e-02 -1.979657486194630889e-01 9.779634093301817765e-01 9.695704588377025424e-01 -2.187014322657070409e-01 -1.100127686429666490e-01 -5.273981513695757961e-01 1.751029394097452618e+00 1.884006608085654566e+00
1.583560846746083975e+09 2.533943002469441486e-01 9.536160987898698593e-01 1.625043547998915039e-01 7.042913175285109295e-02 -1.857273970545689490e-01 9.800740133747262162e-01 9.647958677568321262e-01 -2.369001280605092241e-01 -1.142246176650403428e-01 -5.278528445329601082e-01 1.763960552129012260e+00 1.896655665520885048e+00
1.583560846746104002e+09 2.706383094916495202e-01 9.513809448060750462e-01 1.470687047026988103e-01 7.509840834395752063e-02 -1.731689347736095896e-01 9.820248211756061885e-01 9.597474328944651800e-01 -2.547289117015086868e-01 -1.183133424397933842e-01 -5.280898800992251951e-01 1.776974314325359128e+00 1.909225711483637511e+00
1.583560846746124029e+09 2.872015762163998009e-01 9.488490745580626662e-01 1.311513970060976531e-01 8.036410340180168144e-02 -1.603059854651999738e-01 9.837904259647272109e-01 9.544929889497771880e-01 -2.720062964296356967e-01 -1.222935368356817681e-01 -5.281306082582788441e-01 1.790058580769865015e+00 1.921724533857038564e+00
1.583560846746143103e+09 3.039866405044633901e-01 9.456400049139722652e-01 1.155729384788672653e-01 8.549122831407252043e-02 -1.479021754177796133e-01 9.853000541456613526e-01 9.488326368388430021e-01 -2.896375807305416328e-01 -1.258042109845045331e-01 -5.278671790014459742e-01 1.803242290752750554e+00 1.934115685700569687e+00
1.583560846746160984e+09 3.210237400696586141e-01 9.417324679530272302e-01 1.004177161775565152e-01 9.045288023099934405e-02 -1.360325561243031223e-01 9.865664804987084313e-01 9.427417648685558760e-01 -3.076281895909867004e-01 -1.288520940649353352e-01 -5.272935041213966390e-01 1.816514129698423963e+00 1.946401833836898909e+00
1.583560846746179104e+09 3.383346213633446342e-01 9.371088705584486034e-01 8.577091182398988156e-02 9.522682164873982891e-02 -1.247734465337333176e-01 9.876049006511542494e-01 9.361952450675572468e-01 -3.259732386398777049e-01 -1.314530760650060581e-01 -5.264038784479817545e-01 1.829862519976189317e+00 1.958585810652762271e+00
1.583560846746196032e+09 3.559307829404211865e-01 9.317564701294278606e-01 7.171581927925567423e-02 9.979568319782401720e-02 -1.142000286849556151e-01 9.884326863144694553e-01 9.291684991624384882e-01 -3.446566905830765748e-01 -1.336325791263845986e-01 -5.251930784140946828e-01 1.843275618067711896e+00 1.970670636293255340e+00
1.583560846746213913e+09 3.738125052195276354e-01 9.256682350859654074e-01 5.833121035828168349e-02 1.041467904535526151e-01 -1.043840105077229879e-01 9.890689686265315972e-01 9.216385720275257487e-01 -3.636513404912975478e-01 -1.354254241764530908e-01 -5.236564464224959803e-01 1.856741328567830029e+00 1.982659533271108554e+00
1.583560846746231079e+09 3.919687018170103787e-01 9.188433244128153543e-01 4.568897662916900082e-02 1.082716910367287205e-01 -9.539157677901365096e-02 9.895340763768897263e-01 9.135851236689624955e-01 -3.829195643918026914e-01 -1.368752330415748120e-01 -5.217899559199715709e-01 1.870247332235746018e+00 1.994555932979533708e+00
1.583560846746249914e+09 4.103776141227397090e-01 9.112871272331600769e-01 3.385241754423617966e-02 1.121653904621892628e-01 -8.728197754618449711e-02 9.898488682064021660e-01 9.049912372431723195e-01 -4.024147470725307207e-01 -1.380334461463965656e-01 -5.195902542695017834e-01 1.883781124225135883e+00 2.006363474422759197e+00
1.583560846746268034e+09 4.290080447738707781e-01 9.030109785701725400e-01 2.287511111594645041e-02 1.158255119135283284e-01 -8.010668364441216049e-02 9.900340248379680963e-01 8.958440426721522298e-01 -4.220830396238608451e-01 -1.389581205763958938e-01 -5.170546840777696662e-01 1.897330058060318736e+00 2.018085996490537770e+00
1.583560846746293068e+09 4.478208872377121841e-01 8.940316582349243646e-01 1.280029823350603210e-02 1.192515066049039119e-01 -7.390902767997184486e-02 9.901093546226422681e-01 8.861351655433367114e-01 -4.418651946194920854e-01 -1.397126285444099669e-01 -5.141812861561242398e-01 1.910881391292714504e+00 2.029727525595671711e+00
1.583560846746311903e+09 4.667707985837065698e-01 8.843707485110956501e-01 3.660788846719900680e-03 1.224439498523812037e-01 -6.872432447513009135e-02 9.900931505072581018e-01 8.758610056539432032e-01 -4.616983289036814542e-01 -1.403643553963687396e-01 -5.109687883308940970e-01 1.924422329692103029e+00 2.041292260477388876e+00
1.583560846746321917e+09 4.858078270257705222e-01 8.740539561710378713e-01 -4.520786412068139755e-03 1.254039957006545525e-01 -6.458028866872535245e-02 9.900016285285483386e-01 8.650228861473003850e-01 -4.815174643981035008e-01 -1.409834682664694860e-01 -5.074165833609881604e-01 1.937940067798960664e+00 2.052784555471169892e+00
1.583560846746331930e+09 5.048789047901419691e-01 8.631104590320953784e-01 -1.173147965260707207e-02 1.281329977451088342e-01 -6.149764494155755129e-02 9.898484605569165540e-01 8.536271006050455412e-01 -5.012567961367547786e-01 -1.416417941243550693e-01 -5.035246985279682175e-01 1.951421824337119748e+00 2.064208903198308853e+00
1.583560846746340990e+09 5.239291726359953660e-01 8.515723094654452652e-01 -1.796731533024689340e-02 1.306322695974947157e-01 -5.949090098921486214e-02 9.896444023742581031e-01 8.416848773182723509e-01 -5.208506839224965601e-01 -1.424118420448921840e-01 -4.992937604849583821e-01 1.964854871686508631e+00 2.075569917681352905e+00
1.583560846746351004e+09 5.429030995221284517e-01 8.394739291777832957e-01 -2.323246365771626173e-02 1.329029790429268609e-01 -5.856919133976870584e-02 9.893970124771573893e-01 8.292122907924256436e-01 -5.402343681608475778e-01 -1.433659815299789531e-01 -4.947249577541531496e-01 1.978226559160758180e+00 2.086872318470434529e+00
