1.583560845995647907e+09 -2.553951704533893863e-01 7.925982954633477018e-01 5.536797354567022378e-01 3.128300187269626720e-02 -5.655971760752620536e-01 8.240881072342629565e-01 9.663305236979872204e-01 2.277888868146101253e-01 1.196559332479011639e-01 -4.180141430865620400e-01 1.491846168044035137e+00 1.559149687283511776e+00
1.583560845995708942e+09 -2.401791682237262859e-01 8.055531141937259942e-01 5.416623929002172266e-01 2.969946309250234492e-02 -5.516365732441489422e-01 8.335556569462960752e-01 9.702741413495269418e-01 2.162897866014826809e-01 1.085671183585190241e-01 -4.257755981480428886e-01 1.495993646846736747e+00 1.568622921923884750e+00
1.583560845995735884e+09 -2.247095611412838478e-01 8.180284443371214076e-01 5.294667864057845952e-01 2.843904871991619066e-02 -5.376257636303415355e-01 8.427038382879765699e-01 9.740106949972852091e-01 2.044211414132992566e-01 9.754569864089157605e-02 -4.331159028868675209e-01 1.500593443761139900e+00 1.578222178893935235e+00
1.583560845995762110e+09 -2.089885984878795955e-01 8.300158082982287411e-01 5.171049450541703729e-01 2.748699679110228056e-02 -5.235867763386142792e-01 8.515288327053264217e-01 9.775317033431510927e-01 1.921734792940922310e-01 8.660902473516876587e-02 -4.400397625443422389e-01 1.505615064506122147e+00 1.587918953219270124e+00
1.583560845995784998e+09 -1.930339441441881188e-01 8.415118947570272567e-01 5.045747000361325840e-01 2.682624203965667045e-02 -5.095280489133514612e-01 8.600357669237007618e-01 9.808252899881565456e-01 1.795519392387854851e-01 7.578160718657644956e-02 -4.465547122457954043e-01 1.511027156289667328e+00 1.597688734832403590e+00
1.583560845995807886e+09 -1.768767236523517694e-01 8.525180684199396008e-01 4.918613302325820502e-01 2.644161381832401195e-02 -4.954444471972435649e-01 8.682370880592913398e-01 9.838777698608232036e-01 1.665765388545868142e-01 6.509063705406706313e-02 -4.526706451997717373e-01 1.516798236791274013e+00 1.607510849361963867e+00
1.583560845995829105e+09 -1.605601450994273705e-01 8.630400202049590686e-01 4.789387892691224780e-01 2.632280985680145874e-02 -4.813175354750286461e-01 8.761509801453160051e-01 9.866749970627002320e-01 1.532819432082690725e-01 5.456277500361939731e-02 -4.583993405899703388e-01 1.522897302534693909e+00 1.617368201240075187e+00
1.583560845995853901e+09 -1.441387618926094072e-01 8.730874940913864179e-01 4.657705932369485269e-01 2.646647683655126149e-02 -4.671159961710311670e-01 8.837998483888022117e-01 9.892034893138066387e-01 1.397171225542434836e-01 4.422197142783716728e-02 -4.637540109479230122e-01 1.529294314074724603e+00 1.627246950579836815e+00
1.583560845995874882e+09 -1.276784627072412026e-01 8.826740476924422873e-01 4.523104423310503330e-01 2.687767277567128243e-02 -4.527961182396632034e-01 8.912088791656661568e-01 9.914513609951601802e-01 1.259452317401190957e-01 3.408808809150155189e-02 -4.687488824419195899e-01 1.535960563795254696e+00 1.637136152425555435e+00
1.583560845995898008e+09 -1.112572319747280325e-01 8.918167909601518728e-01 4.385027254811367237e-01 2.757094387013613382e-02 -4.383023682718140135e-01 8.984046289483345049e-01 9.934091159969956619e-01 1.120439462823312193e-01 2.417607758982802391e-02 -4.733988159412927388e-01 1.542868937484680236e+00 1.647027382433826626e+00
1.583560845995920897e+09 -9.518401406762092010e-02 9.004228733855381694e-01 4.244745612043590022e-01 2.855610716800237314e-02 -4.237653091394895655e-01 9.053217725249338432e-01 9.950500251592451217e-01 9.829350143643277027e-02 1.462311109275999180e-02 -4.777189731129894423e-01 1.549994083124902167e+00 1.656914367882609929e+00
1.583560845995964050e+09 -7.881618291325655223e-02 9.084758864403144063e-01 4.104382701783501064e-01 2.971756973403759383e-02 -4.093949250673385443e-01 9.118731609563780482e-01 9.964461228394523307e-01 8.406758981184010715e-02 5.269249807245541400e-03 -4.817158239172834588e-01 1.557316439918056572e+00 1.666793245060150586e+00
1.583560845995980978e+09 -6.218197493265709835e-02 9.159738514527387965e-01 3.963903455028108258e-01 3.106141035805140213e-02 -3.951905002181355653e-01 9.180738846183754687e-01 9.975813706878872145e-01 6.940009051585521727e-02 -3.877713881529711720e-03 -4.853991449721598572e-01 1.564814503250483657e+00 1.676662192922845129e+00
1.583560845995991945e+09 -4.531050742080292709e-02 9.229161493699261642e-01 3.823254369107354500e-01 3.259461445346444747e-02 -3.811488939404464871e-01 9.239389114281149062e-01 9.984410595479833450e-01 5.432589117099233256e-02 -1.281204625567788392e-02 -4.887782829274242569e-01 1.572468621705447545e+00 1.686520176337501287e+00
1.583560845996001959e+09 -2.823162711692766419e-02 9.293034800854808042e-01 3.682363611742767162e-01 3.432472170394032518e-02 -3.672646933776017586e-01 9.294828985906996577e-01 9.990119063743555516e-01 3.888042528365386746e-02 -2.152960343615556091e-02 -4.918620235699696641e-01 1.580260849157701264e+00 1.696366783602383022e+00
1.583560845996011019e+09 -1.097558922156038203e-02 9.351377288164255397e-01 3.541143390838956129e-01 3.625942969356167611e-02 -3.535305657596055640e-01 9.347199543854600723e-01 9.992821376213786300e-01 2.309908630256942569e-02 -3.002735444415063557e-02 -4.946585038167036763e-01 1.588174782128229268e+00 1.706202092586578400e+00
1.583560845996020079e+09 6.427306729626454558e-03 9.404217822151594852e-01 3.399493518496450317e-01 3.840620989307070438e-02 -3.399376980700615780e-01 9.396634103586468667e-01 9.992415389392864666e-01 7.016661267791822129e-03 -3.830292018867149928e-02 -4.971751591129448533e-01 1.596195391572506672e+00 1.716026562542217526e+00
1.583560845996030092e+09 2.394726965926470205e-02 9.451592422801843307e-01 3.257307716009366638e-01 4.077192628837448402e-02 -3.264764860172882366e-01 9.443255553033098604e-01 9.988814637768091975e-01 -9.333347636685484366e-03 -4.635418338264730292e-02 -4.994187001936322701e-01 1.604308855497116104e+00 1.725840948218882787e+00
1.583560845996040106e+09 4.155581813651360035e-02 9.493540141441940694e-01 3.114483430150781218e-01 4.336248780791165935e-02 -3.131375629754962753e-01 9.487173243908016973e-01 9.981947750849615719e-01 -2.591954954170287012e-02 -5.417903945917234426e-02 -5.013951154314479908e-01 1.612502396541427352e+00 1.735646232896541630e+00
1.583560845996049881e+09 5.922675584183394876e-02 9.530097996172248731e-01 2.970934428517673642e-01 4.618260539918648405e-02 -2.999131130708432846e-01 9.528479899024105970e-01 9.971756910045497246e-01 -4.271354593342795852e-02 -6.177535621485347184e-02 -5.031096940635100268e-01 1.620764128064686060e+00 1.745443577026411619e+00
1.583560845996058941e+09 7.693713437532630206e-02 9.561295813275769717e-01 2.826603998157379283e-01 4.923573119385238339e-02 -2.867982681586962457e-01 9.567249324907054486e-01 9.958195220570950079e-01 -5.969068314164469036e-02 -6.914117592392200751e-02 -5.045670631040831688e-01 1.629082911846957193e+00 1.755234279325554425e+00
1.583560845996068954e+09 9.466804439591201825e-02 9.587151761112366888e-01 2.681476701815273533e-01 5.252421607985395535e-02 -2.737924011270213009e-01 9.603535432873991917e-01 9.941223106239656104e-01 -7.683054561248503500e-02 -7.627515422885491891e-02 -5.057712319584981575e-01 1.637448228816897222e+00 1.765019747582594611e+00
1.583560845996078014e+09 1.124052202870953476e-01 9.607668741032748816e-01 2.535588307228891503e-01 5.604967394212635040e-02 -2.609002980848993958e-01 9.637372405404688314e-01 9.920803903368576870e-01 -9.411720694122013842e-02 -8.317722548108812120e-02 -5.067256404818584192e-01 1.645850062861593521e+00 1.774801476913493881e+00
1.583560845996088028e+09 1.301395081044419144e-01 9.622831452168409960e-01 2.389034479061476202e-01 5.981352956603423060e-02 -2.481332929090837858e-01 9.668775573594174944e-01 9.896898759216746777e-01 -1.115393111696266204e-01 -8.984949601431098387e-02 -5.074332107935591862e-01 1.654278796616676983e+00 1.784581033712601572e+00
1.583560845996097088e+09 1.478671064429346593e-01 9.632604486775054875e-01 2.241977417489566249e-01 6.381772597105897504e-02 -2.355102939078101698e-01 9.697743034385399863e-01 9.869461064707374387e-01 -1.290899300041725151e-01 -9.629731702311321306e-02 -5.078964022704468562e-01 1.662725118553624037e+00 1.794360043838387986e+00
1.583560845996107101e+09 1.655894648724078322e-01 9.636931919779458955e-01 2.094649407852170186e-01 6.806553654994527969e-02 -2.230585950823691099e-01 9.724258049786695945e-01 9.838430831459712422e-01 -1.467661249857228623e-01 -1.025304475489357825e-01 -5.081172685899442154e-01 1.671179940801525765e+00 1.804140183841083545e+00
1.583560845996117115e+09 1.833126912128519859e-01 9.635739039860548028e-01 1.947351775024269427e-01 7.256238350491228672e-02 -2.108142913874893332e-01 9.748292339385614680e-01 9.803729688951241528e-01 -1.645681216044157236e-01 -1.085641542288913186e-01 -5.080975171431157955e-01 1.679634327096738655e+00 1.813923174278504469e+00
1.583560845996125937e+09 2.010466493569520452e-01 9.628935463113110771e-01 1.800451715928446106e-01 7.731659011094367540e-02 -1.988225404793438345e-01 9.769809325597516025e-01 9.765256730260533091e-01 -1.824982641291493790e-01 -1.144202511924409665e-01 -5.078385716346766054e-01 1.688079430534384695e+00 1.823710774331535056e+00
1.583560845996135950e+09 2.188036953796657358e-01 9.616419948793752948e-01 1.654376533082633494e-01 8.233997820753635732e-02 -1.871375851069474738e-01 9.788767299938680999e-01 9.722885740783128172e-01 -2.005597129574735737e-01 -1.201279760391291279e-01 -5.073416392092886529e-01 1.696506441196760751e+00 1.833504777042771927e+00
1.583560845996145010e+09 2.365970224000723821e-01 9.598087244970069376e-01 1.509604647925253673e-01 8.764820385655325286e-02 -1.758224161385558704e-01 9.805122491016040609e-01 9.676464446075686565e-01 -2.187548648494675452e-01 -1.257245708487533808e-01 -5.066077834470499308e-01 1.704906544213877329e+00 1.843307004578842889e+00
1.583560845996154070e+09 2.544386219785292336e-01 9.573837244029494986e-01 1.366652569365434944e-01 9.326070932517108170e-02 -1.649479124993855905e-01 9.818832041300159519e-01 9.625816475264219463e-01 -2.370835104742295973e-01 -1.312554047596341533e-01 -5.056380035604303158e-01 1.713270889148956977e+00 1.853119303006085961e+00
1.583560845996162891e+09 2.723370167155444999e-01 9.543586133488272116e-01 1.226058196535058098e-01 9.920021373482923455e-02 -1.545914198346816926e-01 9.829856615448808732e-01 9.570746404213453795e-01 -2.555408588939550585e-01 -1.367735444820115109e-01 -5.044333187269743890e-01 1.721590571611312903e+00 1.862943536198771399e+00
1.583560845996172905e+09 2.902949377913944251e-01 9.507279143597534565e-01 1.088360349763386886e-01 1.054916891618019464e-01 -1.448346699265199988e-01 9.838162542870652061e-01 9.511048065434619669e-01 -2.741155810304281015e-01 -1.423386650856165170e-01 -5.029948556125646286e-01 1.729856627763627142e+00 1.872781578646423029e+00
1.583560845996181965e+09 3.083073041061227815e-01 9.464903481235987792e-01 9.540769205473302594e-02 1.121609180426974273e-01 -1.357612564384969023e-01 9.843722923815082515e-01 9.446515416393719278e-01 -2.927881532329531522e-01 -1.480154133084645163e-01 -5.013239356475113206e-01 1.738060041746707363e+00 1.882635307135627656e+00
1.583560845996191025e+09 3.263597445433752964e-01 9.416500327521832858e-01 8.236827981038646884e-02 1.192327572311999012e-01 -1.274537670127109112e-01 9.846517593401643564e-01 9.376955087719349713e-01 -3.115296993894255406e-01 -1.538713085645177503e-01 -4.994221580002160543e-01 1.746191765227853798e+00 1.892506591482287615e+00
1.583560845996201038e+09 3.444279047492239676e-01 9.362174427419067690e-01 6.975900583717471737e-02 1.267293410626167127e-01 -1.199908723877260303e-01 9.846531698785279119e-01 9.302199164572535484e-01 -3.303015152161340451e-01 -1.599744243442283997e-01 -4.972914739124698058e-01 1.754242747344581188e+00 1.902397284679447464e+00
1.583560845996211052e+09 3.624776213396240787e-01 9.302100251325854385e-01 5.761322530747517434e-02 1.346684564336092516e-01 -1.134446357661731547e-01 9.843752951755926350e-01 9.222116792271686236e-01 -3.490553312275242459e-01 -1.663910899379238972e-01 -4.949342476617205056e-01 1.762203972154489096e+00 1.912309213027383992e+00
1.583560845996220112e+09 3.804658888833185038e-01 9.236524306834182907e-01 4.595536147574728891e-02 1.430622614546902815e-01 -1.078782056694980729e-01 9.838167930988802601e-01 9.136623540347276196e-01 -3.677342525911474480e-01 -1.731837829100381643e-01 -4.923533014484910431e-01 1.770066500365691242e+00 1.922244166797680620e+00
1.583560845996228933e+09 3.983424590565128875e-01 9.165763574279242043e-01 3.480038615440131378e-02 1.519164750879100356e-01 -1.033440568213485206e-01 9.829757834305664632e-01 9.045687759090171864e-01 -3.862742386096806868e-01 -1.804093750586556189e-01 -4.895519423192366548e-01 1.777821511681950239e+00 1.932203892002664514e+00
1.583560845996238947e+09 4.160518566249211125e-01 9.090200421227927485e-01 2.415400955450058146e-02 1.612301691449923580e-01 -9.988306790154739823e-02 9.818493803014888277e-01 8.949333414279992960e-01 -4.046059023918398556e-01 -1.881179909585525556e-01 -4.865339710575575238e-01 1.785460344324400150e+00 1.942190083717684201e+00
1.583560845996248007e+09 4.335354880242873188e-01 9.010275284304961607e-01 1.401335768120401913e-02 1.709960418353380085e-01 -9.752422839717300729e-02 9.804332607814510991e-01 8.847639994633100802e-01 -4.226563833254427527e-01 -1.963523548624394599e-01 -4.833036754098936627e-01 1.792974529379495641e+00 1.952204381128430644e+00
1.583560845996262074e+09 4.507336220741062771e-01 8.926478159650963473e-01 4.367967974589329755e-03 1.812010431739326244e-01 -9.628481065997213095e-02 9.787213175788179731e-01 8.740740153635084830e-01 -4.403511239498598684e-01 -2.051475168616218592e-01 -4.798658113873372488e-01 1.800355818840945865e+00 1.962248364227414887e+00
1.583560845996289968e+09 4.675871010653756543e-01 8.839339756752356836e-01 -4.798971116475834152e-03 1.918272654947367484e-01 -9.617095433741890131e-02 9.767054049451182607e-01 8.628815698471639095e-01 -4.576154222260520044e-01 -2.145309351376802065e-01 -4.762255766062741813e-01 1.807596207167496249e+00 1.972323551931026708e+00
1.583560845996303082e+09 4.840387024536947913e-01 8.749423029607780178e-01 -1.350931442229609536e-02 2.028529461854385874e-01 -9.717844900634728389e-02 9.743752006116400688e-01 8.512092675747972015e-01 -4.743757118616258595e-01 -2.245227542202222759e-01 -4.723885786095131101e-01 1.814687946369485605e+00 1.982431401410853056e+00
1.583560845996315002e+09 5.000341412059164936e-01 8.657315471969040388e-01 -2.178867540818068410e-02 2.142534919106961755e-01 -9.929360800180328517e-02 9.717181797766382134e-01 8.390836068529120562e-01 -4.905605651288224567e-01 -2.351362010054585394e-01 -4.683608003865501468e-01 1.821623554758025065e+00 1.992573308455876324e+00
1.583560845996328115e+09 5.155227247622791165e-01 8.563622466620683937e-01 -2.966518675310713879e-02 2.260024842687163027e-01 -1.024942034995235951e-01 9.687196785694675016e-01 8.265344504719314145e-01 -5.061014139460676686e-01 -2.463780861946428535e-01 -4.641485656240168511e-01 1.828395820309165476e+00 2.002750608552267053e+00
1.583560845996340036e+09 5.304576973241182936e-01 8.468961829700855093e-01 -3.716836261957533888e-02 2.380726129870920360e-01 -1.067503770087961934e-01 9.653630344323029799e-01 8.135945321570658972e-01 -5.209330213497160855e-01 -2.582493463373388143e-01 -4.597585052463895039e-01 1.834997799441057786e+00 2.012964578449620845e+00
