1.583560845751596928e+09 -3.267143500003067969e-01 7.206734247181634245e-01 6.114634485555217047e-01 4.508250481005916799e-02 -6.343472028669868701e-01 7.717325924472666632e-01 9.440472983853820388e-01 2.797024161561078026e-01 1.747605709347224145e-01 -3.749260606545862240e-01 1.479525199420511195e+00 1.516870279396772547e+00
1.583560845751648903e+09 -3.131929973043675597e-01 7.360132795739441347e-01 6.001621441255652334e-01 4.140089552598012757e-02 -6.207739645061467471e-01 7.828956834162432710e-01 9.487866528435052738e-01 2.700446958767376837e-01 1.639504497121692661e-01 -3.841907171025056300e-01 1.480873245012321648e+00 1.524678281426856019e+00
1.583560845751674891e+09 -2.992658728097854492e-01 7.508743453738645490e-01 5.887509281043904474e-01 3.823031029577050183e-02 -6.070982217964374650e-01 7.937066162877133291e-01 9.534035772280411436e-01 2.600374339330792650e-01 1.529776200246306117e-01 -3.930878583605815213e-01 1.482780126098026452e+00 1.532791274939530490e+00
1.583560845751696110e+09 -2.849677103780248744e-01 7.652565323000665165e-01 5.772138635993675493e-01 3.551756784036747688e-02 -5.933385211116333213e-01 8.041690755163889426e-01 9.578788580726873558e-01 2.496634527539583204e-01 1.419022690534907927e-01 -4.016010676985506955e-01 1.485227221351677507e+00 1.541167012129756042e+00
1.583560845751717091e+09 -2.703469046627504091e-01 7.791653138522998123e-01 5.655209680935983085e-01 3.320839940721698191e-02 -5.794974777544200650e-01 8.142971667457788998e-01 9.621900818839834724e-01 2.389227646757586254e-01 1.307905164383548202e-01 -4.097183897194640601e-01 1.488191375440452102e+00 1.549765782724193075e+00
1.583560845751737118e+09 -2.554629553761301741e-01 7.926106747616822323e-01 5.536307408551136566e-01 3.125246784501930358e-02 -5.655621619806505684e-01 8.241132959040954331e-01 9.663135940338645202e-01 2.278327450506084095e-01 1.197091417354749915e-01 -4.174322124302320969e-01 1.491645860012588587e+00 1.558550966703937002e+00
1.583560845751754045e+09 -2.403850795261551487e-01 8.056061937877416756e-01 5.414920817708217538e-01 2.960648027863722193e-02 -5.515049316755246123e-01 8.336460681689834562e-01 9.702259892420259657e-01 2.164277510189560327e-01 1.087223929836504122e-01 -4.247390187425634234e-01 1.495561326782395728e+00 1.567489405241764500e+00
1.583560845751770973e+09 -2.251920146700150394e-01 8.181683034490894180e-01 5.290455408776545410e-01 2.823602321745907404e-02 -5.372843058214586964e-01 8.429284086068593584e-01 9.739051719030114018e-01 2.047588887154459525e-01 9.789031607717671446e-02 -4.316390322312759764e-01 1.499906715612460584e+00 1.576551600985567791e+00
1.583560845751787901e+09 -2.099729111206995180e-01 8.303156611188461378e-01 5.162240599507718075e-01 2.711666533139554455e-02 -5.228457511719510897e-01 8.519958962830448401e-01 9.773310920043996042e-01 1.928943336571821432e-01 8.726805254629735331e-02 -4.381357866848165639e-01 1.504650085110342150e+00 1.585711765241855753e+00
1.583560845751804113e+09 -1.948292689481171402e-01 8.420685264803485781e-01 5.029534305078414702e-01 2.623471148878392736e-02 -5.081224051476784798e-01 8.608852197902064907e-01 9.804862549880443146e-01 1.809204761438325537e-01 7.690569188797891087e-02 -4.442356488581974960e-01 1.509759342694448669e+00 1.594947735691396362e+00
1.583560845751821041e+09 -1.800729853119234503e-01 8.533027382010984763e-01 4.893344025578098000e-01 2.559459557528545592e-02 -4.932333475211332918e-01 8.695204321484503174e-01 9.833202108084093673e-01 1.691014561274483408e-01 6.697806286122284791e-02 -4.499473215592632025e-01 1.515202860621794434e+00 1.604240791660938692e+00
1.583560845751837015e+09 -1.648846916473567792e-01 8.639909376396662788e-01 4.757443627875538872e-01 2.524236862481027410e-02 -4.784918224554382538e-01 8.777291148313788316e-01 9.859897877932934929e-01 1.567330090159188005e-01 5.708679887252424145e-02 -4.552921808685147509e-01 1.520939903733443455e+00 1.613575393796105706e+00
1.583560845751852989e+09 -1.492894972614356996e-01 8.741267477535429320e-01 4.621851095140249721e-01 2.517104137190011998e-02 -4.639121521124832670e-01 8.855235367576694827e-01 9.884730977775298966e-01 1.438330441234447754e-01 4.725453144024401725e-02 -4.602794664528846447e-01 1.526941406126404610e+00 1.622941552733989212e+00
1.583560845751868963e+09 -1.333138646071203026e-01 8.837050093277885043e-01 4.486567402588946263e-01 2.537521727301200736e-02 -4.495056209901315825e-01 8.929170148450621403e-01 9.907489652774562616e-01 1.304229802866034849e-01 3.750112489205875699e-02 -4.649192811389131763e-01 1.533180158577358565e+00 1.632331231602699884e+00
1.583560845751883984e+09 -1.169854862869084550e-01 8.927218517285694377e-01 4.351575485175216973e-01 2.585095213262529959e-02 -4.352804807150356670e-01 8.999236810616316751e-01 9.927971215807129823e-01 1.165272464105918393e-01 2.784378886531092834e-02 -4.692222177216575085e-01 1.539630889107186151e+00 1.641738079859099253e+00
1.583560845751899958e+09 -1.003331506288241692e-01 9.011747409778803064e-01 4.216839405236980642e-01 2.659557176453151289e-02 -4.212419870563879898e-01 9.065582519929409333e-01 9.945983786407783800e-01 1.021727711614149464e-01 1.829727825913221584e-02 -4.731990383792243349e-01 1.546270272930202472e+00 1.651157180752004461e+00
1.583560845751915932e+09 -8.338661025163798812e-02 9.090625063223347624e-01 4.082303680729129636e-01 2.760745404604113273e-02 -4.073924556044267731e-01 9.128358099630424771e-01 9.961347810713164774e-01 8.738848504889365487e-02 8.874174565545026039e-03 -4.768604064774076834e-01 1.553076886826193492e+00 1.660584819514867139e+00
1.583560845751931906e+09 -6.617645334896803122e-02 9.163853434999685854e-01 3.947892853508642164e-01 2.888578301854079905e-02 -3.937313340463358124e-01 9.187715975598568230e-01 9.973897377207082693e-01 7.220484341679440921e-02 -4.147649131381100224e-04 -4.802166692097811218e-01 1.560031121096746132e+00 1.670018276352320363e+00
1.583560845751950026e+09 -4.873397913601872772e-02 9.231447945824997614e-01 3.813511349138139495e-01 3.043028248573623890e-02 -3.802552872941832862e-01 9.243808277684307795e-01 9.983481344378085653e-01 5.665337875862822697e-02 -9.560203613886505622e-03 -4.832776900931896047e-01 1.567115059864266691e+00 1.679455645922911300e+00
1.583560845751966000e+09 -3.109098543353347455e-02 9.293436669175364484e-01 3.679044712588969146e-01 3.224094111742006191e-02 -3.669583979140780272e-01 9.296784692942980932e-01 9.989964327723366289e-01 4.076620616912229184e-02 -1.855381621347021448e-02 -4.860527290041160575e-01 1.574312339550236972e+00 1.688895683310937867e+00
1.583560845751981974e+09 -1.327940092016611714e-02 9.349858574515841347e-01 3.544363193353313735e-01 3.431774846127033651e-02 -3.538325805280061465e-01 9.346789809611821820e-01 9.993227456654324437e-01 2.457543340510557478e-02 -2.738792474819761250e-02 -4.885503642928077372e-01 1.581607995049161941e+00 1.698337675183857476e+00
1.583560845751997948e+09 4.669110288125916108e-03 9.400761313550870524e-01 3.409326432784339223e-01 3.666045662090977597e-02 -3.408680881800343343e-01 9.393960601013970901e-01 9.993168720098215552e-01 8.112602608604389115e-03 -3.605517090212335962e-02 -4.907784493281101557e-01 1.588988301890181587e+00 1.707781333888536590e+00
1.583560845752013922e+09 2.272370356540222638e-02 9.446198019495980480e-01 3.273790824842409131e-01 3.926840455239839767e-02 -3.280542774353529256e-01 9.438423511442313174e-01 9.989702828692367254e-01 -8.591939503849456775e-03 -4.454832065386801765e-02 -4.927440973227151799e-01 1.596440620160692880e+00 1.717226711704109787e+00
1.583560845752029896e+09 4.085511282195031235e-02 9.486222923265342777e-01 3.137620226297419546e-01 4.214045483708690754e-02 -3.153807209781784304e-01 9.480291046453164228e-01 9.982760350623811618e-01 -2.550976163632443644e-02 -5.286028977171946391e-02 -4.944536905472171617e-01 1.603953243972618958e+00 1.726674132314511168e+00
1.583560845752048969e+09 5.903653143154534433e-02 9.520886189489504714e-01 3.000699088740189646e-01 4.527508778394045974e-02 -3.028386007981097583e-01 9.519658337598004838e-01 9.972285870060315638e-01 -4.261506934747515130e-02 -6.098443634096062382e-02 -4.959129092001404726e-01 1.611515259635347697e+00 1.736124136640553539e+00
1.583560845752064943e+09 7.724443386464402428e-02 9.550228901531006009e-01 2.862945638809779592e-01 4.867066709099409499e-02 -2.904221652470975190e-01 9.556600506724646227e-01 9.958235104491454104e-01 -5.988527211394083921e-02 -6.891509685069718838e-02 -4.971267728936365482e-01 1.619116415145966714e+00 1.745577440378379919e+00
1.583560845752082109e+09 9.545919263690227918e-02 9.574279010568550463e-01 2.724322987573718491e-01 5.232586130399147217e-02 -2.781300505689365821e-01 9.591171354753853517e-01 9.940571146284808979e-01 -7.730129265322972787e-02 -7.664830959649435171e-02 -4.980996889589528465e-01 1.626747002068977377e+00 1.755034900886508487e+00
1.583560845752099991e+09 1.136654826702964832e-01 9.593048394296609382e-01 2.584847842396360562e-01 5.624020841480015243e-02 -2.659664473215562208e-01 9.623403182917165122e-01 9.919260039804836948e-01 -9.484763856478045652e-02 -8.418270867200210172e-02 -4.988355034931385434e-01 1.634397749684519008e+00 1.764497491420665920e+00
1.583560845752115011e+09 1.318525218535521737e-01 9.606530822021440708e-01 2.444597486778330997e-01 6.041482455938426005e-02 -2.539421963957619321e-01 9.653307258221648368e-01 9.894265823307185626e-01 -1.125122977196373331e-01 -9.152060638218306732e-02 -4.993375554458000520e-01 1.642059730441572718e+00 1.773966281017963054e+00
1.583560845752130985e+09 1.500140706262857171e-01 9.614701165516567061e-01 2.303714265691942098e-01 6.485321244036079680e-02 -2.420757416610884727e-01 9.680874942321029408e-01 9.865545295730826503e-01 -1.302864185848469081e-01 -9.866919308745158990e-02 -4.996087331950583854e-01 1.649724276086359076e+00 1.783442418649390682e+00
1.583560845752146959e+09 1.681480969837853001e-01 9.617516272935847654e-01 2.162406656161676710e-01 6.956208780927129742e-02 -2.303938317280790904e-01 9.706079530863434002e-01 9.833042935906792792e-01 -1.481637279741337410e-01 -1.056417354661648017e-01 -4.996515325448394051e-01 1.657382903909376148e+00 1.792927120532241902e+00
1.583560845752165079e+09 1.862559938221542422e-01 9.614918059673305262e-01 2.020945630398124637e-01 7.455208590088750753e-02 -2.189317949607443303e-01 9.728878948760159018e-01 9.796686642071488205e-01 -1.661396304233862253e-01 -1.124585787155530092e-01 -4.994681164483058544e-01 1.665027252588747064e+00 1.802421659674614540e+00
1.583560845752180099e+09 2.043415207632972574e-01 9.606838011028134838e-01 1.879658952524169702e-01 7.983834529696032245e-02 -2.077336405660332452e-01 9.749218294564020448e-01 9.756384483462663404e-01 -1.842101231114883220e-01 -1.191480130136509802e-01 -4.990603772192322429e-01 1.672649027394707000e+00 1.811927356874216466e+00
1.583560845752194881e+09 2.224094407283621344e-01 9.593203350043579825e-01 1.738923118176115279e-01 8.544086712362834735e-02 -1.968519065279889513e-01 9.767032228239296288e-01 9.712022957562094216e-01 -2.023705075369644224e-01 -1.257468836610309004e-01 -4.984300024654522154e-01 1.680239954923727907e+00 1.821445572496959819e+00
1.583560845752218962e+09 2.404638496084482435e-01 9.573945102072803914e-01 1.599152570697901232e-01 9.138452856923096057e-02 -1.863471451328597983e-01 9.782247235641740035e-01 9.663467314348278547e-01 -2.206139023256761533e-01 -1.323007978026690679e-01 -4.975785459573121572e-01 1.687791747980189605e+00 1.830977698449183677e+00
1.583560845752237082e+09 2.585062401354803474e-01 9.549008197972194134e-01 1.460785704642043881e-01 9.769861488113028292e-02 -1.762868988365037248e-01 9.794783868478718070e-01 9.610564524779796614e-01 -2.389296009681613764e-01 -1.388637507955081951e-01 -4.965075036772726991e-01 1.695296081480385686e+00 1.840525149882627387e+00
1.583560845752254009e+09 2.765334677700881927e-01 9.518363176930092484e-01 1.324268330472048172e-01 1.044158154046101739e-01 -1.667441464711418297e-01 9.804558773673566208e-01 9.553149109523381144e-01 -2.573014078929129478e-01 -1.454971022454138452e-01 -4.952183939854447048e-01 1.702744580178552791e+00 1.850089356335198554e+00
1.583560845752269030e+09 2.945358061606423439e-01 9.482018938061868019e-01 1.190034791882624843e-01 1.115706452889588807e-01 -1.577951432154771072e-01 9.811486555260648945e-01 9.491051840516983029e-01 -2.757061151318861980e-01 -1.522678168177252767e-01 -4.937128400264502726e-01 1.710128818738220646e+00 1.859671752167755709e+00
1.583560845752285004e+09 3.124954089026662496e-01 9.440035105712777375e-01 1.058489113364365353e-01 1.191974668912784419e-01 -1.495168790753868271e-01 9.815480971972037061e-01 9.424110481628944491e-01 -2.941123517592748038e-01 -1.592461654059670884e-01 -4.919926511419226434e-01 1.717440333974486588e+00 1.869273766376893020e+00
1.583560845752300978e+09 3.303853856861713734e-01 9.392532857883763020e-01 9.299872390516193688e-02 1.273282768418672051e-01 -1.419842625140378123e-01 9.816455467570859295e-01 9.352181602400989613e-01 -3.124799751764089639e-01 -1.665030276728833025e-01 -4.900598995243946598e-01 1.724670648282773167e+00 1.878896812043890030e+00
1.583560845752316952e+09 3.481696662313703561e-01 9.339702846202966313e-01 8.048224369305564951e-02 1.359905538069295650e-01 -1.352673204524461326e-01 9.814322807234803214e-01 9.275152037548536343e-01 -3.307601245788794886e-01 -1.741071140003122297e-01 -4.879169881428338518e-01 1.731811302368769789e+00 1.888542275835505269e+00
1.583560845752331972e+09 3.658036720700735267e-01 9.281809329560098965e-01 6.832151772473568641e-02 1.452054324327787804e-01 -1.294286608826531182e-01 9.808993855066509004e-01 9.192948690709875637e-01 -3.488959414809735815e-01 -1.821223931075534319e-01 -4.855667056666910786e-01 1.738853894273151734e+00 1.898211508135472902e+00
1.583560845752347946e+09 3.832356794827631585e-01 9.219190232856486755e-01 5.653077978120336911e-02 1.549863723404056870e-01 -1.245213446422667736e-01 9.800375806419034941e-01 9.105545775908824302e-01 -3.668238675041218255e-01 -1.906059070726024429e-01 -4.830122660459036377e-01 1.745790121485162771e+00 1.907905814299751146e+00
1.583560845752362967e+09 4.004086793770358921e-01 9.152253270717849443e-01 4.511641334517442481e-02 1.653384372586846618e-01 -1.205873105619504476e-01 9.788370150589341678e-01 9.012968939585315198e-01 -3.844753590950410471e-01 -1.996061310250869802e-01 -4.802573311935530165e-01 1.752611822570942612e+00 1.917626447508280929e+00
1.583560845752377987e+09 4.172624743018533700e-01 9.081468781038243288e-01 3.407749869082345173e-02 1.762583155980259886e-01 -1.176566047335822901e-01 9.772870253402041740e-01 8.915296036252607914e-01 -4.017787596198771904e-01 -2.091621249926947645e-01 -4.773060169155487475e-01 1.759311015064939587e+00 1.927374603522600482e+00
1.583560845752394915e+09 4.337357294860275658e-01 9.007360561506247976e-01 2.340672349331122948e-02 1.877348867794955134e-01 -1.157472069885454591e-01 9.753759258426637491e-01 8.812655273380793908e-01 -4.186611299713102752e-01 -2.193032807097150538e-01 -4.741628844505575979e-01 1.765879927543836159e+00 1.937151417363021988e+00
1.583560845752409935e+09 4.497677957637124524e-01 8.930495748766154041e-01 1.309149700371392035e-02 1.997501529463160397e-01 -1.148652943287896966e-01 9.730908698111788713e-01 8.705221460228229624e-01 -4.350499068972338845e-01 -2.300494993384875064e-01 -4.708329212008842690e-01 1.772311025034685850e+00 1.946957961684879557e+00
1.583560845752441883e+09 4.653001837116944039e-01 8.851474652085238315e-01 3.115198234260187216e-03 2.122804267711126402e-01 -1.150058825210305835e-01 9.704177800043783941e-01 8.593211040554367131e-01 -4.508742755314456563e-01 -2.414117398601420827e-01 -4.673215143844789976e-01 1.778597027823809240e+00 1.956795246514634989e+00
1.583560845752463102e+09 4.802776546770899935e-01 8.770921175188595154e-01 -6.541589364021614499e-03 2.252975888109938207e-01 -1.161536463162361477e-01 9.673413706011895208e-01 8.476876614201036553e-01 -4.660662488800267345e-01 -2.533927399993504137e-01 -4.636344203677870701e-01 1.784730923853538265e+00 1.966664220064339164e+00
1.583560845752481937e+09 4.946489441993541236e-01 8.689474178802344406e-01 -1.589992292396194898e-02 2.387703137971015077e-01 -1.182838182272363398e-01 9.638452551877882968e-01 8.356501419160436983e-01 -4.805614672570737156e-01 -2.659878133614134721e-01 -4.597777317530072905e-01 1.790705974965502545e+00 1.976565770390096954e+00
1.583560845752501011e+09 5.083671397685447513e-01 8.607780083244944702e-01 -2.498143662233954718e-02 2.526652289595370804e-01 -1.213631332461959367e-01 9.599121169756550387e-01 8.232394145771411154e-01 -4.942997175573170532e-01 -2.791857013939001986e-01 -4.557578445370414344e-01 1.796515718040990972e+00 1.986500727555702284e+00
1.583560845752516031e+09 5.213897662004168820e-01 8.526486800329315940e-01 -3.380740639008611437e-02 2.669479489482932677e-01 -1.253507398423324426e-01 9.555239321578880007e-01 8.104884358772903585e-01 -5.072252171956922462e-01 -2.929694091596042327e-01 -4.515814267573835528e-01 1.802153961885556432e+00 1.996469866063759424e+00
