1.583560845321515083e+09 -4.143653990644559637e-01 5.818794715897593894e-01 6.997982545736681770e-01 1.043663689365673941e-01 -7.334631113634808575e-01 6.716692084423327991e-01 9.041067289991974176e-01 3.513518823671494262e-01 2.431930872357906115e-01 -2.959374377110177146e-01 1.488775120440561706e+00 1.473315998162931573e+00
1.583560845321588993e+09 -4.057901152940661116e-01 6.004960068313490718e-01 6.890130104820297863e-01 9.301092385180627364e-02 -7.228253028288338378e-01 6.847426888259381395e-01 9.092212880819293686e-01 3.419475512533262651e-01 2.374626746132356969e-01 -3.061058251383646511e-01 1.485868830168779020e+00 1.476780744784730759e+00
1.583560845321624041e+09 -3.964952141322320434e-01 6.188683361066045219e-01 6.780807682279965665e-01 8.298310891318258498e-02 -7.114362718950701936e-01 6.978339594303322180e-01 9.142785949219036645e-01 3.329570753752351120e-01 2.307254584340474313e-01 -3.161825660758931789e-01 1.483421680962398570e+00 1.480820280412765255e+00
1.583560845321650028e+09 -3.864796023686801751e-01 6.369099967023238440e-01 6.670675929483637079e-01 7.420816585238397545e-02 -6.994479139733777995e-01 7.108204864999393413e-01 9.193077098560704652e-01 3.242194815139981534e-01 2.230584290070990183e-01 -3.261298955509946418e-01 1.481464290801906669e+00 1.485410090374176928e+00
1.583560845321671963e+09 -3.757835659673061102e-01 6.545596767934175331e-01 6.560017847360515297e-01 6.654677027600051920e-02 -6.869966608498490057e-01 7.236070173915936099e-01 9.243150108281513733e-01 3.155744253910708896e-01 2.146032225831401019e-01 -3.359098690678819499e-01 1.480020731803271650e+00 1.490520408463597679e+00
1.583560845321693897e+09 -3.644823735537136011e-01 6.717843285867464154e-01 6.448708519931524163e-01 5.981613961143995156e-02 -6.741881534305265156e-01 7.361333870232766863e-01 9.292871618284097579e-01 3.068813290394510895e-01 2.055461532006375713e-01 -3.454853926720894419e-01 1.479108097284481671e+00 1.496117152298730435e+00
1.583560845321726084e+09 -3.526805267100688868e-01 6.885766295733889431e-01 6.336234463835068720e-01 5.380944563322642704e-02 -6.610892241267598557e-01 7.483752946097340653e-01 9.341953703428704792e-01 2.980323194447113688e-01 1.961013690568432777e-01 -3.548211868189961593e-01 1.478736341770983342e+00 1.502162964161118941e+00
1.583560845321746111e+09 -3.405079765659030921e-01 7.049492995802303374e-01 6.221742548876316725e-01 4.831189820483953318e-02 -6.477255357158205884e-01 7.603404442457264434e-01 9.389996159310576296e-01 2.889604054181724724e-01 1.864982727369686455e-01 -3.638846373129859813e-01 1.478908385310474527e+00 1.508618300066331575e+00
1.583560845321764946e+09 -3.281187649698896203e-01 7.209280939947463329e-01 6.104103209317337519e-01 4.311292036415829976e-02 -6.340832638903498575e-01 7.720619734444377213e-01 9.436521353266674739e-01 2.796445927460861625e-01 1.769733019302200117e-01 -3.726464975933141410e-01 1.479620457547328627e+00 1.515442510855623315e+00
1.583560845321784973e+09 -3.156921484692761792e-01 7.365445083105954804e-01 5.981978395290549200e-01 3.801459100521789591e-02 -6.201135568592075487e-01 7.835904974938462386e-01 9.480998674204889065e-01 2.701136138719972268e-01 1.677655428157224793e-01 -3.810814193328911359e-01 1.480862644544204354e+00 1.522594864448880703e+00
1.583560845321804047e+09 -3.035747847146419987e-01 7.516589756761390406e-01 5.855349134900749153e-01 3.289391303354210344e-02 -6.059021918525621109e-01 7.948588080194669558e-01 9.522396446839327400e-01 2.605596260368902573e-01 1.592116224706182082e-01 -3.891683020210693900e-01 1.482619592031938272e+00 1.530035466513880893e+00
1.583560845321820974e+09 -2.908941828033195787e-01 7.662880351960809078e-01 5.728727800056415687e-01 2.837079425917846814e-02 -5.915942723050543472e-01 8.057365048832537680e-01 9.563344983744828109e-01 2.506369179157386662e-01 1.503511322023177443e-01 -3.969085344327866749e-01 1.484845021782029706e+00 1.537715529001667969e+00
1.583560845321831942e+09 -2.776687879327074393e-01 7.804170697221499697e-01 5.602224933355919312e-01 2.442377874412981001e-02 -5.772307225475968862e-01 8.162157633074493823e-01 9.603663486278218864e-01 2.403203919119200616e-01 1.412182212483902577e-01 -4.042901362252172559e-01 1.487513673293711536e+00 1.545604594172087509e+00
1.583560845321845055e+09 -2.639174222178366502e-01 7.940328389664722541e-01 5.475942342990928191e-01 2.103285321482979350e-02 -5.628500797670263900e-01 8.262913572611181312e-01 9.643159304255886077e-01 2.295901541620135877e-01 1.318451659989374192e-01 -4.113051986249817160e-01 1.490598146432737359e+00 1.553674415741220782e+00
1.583560845321855068e+09 -2.496594436608971790e-01 8.071233460971108942e-01 5.349972587974709537e-01 1.817928204986753171e-02 -5.484885415729682245e-01 8.359604259531877579e-01 9.681630421743960824e-01 2.184312809345579087e-01 1.222624211886051138e-01 -4.179496168202462836e-01 1.494069667195575990e+00 1.561899216384089017e+00
1.583560845321870089e+09 -2.349150215540687370e-01 8.196778016803640821e-01 5.224396947261671365e-01 1.584540089294560888e-02 -5.341798637316137466e-01 8.452223356885109062e-01 9.718867507361609315e-01 2.068336896201048158e-01 1.124987508358858967e-01 -4.242227268023476827e-01 1.497898794339668882e+00 1.570255828834230982e+00
1.583560845321882010e+09 -2.197053979011138469e-01 8.316866477821329706e-01 5.099282876825967925e-01 1.401445489736637823e-02 -5.199551725476028174e-01 8.540785759445366221e-01 9.754655983299885813e-01 1.947920403674942014e-01 1.025813230670137577e-01 -4.301268751103606292e-01 1.502056045467409451e+00 1.578723732411426717e+00
1.583560845321896076e+09 -2.040530909944330840e-01 8.431416181123685405e-01 4.974681380825793364e-01 1.267048848820987242e-02 -5.058427360013357799e-01 8.625326576128456990e-01 9.788778244071179024e-01 1.823056192022348421e-01 9.253575767923798157e-02 -4.356669495902921185e-01 1.506512428643460799e+00 1.587285000945914293e+00
1.583560845321907043e+09 -1.879820751847881832e-01 8.540358344012376479e-01 4.850624016687707374e-01 1.179824309534903415e-02 -4.918676839719168803e-01 8.705900201682138517e-01 9.821015941382241765e-01 1.693782027773219900e-01 8.238618557183280400e-02 -4.408498969753897878e-01 1.511239872935765449e+00 1.595924180423206717e+00
1.583560845321922064e+09 -1.715178486305687089e-01 8.643638970681110090e-01 4.727120493400213674e-01 1.138309954346960334e-02 -4.780517645679882022e-01 8.782578981886480785e-01 9.851152485809293591e-01 1.560178335766241320e-01 7.215526992108077520e-02 -4.456842511278247820e-01 1.516211556561047669e+00 1.604628114995179322e+00
1.583560845321939945e+09 -1.546873620323909182e-01 8.741219407799648566e-01 4.604157395435141131e-01 1.141106282692481641e-02 -4.644131987149396346e-01 8.855451252178194732e-01 9.878975695964120618e-01 1.422364723383888752e-01 6.186419222964341380e-02 -4.501796905916568003e-01 1.521402137590509351e+00 1.613385739546261632e+00
1.583560845321958065e+09 -1.375188649533727048e-01 8.833076579629641767e-01 4.481697710809960933e-01 1.186874630643249863e-02 -4.509666195439340219e-01 8.924618990246899752e-01 9.904280362480745170e-01 1.280495607145013537e-01 5.153266316230177557e-02 -4.543466378814118856e-01 1.526787897079834089e+00 1.622187855211346674e+00
1.583560845321974993e+09 -1.200417113888558596e-01 8.919202950020306275e-01 4.359680899276900945e-01 1.274333118220778369e-02 -4.377230771801751130e-01 8.990195301031145281e-01 9.926870581315272446e-01 1.134755287557403652e-01 4.117899160703667599e-02 -4.581959074737114168e-01 1.532346807123619259e+00 1.631026901421475106e+00
1.583560845321993113e+09 -1.022861524734899469e-01 8.999606256875288812e-01 4.238023310095815344e-01 1.402249039042892734e-02 -4.246900892022314467e-01 9.052301907190108965e-01 9.946561783458776063e-01 9.853527746491104466e-02 3.082022600955612590e-02 -4.617384058898640897e-01 1.538058536813515564e+00 1.639896734796173261e+00
1.583560845322009087e+09 -8.428313084860870885e-02 9.074309043249407791e-01 4.116618858666052372e-01 1.569427582953101738e-02 -4.118717225217107258e-01 9.111066755247221316e-01 9.963182442916989068e-01 8.325165837909015432e-02 2.047236739195681249e-02 -4.649848830764099494e-01 1.543904409351623652e+00 1.648792422252415735e+00
1.583560845322024107e+09 -6.606407838258807064e-02 9.143347969596160585e-01 3.995340000064451780e-01 1.774697560838185001e-02 -3.992687034436857574e-01 9.166621774676205758e-01 9.976575478359573923e-01 6.764896214305823885e-02 1.015064160064062943e-02 -4.679457330823806327e-01 1.549867321966258649e+00 1.657710052855105198e+00
1.583560845322041035e+09 -4.766072024340267665e-02 9.206772907703577591e-01 3.874039010522577486e-01 2.016894717747497526e-02 -3.868785508087884684e-01 9.219100828097986922e-01 9.986599369492625833e-01 5.175242741487025289e-02 -1.301812450003689975e-04 -4.706308426148775870e-01 1.555931638260509065e+00 1.666646570625208712e+00
1.583560845322057962e+09 -2.910481223799938483e-02 9.264645412670247104e-01 3.752550655545446867e-01 2.294848105601580285e-02 -3.746958338099743990e-01 9.268637438346565283e-01 9.993129026865674724e-01 3.558772905360612498e-02 -1.035550206155557915e-02 -4.730494848384161899e-01 1.562083061810997986e+00 1.675599628944607122e+00
1.583560845322076082e+09 -1.042776480464439881e-02 9.317036247319484543e-01 3.630697149686284431e-01 2.607374729672351163e-02 -3.627126512588801366e-01 9.315362003761242793e-01 9.996056331270967155e-01 1.918042846398595319e-02 -2.051072262273809926e-02 -4.752102528948484172e-01 1.568308499444261539e+00 1.684567466078172204e+00
1.583560845322093964e+09 8.339733074733218093e-03 9.364022539138553425e-01 3.508294005099450441e-01 2.953277925895184813e-02 -3.509192057337833237e-01 9.359399159609226304e-01 9.995290211695918581e-01 2.555478234220290648e-03 -3.058113354250908272e-02 -4.771210256693944052e-01 1.574595921438604940e+00 1.693548800458015924e+00
1.583560845322110891e+09 2.716818717191587726e-02 9.405684054360207158e-01 3.385158265815746970e-01 3.331359330240216132e-02 -3.393046337423256120e-01 9.400864695945765348e-01 9.990756199949865080e-01 -1.426326652179687494e-02 -4.055200510152750376e-02 -4.787889598106290223e-01 1.580934223723626131e+00 1.702542743698754357e+00
1.583560845322127104e+09 4.602988712903409441e-02 9.442098483488643446e-01 3.261119628544416060e-01 3.740451524524535110e-02 -3.278581712662703707e-01 9.439861874337630576e-01 9.982395264134206192e-01 -3.125351769966487614e-02 -5.040898625542326872e-02 -4.802205041716890999e-01 1.587313095470394675e+00 1.711548728994877644e+00
1.583560845322149038e+09 6.489952941258486652e-02 9.473336274411292557e-01 3.136033321668165730e-01 4.179471828903209840e-02 -3.165705759731288205e-01 9.476477574730540754e-01 9.970161748797444767e-01 -4.839493050918065170e-02 -6.013882346011800717e-02 -4.814214321089759774e-01 1.593722894853611738e+00 1.720566452606173247e+00
1.583560845322165966e+09 8.375472558429715442e-02 9.499456044712296654e-01 3.009792269126946307e-01 4.647489891369184500e-02 -3.054355798366145125e-01 9.510779098650959940e-01 9.954020444437312598e-01 -6.566929012258795884e-02 -6.973029908173730695e-02 -4.823968850085639248e-01 1.600154535124333588e+00 1.729595826352012589e+00
1.583560845322184086e+09 1.025762891687974215e-01 9.520501403663473861e-01 2.882336477124963214e-01 5.143800635572291780e-02 -2.944511682154880017e-01 9.542812171111875186e-01 9.933943007562068273e-01 -8.306046178596135365e-02 -7.917526931424259673e-02 -4.831514216349078183e-01 1.606599381784506120e+00 1.738636939180624008e+00
1.583560845322201014e+09 1.213483035263383802e-01 9.536499290143050089e-01 2.753659431868153429e-01 5.668001465220923185e-02 -2.836206626335323056e-01 9.572599939195556296e-01 9.909903962933684918e-01 -1.005541305111549016e-01 -8.846977817001158706e-02 -4.836890695349410074e-01 1.613049160643800883e+00 1.747690026089246507e+00
1.583560845322218895e+09 1.400580099443183291e-01 9.547459595568655866e-01 2.623812247573190648e-01 6.220077192564461149e-02 -2.729536867661854771e-01 9.600142442407442189e-01 9.881876432139359290e-01 -1.181373697535510331e-01 -9.761528581627199053e-02 -4.840133787716087155e-01 1.619495875997458700e+00 1.756755442783540788e+00
1.583560845322236061e+09 1.586954640589009202e-01 9.553376362674080857e-01 2.492904951316939344e-01 6.800485868563052594e-02 -2.624669432419069470e-01 9.625416579000221073e-01 9.849827862779086951e-01 -1.357980300848387889e-01 -1.066199142715733295e-01 -4.841274774784108392e-01 1.625931738401995563e+00 1.765833644795405277e+00
1.583560845322249889e+09 1.772529056224698973e-01 9.554230873733093876e-01 2.361104235465240897e-01 7.410234304566892805e-02 -2.521847007847007882e-01 9.648376649663916726e-01 9.813716169668788014e-01 -1.535239438642573284e-01 -1.154995603029340401e-01 -4.840341282596616890e-01 1.632349101547855508e+00 1.774925170044269862e+00
1.583560845322264910e+09 1.957237892260517698e-01 9.549996988398672393e-01 2.228626798987045632e-01 8.050925194079043556e-02 -2.421388345612026372e-01 9.668955711150005738e-01 9.773486885808746472e-01 -1.713019572134349411e-01 -1.242786415362029245e-01 -4.837357857149058860e-01 1.638740407824615719e+00 1.784030623958042350e+00
1.583560845322280884e+09 2.141016084540002251e-01 9.540647869922451729e-01 2.095730994753984555e-01 8.724785068897907003e-02 -2.323686690696387391e-01 9.687066710193982244e-01 9.729071457228519737e-01 -1.891168537828418483e-01 -1.329906078438839456e-01 -4.832346557712015600e-01 1.645098142452051215e+00 1.793150666411880589e+00
1.583560845322295904e+09 2.323785166963539262e-01 9.526164211447769592e-01 1.962706796447003521e-01 9.434661783530695622e-02 -2.229205587363423113e-01 9.702603467566019990e-01 9.680387084591585145e-01 -2.069501852686689014e-01 -1.416780861671307068e-01 -4.825327579186199367e-01 1.651414796437557175e+00 1.802285999848876274e+00
1.583560845322310925e+09 2.505437821620501992e-01 9.506543994657949970e-01 1.829864108100298647e-01 1.018397850500322721e-01 -2.138471195383513102e-01 9.715441667462365594e-01 9.627338530447272502e-01 -2.247790532108069894e-01 -1.503925057883526706e-01 -4.816319914035481209e-01 1.657682839022821319e+00 1.811437358054507785e+00
1.583560845322325945e+09 2.685821633646572892e-01 9.481813649210364403e-01 1.697519404416750755e-01 1.097662996779038697e-01 -2.052059984821381633e-01 9.725440133662306419e-01 9.569822262602525331e-01 -2.425749325884633267e-01 -1.591930308137452510e-01 -4.805342055437161197e-01 1.663894700455536224e+00 1.820605495210976255e+00
1.583560845322341919e+09 2.864723772854028683e-01 9.452039946498078660e-01 1.565981675990141819e-01 1.181681942471536212e-01 -1.970581896015167478e-01 9.732442386533121104e-01 9.507732933379201556e-01 -2.603026679113811248e-01 -1.681447772354982828e-01 -4.792412731432525996e-01 1.670042765771685200e+00 1.829791175036078688e+00
1.583560845322359085e+09 3.041858556810766445e-01 9.417341811029863452e-01 1.435538153123493421e-01 1.270883526458878587e-01 -1.894658589540927085e-01 9.736278751171146828e-01 9.440971963904264408e-01 -2.779198102720519259e-01 -1.773162800875205114e-01 -4.777551652682290872e-01 1.676119379968757261e+00 1.838995159958752623e+00
1.583560845322376013e+09 3.216860220915013224e-01 9.377900619990359177e-01 1.306441860614687700e-01 1.365679433243476848e-01 -1.824899053173892061e-01 9.736768620060424206e-01 9.369457297288296127e-01 -2.953764286083603863e-01 -1.867765117017502474e-01 -4.760780244471869982e-01 1.682116864227842346e+00 1.848218200477012685e+00
1.583560845322391987e+09 3.389282372615286532e-01 9.333967851529159088e-01 1.178901692163827342e-01 1.466437317449022226e-01 -1.761873716026529924e-01 9.733722958458410623e-01 9.293133305509271302e-01 -3.126155019413047742e-01 -1.965916630081806782e-01 -4.742122329283069981e-01 1.688027542066293574e+00 1.857461024973406705e+00
1.583560845322407961e+09 3.558604758115399558e-01 9.285868978165542353e-01 1.053076231974003352e-01 1.573456300037861799e-01 -1.706089710983597907e-01 9.726946756264251981e-01 9.211979564076633320e-01 -3.295738956288578603e-01 -2.068220800310165974e-01 -4.721604724904505113e-01 1.693843773463074021e+00 1.866724330356354544e+00
1.583560845322423935e+09 3.724246640862657332e-01 9.234003071687538755e-01 9.290717327395298097e-02 1.686947707112497474e-01 -1.657969393897817945e-01 9.716241297519251363e-01 9.126017446473247974e-01 -3.461838357017673617e-01 -2.175196724976011520e-01 -4.699257720937093374e-01 1.699557993953205060e+00 1.876008773985347267e+00
1.583560845322439909e+09 3.885585140572758167e-01 9.178838152366151082e-01 8.069438285996438642e-02 1.807022539684893792e-01 -1.617833288444108786e-01 9.701406342439505837e-01 9.035313923628921495e-01 -3.623747462532090902e-01 -2.287259640939105498e-01 -4.675115414216935994e-01 1.705162755617976478e+00 1.885314967198275404e+00
1.583560845322455883e+09 4.041976263389520097e-01 9.120902784414995912e-01 6.867025105049404110e-02 1.933686514806651491e-01 -1.585888521194548095e-01 9.682242203645334833e-01 8.939982348470811857e-01 -3.780752576395868259e-01 -2.404709047037834335e-01 -4.649215891057789651e-01 1.710650766607542561e+00 1.894643470698441190e+00
1.583560845322469950e+09 4.192775525009940774e-01 9.060775090705214252e-01 5.683205143410337279e-02 2.066843784077726232e-01 -1.562224499158726132e-01 9.658551206868457584e-01 8.840180439992115780e-01 -3.932150736914591382e-01 -2.527726331382048608e-01 -4.621601259458010258e-01 1.716014926229053605e+00 1.903994791885520454e+00
1.583560845322485924e+09 4.337356186126976598e-01 8.999070476227744031e-01 4.517432158201578618e-02 2.206306481887880255e-01 -1.546813874260006272e-01 9.630139073535173289e-01 8.736106287434022288e-01 -4.077265928270494277e-01 -2.656379024277147893e-01 -4.592317553913987105e-01 1.721248353838155776e+00 1.913369383958205328e+00
1.583560845322500944e+09 4.475123986598986137e-01 8.936429072116980343e-01 3.368987950055361835e-02 2.351807740188839313e-01 -1.539517299249800186e-01 9.596816496513366213e-01 8.627993144445584850e-01 -4.215462248854994765e-01 -2.790629384866019080e-01 -4.561414545843677226e-01 1.726344410973119858e+00 1.922767646445072920e+00
1.583560845322516918e+09 4.605527542967315924e-01 8.873503858952798140e-01 2.237082265062173558e-02 2.503016832018142290e-01 -1.540091273162328689e-01 9.558400788741583387e-01 8.516103735427644761e-01 -4.346153262636165415e-01 -2.930346228845941980e-01 -4.528945493461182803e-01 1.731296717017919429e+00 1.932189926762769794e+00
1.583560845322534084e+09 4.728064768181522437e-01 8.810949920113476663e-01 1.120941908408660224e-02 2.659554295296730486e-01 -1.548197378471582453e-01 9.514717854824442655e-01 8.400724643820502990e-01 -4.468808166510020996e-01 -3.075317717804053608e-01 -4.494966856056401561e-01 1.736099158733214853e+00 1.941636522485308491e+00
1.583560845322551966e+09 4.842285819964463611e-01 8.749415074029287531e-01 1.988619493308290548e-04 2.821005995116232512e-01 -1.563412034348166113e-01 9.465604471750665994e-01 8.282161146487119208e-01 -4.582955238645089469e-01 -3.225264029501149210e-01 -4.459537991359602271e-01 1.740745894018662865e+00 1.951107684073131177e+00
1.583560845322571039e+09 4.947792900339231803e-01 8.689532144835377947e-01 -1.066610224622873207e-02 2.986935828908912627e-01 -1.585236386565783417e-01 9.410910688235260002e-01 8.160732798740335525e-01 -4.688182670131800234e-01 -3.379849623110308676e-01 -4.422720856436470060e-01 1.745231351009557175e+00 1.960603617756347061e+00
1.583560845322590113e+09 5.044237637417888775e-01 8.631912832636817745e-01 -2.138867960019227507e-02 3.156896564254930704e-01 -1.613105664331796196e-01 9.350502351614520258e-01 8.036769922234356933e-01 -4.784137436482437944e-01 -3.538694426157154571e-01 -4.384579724481513785e-01 1.749550223370157198e+00 1.970124488369764171e+00
