1.583560845012065887e+09 -4.791923496941293825e-01 4.012824723675175176e-01 7.806068599560932464e-01 2.096538654057067408e-01 -8.112918457166992114e-01 5.457570870045067579e-01 8.523027332069311734e-01 4.251798663603998385e-01 3.046344244128190160e-01 -2.144554956699970538e-01 1.525573090898000084e+00 1.470920553583697998e+00
1.583560845012120962e+09 -4.734132833396215156e-01 4.224336007937309900e-01 7.729357777487372294e-01 1.977570880986326551e-01 -8.041246389897331870e-01 5.606029783175814352e-01 8.583542378180319954e-01 4.182504252376268994e-01 2.971440467789006057e-01 -2.231297182142884805e-01 1.520849032290126246e+00 1.469004001813974059e+00
1.583560845012150049e+09 -4.671428405342696877e-01 4.432870463697855534e-01 7.650321310288097365e-01 1.856121668882547426e-01 -7.967978961731512211e-01 5.750315090331044043e-01 8.644800115421571451e-01 4.106211240364120441e-01 2.899389633483551720e-01 -2.319294607631885441e-01 1.516181640076791348e+00 1.467585545524254798e+00
1.583560845012173891e+09 -4.604983032069097648e-01 4.638667326910061450e-01 7.568150153755262011e-01 1.734169863737532735e-01 -7.891530955439971518e-01 5.892061955350565983e-01 8.705560647632351046e-01 4.025730324254458981e-01 2.829612906337816702e-01 -2.408486795505933864e-01 1.511611897772208168e+00 1.466692780768475979e+00
1.583560845012193918e+09 -4.535404450219240324e-01 4.841932235662090855e-01 7.482365852045813615e-01 1.613337555606392248e-01 -7.810752659902385764e-01 6.032353176044212839e-01 8.765115426292208189e-01 3.943074326750590219e-01 2.761325125837261751e-01 -2.498766774004659852e-01 1.507183664384863286e+00 1.466349209137879805e+00
1.583560845012217045e+09 -4.462897233590736312e-01 5.042744832832449786e-01 7.392785190959397790e-01 1.494780471134675992e-01 -7.724991050542979742e-01 6.171721367306495232e-01 8.823161545460163069e-01 3.859434914139139305e-01 2.693804469427361625e-01 -2.589978874262116038e-01 1.502942759033252473e+00 1.466573457075483145e+00
1.583560845012245893e+09 -4.387442533523461807e-01 5.241043420466990899e-01 7.299439151532108871e-01 1.379060579759544547e-01 -7.634083764501244929e-01 6.310226384057195936e-01 8.879670036906910369e-01 3.775212441613544079e-01 2.626638743686741662e-01 -2.681918452277706200e-01 1.498935896783866406e+00 1.467378585922711087e+00
1.583560845012269020e+09 -4.308980670434394145e-01 5.436654556156423901e-01 7.202462972268401931e-01 1.266035817127944552e-01 -7.538295862888575449e-01 6.447576972640995940e-01 8.934754553079667927e-01 3.690106063533883374e-01 2.559937176933153036e-01 -2.774333707854667597e-01 1.495209513485661557e+00 1.468771536135552891e+00
1.583560845012288094e+09 -4.227589283454121216e-01 5.629334641937409067e-01 7.101977216849343355e-01 1.154795765095084636e-01 -7.438215635079833410e-01 6.583266281459961844e-01 8.988544688871688004e-01 3.603267919044996215e-01 2.494498890315808570e-01 -2.866929684853839477e-01 1.491808530334850946e+00 1.470752748212201144e+00
1.583560845012306929e+09 -4.143653990644557972e-01 5.818794715897591674e-01 6.997982545736678439e-01 1.043663689365673525e-01 -7.334631113634805244e-01 6.716692084423324660e-01 9.041067289991969735e-01 3.513518823671492597e-01 2.431930872357905005e-01 -2.959374377110173260e-01 1.488775120440560595e+00 1.473315998162929574e+00
1.583560845012352943e+09 -4.058881086374648284e-01 6.002885220464173610e-01 6.891360780497596261e-01 9.313771973610132648e-02 -7.229471404854501682e-01 6.845968138195070996e-01 9.091645663774847730e-01 3.420542687948725513e-01 2.375261433751795215e-01 -3.051306684576347017e-01 1.486147545785065915e+00 1.476448472746218599e+00
1.583560845012373924e+09 -3.969086395327609540e-01 6.184288465157117276e-01 6.782398500274618991e-01 8.266831461167342687e-02 -7.118481434920010953e-01 6.974511958781112186e-01 9.141277164322954008e-01 3.328933505610575661e-01 2.314142077452267243e-01 -3.142437155168649743e-01 1.483915707108268478e+00 1.480082108193120805e+00
1.583560845012401104e+09 -3.874012794448430941e-01 6.362658484946621673e-01 6.671476742278588112e-01 7.299110365402181055e-02 -7.002169583643901296e-01 7.101890665673759040e-01 9.190171640383384410e-01 3.238239980416794950e-01 2.248231990677861669e-01 -3.232426939614165273e-01 1.482100216037466334e+00 1.484199682268786180e+00
1.583560845012414932e+09 -3.773493719907189958e-01 6.537647430860193953e-01 6.558956568385371222e-01 6.412077565477061758e-02 -6.881117261556685127e-01 7.227660608537507247e-01 9.238484604695430535e-01 3.147918573913603413e-01 2.177386253102416014e-01 -3.320937128471213029e-01 1.480716444209571714e+00 1.488779712547483980e+00
1.583560845012438059e+09 -3.667450660298013920e-01 6.708926203903999852e-01 6.445162131027226682e-01 5.605725919104575378e-02 -6.755937487587462265e-01 7.351398986557884374e-01 9.286310572871764313e-01 3.057387430545596696e-01 2.101622724966586975e-01 -3.407637779641470854e-01 1.479774270046608553e+00 1.493797113852154634e+00
1.583560845012456894e+09 -3.555882037765550896e-01 6.876196568402414000e-01 6.330373111955145404e-01 4.878952023262611570e-02 -6.627243772598655491e-01 7.472723618377334898e-01 9.333684226356040448e-01 2.966068235537507869e-01 2.021083377595283836e-01 -3.492216304186526177e-01 1.479278031899265322e+00 1.499223946878545544e+00
1.583560845012475014e+09 -3.438847497434410760e-01 7.039195952436220205e-01 6.214824879509648348e-01 4.229919792955730284e-02 -6.495629702099540159e-01 7.591302430097812692e-01 9.380586639814701977e-01 2.873415243843741584e-01 1.935995651792746242e-01 -3.574384808250062329e-01 1.479226677753725960e+00 1.505030216704114299e+00
1.583560845012492895e+09 -3.316451201999184306e-01 7.197696914945344027e-01 6.098713847666729082e-01 3.656371596505763460e-02 -6.361658044431188763e-01 7.706855157569896253e-01 9.426953957903283499e-01 2.778932545773463714e-01 1.846638301345643884e-01 -3.653886087693274942e-01 1.479614090245784608e+00 1.511184679667249453e+00
1.583560845012511015e+09 -3.188826832415525003e-01 7.351503440679209023e-01 5.982205332895719208e-01 3.155866623440269081e-02 -6.225857132151189077e-01 7.819150085216923785e-01 9.472686447021068101e-01 2.682181981121405379e-01 1.753314384517252189e-01 -3.730498084385988622e-01 1.480429557042515221e+00 1.517655620144842343e+00
1.583560845012526989e+09 -3.056126000605293158e-01 7.500445975666346632e-01 5.865441508097430923e-01 2.725941200374196530e-02 -6.088721820945107721e-01 7.927998427057298958e-01 9.517656557487795821e-01 2.582784699087514180e-01 1.656332359839976232e-01 -3.804036733580684615e-01 1.481658350306065408e+00 1.524411563823875326e+00
1.583560845012542963e+09 -2.918510822981005837e-01 7.644376639480381375e-01 5.748547679221841511e-01 2.364197819280221963e-02 -5.950716432775244868e-01 8.033248387169841243e-01 9.561715342709240506e-01 2.480419274936581930e-01 1.555994845719572417e-01 -3.874357229151838555e-01 1.483282378092818821e+00 1.531421902610694330e+00
1.583560845012559891e+09 -2.776150238304541107e-01 7.783165389632697995e-01 5.631636211827145688e-01 2.068341595166601696e-02 -5.812277782392671899e-01 8.134780060783244338e-01 9.604697263161362519e-01 2.374818634620501911e-01 1.452593188082587361e-01 -3.941353827318898606e-01 1.485280870384600327e+00 1.538657413928588680e+00
1.583560845012578011e+09 -2.629219247103151136e-01 7.916697432128474432e-01 5.514808062767936336e-01 1.836182869541905238e-02 -5.673817154040354804e-01 8.232501640070806204e-01 9.646423715945174893e-01 2.265767137292082900e-01 1.346405884717462309e-01 -4.004958362651115933e-01 1.487631067148543318e+00 1.546090666457149654e+00
1.583560845012595892e+09 -2.477900053591624019e-01 8.044871832772071407e-01 5.398152329182517306e-01 1.665622281652541156e-02 -5.535720790441105432e-01 8.326346880894517355e-01 9.686705754837213744e-01 2.153098366233297811e-01 1.237699106774821367e-01 -4.065137674022716308e-01 1.490308881956337039e+00 1.553696312374112765e+00
1.583560845012614012e+09 -2.322384267226084154e-01 8.167601153171123451e-01 5.281744292223543580e-01 1.554628888003107418e-02 -5.398348858787476168e-01 8.416273576565163062e-01 9.725346401946074471e-01 2.036693656882736236e-01 1.126728159119250589e-01 -4.121890167620226308e-01 1.493289518658324377e+00 1.561451271219007619e+00
1.583560845012629986e+09 -2.162875008914100228e-01 8.284811670191577493e-01 5.165642974078807903e-01 1.501222390273043716e-02 -5.262033509686604438e-01 8.502262444951923515e-01 9.762142953344854490e-01 1.916480885142250734e-01 1.013738629888322890e-01 -4.175241780752096399e-01 1.496548021659139804e+00 1.569334814146311707e+00
1.583560845012646914e+09 -1.999588508980768564e-01 8.396443914595181912e-01 5.049888655622724043e-01 1.503461141642906118e-02 -5.127076480434932249e-01 8.584316096013810959e-01 9.796889397823040913e-01 1.792433096046453234e-01 8.989670502326035928e-02 -4.225241605791841271e-01 1.500059746770385338e+00 1.577328561630059633e+00
1.583560845012665987e+09 -1.832755465610185763e-01 8.502453548006765338e-01 4.934500087915759114e-01 1.559431064279385298e-02 -4.993746171783320364e-01 8.662458135305023399e-01 9.829378880855724754e-01 1.664566876692251396e-01 7.826416574592306996e-02 -4.271957411255444814e-01 1.503800745965401253e+00 1.585416410376978780e+00
1.583560845012682915e+09 -1.662621376881800450e-01 8.602812114391557019e-01 4.819472370705220055e-01 1.667240913977515240e-02 -4.862275077296907000e-01 8.736731893368371304e-01 9.859406334419285045e-01 1.532939936383272139e-01 6.649826453661696057e-02 -4.315471277996027477e-01 1.507748064052210513e+00 1.593584405912366719e+00
1.583560845012700081e+09 -1.489445605108926374e-01 8.697507363402641190e-01 4.704776031157700822e-01 1.825024295664904456e-02 -4.732858210679670163e-01 8.807198535706998177e-01 9.886771196172604581e-01 1.397647621076454905e-01 5.462018639798760927e-02 -4.355875520012627566e-01 1.511879950835352648e+00 1.601820577414601487e+00
1.583560845012717009e+09 -1.313499672535896612e-01 8.786543210550263883e-01 4.590356965395896993e-01 2.030943108806105429e-02 -4.605652422792859135e-01 8.873934780460431826e-01 9.911280005334115462e-01 1.258818581537814452e-01 4.265026014262310317e-02 -4.393269001702129750e-01 1.516175996735203313e+00 1.610114750190150490e+00
1.583560845012732029e+09 -1.135065162460213717e-01 8.869939405590697712e-01 4.476136958192408755e-01 2.283189206671609392e-02 -4.480776427983803045e-01 8.937030440780943108e-01 9.932748742448116452e-01 1.116609867116205301e-01 3.060798236377521020e-02 -4.427753913092686844e-01 1.520617202281133951e+00 1.618458348891924858e+00
1.583560845012747049e+09 -9.544314807277524959e-02 8.947730969120344380e-01 4.362014569349582649e-01 2.579982620030703278e-02 -4.358311347789768364e-01 8.996585970193663462e-01 9.951004847690200217e-01 9.712017050062590751e-02 1.851210518096556984e-02 -4.459433031744765019e-01 1.525185992480191821e+00 1.626844201720684113e+00
1.583560845012763023e+09 -7.718936152004254869e-02 9.019967427238940738e-01 4.247866277172439586e-01 2.919565925122298219e-02 -4.238301629876123910e-01 9.052710128399846790e-01 9.965888903076046690e-01 8.227921715796689128e-02 6.380790168136073540e-03 -4.488407461806017684e-01 1.529866187423700730e+00 1.635266353254118732e+00
1.583560845012778997e+09 -5.877499188047299178e-02 9.086711827559963428e-01 4.133547900557631993e-01 3.300195372390353488e-02 -4.120756307401420293e-01 9.105517809911036764e-01 9.977255994097250502e-01 6.715918922825159232e-02 -5.768182430305569992e-03 -4.514774829839336423e-01 1.534642939231914749e+00 1.643719890876240264e+00
1.583560845012794971e+09 -4.022999521658943839e-02 9.148039536390973891e-01 4.018896296185363592e-01 3.720129291754910306e-02 -4.005650544148315895e-01 9.155128078036139927e-01 9.984976773282991935e-01 5.178188975525771509e-02 -1.791715957417223948e-02 -4.538627922526446423e-01 1.539502643808312587e+00 1.652200787542249749e+00
1.583560845012810946e+09 -2.158417857773107726e-02 9.204036387365270855e-01 3.903732387593442099e-01 4.177620720335405158e-02 -3.892928471112578337e-01 9.201661958392431950e-01 9.988938242321081518e-01 3.616934484973103464e-02 -3.004840674537451878e-02 -4.560053740369249264e-01 1.544432835230398648e+00 1.660705762144029762e+00
1.583560845012828112e+09 -2.866841917567411989e-03 9.254795856850153157e-01 3.787866394178743823e-01 4.670920434755140155e-02 -3.782508264180968194e-01 9.245239655134941392e-01 9.989044157432221960e-01 2.034328665518202531e-02 -4.214402971473975301e-02 -4.579132915368485102e-01 1.549422070263565487e+00 1.669232157732779775e+00
1.583560845012845039e+09 1.589356835113714395e-02 9.300415910055334079e-01 3.671103839293283211e-01 5.198283565070212914e-02 -3.674288181824481025e-01 9.285977862521063164e-01 9.985214968291847848e-01 4.324706423185609161e-03 -5.418595415970314799e-02 -4.595939423208496577e-01 1.554459809438604179e+00 1.677777836996944494e+00
1.583560845012861013e+09 3.466986933433816725e-02 9.340994997463637484e-01 3.553253793886776979e-01 5.757991622567034534e-02 -3.568155132085357728e-01 9.323986502814796129e-01 9.977387201856162680e-01 -1.186653373461101987e-02 -6.615611810961580241e-02 -4.610540534321413975e-01 1.559536299262047843e+00 1.686341093606175345e+00
1.583560845012877941e+09 5.343662036548536137e-02 9.376627143275287901e-01 3.434139808854919651e-01 6.348397417577504587e-02 -3.463996505284072658e-01 9.359364654730564226e-01 9.965512094113967434e-01 -2.821199723358714176e-02 -7.803698210857562545e-02 -4.622996968089412295e-01 1.564642458694507354e+00 1.694920577598202360e+00
1.583560845012893915e+09 7.217059299747272116e-02 9.407396745993588105e-01 3.313612388992722702e-01 6.967991679262308669e-02 -3.361714427092090673e-01 9.392196072102270143e-01 9.949553331971693337e-01 -4.469481238457426175e-02 -8.981235456359576430e-02 -4.633363207993121957e-01 1.569769772458715185e+00 1.703515232996076323e+00
1.583560845012908936e+09 9.085110712055896598e-02 9.433374199212805067e-01 3.191560574624985325e-01 7.615481024692488665e-02 -3.261240133847210232e-01 9.422545160600972469e-01 9.929483982410028942e-01 -6.129959690649924159e-02 -1.014684098306807836e-01 -4.641687917025391075e-01 1.574910193091862531e+00 1.712124246008773998e+00
1.583560845012927055e+09 1.094601500154862572e-01 9.454613187208524838e-01 3.067920645404456637e-01 8.289866747741331254e-02 -3.162546418618654154e-01 9.450454024526246943e-01 9.905282867490846632e-01 -7.801215810532564909e-02 -1.129947639561786621e-01 -4.648014404099387598e-01 1.580056052463378879e+00 1.720747002185645025e+00
1.583560845012945890e+09 1.279822843212885808e-01 9.471149740806645845e-01 2.942681791765153765e-01 8.990523574154826725e-02 -3.065657900979145700e-01 9.475940402901702475e-01 9.876930615581377415e-01 -9.481899978610901225e-02 -1.243855850704341237e-01 -4.652381107257961279e-01 1.585199982594604595e+00 1.729383050991983195e+00
1.583560845012962103e+09 1.464043759494188801e-01 9.483002800885730332e-01 2.815889521813134677e-01 9.717282975508823029e-02 -2.970659875330671218e-01 9.498995949435619091e-01 9.844405519009802319e-01 -1.117066620179125169e-01 -1.356407821326200691e-01 -4.654822096154231370e-01 1.590334845222417970e+00 1.738032076293812178e+00
1.583560845012975931e+09 1.647151038336631679e-01 9.490176556506870753e-01 2.687646262738350167e-01 1.047051355308982190e-01 -2.877705008864736014e-01 9.519584936742542247e-01 9.807679488708453963e-01 -1.286609054240109851e-01 -1.467671701266604345e-01 -4.655367589183640464e-01 1.595453669718823519e+00 1.746693871563595790e+00
1.583560845012993097e+09 1.829042171925457927e-01 9.492664812940619923e-01 2.558108585039872707e-01 1.125118657656560828e-01 -2.787016911002822006e-01 9.537643564871380875e-01 9.766714533392839570e-01 -1.456657659452988141e-01 -1.577794574953909901e-01 -4.654044476454919366e-01 1.600549598966810594e+00 1.755368318864413801e+00
1.583560845013008118e+09 2.009615198836211813e-01 9.490457637439042582e-01 2.427480305781884451e-01 1.206090782515825827e-01 -2.698889092291689717e-01 9.553080273838087111e-01 9.721460374578878572e-01 -1.627025368301777408e-01 -1.687008201159412024e-01 -4.650876851109418952e-01 1.605615842901546131e+00 1.764055370783191856e+00
1.583560845013022900e+09 2.188756873879462439e-01 9.483549348215304375e-01 2.296004171901253055e-01 1.290192802786791770e-01 -2.613681759233432711e-01 9.565775986277468279e-01 9.671853282414200059e-01 -1.797486987638255984e-01 -1.795632102383107609e-01 -4.645886555109988159e-01 1.610645639675647001e+00 1.772755034628405113e+00
1.583560845013041019e+09 2.366329363695143795e-01 9.471947855484778023e-01 2.163952221253726826e-01 1.377712073521771829e-01 -2.531815861630626885e-01 9.575584468418780748e-01 9.617816530956534438e-01 -1.967768359023264468e-01 -1.904072713020714125e-01 -4.639093749258930699e-01 1.615632224758457136e+00 1.781467358328181261e+00
1.583560845013057947e+09 2.542156033807715376e-01 9.455685248055133441e-01 2.031614933954032365e-01 1.468991508304193505e-01 -2.453763644368372465e-01 9.582333116348090707e-01 9.559262873608295186e-01 -2.137536085301130206e-01 -2.012817138160737651e-01 -4.630517516751100904e-01 1.620568808632548929e+00 1.790192417592499474e+00
1.583560845013077021e+09 2.716007397447210980e-01 9.434829316309809588e-01 1.899289245873433396e-01 1.564417014007647988e-01 -2.380034770894919327e-01 9.585824634436500569e-01 9.496099370900495940e-01 -2.306389019609305924e-01 -2.122419954342876780e-01 -4.620176501495610877e-01 1.625448563872351482e+00 1.798930304063927954e+00
1.583560845013094902e+09 2.887588916387291982e-01 9.409495193986071593e-01 1.767266390414234667e-01 1.664399150260766902e-01 -2.311158295882659031e-01 9.585839703778646914e-01 9.428234498439403977e-01 -2.473852779315524608e-01 -2.233483087711636284e-01 -4.608089571783087757e-01 1.630264622211173853e+00 1.807681114342548190e+00
1.583560845013113976e+09 3.056532591651721087e-01 9.379856156043617776e-01 1.635819995744935418e-01 1.769349119160120998e-01 -2.247660388873332360e-01 9.582141018445312630e-01 9.355587221011620880e-01 -2.639378964051223297e-01 -2.346628745360441748e-01 -4.594276493480125012e-01 1.635010081898869760e+00 1.816444939887680299e+00
1.583560845013134003e+09 3.222394160771519522e-01 9.346152157611791189e-01 1.505196256230913188e-01 1.879652096528517113e-01 -2.190040167059228160e-01 9.574478162763662148e-01 9.278096998207703283e-01 -2.802349721348738609e-01 -2.462468713606286441e-01 -4.578758586323529167e-01 1.639678024957074820e+00 1.825221857930833691e+00
1.583560845013153076e+09 3.384657025853812229e-01 9.308695035735023993e-01 1.375606629599474273e-01 1.995640164871147482e-01 -2.138744922592097086e-01 9.562593294446578573e-01 9.195733640631269523e-01 -2.962088272609191275e-01 -2.581572371679207167e-01 -4.561559333179777131e-01 1.644261543219192712e+00 1.834011923596735150e+00
1.583560845013170004e+09 3.542742952417041735e-01 9.267869486593954820e-01 1.247223958612712763e-01 2.117568495671798834e-01 -2.094147309700075954e-01 9.546227042029186149e-01 9.108505699575727421e-01 -3.117874640095851246e-01 -2.704437406158179957e-01 -4.542704911135634904e-01 1.648753771275784930e+00 1.842815163451435811e+00
1.583560845013186932e+09 3.696028400257737045e-01 9.224129556604421243e-01 1.120182144940019275e-01 2.245597545952544294e-01 -2.056526443191441511e-01 9.525124181690303171e-01 9.016466368054933955e-01 -3.268965120295638238e-01 -2.831466282760350395e-01 -4.522224611638875902e-01 1.653147923492165106e+00 1.851631570700619456e+00
1.583560845013206005e+09 3.843864644600636926e-01 9.177990940741129755e-01 9.945787731700475587e-02 2.379782528058603519e-01 -2.026053908654819602e-01 9.499038935856964905e-01 8.919716349384592124e-01 -3.414613872291856200e-01 -2.962949946262531942e-01 -4.500151132872958204e-01 1.657437332257232887e+00 1.860461102112745735e+00
1.583560845013223886e+09 3.985599327257487445e-01 9.130019847651205112e-01 8.704801171980948438e-02 2.520070718264915133e-01 -2.002785490283732484e-01 9.467739639502547044e-01 8.818403575364567315e-01 -3.554094527026093187e-01 -3.099059616939390804e-01 -4.476520734282053438e-01 1.661615484384542762e+00 1.869303676657873448e+00
1.583560845013240099e+09 4.120596183192442030e-01 9.080819889180931082e-01 7.479286635056844879e-02 2.666307401657042053e-01 -1.986659854027809369e-01 9.431012007776163886e-01 8.712720124940693811e-01 -3.686718433780972193e-01 -3.239848028666920676e-01 -4.451373256820402857e-01 1.665676052995183509e+00 1.878159175711739293e+00
1.583560845013257980e+09 4.248251475605277494e-01 9.031018288312762099e-01 6.269514547040336283e-02 2.818247339681986818e-01 -1.977502194840426164e-01 9.388661620717396739e-01 8.602897266218186845e-01 -3.811849130094970284e-01 -3.385256987390149463e-01 -4.424752029795731567e-01 1.669612923365455304e+00 1.887027444515010588e+00
1.583560845013274908e+09 4.368006432139714401e-01 8.981252382473595697e-01 5.075682234694557649e-02 2.975569263682812937e-01 -1.975031325085836453e-01 9.340515984061635857e-01 8.489199456166937052e-01 -3.928912947879907858e-01 -3.535128806108847055e-01 -4.396703694227438453e-01 1.673420212343365021e+00 1.895908294503627856e+00
1.583560845013290882e+09 4.479355064885812698e-01 8.932157351183011018e-01 3.897990594737411885e-02 3.137891991855989438e-01 -1.978869366279373820e-01 9.286426110469097051e-01 8.371918065230242734e-01 -4.037405247115656293e-01 -3.689220353139460729e-01 -4.367277973184000017e-01 1.677092281707261323e+00 1.904801506137303369e+00
1.583560845013307095e+09 4.581848084658732834e-01 8.884355486975664684e-01 2.736708982190552697e-02 3.304790055781589020e-01 -1.988552470580928488e-01 9.226268031306519291e-01 8.251365393503660162e-01 -4.136893363031524107e-01 -3.847217498424009841e-01 -4.336527411530268772e-01 1.680623745858569551e+00 1.913706831942256548e+00
1.583560845013324022e+09 4.675093577349470619e-01 8.838447161893894233e-01 1.592226736775730067e-02 3.475807865127408802e-01 -2.003541746185772687e-01 9.159944332940260781e-01 8.127869325259546862e-01 -4.227016948369041183e-01 -4.008748930039119918e-01 -4.304507101847174777e-01 1.684009474241911608e+00 1.922623999550717055e+00
1.583560845013339996e+09 4.758754802156411889e-01 8.795003676260201297e-01 4.650933132583074184e-03 3.650472175435321431e-01 -2.023233972913544010e-01 9.087385609391519514e-01 8.001768908809970826e-01 -4.307485887305467220e-01 -4.173399057728641726e-01 -4.271274414695561683e-01 1.687244589560524366e+00 1.931552714524767289e+00
1.583560845013356924e+09 4.832545918055717871e-01 8.754561853345560474e-01 -6.439531199807936764e-03 3.828302434159082668e-01 -2.046971521253694304e-01 9.008551941924022310e-01 7.873410980194786024e-01 -4.378076562930777738e-01 -4.340719431205891654e-01 -4.236888744167005005e-01 1.690324462610024669e+00 1.940492662834920168e+00
