1.583560847014270067e+09 2.561775221398853164e-01 9.520816363208015609e-01 1.670737426838108108e-01 6.697951416087338794e-02 -1.899099133578939225e-01 9.795141498670388858e-01 9.643063943832531626e-01 -2.397389895708998131e-01 -1.124206164505009292e-01 -5.298325116607813801e-01 1.768397623907805860e+00 1.902272549136160729e+00
1.583560847014322042e+09 2.750078827729792730e-01 9.490136664873787264e-01 1.540899925269559045e-01 6.977975920512669017e-02 -1.795485735189745469e-01 9.812711629571605476e-01 9.589063823115381302e-01 -2.591049422431180305e-01 -1.155992181630597360e-01 -5.307387075673060117e-01 1.783458841389575111e+00 1.917194287903526417e+00
1.583560847014347076e+09 2.939552965190854739e-01 9.452941758985001774e-01 1.414538978846157091e-01 7.248720941884925772e-02 -1.696135692850526122e-01 9.828412088858684559e-01 9.530665708880499132e-01 -2.786577805320337720e-01 -1.183805439194512837e-01 -5.317537390544767595e-01 1.798462011812237860e+00 1.932167408463349112e+00
1.583560847014367104e+09 3.129174860463759811e-01 9.409742289693123762e-01 1.290354521489169293e-01 7.520158399597105803e-02 -1.599781057466217460e-01 9.842518619470289609e-01 9.467984839038527944e-01 -2.982859477407552307e-01 -1.208226991679847290e-01 -5.326188670171112527e-01 1.813550624160586100e+00 1.947063887312062702e+00
1.583560847014384031e+09 3.317995464244841153e-01 9.361036776156065331e-01 1.167003269954758754e-01 7.801763117796803315e-02 -1.505145783444300500e-01 9.855245360884021810e-01 9.401182429125849449e-01 -3.178919108465447785e-01 -1.229732602690768728e-01 -5.331373233761069752e-01 1.828844484468047593e+00 1.961765886873332088e+00
1.583560847014403105e+09 3.505174488267329136e-01 9.307275515902843077e-01 1.043251808453501406e-01 8.101503611259516791e-02 -1.411069407189463332e-01 9.866739053542934457e-01 9.330455950484132233e-01 -3.373945116820760148e-01 -1.248633710579125367e-01 -5.331858737589508790e-01 1.844418822112344536e+00 1.976179678915394033e+00
1.583560847014420033e+09 3.689987012191839888e-01 9.248846358924585065e-01 9.180615107624777449e-02 8.425532791624384954e-02 -1.316572749959138700e-01 9.877081562701052198e-01 9.256030459507187391e-01 -3.567278693254740118e-01 -1.265078217469130795e-01 -5.327092207984089889e-01 1.860300299059091333e+00 1.990246350273555676e+00
1.583560847014450073e+09 3.871811990039880635e-01 9.186076896601869102e-01 7.906093997823449016e-02 8.778347167648545279e-02 -1.220870559747584405e-01 9.886297654682357772e-01 9.178152219840437498e-01 -3.758386140163973432e-01 -1.279083848115888933e-01 -5.317060131477461260e-01 1.876475930046336282e+00 2.003945338834528300e+00
1.583560847014467001e+09 4.050108026093240943e-01 9.119247782165337268e-01 6.602612550673664371e-02 9.163182479226489319e-02 -1.123344161230092619e-01 9.894365002098139961e-01 9.097086670653338203e-01 -3.946823765482406210e-01 -1.290579835294956845e-01 -5.302124351005954583e-01 1.892907833983018095e+00 2.017290057210993304e+00
1.583560847014538050e+09 4.224380301534316762e-01 9.048612617119624613e-01 5.265176491922462371e-02 9.582472733470057125e-02 -1.023490593395432607e-01 9.901223621318252510e-01 9.013122282553562847e-01 -4.132199990789758859e-01 -1.299442186930927223e-01 -5.282865489141665982e-01 1.909547728513940612e+00 2.030317897527565307e+00
1.583560847014560938e+09 4.394708730923929663e-01 8.974163891114566027e-01 3.884812574050632017e-02 1.003986808541343367e-01 -9.205130892413913857e-02 9.906798987150525759e-01 8.926283980925747708e-01 -4.314746592878220266e-01 -1.305532907450601965e-01 -5.259947182349099526e-01 1.926347839159798125e+00 2.043078130499401013e+00
1.583560847014578104e+09 4.567961084599675425e-01 8.891950791192605452e-01 2.587329089828210860e-02 1.047816656134030189e-01 -8.266540931196873776e-02 9.910535974227276945e-01 8.833788079562733264e-01 -4.499983798813381175e-01 -1.309325787233523442e-01 -5.233867808787759923e-01 1.943271210859741638e+00 2.055612798589298684e+00
1.583560847014594078e+09 4.743741125367720302e-01 8.802156722345997331e-01 1.376852655614167406e-02 1.089793955846972418e-01 -7.423783271201291056e-02 9.912679939563173726e-01 8.735517690418739267e-01 -4.687313890316969212e-01 -1.311418779545685809e-01 -5.204549329681654735e-01 1.960304419611920812e+00 2.067925142740868694e+00
1.583560847014610052e+09 4.921593036905891894e-01 8.705013709581735926e-01 2.565846199622587656e-03 1.129975292464809461e-01 -6.680796888322784732e-02 9.913466870816952659e-01 8.631400689821150385e-01 -4.876105607599733327e-01 -1.312446675721205269e-01 -5.171919919134260191e-01 1.977433791318784717e+00 2.080018843236401960e+00
1.583560847014626026e+09 5.101016579455734945e-01 8.600795473849806028e-01 -7.711766802075743603e-03 1.168411394282736909e-01 -6.040847523475872949e-02 9.913117393468507954e-01 8.521410958345252418e-01 -5.065708132088633242e-01 -1.313071376889619335e-01 -5.135913851844327027e-01 1.994645451227128108e+00 2.091897990741943936e+00
1.583560847014642954e+09 5.281480955211086403e-01 8.489810898317973198e-01 -1.704989505613677472e-02 1.205143496900344113e-01 -5.506583848792021701e-02 9.911831542456593924e-01 8.405568875646670657e-01 -5.255462520455024267e-01 -1.313973216688507639e-01 -5.096471317779838195e-01 2.011925368580489870e+00 2.103567055503276162e+00
1.583560847014673948e+09 5.462436886460033669e-01 8.372398307820571040e-01 -2.544207111117382722e-02 1.240201299677868296e-01 -5.080105834127395664e-02 9.909784357614165318e-01 8.283941335486566526e-01 -5.444710448840323069e-01 -1.315843501267638938e-01 -5.053538185230552759e-01 2.029259395348514072e+00 2.115030856285730732e+00
