1.583560844495546103e+09 -3.495901582529274410e-01 6.534413927534163391e-02 9.346212415131971429e-01 3.121077517999763518e-01 -9.324635162796528487e-01 1.819355441648151384e-01 8.833886306826970181e-01 3.553054100716196984e-01 3.055856558446911064e-01 -7.960734000436490987e-02 1.588306181713806664e+00 1.559408656873824128e+00
1.583560844495584011e+09 -3.693121271078231849e-01 6.690190370168100364e-02 9.268941085288111559e-01 3.168731088397709339e-01 -9.285661945778891369e-01 1.932776638372471489e-01 8.736131786817397105e-01 3.650876028098790083e-01 3.217313422910296761e-01 -8.563410662523503192e-02 1.586785867825113883e+00 1.554029245733063780e+00
1.583560844495599031e+09 -3.882427301849198931e-01 7.134430500245760032e-02 9.187913653149573090e-01 3.207025562800613905e-01 -9.242209169336954577e-01 2.072813721868654868e-01 8.639545434553126402e-01 3.751342253181034758e-01 3.359417511173214965e-01 -9.165117947555966038e-02 1.585140699546645715e+00 1.548675780491209464e+00
1.583560844495609999e+09 -4.061401066013150540e-01 7.845321317992967614e-02 9.104368772900339746e-01 3.234323895726582410e-01 -9.194745080422153105e-01 2.235131284643478433e-01 8.546588228592527647e-01 3.852424205151058212e-01 3.480611645279267363e-01 -9.766302434249339581e-02 1.583355227935860476e+00 1.543361540481588801e+00
1.583560844495620012e+09 -4.228291299152845406e-01 8.796843598485037941e-02 9.019296433467355323e-01 3.249685750729625622e-01 -9.143629759403223423e-01 2.415279975657830536e-01 8.459379128632903422e-01 3.952238639889925076e-01 3.580323242732916800e-01 -1.036752864071813496e-01 1.581414491951800727e+00 1.538102492736761695e+00
1.583560844495630026e+09 -4.381993637739233227e-01 9.960494982429581035e-02 8.933421359960305175e-01 3.252810383795394777e-01 -9.089141842598985610e-01 2.608970139545448985e-01 8.379579726763175529e-01 4.049121630601081323e-01 3.658860157848820016e-01 -1.096947433174378234e-01 1.579304451368201301e+00 1.532917398548363952e+00
1.583560844495639086e+09 -4.522011824751133724e-01 1.130671976295189729e-01 8.847202381442159647e-01 3.243939956428945615e-01 -9.031497330102505883e-01 2.812278356232819077e-01 8.308324900215651176e-01 4.141694927967782824e-01 3.717270572286795471e-01 -1.157292074838857932e-01 1.577012443280635168e+00 1.527827872472887538e+00
1.583560844495652914e+09 -4.648412059248831496e-01 1.280603208245101321e-01 8.760840187480247732e-01 3.223744841089941637e-01 -8.970856499012700436e-01 3.021788028959742634e-01 8.246195156492756029e-01 4.228922926235343938e-01 3.757189954828971112e-01 -1.217873745326788770e-01 1.574527654648757657e+00 1.522858388395573748e+00
1.583560844495665073e+09 -4.761775166682093441e-01 1.442986000644437827e-01 8.674288945203295631e-01 3.193207654867945555e-01 -8.907318718625333309e-01 3.234671256396181582e-01 8.193224161902010749e-01 4.310158311096619621e-01 3.780689513559817305e-01 -1.278786157609474727e-01 1.571841602650082104e+00 1.518036227108353620e+00
1.583560844495675087e+09 -4.863147117049785861e-01 1.615112555213291112e-01 8.587270322626384678e-01 3.153518707722940961e-01 -8.840907951705873069e-01 3.448719526117257073e-01 8.148933667087915333e-01 4.385174802059400023e-01 3.790134836224559045e-01 -1.340127135139253522e-01 1.568948614032814159e+00 1.513391359391118129e+00
1.583560844495685101e+09 -4.954104591429434601e-01 1.794689595033706064e-01 8.499172724247499033e-01 3.105928433206056050e-01 -8.771459842846517363e-01 3.662608471219696571e-01 8.112339754817466941e-01 4.454276765588591758e-01 3.788055204181199898e-01 -1.401995397463102200e-01 1.565846293654478805e+00 1.508956258050079047e+00
1.583560844495695114e+09 -5.024671537324453263e-01 1.988222012189354571e-01 8.414252742471214352e-01 3.045827775916902236e-01 -8.701063438955487506e-01 3.874845572541231742e-01 8.091700015079059671e-01 4.509819096562032170e-01 3.766420397968409106e-01 -1.464121460678927678e-01 1.562659559942514598e+00 1.504618103441639265e+00
1.583560844495704889e+09 -5.074501495670165063e-01 2.192793589085773598e-01 8.333132117519960191e-01 2.974502508586443494e-01 -8.630549859379792466e-01 4.082394391957930302e-01 8.087136046176790494e-01 4.550303882512584108e-01 3.727326814138715583e-01 -1.526569141581071432e-01 1.559385802263717036e+00 1.500392382600836294e+00
1.583560844495713949e+09 -5.103866952806282997e-01 2.405414991318678419e-01 8.256180768946884685e-01 2.893355721777136069e-01 -8.560739419757308344e-01 4.282783356018602938e-01 8.098088344032140506e-01 4.574682429410876217e-01 3.673315379091306454e-01 -1.589409722593176089e-01 1.556023010477332935e+00 1.496296826515733924e+00
1.583560844495723009e+09 -5.113621620259712897e-01 2.623216010097359496e-01 8.183496302383133081e-01 2.803775810844817418e-01 -8.492361993699961698e-01 4.474218254712106213e-01 8.123405391808966591e-01 4.582414817144560559e-01 3.607181630569984421e-01 -1.652720852374504057e-01 1.552570223629640811e+00 1.492351372688050182e+00
1.583560844495733023e+09 -5.105115112852406378e-01 2.843609721344640962e-01 8.114905019723724910e-01 2.707037379212735018e-01 -8.425979348960945803e-01 4.655622478116739904e-01 8.161479543825888028e-01 4.573483987976890708e-01 3.531783671094408938e-01 -1.716584661428537106e-01 1.549027976344768520e+00 1.488578050866711022e+00
1.583560844495742083e+09 -5.080074375800389674e-01 3.064412723819037176e-01 8.049982548823901851e-01 2.604247038837320116e-01 -8.361920368440400875e-01 4.826612179664504509e-01 8.210404480238751024e-01 4.548369206139371568e-01 3.449868963815448941e-01 -1.781085098800587463e-01 1.545398722567191907e+00 1.485000791123679997e+00
1.583560844495750904e+09 -5.040468645090611099e-01 3.283914331665124808e-01 7.988090043438412780e-01 2.496335754789442418e-01 -8.300237179105862673e-01 4.987421236497445731e-01 8.268130603053475136e-01 4.507989514068583836e-01 3.363933249022164063e-01 -1.846304545531507191e-01 1.541687216469312061e+00 1.481645154875662840e+00
1.583560844495760918e+09 -4.988373136515488748e-01 3.500895710147266526e-01 7.928421199677789799e-01 2.384090658366616045e-01 -8.240686552228548845e-01 5.138793331213636906e-01 8.332601347439441142e-01 4.453629351590653873e-01 3.276116666921244369e-01 -1.912319814102169668e-01 1.537900830819000531e+00 1.478537991969668841e+00
1.583560844495769978e+09 -4.925842321255076706e-01 3.714605336267698399e-01 7.870056204617668083e-01 2.268213418156864170e-01 -8.182738165292113841e-01 5.281856115825399600e-01 8.401862016685683887e-01 4.386855746599768180e-01 3.188136029575511232e-01 -1.979197691962469308e-01 1.534049794896094943e+00 1.475707029004420745e+00
1.583560844495779037e+09 -4.854800678062323183e-01 3.924699802434161167e-01 7.812019065452668887e-01 2.149390363137437532e-01 -8.125608468917577820e-01 5.417989303886084906e-01 8.474138981310229690e-01 4.309433663340056508e-01 3.101249757547503427e-01 -2.046990228474123152e-01 1.530147336760909083e+00 1.473180395889680749e+00
1.583560844495789051e+09 -4.776956183683626067e-01 4.131160254715587343e-01 7.753335063762053503e-01 2.028360114960185423e-01 -8.068316577798630984e-01 5.548695600298835240e-01 8.547891254248012327e-01 4.223243135203128551e-01 3.016251408369091669e-01 -2.115729989394123656e-01 1.526209718281763994e+00 1.470986096945021915e+00
1.583560844495798111e+09 -4.693739545411434455e-01 4.334195106387465635e-01 7.693085330447396730e-01 1.905966670720606881e-01 -8.009756896152291361e-01 5.675481084010428612e-01 8.621838560365515658e-01 4.130199422997203884e-01 2.933488128022063712e-01 -2.185425526289890841e-01 1.522256154191832023e+00 1.469151434356694041e+00
1.583560844495806932e+09 -4.606270323069847072e-01 4.534139408381340774e-01 7.630455659926635992e-01 1.783189083720010948e-01 -7.948781963131920092e-01 5.799750168292391317e-01 8.694970410150307805e-01 4.032176231022447932e-01 2.852901056918509815e-01 -2.256057323827346806e-01 1.518308609555675037e+00 1.467702394133416188e+00
1.583560844495816946e+09 -4.515349463014514675e-01 4.731360544806168522e-01 7.564776709450394820e-01 1.661142668175874249e-01 -7.884288181174342602e-01 5.922719386605894698e-01 8.766540041174931686e-01 3.930932116173571078e-01 2.774085153071252363e-01 -2.327574494646139358e-01 1.514391473608824867e+00 1.466663008155961734e+00
1.583560844495826006e+09 -4.421476412917695886e-01 4.926178940492836333e-01 7.495552509201338642e-01 1.541051322246704547e-01 -7.815296162032233651e-01 6.045354145312177296e-01 8.836045902027905852e-01 3.828042185939675157e-01 2.696365307576222281e-01 -2.399892487422317366e-01 1.510531112439289503e+00 1.466054711104358699e+00
1.583560844495836020e+09 -4.324887231419256572e-01 5.118810751893220212e-01 7.422474450191538509e-01 1.424195749334541961e-01 -7.741017083040937496e-01 6.168332109084513348e-01 8.903202622284194234e-01 3.724839733247510276e-01 2.618883743152992105e-01 -2.472892054409892570e-01 1.506755309431634382e+00 1.465895719607481107e+00
1.583560844495845079e+09 -4.225607861540124910e-01 5.309336326002791484e-01 7.345419390328548070e-01 1.311846184424918793e-01 -7.660898179510536865e-01 6.292034543126662216e-01 8.967903758354455190e-01 3.622373102430206937e-01 2.540691897822472956e-01 -2.546419668759530852e-01 1.503092610483347080e+00 1.466200465641950723e+00
1.583560844495853901e+09 -4.123515304422658012e-01 5.497694346758191797e-01 7.264432424198897786e-01 1.205190779995768263e-01 -7.574643271361629626e-01 6.416564073999915241e-01 9.030179220152230180e-01 3.521382713442046675e-01 2.460838692271590522e-01 -2.620289497399356238e-01 1.499571599594339721e+00 1.466979118925423320e+00
1.583560844495862961e+09 -4.018399039705579101e-01 5.683697732323750307e-01 7.179697019179031026e-01 1.105271280026973030e-01 -7.482207850718949338e-01 6.541784244111422675e-01 9.090150966027731316e-01 3.422301243336365317e-01 2.378446898011817023e-01 -2.694286925114225406e-01 1.496220138889411189e+00 1.468237233588972623e+00
1.583560844495872974e+09 -3.910015865432650561e-01 5.867064382023833291e-01 7.091497127630342900e-01 1.012935671921332825e-01 -7.383772100325902699e-01 6.667373614498837142e-01 9.147990887972878848e-01 3.325276701597702500e-01 2.292770726294987294e-01 -2.768173495710506971e-01 1.493064613243880956e+00 1.469975548635646723e+00
1.583560844495882034e+09 -3.798133289729909157e-01 6.047454547854314022e-01 7.000176929693904260e-01 9.288133228362523142e-02 -7.279698417550924949e-01 6.792885747688212073e-01 9.203884470944447838e-01 3.230214308109431998e-01 2.203230855169588387e-01 -2.841693011448040984e-01 1.490129221095157330e+00 1.472189959490651123e+00
1.583560844495891094e+09 -3.682558990314608871e-01 6.224507231758567016e-01 6.906103752954735331e-01 8.533143718087689289e-02 -7.170481232312823083e-01 6.917806986338328468e-01 9.258002694715870007e-01 3.136830989169775985e-01 2.109425865489566454e-01 -2.914578438991404785e-01 1.487435349273930729e+00 1.474871662973883168e+00
1.583560844495899916e+09 -3.563156635751618118e-01 6.397869966311938716e-01 6.809638369634617439e-01 7.866488784520499211e-02 -7.056697414642789656e-01 7.041605297126578566e-01 9.310483250654707499e-01 3.044713702257364485e-01 2.011124099239759710e-01 -2.986559220501283640e-01 1.485001062511135395e+00 1.478007464837916896e+00
1.583560844495908976e+09 -3.439850229570597384e-01 6.567219275579252447e-01 6.711114767795330893e-01 7.288594710870500981e-02 -6.938963225053579320e-01 7.163766694489563935e-01 9.361420527841223249e-01 2.953374406466313107e-01 1.908241428153478192e-01 -3.057368578503645851e-01 1.482840729424570458e+00 1.481580228976324909e+00
1.583560844495918036e+09 -3.312620346571398811e-01 6.732271716347366652e-01 6.610829298861651271e-01 6.798597753740741323e-02 -6.817901271188041568e-01 7.283818570123640201e-01 9.410862721071470149e-01 2.862296251459535146e-01 1.800811774174776725e-01 -3.126750424414661000e-01 1.480964797483681039e+00 1.485569440473947234e+00
1.583560844495927095e+09 -3.181495432152331992e-01 6.892787052120163960e-01 6.509037832986963590e-01 6.394730589334682302e-02 -6.694118189486114590e-01 7.401341492757012031e-01 9.458813934719442207e-01 2.770968848142286722e-01 1.688955482823877863e-01 -3.194465531970893113e-01 1.479379719248603342e+00 1.489951848888771968e+00
1.583560844495937109e+09 -3.046541081737753065e-01 7.048565908994685048e-01 6.405958640654750846e-01 6.074665157401293314e-02 -6.568192097675015217e-01 7.515972127450394336e-01 9.505239181583912123e-01 2.678912322786378697e-01 1.572849929168009253e-01 -3.260296710962195532e-01 1.478088022651348421e+00 1.494702155517351416e+00
1.583560844495945930e+09 -2.907849613943008227e-01 7.199444388407297835e-01 6.301778412706952048e-01 5.835783764139321900e-02 -6.440667675932073566e-01 7.627400355763619411e-01 9.550070519682185566e-01 2.585691479181269625e-01 1.452705295497039861e-01 -3.324052803808550394e-01 1.477088510049274550e+00 1.499793708840894135e+00
1.583560844495954990e+09 -2.765531533195022540e-01 7.345287767398803735e-01 6.196659018773152949e-01 5.675367631086759845e-02 -6.312056202605793587e-01 7.735363503933285756e-01 9.593213090050907166e-01 2.490922349009672132e-01 1.328746963141809456e-01 -3.385571422875431891e-01 1.476376564160231775e+00 1.505199174831038267e+00
1.583560844495965004e+09 -2.619709745726628292e-01 7.485984827479407189e-01 6.090743144545681664e-01 5.590706564685343771e-02 -6.182837908972588226e-01 7.839640005304102655e-01 9.634550372436277987e-01 2.394273709105771419e-01 1.201204628217604209e-01 -3.444720426431691629e-01 1.475944536152696385e+00 1.510891155156229848e+00
1.583560844495974064e+09 -2.470516467764563018e-01 7.621443544527440883e-01 5.984157979367048519e-01 5.579148318689273328e-02 -6.053464656560650914e-01 7.940043873459952106e-01 9.673948493391277825e-01 2.295465963539417842e-01 1.070306773510843051e-01 -3.501398208560324576e-01 1.475782189086900731e+00 1.516842732090033286e+00
1.583560844495984077e+09 -2.318092362486242342e-01 7.751588335869404878e-01 5.877016769767936522e-01 5.638107587541526383e-02 -5.924361709670006304e-01 8.036420582673990953e-01 9.711259715265033732e-01 2.194269045723042100e-01 9.362788738568771085e-02 -3.555532925524080845e-01 1.475877171548586997e+00 1.523027927071917587e+00
1.583560844495992899e+09 -2.162587206605829371e-01 7.876358695247961395e-01 5.769418542587620991e-01 5.765052942769471195e-02 -5.795928086643775679e-01 8.128644369170158201e-01 9.746325371630004675e-01 2.090500265347993436e-01 7.993437451308137154e-02 -3.607080805014303282e-01 1.476215499498693129e+00 1.529422067345540759e+00
1.583560844496001959e+09 -2.004161453825485384e-01 7.995708937786210058e-01 5.661446413342005046e-01 5.957484118676673740e-02 -5.668535406886772154e-01 8.216616711940835094e-01 9.778978511435055809e-01 1.984022420384448648e-01 6.597229269032384158e-02 -3.656023711574567514e-01 1.476782026370417666e+00 1.536002059801355069e+00
1.583560844496011972e+09 -1.842987777543655115e-01 8.109608480904673122e-01 5.553165437856225628e-01 6.212913270113219755e-02 -5.542525809509074586e-01 8.300265342639567834e-01 9.809046496441026219e-01 1.874742110047363519e-01 5.176377917537492573e-02 -3.702366173539057836e-01 1.477560882967088762e+00 1.542746574538077287e+00
1.583560844496021032e+09 -1.679252223440047542e-01 8.218042357012489418e-01 5.444620448695893788e-01 6.528852872661951301e-02 -5.418209397928420712e-01 8.379543408932775828e-01 9.836353633460002133e-01 1.762607948651346845e-01 3.733101242235546680e-02 -3.746132077363559243e-01 1.478535872993952838e+00 1.549636145316715563e+00
1.583560844496030092e+09 -1.513155138443504077e-01 8.321012014920236011e-01 5.335833638382317945e-01 6.902804912664356474e-02 -5.295861170728968226e-01 8.454428858536773284e-01 9.860723827454829227e-01 1.647608433539393957e-01 2.269627290392158686e-02 -3.787361220909219450e-01 1.479690814675345356e+00 1.556653197502668950e+00
1.583560844496038914e+09 -1.344911224201468802e-01 8.418535865480650804e-01 5.226802820326214016e-01 7.332258511357457598e-02 -5.175718313835167006e-01 8.524923448769189394e-01 9.881983286842365155e-01 1.529769217896169986e-01 7.881935374000767491e-03 -3.826105904435939675e-01 1.481009822582891600e+00 1.563782015607212861e+00
1.583560844496048927e+09 -1.174748501264673423e-01 8.510649255595467144e-01 5.117500879232552702e-01 7.814696882965221914e-02 -5.057978513487952910e-01 8.591051070950815882e-01 9.899963187632795369e-01 1.409149618776468771e-01 -7.089617335323244313e-03 -3.862427701641459876e-01 1.482477528423592483e+00 1.571008663826635843e+00
1.583560844496058941e+09 -1.002906573282294767e-01 8.597404002726879435e-01 5.007876082841929977e-01 8.347607194594187929e-02 -4.942799212836236356e-01 8.652855627083483325e-01 9.914502154833951808e-01 1.285838402919048384e-01 -2.219609320354400117e-02 -3.896394508363594800e-01 1.484079243541990500e+00 1.578320873036977767e+00
1.583560844496068001e+09 -8.296344956728604614e-02 8.678867608233159503e-01 4.897852966789438822e-01 8.928489266296800453e-02 -4.830297651358825273e-01 8.710398694308479906e-01 9.925448474994320591e-01 1.159948999362055144e-01 -3.741536062774136751e-02 -3.928077926627633887e-01 1.485801068528739055e+00 1.585707906489734809e+00
1.583560844496077061e+09 -6.551884648889609586e-02 8.755122238225749864e-01 4.787333570072031530e-01 9.554860884342436522e-02 -4.720551506295718736e-01 8.763757175523239074e-01 9.932662001826342291e-01 1.031614323927877719e-01 -5.272546596479504855e-02 -3.957551014888282537e-01 1.487629956514141760e+00 1.593160414380874412e+00
1.583560844496085882e+09 -4.798294527900381912e-02 8.826263514354381057e-01 4.676198895828654334e-01 1.022425899727280596e-01 -4.613599998452014295e-01 8.813021068519447665e-01 9.936015751211787483e-01 9.009813942313645019e-02 -6.810459242214919606e-02 -3.984886404035680729e-01 1.489553737708648073e+00 1.600670285575831908e+00
1.583560844496095896e+09 -3.038208222970939162e-02 8.892399097047322121e-01 4.564310599499987742e-01 1.093423735067535207e-01 -4.509445425903162441e-01 8.858291398836980468e-01 9.935397197714344042e-01 7.682058923178425314e-02 -8.353096806793409990e-02 -4.010154768821399540e-01 1.491561112326707628e+00 1.608230502437908438e+00
1.583560844496104956e+09 -1.274259679603732126e-02 8.953647061074564428e-01 4.451512885563448929e-01 1.168236100418683504e-01 -4.408055067371437485e-01 8.899678362559894085e-01 9.930709293373128910e-01 6.334468187115227522e-02 -9.898273032985865916e-02 -4.033423647626818154e-01 1.493641618147416139e+00 1.615835002603624337e+00
1.583560844496114016e+09 4.909445032808146953e-03 9.010133578258540110e-01 4.337635609271735526e-01 1.246620588566669657e-01 -4.309364418032264332e-01 8.937299113327042965e-01 9.921871137871691726e-01 4.968614071978072477e-02 -1.144378389119895395e-01 -4.054756593993388836e-01 1.495785578795991499e+00 1.623478550286488353e+00
1.583560844496123075e+09 2.254858722899196616e-02 9.061989570041941722e-01 4.222499401513984396e-01 1.328337015591372627e-01 -4.213282644931748977e-01 8.971274722537703195e-01 9.908818139825540383e-01 3.586006550434008011e-02 -1.298741188245482736e-01 -4.074212621704399462e-01 1.497984038889081493e+00 1.631156618893010224e+00
1.583560844496134043e+09 4.015029788268437150e-02 9.109347089156715205e-01 4.105921456774651035e-01 1.413148843725214321e-01 -4.119698979061932609e-01 9.001727094714178090e-01 9.891501692741406782e-01 2.188057919713563143e-02 -1.452693470719884639e-01 -4.091845890290510823e-01 1.500228691613749499e+00 1.638865285897508128e+00
1.583560844496143103e+09 5.769130802600400121e-02 9.152334872184781922e-01 3.987723376458358060e-01 1.500826212968564000e-01 -4.028491494044034726e-01 9.028774943545690990e-01 9.869888145801472001e-01 7.760614138634715567e-03 -1.606015351161129978e-01 -4.107705587971606787e-01 1.502511802910653449e+00 1.646601139900271793e+00
1.583560844496151924e+09 7.514996348794353298e-02 9.191073057240376487e-01 3.867741511164275447e-01 1.591151315443562198e-01 -3.939538876325351380e-01 9.052528428765115320e-01 9.843956817498942247e-01 -6.488098113048066870e-03 -1.758495000129984553e-01 -4.121835984400808450e-01 1.504826135279668575e+00 1.654361199120748971e+00
1.583560844496160984e+09 9.250651764486109152e-02 9.225667815158831164e-01 3.745838734596270148e-01 1.683925817718011642e-01 -3.852734250410596584e-01 9.073082863969281764e-01 9.813696973857091166e-01 -2.085478441634915428e-02 -1.909937049743117843e-01 -4.134276620002636515e-01 1.507164873802718796e+00 1.662142840492055074e+00
1.583560844496170044e+09 1.097432678876325146e-01 9.256207138831774595e-01 3.621915371776547321e-01 1.778979046173419232e-01 -3.767998756894673784e-01 9.090512578597166327e-01 9.779104003120854260e-01 -3.532914013129020286e-02 -2.060172350528615415e-01 -4.145062583291935776e-01 1.509521556527694486e+00 1.669943738577925885e+00
1.583560844496179104e+09 1.268444801859373305e-01 9.282758699384471290e-01 3.495917441184080432e-01 1.876175739988715507e-01 -3.685292873890950172e-01 9.104865789600831150e-01 9.740175173622355187e-01 -4.990064185045207240e-02 -2.209067724951084000e-01 -4.154224836199646442e-01 1.511890010350923408e+00 1.677761813287047987e+00
1.583560844496189117e+09 1.437961106944221634e-01 9.305369813865728146e-01 3.367842116853081991e-01 1.975423325517421946e-01 -3.604625221312529604e-01 9.116160360546345931e-01 9.696905206081875006e-01 -6.455770163303090059e-02 -2.356535544443754682e-01 -4.161790559242360410e-01 1.514264292739763595e+00 1.685595185226422377e+00
1.583560844496197939e+09 1.605853447666248657e-01 9.324069212516654659e-01 3.237741198235996598e-01 2.076679254232671468e-01 -3.526059526380064812e-01 9.124379842585534917e-01 9.649281735743620025e-01 -7.928666845257358042e-02 -2.502543593384995990e-01 -4.167783518037246338e-01 1.516638639134576083e+00 1.693442137380021473e+00
1.583560844496207952e+09 1.771999331319616122e-01 9.338870833455619191e-01 3.105722133058906875e-01 2.179957620460679091e-01 -3.449719050849872071e-01 9.129470042862075640e-01 9.597281030540044666e-01 -9.407072174152121546e-02 -2.647124247918418161e-01 -4.172224447023254457e-01 1.519007415977031261e+00 1.701301082107090634e+00
1.583560844496217012e+09 1.936273181708295377e-01 9.349779813531167161e-01 2.971946104191585669e-01 2.285333858410563690e-01 -3.375787600696493751e-01 9.131336553369572284e-01 9.540864497414446310e-01 -1.088887301777597544e-01 -2.790381536274674223e-01 -4.175131442858716069e-01 1.521365079275948773e+00 1.709170532658214503e+00
1.583560844496226072e+09 2.098535718506617798e-01 9.356800769333393220e-01 2.836622506272408195e-01 2.392945674171584880e-01 -3.304505865980493784e-01 9.129844029471763101e-01 9.479976733910621123e-01 -1.237142023793819379e-01 -2.932493950454997389e-01 -4.176520369268373889e-01 1.523706138628627915e+00 1.717049078488345870e+00
1.583560844496234894e+09 2.258622193910688469e-01 9.359947263821394303e-01 2.700002415849606652e-01 2.502991673098225456e-01 -3.236165418583308306e-01 9.124815948186772996e-01 9.414545050435606521e-01 -1.385142824477832157e-01 -3.073714508716532401e-01 -4.176405278214304073e-01 1.526025126766920703e+00 1.724935363799652954e+00
1.583560844496243954e+09 2.416329918744966887e-01 9.359252310229679850e-01 2.562371159526970477e-01 2.615726657711562875e-01 -3.171099944151520855e-01 9.116035279476298880e-01 9.344480927972591555e-01 -1.532488623001375116e-01 -3.214366942199716193e-01 -4.174798855441334555e-01 1.528316574933560767e+00 1.732828068900893692e+00
1.583560844496259928e+09 2.571405897888492942e-01 9.354779610538717094e-01 2.424040055050783737e-01 2.731452501770980090e-01 -3.109673217593130201e-01 9.103246658784449608e-01 9.269683866044674536e-01 -1.678699186812021849e-01 -3.354836821034109517e-01 -4.171712898291006777e-01 1.530574994651537235e+00 1.740725894140751295e+00
1.583560844496277094e+09 2.723535905464540274e-01 9.346634993138410730e-01 2.285337287715590859e-01 2.850503513544987433e-01 -3.052263283739757305e-01 9.086160827671887485e-01 9.190047982934554938e-01 -1.823212328102180035e-01 -3.495556452125364588e-01 -4.167158827187885106e-01 1.532794866555387436e+00 1.748627546344688310e+00
1.583560844496285915e+09 2.872336628077444276e-01 9.334977049161415907e-01 2.146598664998090322e-01 2.973226664387000895e-01 -2.999243450288350266e-01 9.064461481433842005e-01 9.105471186878897338e-01 -1.965386033047023806e-01 -3.636983947998727595e-01 -4.161148223439340987e-01 1.534970636834543045e+00 1.756531727806175391e+00
1.583560844496295929e+09 3.017352743264110071e-01 9.320025879245051881e-01 2.008158378927396293e-01 3.099957109134474642e-01 -2.950960457201171061e-01 9.037814908587080698e-01 9.015866479839561576e-01 -2.104507075634500790e-01 -3.779576909958077824e-01 -4.153693380624738363e-01 1.537096721607802419e+00 1.764437127934023630e+00
1.583560844496304989e+09 3.158060045978262620e-01 9.302068612479587051e-01 1.870341230004601840e-01 3.230992216599076206e-01 -2.907712226849759607e-01 9.005881351784611466e-01 8.921174030387121201e-01 -2.239805611097400451e-01 -3.923764108100987746e-01 -4.144807847835484949e-01 1.539167519025541608e+00 1.772342417655718316e+00
1.583560844496314049e+09 3.293875231936874703e-01 9.281460810007597928e-01 1.733456440370848284e-01 3.366566436902234116e-01 -2.869726605037646872e-01 8.968327584258937168e-01 8.821372706140668818e-01 -2.370475582110713464e-01 -4.069917582206287743e-01 -4.134506939615161802e-01 1.541177428332939359e+00 1.780246246597028570e+00
1.583560844496323109e+09 3.424171584963356385e-01 9.258623236375638221e-01 1.597793718072487990e-01 3.506830487177428068e-01 -2.837143373536922808e-01 8.924839350515823000e-01 8.716489484264794418e-01 -2.495698957285344133e-01 -4.218328794355016842e-01 -4.122808186212216230e-01 1.543120874521202834e+00 1.788147242930462344e+00
1.583560844496331930e+09 3.548298858108278608e-01 9.234034167118546632e-01 1.463621623225091484e-01 3.651837272313384619e-01 -2.810001081556032232e-01 8.875132589348393441e-01 8.606605590388493043e-01 -2.614671482711961037e-01 -4.369191376097517621e-01 -4.109731695886862379e-01 1.544992336445925929e+00 1.796044015608702082e+00
1.583560844496340990e+09 3.665605278619901153e-01 9.208217921231909298e-01 1.331187702164764175e-01 3.801535385205681572e-01 -2.788229309490621310e-01 8.818962867199509059e-01 8.491858848027218354e-01 -2.726627967469750780e-01 -4.522591432372836118e-01 -4.095300414001223355e-01 1.546786376233437732e+00 1.803935158538106709e+00
1.583560844496350050e+09 3.775459248115928812e-01 9.181730713963869306e-01 1.200720035647666606e-01 3.955770298682256270e-01 -2.771646661210678264e-01 8.756132488135399683e-01 8.372442227229778267e-01 -2.830864871673066663e-01 -4.678505665488248977e-01 -4.079540268965559657e-01 1.548497667589620042e+00 1.811819256117361387e+00
1.583560844496360064e+09 3.877267383750307994e-01 9.155145543875710112e-01 1.072430765735513936e-01 4.114293481916225792e-01 -2.759964825275613154e-01 8.686494306002868759e-01 8.248599082143612815e-01 -2.926756613311189970e-01 -4.836807722090812889e-01 -4.062480206452198650e-01 1.550121020907425207e+00 1.819694889497393664e+00
1.583560844496368885e+09 3.970488142729394210e-01 9.129037375384003727e-01 9.465202318093945966e-02 4.276776180577816500e-01 -2.752796716345430883e-01 8.609953296042741622e-01 8.120616321928791903e-01 -3.013766228002336400e-01 -4.997279630654543059e-01 -4.044152128003303259e-01 1.551651403926083805e+00 1.827560642969306315e+00
1.583560844496377945e+09 4.054640879448703217e-01 9.103969491434608097e-01 8.231809519592876712e-02 4.442825347618366560e-01 -2.749667189386619803e-01 8.526466636215007666e-01 7.988816577405678521e-01 -3.091451097177954632e-01 -5.159625939765787317e-01 -4.024590758147109648e-01 1.553083957551266270e+00 1.835415110020974128e+00
1.583560844496387005e+09 4.129310036964907171e-01 9.080481807058056187e-01 7.026014604637507988e-02 4.612000306979583408e-01 -2.750025330163543558e-01 8.436042548031413846e-01 7.853550268830836734e-01 -3.159463700478857273e-01 -5.323489206552604047e-01 -4.003833465008567183e-01 1.554414007049807145e+00 1.843256898758792062e+00
1.583560844496396065e+09 4.194145625235896069e-01 9.059081263659408689e-01 5.849693792557882077e-02 4.783828249146047096e-01 -2.753257024980194645e-01 8.338738697032466174e-01 7.715188254009455182e-01 -3.217549137498711964e-01 -5.488464975287203895e-01 -3.981920052874979299e-01 1.555637068870795670e+00 1.851084636486287405e+00
1.583560844496404886e+09 4.248860850513601628e-01 9.040234293904768625e-01 4.704736190459900269e-02 4.957817758571332334e-01 -2.758697119345858706e-01 8.234660484611665554e-01 7.574115432402457326e-01 -3.265540407704936587e-01 -5.654115429867675457e-01 -3.958892540567270357e-01 1.556748853361738183e+00 1.858896973299104749e+00
1.583560844496414900e+09 4.293227302392271794e-01 9.024361395433605493e-01 3.593059650749780981e-02 5.133470237004394976e-01 -2.765640750007811177e-01 8.123959292611178107e-01 7.430725583219253139e-01 -3.303351735098701281e-01 -5.819981499376933876e-01 -3.934794940990862799e-01 1.557745264174635880e+00 1.866692584686336254e+00
1.583560844496423960e+09 4.327068581063405750e-01 9.011833541324415497e-01 2.516619958822710612e-02 5.310288961941890262e-01 -2.773353443865717027e-01 8.006830948408585336e-01 7.285417535905538422e-01 -3.330970870195910649e-01 -5.985593071818769983e-01 -3.909673051223833684e-01 1.558622394983481874e+00 1.874470173165547537e+00
