1.583560846349863052e+09 -5.811554121783423649e-02 9.150757929368793508e-01 3.990725217306022032e-01 3.035920171257385641e-02 -3.979432859206948891e-01 9.169075527851294760e-01 9.978481362899922491e-01 6.540210191347109459e-02 -4.654281122984005488e-03 -4.884122474726891872e-01 1.568787565433974684e+00 1.682140605957364254e+00
1.583560846349915028e+09 -4.068252091182308905e-02 9.219249349078690869e-01 3.852263587008327717e-01 3.179938962157332488e-02 -3.841555856345655884e-01 9.227205888771849995e-01 9.986659760255436336e-01 4.978856278117430034e-02 -1.368823253806596314e-02 -4.926642126437857372e-01 1.578187336815211728e+00 1.694093997073238045e+00
1.583560846349940062e+09 -2.301186586435106929e-02 9.281946336132661513e-01 3.713827900044613939e-01 3.335165937865831182e-02 -3.705616369096084162e-01 9.282088883219989928e-01 9.991787233560307513e-01 3.374605080323542228e-02 -2.242951655031055411e-02 -4.965984352659084666e-01 1.587768700932884247e+00 1.706011959273586731e+00
1.583560846349958897e+09 -5.143605035268348884e-03 9.338899067462927972e-01 3.575236858659354144e-01 3.501849985874870563e-02 -3.571409067064810205e-01 9.333938491959945516e-01 9.993734278829086159e-01 1.732095250957361998e-02 -3.086643177641992114e-02 -5.002217184251070980e-01 1.597522815204550417e+00 1.717888303110320480e+00
1.583560846349977016e+09 1.286295325170399087e-02 9.390246789288065887e-01 3.436090763452249730e-01 3.682288790226962566e-02 -3.438492586032770859e-01 9.383025964884212922e-01 9.992390203180393504e-01 5.833361340996089670e-04 -3.900051740274827761e-02 -5.035437836214451401e-01 1.607438775731471647e+00 1.729718606515753487e+00
1.583560846349993944e+09 3.093420489731277256e-02 9.436203256345135904e-01 3.295811835759255848e-01 3.880610942004512204e-02 -3.306242192063640339e-01 9.429643216146945672e-01 9.987678214718180847e-01 -1.638008799055735293e-02 -4.684583092167853707e-02 -5.065767821524134185e-01 1.617504234320834122e+00 1.741500199459908194e+00
1.583560846350013018e+09 4.898581233129811058e-02 9.477040143324029220e-01 3.153688189390542185e-01 4.102433978216185606e-02 -3.173905266589970853e-01 9.474071233767253908e-01 9.979566093306996288e-01 -3.347170988545403875e-02 -5.442656424394069770e-02 -5.093348186381575493e-01 1.627705969320262458e+00 1.753232049559083627e+00
1.583560846350029945e+09 6.692488896886804317e-02 9.513070111629281511e-01 3.008920575543390097e-01 4.354498658970590297e-02 -3.040656467926443618e-01 9.516553561431118080e-01 9.968073503708049232e-01 -5.058708835435730272e-02 -6.177421066631686580e-02 -5.118334854248383081e-01 1.638030394512214105e+00 1.764914574018707993e+00
1.583560846350049019e+09 8.465101989029530372e-02 9.544631365990008387e-01 2.860669960964605796e-01 4.644354807370776328e-02 -2.905649962303403777e-01 9.557274612044939222e-01 9.953276857650837917e-01 -6.761733795743461728e-02 -6.892527781558417665e-02 -5.140894077000537354e-01 1.648463996404178067e+00 1.776549402562910496e+00
1.583560846350064039e+09 1.020564691744407088e-01 9.572074825406866605e-01 2.708104743511413615e-01 4.980136525984089207e-02 -2.768068071369421124e-01 9.596342093909052684e-01 9.935312282446403520e-01 -8.445014767080150087e-02 -7.592016481778207648e-02 -5.161198008116675284e-01 1.658993695245813971e+00 1.788139114169398303e+00
1.583560846350081921e+09 1.188534888209241552e-01 9.595538527498083115e-01 2.552062938460110120e-01 5.366331575100771745e-02 -2.628602902866625790e-01 9.633403949930778865e-01 9.914605877793841726e-01 -1.008011508455007865e-01 -8.273470392322487821e-02 -5.179420460210879540e-01 1.669607127966029392e+00 1.799686968398431564e+00
1.583560846350100040e+09 1.356507248863904613e-01 9.613678734961702554e-01 2.395218010907800843e-01 5.768705363720258439e-02 -2.490102857636748157e-01 9.667812998392922852e-01 9.890758742712302265e-01 -1.173272770457850500e-01 -8.923690582100142488e-02 -5.194882036186034835e-01 1.680322469099450267e+00 1.811180850687843291e+00
1.583560846350114107e+09 1.524555822143337791e-01 9.626414836130844366e-01 2.237826401430882128e-01 6.186394599991019982e-02 -2.352806951841878158e-01 9.699566211699188756e-01 9.863722157607733854e-01 -1.340312241363865453e-01 -9.542265609679345673e-02 -5.207571812433859915e-01 1.691128564910315601e+00 1.822623597653453276e+00
1.583560846350128889e+09 1.692819250463903635e-01 9.633642186649615802e-01 2.080216637736535812e-01 6.618200329608428523e-02 -2.217028285915355612e-01 9.728657659341443109e-01 9.833430595082487402e-01 -1.509212991263653436e-01 -1.012876554761237557e-01 -5.217475303332473890e-01 1.702014558863611970e+00 1.834018017925400201e+00
1.583560846350147009e+09 1.861498266078132624e-01 9.635231500891834333e-01 1.922794368793002973e-01 7.062683168369900122e-02 -2.083160557257983936e-01 9.755082120954023939e-01 9.799796391221270442e-01 -1.680105970021831263e-01 -1.068285849663787729e-01 -5.224574979862216528e-01 1.712969797370997638e+00 1.845366901755219891e+00
1.583560846350161076e+09 2.030848872301393993e-01 9.631029920230974595e-01 1.766045183040393374e-01 7.518265579600788562e-02 -1.951683009932431434e-01 9.778838902688139489e-01 9.762705041344695855e-01 -1.853158427545731346e-01 -1.120443731120581432e-01 -5.228850873390220588e-01 1.723983745654083632e+00 1.856673031931701523e+00
1.583560846350176096e+09 2.201170221246979142e-01 9.620864281926210237e-01 1.610534129071547471e-01 7.983337104566769205e-02 -1.823162550325511666e-01 9.799935797293727324e-01 9.722011776573624697e-01 -2.028558314833774634e-01 -1.169375139110986894e-01 -5.230281283219772037e-01 1.735045913867630851e+00 1.867939195551008069e+00
1.583560846350193024e+09 2.372786382440192909e-01 9.604547151582430997e-01 1.456900426037565366e-01 8.456357692211417809e-02 -1.698251241245857246e-01 9.818393091369924663e-01 9.677540233418472360e-01 -2.206494230007380042e-01 -1.215153603458930393e-01 -5.228843595819021584e-01 1.746145794365917325e+00 1.879168196062080298e+00
1.583560846350209951e+09 2.546022821598896702e-01 9.581885617451462167e-01 1.305846798451731350e-01 8.935947704061922292e-02 -1.577678300121743704e-01 9.834247281661553375e-01 9.629083872250908671e-01 -2.387132012977992712e-01 -1.257912783249074129e-01 -5.224515207277784512e-01 1.757272811485255382e+00 1.890362864862752401e+00
1.583560846350227118e+09 2.721178632839811318e-01 9.552692788807309876e-01 1.158122353595297804e-01 9.420957657546452646e-02 -1.462235187289318561e-01 9.847554206727685555e-01 9.576410729354891682e-01 -2.570589191459307643e-01 -1.297855457259187162e-01 -5.217274529282386331e-01 1.768416285247752739e+00 1.901526071719677580e+00
1.583560846350243092e+09 2.898498276612294089e-01 9.516800741502269290e-01 1.014500587515678315e-01 9.910504446093718056e-02 -1.352755173827089874e-01 9.858390968366166351e-01 9.519271337557445589e-01 -2.756910796031585842e-01 -1.335258814301603092e-01 -5.207102039029058993e-01 1.779565410155574012e+00 1.912660733241897892e+00
1.583560846350260973e+09 3.078145643604193182e-01 9.474073866984933368e-01 8.757532841650736422e-02 1.040397315835817488e-01 -1.250088024771910389e-01 9.866856307090089429e-01 9.457409416095229338e-01 -2.946048937779424670e-01 -1.370475402570353329e-01 -5.193981323152346841e-01 1.790709249514409684e+00 1.923769818780197927e+00
1.583560846350279093e+09 3.260184083396555077e-01 9.424420986143522416e-01 7.426229685092841648e-02 1.090098488535238830e-01 -1.155072510349974407e-01 9.873069067436274215e-01 9.390574267301874389e-01 -3.137849043822691919e-01 -1.403929608262904638e-01 -5.177900058908195824e-01 1.801836744743534391e+00 1.934856353330393075e+00
1.583560846350296974e+09 3.444564693446555692e-01 9.367804909752586173e-01 6.157964765480664071e-02 1.140133853086092303e-01 -1.068509446510035044e-01 9.877164693828177633e-01 9.318533624564314666e-01 -3.332044235159588030e-01 -1.436110141769201543e-01 -5.158850866844826299e-01 1.812936737923829256e+00 1.945923417223687224e+00
1.583560846350315094e+09 3.631123430298102139e-01 9.304248720933351313e-01 4.958814656775106799e-02 1.190493923392233339e-01 -9.911372186745726065e-02 9.879290018081471336e-01 9.241085807150505316e-01 -3.528257757273748907e-01 -1.467559313829408241e-01 -5.136831991542339937e-01 1.823998004762968472e+00 1.956974142820711693e+00
1.583560846350338936e+09 3.819586671558602986e-01 9.233838396321987219e-01 3.833877725148550353e-02 1.241172487970615967e-01 -9.236118421996813987e-02 9.879596755399147057e-01 9.158070132771525262e-01 -3.726012571639190640e-01 -1.498860165496825048e-01 -5.111847774823762292e-01 1.835009294373145972e+00 1.968011708642635638e+00
1.583560846350358963e+09 4.009584552913660338e-01 9.156721506041182179e-01 2.787167538762495844e-02 1.292159817691063417e-01 -8.664949999379860379e-02 9.878234126090912337e-01 9.069374551874331836e-01 -3.924746835631138797e-01 -1.530623255574653507e-01 -5.083908907919942877e-01 1.845959371903954205e+00 1.979039331606499585e+00
1.583560846350375891e+09 4.200668602378268557e-01 9.073103225380342307e-01 1.821571015318217829e-02 1.343437484740776233e-01 -8.202484918914845768e-02 9.875341420193184394e-01 8.974940616048496800e-01 -4.123831994699667658e-01 -1.563473905884808779e-01 -5.053032481467304438e-01 1.856837060508486514e+00 1.990060258179165764e+00
1.583560846350400925e+09 4.392331032901529153e-01 8.983240707340106601e-01 9.388581602167983889e-03 1.394975166576392367e-01 -7.852337144973604854e-02 9.871041096434146622e-01 8.874766049111634247e-01 -4.322591173639568352e-01 -1.598040411127665816e-01 -5.019241872794243386e-01 1.867631280063722254e+00 2.001077755211162490e+00
1.583560846350433111e+09 4.584024014155454463e-01 8.887436560747699055e-01 1.397395375278522728e-03 1.446729352462269302e-01 -7.617158394925184484e-02 9.865432742147214329e-01 8.768905180420205614e-01 -4.520316405389610548e-01 -1.634943903763529660e-01 -4.982566516097278186e-01 1.878331081094184674e+00 2.012095101035867639e+00
1.583560846350558043e+09 4.775177218223099485e-01 8.786032339110781963e-01 -5.760491051011415106e-03 1.498643791391064961e-01 -7.498705163626176451e-02 9.858588186168193435e-01 8.657467838018757522e-01 -4.716283493444867747e-01 -1.674789741913471353e-01 -4.943041589930788904e-01 1.888925672913751574e+00 2.023115577218530969e+00
1.583560846350627899e+09 4.965212928854473295e-01 8.679402524646607775e-01 -1.209646284941937391e-02 1.550651327610999275e-01 -7.497919527588185751e-02 9.850547828268048089e-01 8.540617136774406593e-01 -4.909764137712176457e-01 -1.718160374225591314e-01 -4.900707648455991383e-01 1.899404445385100670e+00 2.034142461206570829e+00
1.583560846350655079e+09 5.153558507525524135e-01 8.567949274134075699e-01 -1.762952081847904418e-02 1.602676760169401138e-01 -7.615020849997039543e-02 9.841318092928100780e-01 8.418566502557263131e-01 -5.100035279792110021e-01 -1.765609872929142787e-01 -4.855610229582334458e-01 1.909756984537365421e+00 2.045179020009447957e+00
1.583560846350672007e+09 5.339656086999921003e-01 8.452098173645055113e-01 -2.238512691116178316e-02 1.654640425654319014e-01 -7.849598982798833280e-02 9.830869902970077456e-01 8.291576326658833818e-01 -5.286385765849798135e-01 -1.817659921519898525e-01 -4.807799461226444082e-01 1.919973082433448441e+00 2.056228504932659185e+00
