1.583560846239665031e+09 -1.604716882368009689e-01 8.630088285724015762e-01 4.790246336135749461e-01 2.631832513624303080e-02 -4.814004150132675797e-01 8.761055795206187380e-01 9.866895070761506625e-01 1.531972674972582327e-01 5.453819039228842425e-02 -4.590962505538696559e-01 1.523535973193296922e+00 1.618458999657545805e+00
1.583560846239856005e+09 -1.438728647648080117e-01 8.729921892881692402e-01 4.660313688529268417e-01 2.644293546973516471e-02 -4.673712642016077945e-01 8.836655888076133669e-01 9.892428267555928301e-01 1.394587371954620902e-01 4.415756658677200824e-02 -4.648778728733883869e-01 1.530425912046037951e+00 1.629090639788797645e+00
1.583560846239887953e+09 -1.270758077700702149e-01 8.824602961926216738e-01 4.528968593993404346e-01 2.680214562143500012e-02 -4.533768709581741385e-01 8.909158535751892094e-01 9.915308287749766691e-01 1.253524593558575095e-01 3.396140276251617685e-02 -4.702794470400001869e-01 1.537609614377067890e+00 1.639727726017061959e+00
1.583560846239909887e+09 -1.100770724719889876e-01 8.914029455692191739e-01 4.396405660084090061e-01 2.737899433502892846e-02 -4.394412591404428525e-01 8.978539807325843780e-01 9.935458867760321722e-01 1.108700543077793255e-01 2.396669115763773103e-02 -4.753168584706293776e-01 1.545061795793335024e+00 1.650358796735801548e+00
1.583560846239928961e+09 -9.289291748360649359e-02 8.998167709435216377e-01 4.262636333869027627e-01 2.816293425510911844e-02 -4.255689306851318521e-01 9.044876641807939599e-01 9.952777277541134948e-01 9.602533267640347980e-02 1.419085902453373800e-02 -4.800067290578486912e-01 1.552757788343468670e+00 1.660975152000291999e+00
1.583560846239948034e+09 -7.555647305563713279e-02 9.077047468479462200e-01 4.127509085062882610e-01 2.915292862791544690e-02 -4.117463074657151667e-01 9.108320840470486290e-01 9.967152685114618604e-01 8.085215763903119690e-02 4.647847109185007479e-03 -4.843661167183203609e-01 1.560673879752826343e+00 1.671570501095802408e+00
1.583560846239967108e+09 -5.811554121783423649e-02 9.150757929368793508e-01 3.990725217306022032e-01 3.035920171257385641e-02 -3.979432859206948891e-01 9.169075527851294760e-01 9.978481362899922491e-01 6.540210191347109459e-02 -4.654281122984006355e-03 -4.884122474726891872e-01 1.568787565433974684e+00 1.682140605957364254e+00
1.583560846239985943e+09 -4.063118996060085392e-02 9.219443896568526586e-01 3.851852143336081391e-01 3.180401662155044745e-02 -3.841148800942227326e-01 9.227373752663210471e-01 9.986679184253987041e-01 4.974235459472158005e-02 -1.371449001349708298e-02 -4.921622812502570166e-01 1.577077722759425038e+00 1.692682936070494915e+00
1.583560846240004063e+09 -2.317710892013164631e-02 9.283301109007454643e-01 3.710337280962172635e-01 3.352177032583140981e-02 -3.702030878371311839e-01 9.283458218631727155e-01 9.991692113482250059e-01 3.395407970894066818e-02 -2.253903145824748960e-02 -4.956331113148572109e-01 1.585524718187826920e+00 1.703196346213908585e+00
1.583560846240022898e+09 -5.839639415259115923e-03 9.342570095720841294e-01 3.565525757238353077e-01 3.555864161526931660e-02 -3.561391521992730014e-01 9.337561178286792885e-01 9.993505300923271051e-01 1.813132435709033721e-02 -3.114118593646966748e-02 -4.988411939716163590e-01 1.594110459263435864e+00 1.713680784289976611e+00
1.583560846240041971e+09 1.105749365041903964e-02 9.396841122339379959e-01 3.418647417147042122e-01 3.793880216700019209e-02 -3.420337307729583998e-01 9.389214954451150508e-01 9.992188846816206782e-01 2.587820403666024009e-03 -3.943252542588669696e-02 -5.018024029927385943e-01 1.602818403406528702e+00 1.724137032941646552e+00
1.583560846240058899e+09 2.806435054129999621e-02 9.445728700105887610e-01 3.271001162442915833e-01 4.047681530518859594e-02 -3.280344613679282983e-01 9.437981881117537553e-01 9.987862734508675677e-01 -1.324711212185151164e-02 -4.743937570043278706e-02 -5.044822912624744582e-01 1.611654745656476706e+00 1.734561400569233136e+00
1.583560846240075111e+09 4.515523146613403815e-02 9.489250426061053290e-01 3.122535334701844745e-01 4.318664100047436144e-02 -3.141344257340825119e-01 9.483957385569806720e-01 9.980460507888473387e-01 -2.933984776283674392e-02 -5.516569784137709265e-02 -5.068858018258731724e-01 1.620605197779254381e+00 1.744955761045045017e+00
1.583560846240091085e+09 6.230631401411688974e-02 9.527424816626592907e-01 2.973208493322092583e-01 4.608012599434892220e-02 -3.003280304937683276e-01 9.527222556408061482e-01 9.969927510316946018e-01 -4.566002974404758524e-02 -6.261482615414137864e-02 -5.090172165888993128e-01 1.629656507595389714e+00 1.755322103102492814e+00
1.583560846240108967e+09 7.949669365525419140e-02 9.560266127108534295e-01 2.823001807737099966e-01 4.916650941823910020e-02 -2.866122490766493391e-01 9.567842355181640501e-01 9.956218812579278321e-01 -6.218146867811834982e-02 -6.978921760375382533e-02 -5.108801826128870349e-01 1.638796301081158147e+00 1.765662495675448307e+00
1.583560846240128994e+09 9.670931491708974204e-02 9.587779523384551972e-01 2.671930895369880044e-01 5.245220881565501592e-02 -2.729878082016695129e-01 9.605864993163467647e-01 9.939296124934682286e-01 -7.888279444662836537e-02 -7.669048525835918395e-02 -5.124777474717644443e-01 1.648012937977149539e+00 1.775979063747300302e+00
1.583560846240147114e+09 1.139317713331197690e-01 9.609956792490702560e-01 2.520056676423977904e-01 5.594087833303395402e-02 -2.594603042374757362e-01 9.641322362422861669e-01 9.919123802069502727e-01 -9.574787498315266709e-02 -8.331971440589946987e-02 -5.138123992657703809e-01 1.657295381331362893e+00 1.786273971998313614e+00
1.583560846240165949e+09 1.311570194543312251e-01 9.626772446285676299e-01 2.367495712785560313e-01 5.963368728841812044e-02 -2.460413254474593248e-01 9.674231182981264388e-01 9.895663999887570617e-01 -1.127660827453200038e-01 -8.967804065575057937e-02 -5.148861116125156290e-01 1.666633079693972119e+00 1.796549414422743407e+00
1.583560846240184069e+09 1.483839061765427625e-01 9.638180583797574252e-01 2.214429211043791867e-01 6.352982327211399716e-02 -2.327495173865208045e-01 9.704594911775460409e-01 9.868871152995227769e-01 -1.299323403377063701e-01 -9.576747344709615750e-02 -5.157003930138406300e-01 1.676015861236435533e+00 1.806807608330954773e+00
1.583560846240200996e+09 1.656173741921793119e-01 9.644113015318032112e-01 2.061109590046006079e-01 6.762720477509245876e-02 -2.196114901160630961e-01 9.732406459291227385e-01 9.838686126431790413e-01 -1.472468520940777847e-01 -1.015919188924911121e-01 -5.162563394035928344e-01 1.685433839266409439e+00 1.817050791399290821e+00
1.583560846240219116e+09 1.828681619625643351e-01 9.644479382479258511e-01 1.907862949169390754e-01 7.192336441601504538e-02 -2.066623909626743583e-01 9.757651798039822522e-01 9.805030675112685890e-01 -1.647143926080078813e-01 -1.071583120856954008e-01 -5.165546902112910788e-01 1.694877328416701356e+00 1.827281220784064741e+00
1.583560846240235090e+09 2.001521715314337480e-01 9.639168608618501333e-01 1.755089574804175323e-01 7.641634377675110557e-02 -1.939463560607262438e-01 9.780313664089641534e-01 9.767802470595299269e-01 -1.823433488628405930e-01 -1.124777865184744541e-01 -5.165958888287911499e-01 1.704336771040053655e+00 1.837501173516957742e+00
1.583560846240251064e+09 2.174894253709441228e-01 9.628052064827152812e-01 1.603261825154188858e-01 8.110553525590907809e-02 -1.815167504042613511e-01 9.800375308011197717e-01 9.726871246277006833e-01 -2.001444584442696462e-01 -1.175668053399149260e-01 -5.163801489627970476e-01 1.713802673719380110e+00 1.847712947540555151e+00
1.583560846240269899e+09 2.349025484636739491e-01 9.610988874928879655e-01 1.452918502999370753e-01 8.599239051134391354e-02 -1.694360682526876993e-01 9.817824238875134668e-01 9.682076749936041615e-01 -2.181291997515963921e-01 -1.224481550677469915e-01 -5.159075284077446755e-01 1.723265554319949766e+00 1.857918862809832872e+00
1.583560846240287066e+09 2.524147409547479182e-01 9.587833775813416892e-01 1.304654513686928086e-01 9.108090257228587672e-02 -1.577753170642476332e-01 9.832655891554020755e-01 9.633229303591850368e-01 -2.363078177797468538e-01 -1.271516711673665312e-01 -5.151780107240530038e-01 1.732715900483737803e+00 1.868121261903534780e+00
1.583560846240305901e+09 2.700473682173837320e-01 9.558447352166624666e-01 1.159105761172300186e-01 9.637776155637287068e-02 -1.466128240502887758e-01 9.844876876866505144e-01 9.580113498388709292e-01 -2.546871070996675201e-01 -1.317145832373717296e-01 -5.141915938044794299e-01 1.742144140631829874e+00 1.878322509636242366e+00
1.583560846240325928e+09 2.878173151269938779e-01 9.522708402257902272e-01 1.016928736300199976e-01 1.018921188893412710e-01 -1.360323451436490638e-01 9.854507585304226325e-01 9.522495416899137144e-01 -2.732680890001455976e-01 -1.361813579967734444e-01 -5.129483833355847899e-01 1.751540628389056886e+00 1.888524991270217335e+00
1.583560846240346909e+09 3.057344867796567001e-01 9.480527066265060920e-01 8.787769700049519184e-02 1.076349489346436483e-01 -1.261206681286836107e-01 9.861583519617105331e-01 9.460132883803894499e-01 -2.920439060473046800e-01 -1.406030423875764268e-01 -5.114486874812824713e-01 1.760895640824137853e+00 1.898731109073631407e+00
1.583560846240365982e+09 3.237997262411073662e-01 9.431857626935198358e-01 7.452754468518514586e-02 1.136180735267743880e-01 -1.169647986902203479e-01 9.866155125177419327e-01 9.392788037045821659e-01 -3.109981566584025803e-01 -1.450361191105589698e-01 -5.096931083528861706e-01 1.770199390098049497e+00 1.908943277173742459e+00
1.583560846240385056e+09 3.420034609658218483e-01 9.376709422140216965e-01 6.169957368769466571e-02 1.198529825650802155e-01 -1.086490293803083068e-01 9.868285825259610622e-01 9.320240853624822686e-01 -3.301039125219176196e-01 -1.495410031470907342e-01 -5.076826254156249218e-01 1.779442047150364248e+00 1.919163914869339571e+00
1.583560846240405083e+09 3.603252355755315883e-01 9.315154715139825070e-01 4.944341731611264640e-02 1.263496220011038063e-01 -1.012521673147386697e-01 9.868048297102484101e-01 9.242302191929405719e-01 -3.493235254873556794e-01 -1.541803387333849362e-01 -5.054186654152750258e-01 1.788613774860853933e+00 1.929395438795582729e+00
1.583560846240425110e+09 3.787341160174676480e-01 9.247332977284763444e-01 3.779944463956247391e-02 1.331153085968729277e-01 -9.484510212573361854e-02 9.865519355437627480e-01 9.158825167166194658e-01 -3.686091903145460313e-01 -1.590172341879130535e-01 -5.029031555469828385e-01 1.797704767544312077e+00 1.939640254463176339e+00
1.583560846240453005e+09 3.971898575425186206e-01 9.173451404461236969e-01 2.679759212336398425e-02 1.401539010699146548e-01 -8.948890027030144412e-02 9.860773910036284562e-01 9.069713895870805676e-01 -3.879041512180923523e-01 -1.641135835893512418e-01 -5.001385574075005724e-01 1.806705293078542995e+00 1.949900747782949750e+00
1.583560846240468979e+09 4.156446863715936857e-01 9.093781735407191480e-01 1.645699721030608256e-02 1.474653415432196080e-01 -8.523374847935903664e-02 9.853878330225743776e-01 8.974928791849079435e-01 -4.071443799273118946e-01 -1.695287175857720374e-01 -4.971278812542558323e-01 1.815605734008518768e+00 1.960179277166161693e+00
1.583560846240484953e+09 4.340453432565279934e-01 9.008654658934179826e-01 6.786231379235846059e-03 1.550455512100667177e-01 -8.211854984861127749e-02 9.844884057854382808e-01 8.874488816286886239e-01 -4.262604328628991635e-01 -1.753183568592044383e-01 -4.938746828336805783e-01 1.824396624862145710e+00 1.970478166619108906e+00
1.583560846240499973e+09 4.523351362600809278e-01 8.918452860730143872e-01 -2.216030751557810687e-03 1.628866255052990597e-01 -8.017101163008644171e-02 9.833822026205940592e-01 8.768471201962450001e-01 -4.451792842117078819e-01 -1.815338345669776088e-01 -4.903830466614951256e-01 1.833068684059893760e+00 1.980799700034181932e+00
1.583560846240515947e+09 4.704558423127532807e-01 8.823603504184657220e-01 -1.055997261241271336e-02 1.709772764128861255e-01 -7.940817866275334813e-02 9.820698103582667926e-01 8.657009136232863833e-01 -4.638259950167372692e-01 -1.882216110833938305e-01 -4.866575599882246861e-01 1.841612839792497347e+00 1.991146116698385704e+00
1.583560846240531921e+09 4.883493281369669092e-01 8.724570943288511016e-01 -1.826342908125199241e-02 1.793034266667205556e-01 -7.983718818582201393e-02 9.805489813738933469e-01 8.540288141281887624e-01 -4.821251314908229224e-01 -1.954229838172669431e-01 -4.827032806106514862e-01 1.850020249556189267e+00 2.001519607990744909e+00
1.583560846240546942e+09 5.059588496175547734e-01 8.621850087213631664e-01 -2.535061751117940326e-02 1.878488865449184364e-01 -8.145613247546429347e-02 9.788144331849628621e-01 8.418541671740699117e-01 -5.000019096867660551e-01 -2.031739449376511741e-01 -4.785257009283916951e-01 1.858282313243049488e+00 2.011922315213086065e+00
1.583560846240561962e+09 5.232300267490354040e-01 8.515960683438600354e-01 -3.185084092858744137e-02 1.965960726361052902e-01 -8.425500071190411555e-02 9.768577580099994107e-01 8.292046332518498986e-01 -5.173830608973565282e-01 -2.115051887553475174e-01 -4.741307110767662980e-01 1.866390680521891277e+00 2.022356328352541865e+00
1.583560846240586042e+09 5.401115079252657436e-01 8.407442703620772173e-01 -3.779724114811198327e-02 2.055267226211400511e-01 -8.821660867361356961e-02 9.746674286893790562e-01 8.161117115765854635e-01 -5.341974375358765625e-01 -2.204422199532730109e-01 -4.695245629065320503e-01 1.874337253187426278e+00 2.032823685603611263e+00
