1.583560845616491079e+09 -3.643514213375982358e-01 6.717993645169400008e-01 6.449291868955073781e-01 5.998670453313034029e-02 -6.741640268451799534e-01 7.361416035344121589e-01 9.293275188936752640e-01 3.069014161026011878e-01 2.053335914202712165e-01 -3.461542370222396858e-01 1.479005694629947909e+00 1.496458603020998313e+00
1.583560845616533041e+09 -3.523510207919713366e-01 6.885696849737856784e-01 6.338142847776953026e-01 5.426832851004993741e-02 -6.610751673045829335e-01 7.483545763615946367e-01 9.342931590200922454e-01 2.980795406893072541e-01 1.955629841644283273e-01 -3.560376329619980851e-01 1.478608801595552746e+00 1.502849911591118914e+00
1.583560845616550922e+09 -3.397883722656968031e-01 7.048629070507569372e-01 6.226653554236403210e-01 4.933470995947855653e-02 -6.477868048090954511e-01 7.602225609497076375e-01 9.392070851470917248e-01 2.890338012330267436e-01 1.853362169122408365e-01 -3.656380898480441344e-01 1.478782705970123290e+00 1.509668184799041191e+00
1.583560845616564035e+09 -3.267143500003065748e-01 7.206734247181630915e-01 6.114634485555214827e-01 4.508250481005907084e-02 -6.343472028669866480e-01 7.717325924472662191e-01 9.440472983853815947e-01 2.797024161561075806e-01 1.747605709347223313e-01 -3.749260606545860575e-01 1.479525199420509862e+00 1.516870279396770771e+00
1.583560845616578102e+09 -3.131987642149655637e-01 7.360068523323081147e-01 6.001670166949258922e-01 4.140240455255048829e-02 -6.207797779661198279e-01 7.828909939698313059e-01 9.487846833277334690e-01 2.700488494339668422e-01 1.639550058666039700e-01 -3.838759114083009627e-01 1.480827439494205366e+00 1.524412971701980313e+00
1.583560845616590023e+09 -2.993259415416592018e-01 7.508775722062211999e-01 5.887162752950527711e-01 3.818857475482726610e-02 -6.070831662744808899e-01 7.937201410205757535e-01 9.533863927105741265e-01 2.600632640066753432e-01 1.530407960522541244e-01 -3.924662927195554651e-01 1.482674668174835064e+00 1.532253951239826995e+00
1.583560845616601944e+09 -2.851920395888004056e-01 7.653061706635523320e-01 5.770372312294814732e-01 3.534464588700605286e-02 -5.932329373962329511e-01 8.042545854873711653e-01 9.578184884890840189e-01 2.497621821752559201e-01 1.421358357797677663e-01 -4.006803295528104658e-01 1.485047053673028028e+00 1.540352670330405793e+00
1.583560845616614103e+09 -2.709041679539298531e-01 7.793171346709842906e-01 5.650448972657565738e-01 3.278707838309562195e-02 -5.791839449568979559e-01 8.145372708984730536e-01 9.620477844722298277e-01 2.391877129704592098e-01 1.313518127290084214e-01 -4.085056411608228299e-01 1.487920602564634764e+00 1.548671028333892030e+00
1.583560845616626978e+09 -2.565812351444458073e-01 7.929368807510724926e-01 5.526456128997004891e-01 3.044675289822360367e-02 -5.648727398519379772e-01 8.246161430043479346e-01 9.660429935279053471e-01 2.284072929057809620e-01 1.207933920240900627e-01 -4.159342097032123764e-01 1.491268094718807724e+00 1.557173882586362579e+00
1.583560845616645098e+09 -2.423564086364115022e-01 8.061919828929530185e-01 5.397386946122758600e-01 2.826954311020680663e-02 -5.502198674044121995e-01 8.345411498212899071e-01 9.697753371083502882e-01 2.175145622270845680e-01 1.105586320116136584e-01 -4.229621193107652166e-01 1.495060001289625573e+00 1.565829389258742488e+00
1.583560845616662025e+09 -2.285577631652899455e-01 8.189472944245921315e-01 5.263902339531898456e-01 2.624073658454956909e-02 -5.353236061836412762e-01 8.442393385203460499e-01 9.731766401733411564e-01 2.067703222630829785e-01 1.008625857733292247e-01 -4.295891910968250849e-01 1.499265351582640182e+00 1.574609184989978150e+00
1.583560845616673946e+09 -2.142643108368432747e-01 8.311709235893892656e-01 5.130747522836692776e-01 2.460468897439032493e-02 -5.205144820495748448e-01 8.534982621870801367e-01 9.764657775473649659e-01 1.954982616568667897e-01 9.107697472301823360e-02 -4.358355148423326275e-01 1.503834805083974491e+00 1.583485636927108198e+00
1.583560845616689920e+09 -1.994977842753615227e-01 8.428538558563355432e-01 4.997979714715770072e-01 2.334774630651714755e-02 -5.058174832693832501e-01 8.623245077467434072e-01 9.796200881725780629e-01 1.837009848761723130e-01 8.123072916703985569e-02 -4.417055597452380633e-01 1.508736765692668014e+00 1.592441150293486096e+00
1.583560845616705894e+09 -1.842812968567596466e-01 8.539881374025839467e-01 4.865641431036927256e-01 2.245762963170188503e-02 -4.912547359286763005e-01 8.707263861846622488e-01 9.826169441040581987e-01 1.713856649869845705e-01 7.135051053290089595e-02 -4.472059630037482081e-01 1.513940650750104533e+00 1.601460740579602415e+00
1.583560845616720915e+09 -1.686394659287719922e-01 8.645669999331389022e-01 4.733757848767137788e-01 2.192338473618073505e-02 -4.768452749558739767e-01 8.787138039505218989e-01 9.854339633248115904e-01 1.585638260784366926e-01 6.146069753961053150e-02 -4.523450450918668486e-01 1.519417245991248944e+00 1.610531826759485252e+00
1.583560845616734982e+09 -1.525983880356208688e-01 8.745849563507378521e-01 4.602335131687854686e-01 2.173533762514857914e-02 -4.626049126982475501e-01 8.862980707104114453e-01 9.880492434131337154e-01 1.452509877277955719e-01 5.158336467862779939e-02 -4.571323532356414421e-01 1.525138955057058210e+00 1.619643993940203419e+00
1.583560845616750002e+09 -1.361855275797489162e-01 8.840378683021795636e-01 4.471359413370145641e-01 2.188502640242429020e-02 -4.485461870664994022e-01 8.934916697914424555e-01 9.904415924426263063e-01 1.314662163473838963e-01 4.173830705421430198e-02 -4.615782462964904131e-01 1.531079954299904511e+00 1.628788742570676185e+00
1.583560845616763115e+09 -1.194295634251508614e-01 8.929229883933115230e-01 4.340796202640829216e-01 2.236509643394523489e-02 -4.346783676696537313e-01 9.003080136490930752e-01 9.925907425449311816e-01 1.172316256165777809e-01 3.194313895238718587e-02 -4.656935286346270964e-01 1.537216266458308667e+00 1.637959238140630491e+00
1.583560845616780996e+09 -1.023602227671291942e-01 9.012389801543377876e-01 4.210590053605398619e-01 2.316915600055926075e-02 -4.210074995529098918e-01 9.067612011051521259e-01 9.944775388871158750e-01 1.025718603574993920e-01 2.221347493215340696e-02 -4.694891368106609009e-01 1.543525767259910308e+00 1.647150071771759761e+00
1.583560845616796970e+09 -8.500811701116907371e-02 9.089859173275435245e-01 4.080664439673933330e-01 2.429159592221341937e-02 -4.075364705091084616e-01 9.128657863408840001e-01 9.960841022508952758e-01 8.751358678630201393e-02 1.256318938642465161e-02 -4.729758786202956644e-01 1.549988139309509183e+00 1.656357038898450540e+00
1.583560845616811037e+09 -6.740458023543559329e-02 9.161652606891356188e-01 3.950921895196953249e-01 2.572738053422785748e-02 -3.942650993808016757e-01 9.186365623032448635e-01 9.973939666967087669e-01 7.208499902030202078e-02 3.004741250511422379e-03 -4.761642226713246884e-01 1.556584785838174501e+00 1.665576940276152218e+00
1.583560845616826057e+09 -4.958151240368671719e-02 9.227798122618151577e-01 3.821244460376571062e-01 2.747181692576450285e-02 -3.811902410118042095e-01 9.240883614305451799e-01 9.983921941067166461e-01 5.631535142646030417e-02 -6.450449381639373342e-03 -4.790641372974275836e-01 1.563298714636379261e+00 1.674807407213439792e+00
1.583560845616838932e+09 -3.157114130797930573e-02 9.288336081317257742e-01 3.691495523379180188e-01 2.952033189167578564e-02 -3.683060110185454317e-01 9.292358325806439057e-01 9.990654700239209873e-01 4.023445313347513014e-02 -1.579163524359405990e-02 -4.816849763153535635e-01 1.570114401606049093e+00 1.684046751270242170e+00
1.583560845616856098e+09 -1.340564294005620709e-02 9.343317163297980565e-01 3.561524015745951011e-01 3.186828962602441390e-02 -3.556042292611865108e-01 9.340931669523653280e-01 9.994021719049581698e-01 2.387208740955410954e-02 -2.500845039377188467e-02 -4.840354060823977567e-01 1.577017643002032399e+00 1.693293837447267469e+00
1.583560845616868973e+09 4.883255416463960080e-03 9.392799921346288716e-01 3.431169636463394790e-01 3.451084082609367359e-02 -3.430749569067464422e-01 9.386738390453523984e-01 9.993923934265678266e-01 7.257470868915033915e-03 -3.409066491633266222e-02 -4.861233662214865525e-01 1.583995404213922154e+00 1.702547978982480670e+00
1.583560845616883993e+09 2.326480955551379903e-02 9.436847380122611595e-01 3.300270662064704319e-01 3.744286562249466571e-02 -3.307072933986355268e-01 9.429903065282032593e-01 9.990279179329829562e-01 -9.581330737369296580e-03 -4.302810300866959092e-02 -4.879560578851610542e-01 1.591035670560138948e+00 1.711808851277601295e+00
1.583560845616899967e+09 4.170996503387423837e-02 9.475522517204753026e-01 3.168674953763860325e-01 4.065906941374810429e-02 -3.184905193371709853e-01 9.470536571208503229e-01 9.983021182251914372e-01 -2.661803736492438996e-02 -5.181082117347654559e-02 -4.895399556609116853e-01 1.598127303704871993e+00 1.721076422254010252e+00
1.583560845616915941e+09 6.019215231895947565e-02 9.508883078497765151e-01 3.036253140691230756e-01 4.415426072392897305e-02 -3.064155131454419645e-01 9.508732485788885525e-01 9.972097604933967130e-01 -4.382875606099178450e-02 -6.042957947547589193e-02 -4.908808384253196544e-01 1.605259906689147531e+00 1.730350896509032399e+00
1.583560845616928101e+09 7.868799877034822476e-02 9.536976698371276706e-01 2.902911537517535168e-01 4.792378967413959967e-02 -2.944762190876311636e-01 9.544564249217206697e-01 9.957467095600109896e-01 -6.119241371584514116e-02 -6.887655087745339633e-02 -4.919838322438585543e-01 1.612423699967168167e+00 1.739632670861615882e+00
1.583560845616945028e+09 9.717782480910819309e-02 9.559837148957806008e-01 2.768602675885553643e-01 5.196410290449197250e-02 -2.826709637246981877e-01 9.578083621348852938e-01 9.939095546095905176e-01 -7.869093769863749754e-02 -7.714618549616830689e-02 -4.928534596592746841e-01 1.619609409380464715e+00 1.748922299111024481e+00
1.583560845616971016e+09 1.156459205051099670e-01 9.577481851055201778e-01 2.633333164401749360e-01 5.627340254262838681e-02 -2.710035999956284525e-01 9.609320232227221981e-01 9.916951777684250846e-01 -9.630920656265644364e-02 -8.523620990434917222e-02 -4.934936914059778190e-01 1.626808165888387281e+00 1.758220464127645544e+00
1.583560845617049932e+09 1.340806487822593374e-01 9.589910433296925385e-01 2.497169577448223321e-01 6.085242383052853754e-02 -2.594845625485143192e-01 9.638281717257415337e-01 9.891002792999884496e-01 -1.140348243380234355e-01 -9.314878788055072634e-02 -4.939080008408067712e-01 1.634011416169812714e+00 1.767527955610396218e+00
1.583560845617111921e+09 1.524743072730272986e-01 9.597104663717069828e-01 2.360241659406602521e-01 6.570527680288906769e-02 -2.481317609602681773e-01 9.664954454637857406e-01 9.861208864029106236e-01 -1.318576902787334248e-01 -1.008917601741118886e-01 -4.940994205557507346e-01 1.641210843503619898e+00 1.776845652170385925e+00
1.583560845617158890e+09 1.708226695853454213e-01 9.599030136271087255e-01 2.222742012360047759e-01 7.084025702896680488e-02 -2.369712051377189654e-01 9.689304960722811000e-01 9.827518882815855505e-01 -1.497693323353066208e-01 -1.084798300494120432e-01 -4.940706001408322057e-01 1.648398298386474448e+00 1.786174506672234319e+00
1.583560845617197037e+09 1.891241157564123865e-01 9.595640199524514413e-01 2.084921125650075757e-01 7.627046823861997893e-02 -2.260371927658727520e-01 9.711282116489124983e-01 9.789866622678308206e-01 -1.677619731605252684e-01 -1.159354812803831403e-01 -4.938238653923651689e-01 1.655565738412051235e+00 1.795515533921399731e+00
1.583560845617213011e+09 2.073785119203999938e-01 9.586881301030535374e-01 1.947080443714751807e-01 8.201429321900098601e-02 -2.153723127588675068e-01 9.730819199347575665e-01 9.748168078612932108e-01 -1.858274377809186195e-01 -1.232897190994935027e-01 -4.933612796975838100e-01 1.662705177221921460e+00 1.804869799931143381e+00
1.583560845617235899e+09 2.255858224830704917e-01 9.572699953035950227e-01 1.809563299137797177e-01 8.809560536511991391e-02 -2.050271904501681230e-01 9.747835738207191181e-01 9.702320348249506843e-01 -2.039558967020020930e-01 -1.305825070851858172e-01 -4.926847087735216069e-01 1.669808642738331850e+00 1.814238412105193987e+00
1.583560845617249966e+09 2.437444688617713406e-01 9.553051482707958231e-01 1.672743499057119387e-01 9.454359469082661283e-02 -1.950598731341968983e-01 9.762239266147073602e-01 9.652202562089111648e-01 -2.221344640259811376e-01 -1.378627478785651173e-01 -4.917958899069642675e-01 1.676868145320477455e+00 1.823622509767780064e+00
1.583560845617264986e+09 2.618494942398185699e-01 9.527910612847212413e-01 1.537011270357459547e-01 1.013920679135765779e-01 -1.855347206398415549e-01 9.773927134476370071e-01 9.597679361843348689e-01 -2.403457124576646731e-01 -1.451876287168256396e-01 -4.906965059037833865e-01 1.683875656705415391e+00 1.833023254612167197e+00
1.583560845617280960e+09 2.798907059195046565e-01 9.497283351796532713e-01 1.402757379112239411e-01 1.086781828888938733e-01 -1.765207917820893480e-01 9.782788267829486406e-01 9.538607056085522951e-01 -2.585662389890775459e-01 -1.526212786859442727e-01 -4.893882626939979330e-01 1.690823100483815677e+00 1.842441820812799946e+00
1.583560845617296934e+09 2.978509876363965581e-01 9.461219542438754626e-01 1.270355753777114849e-01 1.164405891807311494e-01 -1.680896642676259767e-01 9.788704992269768868e-01 9.474842366808396976e-01 -2.767654475890792831e-01 -1.602326702607116682e-01 -4.878729687668236226e-01 1.697702354568959127e+00 1.851879384702486142e+00
1.583560845617309093e+09 3.157050687861863159e-01 9.419824628988647808e-01 1.140146906476150052e-01 1.247171894894472666e-01 -1.603129149983477109e-01 9.791554484502528188e-01 9.406252880904028002e-01 -2.949047462932094521e-01 -1.680930051350124910e-01 -4.861526133171356068e-01 1.704505265402839198e+00 1.861337114130764636e+00
1.583560845617330074e+09 3.334189363123825633e-01 9.373269483631719856e-01 1.012423099809376253e-01 1.335427079295651298e-01 -1.532593708154412759e-01 9.791209888033878261e-01 9.332728210319246598e-01 -3.129373062378897341e-01 -1.762727552528215724e-01 -4.842294394981858652e-01 1.711223672843209531e+00 1.870816157782563272e+00
1.583560845617360115e+09 3.509500203963407672e-01 9.321797004227883043e-01 8.874170301082728862e-02 1.429463890558980710e-01 -1.469924120682954416e-01 9.787540860448319391e-01 9.254190474873990047e-01 -3.308084603141706603e-01 -1.848387120946734241e-01 -4.821060090028234657e-01 1.717849443796862108e+00 1.880317634869123067e+00
1.583560845617372036e+09 3.682481380482550137e-01 9.265724715932317501e-01 7.652949927561561450e-02 1.529501052043564513e-01 -1.415675628848619416e-01 9.780413543179281577e-01 9.170602894890500512e-01 -3.484567125501806806e-01 -1.938513484031387790e-01 -4.797852539342414291e-01 1.724374511570455182e+00 1.889842625739821091e+00
1.583560845617381096e+09 3.852570569130883138e-01 9.205443192385794893e-01 6.461545454470635219e-02 1.635670352248519421e-01 -1.370305039536298120e-01 9.769690201194695112e-01 9.081975696427733169e-01 -3.658152509069004243e-01 -2.033626737029588794e-01 -4.772705137954225685e-01 1.730790917770819615e+00 1.899392163850705195e+00
1.583560845617391109e+09 4.019164698456542673e-01 9.141410559495182220e-01 5.300265695302933122e-02 1.748010191843318295e-01 -1.334156385366173092e-01 9.755228707648095909e-01 8.988368903089429818e-01 -3.828137898628661828e-01 -2.134147306708538694e-01 -4.745655561979334469e-01 1.737090853252624134e+00 1.908967229487339212e+00
1.583560845617405891e+09 4.181640985530218901e-01 9.074143920134223329e-01 4.168822853064314826e-02 1.866467151719451156e-01 -1.307454356977373611e-01 9.736881610962319078e-01 8.889891961214774208e-01 -3.993804610825863466e-01 -2.240389627754165169e-01 -4.716745815191933366e-01 1.743266694971300712e+00 1.918568745466473047e+00
1.583560845617417097e+09 4.339376734495427601e-01 9.004208995004099325e-01 3.066430912060711181e-02 1.990903243219190599e-01 -1.290303471673926172e-01 9.714495419580397861e-01 8.786700966510472277e-01 -4.154435867020851436e-01 -2.352562175078073414e-01 -4.686022138449237873e-01 1.749311036795161201e+00 1.928197574752274823e+00
1.583560845617425919e+09 4.491766336279288674e-01 8.932209014957771531e-01 1.991917376614589508e-02 2.121106789839782847e-01 -1.282691412312460533e-01 9.687910443268891170e-01 8.678994251017204675e-01 -4.309332303430739586e-01 -2.470771928991438715e-01 -4.653534816734248847e-01 1.755216713557776309e+00 1.937854519707999712e+00
1.583560845617440939e+09 4.638234401431481357e-01 8.858773804127754170e-01 9.438421295305341602e-03 2.256805739746994277e-01 -1.284495908003589204e-01 9.656961123732976660e-01 8.567007034748610472e-01 -4.457824244710968387e-01 -2.595032467139543053e-01 -4.619337919769648804e-01 1.760976818521453824e+00 1.947540322607692831e+00
1.583560845617451906e+09 4.778244956355757189e-01 8.784549627927693560e-01 -7.938923953466972550e-04 2.397681402144800911e-01 -1.295493267230161394e-01 9.621477075703774862e-01 8.451005802508684273e-01 -4.599280930294818992e-01 -2.725273543309811308e-01 -4.583489002761576558e-01 1.766584714511964416e+00 1.957255667103761088e+00
1.583560845617463112e+09 4.911307000505191755e-01 8.710190127944081873e-01 -1.079422847243397855e-02 2.543381572401825497e-01 -1.315367608385511200e-01 9.581284791816805368e-01 8.331282840430279668e-01 -4.733116947240965655e-01 -2.861351120042028295e-01 -4.546048787194519325e-01 1.772034039034515285e+00 1.967001180402446314e+00
1.583560845617472887e+09 5.036976690868303352e-01 8.636348637395449002e-01 -2.057865009773863010e-02 2.693532702999901773e-01 -1.343720441552151701e-01 9.536209780764470789e-01 8.208151280093940461e-01 -4.858795903757094914e-01 -3.003057602577565710e-01 -4.507080843729265873e-01 1.777318704454184273e+00 1.976777435812717476e+00
1.583560845617486000e+09 5.154856771328200082e-01 8.563671924845439598e-01 -3.016204331326800825e-02 2.847750574181863170e-01 -1.380079848927996677e-01 9.486079079775413536e-01 8.081940879379818643e-01 -4.975831872154162783e-01 -3.150131558830135403e-01 -4.466651290613571912e-01 1.782432894101500187e+00 1.986584955439185229e+00
