1.583560846110316038e+09 -2.089885984878796787e-01 8.300158082982290741e-01 5.171049450541705950e-01 2.748699679110221464e-02 -5.235867763386145013e-01 8.515288327053267547e-01 9.775317033431515368e-01 1.921734792940922587e-01 8.660902473516887690e-02 -4.400397625443420724e-01 1.505615064506123701e+00 1.587918953219271900e+00
1.583560846110356092e+09 -1.930343901161459541e-01 8.415115802027715031e-01 5.045750540208192580e-01 2.682625673840748418e-02 -5.095284432157984877e-01 8.600355328598657811e-01 9.808252018145346973e-01 1.795522945202406018e-01 7.578190660613565166e-02 -4.467972010838592856e-01 1.511228596343034747e+00 1.598052369713773402e+00
1.583560846110372066e+09 -1.768640712622125966e-01 8.525129309230905506e-01 4.918747843001899378e-01 2.644151713600100331e-02 -4.954573132342362518e-01 8.682297490947444851e-01 9.838800469583510733e-01 1.665645637713610572e-01 6.508686230638678627e-02 -4.531452289080993845e-01 1.517212041582685300e+00 1.608238721927156112e+00
1.583560846110383987e+09 -1.604716882368008579e-01 8.630088285724012431e-01 4.790246336135747240e-01 2.631832513624295447e-02 -4.814004150132673576e-01 8.761055795206182939e-01 9.866895070761502184e-01 1.531972674972580939e-01 5.453819039228843119e-02 -4.590962505538697669e-01 1.523535973193295145e+00 1.618458999657543806e+00
1.583560846110394001e+09 -1.438693240589317413e-01 8.729942674336148567e-01 4.660285690336112840e-01 2.644299053293631616e-02 -4.673682624111278328e-01 8.836671748029635287e-01 9.892433402294158462e-01 1.394557881980765246e-01 4.415537687329104677e-02 -4.646642005634504802e-01 1.530171279530662565e+00 1.628697724643008105e+00
1.583560846110404968e+09 -1.270846370004010961e-01 8.824697342008196443e-01 4.528759916318071399e-01 2.680656004071168066e-02 -4.533555504145708737e-01 8.909265702240231066e-01 9.915295778361136181e-01 1.253631272639203487e-01 3.395854766426936039e-02 -4.698641381087657054e-01 1.537089646100812557e+00 1.638942611159955876e+00
1.583560846110415936e+09 -1.101589638644144137e-01 8.914408367825820134e-01 4.395432148745535561e-01 2.740748139389337368e-02 -4.393420124679352501e-01 8.979016796572470982e-01 9.935360250117207803e-01 1.109586912045626705e-01 2.396531274778736578e-02 -4.747118761473233528e-01 1.544263925395397807e+00 1.649184192970781337e+00
1.583560846110424995e+09 -9.314614505641610753e-02 8.999180208903450051e-01 4.259945444390185743e-01 2.825330458960920860e-02 -4.252933388458158825e-01 9.046144631852465201e-01 9.952514992699703633e-01 9.629710366940938404e-02 1.418877709964795446e-02 -4.792236498645227050e-01 1.551668405315821619e+00 1.659415440215336934e+00
1.583560846110435009e+09 -7.611213603450685261e-02 9.079163073815182949e-01 4.121831171971346297e-01 2.936172491957785013e-02 -4.111621429426545737e-01 9.110892281307408913e-01 9.966668612043108055e-01 8.144735462484420374e-02 4.636440103615875781e-03 -4.834158249068916668e-01 1.559278989782641345e+00 1.669631384498285964e+00
1.583560846110444069e+09 -5.913541651567125884e-02 9.154549871096907543e-01 3.980517173227987038e-01 3.076121754444196069e-02 -3.968890476891290819e-01 9.173509860572371943e-01 9.977759018841222405e-01 6.649248817866332262e-02 -4.690310853446481507e-03 -4.873046448045141310e-01 1.567073304944489598e+00 1.679828765342158192e+00
1.583560846110454082e+09 -4.253202814293739059e-02 9.224658937186419605e-01 3.837286829024262880e-01 3.246670502466397074e-02 -3.825972683406334562e-01 9.233445963581052851e-01 9.985674439018943360e-01 5.173012437569531746e-02 -1.367679026954600127e-02 -4.909060177770911970e-01 1.575030742813759987e+00 1.690005706945310271e+00
1.583560846110464096e+09 -2.572662575542677271e-02 9.289285271931662091e-01 3.693642276508251054e-01 3.432564072941351324e-02 -3.684477756483050537e-01 9.290145248105204923e-01 9.990795221060502218e-01 3.657907284218823996e-02 -2.240714883953582801e-02 -4.942084329554074507e-01 1.583145182287024832e+00 1.700160054346772087e+00
1.583560846110472918e+09 -8.747744999908753025e-03 9.348434380342853789e-01 3.549524248343277621e-01 3.635014911603166171e-02 -3.544341109727570660e-01 9.343741905354510102e-01 9.993008275763122228e-01 2.107624079349392290e-02 -3.088119913599366231e-02 -4.972195219904842478e-01 1.591399242191632979e+00 1.710292412563831688e+00
1.583560846110481977e+09 8.375863854616617810e-03 9.402122652936274472e-01 3.404860374086284280e-01 3.855216817155584369e-02 -3.405484567870004642e-01 9.394362560652267380e-01 9.992214847641468500e-01 5.257884865737335982e-03 -3.909960886297043220e-02 -4.999462461112976208e-01 1.599777006134094792e+00 1.720403737502644415e+00
1.583560846110491991e+09 2.561576337112103988e-02 9.450374719739788043e-01 3.259570674276927593e-01 4.094294563316350916e-02 -3.267822641509956494e-01 9.442123846570825707e-01 9.988330732672360268e-01 -1.084107845058357791e-02 -4.706339497232961411e-02 -5.023948662978516833e-01 1.608263848558532549e+00 1.730495249280855186e+00
1.583560846110501051e+09 4.294462428755748545e-02 9.493219515901937244e-01 3.113576593692563010e-01 4.353251615581310574e-02 -3.131272086240693975e-01 9.487129553015644090e-01 9.981285887435032977e-01 -2.718793900492373974e-02 -5.477350350609061502e-02 -5.045709396795816648e-01 1.616846265087912071e+00 1.740568365793569328e+00
1.583560846110510111e+09 6.033722281594490477e-02 9.530685324356844568e-01 2.966812980251116727e-01 4.632924486953357568e-02 -2.995764270716781974e-01 9.529467801054642973e-01 9.971023122029178953e-01 -4.375314161393933227e-02 -6.223055502942589912e-02 -5.064793375441720702e-01 1.625511710977288748e+00 1.750624652894386513e+00
1.583560846110519886e+09 7.777145631416065852e-02 9.562794584865632608e-01 2.819241004836857134e-01 4.933955343573251384e-02 -2.861258497511925403e-01 9.569208989626604156e-01 9.957495716493828253e-01 -6.051112258043715719e-02 -6.943482544725607108e-02 -5.081242777437294800e-01 1.634248451182896078e+00 1.760665787663185489e+00
1.583560846110529900e+09 9.522921558444930046e-02 9.589559229159669851e-01 2.670860067050908615e-01 5.256789791485581148e-02 -2.727754513247336865e-01 9.606404996480144565e-01 9.940664027121757229e-01 -7.744089121235449291e-02 -7.638648930194302800e-02 -5.095093654428648478e-01 1.643045423744592171e+00 1.770693531723557257e+00
1.583560846110538960e+09 1.126970951858183717e-01 9.610976717599285513e-01 2.521718276264001135e-01 5.601698813619761935e-02 -2.595304047056767871e-01 9.641089494315684405e-01 9.920491228627729141e-01 -9.452637167022485964e-02 -8.308611957981074103e-02 -5.106376378645346437e-01 1.651892116699155810e+00 1.780709712145071455e+00
1.583560846110548019e+09 1.301669900282108328e-01 9.627026610518083505e-01 2.371922040980229685e-01 5.968821102453970157e-02 -2.464022183794790932e-01 9.673278991856625320e-01 9.896938276914509780e-01 -1.117565825746864444e-01 -8.953543466939298257e-02 -5.115116133503302409e-01 1.660778457334304958e+00 1.790716208139814913e+00
1.583560846110557079e+09 1.476364818162465842e-01 9.637668036854923903e-01 2.221643939178511995e-01 6.358224736628383111e-02 -2.334097900512347723e-01 9.702974636824920340e-01 9.869958295041635354e-01 -1.291255922980886206e-01 -9.573825951949017921e-02 -5.121333441442070811e-01 1.669694713075280612e+00 1.800714942035080091e+00
1.583560846110567093e+09 1.651088890176340418e-01 9.642838545330428834e-01 2.071127790079008157e-01 6.769984632447459405e-02 -2.205802712217620754e-01 9.730164824174162286e-01 9.839490769241443502e-01 -1.466321669878503653e-01 -1.017016322648593291e-01 -5.125044717359600321e-01 1.678631403452112592e+00 1.810707873264030709e+00
1.583560846110575914e+09 1.825928128134859663e-01 9.642455031893391038e-01 1.920689325791991309e-01 7.204268746034205029e-02 -2.079495626905077388e-01 9.754828706137815830e-01 9.805456217332855218e-01 -1.642789990027254954e-01 -1.074369329751748703e-01 -5.126262850925110692e-01 1.687579222485462438e+00 1.820696994405566427e+00
1.583560846110584974e+09 2.001013593378044020e-01 9.636416024452972851e-01 1.770714787929941192e-01 7.661421440711012332e-02 -1.955626713920374793e-01 9.776939725749448362e-01 9.767751576248562273e-01 -1.820717005695113855e-01 -1.129610007012531864e-01 -5.124997826289414693e-01 1.696528971098953731e+00 1.830684328484797341e+00
1.583560846110594988e+09 2.176509724392300948e-01 9.624605678302170508e-01 1.621656873148848155e-01 8.142036250737381964e-02 -1.834738399427241762e-01 9.796469133960586939e-01 9.726246856726166179e-01 -2.000175141787131905e-01 -1.182971479908845464e-01 -5.121257393285568726e-01 1.705471499558545601e+00 1.840671926869166475e+00
1.583560846110605001e+09 2.352598302237154659e-01 9.606899859483690740e-01 1.474027264189723130e-01 8.647008526007221585e-02 -1.717463240735581931e-01 9.813389449231705308e-01 9.680783734056994660e-01 -2.181237071278198103e-01 -1.234759560147538626e-01 -5.115047804461009262e-01 1.714397660438237381e+00 1.850661867166550456e+00
1.583560846110614061e+09 2.529457920802372084e-01 9.583174667280257575e-01 1.328384726161664364e-01 9.177557045081284615e-02 -1.604516466679482001e-01 9.827677823629329401e-01 9.631176830264592814e-01 -2.363956484087348098e-01 -1.285357010169697056e-01 -5.106374621953757575e-01 1.723298273011258486e+00 1.860656250589584282e+00
1.583560846110625029e+09 2.707240385891750978e-01 9.553317149360550653e-01 1.185318941948461241e-01 9.735205608659988630e-02 -1.496682790618798498e-01 9.839318999397022036e-01 9.577218137486392946e-01 -2.548346939027266722e-01 -1.335223076279221377e-01 -5.095243583715770574e-01 1.732164100045292754e+00 1.870657198345185401e+00
1.583560846110640049e+09 2.886045660271068791e-01 9.517237892394984078e-01 1.045429769904763495e-01 1.032171859568317834e-01 -1.394796401058646662e-01 9.848307686195006960e-01 9.518684874598969392e-01 -2.734360245529669498e-01 -1.384887123134680709e-01 -5.081661509322810133e-01 1.740985837781397594e+00 1.880666846740510767e+00
1.583560846110650063e+09 3.065899084156095133e-01 9.474884097593675447e-01 9.093042397068240579e-02 1.093899485904626656e-01 -1.299716187913705912e-01 9.854649754084170432e-01 9.455350166103265730e-01 -2.921867420115533687e-01 -1.434936951128819582e-01 -5.065637209783044881e-01 1.749754119284711695e+00 1.890687340882650336e+00
1.583560846110658884e+09 3.246733450682134925e-01 9.426252036998907791e-01 7.774924389388787604e-02 1.158892964043821416e-01 -1.212297155255368242e-01 9.858362071627720935e-01 9.386995741001632476e-01 -3.110644337516755842e-01 -1.486002288682181094e-01 -5.047182358910632383e-01 1.758459530542193949e+00 1.900720827054609874e+00
1.583560846110667944e+09 3.428378722993070671e-01 9.371397372952220417e-01 6.504849478382374039e-02 1.227326309626927819e-01 -1.133361043960695591e-01 9.859470721280551020e-01 9.313425229487292123e-01 -3.300364233526056346e-01 -1.538735344004315275e-01 -5.026312280419555911e-01 1.767092637731762172e+00 1.910769444055165245e+00
1.583560846110677004e+09 3.610560601778575740e-01 9.310442251940045377e-01 5.286939299683509480e-02 1.299343597215659174e-01 -1.063668872338006666e-01 9.858007647412960761e-01 9.234476617623621486e-01 -3.490597893552460085e-01 -1.593790444872300593e-01 -5.003046600146404677e-01 1.775644022907517661e+00 1.920835314008798367e+00
1.583560846110687017e+09 3.792907485194778605e-01 9.243578687444469200e-01 4.124389835930312997e-02 1.375046921038831083e-01 -1.003897121079397048e-01 9.854006117579219293e-01 9.150032722248947481e-01 -3.680821059213956747e-01 -1.651804331601373077e-01 -4.977409733706892880e-01 1.784104324899612237e+00 1.930920533199681044e+00
1.583560846110697031e+09 3.974964464394994401e-01 9.171068125088110978e-01 3.019387507447453267e-02 1.454488054435685018e-01 -9.546193190038936016e-02 9.847495442260787435e-01 9.060028810725851978e-01 -3.870427812386608712e-01 -1.713378690190290043e-01 -4.949431188083713296e-01 1.792464281732710107e+00 1.941027163534836175e+00
1.583560846110714912e+09 4.156212512512330592e-01 9.093237393933671919e-01 1.973101766604418161e-02 1.537665061101947117e-01 -9.162961040669632962e-02 9.838495191826673869e-01 8.964456690504393199e-01 -4.058747983902695755e-01 -1.779067476323847319e-01 -4.919145674664895385e-01 1.800714771013222970e+00 1.951157225160365050e+00
1.583560846110732079e+09 4.336089452718981940e-01 9.010472330916187156e-01 9.857326830576147378e-03 1.624523157068631374e-01 -8.892717169755146034e-02 9.827009736211402835e-01 8.863365772421412103e-01 -4.245065869484164756e-01 -1.849368266756438173e-01 -4.886593057054883782e-01 1.808846845740486042e+00 1.961312690518167035e+00
1.583560846110749960e+09 4.514010316717300686e-01 8.923210122270607281e-01 5.659663293056411276e-04 1.714958884060236166e-01 -8.737752898609468799e-02 9.813023631830802840e-01 8.756861705682301711e-01 -4.428638380496086047e-01 -1.924716914361261355e-01 -4.851818171884353936e-01 1.816851764188264662e+00 1.971495479890179814e+00
1.583560846110766888e+09 4.689385570881478560e-01 8.831931183380481443e-01 -8.157571361293943293e-03 1.808826889234525226e-01 -8.699264345266805032e-02 9.796498012726403415e-01 8.645103139847392093e-01 -4.608711275249210981e-01 -2.005485507518822152e-01 -4.814870563637969059e-01 1.824721013477832887e+00 1.981707458307929937e+00
1.583560846110785007e+09 4.861636153616641365e-01 8.737151332986206054e-01 -1.633418248837999881e-02 1.905948047251488642e-01 -8.777429254215889098e-02 9.777368226067233437e-01 8.528297368029329473e-01 -4.784532786902689350e-01 -2.091982325832047185e-01 -4.775804164030296173e-01 1.832446326711138607e+00 1.991950433696074274e+00
1.583560846110802889e+09 5.030205067973719801e-01 8.639414664264916111e-01 -2.398985002605455441e-02 2.006118110773118524e-01 -8.971493711824878037e-02 9.755542689234336651e-01 8.406695376100821182e-01 -4.955364498376854665e-01 -2.184453153479806176e-01 -4.734676939023920172e-01 1.840019693692900304e+00 2.002226156119865763e+00
1.583560846110821962e+09 5.194565577979459725e-01 8.539287391024037444e-01 -3.115435234124559055e-02 2.109116480745016620e-01 -9.279865849430633806e-02 9.730902763817651513e-01 8.280586704683587929e-01 -5.120489410037649680e-01 -2.283083893768728945e-01 -4.691550530251011319e-01 1.847433366100950547e+00 2.012536317865868618e+00
1.583560846110836029e+09 5.354226264225202536e-01 8.437352833040532296e-01 -3.786005014198405572e-02 2.214714588026630848e-01 -9.700207645709789384e-02 9.703303511688259331e-01 8.150294500959526234e-01 -5.279217454631662809e-01 -2.388003905444414376e-01 -4.646489907445828793e-01 1.854679857852322478e+00 2.022882554145843947e+00
