1.583560846840874910e+09 1.427759273773840931e-01 9.583470324961056441e-01 2.473580409665228075e-01 5.149274265595438216e-02 -2.567723021040012599e-01 9.650992086954158777e-01 9.884146561077964410e-01 -1.250557904830228995e-01 -8.600882065215394168e-02 -5.214130267121414031e-01 1.687937615422670845e+00 1.819470256682361953e+00
1.583560846840914965e+09 1.615917015166039306e-01 9.587789756853335454e-01 2.337327498407345827e-01 5.393603711529237899e-02 -2.450718387933062403e-01 9.680034597196977009e-01 9.853826801289338189e-01 -1.438147077528612594e-01 -9.131431381705766570e-02 -5.231712682623689270e-01 1.700771050224972880e+00 1.833004423107348346e+00
1.583560846840929985e+09 1.805148196283381523e-01 9.585961435440070177e-01 2.202449410099267535e-01 5.638880087099618077e-02 -2.336414279233062774e-01 9.706863482056541370e-01 9.819545322626854755e-01 -1.628039228293690077e-01 -9.622982724780028418e-02 -5.247979516074374740e-01 1.713665538511692121e+00 1.846496946819079943e+00
1.583560846840941906e+09 1.994592131982461103e-01 9.578350033727516255e-01 2.068045675211686307e-01 5.892913101746916765e-02 -2.223881257301523751e-01 9.731756672617203341e-01 9.781325984711084498e-01 -1.819220393255531476e-01 -1.008017449640182667e-01 -5.262239595171680495e-01 1.726654273469334200e+00 1.859921602815961972e+00
1.583560846840951920e+09 2.183379685624336763e-01 9.565347958012820895e-01 1.933124839962218899e-01 6.164023056399284273e-02 -2.112140887394471367e-01 9.754942803484404346e-01 9.739245421836985050e-01 -2.010716133110040105e-01 -1.050770803971309703e-01 -5.274000852345832602e-01 1.739760170928528416e+00 1.873256305777746489e+00
1.583560846840961933e+09 2.370665538186185195e-01 9.547346199134985056e-01 1.796698504550837683e-01 6.460230102679610786e-02 -2.000250462029863063e-01 9.776586949912915436e-01 9.693430724846725521e-01 -2.201630917433416434e-01 -1.090973016714432142e-01 -5.282966306256356992e-01 1.752995260737912675e+00 1.886484711845463513e+00
1.583560846840971947e+09 2.555638500448313977e-01 9.524718642184144546e-01 1.657843991029357422e-01 6.788856122554627615e-02 -1.887355282085370067e-01 9.796785411271946575e-01 9.644056523165722705e-01 -2.391155553191942340e-01 -1.128959226732398485e-01 -5.289014514506534814e-01 1.766361645887970511e+00 1.899597151083951108e+00
1.583560846840981007e+09 2.737513379327020657e-01 9.497819883525850937e-01 1.515730191835799601e-01 7.156497162623633168e-02 -1.772707013224542050e-01 9.815566991199845548e-01 9.591343285666931173e-01 -2.578551406906540167e-01 -1.164992126854250687e-01 -5.292170677539612678e-01 1.779853484958110243e+00 1.912590718255733346e+00
1.583560846840991020e+09 2.915504110665856352e-01 9.466995844774612756e-01 1.369607794971525461e-01 7.569292486241732676e-02 -1.655651267334659338e-01 9.832897692105021514e-01 9.535559445335318740e-01 -2.763115742821045662e-01 -1.199290412473606598e-01 -5.292573241257947370e-01 1.793459422621435095e+00 1.925468566007563442e+00
1.583560846841001034e+09 3.088777570954898133e-01 9.432605448748320187e-01 1.218772998447831823e-01 8.033403708082687000e-02 -1.535593863594361397e-01 9.848684976410548852e-01 9.477029988789166248e-01 -2.944130769191022901e-01 -1.232070064036011048e-01 -5.290439538655830054e-01 1.807164995091651738e+00 1.938238604354756145e+00
1.583560846841012001e+09 3.255764039314597014e-01 9.395201946340259180e-01 1.063099696230880020e-01 8.553666204810171647e-02 -1.412416298284631666e-01 9.862729245739270123e-01 9.416387232257902307e-01 -3.120137919886474820e-01 -1.263483632761850661e-01 -5.286032906766685580e-01 1.820954699426502676e+00 1.950911883066455133e+00
1.583560846841021061e+09 3.425531817086848174e-01 9.350587426096313992e-01 9.122755139711059835e-02 9.053011587054654585e-02 -1.295029928727383650e-01 9.874377313309470328e-01 9.351265241959745289e-01 -3.299910956590322852e-01 -1.290126385394435859e-01 -5.278515403589384425e-01 1.834848954652093633e+00 1.963455673011244906e+00
1.583560846841029882e+09 3.598225082529264429e-01 9.298616498240332984e-01 7.671424446907097738e-02 9.529554325507637313e-02 -1.184179840018538127e-01 9.883804635863637778e-01 9.281414344953557993e-01 -3.483310117607633649e-01 -1.312211270742196234e-01 -5.267821234397059849e-01 1.848835977171990663e+00 1.975872664252034117e+00
1.583560846841038942e+09 3.773876894538309434e-01 9.239201024897001346e-01 6.285043060697283190e-02 9.981916875681078050e-02 -1.080582406848513838e-01 9.891205945016678935e-01 9.206599078041880491e-01 -3.670082578539921037e-01 -1.330047863836636146e-01 -5.253890068035950156e-01 1.862903677738281250e+00 1.988165798506912996e+00
1.583560846841048956e+09 3.952406598287715456e-01 9.172315459049830144e-01 4.971028644287917020e-02 1.040918503155477681e-01 -9.849046128725270910e-02 9.896789964588763588e-01 9.126607847171733789e-01 -3.859869437224922595e-01 -1.344037636645838973e-01 -5.236667724733364837e-01 1.877039685087368293e+00 2.000338280921415191e+00
1.583560846841058016e+09 4.133625722708728634e-01 9.097997662940201513e-01 3.736000080720836003e-02 1.081083025352772842e-01 -8.977493484276158342e-02 9.900772981416439134e-01 9.041260859068204203e-01 -4.052219722717456674e-01 -1.354665063512443257e-01 -5.216106649704436160e-01 1.891231381873899497e+00 2.012393582130794556e+00
1.583560846841067076e+09 4.317249396607659717e-01 9.016346354647475358e-01 2.585654982051213344e-02 1.118662161276282735e-01 -8.196461789987220803e-02 9.903371907589623158e-01 8.950416340132071324e-01 -4.246607893645213405e-01 -1.362486246949752844e-01 -5.192166174669758938e-01 1.905465948278793453e+00 2.024335432021368231e+00
1.583560846841075897e+09 4.502910896709657607e-01 8.927516255500950182e-01 1.524697359996456461e-02 1.153654098360980262e-01 -7.510469053005187912e-02 9.904797362754438339e-01 8.853975136815283031e-01 -4.442452262131226792e-01 -1.368116300810046648e-01 -5.164812595265124706e-01 1.919730408841183733e+00 2.036167807302552202e+00
1.583560846841087103e+09 4.690177835934490336e-01 8.831711695368178461e-01 5.568171640569665251e-03 1.186070548034802441e-01 -6.923259247065718935e-02 9.905247170006282742e-01 8.751883715438038003e-01 -4.639132827459423458e-01 -1.372216483591078839e-01 -5.134019103773576065e-01 1.934011678928697631e+00 2.047894915066120536e+00
1.583560846841095924e+09 4.878568087596220071e-01 8.729179764513548268e-01 -3.152950730741448104e-03 1.215930544997580187e-01 -6.437836630737776844e-02 9.904900581770371693e-01 8.644135952831605296e-01 -4.836006956191012951e-01 -1.375481874048664899e-01 -5.099765607932231770e-01 1.948296608340143621e+00 2.059521173919672155e+00
1.583560846841104984e+09 5.067564530596632144e-01 8.620203639578222221e-01 -1.089908105181249323e-02 1.243255931263827080e-01 -6.056520631350954809e-02 9.903913382984090852e-01 8.530773966333874414e-01 -5.032422362681113759e-01 -1.378630021473317702e-01 -5.062038460254451033e-01 1.962572020284796492e+00 2.071051193871294771e+00
1.583560846841114044e+09 5.256628267361383999e-01 8.505096421609061874e-01 -1.766187256383273951e-02 1.268068273063714113e-01 -5.781018305714280547e-02 9.902413905618823176e-01 8.411888144831252134e-01 -5.227727343487618139e-01 -1.382390935372332097e-01 -5.020830133352766067e-01 1.976824744621845431e+00 2.082489756276822312e+00
1.583560846841124058e+09 5.445209916272490958e-01 8.384195852741862520e-01 -2.344118745499582102e-02 1.290387180947456525e-01 -5.612505260490922854e-02 9.900499926776928916e-01 8.287616662163275194e-01 -5.421278243601294067e-01 -1.387498577905284802e-01 -4.976138865201773509e-01 1.991041644902703522e+00 2.093841794635996401e+00
