1.582109209345746994e+09 7.925023207757933008e-01 4.284676830560921190e-01 4.339994425612270779e-01 2.949020784173569387e-01 -8.921294458022313023e-01 3.422540227350180930e-01 5.338284703078574056e-01 -1.432497696683174004e-01 -8.333706664985455204e-01 3.440981478640250391e-01 1.656586827581386645e+00 1.601154767055990025e+00
1.582109209345797062e+09 7.855066292784623760e-01 4.203690615056986934e-01 4.541686773549457601e-01 2.874987255095785010e-01 -8.977651447196598467e-01 3.337097957169269935e-01 5.480180819928135438e-01 -1.315583408841322632e-01 -8.260560421389210317e-01 3.394063830156343053e-01 1.653884132041164801e+00 1.607844150594685217e+00
1.582109209345822096e+09 7.778949392991574285e-01 4.123789688915724949e-01 4.741550900608696995e-01 2.805660372858095331e-01 -9.030893137632624024e-01 3.251344184932110637e-01 5.622829911491463717e-01 -1.198886040598063918e-01 -8.182081400734515508e-01 3.344340989272325815e-01 1.651145179274481567e+00 1.614311507151211744e+00
1.582109209345841885e+09 7.696721351983583093e-01 4.045026644813844996e-01 4.939457447216568653e-01 2.740952807616081066e-01 -9.081057789710169637e-01 3.165685885621778994e-01 5.766078228437055975e-01 -1.082658239141256196e-01 -8.098159852763781030e-01 3.291898855713975558e-01 1.648375169113918792e+00 1.620545709304606063e+00
1.582109209345861912e+09 7.608434769234697637e-01 3.967449652645124725e-01 5.135276391415306563e-01 2.680751912048398578e-01 -9.128195611844752699e-01 3.080521718476965654e-01 5.909762224359345062e-01 -9.671546544980315352e-02 -8.008702911581363493e-01 3.236828270497959514e-01 1.645579356097349955e+00 1.626536060473987799e+00
1.582109209345880985e+09 7.514146001461136093e-01 3.891103076166660957e-01 5.328876684591034030e-01 2.624920278383264804e-01 -9.172368123797104422e-01 2.996240399859100845e-01 6.053709887414009394e-01 -8.526311349549299534e-02 -7.913634863126305374e-01 3.179225103459658586e-01 1.642763040699504407e+00 1.632272344352933890e+00
1.582109209345899105e+09 7.413915885024540131e-01 3.816027053451555573e-01 5.520125793613726017e-01 2.573295640275416463e-01 -9.213647912254739891e-01 2.913218443030569094e-01 6.197741588485030650e-01 -7.393440852767264870e-02 -7.812897639550249185e-01 3.119190325146225518e-01 1.639931556593296147e+00 1.637744889212492616e+00
1.582109209345916986e+09 7.307811366197237701e-01 3.742255635487952148e-01 5.708889190986197182e-01 2.525690110920846831e-01 -9.252118902385703114e-01 2.831816604194440368e-01 6.341670324117409940e-01 -6.275496593010299051e-02 -7.706451772734624894e-01 3.056830028047445857e-01 1.637090253941243745e+00 1.642944641231575353e+00
1.582109209345935106e+09 7.195908050033156256e-01 3.669813326125807018e-01 5.895029897048064127e-01 2.481889066765598229e-01 -9.287877125132437683e-01 2.752374460134080492e-01 6.485301380495153145e-01 -5.175023284545592767e-02 -7.594277934363592442e-01 2.992255387936308408e-01 1.634244479630208025e+00 1.647863240304276777e+00
1.582109209345952988e+09 7.078293549072156576e-01 3.598710045658302104e-01 6.078408216028925448e-01 2.441650208971473113e-01 -9.321031852639096726e-01 2.675202694977815709e-01 6.628431540742151240e-01 -4.094523287331607725e-02 -7.476379076823574943e-01 2.925582447258952556e-01 1.631399550731770676e+00 1.652493099460121240e+00
1.582109209345971107e+09 6.955080280517631497e-01 3.528940439603276413e-01 6.258868720905867988e-01 2.404706393526976627e-01 -9.351704467324930548e-01 2.600578919557150481e-01 6.770837869318435676e-01 -3.036493531824292075e-02 -7.352792096740597971e-01 2.856911798684546588e-01 1.628559899334927730e+00 1.656828735869540159e+00
1.582109209345988035e+09 6.826382686146731382e-01 3.460463028306552391e-01 6.436279597115559525e-01 2.370759727866926236e-01 -9.380035704362928994e-01 2.528720723547895344e-01 6.912307699684009377e-01 -2.003142899085753881e-02 -7.223563971497956038e-01 2.786384420687971764e-01 1.625731397691684954e+00 1.660863139278970335e+00
1.582109209346005917e+09 6.692343993323759399e-01 3.393209907173350692e-01 6.610496078293252031e-01 2.339494396178258551e-01 -9.406178579054844668e-01 2.459790745018751723e-01 7.052609293402214430e-01 -9.965472860255513918e-03 -7.088777827655456942e-01 2.714128441225209243e-01 1.622919101067154202e+00 1.664591364714883337e+00
1.582109209346024036e+09 6.553129688694642185e-01 3.327078458576245845e-01 6.781374507713995303e-01 2.310581096274259838e-01 -9.430299332874888529e-01 2.393881678366551191e-01 7.191502366042666905e-01 -1.850135333748871569e-04 -6.948545912374597400e-01 2.640274547908924019e-01 1.620127903394818381e+00 1.668009431838387790e+00
1.582109209346045971e+09 6.408927314069563508e-01 3.261929560998544364e-01 6.948774440309845035e-01 2.283686639600256141e-01 -9.452575031887835433e-01 2.331008493923084623e-01 7.328739728984225987e-01 9.295593450076638717e-03 -6.803009126792720629e-01 2.564955098889155072e-01 1.617362504475386542e+00 1.671114317938803939e+00
1.582109209346065044e+09 6.259944707458511282e-01 3.197588153389632204e-01 7.112560879255160895e-01 2.258485523916198834e-01 -9.473190042191010907e-01 2.271104040526026324e-01 7.464069627082107194e-01 1.846630065299791068e-02 -6.652335242323963449e-01 2.488303201258352526e-01 1.614627380862809991e+00 1.673903925009067484e+00
1.582109209346082926e+09 6.106406916015398867e-01 3.133846081827366126e-01 7.272606363038016664e-01 2.234672624301779209e-01 -9.492331631435885209e-01 2.214018622581469253e-01 7.597238500819959439e-01 2.732195717793235029e-02 -6.496715957114900242e-01 2.410451815418870880e-01 1.611926761648901696e+00 1.676377023465813298e+00
1.582109209346101999e+09 5.948552264006840007e-01 3.070466716981197219e-01 7.428792640970421912e-01 2.211976046130063045e-01 -9.510185096414381922e-01 2.159523420429655116e-01 7.727993784536237865e-01 3.586273441828626007e-02 -6.336363191480535173e-01 2.331532936267262934e-01 1.609264609821888126e+00 1.678533176445319963e+00
1.582109209346120119e+09 5.786627601699064760e-01 3.007191726154676559e-01 7.581011734699260041e-01 2.190169194324124435e-01 -9.526928527356046672e-01 2.107318612593446494e-01 7.856086805757190872e-01 4.409430314047747823e-02 -6.171504625586786696e-01 2.251676893714486816e-01 1.606644609213891073e+00 1.680372650386085187e+00
1.582109209346142054e+09 5.620883137024882403e-01 2.943749660783814281e-01 7.729166235422225695e-01 2.169080904412105659e-01 -9.542727577719766208e-01 2.057046039261398729e-01 7.981275636771826276e-01 5.202771494219866899e-02 -6.002378769940928116e-01 2.171011801534294683e-01 1.604070156416580684e+00 1.681896318564068515e+00
1.582109209346159935e+09 5.451567293600173558e-01 2.879865808483468292e-01 7.873168800979897242e-01 2.148602559158876435e-01 -9.557730641828542373e-01 2.008305758874200375e-01 8.103327778525789560e-01 5.967896643954497676e-02 -5.829229881418197534e-01 2.089663168139546390e-01 1.601544356486300558e+00 1.683105564629529427e+00
1.582109209346178055e+09 5.278921988948954702e-01 2.815272647136446427e-01 8.012940943069720712e-01 2.128691315174158216e-01 -9.572064820365823179e-01 1.960675485519388639e-01 8.222022617300185354e-01 6.706824860921024867e-02 -5.652302989368960251e-01 2.007753665769207441e-01 1.599070020981388396e+00 1.684002192149814503e+00
1.582109209346195936e+09 5.103178608247455061e-01 2.749720222846391837e-01 8.148411304582118264e-01 2.109368828815734731e-01 -9.585832992370398875e-01 1.913731691356772291e-01 8.337153665157444049e-01 7.421890181104555395e-02 -5.471839199494423767e-01 1.925403039739339017e-01 1.596649667016346363e+00 1.684588343576802982e+00
1.582109209346215010e+09 4.924555297613228966e-01 2.682984772772483706e-01 8.279513743576186746e-01 2.090715909341153977e-01 -9.599112408979832978e-01 1.867069346943683594e-01 8.448530174372291812e-01 8.115624861906911569e-02 -5.288071881499399884e-01 1.842728133073745778e-01 1.594285516259252189e+00 1.684866430186788167e+00
1.582109209346232891e+09 4.743255454601480459e-01 2.614875285172091335e-01 8.406185516370427990e-01 2.072863655343282763e-01 -9.611954753973792620e-01 1.820319223108133877e-01 8.555978258437306749e-01 8.790637352939879856e-02 -5.101223675807093905e-01 1.759843001348985747e-01 1.591979492856371969e+00 1.684839074353258637e+00
1.582109209346250057e+09 4.559467232186507624e-01 2.545237797820345538e-01 8.528365793715149135e-01 2.055981866496785770e-01 -9.624387542198470369e-01 1.773161865795332137e-01 8.659341610270120393e-01 9.449491998379283553e-02 -4.911504238677379397e-01 1.676859092025794751e-01 1.589733219209780835e+00 1.684509065981241172e+00
1.582109209346267939e+09 4.373363886848784521e-01 2.473957276835823116e-01 8.645994662607908721e-01 2.040265821136505175e-01 -9.636416663376435876e-01 1.725337436272289526e-01 8.758481814356339212e-01 1.009459896353193664e-01 -4.719108710913491600e-01 1.593885460200262505e-01 1.587548008761806795e+00 1.683879333973603565e+00
1.582109209346285105e+09 4.185104776918142644e-01 2.400957127511444689e-01 8.759012665724112967e-01 2.025922652844850402e-01 -9.648029790512647752e-01 1.676650997127920595e-01 8.853278229616914352e-01 1.072812207884658031e-01 -4.524216899727572794e-01 1.511028992329850051e-01 1.585424855232358876e+00 1.682952932712079352e+00
1.582109209346302986e+09 3.994836892289460595e-01 2.326196463079636956e-01 8.867360837329525403e-01 2.013158811653691649e-01 -9.659200304318946717e-01 1.626972980785283129e-01 8.943627329175012353e-01 1.135191391948927042e-01 -4.326993263301276427e-01 1.428394611406108294e-01 1.583364418238283111e+00 1.681733042072099282e+00
1.582109209346321106e+09 3.802696764133181029e-01 2.249665579708639562e-01 8.970981111326216118e-01 2.002169933743986330e-01 -9.669891314787252279e-01 1.576235235208622576e-01 9.029441448758882549e-01 1.196748402894762947e-01 -4.127587719695328672e-01 1.346085441075975664e-01 1.581367005540845749e+00 1.680222979093831226e+00
1.582109209346339941e+09 3.608812529974623762e-01 2.171380418577726346e-01 9.069816933188998842e-01 1.993133788638229154e-01 -9.680059382127863543e-01 1.524423844987488064e-01 9.110647058479950378e-01 1.257599871362473920e-01 -3.926137126939845401e-01 1.264202912226796149e-01 1.579432552677215051e+00 1.678426218203342257e+00
1.582109209346359015e+09 3.413305919901423735e-01 2.091376858889377188e-01 9.163813918424709160e-01 1.986206214575928497e-01 -9.689657668281239644e-01 1.471570298965707291e-01 9.187182787473473500e-01 1.317830454108724347e-01 -3.722767159513269419e-01 1.182846805140384816e-01 1.577560601283443775e+00 1.676346415505159282e+00
1.582109209346375942e+09 3.216293929737652491e-01 2.009705570937402874e-01 9.252920451183098693e-01 1.981519105363480082e-01 -9.698638453131811499e-01 1.417742639061122800e-01 9.258997537137361178e-01 1.377496161059063584e-01 -3.517594196852105726e-01 1.102115226717201718e-01 1.575750277249178710e+00 1.673987434320294732e+00
1.582109209346394062e+09 3.017890027523864593e-01 1.926427798994192475e-01 9.337088181937714948e-01 1.979179099673974151e-01 -9.706955149208446043e-01 1.363037718762342421e-01 9.326048995865811042e-01 1.436627184301755844e-01 -3.310726877924438094e-01 1.022104521677378169e-01 1.574000269385414263e+00 1.671353371649507702e+00
1.582109209346411943e+09 2.818204874289166328e-01 1.841612019251918086e-01 9.416272429009592271e-01 1.979265846884865621e-01 -9.714564048399729757e-01 1.307574876247662721e-01 9.388302721684707031e-01 1.495229253406832604e-01 -3.102267152574032516e-01 9.429091149553166240e-02 1.572308809216846681e+00 1.668448585783735671e+00
1.582109209346430063e+09 2.617346698640556357e-01 1.755331114106416512e-01 9.490432494845104650e-01 1.981829637403452471e-01 -9.721425964834586875e-01 1.251490510810491785e-01 9.445731710541530601e-01 1.553283583331619144e-01 -2.892310938056018577e-01 8.646212797314914433e-02 1.570673652484769978e+00 1.665277725662603903e+00
1.582109209346447945e+09 2.415421457470182665e-01 1.667659746939422483e-01 9.559531900228021017e-01 1.986888415118182039e-01 -9.727507876203371762e-01 1.194933029240552169e-01 9.498316356532223725e-01 1.610745630755342217e-01 -2.680948508347530956e-01 7.873308267525279402e-02 1.569092063230329348e+00 1.661845761633090834e+00
1.582109209346466064e+09 2.212532933294034387e-01 1.578671694739753606e-01 9.623538522786897476e-01 1.994424621649814600e-01 -9.732784559654809042e-01 1.138057618928592640e-01 9.546044649369327395e-01 1.667543221548105359e-01 -2.468264806841449777e-01 7.111247102430692801e-02 1.567560801401702841e+00 1.658158017313831945e+00
1.582109209346483946e+09 2.008782917500453180e-01 1.488437049534796219e-01 9.682424610611597426e-01 2.004382675659477087e-01 -9.737240102952090526e-01 1.081020474864934910e-01 9.588912413823671432e-01 1.723574868461696108e-01 -2.254339901834103987e-01 6.360865507158294796e-02 1.566076115234440014e+00 1.654220201165387261e+00
1.582109209346503019e+09 1.804271606819698726e-01 1.397019399810093265e-01 9.736166636085535897e-01 2.016668118890801165e-01 -9.740869067918088708e-01 1.023972411750211364e-01 9.626923374951191770e-01 1.778709250661936747e-01 -2.039249797009642928e-01 5.622960778380613894e-02 1.564633739687019576e+00 1.650038436371484396e+00
1.582109209346519947e+09 1.599098280005499528e-01 1.304473294561587504e-01 9.784744969333935005e-01 2.031149342456983198e-01 -9.743677047450253204e-01 9.670521928661360289e-02 9.660088873277967725e-01 1.832786681238902093e-01 -1.823067728204411098e-01 4.898284958056262073e-02 1.563228902103855678e+00 1.645619288286703785e+00
1.582109209346538067e+09 1.393362267261352705e-01 1.210842465689121600e-01 9.828143370734009343e-01 2.047662893670520456e-01 -9.745680300710506394e-01 9.103802229440070837e-02 9.688427027447066298e-01 1.885623504251964511e-01 -1.605866038691160236e-01 4.187537776892522740e-02 1.561856336361628683e+00 1.640969788247278904e+00
1.582109209346556902e+09 1.187164150405521784e-01 1.116159531104063962e-01 9.866348320496503010e-01 2.066023803144694526e-01 -9.746904024897385943e-01 8.540536132926496160e-02 9.711961023652330161e-01 1.937020864814193444e-01 -1.387718719520774080e-01 3.491359042172813981e-02 1.560510306823334137e+00 1.636097451610611264e+00
1.582109209346575022e+09 9.806069136028644495e-02 1.020447790299789520e-01 9.899348280998766514e-01 2.086040604683536970e-01 -9.747379171272159137e-01 7.981440265771426457e-02 9.730716555152417735e-01 1.986777692366000214e-01 -1.168704293042272385e-01 2.810320707514455188e-02 1.559184643236600110e+00 1.631010287605593190e+00
1.582109209346609116e+09 7.737966635942654381e-02 9.237253440878744060e-02 9.927133030857741014e-01 2.107533402828452307e-01 -9.747138066987988125e-01 7.426994406457856912e-02 9.744718655737848456e-01 2.034706610773406310e-01 -9.489084933573363467e-02 2.144918846086176639e-02 1.557872787242451151e+00 1.625716799812279456e+00
1.582109209346626997e+09 5.668425666541686975e-02 8.260114365252280155e-02 9.949693191832857941e-01 2.130353109895565256e-01 -9.746209263717146021e-01 6.877504017388715030e-02 9.753988165458313819e-01 2.080651363089350836e-01 -7.284262306847143209e-02 1.495565700032845842e-02 1.556567850786160223e+00 1.620225977205176360e+00
1.582109209346645117e+09 3.598557481377452627e-02 7.273347824569099951e-02 9.967020013775795828e-01 2.154400422757241640e-01 -9.744612023112284582e-01 6.333208803904527562e-02 9.758537936549225300e-01 2.124504797218904895e-01 -5.073625012743859797e-02 8.625820607938664009e-03 1.555262686521762250e+00 1.614547274855600012e+00
1.582109209346664906e+09 1.529470471063994891e-02 6.277434777476317840e-02 9.979105437220986419e-01 2.179643079555491914e-01 -9.742350914197714928e-01 5.794434489028338353e-02 9.758368882484574902e-01 2.166226394202322991e-01 -2.858320531254343599e-02 2.461902595575419898e-03 1.553949969885038529e+00 1.608690583583636036e+00
1.582109209346684933e+09 -5.377625302394370421e-03 5.273159110600375565e-02 9.985942421464303331e-01 2.206129824898853953e-01 -9.739411062517447926e-01 5.261780602648927219e-02 9.753466015238875242e-01 2.205858129032432224e-01 -6.395783249771049700e-03 -3.534919533339384891e-03 1.552622292048768005e+00 1.602666188277565684e+00
1.582109209346703053e+09 -2.602143268250668023e-02 4.261720965774305064e-02 9.987525511780207532e-01 2.233999874633722516e-01 -9.735754514194936426e-01 4.736334020833491559e-02 9.743794592681541689e-01 2.243537693820789880e-01 1.581314396671770067e-02 -9.364563360817791671e-03 1.551272262473189834e+00 1.596484714676847716e+00
1.582109209346720934e+09 -4.662787356661780847e-02 3.244851596337085253e-02 9.983851637624117092e-01 2.263487575647515071e-01 -9.731317923819131632e-01 4.219898820415973750e-02 9.729296384409039655e-01 2.279508904763742905e-01 3.803038490522690079e-02 -1.502807516533148646e-02 1.549892619085140311e+00 1.590157064161173528e+00
1.582109209346740007e+09 -6.718955716240178344e-02 2.224927201168497293e-02 9.974921219266534855e-01 2.294921855636112007e-01 -9.726011730893213691e-01 3.715231986712734524e-02 9.709886200027117997e-01 2.314128950639091631e-01 6.024260805384694384e-02 -2.052764374292851898e-02 1.548476343248171627e+00 1.583694336323759000e+00
1.582109209346759081e+09 -8.770068826281102181e-02 1.205080893002816525e-02 9.960739768133832772e-01 2.328720371502490116e-01 -9.719720824907917001e-01 3.226275209902229602e-02 9.685448898182003052e-01 2.347872416982686727e-01 8.243632418132787465e-02 -2.586659070373900290e-02 1.547016775814661571e+00 1.577107739999157321e+00
1.582109209346776962e+09 -1.081569416389271676e-01 1.893136415198330702e-03 9.941320294670594748e-01 2.365378510316060723e-01 -9.712306534176928796e-01 2.758374325915710634e-02 9.655837203504963329e-01 2.381332272027410768e-01 1.045975386797535489e-01 -3.104933483866921529e-02 1.545507729958926380e+00 1.570408494763781748e+00
1.582109209346796989e+09 -1.285549742394209161e-01 -8.173957257508395607e-03 9.916686972086602436e-01 2.405453209410499116e-01 -9.703609715557900417e-01 2.318476775097844111e-02 9.620870891831598826e-01 2.415217822592737873e-01 1.267109368726273555e-01 -3.608132917307995541e-02 1.543943596037572030e+00 1.563607725617494282e+00
1.582109209346816063e+09 -1.488914940906387874e-01 -1.808982177549857059e-02 9.886880606834772545e-01 2.449541533858290709e-01 -9.693454631091351636e-01 1.915296033944233201e-02 9.580338124136117406e-01 2.450349597496461473e-01 1.487584712696742584e-01 -4.096896936304281200e-02 1.542319433004333940e+00 1.556716353424564270e+00
1.582109209346834898e+09 -1.691618331737938241e-01 -2.778187060525031532e-02 9.851966513673410253e-01 2.498254321015350998e-01 -9.681653114289340278e-01 1.559433300890446586e-02 9.533999830469093162e-01 2.487651450927889085e-01 1.707172367245835265e-01 -4.571947262073972063e-02 1.540631040191684065e+00 1.549744984018531557e+00
1.582109209346853971e+09 -1.893579917090048026e-01 -3.716460276615832226e-02 9.812045369236903625e-01 2.552184175581908021e-01 -9.668008753977200831e-01 1.263434486989381371e-02 9.481598548326768405e-01 2.528138833867508706e-01 1.925565632544070094e-01 -5.034072818802520083e-02 1.538875003116197515e+00 1.542703799909454609e+00
1.582109209346872091e+09 -2.094661696659622097e-01 -4.613890518845153998e-02 9.767267402891911532e-01 2.611866830859519428e-01 -9.652320927563041719e-01 1.041747055863854500e-02 9.422873448929147688e-01 2.572901252340586975e-01 2.142343369151281374e-01 -5.484112255755130977e-02 1.537048707342429044e+00 1.535602459391494534e+00
1.582109209346893072e+09 -2.294638980013089247e-01 -5.459179020207342858e-02 9.717849844276487126e-01 2.677736585250000134e-01 -9.634388193441471016e-01 9.105447923565037835e-03 9.357582953495542366e-01 2.623077921544824109e-01 2.356926703597261863e-01 -5.922934483047152115e-02 1.535150315338855487e+00 1.528450008345120015e+00
1.582109209346914053e+09 -2.493169777059421333e-01 -6.239672461724106445e-02 9.664096923081239021e-01 2.750077614305878049e-01 -9.614010531384100666e-01 8.873904343017692542e-03 9.285535933815800558e-01 2.679825811187703799e-01 2.568531884887518824e-01 -6.351417906285063142e-02 1.533178702276391192e+00 1.521254809917034878e+00
1.582109209346931934e+09 -2.689765184931288133e-01 -6.941466135038321106e-02 9.606420963560751147e-01 2.828974337656009475e-01 -9.590989991433979123e-01 9.907159631606668460e-03 9.206631710183132977e-01 2.744279771332376883e-01 2.776123392409357016e-01 -6.770429204885836105e-02 1.531133348296220165e+00 1.514024497119731194e+00
1.582109209346951962e+09 -2.883764067191170732e-01 -7.549581081232489832e-02 9.545362384949183099e-01 2.914265161045983543e-01 -9.565129611767645423e-01 1.239115866212321324e-02 9.120908034621657556e-01 2.817504882912560960e-01 2.978372518492958809e-01 -7.180802631090545118e-02 1.529014186804636077e+00 1.506765953011877768e+00
1.582109209346972942e+09 -3.074315320281547637e-01 -8.048229207814416863e-02 9.481605632903835623e-01 3.005503538377892192e-01 -9.536231370655400275e-01 1.650446188926504507e-02 9.028595338834065620e-01 2.900439847968950824e-01 3.173628033666475723e-01 -7.583320900843495971e-02 1.526821410835365711e+00 1.499485322497515316e+00
1.582109209346992016e+09 -3.260370760492963815e-01 -8.421170494791617445e-02 9.415987541375880898e-01 3.101931447423663668e-01 -9.504094471781269204e-01 2.240749139026297632e-02 8.930173783289074851e-01 2.993831516069189180e-01 3.359906107888053217e-01 -7.978698727344890607e-02 1.524555241768345670e+00 1.492188058758458613e+00
1.582109209347011089e+09 -3.440691421521491211e-01 -8.652179673585673469e-02 9.349494125944732836e-01 3.202469784429394228e-01 -9.468516261227154507e-01 3.023029784724165850e-02 8.826427919709236569e-01 3.098160370286781040e-01 3.534907707188102988e-01 -8.367570005051405690e-02 1.522215667310703902e+00 1.484879006345101171e+00
1.582109209347029924e+09 -3.613869923116102001e-01 -8.725637837881504433e-02 9.283241708706331252e-01 3.305730450702287215e-01 -9.429298502149722205e-01 4.005944891736024777e-02 8.718491289565797331e-01 3.213559117358839035e-01 3.696071892317749352e-01 -8.750479552274562089e-02 1.519802158405513914e+00 1.477562521839843823e+00
1.582109209347048998e+09 -3.778370819607477782e-01 -8.627244683446262663e-02 9.218439154298568861e-01 3.410054615935871336e-01 -9.386261493723400129e-01 5.192520465818393355e-02 8.607870902029837179e-01 3.339730777076222457e-01 3.840671408857310731e-01 -9.127880150225672895e-02 1.517313377430007160e+00 1.470242631744416384e+00
1.582109209347067118e+09 -3.932589873250524337e-01 -8.344834479804361105e-02 9.156329737624177012e-01 3.513579268647693543e-01 -9.339267677437703696e-01 6.579057471979472826e-02 8.496440290608525681e-01 3.475876382209690529e-01 3.965953323464246338e-01 -9.500135337455130335e-02 1.514746891943840490e+00 1.462923225846808339e+00
1.582109209347084999e+09 -4.074931227977004466e-01 -7.869244825594438886e-02 9.098114384104714070e-01 3.614330618775513093e-01 -9.288254240060721534e-01 8.154430392586752008e-02 8.386390741289093675e-01 3.620646769699542022e-01 4.069320250811055417e-01 -9.867528107571300888e-02 1.512098909866969931e+00 1.455608282986212920e+00
1.582109209347104073e+09 -4.203898158251519468e-01 -7.195142847425570198e-02 9.044862600910398287e-01 3.710337638262592996e-01 -9.233271101675765147e-01 9.899996834094229592e-02 8.280134955740857672e-01 3.772135198691591307e-01 4.148537231083553323e-01 -1.023027533609390805e-01 1.509364053534364647e+00 1.448302124724411222e+00
1.582109209347124100e+09 -4.318189262843914467e-01 -6.321681078733129566e-02 8.997422129359838872e-01 3.799753020833061545e-01 -9.174517383860653075e-01 1.179028309248039280e-01 8.180166164025651776e-01 3.927924930141666326e-01 4.201938513624105531e-01 -1.058854734303695394e-01 1.506535189837435285e+00 1.441009690976007285e+00
1.582109209347142935e+09 -4.416790115743744471e-01 -5.252864963597797532e-02 8.956340724339217907e-01 3.880964947221160477e-01 -9.112367142401121001e-01 1.379447766545973120e-01 8.088885964831615816e-01 4.085197566707983730e-01 4.228603160511681391e-01 -1.094249160029438367e-01 1.503603332595305542e+00 1.433736830309544130e+00
1.582109209347163916e+09 -4.499050286783109476e-01 -3.997544856545251490e-02 8.921812756858474858e-01 3.952683714594530939e-01 -9.047374782546281358e-01 1.587860509183474100e-01 8.008422938976008654e-01 4.240896826799195884e-01 4.228469715523986983e-01 -1.129225922707401963e-01 1.500557631062137132e+00 1.426490596406121192e+00
1.582109209347183943e+09 -4.564736298425811079e-01 -2.568987444792627042e-02 8.893659851892554702e-01 4.013992176821133961e-01 -8.980253155315431890e-01 1.800810948146845947e-01 7.940469087553568839e-01 4.391930817049296554e-01 4.202367709760178593e-01 -1.163803260924910071e-01 1.497385454817945050e+00 1.419279541172643100e+00
1.582109209347203970e+09 -4.614053151198253544e-01 -9.840456691891066171e-03 8.871348829765046684e-01 4.064356568677181536e-01 -8.911822905188375721e-01 2.015047937223836683e-01 7.886159978133172599e-01 4.535386317392218203e-01 4.151957580645324053e-01 -1.198005226611612989e-01 1.494072580069691236e+00 1.412113994492828262e+00
1.582109209347224951e+09 -4.647632172906740466e-01 7.379675385129281368e-03 8.854042535742070452e-01 4.103603279074842236e-01 -8.842938269111930705e-01 2.227752880537126057e-01 7.846015250652372819e-01 4.668725394368340442e-01 4.079589180136487525e-01 -1.231864104172390728e-01 1.490603476999101007e+00 1.405006320409456722e+00
1.582109209347244024e+09 -4.666487819616065846e-01 2.576542696082310610e-02 8.840673374069094592e-01 4.131873874767773569e-01 -8.774399911620863746e-01 2.436703608167987700e-01 7.819943076041382390e-01 4.789939505727303648e-01 3.988103536660181914e-01 -1.265422382150734326e-01 1.486961693302310650e+00 1.397971139233137094e+00
1.582109209347263098e+09 -4.671949495817455111e-01 4.511203246536812927e-02 8.830027087243960127e-01 4.149572880862507085e-01 -8.706867985916054709e-01 2.640358835904711432e-01 7.807299969585027588e-01 4.897646407075995634e-01 3.880609083165857953e-01 -1.298734120882180931e-01 1.483130324676092737e+00 1.391025504779505262e+00
1.582109209347284079e+09 -4.665576170361520614e-01 6.522554150030102083e-02 8.820825464342928468e-01 4.157320506446147701e-01 -8.640788069446655451e-01 2.837863235903065329e-01 7.806989509751997014e-01 4.991126567493603394e-01 3.760262009761812796e-01 -1.331865592504102302e-01 1.479092558789443457e+00 1.384189025757900815e+00
1.582109209347302914e+09 -4.649062421791860800e-01 8.593046843918414335e-02 8.811799705957442663e-01 4.155917854550781332e-01 -8.576339312902020451e-01 3.028985106648242054e-01 7.817580532661572157e-01 5.070305656426352670e-01 3.630073713568074401e-01 -1.364895110603916994e-01 1.474832275751366772e+00 1.377483920191022504e+00
1.582109209347327948e+09 -4.624143664101489359e-01 1.070741642653930542e-01 8.801750263935204099e-01 4.146326447081756794e-01 -8.513409846059661890e-01 3.214005256272040034e-01 7.837427662704163911e-01 5.135695194220450954e-01 3.492758580852199368e-01 -1.397912012211304789e-01 1.470334683929789499e+00 1.370934992586022805e+00
1.582109209347358942e+09 -4.592506140816672855e-01 1.285280336196321371e-01 8.789592812195274885e-01 4.129658213143891921e-01 -8.451601046478071089e-01 3.393576696331392362e-01 7.864782920673274447e-01 5.188303596436680820e-01 3.350626120901034621e-01 -1.431014805071941787e-01 1.465586967228002635e+00 1.364569524806322987e+00
1.582109209347378016e+09 -4.555706598496671034e-01 1.501860697452532534e-01 8.774391821323452856e-01 4.107169279101977599e-01 -8.390259034489464529e-01 3.568573082769691540e-01 7.897891990990646427e-01 5.229528447179261352e-01 3.205516232834395018e-01 -1.464308543086170200e-01 1.460578918351715716e+00 1.358417073308774592e+00
1.582109209347395897e+09 -4.515105901083752427e-01 1.719614257774239596e-01 8.755383801222242912e-01 4.080250191338122279e-01 -8.328529238239202881e-01 3.739941056217257476e-01 7.935072594388972167e-01 5.261038636286354819e-01 3.058773510650210636e-01 -1.497901536781841292e-01 1.455303534001182397e+00 1.352509165846200512e+00
1.582109209347414017e+09 -4.471820005930251529e-01 1.937818813410831786e-01 8.731991988154801376e-01 4.050406118176561043e-01 -8.265428130802490170e-01 3.908568547752008238e-01 7.974774988207415927e-01 5.284652879913206425e-01 2.911255369503437662e-01 -1.531901541955496548e-01 1.449757547647878120e+00 1.346878892785553727e+00
1.582109209347430944e+09 -4.426690705196638098e-01 2.155850934575462563e-01 8.703833416872270856e-01 4.019222701492022320e-01 -8.199925104648754237e-01 4.075178174517254948e-01 8.015625881768393413e-01 5.302219820630572622e-01 2.763368722666794119e-01 -1.566411600431693585e-01 1.443941875422261933e+00 1.341560391296369170e+00
1.582109209347449064e+09 -4.380277325324066773e-01 2.373144448717332822e-01 8.670718308134602870e-01 3.988316099323899744e-01 -8.131026790725923714e-01 4.240252117559825118e-01 8.056457363212677913e-01 5.315504562529058674e-01 2.615130207206728397e-01 -1.601525732556873804e-01 1.437861950672643552e+00 1.336588225251625905e+00
1.582109209347465992e+09 -4.332869306602313286e-01 2.589161072599272528e-01 8.632640877059974960e-01 3.959269767847968802e-01 -8.057855455784337373e-01 4.403992320519095061e-01 8.096321786925619879e-01 5.326087719336992654e-01 2.466244742246261890e-01 -1.637324702199732251e-01 1.431527923030255778e+00 1.331996670565342322e+00
1.582109209347484112e+09 -4.284517751045229805e-01 2.803376415557564671e-01 8.589760666859151961e-01 3.933564756394373751e-01 -7.979713047126535397e-01 4.566316676805289299e-01 8.134492974265067344e-01 5.335284468373229227e-01 2.316195953140357255e-01 -1.673872093328836741e-01 1.424954698324112812e+00 1.327818926932030186e+00
1.582109209347502947e+09 -4.235081719204222273e-01 3.015281323735621299e-01 8.542374457411709976e-01 3.912512270381326429e-01 -7.896124342401281693e-01 4.726887781992815674e-01 8.170454734340958369e-01 5.344090091710728130e-01 2.164340667718641087e-01 -1.711210938629598444e-01 1.418161801591637960e+00 1.324086286688910485e+00
1.582109209347520113e+09 -4.184283349889081349e-01 3.224395280161967969e-01 8.490880279768220351e-01 3.897197776872111663e-01 -7.806855524439904048e-01 4.885166968340456939e-01 8.203878493488321322e-01 5.353156255709736744e-01 2.009998946818536136e-01 -1.749361123142849084e-01 1.411173054410470140e+00 1.320827300659432435e+00
1.582109209347537994e+09 -4.131765012185762975e-01 3.430286219560617633e-01 8.435736739385406580e-01 3.888444472987787615e-01 -7.711908112544324512e-01 5.040483393908091747e-01 8.234592732169794260e-01 5.362798683133618294e-01 1.852531462527111095e-01 -1.788317748080698322e-01 1.404016069368612785e+00 1.318066988769135861e+00
1.582109209347554922e+09 -4.077141924047305022e-01 3.632590327490873849e-01 8.377422112084492722e-01 3.886800618500984572e-01 -7.611491893125791330e-01 5.192106712404916946e-01 8.262547711410233031e-01 5.373032539800531859e-01 1.691397837024236073e-01 -1.828050575962216207e-01 1.396721579238648481e+00 1.315826145062895636e+00
1.582109209347572088e+09 -4.020045088196474992e-01 3.831026428214673318e-01 8.316397897854258536e-01 3.892550635102385859e-01 -7.505983473246040649e-01 5.339312844610322184e-01 8.287779379433580784e-01 5.383627829441254287e-01 1.526192763735059466e-01 -1.868504593561043370e-01 1.389322633420447373e+00 1.314120780507433306e+00
1.582109209347590923e+09 -3.960151200777924929e-01 4.025401389528964202e-01 8.253081007745050046e-01 3.905746822781364092e-01 -7.395878137017123377e-01 5.481434879557073314e-01 8.310375696888925301e-01 5.394175584445483063e-01 1.356659699742796821e-01 -1.909601640177818749e-01 1.381853705550757372e+00 1.312961734797498448e+00
1.582109209347621918e+09 -3.897199150963931435e-01 4.215606349282605136e-01 8.187826444537084081e-01 3.926253774968195831e-01 -7.281742910540588420e-01 5.617895645118313741e-01 8.330448371630666538e-01 5.404154262503833017e-01 1.182686194573051158e-01 -1.951242972411422472e-01 1.374349761742771792e+00 1.312354474794477976e+00
1.582109209347641945e+09 -3.830994602175022967e-01 4.401605431257040180e-01 8.120920513456645340e-01 3.953797853356483261e-01 -7.164176400374505649e-01 5.748222250331842531e-01 8.348111336884990186e-01 5.412988650653596245e-01 1.004286301332302511e-01 -1.993312579960537512e-01 1.366845339313631058e+00 1.312299084378245384e+00
1.582109209347659111e+09 -3.761405800343961547e-01 4.583420097954176708e-01 8.052582605043868691e-01 3.988014426927108946e-01 -7.043778480534891306e-01 5.872046121061571533e-01 8.363466227341760373e-01 5.420096394261194606e-01 8.215763757598150419e-02 -2.035681030867498853e-01 1.359373682402336136e+00 1.312790439203102011e+00
1.582109209347676992e+09 -3.688353641097710245e-01 4.761111944336510748e-01 7.982973159916298966e-01 4.028488772249060323e-01 -6.921130327205771149e-01 5.989092853328892296e-01 8.376593915798262735e-01 5.424921017636044063e-01 6.347490231566178809e-02 -2.078209606830319356e-01 1.351965974457680186e+00 1.313818548224068072e+00
1.582109209347693920e+09 -3.611799145083127716e-01 4.934766455350629855e-01 7.912204937118950676e-01 4.074788063355763157e-01 -6.796783704910177581e-01 6.099166624015142091e-01 8.387550844819465778e-01 5.426952303095610164e-01 4.440490126884333311e-02 -2.120754492088881005e-01 1.344650698512470210e+00 1.315369034636571177e+00
1.582109209347712040e+09 -3.531731074470392806e-01 5.104479445003172744e-01 7.840354916290896981e-01 4.126483710056036980e-01 -6.671257320783875455e-01 6.202133338668971430e-01 8.396368727514373909e-01 5.425736388333769478e-01 2.497535507365648139e-02 -2.163170800079407818e-01 1.337453145591822601e+00 1.317423722692109722e+00
1.582109209347728968e+09 -3.448155755098086250e-01 5.270347011108382773e-01 7.767474767988077344e-01 4.183164753414250203e-01 -6.545037613820579026e-01 6.297905626441692162e-01 8.403056261533232707e-01 5.420878620337908904e-01 5.215792601854899596e-03 -2.205316256940687281e-01 1.330395080350601944e+00 1.319961292907252171e+00
1.582109209347747087e+09 -3.361090362474598026e-01 5.432459080866732792e-01 7.693598631995012260e-01 4.244443985705489419e-01 -6.418581439669049926e-01 6.386431519608105623e-01 8.407601728650221373e-01 5.412042187317711583e-01 -1.484336055857799277e-02 -2.247054404151976326e-01 1.323494562961777588e+00 1.322957969954714486e+00
1.582109209347767115e+09 -3.270559696155611040e-01 5.590895891181050237e-01 7.618748086667779251e-01 4.309959229873271402e-01 -6.292318794864608655e-01 6.467687037938927297e-01 8.409975666482215617e-01 5.398945018985720212e-01 -3.517129103720498251e-02 -2.288257228920454467e-01 1.316765917202831204e+00 1.326388209224526715e+00
1.582109209347786903e+09 -3.176595938069708414e-01 5.745726627321892099e-01 7.542934692185119250e-01 4.379371888520851019e-01 -6.166654474529840169e-01 6.541672145093625490e-01 8.410133180180883183e-01 5.381356531220322648e-01 -5.573704115658058289e-02 -2.328807174051854834e-01 1.310219828447606094e+00 1.330225354568879137e+00
1.582109209347805023e+09 -3.079240545233942195e-01 5.897009485970675646e-01 7.466160779624682053e-01 4.452364391930418441e-01 -6.041968240846629090e-01 6.608409120065901199e-01 8.408015757963420711e-01 5.359094970163792437e-01 -7.650961474089514047e-02 -2.368598513191071675e-01 1.303863551763369211e+00 1.334442247132731296e+00
1.582109209347824097e+09 -2.978547511237305545e-01 6.044792669567962129e-01 7.388419066720977035e-01 4.528637507337034962e-01 -5.918613474976125444e-01 6.667942475836954319e-01 8.403552644598745180e-01 5.332025517196129494e-01 -9.745803371722910891e-02 -2.407538108623661077e-01 1.297701207440686622e+00 1.339011769472181257e+00
1.582109209347841978e+09 -2.874586718432875498e-01 6.189115725546658897e-01 7.309692040999193896e-01 4.607908327841613860e-01 -5.796914936544549368e-01 6.720339132869264098e-01 8.396661958213749166e-01 5.300058844439348160e-01 -1.185514320935159016e-01 -2.445545602367940885e-01 1.291734138544258670e+00 1.343907311920637282e+00
1.582109209347860098e+09 -2.767446888493322876e-01 6.330011084089509632e-01 7.229951410273735002e-01 4.689908956510451254e-01 -5.677166087743837908e-01 6.765688375318049674e-01 8.387251736957987980e-01 5.263149711697079347e-01 -1.397592005319956143e-01 -2.482553115274412914e-01 1.285961305236196228e+00 1.349103154332476295e+00
1.582109209347877979e+09 -2.657238474220059987e-01 6.467506010677637196e-01 7.149157271540462766e-01 4.774385461623780191e-01 -5.559625920445945280e-01 6.804101931088368804e-01 8.375221021265617516e-01 5.221295397390928184e-01 -1.610511477236624689e-01 -2.518504543665268103e-01 1.280379692563441862e+00 1.354574762032639823e+00
1.582109209347896099e+09 -2.544095457682244432e-01 6.601624546277246042e-01 7.067257717986299426e-01 4.861097366826121480e-01 -5.444516180212050083e-01 6.835713273225022535e-01 8.360461153101680365e-01 5.174533497201471155e-01 -1.823977081542891565e-01 -2.553354554613071481e-01 1.274984710714889058e+00 1.360298998323162145e+00
1.582109209347913980e+09 -2.428175612596126243e-01 6.732389223208137263e-01 6.984189182852291733e-01 4.949817553326137931e-01 -5.332019643096432837e-01 6.860675820538211234e-01 8.342857387206109587e-01 5.122938792639000205e-01 -2.037701828970814588e-01 -2.587067379187719118e-01 1.269770571172490259e+00 1.366254260392202546e+00
1.582109209347932100e+09 -2.309659754734207093e-01 6.859822705633351614e-01 6.899877119549654436e-01 5.040332139402383671e-01 -5.222279345821543295e-01 6.879160585333978783e-01 8.322290774897634913e-01 5.066619275388991595e-01 -2.251409642087943141e-01 -2.619615491399629459e-01 1.264730627359438753e+00 1.372420548835201259e+00
1.582109209347949982e+09 -2.188750397390100688e-01 6.983949421179566075e-01 6.814236727659002124e-01 5.132440112707354896e-01 -5.115398598011294817e-01 6.891353689445638420e-01 8.298640261360350490e-01 5.005711504484622321e-01 -2.464837144027046956e-01 -2.650978245234467123e-01 1.259857673110335474e+00 1.378779482432249237e+00
1.582109209347968102e+09 -2.065670112919981982e-01 7.104797191680694013e-01 6.727173540939900276e-01 5.225952632890441540e-01 -5.011441592888753460e-01 6.897454040437639433e-01 8.271784938176547364e-01 4.940375494475129914e-01 -2.677734846903498944e-01 -2.681140529134949935e-01 1.255144195788946426e+00 1.385314269400956366e+00
1.582109209347985983e+09 -1.940659768631678161e-01 7.222398820399114072e-01 6.638583805433093676e-01 5.320692015937846797e-01 -4.910434480995433670e-01 6.897671322952825257e-01 8.241606404944091802e-01 4.870789308439426035e-01 -2.889867709593776923e-01 -2.710091479130949388e-01 1.250582584391786378e+00 1.392009646111131760e+00
1.582109209348004103e+09 -1.813976657431699280e-01 7.336793538747170551e-01 6.548354698421375852e-01 5.416490472287833757e-01 -4.812366875567716251e-01 6.892224315752727426e-01 8.207991206742962786e-01 4.797143485971129273e-01 -3.101015112057829981e-01 -2.737823282743940267e-01 1.246165294589755668e+00 1.398851792293079876e+00
1.582109209348021984e+09 -1.685892561219579366e-01 7.448028238465630446e-01 6.456364428321070825e-01 5.513188662967585252e-01 -4.717193735351884465e-01 6.881339551990008907e-01 8.170833313598310221e-01 4.719635433212396314e-01 -3.310970301759618706e-01 -2.764330104536980581e-01 1.241884973088331456e+00 1.405828229400610585e+00
1.582109209348038912e+09 -1.556690761229587994e-01 7.556157898390322147e-01 6.362483138582186726e-01 5.610634422235591945e-01 -4.624838604600308711e-01 6.865249395435185642e-01 8.130036608403513609e-01 4.638463721562381403e-01 -3.519539607668087378e-01 -2.789607156231007634e-01 1.237734544834771189e+00 1.412927707886752371e+00
1.582109209348057985e+09 -1.426661248528313108e-01 7.661244668786837408e-01 6.266575444944355588e-01 5.708681920432083778e-01 -4.535199104596166486e-01 6.844188762234821866e-01 8.085517201350159722e-01 4.553822483026009338e-01 -3.726541611190405945e-01 -2.813649917406383927e-01 1.233707268323659623e+00 1.420140089126000316e+00
