1.582109210464945078e+09 4.185104776912854097e-01 2.400957127504814159e-01 8.759012665721670476e-01 2.025922652851481209e-01 -9.648029790513332760e-01 1.676650997124352060e-01 8.853278229619354622e-01 1.072812207881089636e-01 -4.524216899718323526e-01 1.474836609991104497e-01 1.584531098046791708e+00 1.681595784910829394e+00
1.582109210465015888e+09 3.994838187184538980e-01 2.326196974028536812e-01 8.867360119920763006e-01 2.013158894436366253e-01 -9.659200230219792127e-01 1.626973318281935144e-01 8.943626732153587833e-01 1.135190975417873366e-01 -4.326994606579264713e-01 1.389811602686853997e-01 1.582411052267869378e+00 1.680340602631792191e+00
1.582109210465080976e+09 3.802699368374441447e-01 2.249666626439819073e-01 8.970979744920775101e-01 2.002170069251113516e-01 -9.669891173559436170e-01 1.576235929497899202e-01 9.029440321951868187e-01 1.196747576362072601e-01 -4.127590424316874840e-01 1.305580635233580811e-01 1.580327877979337714e+00 1.678903761031230513e+00
1.582109210465138912e+09 3.608816450146287713e-01 2.171382027227384826e-01 9.069814988252147270e-01 1.993133936136510520e-01 -9.680059182342435342e-01 1.524424920780602655e-01 9.110645473395881933e-01 1.257598631643260800e-01 -3.926141202238597749e-01 1.222183450697064272e-01 1.578281149926638038e+00 1.677287000952894402e+00
1.582109210465188026e+09 3.413311154230069810e-01 2.091379056602248598e-01 9.163811467187455984e-01 1.986206319790618513e-01 -9.689657420840899205e-01 1.471571786252761915e-01 9.187180820021554339e-01 1.317828785722527651e-01 -3.722772605450221373e-01 1.139659620682787616e-01 1.576270335211202855e+00 1.675492004343668961e+00
1.582109210465240955e+09 3.216300467782572947e-01 2.009708385339818992e-01 9.252917567285847689e-01 1.981519097599901413e-01 -9.698638172097966414e-01 1.417744572445982787e-01 9.258995267680765195e-01 1.377494033653632322e-01 -3.517601003590838937e-01 1.058048425726572234e-01 1.574294769376890724e+00 1.673520416808882638e+00
1.582109210465291023e+09 3.017897850043748109e-01 1.926431257454598311e-01 9.337084940020871082e-01 1.979178889008857967e-01 -9.706954852700542258e-01 1.363040136263298785e-01 9.326046509221256331e-01 1.436624550141740175e-01 -3.310735025629760742e-01 9.773887017363702689e-02 1.572353632477619945e+00 1.671373868592979983e+00
1.582109210465341091e+09 2.818213953302020069e-01 1.841616147955819904e-01 9.416268904251681171e-01 1.979265321518939302e-01 -9.714563759539064369e-01 1.307577817574632206e-01 9.388300107080744805e-01 1.495226044976587787e-01 -3.102276611455521693e-01 8.977186507770065771e-02 1.570445925275385513e+00 1.669053994419027243e+00
1.582109210465393066e+09 2.617356997709991973e-01 1.755335936985916168e-01 9.490428762445715094e-01 1.981828661259710800e-01 -9.721425712701808886e-01 1.251494015151972672e-01 9.445729061545660166e-01 1.553279711091202497e-01 -2.892321668689968872e-01 8.190756117730096930e-02 1.568570445709295047e+00 1.666562452968408881e+00
1.582109210465442896e+09 2.415432932264162391e-01 1.667665284509083912e-01 9.559528034834805510e-01 1.986886825758382713e-01 -9.727507696777361046e-01 1.194937132613254349e-01 9.498313770957469426e-01 1.610740981079008538e-01 -2.680960462320107207e-01 7.414957911124790690e-02 1.566725766018371990e+00 1.663900945919979835e+00
1.582109210465492010e+09 2.212544336490269159e-01 1.578677435837080312e-01 9.623534959299482328e-01 1.994422276369575975e-01 -9.732784525973016132e-01 1.138062017042144325e-01 9.546042496384794518e-01 1.667537982987487288e-01 -2.468276672644477421e-01 6.627359777417263231e-02 1.564856135507123103e+00 1.660986955079896576e+00
1.582109210465538025e+09 2.008794229566887579e-01 1.488443007604950963e-01 9.682421347813070511e-01 2.004379570845405689e-01 -9.737240222840127801e-01 1.081025151795711181e-01 9.588910693057641765e-01 1.723569045893759699e-01 -2.254351672834783993e-01 5.849406865093744606e-02 1.563009156801876021e+00 1.657811181289190028e+00
1.582109210465583086e+09 1.804282808687376061e-01 1.397025587952184789e-01 9.736163672263197233e-01 2.016664251284956411e-01 -9.740869349366488850e-01 1.023977351455969270e-01 9.626922085696097975e-01 1.778702849080239790e-01 -2.039261467007557338e-01 5.081945089661995402e-02 1.561181159473774116e+00 1.654379474573836051e+00
1.582109210465626001e+09 1.599109353212746776e-01 1.304479725502183385e-01 9.784742302300903916e-01 2.031144709143393734e-01 -9.743677498566515327e-01 9.670573791561745680e-02 9.660088014463695805e-01 1.832779705755482325e-01 -1.823079291527657242e-01 4.325779082911855589e-02 1.559368009806991751e+00 1.650698207374074356e+00
1.582109210465727091e+09 1.393373194073615762e-01 1.210849151763553483e-01 9.828140997865572048e-01 2.047657492067208596e-01 -9.745680929663074199e-01 9.103856394493192727e-02 9.688426597617229019e-01 1.885615960110058331e-01 -1.605877490275190445e-01 3.581665335627093327e-02 1.557565127168158092e+00 1.646774302407409740e+00
1.582109210465760946e+09 1.187174913891948236e-01 1.116166484249331292e-01 9.866346238779563071e-01 2.066017631003377042e-01 -9.746904839856047609e-01 8.540592434409807754e-02 9.711961020947708079e-01 1.937012757411794017e-01 -1.387730054955776116e-01 2.850304734181868457e-02 1.555767509596157616e+00 1.642615254317180140e+00
1.582109210465795994e+09 9.806174976528614362e-02 1.020455022062258660e-01 9.899346487089966118e-01 2.086033660097885434e-01 -9.747380180351239432e-01 7.981498535785636061e-02 9.730716977306167470e-01 1.986769027287907385e-01 -1.168715508576080309e-01 2.132334708049260508e-02 1.553969769513865229e+00 1.638229142412466199e+00
1.582109210465817928e+09 7.738070528643305190e-02 9.237328656474493027e-02 9.927131521143237602e-01 2.107525684249764719e-01 -9.747139278199711265e-01 7.427054474938149520e-02 9.744719500086382880e-01 2.034697393826888356e-01 -9.489195858456786481e-02 1.428321199309663496e-02 1.552166180112169336e+00 1.633624633089210798e+00
1.582109210465837955e+09 5.668527464428042839e-02 8.260192587365283723e-02 9.949691962481154173e-01 2.130344616152705650e-01 -9.746210684942677727e-01 6.877565712309507973e-02 9.753989428971011622e-01 2.080641600336847752e-01 -7.284371974856454490e-02 7.387506256474852054e-03 1.550350732689566913e+00 1.628810971703495314e+00
1.582109210465857983e+09 3.598657041916125676e-02 7.273429159077758610e-02 9.967019060774435779e-01 2.154391153076166687e-01 -9.744613662097535434e-01 6.333271951702253155e-02 9.758539615879652240e-01 2.124494495000530669e-01 -5.073733400870363702e-02 6.402208355551783706e-04 1.548517204951695536e+00 1.623797962789705007e+00
1.582109210465878010e+09 1.529567653661068061e-02 6.277519328351269245e-02 9.979104756388017528e-01 2.179633033572710987e-01 -9.742352778579894679e-01 5.794498915248764287e-02 9.758370974045110779e-01 2.166215559141119185e-01 -2.858427617765148254e-02 -5.955599352299863550e-03 1.546659239878608094e+00 1.618595937729854661e+00
1.582109210465897083e+09 -5.376678672451219027e-03 5.273246980836311659e-02 9.985942008426235139e-01 2.206119002663113060e-01 -9.739413159886416427e-01 5.261846132803284226e-02 9.753468515299200670e-01 2.205846768016536952e-01 -6.396840868292869020e-03 -1.239792037786032267e-02 1.544770434349084898e+00 1.613215709448275526e+00
1.582109210465917110e+09 -2.602051270878965455e-02 4.261812258483987925e-02 9.987525361909574961e-01 2.233988276591346300e-01 -9.735756852190832200e-01 4.736400481427288645e-02 9.743797497489792292e-01 2.243525813958981985e-01 1.581209986768186346e-02 -1.868577332255004497e-02 1.542844436219948490e+00 1.607668513810914357e+00
1.582109210465950012e+09 -4.662698178679447469e-02 3.244946415994312550e-02 9.983851745931231481e-01 2.263475202609109005e-01 -9.731320510265309975e-01 4.219966040104231736e-02 9.729299690333202966e-01 2.279496513313778727e-01 3.802935467290402549e-02 -2.481929367981379822e-02 1.540875047857595881e+00 1.601965937165931830e+00
1.582109210465976954e+09 -6.718869522443124409e-02 2.225025654972362377e-02 9.974921580241443708e-01 2.294908708725507951e-01 -9.726014573960580778e-01 3.715299797529001552e-02 9.709889903712520809e-01 2.314116054911738718e-01 6.024159214301588738e-02 -3.079974202182858903e-02 1.538856333273813659e+00 1.596119829747798091e+00
1.582109210466012001e+09 -8.769985795461732181e-02 1.205183092315247582e-02 9.960740375535817037e-01 2.328706452092702273e-01 -9.719723933303725527e-01 3.226343448511986151e-02 9.685452996719071672e-01 2.347859024228136082e-01 8.243532318776958245e-02 -3.662950212989969645e-02 1.536782725235149583e+00 1.590142205665357800e+00
1.582109210466044903e+09 -1.081561449128230351e-01 1.894197033021370602e-03 9.941321141263624872e-01 2.365363819961247005e-01 -9.712309917348164179e-01 2.758442834858548451e-02 9.655841694600039160e-01 2.381318389314481254e-01 1.045965533728167723e-01 -4.231205400216573459e-02 1.534649128253926742e+00 1.584045131692757291e+00
1.582109210466069937e+09 -1.285542132290655726e-01 -8.172856776129437673e-03 9.916688049320334652e-01 2.405437749787232848e-01 -9.703613383896088074e-01 2.318545404003072991e-02 9.620875773972068501e-01 2.415203456694957895e-01 1.267099682257553928e-01 -4.785192011364063081e-02 1.532451012984031635e+00 1.577840607890415470e+00
1.582109210466092110e+09 -1.488907711181560178e-01 -1.808868011185541316e-02 9.886881904472241134e-01 2.449525306733507934e-01 -9.693458596122203064e-01 1.915364640731906723e-02 9.580343396739734452e-01 2.450334754802416526e-01 1.487575204876663004e-01 -5.325458334749357675e-02 1.530184496816556994e+00 1.571540443025049694e+00
1.582109210466126919e+09 -1.691611507446185991e-01 -2.778068635475069992e-02 9.851968019368363416e-01 2.498237328261557200e-01 -9.681657388827454858e-01 1.559501753006394681e-02 9.534005494006940751e-01 2.487636137395448643e-01 1.707163052663926428e-01 -5.852637551514795755e-02 1.527846404789738211e+00 1.565156128190878126e+00
1.582109210466164112e+09 -1.893573524916029871e-01 -3.716337443934885493e-02 9.812047068067937250e-01 2.552166419262823505e-01 -9.668013352221458412e-01 1.263502662749932393e-02 9.481604604407550818e-01 2.528123055043591805e-01 1.925556528499146325e-01 -6.367433712717572580e-02 1.525434304871730262e+00 1.558698713219446308e+00
1.582109210466187954e+09 -2.094655764531063724e-01 -4.613763122213809798e-02 9.767269276868187911e-01 2.611848313410368161e-01 -9.652325865102922009e-01 1.041814846003133281e-02 9.422879900330377589e-01 2.572885013469048965e-01 2.142334495737586719e-01 -6.870605118563805069e-02 1.522946512133193542e+00 1.552178691454866533e+00
1.582109210466212034e+09 -2.294633536497944493e-01 -5.459046898378604185e-02 9.717851871839134903e-01 2.677717309774232390e-01 -9.634393487141128531e-01 9.106121018877862822e-03 9.357589804127567357e-01 2.623061227782043092e-01 2.356918083685858312e-01 -7.362945591858599537e-02 1.520382057269440423e+00 1.545605899051785803e+00
1.582109210466234922e+09 -2.493164850523159615e-01 -6.239535452612701705e-02 9.664099078635687290e-01 2.750057585003892191e-01 -9.614016199109866045e-01 8.874571848068607896e-03 9.285543188606467657e-01 2.679808667938284872e-01 2.568523543979677193e-01 -7.845264285183028985e-02 1.517740615934464632e+00 1.538989434862545469e+00
1.582109210466255903e+09 -2.689760802442964782e-01 -6.941324081695707249e-02 9.606423217086862421e-01 2.828953560391434530e-01 -9.590996051592973748e-01 9.907820956003400917e-03 9.206639374874379111e-01 2.744262184705634211e-01 2.776115358341294526e-01 -8.318364822617660415e-02 1.515022396905749913e+00 1.532337606817077313e+00
1.582109210466275930e+09 -2.883760253185094768e-01 -7.549433839834852888e-02 9.545364701746330560e-01 2.914243644042511239e-01 -9.565136082631039427e-01 1.239181344298249249e-02 9.120916115473524099e-01 2.817486860284973971e-01 2.978364820976089899e-01 -8.783024713039641607e-02 1.512227989085210167e+00 1.525657910233964687e+00
1.582109210466298103e+09 -3.074312095001144884e-01 -8.048076657641486942e-02 9.481607973538683787e-01 3.005481293025618617e-01 -9.536238269448614746e-01 1.650511002985744630e-02 9.028603842233821064e-01 2.900421398621377822e-01 3.173620703649213115e-01 -9.239976072515518335e-02 1.509358169754744905e+00 1.518957042722631545e+00
1.582109210466320992e+09 -3.260368138269632565e-01 -8.421012549964668192e-02 9.415989861905385006e-01 3.101908489158941018e-01 -9.504101813538584631e-01 2.240813310146824722e-02 8.930182715266025140e-01 2.993812651849903084e-01 3.359899176731109272e-01 -9.689888682628154670e-02 1.506413678646371768e+00 1.512240959092605141e+00
1.582109210466341972e+09 -3.440689408970371566e-01 -8.652016296077619240e-02 9.349496378486842341e-01 3.202446133636075998e-01 -9.468524057429908991e-01 3.023093368776942971e-02 8.826437285357789930e-01 3.098141106235571818e-01 3.534901205650624045e-01 -1.013335637827994656e-01 1.503394964898142838e+00 1.505514968423252720e+00
1.582109210466367960e+09 -3.613868517365555477e-01 -8.725469050992003262e-02 9.283243842419055536e-01 3.305706133564467741e-01 -9.429306759199000965e-01 4.006007982659396532e-02 8.718501092384148832e-01 3.213539472214125836e-01 3.696065849363230904e-01 -1.057088766986079009e-01 1.500301916608908659e+00 1.498783874005859662e+00
1.582109210466401100e+09 -3.778370006715123242e-01 -8.627070584577724299e-02 9.218441116797250201e-01 3.410029665155519529e-01 -9.386270211339309277e-01 5.192583197375558179e-02 8.607881143191375983e-01 3.339710773579793734e-01 3.840665850309859519e-01 -1.100290134670934700e-01 1.497133585268708433e+00 1.492052155227797217e+00
1.582109210466438055e+09 -3.932589626986807141e-01 -8.344655251046163846e-02 9.156331476816633730e-01 3.513553723927310135e-01 -9.339276847123400005e-01 6.579120017102338402e-02 8.496450968197638565e-01 3.475856047127294790e-01 3.965948270574515266e-01 -1.142972754305975058e-01 1.493887919098597195e+00 1.485324188684350899e+00
1.582109210466469049e+09 -4.074931509166121457e-01 -7.869060740421665590e-02 9.098115850353638567e-01 3.614304526962336950e-01 -9.288263843811158660e-01 8.154492959485255821e-02 8.386401849552553855e-01 3.620626133494304066e-01 4.069315718826760353e-01 -1.185161444921500606e-01 1.490561520817392793e+00 1.478604504078440574e+00
1.582109210466495037e+09 -4.203898914833709699e-01 -7.194954271888814867e-02 9.044863749351325088e-01 3.710311053065316056e-01 -9.233281111132385366e-01 9.900059658609479396e-02 8.280146484426146314e-01 3.772114294824270297e-01 4.148533227954031011e-01 -1.226874054183893503e-01 1.487149446778543327e+00 1.471898068667190307e+00
1.582109210466516018e+09 -4.318190430753364173e-01 -6.321488465973167103e-02 8.997422922132272127e-01 3.799726002059601870e-01 -9.174527760096919948e-01 1.179034642670082483e-01 8.180178097890972166e-01 3.927903794024947270e-01 4.201935038988611759e-01 -1.268123180058318700e-01 1.483645064044252448e+00 1.465210592260937084e+00
1.582109210466538906e+09 -4.416791620592942502e-01 -5.252668841336971539e-02 8.956341132455145626e-01 3.880937559540317827e-01 -9.112377836464391478e-01 1.379454176330192905e-01 8.088898283412997436e-01 4.085176234399867656e-01 4.228600205115605193e-01 -1.308918299177222466e-01 1.480039980773324881e+00 1.458548843237065462e+00
1.582109210466563940e+09 -4.499052046230078705e-01 -3.997345808241278831e-02 8.921812761452785345e-01 3.952656025886154278e-01 -9.047385736785505950e-01 1.587867019296359816e-01 8.008435616681386371e-01 4.240875333568016048e-01 4.228467261173290970e-01 -1.349268174324957659e-01 1.476324062954619487e+00 1.451920964737358322e+00
1.582109210466595888e+09 -4.564738224999870253e-01 -2.568786086185100015e-02 8.893659444676005332e-01 4.013964256240177275e-01 -8.980264305407250625e-01 1.800817579542066116e-01 7.940482094120174805e-01 4.391909195967783619e-01 4.202365729864723232e-01 -1.389183383329035959e-01 1.472485546780549548e+00 1.445336779338264321e+00
1.582109210466633081e+09 -4.614055155298146249e-01 -9.838426227671271534e-03 8.871348012620084988e-01 4.064328484604195491e-01 -8.911834182662982107e-01 2.015054706475148394e-01 7.886173279436176076e-01 4.535364598113499346e-01 4.151956041325174374e-01 -1.428678790515768571e-01 1.468511250708187443e+00 1.438808070298386754e+00
1.582109210466664076e+09 -4.647634165686244101e-01 7.381716683100241275e-03 8.854041319535528309e-01 4.103575097141438088e-01 -8.842949604109825446e-01 2.227759798862436191e-01 7.846028809802951809e-01 4.668703602202849967e-01 4.079588041791865627e-01 -1.467775777042447938e-01 1.464386885871205468e+00 1.432348827771323441e+00
1.582109210466691017e+09 -4.666489715531588200e-01 2.576747344397799233e-02 8.840671776866551035e-01 4.131845656129282118e-01 -8.774411235598348346e-01 2.436710680951708063e-01 7.819956854673474345e-01 4.789917661088271550e-01 3.988102755854087134e-01 -1.506504058657035239e-01 1.460097459007071663e+00 1.425975448597314843e+00
1.582109210466712952e+09 -4.671951214705620803e-01 4.511407904535293112e-02 8.830025132173470181e-01 4.149544680849688305e-01 -8.706879234057254280e-01 2.640366062747304676e-01 7.807313929209824810e-01 4.897624525308313381e-01 3.880608614647413357e-01 -1.544902942673365420e-01 1.455627757666618782e+00 1.419706878594771515e+00
1.582109210466732979e+09 -4.665577639012107314e-01 6.522758375314570423e-02 8.820823177364929268e-01 4.157292373675454122e-01 -8.640799182614063989e-01 2.837870611153565092e-01 7.807003613059305680e-01 4.991104659058965276e-01 3.760261808466237587e-01 -1.583021908599934746e-01 1.450962903260710979e+00 1.413564686752668553e+00
1.582109210466752052e+09 -4.649063575061648246e-01 8.593250264881238665e-02 8.811797113761851152e-01 4.155889830517787153e-01 -8.576350239045034130e-01 3.028992620321829254e-01 7.817594744665699036e-01 5.070283727391994288e-01 3.630073736459101807e-01 -1.620920437514803414e-01 1.446088953974985714e+00 1.407573061238028167e+00
1.582109210466770887e+09 -4.624144445661173553e-01 1.070761874128493274e-01 8.801747392125569558e-01 4.146298566215886328e-01 -8.513420541077868497e-01 3.214012895226557309e-01 7.837441951660497619e-01 5.135673246989163054e-01 3.492758788511284296e-01 -1.658667059609653105e-01 1.440993535528133807e+00 1.401758718717812435e+00
1.582109210466789961e+09 -4.592506503629142922e-01 1.285300433283689814e-01 8.789589683855572044e-01 4.129630503270674824e-01 -8.451611474587115147e-01 3.393584445570336783e-01 7.864797258720110928e-01 5.188281630656085275e-01 3.350626478800076691e-01 -1.696337638243519963e-01 1.435666475131633701e+00 1.396150720369688791e+00
1.582109210466809034e+09 -4.555706505106164039e-01 1.501880641945693706e-01 8.774388456006361192e-01 4.107141762236151683e-01 -8.390269168166021307e-01 3.568580926748264326e-01 7.897906354498015480e-01 5.229506460771207177e-01 3.205516712254516953e-01 -1.734012957178804881e-01 1.430100412607286708e+00 1.390780190200988198e+00
1.582109210466828108e+09 -4.515105323762886314e-01 1.719634035961962182e-01 8.755380214354184787e-01 4.080222884715818954e-01 -8.328539057831356729e-01 3.739948980046655658e-01 7.935086964020023892e-01 5.261016626538658203e-01 3.058774089228267767e-01 -1.771775721276603321e-01 1.424291364057289400e+00 1.385679931942102705e+00
1.582109210466847897e+09 -4.471818926695718677e-01 1.937838414928755304e-01 8.731988190823889440e-01 4.050379035426909802e-01 -8.265437623887884611e-01 3.908576538220264185e-01 7.974789348717081783e-01 5.284630844574063069e-01 2.911256031402247313e-01 -1.809707115449715464e-01 1.418239213403540644e+00 1.380883943127292790e+00
1.582109210466867924e+09 -4.426689115673103081e-01 2.155870351265505858e-01 8.703829415948540760e-01 4.019195853847194466e-01 -8.199934265211457074e-01 4.075186220869139175e-01 8.015640221578700375e-01 5.302197758941574746e-01 2.763369458377882837e-01 -1.847883094942124327e-01 1.411948107275711184e+00 1.376426828312420803e+00
1.582109210466887951e+09 -4.380275226415727974e-01 2.373163673572169230e-01 8.670714106663970355e-01 3.988289496771602050e-01 -8.131035618209431215e-01 4.240260212001620288e-01 8.056471673814880052e-01 5.315482476128369216e-01 2.615131013009032723e-01 -1.886370601987230611e-01 1.405426729196188163e+00 1.372343118131095885e+00
1.582109210466907024e+09 -4.332866707930694838e-01 2.589180098851654455e-01 8.632636474868604637e-01 3.959243420141610459e-01 -8.057863954068864576e-01 4.404000458437325460e-01 8.096336062168050240e-01 5.326065612965174001e-01 2.466245619365191877e-01 -1.925223919597051914e-01 1.398688429935976973e+00 1.368666507861629134e+00
1.582109210466926098e+09 -4.284514670132316128e-01 2.803395235957390486e-01 8.589756061300453105e-01 3.933538673855083712e-01 -7.979721223475655378e-01 4.566324856712639102e-01 8.134507209591687049e-01 5.335262350326047676e-01 2.316196906678102130e-01 -1.964481382677407406e-01 1.391751192486198274e+00 1.365429040429060770e+00
1.582109210466944933e+09 -4.235078180411613880e-01 3.015299930039631038e-01 8.542369644186554867e-01 3.912486464452338830e-01 -7.896132206421930810e-01 4.726896005236066456e-01 8.170468926045219016e-01 5.344067974005711763e-01 2.164341705449239761e-01 -2.004162660796292850e-01 1.384637416888794492e+00 1.362660267902307210e+00
1.582109210466964006e+09 -4.184279383160704469e-01 3.224413662842147699e-01 8.490875253750266305e-01 3.897172260416184031e-01 -7.806863087099753518e-01 4.885175238622975202e-01 8.203892638040232166e-01 5.353134153964534958e-01 2.010000077954882669e-01 -2.044266802953331463e-01 1.377373519972862059e+00 1.360386433629588110e+00
1.582109210466983080e+09 -4.131760651674775131e-01 3.430304367718454150e-01 8.435731495389076073e-01 3.888419260347749651e-01 -7.711915385288932168e-01 5.040491716691305468e-01 8.234606825660865104e-01 5.362776616188876799e-01 1.852532696566581150e-01 -2.084771191565291948e-01 1.369989357331456770e+00 1.358629723635425002e+00
1.582109210467003107e+09 -4.077137206728067009e-01 3.632608228947301621e-01 8.377416645524650152e-01 3.886775725367521139e-01 -7.611498887131968871e-01 5.192115094257417907e-01 8.262561749142884882e-01 5.373010529150399339e-01 1.691399182762829967e-01 -2.125631488655314594e-01 1.362517489726943420e+00 1.357407635829913417e+00
1.582109210467022896e+09 -4.020040052562861566e-01 3.831044069732784108e-01 8.316392205263717363e-01 3.892526078247480203e-01 -7.505990198836092198e-01 5.339321292568273147e-01 8.287793355661395855e-01 5.383605898552658031e-01 1.526194228509195061e-01 -2.166782578803441717e-01 1.354992330449481530e+00 1.356732507300193680e+00
1.582109210467047930e+09 -3.960145885716632175e-01 4.025418757118975344e-01 8.253075087135207655e-01 3.905722619720958244e-01 -7.395884603244385902e-01 5.481443400549331768e-01 8.310389604695614940e-01 5.394153758053050751e-01 1.356661288922232922e-01 -2.208140435067535712e-01 1.347449220281137672e+00 1.356611226109492474e+00
1.582109210467071056e+09 -3.897193594855812293e-01 4.215623428540866691e-01 8.187820295607839416e-01 3.926229943609926276e-01 -7.281749124938300399e-01 5.617904245489969695e-01 8.330462202921670167e-01 5.404132565952600720e-01 1.182687911291440130e-01 -2.249604769052165332e-01 1.339923480968500558e+00 1.357045139415287149e+00
1.582109210467096090e+09 -3.830988842243224779e-01 4.401622207698600020e-01 8.120914137676736866e-01 3.953774411675268774e-01 -7.164182368846415683e-01 5.748230935481383197e-01 8.348125082458957014e-01 5.412967109340103278e-01 1.004288146416553590e-01 -2.291062279962304826e-01 1.332449497281526396e+00 1.358030156483568840e+00
1.582109210467118979e+09 -3.761399872234360564e-01 4.583436557311229564e-01 8.052576005631602030e-01 3.987991392694273940e-01 -7.043784207357031146e-01 5.872054895189349200e-01 8.363479877009442065e-01 5.420075033196960490e-01 8.215783478062316236e-02 -2.332390290103352193e-01 1.325059873226503093e+00 1.359557034012987886e+00
1.582109210467142105e+09 -3.688347578658826009e-01 4.761128072806757316e-01 7.982966341752196771e-01 4.028466162827034069e-01 -6.921135815107046785e-01 5.989101719284225522e-01 8.376607458520953786e-01 5.424899861137486567e-01 6.347511187012737366e-02 -2.373460545245563436e-01 1.317784700486322791e+00 1.361611820111997773e+00
1.582109210467165947e+09 -3.611792980301206102e-01 4.934782239791028480e-01 7.912197906618959609e-01 4.074765895558282724e-01 -6.796788955201615856e-01 6.099175583222502528e-01 8.387564268846539051e-01 5.426931374588144230e-01 4.440512264261563258e-02 -2.414142967757477720e-01 1.310650967266113964e+00 1.364176424996794257e+00
1.582109210467195034e+09 -3.531724837512352222e-01 5.104494873073540662e-01 7.840347681262594959e-01 4.126462000064876623e-01 -6.671262333511875919e-01 6.202142391111264974e-01 8.396382020507848765e-01 5.425715710247780432e-01 2.497558757544503932e-02 -2.454309175155327816e-01 1.303682124617471461e+00 1.367229281504690031e+00
1.582109210467215061e+09 -3.448149474418794047e-01 5.270362071375050972e-01 7.767467337484731393e-01 4.183143516738060952e-01 -6.545042387926670591e-01 6.297914770679939878e-01 8.403069410675221285e-01 5.420858214070307657e-01 5.216035402284997791e-03 -2.493835613810235774e-01 1.296897815740702953e+00 1.370746055939283670e+00
1.582109210467235088e+09 -3.361084064953199779e-01 5.432473762878698986e-01 7.693591016174936570e-01 4.244423237164217100e-01 -6.418585973145797263e-01 6.386440752820738975e-01 8.407614720735322456e-01 5.412022073233880848e-01 -1.484310840588462348e-02 -2.532606198520604979e-01 1.290313763906062894e+00 1.374700372812973859e+00
1.582109210467253923e+09 -3.270553407237464794e-01 5.590910185529434084e-01 7.618740296660998501e-01 4.309938983593801787e-01 -6.292323084903189701e-01 6.467696355969868582e-01 8.409988487999984219e-01 5.398925216442517216e-01 -3.517103057628281904e-02 -2.570514392880868804e-01 1.283941805763990418e+00 1.379064519960554902e+00
1.582109210467281103e+09 -3.176589681900618967e-01 5.745740525690425926e-01 7.542926739966172578e-01 4.379352157932993039e-01 -6.166658517658447636e-01 6.541681542503520186e-01 8.410145817394355516e-01 5.381337058597190914e-01 -5.573677351118148243e-02 -2.607464702794387579e-01 1.277790051222061907e+00 1.383810107902573527e+00
1.582109210467315912e+09 -3.079234344781069388e-01 5.897022981181505585e-01 7.466152677889286160e-01 4.452345189756353738e-01 -6.041972033060531988e-01 6.608418590184864660e-01 8.408028196988811542e-01 5.359075844894785057e-01 -7.650934109749264744e-02 -2.643373583473003774e-01 1.271863148275134581e+00 1.388908665269948939e+00
1.582109210467353106e+09 -2.978541388395529177e-01 6.044805755624255150e-01 7.388410828764342408e-01 4.528618845570581142e-01 -5.918617011860504151e-01 6.667952010819475639e-01 8.403564871490055710e-01 5.332006755799489905e-01 -9.745775530853606483e-02 -2.678169787892138443e-01 1.266162628724177397e+00 1.394332156886610274e+00
1.582109210467386961e+09 -2.874580694119199809e-01 6.189128397670390358e-01 7.309683680595393529e-01 4.607890217718049186e-01 -5.796918213390439556e-01 6.720348723753373221e-01 8.396673959052978198e-01 5.300040462545271280e-01 -1.185511501823336700e-01 -2.711794215745461090e-01 1.260687308254663241e+00 1.400053414367104621e+00
1.582109210467422009e+09 -2.767440982731876331e-01 6.330023338752081008e-01 7.229942941556695146e-01 4.689891408469066825e-01 -5.677169099656635964e-01 6.765698012090473057e-01 8.387263497950090407e-01 5.263131724074894269e-01 -1.397589163953898428e-01 -2.744199341017909966e-01 1.255433715092854285e+00 1.406046475382778382e+00
1.582109210467451096e+09 -2.657232706218001228e-01 6.467517845621927330e-01 7.149148708887147485e-01 4.774368485264057771e-01 -5.559628662445753600e-01 6.804111602756240940e-01 8.375232528837850410e-01 5.221277817975218394e-01 -1.610508626374664298e-01 -2.775348306722476011e-01 1.250396523929685699e+00 1.412286833339472913e+00
1.582109210467472076e+09 -2.544089845898324098e-01 6.601635960528383640e-01 7.067249075904360467e-01 4.861080970861432204e-01 -5.444518647324232408e-01 6.835722967894520830e-01 8.360472394004166974e-01 5.174516339118507835e-01 -1.823974233782029997e-01 -2.805213784269673938e-01 1.245568974439248855e+00 1.418751602578416371e+00
1.582109210467499971e+09 -2.428170174803334636e-01 6.732400217070596549e-01 6.984180475875380045e-01 4.949801745539758047e-01 -5.332021830430471176e-01 6.860685525499441439e-01 8.342868348609240314e-01 5.122922068234938564e-01 -2.037698996607819335e-01 -2.833776689950544547e-01 1.240943258542928307e+00 1.425419608241567326e+00
1.582109210467534065e+09 -2.309654508076067758e-01 6.859833280673801603e-01 6.899868362142824729e-01 5.040316926608597869e-01 -5.222281248636885254e-01 6.879170287150299101e-01 8.322301444483034549e-01 5.066602996259342850e-01 -2.251406836993786187e-01 -2.861024837167114310e-01 1.236510866043521562e+00 1.432271412701012769e+00
1.582109210467572927e+09 -2.188745358429253218e-01 6.983959580196154038e-01 6.814227934135770326e-01 5.132425500718951206e-01 -5.115400211769637329e-01 6.891363374045085255e-01 8.298650627403272306e-01 5.005695681503473660e-01 -2.464834377536888887e-01 -2.886951586961973848e-01 1.232262883089299432e+00 1.439289291309111984e+00
1.582109210467621088e+09 -2.065665297677443946e-01 7.104806938660166438e-01 6.727164725391596711e-01 5.225938626492891981e-01 -5.011442913292999402e-01 6.897463693204048951e-01 8.271794989618399541e-01 4.940360137822065734e-01 -2.677732129723504051e-01 -2.911554546978075142e-01 1.228190241372135283e+00 1.446457169371321738e+00
1.582109210467662096e+09 -1.940655192615359237e-01 7.222408160463471560e-01 6.638574981670477548e-01 5.320678618869980614e-01 -4.910435504016170127e-01 6.897680928814435841e-01 8.241616131454376770e-01 4.870774427622175384e-01 -2.889865051725384326e-01 -2.934834351310690592e-01 1.224283919437798573e+00 1.453760531537769740e+00
1.582109210467703104e+09 -1.813972335653223911e-01 7.336802478091555280e-01 6.548345879927991442e-01 5.416477687228753446e-01 -4.812367597458544477e-01 6.892233859266326812e-01 8.208000598770126555e-01 4.797129089842295802e-01 -3.101012522739785005e-01 -2.956793546315527599e-01 1.220535098907906013e+00 1.461186312646090002e+00
1.582109210467744112e+09 -1.685888508198906399e-01 7.448036784289118195e-01 6.456355628217405052e-01 5.513176491529474532e-01 -4.717194152655321271e-01 6.881349017419061687e-01 8.170842362409233006e-01 4.719621529979023400e-01 -3.310967789427746721e-01 -2.977435608079150864e-01 1.216935278615035365e+00 1.468722776645018158e+00
1.582109210467778921e+09 -1.556686990989358810e-01 7.556166058820525944e-01 6.362474369600923385e-01 5.610622864964736056e-01 -4.624838714145664276e-01 6.865258766820626635e-01 8.130045306109296988e-01 4.638450318789609228e-01 -3.519537179934552062e-01 -2.996764110122274172e-01 1.213476350709481899e+00 1.476359389160951441e+00
1.582109210467806101e+09 -1.426657774582222871e-01 7.661252452799234280e-01 6.266566719418001918e-01 5.708670976822152188e-01 -4.535198903490642586e-01 6.844198023457445101e-01 8.085525540914558773e-01 4.553809587638311118e-01 -3.726539274845043770e-01 -3.014782043196716499e-01 1.210150644508194429e+00 1.484086688949791233e+00
1.582109210467828035e+09 -1.296092372597212328e-01 7.763363633270425890e-01 6.168494926602843265e-01 5.807180635753884657e-01 -4.448152855138407524e-01 6.818400783261588938e-01 8.037213299744402351e-01 4.465884153798682643e-01 -3.931803797174067694e-01 -3.031491274266734370e-01 1.206950944739836551e+00 1.491896162699634765e+00
1.582109210467848063e+09 -1.165276845947263856e-01 7.862569551897663489e-01 6.068124085257851075e-01 5.906017304807322787e-01 -4.363568062024594241e-01 6.788094973078122596e-01 7.985054130548032703e-01 4.374845575544687448e-01 -4.135170700535318877e-01 -3.046892133484000453e-01 1.203870489740099359e+00 1.499780125867669511e+00
1.582109210467869997e+09 -1.034482607172447083e-01 7.958937259307614642e-01 5.965330119790366314e-01 6.005053188915695506e-01 -4.281313231297148025e-01 6.753494888866541368e-01 7.929008887239084036e-01 4.280849765891985292e-01 -4.336489749573615438e-01 -3.060983125040773190e-01 1.200902953748646862e+00 1.507731610797891086e+00
1.582109210467901945e+09 -9.039559967953296471e-02 8.052524234263479519e-01 5.860009984007926720e-01 6.104169386039431933e-01 -4.201272188448355593e-01 6.714791739528668257e-01 7.869052018036269969e-01 4.184036980642318326e-01 -4.535620672219812799e-01 -3.073760750668659836e-01 1.198042417529323611e+00 1.515744263183818719e+00
1.582109210467940092e+09 -7.739087198025834669e-02 8.143371491781976612e-01 5.752092318492600942e-01 6.203258692072606273e-01 -4.123357491221842919e-01 6.672143928224529841e-01 7.805167960575982722e-01 4.084534703810251410e-01 -4.732433767183515938e-01 -3.085219418754163723e-01 1.195283332100289142e+00 1.523812248046161333e+00
1.582109210467966080e+09 -6.445108034009956743e-02 8.231497643268075315e-01 5.641546984062705272e-01 6.302228609495204026e-01 -4.047521717258364959e-01 6.625668457002292788e-01 7.737345822575134591e-01 3.982463370504146782e-01 -4.926810847260402748e-01 -3.095351413677373542e-01 1.192620479251935928e+00 1.531930165536713684e+00
1.582109210467987061e+09 -5.158861767143206600e-02 8.316894149907184675e-01 5.528393360835517356e-01 6.401004483148827751e-01 -3.973766157776807972e-01 6.575433379644982645e-01 7.665572585237432346e-01 3.877944587376260799e-01 -5.118646570911724591e-01 -3.104146905385133937e-01 1.190048931328661963e+00 1.540092976169157080e+00
1.582109210468013048e+09 -3.881103017167980562e-02 8.399521476685700705e-01 5.412708135177110025e-01 6.499532873776845410e-01 -3.902147591384905745e-01 6.521450498000899154e-01 7.589824952958672544e-01 3.771111658113331933e-01 -5.307850228265534875e-01 -3.111594001486804872e-01 1.187564010710723705e+00 1.548295934172567057e+00
1.582109210468049049e+09 -2.612105732463946423e-02 8.479306631606681188e-01 5.294632006460010532e-01 6.597784683367654557e-01 -3.832782415634073403e-01 6.463668944682928741e-01 7.510060339870839874e-01 3.662122062658617616e-01 -5.494347612765231315e-01 -3.117678839577270877e-01 1.185161249693311936e+00 1.556534528095923964e+00
1.582109210468082905e+09 -1.351703039058566036e-02 8.556142679978688825e-01 5.174374496400953038e-01 6.695757314904503543e-01 -3.765847235562916895e-01 6.401970679286110855e-01 7.426207845798620255e-01 3.551171220662870942e-01 -5.678082422151489173e-01 -3.122385714106232224e-01 1.182836351536238562e+00 1.564804428020805771e+00
1.582109210468122959e+09 -9.937238559664454685e-04 8.629891051170801575e-01 5.052215523552754384e-01 6.793474833784856060e-01 -3.701574643397430031e-01 6.336169571769849629e-01 7.338160596101483968e-01 3.438506304268383884e-01 -5.859016424412977209e-01 -3.125697239887646472e-01 1.180585152871710175e+00 1.573101438652922290e+00
1.582109210468163013e+09 1.145654320344072566e-02 8.700385267285734026e-01 4.928505956453297365e-01 6.890986590367231823e-01 -3.640246536553609080e-01 6.266012205910674870e-01 7.245769701923689965e-01 3.324440006094418476e-01 -6.037128462503887905e-01 -3.127594557637463635e-01 1.178403587506824168e+00 1.581421457721345680e+00
1.582109210468204021e+09 2.384254600121787915e-02 8.767436347120989293e-01 4.803666641162276929e-01 6.988363727878159626e-01 -3.582184552899449481e-01 6.191181327984067728e-01 7.148840864577076237e-01 3.209363445975652596e-01 -6.212411815454533803e-01 -3.128057590794174336e-01 1.176287651562564429e+00 1.589760439312006834e+00
1.582109210468276024e+09 3.617254947779066643e-02 8.830840174143065324e-01 4.678185170061581188e-01 7.085693041588865260e-01 -3.527737156647872130e-01 6.111303025879035733e-01 7.047134792733696917e-01 3.093756999597960800e-01 -6.384869524171323807e-01 -3.127065364028990269e-01 1.174233370000454135e+00 1.598114362043913994e+00
1.582109210468317986e+09 4.845251336304533946e-02 8.890387153074804649e-01 4.552609324721200723e-01 7.183067773672989764e-01 -3.477262892868319133e-01 6.025958855886317522e-01 6.940372666784591082e-01 2.978197280661261104e-01 -6.554507472253132683e-01 -3.124596388747187814e-01 1.172236764964344369e+00 1.606479202318958022e+00
1.582109210468359947e+09 6.068427387564488684e-02 8.945873741501050302e-01 4.427537113537971525e-01 7.280575757866526443e-01 -3.431110511184565226e-01 5.934702797456514745e-01 6.828247104823702562e-01 2.863358807655003724e-01 -6.721325599485727942e-01 -3.120629112586719711e-01 1.170293826740421705e+00 1.614850913084585615e+00
1.582109210468391895e+09 7.286387181841831595e-02 8.997115607953404259e-01 4.303602718153679563e-01 7.378285509949652488e-01 -3.389596446937248042e-01 5.837083078105922418e-01 6.710438774936934303e-01 2.750008484395344843e-01 -6.885307893172786242e-01 -3.115142423927099724e-01 1.168400488267104187e+00 1.623225408579098472e+00
1.582109210468420029e+09 8.498030425709965363e-02 9.043960787306249971e-01 4.181460040072079720e-01 7.476232269625674443e-01 -3.352982191775450982e-01 5.732666174859438746e-01 6.586636914206729365e-01 2.638992932828435056e-01 -7.046412595150938207e-01 -3.108116191679279328e-01 1.166552604289453399e+00 1.631598555436509779e+00
1.582109210468451023e+09 9.701485867326796464e-02 9.086301876069867722e-01 4.061764387160508027e-01 7.574405577242431242e-01 -3.321453073201421358e-01 5.621061255145035629e-01 6.456561923442228901e-01 2.531218619492371924e-01 -7.204563861143994385e-01 -3.099531814488661885e-01 1.164745936092488554e+00 1.639966170245713561e+00
1.582109210468481064e+09 1.089411504684810322e-01 9.124085706372900839e-01 3.945154318456717268e-01 7.672740384489161736e-01 -3.295100778781344664e-01 5.501942007149546177e-01 6.319987149182578756e-01 2.427626594155523343e-01 -7.359646156828931751e-01 -3.089372748997316065e-01 1.162976142451467521e+00 1.648324023273750383e+00
1.582109210468501091e+09 1.207258455880053788e-01 9.157319461818922424e-01 3.832235287024282622e-01 7.771112959502390893e-01 -3.273911158672730970e-01 5.375063636451690163e-01 6.176757271538387828e-01 2.329164227684561439e-01 -7.511502087411223716e-01 -3.077624981014743799e-01 1.161238777101350150e+00 1.656667847576857699e+00
1.582109210468525887e+09 1.323299366080761263e-01 9.186072915480508749e-01 3.723565922529269434e-01 7.869341849191482385e-01 -3.257757849641007564e-01 5.240274101017913244e-01 6.026801610177235924e-01 2.236756174640556760e-01 -7.659933692074845091e-01 -3.064277414308896330e-01 1.159529292295012448e+00 1.664993352319146247e+00
1.582109210468553066e+09 1.437103858211830065e-01 9.210476722726347321e-01 3.619647916723995329e-01 7.967193589690940714e-01 -3.246401892785602539e-01 5.097519107864015853e-01 5.870141293464763432e-01 2.151277130183138209e-01 -7.804706778868876205e-01 -3.049322155201329987e-01 1.157843047619447230e+00 1.673296238807050473e+00
1.582109210468584061e+09 1.548219038364781197e-01 9.230716532774364547e-01 3.520921768660359441e-01 8.064392718360946510e-01 -3.239497488451567042e-01 4.946840012219521632e-01 5.706889511233816936e-01 2.073530398643043393e-01 -7.945557487847131339e-01 -3.032754682519669953e-01 1.156175322801552552e+00 1.681572217619725196e+00
1.582109210468609095e+09 1.656186282682831079e-01 9.247024527814977635e-01 3.427766675148262721e-01 8.160634017122631034e-01 -3.236601772610453454e-01 4.788367300474026811e-01 5.537246557249537737e-01 2.004232109247283677e-01 -8.082199837711343537e-01 -3.014573909947101948e-01 1.154521332948712065e+00 1.689817025412511109e+00
1.582109210468645096e+09 1.760555623533335279e-01 9.259669625731270504e-01 3.340503303241955657e-01 8.255595380528765181e-01 -3.237187013969526350e-01 4.622311667305901151e-01 5.361491285973883913e-01 1.944000683927732120e-01 -8.214333358923630035e-01 -2.994782159486127360e-01 1.152876244740648204e+00 1.698026440361898981e+00
1.582109210468691111e+09 1.860896859184138219e-01 9.268947053839967642e-01 3.259399238020030953e-01 8.348950331196052232e-01 -3.240654151781467429e-01 4.448953701253356430e-01 5.179970197485267436e-01 1.893351837844093888e-01 -8.341650170770036343e-01 -2.973385068877127946e-01 1.151235192391915740e+00 1.706196295636630555e+00
