1.582109098778199911e+09 7.925023207757933008e-01 4.284676830560921190e-01 4.339994425612270779e-01 2.949020784173569387e-01 -8.921294458022313023e-01 3.422540227350180930e-01 5.338284703078574056e-01 -1.432497696683174004e-01 -8.333706664985455204e-01 3.440981478640250391e-01 1.656586827581386645e+00 1.601154767055990025e+00
1.582109098778240919e+09 7.855067048742351288e-01 4.203691483499042980e-01 4.541684662273636763e-01 2.874988027479671304e-01 -8.977650861167719709e-01 3.337098868311571542e-01 5.480179331165544454e-01 -1.315584633016173011e-01 -8.260561214094361837e-01 3.394073561106434322e-01 1.653884692593457162e+00 1.607842763183775725e+00
1.582109098778264046e+09 7.778951059404151103e-01 4.123791375245332014e-01 4.741546700088137833e-01 2.805661801215856843e-01 -9.030892042207460113e-01 3.251345995010584411e-01 5.622826893365195922e-01 -1.198888491715354027e-01 -8.182083115679612551e-01 3.344358243705914391e-01 1.651146153546035444e+00 1.614309144909054305e+00
1.582109098778284073e+09 7.696724118699539430e-01 4.045029130117042127e-01 4.939451100831432351e-01 2.740954803854039334e-01 -9.081056238772030609e-01 3.165688606226920720e-01 5.766073586425781716e-01 -1.082661962446987425e-01 -8.098162660213940045e-01 3.291921255335986674e-01 1.648376413954627084e+00 1.620542741804265496e+00
1.582109098778302908e+09 7.608438869312077468e-01 3.967452947345961323e-01 5.135267771311030627e-01 2.680754409463607657e-01 -9.128193641645298007e-01 3.080525383260593331e-01 5.909755812924613050e-01 -9.671597341982782203e-02 -8.008707029263099075e-01 3.236853298796540379e-01 1.645580732832548465e+00 1.626532815376778185e+00
1.582109098778321981e+09 7.514151717134829322e-01 3.891107217014095343e-01 5.328865601451941991e-01 2.624923225103625302e-01 -9.172365757950818876e-01 2.996245060885698863e-01 6.053701515159454205e-01 -8.526376888218896444e-02 -7.913640561559875941e-01 3.179250133080364082e-01 1.642764415665670885e+00 1.632269108985722639e+00
1.582109098778338909e+09 7.413923551601605544e-01 3.816032099998240001e-01 5.520112008271971238e-01 2.573298993470161111e-01 -9.213645166337828263e-01 2.913224165644605623e-01 6.197731025291630669e-01 -7.393522577635831816e-02 -7.812905245678943844e-01 3.119212663131273877e-01 1.639932802537492629e+00 1.637741910372124909e+00
1.582109098778357029e+09 7.307821373760573502e-01 3.742261666259831254e-01 5.708872427368609781e-01 2.525693832082399615e-01 -9.252115787931305402e-01 2.831823460891566002e-01 6.341657309939873199e-01 -6.275596135705859002e-02 -7.706461671607687247e-01 3.056846973722309180e-01 1.637091251886399590e+00 1.642942124431293172e+00
1.582109098778373957e+09 7.195920842875027645e-01 3.669820434676954735e-01 5.895009856006796500e-01 2.481893118255091568e-01 -9.287873652878250175e-01 2.752382523960925087e-01 6.485285635493331924e-01 -5.175142377286360423e-02 -7.594290568682694476e-01 2.992264267355003171e-01 1.634245119527993673e+00 1.647861351629126725e+00
1.582109098778392076e+09 7.078309622811697066e-01 3.598718336707039112e-01 6.078384589638822222e-01 2.441654551911138782e-01 -9.321028034942199225e-01 2.675212033011525325e-01 6.628412776415861796e-01 -4.094663673706321061e-02 -7.476394944215983829e-01 2.925580664400579955e-01 1.631399732797915059e+00 1.652491966364928455e+00
1.582109098778409958e+09 6.955097192763359804e-01 3.528948328372243370e-01 6.258845479622647812e-01 2.404710121973731018e-01 -9.351701041629081335e-01 2.600587790844045566e-01 6.770819172766328053e-01 -3.036631765853645831e-02 -7.352808742742127368e-01 2.856910092060878648e-01 1.628560081322333986e+00 1.656827614797335979e+00
1.582109098778426886e+09 6.826400424762950614e-01 3.460470502594444331e-01 6.436256764950325504e-01 2.370762851763102697e-01 -9.380032656431671612e-01 2.528729100871019986e-01 6.912289110222551436e-01 -2.003278964481342017e-02 -7.223581382739623358e-01 2.786382785603055967e-01 1.625731579391933579e+00 1.660862030511487619e+00
1.582109098778444052e+09 6.692362545541563623e-01 3.393216955035785465e-01 6.610473678791026764e-01 2.339496927168414342e-01 -9.406175894778829871e-01 2.459798602501371834e-01 7.052590849369030357e-01 -9.966811772351978280e-03 -7.088795989458629432e-01 2.714126872890282871e-01 1.622919282273523001e+00 1.664590268511541904e+00
1.582109098778460979e+09 6.553149041192865010e-01 3.327085068390925882e-01 6.781352563795959298e-01 2.310583047525435196e-01 -9.430296998341650694e-01 2.393888991614482875e-01 7.191484104564195290e-01 -1.863307586011300060e-04 -6.948564808961951167e-01 2.640273041457855685e-01 1.620128083902840022e+00 1.668008348435978005e+00
1.582109098778481007e+09 6.408947453074336220e-01 3.261935721534429122e-01 6.948752974110427028e-01 2.283688025584260373e-01 -9.452573033448804507e-01 2.331015240133793021e-01 7.328721685760071214e-01 9.294297744456021110e-03 -6.803028741529236756e-01 2.564953649393887369e-01 1.617362684083375246e+00 1.671113247551323955e+00
1.582109098778498888e+09 6.259965618857348257e-01 3.197593853876318781e-01 7.112539911963600137e-01 2.258486360160614492e-01 -9.473188366522115045e-01 2.271110198553782655e-01 7.464051836200218393e-01 1.846502618743429275e-02 -6.652355557978313350e-01 2.488301803743925567e-01 1.614627559372341148e+00 1.673902867827717245e+00
1.582109098778516054e+09 6.106428585480319082e-01 3.133851312021134761e-01 7.272585914753505465e-01 2.234672927119845665e-01 -9.492330265588188043e-01 2.214024172951270797e-01 7.597220994614717338e-01 2.732070356256399712e-02 -6.496736956128751350e-01 2.410450464877655907e-01 1.611926938865235304e+00 1.676375979659139537e+00
1.582109098778532982e+09 5.948574677120641585e-01 3.070471467225147078e-01 7.428772730577651862e-01 2.211975832341331050e-01 -9.510184027852064403e-01 2.159528345297144769e-01 7.727976593497301039e-01 3.586150115691999485e-02 -6.336384856232623042e-01 2.331531627672083773e-01 1.609264785554328503e+00 1.678532146159496419e+00
1.582109098778551102e+09 5.786650744076675679e-01 3.007195987430040796e-01 7.580992379771949174e-01 2.190168480980660415e-01 -9.526927743979127783e-01 2.107322895651273509e-01 7.856069958495685013e-01 4.409308963656682206e-02 -6.171526938636078263e-01 2.251675622030400725e-01 1.606644783276079735e+00 1.680371633745308291e+00
1.582109098778567076e+09 5.620906994421256409e-01 2.943753424750183978e-01 7.729147452160334275e-01 2.169079708545744445e-01 -9.542727067869960500e-01 2.057049665597192045e-01 7.981259160046233481e-01 5.202652050666844302e-02 -6.002401714233565055e-01 2.171010561728907440e-01 1.604070328626724162e+00 1.681895315671041446e+00
1.582109098778584957e+09 5.451591851996806515e-01 2.879869067506463653e-01 7.873150604183837276e-01 2.148600897564090506e-01 -9.557730394277844654e-01 2.008308714789805993e-01 8.103311697325231711e-01 5.967779030018557224e-02 -5.829253440444995826e-01 2.089661955191847720e-01 1.601544526667337820e+00 1.683104575566008787e+00
1.582109098778603077e+09 5.278947234612515471e-01 2.815275394302115264e-01 8.012923346152314164e-01 2.128689204238721211e-01 -9.572064824288709639e-01 1.960677758324580466e-01 8.222006954978364757e-01 6.706708992126497737e-02 -5.652327147263837004e-01 2.007752474677014509e-01 1.599070188961106531e+00 1.684001216977194071e+00
1.582109098778620005e+09 5.103204527756098896e-01 2.749722451962113845e-01 8.148394319616838466e-01 2.109366284407943881e-01 -9.585833237301628618e-01 1.913733269152943783e-01 8.337138443607047256e-01 7.421775966855009843e-02 -5.471863941068586534e-01 1.925401865525488698e-01 1.596649832627452748e+00 1.684587382336711237e+00
1.582109098778637886e+09 4.924581877851616496e-01 2.682986478356308990e-01 8.279497381374759657e-01 2.090712946754550716e-01 -9.599112884761964448e-01 1.867070218413368621e-01 8.448515414224351261e-01 8.115512206637942594e-02 -5.288097192214956666e-01 1.842726970791207231e-01 1.594285679339413564e+00 1.684865482901683365e+00
1.582109098778656006e+09 4.743282682727735788e-01 2.614876462432340620e-01 8.406169786582433634e-01 2.072860289295685166e-01 -9.611955450698690395e-01 1.820319377323973975e-01 8.555963979270547748e-01 8.790526157241151939e-02 -5.101249541697855383e-01 1.759841846085085648e-01 1.591979653248228654e+00 1.684838141027006353e+00
1.582109098778672934e+09 4.559495095576176493e-01 2.545238442627155706e-01 8.528350704942225802e-01 2.055978111176948731e-01 -9.624388450146892371e-01 1.773161292059125538e-01 8.659327830816794247e-01 9.449382160043982848e-02 -4.911530646227838526e-01 1.676857938905783052e-01 1.589733376760944950e+00 1.684508146599666967e+00
1.582109098778690100e+09 4.373392373022462754e-01 2.473957385686381127e-01 8.645980222525126990e-01 2.040261690288662499e-01 -9.636417772959419148e-01 1.725336123991124404e-01 8.758468552692951770e-01 1.009449037849955294e-01 -4.719135646909458637e-01 1.593884304390459639e-01 1.587548163324854045e+00 1.683878428505014568e+00
1.582109098778707027e+09 4.185133873460244458e-01 2.400956697490724545e-01 8.758998881201490727e-01 2.025918159879477876e-01 -9.648031092217780325e-01 1.676648935730428447e-01 8.853265503330974839e-01 1.072801464201435101e-01 -4.524244351092910343e-01 1.511027829040619830e-01 1.585425006664819669e+00 1.682952041107758090e+00
1.582109098778723955e+09 3.994866586765992156e-01 2.326195491818930650e-01 8.867347714546937043e-01 2.013153969771540874e-01 -9.659201788664065758e-01 1.626970159676713046e-01 8.943615155501727365e-01 1.135180752537737342e-01 -4.327021216935130754e-01 1.428393435894877717e-01 1.583364566402641671e+00 1.681732164266771967e+00
1.582109098778742075e+09 3.802727044015609681e-01 2.249664065344453012e-01 8.970968655875966036e-01 2.002164756060924866e-01 -9.669892972283364863e-01 1.576231643759493095e-01 9.029429844685039619e-01 1.196737857221489842e-01 -4.127616162322158555e-01 1.346084248650491755e-01 1.581367150304549440e+00 1.680222115006119399e+00
1.582109098778758049e+09 3.608843382574818404e-01 2.171378359713311001e-01 9.069805150162463248e-01 1.993128288301076190e-01 -9.680061203252097179e-01 1.524419472548165511e-01 9.110636040815806025e-01 1.257589408944391751e-01 -3.926166044980533010e-01 1.264201698248761940e-01 1.579432693912697250e+00 1.678425367736208207e+00
1.582109098778775930e+09 3.413337332319995032e-01 2.091374254560366408e-01 9.163802812481919302e-01 1.986200404863277535e-01 -9.689659643459495042e-01 1.471565134898822624e-01 9.187172372896159622e-01 1.317820064539791114e-01 -3.722796538981005265e-01 1.182845565029541773e-01 1.577560738868160284e+00 1.676345578546355686e+00
1.582109098778793097e+09 3.216325888825371515e-01 2.009702420581739868e-01 9.252910026606678828e-01 1.981512999769662053e-01 -9.698640572729728682e-01 1.417736672785541996e-01 9.258987742210993410e-01 1.377485834025240774e-01 -3.517624023272726275e-01 1.102113955955876107e-01 1.575750411065656165e+00 1.673986610742828285e+00
1.582109098778810024e+09 3.017922519854071561e-01 1.926424102425225993e-01 9.337078442674220380e-01 1.979172711977336407e-01 -9.706957403528333472e-01 1.363030939805533193e-01 9.326039837043530456e-01 1.436616909588494528e-01 -3.310757136278728030e-01 1.022103215815506894e-01 1.574000399321308086e+00 1.671352561312127172e+00
1.582109098778826952e+09 2.818237886138615922e-01 1.841607776632788462e-01 9.416263378701629216e-01 1.979259191202573931e-01 -9.714566427680644267e-01 1.307567274306247751e-01 9.388294215296895118e-01 1.495219020900352691e-01 -3.102297827259604679e-01 9.429077696159650357e-02 1.572308935165007693e+00 1.668447788531454812e+00
1.582109098778842926e+09 2.617380215976960467e-01 1.755326325924146114e-01 9.490424136856522308e-01 1.981822728233963160e-01 -9.721428459252968723e-01 1.251482075819765338e-01 9.445723872773056362e-01 1.553273383015071063e-01 -2.892342012867960555e-01 8.646198906168850451e-02 1.570673774343319007e+00 1.665276941327268112e+00
1.582109098778861046e+09 2.415455465945483549e-01 1.667654413977525674e-01 9.559524237663409307e-01 1.986881267371297388e-01 -9.727510475871837814e-01 1.194923751454075173e-01 9.498309203390533639e-01 1.610735452700584880e-01 -2.680979966478511112e-01 7.873293896506108891e-02 1.569092180902735834e+00 1.661844990034001102e+00
1.582109098778878927e+09 2.212567418243231998e-01 1.578665818048908265e-01 9.623531558505499239e-01 1.994417250662899876e-01 -9.732787254617083494e-01 1.138047489008205543e-01 9.546038196644719420e-01 1.667533055903711314e-01 -2.468296630903070721e-01 7.111232210345964921e-02 1.567560914796866545e+00 1.658157258258434741e+00
1.582109098778898001e+09 2.008817863946342486e-01 1.488430630402074462e-01 9.682418347234835743e-01 2.004375097197493849e-01 -9.737242883172664287e-01 1.081009483979771951e-01 9.588906677043054216e-01 1.723564705437924949e-01 -2.254372073901463047e-01 6.360850053819713801e-02 1.566076224266773398e+00 1.654219454450043258e+00
1.582109098778914928e+09 1.804306999483981100e-01 1.397012439728298194e-01 9.736161075996859759e-01 2.016660349127719909e-01 -9.740871923266105625e-01 1.023960551680835745e-01 9.626918369327149838e-01 1.778699080513753139e-01 -2.039282298689907291e-01 5.622944724684755813e-02 1.564633844276526631e+00 1.650037701782322674e+00
1.582109098778932095e+09 1.599134103326353418e-01 1.304465795201066869e-01 9.784740114669775446e-01 2.031141397937170079e-01 -9.743679967678198217e-01 9.670394561075587592e-02 9.660084613655665065e-01 1.832776494248526677e-01 -1.823100540727841390e-01 4.898268266069362442e-02 1.563229002176204085e+00 1.645618565600572181e+00
1.582109098778949022e+09 1.393398505416812150e-01 1.210834428875202234e-01 9.828139223365299770e-01 2.047654791250741735e-01 -9.745683275429855019e-01 9.103666027985939102e-02 9.688423528252455563e-01 1.885613290712867540e-01 -1.605899143019334507e-01 4.187520409938484678e-02 1.561856431848210214e+00 1.640969077232796947e+00
1.582109098778965950e+09 1.187200787340907948e-01 1.116150958804174587e-01 9.866344882001464311e-01 2.066015559920808542e-01 -9.746907043556086725e-01 8.540391039397486617e-02 9.711958298846392612e-01 1.937010615018874837e-01 -1.387752096461008222e-01 3.491340964923238255e-02 1.560510397661310389e+00 1.636096752029328583e+00
1.582109098778984070e+09 9.806439330590406567e-02 1.020438684623515002e-01 9.899345552630089973e-01 2.086032237910439291e-01 -9.747382223140392821e-01 7.981286231061747449e-02 9.730714618196625310e-01 1.986767396599732893e-01 -1.168737923352302505e-01 2.810301886079064060e-02 1.559184729368926936e+00 1.631009599213252947e+00
1.582109098779000998e+09 7.738340491324523229e-02 9.237157073011945108e-02 9.927131013509751245e-01 2.107524929845648598e-01 -9.747141141159140210e-01 7.426831390427098001e-02 9.744717519575353259e-01 2.034696259315296185e-01 -9.489423578218800226e-02 2.144899248101814898e-02 1.557872868617877105e+00 1.625716122360184146e+00
1.582109098779017925e+09 5.668803016726789434e-02 8.260012710781143574e-02 9.949691886015950004e-01 2.130344548073077604e-01 -9.746212349130948249e-01 6.877331988199131274e-02 9.753987842514023621e-01 2.080640946220840837e-01 -7.284603101452405416e-02 1.495545294749207887e-02 1.556567927359195691e+00 1.620225310441646638e+00
1.582109098779036045e+09 3.598938158759973360e-02 7.273240910219513911e-02 9.967019419606450992e-01 2.154391789477759778e-01 -9.744615108607224130e-01 6.333027736801588592e-02 9.758538438750448130e-01 2.124494305238537328e-01 -5.073967765940499974e-02 8.625608191539683306e-03 1.555262758252613953e+00 1.614546618527517463e+00
1.582109098779052973e+09 1.529854306318305726e-02 6.277322632661747059e-02 9.979105554435623304e-01 2.179634392248677999e-01 -9.742353988599429249e-01 5.794244364573196415e-02 9.758370221301858605e-01 2.166215817444188951e-01 -2.858665050732038526e-02 2.461681542708490412e-03 1.553950036739506491e+00 1.608689937438053663e+00
1.582109098779069901e+09 -5.373757084987253185e-03 5.273041767916303996e-02 9.985943249464021010e-01 2.206121101142125007e-01 -9.739414114768614184e-01 5.261581404460917433e-02 9.753468201743901167e-01 2.205847457884483331e-01 -6.399244153965911314e-03 -3.535149477278317146e-03 1.552622353998102556e+00 1.602665552063367693e+00
1.582109098779088020e+09 -2.601753634048394742e-02 4.261598461485453793e-02 9.987527049710884786e-01 2.233991132330944984e-01 -9.735757533530705610e-01 4.736125732950708517e-02 9.743797637615629892e-01 2.243526918738359410e-01 1.580966936766122627e-02 -9.364802431610100286e-03 1.551272319493905982e+00 1.596484088146433722e+00
1.582109098779104948e+09 -4.662395087507469060e-02 3.244723970830745707e-02 9.983853884493193442e-01 2.263478833294055859e-01 -9.731320899991452444e-01 4.219681424416958648e-02 9.729300298252446799e-01 2.279498016273520111e-01 3.802689872826472278e-02 -1.502832357955092429e-02 1.549892671158789703e+00 1.590156447072141876e+00
1.582109098779122114e+09 -6.718560994257097296e-02 2.224794499364960917e-02 9.974924174093717788e-01 2.294913132674608613e-01 -9.726014654446376584e-01 3.715005458788994686e-02 9.709890993055129149e-01 2.314117939329338458e-01 6.023911256982995843e-02 -2.052790169771314191e-02 1.548476390361071209e+00 1.583693728440554116e+00
1.582109098779139042e+09 -8.769671839628437326e-02 1.204943164736647920e-02 9.960743430128526921e-01 2.328711688769085630e-01 -9.719723687506867105e-01 3.226039518116637778e-02 9.685454580489187837e-01 2.347861273476906374e-01 8.243282187620715185e-02 -2.586685837673819571e-02 1.547016817957582280e+00 1.577107141094644671e+00
1.582109098779155970e+09 -1.081529510847907549e-01 1.891709419308431825e-03 9.941324663424444541e-01 2.365369890571804856e-01 -9.712309328989724433e-01 2.758129427924924451e-02 9.655843784974109667e-01 2.381320986940990703e-01 1.045940323245209552e-01 -3.104961238817949623e-02 1.545507767126743870e+00 1.570407904620712669e+00
1.582109098779172897e+09 -1.285509650541092896e-01 -8.175433357551130376e-03 9.916692047765025553e-01 2.405444677946192711e-01 -9.703612437693109882e-01 2.318222616667152750e-02 9.620878382018589470e-01 2.415206386475292621e-01 1.267074296004520040e-01 -3.608161673837754352e-02 1.543943628228886533e+00 1.563607144029821372e+00
1.582109098779190063e+09 -1.488874684500724743e-01 -1.809134630679141986e-02 9.886886390347185971e-01 2.449533119153186889e-01 -9.693457278090454876e-01 1.915032548632215892e-02 9.580346532037108398e-01 2.450338000766721924e-01 1.487549666579948970e-01 -4.096926706491520187e-02 1.542319460221065697e+00 1.556715780198569155e+00
1.582109098779206991e+09 -1.691577933971137315e-01 -2.778344282243279395e-02 9.851973006798889765e-01 2.498246055421955991e-01 -9.681655686673791283e-01 1.559160411312183504e-02 9.534009164132639658e-01 2.487639683812895297e-01 1.707137388792464017e-01 -4.571978056221192438e-02 1.540631062438652332e+00 1.549744418973731941e+00
1.582109098779225111e+09 -1.893539402827656426e-01 -3.716622183934296941e-02 9.812052574678588046e-01 2.552176095995767335e-01 -9.668011255845837537e-01 1.263152108114802205e-02 9.481608814271145214e-01 2.528126886363510351e-01 1.925530768915602042e-01 -5.034104645526835120e-02 1.538875020400695570e+00 1.542703242879255754e+00
1.582109098779242039e+09 -2.094621092670082008e-01 -4.614057018692600126e-02 9.767275324230543232e-01 2.611858979314393148e-01 -9.652323367227217954e-01 1.041455100835504168e-02 9.422884651327084748e-01 2.572889114219177320e-01 2.142308674345491659e-01 -5.484145122095179098e-02 1.537048719673804742e+00 1.535601910223564293e+00
1.582109098779259920e+09 -2.294598315160540913e-01 -5.459350007329816235e-02 9.717858485794893530e-01 2.677729009362518342e-01 -9.634390584076645281e-01 9.102431812465203859e-03 9.357595093098477479e-01 2.623065582433370402e-01 2.356892239015565549e-01 -5.922968394582905916e-02 1.535150322728112249e+00 1.528449466901473652e+00
1.582109098779277086e+09 -2.493129082434321353e-01 -6.239847816117652379e-02 9.664106289437003339e-01 2.750070367480113576e-01 -9.614012891665983940e-01 8.870791060782923232e-03 9.285549006608460054e-01 2.679813260756711002e-01 2.568497719641608668e-01 -6.351452867266446645e-02 1.533178704735820297e+00 1.521254276073830569e+00
1.582109098779294014e+09 -2.689724493892434731e-01 -6.941645718983405211e-02 9.606431059294342489e-01 2.828967478951603942e-01 -9.590992346115785327e-01 9.903948908896290787e-03 9.206645705787039891e-01 2.744266999622473335e-01 2.776089603264842443e-01 -6.770465218365194493e-02 1.531133345839079007e+00 1.514023970766790850e+00
1.582109098779311895e+09 -2.883723415296756687e-01 -7.549764736068438620e-02 9.545373213828159953e-01 2.914258754616603775e-01 -9.565131992143729445e-01 1.238785075199676407e-02 9.120922934500893531e-01 2.817491880828853490e-01 2.978339189350017180e-01 -7.180839699053291614e-02 1.529014179444882826e+00 1.506765434051961838e+00
1.582109098779328108e+09 -3.074274745091585825e-01 -8.048416750669683262e-02 9.481617197117071516e-01 3.005497652394827357e-01 -9.536233814840523459e-01 1.650105777145265129e-02 9.028611114398040760e-01 2.900426607959544212e-01 3.173595254481494932e-01 -7.583359024330678377e-02 1.526821398587462131e+00 1.499484810845397309e+00
1.582109098779345989e+09 -3.260330301234732886e-01 -8.421361715548840443e-02 9.415999840606852356e-01 3.101926152423959415e-01 -9.504097024722869547e-01 2.240399298752944121e-02 8.930190394031045642e-01 2.993818032986211297e-01 3.359873972961070487e-01 -7.978737906561111926e-02 1.524555224647135221e+00 1.492187554339859501e+00
1.582109098779362917e+09 -3.440651118618512916e-01 -8.652374332421713943e-02 9.349507156367357075e-01 3.202465151063584869e-01 -9.468518974356291418e-01 3.022670823866453055e-02 8.826445311565231933e-01 3.098146642401691242e-01 3.534876312769975604e-01 -8.367610239451436782e-02 1.522215645331372436e+00 1.484878509095553856e+00
1.582109098779380083e+09 -3.613829817592110194e-01 -8.725835663769254680e-02 9.283255461963214605e-01 3.305726546913758113e-01 -9.429301432574879183e-01 4.005577252872935534e-02 8.718509393720035305e-01 3.213545147468906960e-01 3.696041333542354201e-01 -8.750520840622152963e-02 1.519802131583637195e+00 1.477562031703570256e+00
1.582109098779396057e+09 -3.778330952391578679e-01 -8.627445374012114587e-02 9.218453616539102891e-01 3.410051503687225316e-01 -9.386264702891359279e-01 5.192144740592445629e-02 8.607889634414798152e-01 3.339716573599084137e-01 3.840641776086500259e-01 -9.127922490618523010e-02 1.517313345781684308e+00 1.470242148673302385e+00
1.582109098779413939e+09 -3.932550284424199960e-01 -8.345037702902262378e-02 9.156344888695777673e-01 3.513577000408876216e-01 -9.339271229229227922e-01 6.578674408308304855e-02 8.496459552338901933e-01 3.475861960124504435e-01 3.965924698237156543e-01 -9.500178727310701343e-02 1.514746855485915145e+00 1.462922749799562494e+00
1.582109098779429913e+09 -4.074891956018008021e-01 -7.869450222856612387e-02 9.098130197000827701e-01 3.614329234092673038e-01 -9.288258198362909779e-01 8.154040892365047033e-02 8.386410420210389516e-01 3.620632151168006740e-01 4.069292701708018822e-01 -9.867572543569168297e-02 1.512098868617334002e+00 1.455607813927791039e+00
1.582109098779447079e+09 -4.203859239341152798e-01 -7.195350039861217462e-02 9.044879041576149303e-01 3.710337160807953283e-01 -9.233275527572873953e-01 9.899601939814578477e-02 8.280154929153009657e-01 3.772120413195041433e-01 4.148510809921968079e-01 -1.023032081407157234e-01 1.509364007512340677e+00 1.448301662625775421e+00
1.582109098779464960e+09 -4.318150730307235285e-01 -6.321889674184533181e-02 8.997439156933502158e-01 3.799753456356509407e-01 -9.174522332689556414e-01 1.178988396254899984e-01 8.180186302468307469e-01 3.927910014013855089e-01 4.201913252457575854e-01 -1.058859385783753188e-01 1.506535139064230977e+00 1.441009235814270539e+00
1.582109098779481888e+09 -4.416751999681464702e-01 -5.253074565602044999e-02 8.956358291866778343e-01 3.880966282755606844e-01 -9.112372660991918671e-01 1.379407553965667499e-01 8.088906136632663113e-01 4.085182562026018482e-01 4.228579069867802187e-01 -1.094253914556624491e-01 1.503603277094536228e+00 1.433736382068530935e+00
1.582109098779500008e+09 -4.499012613932010796e-01 -3.997755073942595161e-02 8.921830812465963989e-01 3.952685919112270962e-01 -9.047380906987388949e-01 1.587820124997790516e-01 8.008443015115715991e-01 4.240881779703053467e-01 4.228446784185184715e-01 -1.129230779502418403e-01 1.500557570860407752e+00 1.426490155077343003e+00
1.582109098779516935e+09 -4.564699092257181734e-01 -2.569197901291461750e-02 8.893678340342943134e-01 4.013995203324897121e-01 -8.980259909533505613e-01 1.800770519951485071e-01 7.940488946321184738e-01 4.391915775669203992e-01 4.202345906185986357e-01 -1.163808219035403629e-01 1.497385389945487866e+00 1.419279106756659248e+00
1.582109098779534101e+09 -4.614016432235391041e-01 -9.842560120698919807e-03 8.871367694272828119e-01 4.064360357483787767e-01 -8.911830300518731596e-01 2.015007588046958675e-01 7.886179509077165806e-01 4.535371329642802207e-01 4.151936855893233469e-01 -1.198010284879528625e-01 1.494072510561054612e+00 1.412113567000930825e+00
1.582109098779550076e+09 -4.647595959216659356e-01 7.377576312583632862e-03 8.854061719885791826e-01 4.103607761872601345e-01 -8.842946304878606112e-01 2.227712725274313688e-01 7.846034357455979880e-01 4.668710505891914830e-01 4.079569471923950030e-01 -1.231869261198289128e-01 1.490603402893886598e+00 1.405005899865587882e+00
1.582109098779567003e+09 -4.666452127413036610e-01 2.576333510671315052e-02 8.840692823635432074e-01 4.131878978945869862e-01 -8.774408576591729014e-01 2.436663750909247861e-01 7.819961678148500406e-01 4.789924758231504653e-01 3.988084774077504391e-01 -1.265427636255911370e-01 1.486961614645956331e+00 1.397970725675922399e+00
1.582109098779584885e+09 -4.671914340108407893e-01 4.510995030630469971e-02 8.830046751853835030e-01 4.149578533630199906e-01 -8.706877260385410544e-01 2.640319368264992805e-01 7.807318002600172058e-01 4.897631837228627050e-01 3.880591191519517924e-01 -1.298739470069563140e-01 1.483130241520699055e+00 1.391025098264266457e+00
1.582109098779609919e+09 -4.665541565564270132e-01 6.522347112311208117e-02 8.820845298742979734e-01 4.157326638358222470e-01 -8.640797927644593424e-01 2.837824236316685012e-01 7.807006924794296365e-01 4.991112206436417176e-01 3.760244915086566886e-01 -1.331871034419020994e-01 1.479092471194638714e+00 1.384188626358500152e+00
1.582109098779630899e+09 -4.649028382264097092e-01 8.592841155851724255e-02 8.811819670902524271e-01 4.155924402196750078e-01 -8.576349725435975513e-01 3.028946640476886110e-01 7.817597294944466091e-01 5.070291529874697556e-01 3.630057346463957946e-01 -1.364900642495977257e-01 1.474832183785204975e+00 1.377483528001383295e+00
1.582109098779648066e+09 -4.624110204529456314e-01 1.070721222601639239e-01 8.801770326629513308e-01 4.146333354839189522e-01 -8.513420782143152898e-01 3.213967376520402430e-01 7.837443749635946144e-01 5.135681323046006330e-01 3.492742879438442971e-01 -1.397917630898659613e-01 1.470334587669669402e+00 1.370934607721180809e+00
1.582109098779666901e+09 -4.592473276425678708e-01 1.285260075845062466e-01 8.789612946293683393e-01 4.129665434010345582e-01 -8.451612475770742261e-01 3.393539444761601298e-01 7.864798319744020771e-01 5.188289997591741809e-01 3.350611032796880218e-01 -1.431020506909344570e-01 1.465586866761593443e+00 1.364569147402870497e+00
1.582109098779692888e+09 -4.555674345060889419e-01 1.501840605526883199e-01 8.774412006524623386e-01 4.107176774701898903e-01 -8.390270928444938381e-01 3.568536491232423002e-01 7.897906697657015584e-01 5.229515134808460086e-01 3.205501716170616189e-01 -1.464314323938205598e-01 1.460578813777867024e+00 1.358416703524587543e+00
1.582109098779711962e+09 -4.515074274730754289e-01 1.719594341453047348e-01 8.755404022511239504e-01 4.080257931252535553e-01 -8.328541570923031490e-01 3.739905148058452755e-01 7.935086610107549010e-01 5.261025622878969799e-01 3.058759534184061213e-01 -1.497907392002770233e-01 1.455303425430790831e+00 1.352508803859362452e+00
1.582109098779730082e+09 -4.471789022756308407e-01 1.937799079007091474e-01 8.732012234774653159e-01 4.050414078770003257e-01 -8.265440879196896962e-01 3.908533339197582945e-01 7.974788318711143464e-01 5.284640177369626102e-01 2.911241911957522799e-01 -1.531907466377141758e-01 1.449757435204675815e+00 1.346878538792428248e+00
1.582109098779747963e+09 -4.426660380730890743e-01 2.155831388167815943e-01 8.703853681120601316e-01 4.019230864419831017e-01 -8.199938248503053639e-01 4.075143675976115043e-01 8.015638535635035700e-01 5.302207441144214384e-01 2.763355771444673814e-01 -1.566417588360744240e-01 1.443941759243484224e+00 1.341560045508808363e+00
1.582109098779766083e+09 -4.380247673901114247e-01 2.373125096685810842e-01 8.670738584092050338e-01 3.988324449898923429e-01 -8.131040312042612239e-01 4.240218334814006562e-01 8.056469350740325108e-01 5.315492519216286071e-01 2.615117756659632309e-01 -1.601531777782862487e-01 1.437861830909530791e+00 1.336587887893347704e+00
1.582109098779783010e+09 -4.332840340719725236e-01 2.589141922027446974e-01 8.632661159360454084e-01 3.959278293433098339e-01 -8.057869338053049724e-01 4.403959255786824567e-01 8.096333119306394766e-01 5.326076026580843781e-01 2.466232791680913472e-01 -1.637330798014709210e-01 1.431527799848339111e+00 1.331996341867555333e+00
1.582109098779800892e+09 -4.284489480789417382e-01 2.803357474478439526e-01 8.589780949604564064e-01 3.933573444965009491e-01 -7.979727274430449269e-01 4.566284329670388664e-01 8.134503663031125154e-01 5.335273141881288206e-01 2.316184504764770558e-01 -1.673878232559367629e-01 1.424954571903238154e+00 1.327818607128430806e+00
1.582109098779818058e+09 -4.235054151821782131e-01 3.015262601217396088e-01 8.542394733313110056e-01 3.912521109367105843e-01 -7.896138898519251548e-01 4.726856150197974449e-01 8.170464791043893227e-01 5.344079148319459405e-01 2.164329724711155090e-01 -1.711217113681177404e-01 1.418161672125688666e+00 1.324085976010227039e+00
1.582109098779834986e+09 -4.184256489560239656e-01 3.224376786248988047e-01 8.490900539564130156e-01 3.897206752343175817e-01 -7.806870392052049912e-01 4.885136048444124190e-01 8.203887929564518400e-01 5.353145712993511163e-01 2.009988511674594969e-01 -1.749367326056174565e-01 1.411172922106762595e+00 1.320826999327725737e+00
1.582109098779851913e+09 -4.131738860024761206e-01 3.430267965100792793e-01 8.435756971550526506e-01 3.888453569202593996e-01 -7.711923272620364589e-01 5.040453181807014182e-01 8.234601558940306543e-01 5.362788558892671587e-01 1.852521535790286888e-01 -1.788323970598528767e-01 1.404015934446956049e+00 1.318066696992096665e+00
1.582109098779867887e+09 -4.077116478318162374e-01 3.632572323890597699e-01 8.377442302805154783e-01 3.886809817787214016e-01 -7.611507324538313579e-01 5.192077203727711865e-01 8.262555940165070556e-01 5.373022851505807607e-01 1.691388416449149668e-01 -1.828056809604812205e-01 1.396721441930078189e+00 1.315825863028386555e+00
1.582109098779885054e+09 -4.020020344700785953e-01 3.831008687163980353e-01 8.316418031217805984e-01 3.892559918007494901e-01 -7.505999152612307102e-01 5.339284034992077821e-01 8.287787021556543010e-01 5.383618593705049582e-01 1.526183843870472789e-01 -1.868510829707636378e-01 1.389322493965667205e+00 1.314120508378514129e+00
1.582109098779902935e+09 -3.960127153348317885e-01 4.025383922735479847e-01 8.253101066071760750e-01 3.905756168408932028e-01 -7.395894038739666554e-01 5.481406764808383070e-01 8.310382763988941601e-01 5.394166816569175849e-01 1.356651271874435571e-01 -1.909607870151205367e-01 1.381853564198337381e+00 1.312961472708143118e+00
1.582109098779920101e+09 -3.897175791993386373e-01 4.215589168241570261e-01 8.187846408781971341e-01 3.926263161414150771e-01 -7.281759006996082473e-01 5.617868221306907550e-01 8.330454875657378189e-01 5.404145976130029227e-01 1.182678246934845689e-01 -1.951249187562668630e-01 1.374349618747163770e+00 1.312354222846147778e+00
1.582109098779937029e+09 -3.830971923120510825e-01 4.401588547072866620e-01 8.120940363617876745e-01 3.953807258170816130e-01 -7.164192662193181738e-01 5.748195513796445777e-01 8.348117290217116349e-01 5.412980857528363332e-01 1.004278819486199292e-01 -1.993318771750868523e-01 1.366845194933071772e+00 1.312298842637429130e+00
1.582109098779953003e+09 -3.761383792162006356e-01 4.583403521217392362e-01 8.052602320532892266e-01 3.988023827547440558e-01 -7.043794876918233472e-01 5.872020068377725721e-01 8.363471642845410337e-01 5.420089104095349164e-01 8.215693430542661546e-02 -2.035687190944695246e-01 1.359373536896713031e+00 1.312790207699877421e+00
1.582109098779970884e+09 -3.688332294587824411e-01 4.761095685052676441e-01 7.982992719862147535e-01 4.028498146373406530e-01 -6.921146826241421079e-01 5.989067481243699476e-01 8.376598806857673551e-01 5.424914238045341897e-01 6.347424211934921123e-02 -2.078215727097353083e-01 1.351965828086431953e+00 1.313818326951680993e+00
1.582109098779988050e+09 -3.611778451133530465e-01 4.934750522912725867e-01 7.912224320596503713e-01 4.074797389241321954e-01 -6.796800273857667163e-01 6.099141929364888526e-01 8.387555225345384446e-01 5.426946039596389770e-01 4.440428217519782478e-02 -2.120760564763046474e-01 1.344650551532589722e+00 1.315368823551978039e+00
1.582109098780005932e+09 -3.531711024215045680e-01 5.104463848196342246e-01 7.840374102477077889e-01 4.126492966745944346e-01 -6.671273926319336578e-01 6.202109318290386364e-01 8.396372611935907226e-01 5.425730644372335210e-01 2.497477501612939063e-02 -2.163176817740789515e-01 1.337452998256017933e+00 1.317423521717385748e+00
1.582109098780023098e+09 -3.448136340003415956e-01 5.270331758135308187e-01 7.767493736259913906e-01 4.183173920903973109e-01 -6.545054222240566100e-01 6.297882277084594360e-01 8.403059664778190774e-01 5.420873397336923860e-01 5.215249449211201149e-03 -2.205322212569412466e-01 1.330394932905662353e+00 1.319961101931733882e+00
1.582109098780040026e+09 -3.361071574378271531e-01 5.432444179382817095e-01 7.693617361988758230e-01 4.244453045064925933e-01 -6.418598017061640792e-01 6.386408837854641307e-01 8.407604666117527437e-01 5.412037484729350645e-01 -1.484386897754180062e-02 -2.247060291154250600e-01 1.323494415647175959e+00 1.322957788837725523e+00
1.582109098780056953e+09 -3.270541527277315841e-01 5.590881348331184775e-01 7.618766558317414672e-01 4.309968163339521485e-01 -6.292335307258530852e-01 6.467665020132370435e-01 8.409978154008408424e-01 5.398940834347212281e-01 -3.517176691305376468e-02 -2.288263041143874243e-01 1.316765770249578305e+00 1.326388037798526431e+00
1.582109098780073881e+09 -3.176578381009542151e-01 5.745712449773224817e-01 7.542952885755186410e-01 4.379380679573250945e-01 -6.166670888031808850e-01 6.541650787278231460e-01 8.410135234001566706e-01 5.381352860211842115e-01 -5.573748668125456246e-02 -2.328812905790861032e-01 1.310219682077365722e+00 1.330225192642873422e+00
1.582109098780091047e+09 -3.079223592968914902e-01 5.896995679938287216e-01 7.466178675747823235e-01 4.452373025355114700e-01 -6.041984521774504957e-01 6.608388417938509951e-01 8.408017394669824451e-01 5.359091806671149039e-01 -7.651003209115005144e-02 -2.368604159183656521e-01 1.303863406187828478e+00 1.334442094495793762e+00
1.582109098780117989e+09 -2.978531157122608630e-01 6.044779240832044431e-01 7.388436646446564504e-01 4.528645969284756934e-01 -5.918629589992681073e-01 6.667922424710741591e-01 8.403553881089310673e-01 5.332022853381828131e-01 -9.745842503866744555e-02 -2.407543664040610876e-01 1.297701062861170040e+00 1.339011625896946445e+00
1.582109098780136108e+09 -2.874570956209315242e-01 6.189102679461935264e-01 7.309709285853555061e-01 4.607916605878161764e-01 -5.796930852792127054e-01 6.720319727649525232e-01 8.396662811640885904e-01 5.300056670824678795e-01 -1.185517994849867446e-01 -2.445551062796018360e-01 1.291733995151566283e+00 1.343907177166646649e+00
1.582109098780153036e+09 -2.767431712300818525e-01 6.329998425588204691e-01 7.229968302330332941e-01 4.689917039658047515e-01 -5.677181772978204810e-01 6.765669610489822849e-01 8.387252224670538325e-01 5.263148017256898958e-01 -1.397595460304207060e-01 -2.482558476694906591e-01 1.285961163210639135e+00 1.349103028149283290e+00
1.582109098780169964e+09 -2.657223878619025537e-01 6.467493744266544775e-01 7.149173793500107621e-01 4.774393340392230067e-01 -5.559641343168381100e-01 6.804083800716124175e-01 8.375221160747887694e-01 5.221294169662925588e-01 -1.610514732892499579e-01 -2.518509802429280131e-01 1.280379552075046723e+00 1.354574644162604757e+00
1.582109098780185938e+09 -2.544081437680920099e-01 6.601612676030854665e-01 7.067273853263001948e-01 4.861105033230754269e-01 -5.444531309795394014e-01 6.835695770963819973e-01 8.360460961910468614e-01 5.174532722409341812e-01 -1.823980156565614130e-01 -2.553359707414808444e-01 1.274984571923739596e+00 1.360298888503895354e+00
1.582109098780203104e+09 -2.428162163680382957e-01 6.732377752760122513e-01 6.984204915658639434e-01 4.949825000889515603e-01 -5.332034449899720752e-01 6.860658939655001065e-01 8.342856882907732086e-01 5.122938455826818727e-01 -2.037704741023309007e-01 -2.587072423036895219e-01 1.269770434229175127e+00 1.366254158358634729e+00
1.582109098780220032e+09 -2.309646872898380165e-01 6.859811638167780945e-01 6.899892434978051048e-01 5.040339363138792717e-01 -5.222293801289746851e-01 6.879144318737665520e-01 8.322289975007012286e-01 5.066619360563919816e-01 -2.251412407693376416e-01 -2.619620423593893577e-01 1.264730492405575557e+00 1.372420454321281458e+00
1.582109098780236959e+09 -2.188738079168707773e-01 6.983938759422447795e-01 6.814251611756968474e-01 5.132447109090535475e-01 -5.115412674758268441e-01 6.891338029724491943e-01 8.298639183284163279e-01 5.005711994765321693e-01 -2.464839778481022203e-01 -2.650983063332563172e-01 1.259857540279146537e+00 1.378779395172285094e+00
1.582109098780253887e+09 -2.065658355420898207e-01 7.104786937892104692e-01 6.727187980778913667e-01 5.225959399805877315e-01 -5.011455264762625372e-01 6.897438979902608125e-01 8.271783599162291223e-01 4.940376372243670544e-01 -2.677737364206064230e-01 -2.681145230931141210e-01 1.255144065205863857e+00 1.385314189130621321e+00
1.582109098780272007e+09 -1.940648569571485349e-01 7.222388976365908819e-01 6.638597789171072350e-01 5.320698552621400124e-01 -4.910447723126365460e-01 6.897656853685315559e-01 8.241604822036645572e-01 4.870790555494877716e-01 -2.889870122400529096e-01 -2.710096062631060509e-01 1.250582456175068469e+00 1.392009572568170483e+00
1.582109098780289888e+09 -1.813966015173485435e-01 7.336784105776289477e-01 6.548368215358902900e-01 5.416496779252584215e-01 -4.812379664398206969e-01 6.892210429655303283e-01 8.207989396750081657e-01 4.797145083683123645e-01 -3.101017431649183420e-01 -2.737827746143243202e-01 1.246165168851099514e+00 1.398851725217747921e+00
1.582109098780307055e+09 -1.685882474813108212e-01 7.448019217377999102e-01 6.456377468951515208e-01 5.513194741920792730e-01 -4.717206048650045558e-01 6.881326240838513408e-01 8.170831293066159740e-01 4.719637362673148595e-01 -3.310972538027076584e-01 -2.764334446200056306e-01 1.241884849933470925e+00 1.405828168535885769e+00
1.582109098780323982e+09 -1.556681230448966058e-01 7.556149289516651546e-01 6.362495694631441490e-01 5.610640275986700232e-01 -4.624850421454441141e-01 6.865236650929442686e-01 8.130034393603287057e-01 4.638465963732495423e-01 -3.519541769120210217e-01 -2.789611374673632294e-01 1.237734424364048902e+00 1.412927652978359427e+00
1.582109098780340910e+09 -1.426652273898057488e-01 7.661236471967567407e-01 6.266587509392506083e-01 5.708687552792675035e-01 -4.535210405388087618e-01 6.844176576043750071e-01 8.085514808276241805e-01 4.553825018866062835e-01 -3.726543704983765748e-01 -2.813654011279418388e-01 1.233707150632566085e+00 1.420140039922287878e+00
