1.582109211482069016e+09 -4.499012613824130424e-01 -3.997755073504039025e-02 8.921830812445484815e-01 3.952685919156136984e-01 -9.047380907005764250e-01 1.587820125070821820e-01 8.008443015136196275e-01 4.240881779630015225e-01 4.228446784109501921e-01 -1.144112034588063986e-01 1.498853469045678954e+00 1.423055814326291912e+00
1.582109211482135057e+09 -4.574457422571406306e-01 -2.359679282172090845e-02 8.889243973896969742e-01 4.022842446348381951e-01 -8.969964675995326653e-01 1.832067783894782420e-01 7.930389520223302124e-01 4.414074404649273586e-01 4.198198328959950043e-01 -1.144112517360831166e-01 1.498853424755454578e+00 1.423055713645102083e+00
1.582109211482181072e+09 -4.615807232822959905e-01 1.844057198214066762e-03 8.870962943010425317e-01 4.116713450750303371e-01 -8.853538920525538813e-01 2.160444155422605594e-01 7.857925550382878210e-01 4.649140622695173142e-01 4.079031443441547000e-01 -1.144113477042305038e-01 1.498853319705407028e+00 1.423055574344188168e+00
1.582109211482219934e+09 -4.595746288517440492e-01 3.580003251252824453e-02 8.874173303489036879e-01 4.219525848071914997e-01 -8.704168852016606062e-01 2.536345050385045985e-01 7.815031520765615136e-01 4.910120198567719529e-01 3.849156007051141581e-01 -1.144117498152801560e-01 1.498852832827406223e+00 1.423055187010911382e+00
1.582109211482258081e+09 -4.501654783535520843e-01 7.692907513471079761e-02 8.896251792265303937e-01 4.317140747983407301e-01 -8.533548289043506596e-01 2.922473158518771874e-01 7.816482583202308820e-01 5.156233639013075853e-01 3.509395202594581264e-01 -1.222713792921022863e-01 1.488686921182902800e+00 1.418760614533344899e+00
1.582109211482297897e+09 -4.332959042760037849e-01 1.234277405246149706e-01 8.927599073790344342e-01 4.398443015495565600e-01 -8.356385504548149434e-01 3.290063880904385285e-01 7.866331099994733345e-01 5.352324783489625926e-01 3.077897730417185618e-01 -1.418736496147225967e-01 1.462172196089343679e+00 1.415276706571866994e+00
1.582109211482335091e+09 -4.097127286228572918e-01 1.733188797243257473e-01 8.955981498154177434e-01 4.455552673819477283e-01 -8.186849751541860343e-01 3.622642891336014803e-01 7.959999897790284162e-01 5.474627634872979431e-01 2.582025152524510259e-01 -1.705111948888757556e-01 1.422280537761732910e+00 1.419416347662593614e+00
1.582109211482366085e+09 -3.806063877263800022e-01 2.246909166637691413e-01 8.970243974432487999e-01 4.483370821212862012e-01 -8.035635251270873969e-01 3.915092871154361998e-01 8.087846675307578392e-01 5.511802364670258525e-01 2.051041406484035157e-01 -2.047093575535014476e-01 1.373790302943607822e+00 1.433556795679753693e+00
1.582109211482397079e+09 -3.473403544270341481e-01 2.758762667232919630e-01 8.962404608497902547e-01 4.479176755164286927e-01 -7.908578146268004927e-01 4.170295829109155195e-01 8.238473366853603652e-01 5.462931470563374692e-01 1.511269775101816704e-01 -2.417111768516159165e-01 1.320848359993405774e+00 1.456304984730543595e+00
1.582109211482420921e+09 -3.112675032978204359e-01 3.255546702155267536e-01 8.928195215797596340e-01 4.442342293524643160e-01 -7.806797160552650938e-01 4.395396801587850288e-01 8.401002862053245090e-01 5.334354109538207434e-01 9.837769805387305833e-02 -2.798457049271590447e-01 1.266109079480848498e+00 1.484223102664898430e+00
1.582109211482448101e+09 -2.970385367974959778e-01 3.437169536303315009e-01 8.908573193652264965e-01 4.415284970024567768e-01 -7.777941354849408073e-01 4.473129432093144731e-01 8.466526407044138169e-01 5.262080753951668965e-01 7.927400200113532414e-02 -2.843612672626710802e-01 1.259625416643836093e+00 1.487627475719752290e+00
1.582109211482485056e+09 -2.827298264434868758e-01 3.617422493905017022e-01 8.883728892010639422e-01 4.394872568085232412e-01 -7.743721208813798551e-01 4.551909154708462246e-01 8.525929839975585622e-01 5.191246126185573573e-01 5.995698648106295714e-02 -2.887441615547289286e-01 1.253329022543514526e+00 1.491521522694898794e+00
1.582109211482520103e+09 -2.683397412795323067e-01 3.795917226592810945e-01 8.853834803975637602e-01 4.381219401964682736e-01 -7.704466106041151230e-01 4.630995419450417150e-01 8.579294544355793306e-01 5.121739395127499206e-01 4.043398214346607261e-02 -2.929822081425791369e-01 1.247241988264857548e+00 1.495880985700388077e+00
1.582109211482546091e+09 -2.538694049914719253e-01 3.972309138763826519e-01 8.819058488821354125e-01 4.374367426116014257e-01 -7.660522734008257117e-01 4.709702863805445561e-01 8.626699377178714823e-01 5.053429681881467239e-01 2.071383780848778944e-02 -2.970643836069204458e-01 1.241382442549604725e+00 1.500678850889798355e+00
1.582109211482573986e+09 -2.393225474513022977e-01 4.146296080167476417e-01 8.779561529254221730e-01 4.374305819519086480e-01 -7.612241080977121266e-01 4.787403714401482491e-01 8.668213220001467212e-01 4.986182361542682018e-01 8.064220009070255379e-04 -3.009810257283250245e-01 1.235764432487425735e+00 1.505886136201806780e+00
1.582109211482604980e+09 -2.247052673301954684e-01 4.317614934018219053e-01 8.735499731966132053e-01 4.380985055199713707e-01 -7.559966155137971544e-01 4.863525643146599520e-01 8.703891326956043617e-01 4.919869207265703537e-01 -1.927764341147586089e-02 -3.047239714839659608e-01 1.230397955392766418e+00 1.511472657798416774e+00
1.582109211482631922e+09 -2.100257851189971936e-01 4.486037919166273591e-01 8.687023699089819750e-01 4.394325583435982341e-01 -7.504033729817046749e-01 4.937548020099395418e-01 8.733774649440260163e-01 4.854373447878028158e-01 -3.952705439864327708e-02 -3.082866291477143750e-01 1.225289123076354736e+00 1.517407743780968765e+00
1.582109211482661009e+09 -1.952942266637196223e-01 4.651369638264453710e-01 8.634279182053621327e-01 4.414222096609618506e-01 -7.444768487991704209e-01 5.008998447221609807e-01 8.757891286543212361e-01 4.789591073393745790e-01 -5.992975591217673814e-02 -3.116639884420608908e-01 1.220440435821086966e+00 1.523660872516574560e+00
1.582109211482702017e+09 -1.805224469682298605e-01 4.813445244455145655e-01 8.577406921379174820e-01 4.440544779184278368e-01 -7.382483232371930271e-01 5.077450481301213348e-01 8.776259264631943724e-01 4.725429737524211582e-01 -8.047279772045343171e-02 -3.148525742718802367e-01 1.215851142175502941e+00 1.530202221546174135e+00
1.582109211482739925e+09 -1.657238846359531392e-01 4.972129703879697993e-01 8.516541881312219564e-01 4.473138744952673829e-01 -7.317478334307444543e-01 5.142522785326647528e-01 8.788890099235151521e-01 4.661806198957664238e-01 -1.011421667030173166e-01 -3.178503516524382455e-01 1.211517659342979503e+00 1.537003118560789527e+00
1.582109211482777119e+09 -1.509134262444208341e-01 5.127317667069273277e-01 8.451812073224727051e-01 4.511823352401121423e-01 -7.250040760118041661e-01 5.203879227616096115e-01 8.795792392761101475e-01 4.598643552123959366e-01 -1.219226667017472843e-01 -3.206565921419990972e-01 1.207434027414453048e+00 1.544036390023887817e+00
1.582109211482814074e+09 -1.361072615288936860e-01 5.278933551908069344e-01 8.383337157282936269e-01 4.556391980783356388e-01 -7.180442678937167811e-01 5.261229424213520467e-01 8.796975244666155325e-01 4.535868548684483526e-01 -1.427978660694059487e-01 -3.232717127361717235e-01 1.203592372607038996e+00 1.551276609323409827e+00
1.582109211482851028e+09 -1.213227171110076025e-01 5.426931783291257805e-01 8.311226819971546664e-01 4.606611816303526341e-01 -7.108940004951610492e-01 5.314329645604486396e-01 8.792451729015946515e-01 4.473408479829816264e-01 -1.637500890724348235e-01 -3.256970979353783213e-01 1.199983358058747562e+00 1.558700251523317704e+00
1.582109211482884884e+09 -1.065780547787719551e-01 5.571296575333812839e-01 8.235579293277552893e-01 4.662224781425484132e-01 -7.035770773092833164e-01 5.362983285282002521e-01 8.782241850081314860e-01 4.411188513323977545e-01 -1.847604932936364741e-01 -3.279349156903204610e-01 1.196596603930807579e+00 1.566285764759685506e+00
1.582109211482908010e+09 -9.189223260339386690e-02 5.712040848926578374e-01 8.156480313293319462e-01 4.722949963809680574e-01 -6.961153564036213215e-01 5.407040290169423669e-01 8.766374701093102573e-01 4.349129844005423795e-01 -2.058092369556827617e-01 -3.299879362210704214e-01 1.193421063832562412e+00 1.574013571348318541e+00
1.582109211482930899e+09 -7.728463803852377023e-02 5.849204389648455793e-01 8.074002506977172589e-01 4.788486812686877925e-01 -6.885286384113323832e-01 5.446395638927356009e-01 8.744890080438235680e-01 4.287148168512859847e-01 -2.268756942442628488e-01 -3.318593602945132393e-01 1.190445350180512563e+00 1.581866013203238941e+00
1.582109211482959986e+09 -6.277480254875110466e-02 5.982851405440741122e-01 7.988205147537417172e-01 4.858518560917916562e-01 -6.808346210952236355e-01 5.480987070527335581e-01 8.717839744547393188e-01 4.225152178816063975e-01 -2.479386870951676980e-01 -3.335526613252136063e-01 1.187658005763289948e+00 1.589827255920664983e+00
1.582109211482989073e+09 -4.838210580504767599e-02 6.113067646951151346e-01 7.899134201279089940e-01 4.932715513458209022e-01 -6.730489279246325562e-01 5.510792295804514129e-01 8.685288414841134674e-01 4.163041917598156449e-01 -2.689767117235035698e-01 -3.350714442553410222e-01 1.185047721873508042e+00 1.597883164268732337e+00
1.582109211483022928e+09 -3.412547550045540168e-02 6.239957215527310863e-01 7.806822602237510900e-01 5.010738023963068333e-01 -6.651852091248265930e-01 5.535825883608168629e-01 8.647314591784932558e-01 4.100706976422318628e-01 -2.899681473168487233e-01 -3.364193222164141295e-01 1.182603506440020658e+00 1.606021160263036984e+00
1.582109211483058929e+09 -2.002308787989051653e-02 6.363639117573485215e-01 7.711290733638240802e-01 5.092239159690639116e-01 -6.572553081602412473e-01 5.556135917370201849e-01 8.604011153967057179e-01 4.038024662225983552e-01 -3.108914423279783290e-01 -3.375998115004471001e-01 1.180314806570732067e+00 1.614230072544525108e+00
1.582109211483095884e+09 -6.092073516436197558e-03 6.484243635391038207e-01 7.612547086432298604e-01 5.176867043896327125e-01 -6.492694857922870488e-01 5.571800525322261333e-01 8.555485741660171506e-01 3.974858231526635644e-01 -3.317252743630834111e-01 -3.386162458466183134e-01 1.178171589765617311e+00 1.622499983416642255e+00
1.582109211483133078e+09 7.651752267262501572e-03 6.601908064162284040e-01 7.510589523020418934e-01 5.264267947974667905e-01 -6.412366769083250873e-01 5.582923552489575947e-01 8.501860269526724245e-01 3.911056421614567680e-01 -3.524487143685201551e-01 -3.394717104380554629e-01 1.176164388845118092e+00 1.630822078566549482e+00
1.582109211483174086e+09 2.119409572539046258e-02 6.716771550393876300e-01 7.405407549398532741e-01 5.354090931194337433e-01 -6.331647549862908786e-01 5.589628753958262308e-01 8.443268995658667064e-01 3.846455413245506438e-01 -3.730414108711695986e-01 -3.401689942531345157e-01 1.174284317053984728e+00 1.639188503623165927e+00
1.582109211483201981e+09 3.452231560837427243e-02 6.828969940160916074e-01 7.296985030210301204e-01 5.445992574192283220e-01 -6.250608046482648561e-01 5.592053641851829626e-01 8.379855956772788161e-01 3.780881988052631759e-01 -3.934837422025294074e-01 -3.407105580222936081e-01 1.172523060360367797e+00 1.647592230560048554e+00
1.582109211483237982e+09 4.762542159261310554e-02 6.938630159955030408e-01 7.185303989909267441e-01 5.539643373144041982e-01 -6.169313469566070074e-01 5.590341905006471768e-01 8.311770763327929190e-01 3.714159773024540145e-01 -4.137569813301670285e-01 -3.410985156446740829e-01 1.170872852649258444e+00 1.656026935432182157e+00
1.582109211483284950e+09 6.049386911209226475e-02 7.045864281042120147e-01 7.070349759053702332e-01 5.634736376764402088e-01 -6.087824616585352233e-01 5.584634043903399236e-01 8.239162284254221147e-01 3.646119577413473034e-01 -4.338434842490648258e-01 -3.413346280142063871e-01 1.169326438012259661e+00 1.664486887891031719e+00
1.582109211483330965e+09 7.311910708822277893e-02 7.150764188279700173e-01 6.952117026036723768e-01 5.730997198639774526e-01 -6.006197637902919162e-01 5.575057044182767374e-01 8.162170711825087466e-01 3.576613126973151036e-01 -4.537268761336489820e-01 -3.414203075346000094e-01 1.167877024285396415e+00 1.672966852617062683e+00
1.582109211483381033e+09 8.549289835675602522e-02 7.253398165320612545e-01 6.830615747545073502e-01 5.828193399814217690e-01 -5.924482224268393660e-01 5.561714849841662422e-01 8.080919386391282044e-01 3.505527839231545872e-01 -4.733921887888523639e-01 -3.413566299810485427e-01 1.166518232352049322e+00 1.681462002559094726e+00
1.582109211483438969e+09 9.760647080096135353e-02 7.353810196857876180e-01 6.705876026038525284e-01 5.926141672086792100e-01 -5.842718295581742494e-01 5.544681037092230591e-01 7.995507649303916775e-01 3.432800388756230281e-01 -4.928259218272666997e-01 -3.411443507948700438e-01 1.165244044534639034e+00 1.689967843248858514e+00
1.582109211483614922e+09 1.094495253914855720e-01 7.452021820539029839e-01 6.577951879392174295e-01 6.024712909649599935e-01 -5.760931145557015576e-01 5.523993726889271372e-01 7.906004964418460457e-01 3.358428668938545636e-01 -5.120160386145556908e-01 -3.407839236770088820e-01 1.164048754184822343e+00 1.698480147059162171e+00
1.582109211483664036e+09 1.210090852002158601e-01 7.548035985032560680e-01 6.446924297739602405e-01 6.123835984919031583e-01 -5.679124867433746893e-01 5.499652131923056242e-01 7.812446029360390343e-01 3.282482827181579799e-01 -5.309519142935731351e-01 -3.402755218966724282e-01 1.162926916735806060e+00 1.706994896101518000e+00
1.582109211483702898e+09 1.322682309221265284e-01 7.641842802087068787e-01 6.312903460317937920e-01 6.223499539052739227e-01 -5.597274408468330131e-01 5.471615180728197636e-01 7.714827606515182179e-01 3.205114317227120146e-01 -5.496242099550278093e-01 -3.396190621780465491e-01 1.161873302741140979e+00 1.715508232760820873e+00
1.582109211483733892e+09 1.432048098023482041e-01 7.733426907284011165e-01 6.176029996435737912e-01 6.323750832773445962e-01 -5.515316952059186040e-01 5.439802783703204803e-01 7.613108015253561289e-01 3.126561560249359606e-01 -5.680246399555650694e-01 -3.388142306475861454e-01 1.160882853489307642e+00 1.724016417019150316e+00
1.582109211483769894e+09 1.537902781983513656e-01 7.822775954952606581e-01 6.036475080211443078e-01 6.424690278125427811e-01 -5.433143869730957531e-01 5.404100528600939146e-01 7.507210524909376792e-01 3.047150152426198466e-01 -5.861455969711855118e-01 -3.378605111600533339e-01 1.159950639296674524e+00 1.732515789862173250e+00
1.582109211483798981e+09 1.639886250406066004e-01 7.909888866253816930e-01 5.894440703872938503e-01 6.526463763555108155e-01 -5.350593071193994188e-01 5.364366181735950034e-01 7.397029392311641471e-01 2.967290331602484565e-01 -6.039796706749982480e-01 -3.367572166302966741e-01 1.159071820499623540e+00 1.741002742294532224e+00
1.582109211483829975e+09 1.737554858169032268e-01 7.994783287209286105e-01 5.750160285387124759e-01 6.629252176336747349e-01 -5.267442633275343233e-01 5.320438298669315502e-01 7.282439062524872497e-01 2.887470917210309129e-01 -6.215190504279682893e-01 -3.355035243496854447e-01 1.158241611153004058e+00 1.749473689761780859e+00
1.582109211483887911e+09 1.830375995086996610e-01 8.077501630937562460e-01 5.603899635168474447e-01 6.733257575388332805e-01 -5.183406805121795191e-01 5.272147220853388161e-01 7.163306927815888958e-01 2.808248795396705022e-01 -6.387548243471016240e-01 -3.340985163165422489e-01 1.157455245606076488e+00 1.757925052050783199e+00
1.582109211483937025e+09 1.917728119287102906e-01 8.158115021469335426e-01 5.455958042287623044e-01 6.838685601052665319e-01 -5.098135730062871573e-01 5.219328628288381067e-01 7.039509792057314641e-01 2.730232842884947053e-01 -6.556762197363373845e-01 -3.325412250138158887e-01 1.156707948477904147e+00 1.766353238907233614e+00
1.582109211483979940e+09 1.998907518980191367e-01 8.236724410907454441e-01 5.306669361431590737e-01 6.945725078039248768e-01 -5.011219587872675074e-01 5.161838953771932248e-01 6.910953036513267644e-01 2.654062776748734032e-01 -6.722698781426745818e-01 -3.308306841798615561e-01 1.155994908846059710e+00 1.774754641613053519e+00
1.582109211484009027e+09 2.073143343494405211e-01 8.313458430607190142e-01 5.156402389469050274e-01 7.054525732443120978e-01 -4.922197949047588672e-01 5.099571947031338315e-01 6.777591266052004348e-01 2.580382970608101068e-01 -6.885192833678887014e-01 -3.289659835134067789e-01 1.155311259515596989e+00 1.783125630676721363e+00
1.582109211484055042e+09 2.139619717531825449e-01 8.388467863452081508e-01 5.005560345297193070e-01 7.165177091926662190e-01 -4.830573278487355626e-01 5.032474445514129036e-01 6.639447620678347040e-01 2.509814476619198764e-01 -7.044044760422318863e-01 -3.269463252033514289e-01 1.154652062242274679e+00 1.791462559496858509e+00
1.582109211484112024e+09 2.197503997372024231e-01 8.461917201112555409e-01 4.854578608414996110e-01 7.277690520346858927e-01 -4.735827789370639085e-01 4.960560033074664088e-01 6.496629654955863309e-01 2.442927021627350481e-01 -7.199021509549946574e-01 -3.247710796411160117e-01 1.154012299505628780e+00 1.799761773512133622e+00
1.582109211484160900e+09 2.245978074295335858e-01 8.533974170546611004e-01 4.703920423270248063e-01 7.391986909976058229e-01 -4.637441606706535491e-01 4.883919007251161792e-01 6.349339494357153502e-01 2.380214318688976538e-01 -7.349861752721355002e-01 -3.224398373344321000e-01 1.153386873021772896e+00 1.808019623953222021e+00
1.582109211484208107e+09 2.284269438884602432e-01 8.604798409991303298e-01 4.554070427235399343e-01 7.507891345661753535e-01 -4.534910326542804238e-01 4.802723797410408113e-01 6.197877110301844850e-01 2.322075075378209619e-01 -7.496284857949006009e-01 -3.199524535968217842e-01 1.152770608709384748e+00 1.816232484802263070e+00
1.582109211484255075e+09 2.311679420556947140e-01 8.674530464439449418e-01 4.405526016302303560e-01 7.625134679143393823e-01 -4.427760710051522608e-01 4.717229718988494858e-01 6.042636790640228961e-01 2.268800634279320438e-01 -7.638002638118601695e-01 -3.173090837971947464e-01 1.152158267184549834e+00 1.824396771473243417e+00
1.582109211484301090e+09 2.327606092337676236e-01 8.743282117812315457e-01 4.258787114835273502e-01 7.743361337455169080e-01 -4.315563380326872256e-01 4.627771376185912944e-01 5.884097643532938404e-01 2.220569863976191438e-01 -7.774732432835402829e-01 -3.145102073908513374e-01 1.151544558466269352e+00 1.832508959547843652e+00
1.582109211484344959e+09 2.331558280801634131e-01 8.811128942138223286e-01 4.114345968737985193e-01 7.862142598955162986e-01 -4.197940698358592626e-01 4.534755522519221538e-01 5.722809601851610584e-01 2.177452791717058023e-01 -7.906209559732807479e-01 -3.115566401329090129e-01 1.150924159273415404e+00 1.840565602035932669e+00
1.582109211484394073e+09 2.323162068922504930e-01 8.878105274710591521e-01 3.972677275453760926e-01 7.980992420615152794e-01 -4.074571025521804279e-01 4.438651928493734800e-01 5.559377481853565728e-01 2.139419942698276844e-01 -8.032197975937610535e-01 -3.084495355789050319e-01 1.150291731268541229e+00 1.848563344154537269e+00
1.582109211484494925e+09 2.302161238494658257e-01 8.944201536139049225e-01 3.834229063988176534e-01 8.099383754686627634e-01 -3.945190368539240877e-01 4.339983381599869516e-01 5.394444960182687154e-01 2.106355107525072212e-01 -8.152498496422706520e-01 -3.051903780412646428e-01 1.149641938882975056e+00 1.856498935177710363e+00
1.582109211484549999e+09 2.268412238774425160e-01 9.009363697633192558e-01 3.699415045784752443e-01 8.216764152849856950e-01 -3.809591670215720649e-01 4.239315766125950069e-01 5.228679830854153776e-01 2.078070516628039988e-01 -8.266954103897764528e-01 -3.017809694673241339e-01 1.148969465769724030e+00 1.864369237330389062e+00
1.582109211484603882e+09 2.221876035005411476e-01 9.073494452897338247e-01 3.568608314250930613e-01 8.332569455403996406e-01 -3.667622998055090067e-01 4.137248822256793801e-01 5.062761416273675596e-01 2.054322262807764254e-01 -8.375452637561434655e-01 -2.982234120965905899e-01 1.148269029253542461e+00 1.872171231763051891e+00
1.582109211484649897e+09 2.162608198704081275e-01 9.136455704934042243e-01 3.442136390805436985e-01 8.446235170864653252e-01 -3.519185193561680802e-01 4.034407888913151274e-01 4.897370439279664645e-01 2.034824986893382370e-01 -8.477927226321059218e-01 -2.945200883209326825e-01 1.147535392366866969e+00 1.879902021685027513e+00
1.582109211484695911e+09 2.090747765000803560e-01 9.198072046853648098e-01 3.320277760408712475e-01 8.557205538249677002e-01 -3.364229029296171292e-01 3.931436940464578811e-01 4.733181505233788888e-01 2.019265624286163130e-01 -8.574354738328758829e-01 -2.906736395015669938e-01 1.146763373382891027e+00 1.887558833100685174e+00
1.582109211484744072e+09 2.006505940108905817e-01 9.258134886061227808e-01 3.203259643868219264e-01 8.664940294489158479e-01 -3.202752310685694215e-01 3.828992991844601401e-01 4.570858082182142068e-01 2.007315637857868540e-01 -8.664752756090231545e-01 -2.866869448603520665e-01 1.145947852896306296e+00 1.895139013511482284e+00
