1.582109209757211924e+09 7.925023207757933008e-01 4.284676830560921190e-01 4.339994425612270779e-01 2.949020784173569387e-01 -8.921294458022313023e-01 3.422540227350180930e-01 5.338284703078574056e-01 -1.432497696683174004e-01 -8.333706664985455204e-01 3.440981478640250391e-01 1.656586827581386645e+00 1.601154767055990025e+00
1.582109209757280111e+09 7.855067048742351288e-01 4.203691483499042980e-01 4.541684662273636763e-01 2.874988027479671304e-01 -8.977650861167719709e-01 3.337098868311570987e-01 5.480179331165543344e-01 -1.315584633016173288e-01 -8.260561214094361837e-01 3.394073561102350922e-01 1.653884692593222017e+00 1.607842763184357926e+00
1.582109209757327080e+09 7.778951059404151103e-01 4.123791375245332014e-01 4.741546700088137278e-01 2.805661801215856843e-01 -9.030892042207460113e-01 3.251345995010584411e-01 5.622826893365194811e-01 -1.198888491715354165e-01 -8.182083115679611440e-01 3.344358243700372713e-01 1.651146153545719697e+00 1.614309144909825910e+00
1.582109209757370949e+09 7.696724118699539430e-01 4.045029130117042682e-01 4.939451100831431241e-01 2.740954803854038779e-01 -9.081056238772030609e-01 3.165688606226920720e-01 5.766073586425780606e-01 -1.082661962446987702e-01 -8.098162660213940045e-01 3.291921255331273222e-01 1.648376413954355080e+00 1.620542741804939180e+00
1.582109209757411003e+09 7.608438869312076358e-01 3.967452947345962433e-01 5.135267771311029517e-01 2.680754409463607102e-01 -9.128193641645299117e-01 3.080525383260592776e-01 5.909755812924610829e-01 -9.671597341982786367e-02 -8.008707029263097965e-01 3.236853298792968237e-01 1.645580732832334414e+00 1.626532815377328411e+00
1.582109209757452965e+09 7.514151717134829322e-01 3.891107217014096453e-01 5.328865601451940881e-01 2.624923225103625302e-01 -9.172365757950818876e-01 2.996245060885698863e-01 6.053701515159451985e-01 -8.526376888218900607e-02 -7.913640561559875941e-01 3.179250133078687646e-01 1.642764415665549649e+00 1.632269108986084571e+00
1.582109209757481098e+09 7.413923551601604434e-01 3.816032099998241112e-01 5.520112008271970128e-01 2.573298993470160556e-01 -9.213645166337828263e-01 2.913224165644605623e-01 6.197731025291629559e-01 -7.393522577635837367e-02 -7.812905245678943844e-01 3.119212663131119001e-01 1.639932802537443113e+00 1.637741910372348508e+00
1.582109209757502079e+09 7.307821373760572392e-01 3.742261666259832364e-01 5.708872427368608671e-01 2.525693832082399060e-01 -9.252115787931305402e-01 2.831823460891566557e-01 6.341657309939870979e-01 -6.275596135705865941e-02 -7.706461671607687247e-01 3.056846973722824878e-01 1.637091251886380494e+00 1.642942124431460149e+00
1.582109209757529974e+09 7.195920842875026535e-01 3.669820434676954735e-01 5.895009856006795390e-01 2.481893118255091291e-01 -9.287873652878250175e-01 2.752382523960925087e-01 6.485285635493330814e-01 -5.175142377286365974e-02 -7.594290568682694476e-01 2.992264267355678187e-01 1.634245119527981904e+00 1.647861351629280380e+00
1.582109209757566929e+09 7.078309622811697066e-01 3.598718336707039112e-01 6.078384589638820001e-01 2.441654551911138504e-01 -9.321028034942199225e-01 2.675212033011525325e-01 6.628412776415860685e-01 -4.094663673706326612e-02 -7.476394944215983829e-01 2.925580664400855846e-01 1.631399732797886637e+00 1.652491966365107867e+00
1.582109209757603884e+09 6.955097192763359804e-01 3.528948328372243370e-01 6.258845479622645591e-01 2.404710121973730741e-01 -9.351701041629081335e-01 2.600587790844045566e-01 6.770819172766326943e-01 -3.036631765853651035e-02 -7.352808742742127368e-01 2.856910092061142326e-01 1.628560081322305564e+00 1.656827614797513393e+00
1.582109209757637024e+09 6.826400424762951724e-01 3.460470502594444331e-01 6.436256764950323284e-01 2.370762851763102141e-01 -9.380032656431671612e-01 2.528729100871019986e-01 6.912289110222550326e-01 -2.003278964481346527e-02 -7.223581382739623358e-01 2.786382785603307988e-01 1.625731579391905157e+00 1.660862030511663257e+00
1.582109209757658958e+09 6.692362545541564733e-01 3.393216955035785465e-01 6.610473678791024543e-01 2.339496927168413787e-01 -9.406175894778829871e-01 2.459798602501371556e-01 7.052590849369029247e-01 -9.966811772352021648e-03 -7.088795989458629432e-01 2.714126872890524345e-01 1.622919282273494579e+00 1.664590268511715543e+00
1.582109209757679939e+09 6.553149041192866120e-01 3.327085068390925882e-01 6.781352563795957078e-01 2.310583047525434641e-01 -9.430296998341650694e-01 2.393888991614482320e-01 7.191484104564194180e-01 -1.863307586011681699e-04 -6.948564808961951167e-01 2.640273041458087722e-01 1.620128083902811600e+00 1.668008348436149424e+00
1.582109209757711887e+09 6.408947453074337330e-01 3.261935721534429122e-01 6.948752974110424807e-01 2.283688025584259818e-01 -9.452573033448804507e-01 2.331015240133792188e-01 7.328721685760070104e-01 9.294297744455988150e-03 -6.803028741529236756e-01 2.564953649394109969e-01 1.617362684083346824e+00 1.671113247551493153e+00
1.582109209757747889e+09 6.259965618857349368e-01 3.197593853876318781e-01 7.112539911963597916e-01 2.258486360160613937e-01 -9.473188366522115045e-01 2.271110198553781823e-01 7.464051836200217283e-01 1.846502618743426499e-02 -6.652355557978313350e-01 2.488301803744139840e-01 1.614627559372312948e+00 1.673902867827884222e+00
1.582109209757795095e+09 6.106428585480320193e-01 3.133851312021134761e-01 7.272585914753503245e-01 2.234672927119845109e-01 -9.492330265588188043e-01 2.214024172951269964e-01 7.597220994614716227e-01 2.732070356256397284e-02 -6.496736956128751350e-01 2.410450464877862409e-01 1.611926938865207326e+00 1.676375979659304516e+00
1.582109209757836103e+09 5.948574677120642695e-01 3.070471467225147078e-01 7.428772730577649641e-01 2.211975832341330772e-01 -9.510184027852064403e-01 2.159528345297143936e-01 7.727976593497299929e-01 3.586150115691998097e-02 -6.336384856232623042e-01 2.331531627672283613e-01 1.609264785554300747e+00 1.678532146159659399e+00
1.582109209757879972e+09 5.786650744076676789e-01 3.007195987430040796e-01 7.580992379771946954e-01 2.190168480980660137e-01 -9.526927743979127783e-01 2.107322895651272399e-01 7.856069958495683903e-01 4.409308963656681513e-02 -6.171526938636078263e-01 2.251675622030594737e-01 1.606644783276052202e+00 1.680371633745469051e+00
1.582109209757901907e+09 5.620906994421257519e-01 2.943753424750183978e-01 7.729147452160333165e-01 2.169079708545744167e-01 -9.542727067869960500e-01 2.057049665597190935e-01 7.981259160046232370e-01 5.202652050666843608e-02 -6.002401714233565055e-01 2.171010561729096178e-01 1.604070328626697073e+00 1.681895315671199986e+00
1.582109209757921934e+09 5.451591851996807625e-01 2.879869067506463653e-01 7.873150604183836165e-01 2.148600897564090229e-01 -9.557730394277844654e-01 2.008308714789804883e-01 8.103311697325230600e-01 5.967779030018557224e-02 -5.829253440444995826e-01 2.089661955192032294e-01 1.601544526667311175e+00 1.683104575566165106e+00
1.582109209757941961e+09 5.278947234612516581e-01 2.815275394302115264e-01 8.012923346152313053e-01 2.128689204238720933e-01 -9.572064824288709639e-01 1.960677758324579079e-01 8.222006954978363646e-01 6.706708992126497737e-02 -5.652327147263837004e-01 2.007752474677195476e-01 1.599070188961080108e+00 1.684001216977348170e+00
1.582109209757961988e+09 5.103204527756100006e-01 2.749722451962113845e-01 8.148394319616837356e-01 2.109366284407943604e-01 -9.585833237301628618e-01 1.913733269152942396e-01 8.337138443607046145e-01 7.421775966855008455e-02 -5.471863941068586534e-01 1.925401865525667167e-01 1.596649832627426768e+00 1.684587382336863115e+00
1.582109209757982969e+09 4.924581877851617606e-01 2.682986478356308990e-01 8.279497381374758547e-01 2.090712946754550439e-01 -9.599112884761964448e-01 1.867070218413367233e-01 8.448515414224350151e-01 8.115512206637942594e-02 -5.288097192214956666e-01 1.842726970791383756e-01 1.594285679339388029e+00 1.684865482901833023e+00
1.582109209758007050e+09 4.743282682727736899e-01 2.614876462432340620e-01 8.406169786582432524e-01 2.072860289295684888e-01 -9.611955450698690395e-01 1.820319377323972587e-01 8.555963979270546638e-01 8.790526157241153327e-02 -5.101249541697855383e-01 1.759841846085261063e-01 1.591979653248203563e+00 1.684838141027153791e+00
1.582109209758038998e+09 4.559495095576177603e-01 2.545238442627155706e-01 8.528350704942224692e-01 2.055978111176948453e-01 -9.624388450146892371e-01 1.773161292059123872e-01 8.659327830816793137e-01 9.449382160043984236e-02 -4.911530646227838526e-01 1.676857938905958190e-01 1.589733376760920303e+00 1.684508146599812184e+00
1.582109209758069992e+09 4.373392373022463864e-01 2.473957385686380850e-01 8.645980222525125880e-01 2.040261690288661944e-01 -9.636417772959419148e-01 1.725336123991122461e-01 8.758468552692950659e-01 1.009449037849955433e-01 -4.719135646909458637e-01 1.593884304390635331e-01 1.587548163324829842e+00 1.683878428505157565e+00
1.582109209758109093e+09 4.185133873460245568e-01 2.400956697490723990e-01 8.758998881201489617e-01 2.025918159879477320e-01 -9.648031092217780325e-01 1.676648935730426226e-01 8.853265503330973729e-01 1.072801464201435240e-01 -4.524244351092910343e-01 1.511027829040796910e-01 1.585425006664796133e+00 1.682952041107898866e+00
1.582109209758157015e+09 3.994866586765993266e-01 2.326195491818929817e-01 8.867347714546935933e-01 2.013153969771540319e-01 -9.659201788664064647e-01 1.626970159676710548e-01 8.943615155501726255e-01 1.135180752537737481e-01 -4.327021216935130754e-01 1.428393435895056740e-01 1.583364566402618800e+00 1.681732164266910523e+00
1.582109209758193970e+09 3.802727044015610791e-01 2.249664065344451902e-01 8.970968655875964926e-01 2.002164756060924311e-01 -9.669892972283363752e-01 1.576231643759490597e-01 9.029429844685038509e-01 1.196737857221489981e-01 -4.127616162322158555e-01 1.346084248650673554e-01 1.581367150304527236e+00 1.680222115006255734e+00
1.582109209758233070e+09 3.608843382574819514e-01 2.171378359713309891e-01 9.069805150162462137e-01 1.993128288301075635e-01 -9.680061203252096069e-01 1.524419472548162735e-01 9.110636040815804915e-01 1.257589408944392029e-01 -3.926166044980533010e-01 1.264201698248947348e-01 1.579432693912675711e+00 1.678425367736342322e+00
1.582109209758284092e+09 3.413337332319996142e-01 2.091374254560365020e-01 9.163802812481918192e-01 1.986200404863276980e-01 -9.689659643459493932e-01 1.471565134898819571e-01 9.187172372896158512e-01 1.317820064539791114e-01 -3.722796538981005265e-01 1.182845565029731344e-01 1.577560738868139412e+00 1.676345578546487580e+00
1.582109209758338928e+09 3.216325888825373180e-01 2.009702420581738480e-01 9.252910026606677718e-01 1.981512999769661498e-01 -9.698640572729727571e-01 1.417736672785538943e-01 9.258987742210992300e-01 1.377485834025240774e-01 -3.517624023272726275e-01 1.102113955956070673e-01 1.575750411065635959e+00 1.673986610742958181e+00
1.582109209758384943e+09 3.017922519854073782e-01 1.926424102425224605e-01 9.337078442674219270e-01 1.979172711977336130e-01 -9.706957403528332362e-01 1.363030939805530140e-01 9.326039837043529346e-01 1.436616909588494806e-01 -3.310757136278728030e-01 1.022103215815707150e-01 1.574000399321288546e+00 1.671352561312255069e+00
1.582109209758428097e+09 2.818237886138618142e-01 1.841607776632787075e-01 9.416263378701628106e-01 1.979259191202573931e-01 -9.714566427680643157e-01 1.307567274306244698e-01 9.388294215296894007e-01 1.495219020900352969e-01 -3.102297827259604679e-01 9.429077696161716760e-02 1.572308935164988819e+00 1.668447788531580489e+00
1.582109209758738041e+09 2.617380215976962687e-01 1.755326325924144726e-01 9.490424136856521198e-01 1.981822728233963160e-01 -9.721428459252967613e-01 1.251482075819762008e-01 9.445723872773055252e-01 1.553273383015071341e-01 -2.892342012867960555e-01 8.646198906170987630e-02 1.570673774343300799e+00 1.665276941327391791e+00
1.582109209758800030e+09 2.415455465945485769e-01 1.667654413977524008e-01 9.559524237663409307e-01 1.986881267371297388e-01 -9.727510475871836704e-01 1.194923751454071703e-01 9.498309203390532529e-01 1.610735452700585157e-01 -2.680979966478511112e-01 7.873293896508323786e-02 1.569092180902718292e+00 1.661844990034122782e+00
1.582109209758843899e+09 2.212567418243234219e-01 1.578665818048906322e-01 9.623531558505499239e-01 1.994417250662899876e-01 -9.732787254617083494e-01 1.138047489008201935e-01 9.546038196644718310e-01 1.667533055903711869e-01 -2.468296630903070721e-01 7.111232210348263083e-02 1.567560914796849669e+00 1.658157258258554423e+00
1.582109209758888006e+09 2.008817863946344706e-01 1.488430630402072519e-01 9.682418347234835743e-01 2.004375097197494127e-01 -9.737242883172664287e-01 1.081009483979768343e-01 9.588906677043053106e-01 1.723564705437925504e-01 -2.254372073901463047e-01 6.360850053822102168e-02 1.566076224266757189e+00 1.654219454450160942e+00
1.582109209758930922e+09 1.804306999483983320e-01 1.397012439728295974e-01 9.736161075996859759e-01 2.016660349127720464e-01 -9.740871923266105625e-01 1.023960551680831998e-01 9.626918369327148728e-01 1.778699080513753694e-01 -2.039282298689907291e-01 5.622944724687241325e-02 1.564633844276511088e+00 1.650037701782438360e+00
1.582109209758970022e+09 1.599134103326355638e-01 1.304465795201064926e-01 9.784740114669775446e-01 2.031141397937170634e-01 -9.743679967678198217e-01 9.670394561075548734e-02 9.660084613655663954e-01 1.832776494248527233e-01 -1.823100540727841390e-01 4.898268266071950650e-02 1.563229002176189208e+00 1.645618565600686090e+00
1.582109209759007931e+09 1.393398505416814370e-01 1.210834428875200153e-01 9.828139223365299770e-01 2.047654791250742290e-01 -9.745683275429855019e-01 9.103666027985898856e-02 9.688423528252454453e-01 1.885613290712868095e-01 -1.605899143019334507e-01 4.187520409941181132e-02 1.561856431848196003e+00 1.640969077232909079e+00
1.582109209759064913e+09 1.187200787340910169e-01 1.116150958804172366e-01 9.866344882001464311e-01 2.066015559920809375e-01 -9.746907043556086725e-01 8.540391039397446371e-02 9.711958298846391502e-01 1.937010615018875392e-01 -1.387752096461008222e-01 3.491340964926049201e-02 1.560510397661296844e+00 1.636096752029438939e+00
1.582109209759114027e+09 9.806439330590428771e-02 1.020438684623512643e-01 9.899345552630089973e-01 2.086032237910440124e-01 -9.747382223140392821e-01 7.981286231061707204e-02 9.730714618196624199e-01 1.986767396599733448e-01 -1.168737923352302505e-01 2.810301886081994702e-02 1.559184729368914057e+00 1.631009599213361527e+00
1.582109209759157896e+09 7.738340491324546822e-02 9.237157073011920128e-02 9.927131013509751245e-01 2.107524929845649708e-01 -9.747141141159140210e-01 7.426831390427056367e-02 9.744717519575352149e-01 2.034696259315296740e-01 -9.489423578218800226e-02 2.144899248104870440e-02 1.557872868617864892e+00 1.625716122360290949e+00
1.582109209759208918e+09 5.668803016726813027e-02 8.260012710781117207e-02 9.949691886015950004e-01 2.130344548073078714e-01 -9.746212349130948249e-01 6.877331988199088253e-02 9.753987842514022510e-01 2.080640946220841392e-01 -7.284603101452406804e-02 1.495545294752393534e-02 1.556567927359184145e+00 1.620225310441751665e+00
1.582109209759253025e+09 3.598938158759997646e-02 7.273240910219486155e-02 9.967019419606450992e-01 2.154391789477760888e-01 -9.744615108607224130e-01 6.333027736801544183e-02 9.758538438750447019e-01 2.124494305238537883e-01 -5.073967765940502750e-02 8.625608191572885913e-03 1.555262758252603073e+00 1.614546618527620936e+00
1.582109209759309053e+09 1.529854306318330706e-02 6.277322632661717916e-02 9.979105554435623304e-01 2.179634392248679109e-01 -9.742353988599429249e-01 5.794244364573151312e-02 9.758370221301857494e-01 2.166215817444189506e-01 -2.858665050732041996e-02 2.461681542743081666e-03 1.553950036739496277e+00 1.608689937438155582e+00
1.582109209759355068e+09 -5.373757084986998181e-03 5.273041767916274158e-02 9.985943249464021010e-01 2.206121101142126395e-01 -9.739414114768614184e-01 5.261581404460870942e-02 9.753468201743900057e-01 2.205847457884483886e-01 -6.399244153965946008e-03 -3.535149477242296480e-03 1.552622353998093230e+00 1.602665552063468057e+00
1.582109209759397030e+09 -2.601753634048368374e-02 4.261598461485423261e-02 9.987527049710884786e-01 2.233991132330946650e-01 -9.735757533530705610e-01 4.736125732950660638e-02 9.743797637615628782e-01 2.243526918738359965e-01 1.580966936766118464e-02 -9.364802431572612912e-03 1.551272319493897545e+00 1.596484088146532532e+00
1.582109209759551048e+09 -4.662395087507441999e-02 3.244723970830713788e-02 9.983853884493193442e-01 2.263478833294057802e-01 -9.731320899991452444e-01 4.219681424416910076e-02 9.729300298252445689e-01 2.279498016273520666e-01 3.802689872826468115e-02 -1.502832357951193465e-02 1.549892671158781932e+00 1.590156447072239132e+00
1.582109209759592056e+09 -6.718560994257069541e-02 2.224794499364927958e-02 9.974924174093717788e-01 2.294913132674610556e-01 -9.726014654446376584e-01 3.715005458788945419e-02 9.709890993055128039e-01 2.314117939329339013e-01 6.023911256982991680e-02 -2.052790169767262224e-02 1.548476390361064325e+00 1.583693728440649817e+00
1.582109209759679079e+09 -8.769671839628409571e-02 1.204943164736614267e-02 9.960743430128526921e-01 2.328711688769087851e-01 -9.719723687506867105e-01 3.226039518116587818e-02 9.685454580489186727e-01 2.347861273476906652e-01 8.243282187620709633e-02 -2.586685837669611132e-02 1.547016817957576063e+00 1.577107141094739040e+00
1.582109209759723902e+09 -1.081529510847904774e-01 1.891709419308086615e-03 9.941324663424444541e-01 2.365369890571807077e-01 -9.712309328989724433e-01 2.758129427924873797e-02 9.655843784974108557e-01 2.381320986940990980e-01 1.045940323245208997e-01 -3.104961238813582283e-02 1.545507767126738319e+00 1.570407904620805706e+00
1.582109209759773016e+09 -1.285509650541090121e-01 -8.175433357551484259e-03 9.916692047765025553e-01 2.405444677946195209e-01 -9.703612437693109882e-01 2.318222616667101749e-02 9.620878382018588360e-01 2.415206386475292899e-01 1.267074296004519485e-01 -3.608161673833226030e-02 1.543943628228881870e+00 1.563607144029912854e+00
1.582109209759814978e+09 -1.488874684500721968e-01 -1.809134630679178415e-02 9.886886390347185971e-01 2.449533119153189387e-01 -9.693457278090454876e-01 1.915032548632164197e-02 9.580346532037107288e-01 2.450338000766721924e-01 1.487549666579948415e-01 -4.096926706486828801e-02 1.542319460221061700e+00 1.556715780198659305e+00
1.582109209759857893e+09 -1.691577933971134540e-01 -2.778344282243316865e-02 9.851973006798889765e-01 2.498246055421958212e-01 -9.681655686673791283e-01 1.559160411312131289e-02 9.534009164132639658e-01 2.487639683812894742e-01 1.707137388792463462e-01 -4.571978056216336600e-02 1.540631062438649002e+00 1.549744418973820759e+00
1.582109209759911060e+09 -1.893539402827653373e-01 -3.716622183934335799e-02 9.812052574678588046e-01 2.552176095995770111e-01 -9.668011255845837537e-01 1.263152108114749123e-02 9.481608814271145214e-01 2.528126886363509240e-01 1.925530768915601487e-01 -5.034104645521813443e-02 1.538875020400692906e+00 1.542703242879343462e+00
1.582109209759938002e+09 -2.094621092670078955e-01 -4.614057018692638984e-02 9.767275324230543232e-01 2.611858979314396478e-01 -9.652323367227217954e-01 1.041455100835450565e-02 9.422884651327084748e-01 2.572889114219176210e-01 2.142308674345491104e-01 -5.484145122089990193e-02 1.537048719673802966e+00 1.535601910223650668e+00
1.582109209759974003e+09 -2.294598315160537583e-01 -5.459350007329855786e-02 9.717858485794894641e-01 2.677729009362521673e-01 -9.634390584076645281e-01 9.102431812464662625e-03 9.357595093098477479e-01 2.623065582433369292e-01 2.356892239015564994e-01 -5.922968394577549089e-02 1.535150322728111139e+00 1.528449466901558695e+00
1.582109209760006905e+09 -2.493129082434318022e-01 -6.239847816117692625e-02 9.664106289437004449e-01 2.750070367480117461e-01 -9.614012891665983940e-01 8.870791060782378529e-03 9.285549006608460054e-01 2.679813260756709892e-01 2.568497719641608112e-01 -6.351452867260920510e-02 1.533178704735820075e+00 1.521254276073914502e+00
1.582109209760040998e+09 -2.689724493892431401e-01 -6.941645718983445457e-02 9.606431059294343600e-01 2.828967478951607828e-01 -9.590992346115785327e-01 9.903948908895742614e-03 9.206645705787039891e-01 2.744266999622472225e-01 2.776089603264841887e-01 -6.770465218359499049e-02 1.531133345839079452e+00 1.514023970766873672e+00
1.582109209760133982e+09 -2.883723415296753356e-01 -7.549764736068480253e-02 9.545373213828161063e-01 2.914258754616607661e-01 -9.565131992143729445e-01 1.238785075199621243e-02 9.120922934500893531e-01 2.817491880828852380e-01 2.978339189350016625e-01 -7.180839699047426861e-02 1.529014179444884158e+00 1.506765434052043551e+00
1.582109209760159016e+09 -3.074274745091582495e-01 -8.048416750669726283e-02 9.481617197117072626e-01 3.005497652394831243e-01 -9.536233814840523459e-01 1.650105777145209618e-02 9.028611114398040760e-01 2.900426607959543102e-01 3.173595254481494377e-01 -7.583359024324642927e-02 1.526821398587464129e+00 1.499484810845477911e+00
1.582109209760194063e+09 -3.260330301234729555e-01 -8.421361715548884852e-02 9.415999840606853466e-01 3.101926152423963301e-01 -9.504097024722869547e-01 2.240399298752888263e-02 8.930190394031045642e-01 2.993818032986210742e-01 3.359873972961069932e-01 -7.978737906554905779e-02 1.524555224647137885e+00 1.492187554339938993e+00
1.582109209760230064e+09 -3.440651118618509585e-01 -8.652374332421758352e-02 9.349507156367358185e-01 3.202465151063589310e-01 -9.468518974356290308e-01 3.022670823866396850e-02 8.826445311565231933e-01 3.098146642401690687e-01 3.534876312769975049e-01 -8.367610239445061326e-02 1.522215645331375988e+00 1.484878509095632237e+00
1.582109209760267019e+09 -3.613829817592106308e-01 -8.725835663769299089e-02 9.283255461963215716e-01 3.305726546913762554e-01 -9.429301432574878072e-01 4.005577252872878635e-02 8.718509393720035305e-01 3.213545147468906404e-01 3.696041333542353646e-01 -8.750520840615608198e-02 1.519802131583641414e+00 1.477562031703647527e+00
1.582109209760305882e+09 -3.778330952391574793e-01 -8.627445374012157608e-02 9.218453616539104001e-01 3.410051503687229757e-01 -9.386264702891358169e-01 5.192144740592388730e-02 8.607889634414798152e-01 3.339716573599083582e-01 3.840641776086499704e-01 -9.127922490611808937e-02 1.517313345781689193e+00 1.470242148673378546e+00
1.582109209760345936e+09 -3.932550284424195519e-01 -8.345037702902306787e-02 9.156344888695778783e-01 3.513577000408880657e-01 -9.339271229229226812e-01 6.578674408308247956e-02 8.496459552338901933e-01 3.475861960124503880e-01 3.965924698237155988e-01 -9.500178727303819348e-02 1.514746855485920918e+00 1.462922749799637545e+00
1.582109209760385036e+09 -4.074891956018004135e-01 -7.869450222856656796e-02 9.098130197000828812e-01 3.614329234092677479e-01 -9.288258198362908669e-01 8.154040892364990134e-02 8.386410420210389516e-01 3.620632151168006185e-01 4.069292701708018822e-01 -9.867572543562118381e-02 1.512098868617340441e+00 1.455607813927864980e+00
1.582109209760421991e+09 -4.203859239341149467e-01 -7.195350039861260483e-02 9.044879041576150414e-01 3.710337160807958279e-01 -9.233275527572871733e-01 9.899601939814520191e-02 8.280154929153009657e-01 3.772120413195040878e-01 4.148510809921968079e-01 -1.023032081406435589e-01 1.509364007512347783e+00 1.448301662625848252e+00
1.582109209760458946e+09 -4.318150730307231955e-01 -6.321889674184577590e-02 8.997439156933503268e-01 3.799753456356514403e-01 -9.174522332689554194e-01 1.178988396254894155e-01 8.180186302468307469e-01 3.927910014013854534e-01 4.201913252457576409e-01 -1.058859385783014889e-01 1.506535139064238971e+00 1.441009235814342260e+00
1.582109209760495901e+09 -4.416751999681461927e-01 -5.253074565602090101e-02 8.956358291866779453e-01 3.880966282755612395e-01 -9.112372660991917561e-01 1.379407553965661670e-01 8.088906136632663113e-01 4.085182562026017927e-01 4.228579069867802742e-01 -1.094253914555869539e-01 1.503603277094544888e+00 1.433736382068601767e+00
1.582109209760534048e+09 -4.499012613932008020e-01 -3.997755073942640958e-02 8.921830812465965099e-01 3.952685919112276514e-01 -9.047380906987387839e-01 1.587820124997784688e-01 8.008443015115715991e-01 4.240881779703052912e-01 4.228446784185185270e-01 -1.129230779501646936e-01 1.500557570860417078e+00 1.426490155077412725e+00
1.582109209760575056e+09 -4.564699092257179514e-01 -2.569197901291508240e-02 8.893678340342944244e-01 4.013995203324902672e-01 -8.980259909533504503e-01 1.800770519951479243e-01 7.940488946321184738e-01 4.391915775669203437e-01 4.202345906185986912e-01 -1.163808219034615787e-01 1.497385389945497858e+00 1.419279106756727860e+00
1.582109209760616064e+09 -4.614016432235389376e-01 -9.842560120699391651e-03 8.871367694272829230e-01 4.064360357483793318e-01 -8.911830300518730485e-01 2.015007588046952847e-01 7.886179509077165806e-01 4.535371329642801652e-01 4.151936855893234024e-01 -1.198010284878724685e-01 1.494072510561065270e+00 1.412113567000998327e+00
1.582109209760657072e+09 -4.647595959216657691e-01 7.377576312583157547e-03 8.854061719885792936e-01 4.103607761872606896e-01 -8.842946304878605002e-01 2.227712725274307859e-01 7.846034357455979880e-01 4.668710505891914830e-01 4.079569471923950585e-01 -1.231869261197469367e-01 1.490603402893897922e+00 1.405005899865654273e+00
1.582109209760698080e+09 -4.666452127413035500e-01 2.576333510671267174e-02 8.840692823635433184e-01 4.131878978945875414e-01 -8.774408576591727904e-01 2.436663750909242032e-01 7.819961678148500406e-01 4.789924758231504653e-01 3.988084774077504946e-01 -1.265427636255075927e-01 1.486961614645968321e+00 1.397970725675987680e+00
1.582109209760739088e+09 -4.671914340108406782e-01 4.510995030630422092e-02 8.830046751853836140e-01 4.149578533630205457e-01 -8.706877260385409434e-01 2.640319368264987254e-01 7.807318002600172058e-01 4.897631837228627050e-01 3.880591191519519034e-01 -1.298739470068712432e-01 1.483130241520711712e+00 1.391025098264330628e+00
1.582109209760776043e+09 -4.665541565564269022e-01 6.522347112311159545e-02 8.820845298742980845e-01 4.157326638358228021e-01 -8.640797927644593424e-01 2.837824236316679460e-01 7.807006924794296365e-01 4.991112206436417176e-01 3.760244915086567996e-01 -1.331871034418155297e-01 1.479092471194652036e+00 1.384188626358563212e+00
1.582109209760812998e+09 -4.649028382264095982e-01 8.592841155851674295e-02 8.811819670902525381e-01 4.155924402196755629e-01 -8.576349725435975513e-01 3.028946640476881114e-01 7.817597294944466091e-01 5.070291529874697556e-01 3.630057346463959056e-01 -1.364900642495097127e-01 1.474832183785218964e+00 1.377483528001445245e+00
1.582109209760850906e+09 -4.624110204529455204e-01 1.070721222601634243e-01 8.801770326629514418e-01 4.146333354839195073e-01 -8.513420782143152898e-01 3.213967376520397434e-01 7.837443749635946144e-01 5.135681323046006330e-01 3.492742879438444081e-01 -1.397917630897765606e-01 1.470334587669684057e+00 1.370934607721241427e+00
1.582109209760888100e+09 -4.592473276425677597e-01 1.285260075845057193e-01 8.789612946293684503e-01 4.129665434010351133e-01 -8.451612475770742261e-01 3.393539444761596302e-01 7.864798319744020771e-01 5.188289997591741809e-01 3.350611032796881328e-01 -1.431020506908437240e-01 1.465586866761608764e+00 1.364569147402930005e+00
1.582109209760925055e+09 -4.555674345060888308e-01 1.501840605526877925e-01 8.774412006524624497e-01 4.107176774701904454e-01 -8.390270928444938381e-01 3.568536491232418006e-01 7.897906697657015584e-01 5.229515134808460086e-01 3.205501716170617854e-01 -1.464314323937285500e-01 1.460578813777883012e+00 1.358416703524645941e+00
1.582109209760961056e+09 -4.515074274730753179e-01 1.719594341453042075e-01 8.755404022511240614e-01 4.080257931252541104e-01 -8.328541570923031490e-01 3.739905148058447759e-01 7.935086610107549010e-01 5.261025622878969799e-01 3.058759534184062878e-01 -1.497907392001838200e-01 1.455303425430807485e+00 1.352508803859419739e+00
1.582109209760998011e+09 -4.471789022756307852e-01 1.937799079007086200e-01 8.732012234774654269e-01 4.050414078770008808e-01 -8.265440879196896962e-01 3.908533339197577394e-01 7.974788318711143464e-01 5.284640177369626102e-01 2.911241911957524464e-01 -1.531907466376198623e-01 1.449757435204693135e+00 1.346878538792484203e+00
1.582109209761034966e+09 -4.426660380730890187e-01 2.155831388167810392e-01 8.703853681120602426e-01 4.019230864419836569e-01 -8.199938248503053639e-01 4.075143675976109492e-01 8.015638535635035700e-01 5.302207441144214384e-01 2.763355771444675479e-01 -1.566417588359790836e-01 1.443941759243502210e+00 1.341560045508862986e+00
1.582109209761070967e+09 -4.380247673901113692e-01 2.373125096685805291e-01 8.670738584092051449e-01 3.988324449898929536e-01 -8.131040312042612239e-01 4.240218334814001011e-01 8.056469350740325108e-01 5.315492519216286071e-01 2.615117756659633974e-01 -1.601531777781899646e-01 1.437861830909549221e+00 1.336587887893400994e+00
1.582109209761107922e+09 -4.332840340719724681e-01 2.589141922027441423e-01 8.632661159360455194e-01 3.959278293433104445e-01 -8.057869338053050834e-01 4.403959255786819016e-01 8.096333119306394766e-01 5.326076026580844891e-01 2.466232791680915415e-01 -1.637330798013738320e-01 1.431527799848358207e+00 1.331996341867607292e+00
1.582109209761147022e+09 -4.284489480789416826e-01 2.803357474478433975e-01 8.589780949604565174e-01 3.933573444965016153e-01 -7.979727274430450379e-01 4.566284329670383113e-01 8.134503663031125154e-01 5.335273141881289316e-01 2.316184504764772500e-01 -1.673878232558389523e-01 1.424954571903257694e+00 1.327818607128481210e+00
1.582109209761185884e+09 -4.235054151821781576e-01 3.015262601217390537e-01 8.542394733313112276e-01 3.912521109367113059e-01 -7.896138898519252658e-01 4.726856150197968898e-01 8.170464791043893227e-01 5.344079148319460515e-01 2.164329724711157033e-01 -1.711217113680193469e-01 1.418161672125708650e+00 1.324085976010275889e+00
1.582109209761215925e+09 -4.184256489560239101e-01 3.224376786248983051e-01 8.490900539564132377e-01 3.897206752343183034e-01 -7.806870392052051022e-01 4.885136048444118639e-01 8.203887929564518400e-01 5.353145712993512273e-01 2.009988511674596912e-01 -1.749367326055185912e-01 1.411172922106783023e+00 1.320826999327773255e+00
1.582109209761245012e+09 -4.131738860024760651e-01 3.430267965100787797e-01 8.435756971550528727e-01 3.888453569202601767e-01 -7.711923272620365699e-01 5.040453181807008631e-01 8.234601558940306543e-01 5.362788558892672697e-01 1.852521535790288831e-01 -1.788323970597536783e-01 1.404015934446976699e+00 1.318066696992142628e+00
1.582109209761275053e+09 -4.077116478318161819e-01 3.632572323890592703e-01 8.377442302805157004e-01 3.886809817787221788e-01 -7.611507324538314689e-01 5.192077203727706314e-01 8.262555940165070556e-01 5.373022851505808717e-01 1.691388416449151888e-01 -1.828056809603818278e-01 1.396721441930099061e+00 1.315825863028430964e+00
1.582109209761305094e+09 -4.020020344700785397e-01 3.831008687163975357e-01 8.316418031217808204e-01 3.892559918007502118e-01 -7.505999152612308212e-01 5.339284034992072270e-01 8.287787021556543010e-01 5.383618593705050692e-01 1.526183843870475010e-01 -1.868510829706641896e-01 1.389322493965688521e+00 1.314120508378556984e+00
1.582109209761326075e+09 -3.960127153348317330e-01 4.025383922735474851e-01 8.253101066071762970e-01 3.905756168408939244e-01 -7.395894038739667664e-01 5.481406764808377519e-01 8.310382763988941601e-01 5.394166816569176959e-01 1.356651271874437792e-01 -1.909607870150211717e-01 1.381853564198358919e+00 1.312961472708184418e+00
1.582109209761348009e+09 -3.897175791993385818e-01 4.215589168241565265e-01 8.187846408781973562e-01 3.926263161414157987e-01 -7.281759006996083583e-01 5.617868221306901999e-01 8.330454875657378189e-01 5.404145976130030338e-01 1.182678246934848049e-01 -1.951249187561677201e-01 1.374349618747185531e+00 1.312354222846187524e+00
1.582109209761368990e+09 -3.830971923120510270e-01 4.401588547072861624e-01 8.120940363617878965e-01 3.953807258170823347e-01 -7.164192662193182848e-01 5.748195513796440226e-01 8.348117290217116349e-01 5.412980857528364442e-01 1.004278819486201790e-01 -1.993318771749880702e-01 1.366845194933093754e+00 1.312298842637467322e+00
1.582109209761389971e+09 -3.761383792162005801e-01 4.583403521217387366e-01 8.052602320532894487e-01 3.988023827547447220e-01 -7.043794876918234582e-01 5.872020068377720170e-01 8.363471642845410337e-01 5.420089104095350274e-01 8.215693430542687914e-02 -2.035687190943712421e-01 1.359373536896735235e+00 1.312790207699914058e+00
1.582109209761409998e+09 -3.688332294587823856e-01 4.761095685052671445e-01 7.982992719862149755e-01 4.028498146373413191e-01 -6.921146826241422190e-01 5.989067481243693924e-01 8.376598806857673551e-01 5.424914238045343007e-01 6.347424211934948879e-02 -2.078215727096376642e-01 1.351965828086454380e+00 1.313818326951716076e+00
1.582109209761431932e+09 -3.611778451133530465e-01 4.934750522912720871e-01 7.912224320596505933e-01 4.074797389241328616e-01 -6.796800273857668273e-01 6.099141929364882975e-01 8.387555225345384446e-01 5.426946039596390881e-01 4.440428217519810927e-02 -2.120760564762077527e-01 1.344650551532612148e+00 1.315368823552011568e+00
1.582109209761451006e+09 -3.531711024215045680e-01 5.104463848196336695e-01 7.840374102477080109e-01 4.126492966745951008e-01 -6.671273926319338798e-01 6.202109318290380813e-01 8.396372611935907226e-01 5.425730644372336320e-01 2.497477501612968206e-02 -2.163176817739829172e-01 1.337452998256040360e+00 1.317423521717417501e+00
1.582109209761471987e+09 -3.448136340003415956e-01 5.270331758135302636e-01 7.767493736259916126e-01 4.183173920903979770e-01 -6.545054222240568320e-01 6.297882277084588809e-01 8.403059664778190774e-01 5.420873397336924970e-01 5.215249449211502991e-03 -2.205322212568461837e-01 1.330394932905684779e+00 1.319961101931764080e+00
1.582109209761491060e+09 -3.361071574378271531e-01 5.432444179382811544e-01 7.693617361988760450e-01 4.244453045064932595e-01 -6.418598017061643013e-01 6.386408837854635756e-01 8.407604666117527437e-01 5.412037484729351755e-01 -1.484386897754148837e-02 -2.247060291153310796e-01 1.323494415647198386e+00 1.322957788837754167e+00
1.582109209761512995e+09 -3.270541527277316396e-01 5.590881348331179224e-01 7.618766558317416893e-01 4.309968163339527591e-01 -6.292335307258533073e-01 6.467665020132364884e-01 8.409978154008408424e-01 5.398940834347213391e-01 -3.517176691305344549e-02 -2.288263041142946097e-01 1.316765770249600731e+00 1.326388037798553521e+00
1.582109209761548042e+09 -3.176578381009542706e-01 5.745712449773219266e-01 7.542952885755188630e-01 4.379380679573257051e-01 -6.166670888031811071e-01 6.541650787278225909e-01 8.410135234001565596e-01 5.381352860211843225e-01 -5.573748668125423633e-02 -2.328812905789945653e-01 1.310219682077387926e+00 1.330225192642898957e+00
1.582109209761584044e+09 -3.079223592968915457e-01 5.896995679938281665e-01 7.466178675747825455e-01 4.452373025355120806e-01 -6.041984521774507177e-01 6.608388417938504400e-01 8.408017394669823341e-01 5.359091806671150149e-01 -7.651003209114970449e-02 -2.368604159182754743e-01 1.303863406187850460e+00 1.334442094495817965e+00
1.582109209761620998e+09 -2.978531157122609740e-01 6.044779240832037770e-01 7.388436646446567835e-01 4.528645969284763040e-01 -5.918629589992683293e-01 6.667922424710736040e-01 8.403553881089309563e-01 5.332022853381829242e-01 -9.745842503866708473e-02 -2.407543664039723530e-01 1.297701062861192023e+00 1.339011625896969315e+00
1.582109209761657953e+09 -2.874570956209316352e-01 6.189102679461928602e-01 7.309709285853558391e-01 4.607916605878167871e-01 -5.796930852792129274e-01 6.720319727649519681e-01 8.396662811640884794e-01 5.300056670824681015e-01 -1.185517994849863699e-01 -2.445551062795146002e-01 1.291733995151588044e+00 1.343907177166668188e+00
1.582109209761697054e+09 -2.767431712300820190e-01 6.329998425588198030e-01 7.229968302330336272e-01 4.689917039658053621e-01 -5.677181772978207031e-01 6.765669610489817298e-01 8.387252224670537215e-01 5.263148017256901179e-01 -1.397595460304203174e-01 -2.482558476694050054e-01 1.285961163210660674e+00 1.349103028149303496e+00
1.582109209761734962e+09 -2.657223878619027202e-01 6.467493744266538114e-01 7.149173793500112062e-01 4.774393340392236174e-01 -5.559641343168383321e-01 6.804083800716118624e-01 8.375221160747886584e-01 5.221294169662927809e-01 -1.610514732892495693e-01 -2.518509802428439692e-01 1.280379552075068039e+00 1.354574644162623631e+00
1.582109209761775017e+09 -2.544081437680922320e-01 6.601612676030848004e-01 7.067273853263006389e-01 4.861105033230760375e-01 -5.444531309795397345e-01 6.835695770963814422e-01 8.360460961910467503e-01 5.174532722409344032e-01 -1.823980156565610244e-01 -2.553359707413985213e-01 1.274984571923760690e+00 1.360298888503913117e+00
1.582109209761814117e+09 -2.428162163680385177e-01 6.732377752760115852e-01 6.984204915658644985e-01 4.949825000889521709e-01 -5.332034449899724082e-01 6.860658939654995514e-01 8.342856882907730975e-01 5.122938455826820947e-01 -2.037704741023305122e-01 -2.587072423036089752e-01 1.269770434229195777e+00 1.366254158358651161e+00
1.582109209761852980e+09 -2.309646872898382386e-01 6.859811638167774284e-01 6.899892434978056599e-01 5.040339363138798268e-01 -5.222293801289750181e-01 6.879144318737659969e-01 8.322289975007011176e-01 5.066619360563922037e-01 -2.251412407693372530e-01 -2.619620423593105873e-01 1.264730492405595763e+00 1.372420454321296779e+00
1.582109209761892080e+09 -2.188738079168709993e-01 6.983938759422441134e-01 6.814251611756974025e-01 5.132447109090541026e-01 -5.115412674758272882e-01 6.891338029724486391e-01 8.298639183284163279e-01 5.005711994765323913e-01 -2.464839778481018318e-01 -2.650983063331793788e-01 1.259857540279166299e+00 1.378779395172299305e+00
1.582109209761934042e+09 -2.065658355420900705e-01 7.104786937892098031e-01 6.727187980778919218e-01 5.225959399805882866e-01 -5.011455264762630923e-01 6.897438979902603684e-01 8.271783599162291223e-01 4.940376372243672765e-01 -2.677737364206060344e-01 -2.681145230930390699e-01 1.255144065205883175e+00 1.385314189130634421e+00
1.582109209761980057e+09 -1.940648569571487847e-01 7.222388976365902158e-01 6.638597789171077901e-01 5.320698552621405675e-01 -4.910447723126371011e-01 6.897656853685311118e-01 8.241604822036645572e-01 4.870790555494879936e-01 -2.889870122400525210e-01 -2.710096062630328873e-01 1.250582456175087342e+00 1.392009572568182474e+00
1.582109209762034893e+09 -1.813966015173487933e-01 7.336784105776282816e-01 6.548368215358908451e-01 5.416496779252589766e-01 -4.812379664398213075e-01 6.892210429655298842e-01 8.207989396750081657e-01 4.797145083683125866e-01 -3.101017431649179534e-01 -2.737827746142530994e-01 1.246165168851117944e+00 1.398851725217758801e+00
1.582109209762092113e+09 -1.685882474813110710e-01 7.448019217377992440e-01 6.456377468951520759e-01 5.513194741920798281e-01 -4.717206048650051664e-01 6.881326240838508967e-01 8.170831293066159740e-01 4.719637362673151371e-01 -3.310972538027072698e-01 -2.764334446199363526e-01 1.241884849933488910e+00 1.405828168535895539e+00
1.582109209762146950e+09 -1.556681230448968833e-01 7.556149289516644885e-01 6.362495694631447041e-01 5.610640275986705783e-01 -4.624850421454447247e-01 6.865236650929438245e-01 8.130034393603287057e-01 4.638465963732498198e-01 -3.519541769120206332e-01 -2.789611374672958943e-01 1.237734424364066443e+00 1.412927652978368087e+00
1.582109209762207031e+09 -1.426652273898060541e-01 7.661236471967560746e-01 6.266587509392511635e-01 5.708687552792680586e-01 -4.535210405388093724e-01 6.844176576043745630e-01 8.085514808276241805e-01 4.553825018866065610e-01 -3.726543704983761862e-01 -2.813654011278765021e-01 1.233707150632583183e+00 1.420140039922295649e+00
