1.582115256830308914e+09 3.608877231694352372e-01 2.171372816192520816e-01 9.069793008655236966e-01 1.993120442626025723e-01 -9.680064003232570213e-01 1.524411950413966099e-01 9.110624348959167618e-01 1.257577427643778722e-01 -3.926197013113527090e-01 1.264201135092009598e-01 1.579432760591078289e+00 1.678424965460636242e+00
1.582115256830346107e+09 3.413371577324704753e-01 2.091367979023241730e-01 9.163791488877398583e-01 1.986192202529971085e-01 -9.689662616532387363e-01 1.471556629029797947e-01 9.187161422867502480e-01 1.317808162893693846e-01 -3.722827774170439641e-01 1.172546767707580845e-01 1.577323847892718289e+00 1.676081919800942011e+00
1.582115256830368996e+09 3.216360504155358901e-01 2.009695399794153015e-01 9.252899518937355294e-01 1.981504483216949830e-01 -9.698643704499102514e-01 1.417727151545330744e-01 9.258977540225806768e-01 1.377474026370371918e-01 -3.517655499962951127e-01 1.081871756444774679e-01 1.575251845412529716e+00 1.673616439137353362e+00
1.582115256830389977e+09 3.017957477883829731e-01 1.926416323879968084e-01 9.337068748219224945e-01 1.979163922922526908e-01 -9.706960679004206227e-01 1.363020374948978874e-01 9.326030389613511051e-01 1.436605207931056505e-01 -3.310788825748912645e-01 9.922209615712151987e-02 1.573216478755530945e+00 1.671026823267163675e+00
1.582115256830408096e+09 2.818273157207084600e-01 1.841599228588864379e-01 9.416254493843568829e-01 1.979250169087649613e-01 -9.714569831582028359e-01 1.307555641470372898e-01 9.388285529298928678e-01 1.495207433327530033e-01 -3.102329697475025294e-01 9.036398174737325650e-02 1.571217261176193203e+00 1.668311497964104717e+00
1.582115256830426931e+09 2.617415768513769447e-01 1.755316997324613826e-01 9.490416056941161083e-01 1.981813508623043729e-01 -9.721431976376641027e-01 1.251469354710468274e-01 9.445715955494876637e-01 1.553261912134288047e-01 -2.892374028472933789e-01 8.161738726839187774e-02 1.569253461550586870e+00 1.665469048374897731e+00
1.582115256830444098e+09 2.415491266707250340e-01 1.667644294266042992e-01 9.559516956859187564e-01 1.986871880346284536e-01 -9.727514091509600336e-01 1.194909925739263412e-01 9.498302062562148373e-01 1.610724094122825967e-01 -2.681012088952481887e-01 7.298682683077330202e-02 1.567324073174982457e+00 1.662498250531473598e+00
1.582115256830480099e+09 2.212603432674316584e-01 1.578654896908157079e-01 9.623525069661932330e-01 1.994407719258604883e-01 -9.732790955004461120e-01 1.138032545933735928e-01 9.546031840467031904e-01 1.667521796786270438e-01 -2.468328818899901411e-01 6.447671544183734837e-02 1.565427784091847130e+00 1.659398100549737132e+00
1.582115256830516100e+09 2.008854056672685906e-01 1.488418897437309707e-01 9.682412641742864645e-01 2.004365435913015026e-01 -9.737246655952467300e-01 1.080993413726389074e-01 9.588901114228368661e-01 1.723553523103716067e-01 -2.254404283783251473e-01 5.609130548578367820e-02 1.563562949959947268e+00 1.656167840155586601e+00
1.582115256830540895e+09 1.804343334936175658e-01 1.396999884116117419e-01 9.736156143659210338e-01 2.016650562548853165e-01 -9.740875757950822056e-01 1.023943346478953104e-01 9.626913609169003294e-01 1.778687941168772269e-01 -2.039314485250152686e-01 4.783461931469973338e-02 1.561727570443146362e+00 1.652806977396928723e+00
1.582115256830560923e+09 1.599170924148407003e-01 1.304452576527520835e-01 9.784735859041421291e-01 2.031131451811212796e-01 -9.743683851510541727e-01 9.670212134886597977e-02 9.660080609445366173e-01 1.832765254340361916e-01 -1.823133056503008775e-01 4.009061357728144898e-02 1.560003902879980142e+00 1.649478721373554668e+00
1.582115256830595970e+09 1.393435796203359722e-01 1.210820551020411612e-01 9.828135645957871702e-01 2.047644705469764403e-01 -9.745687196077488235e-01 9.103473163765855858e-02 9.688420296528309494e-01 1.885601938255276611e-01 -1.605931968820560052e-01 3.245482814953876832e-02 1.558294543861078019e+00 1.645902296408233045e+00
1.582115256830615997e+09 1.187238532379481515e-01 1.116136425880610017e-01 9.866341984054570746e-01 2.066005354618124790e-01 -9.746910988519503771e-01 8.540187683113835415e-02 9.711955855649458957e-01 1.936999138052100389e-01 -1.387785212961726300e-01 2.493462012122098573e-02 1.556594335573180610e+00 1.642084744067374480e+00
1.582115256830635071e+09 9.806821163609151515e-02 1.020423500975432551e-01 9.899343335068692129e-01 2.086021933372290416e-01 -9.747386179728821931e-01 7.981072338867747917e-02 9.730712979031959087e-01 1.986755783181015644e-01 -1.168771311210784203e-01 1.753674069676851646e-02 1.554897725929488272e+00 1.638033714738327706e+00
1.582115256830651999e+09 7.738726544635243787e-02 9.236998775162688635e-02 9.927129476903785443e-01 2.107514546429000157e-01 -9.747145096485582139e-01 7.426606928526247042e-02 9.744716699392829140e-01 2.034684497520028168e-01 -9.489759977680298220e-02 1.026725529361221731e-02 1.553198815139962496e+00 1.633757474919382169e+00
1.582115256830670118e+09 5.669193125791956167e-02 8.259848000098760079e-02 9.949691030551621740e-01 2.130334106145846951e-01 -9.746216290135933935e-01 6.877096932149559527e-02 9.753987855712069610e-01 2.080629024155101758e-01 -7.284941830093469295e-02 3.131463087984370786e-03 1.551491413426840049e+00 1.629264904177064155e+00
1.582115256830687046e+09 3.599332156996649934e-02 7.273069838200960091e-02 9.967019245079474787e-01 2.154381309399230338e-01 -9.744619022121011609e-01 6.332782070225315141e-02 9.758539299204044282e-01 2.124482211062039272e-01 -5.074308632560731863e-02 -3.866181583305663104e-03 1.549769109902488173e+00 1.624565480541023677e+00
1.582115256830705881e+09 1.530252025088729706e-02 6.277145254106966665e-02 9.979106060276519141e-01 2.179623894407923534e-01 -9.742357861451765855e-01 5.793988077275478987e-02 9.758371942413650579e-01 2.166203539400853584e-01 -2.859007863138392919e-02 -1.072214328478351270e-02 1.548025352225593121e+00 1.619669253299693468e+00
1.582115256830724001e+09 -5.369744401075821072e-03 5.272858141262179443e-02 9.985944434803848413e-01 2.206110606070566804e-01 -9.739417933953513629e-01 5.261314490017919565e-02 9.753470796514074337e-01 2.205834984336196847e-01 -6.402689777929935350e-03 -1.743387227317275134e-02 1.546253536224645231e+00 1.614586802618004135e+00
1.582115256830741882e+09 -2.601348989700374287e-02 4.261408649091628226e-02 9.987528913492782490e-01 2.233980660901948301e-01 -9.735761286431600103e-01 4.735848185878516192e-02 9.743801118722488219e-01 2.243514238196374355e-01 1.580620827590063088e-02 -2.399986101923851783e-02 1.544447104183763075e+00 1.609329185481428226e+00
1.582115256830760956e+09 -4.661987244386743556e-02 3.244528039192728919e-02 9.983856425631464360e-01 2.263468407019095519e-01 -9.731324574671055272e-01 4.219393237074923336e-02 9.729304678132056905e-01 2.279485117421904405e-01 3.802342432544522643e-02 -3.041968679825972008e-02 1.542599649787649296e+00 1.603907867181614044e+00
1.582115256830777884e+09 -6.718150134163000664e-02 2.224592519251425080e-02 9.974927391677764765e-01 2.294902774100864851e-01 -9.726018240003998505e-01 3.714706618223884843e-02 9.709896283963966868e-01 2.314104811035661013e-01 6.023562720001548326e-02 -3.669403626583511713e-02 1.540705026871073136e+00 1.598334637808142666e+00
1.582115256830796003e+09 -8.769258150417685860e-02 1.204735211274303094e-02 9.960747323664149722e-01 2.328701421977977803e-01 -9.719727174504919631e-01 3.225730003106974664e-02 9.685460794528890638e-01 2.347847904787254691e-01 8.242932814499009941e-02 -4.282470820005703643e-02 1.538757458318427584e+00 1.592621514209418887e+00
1.582115256830813885e+09 -1.081487878586608053e-01 1.889570946886933583e-03 9.941329233100367757e-01 2.365359741772108948e-01 -9.712312709950619016e-01 2.757809206535907776e-02 9.655850934052349066e-01 2.381307367059463387e-01 1.045905331835645380e-01 -4.881459173133890356e-02 1.536751640974234778e+00 1.586780629434830558e+00
1.582115256830832005e+09 -1.285467775511920929e-01 -8.177629926040395902e-03 9.916697294727804257e-01 2.405434676147910067e-01 -9.703615707666976009e-01 2.317891644685530009e-02 9.620886477714604146e-01 2.415192504732202872e-01 1.267039284405659938e-01 -5.466761830225139868e-02 1.534682842028766814e+00 1.580824112518878222e+00
1.582115256830851078e+09 -1.488832588524050538e-01 -1.809360008018633809e-02 9.886892316963133975e-01 2.449523296899224767e-01 -9.693460435292874378e-01 1.914690769307863041e-02 9.580355585335192936e-01 2.450323846584866461e-01 1.487514674081512889e-01 -6.038868564928043248e-02 1.532546981616210280e+00 1.574763961399026746e+00
1.582115256830869913e+09 -1.691535640388744655e-01 -2.778575285381879381e-02 9.851979616878596691e-01 2.498236449545223059e-01 -9.681658733192156641e-01 1.558807756871071967e-02 9.534019184983067996e-01 2.487625246687307501e-01 1.707102461081997924e-01 -6.598355257734479784e-02 1.530340695675898477e+00 1.568611912204373127e+00
1.582115256830887079e+09 -1.893496936792151697e-01 -3.716858711561910056e-02 9.812059873635282647e-01 2.552166748354051107e-01 -9.668014198407535176e-01 1.262788503562355460e-02 9.481619810935356663e-01 2.528112155876620637e-01 1.925495959071456820e-01 -7.145870498076266342e-02 1.528061373054925509e+00 1.562379309422591511e+00
1.582115256830904961e+09 -2.094578481433372608e-01 -4.614298961321056797e-02 9.767283319139146158e-01 2.611849937434542746e-01 -9.652326218011987313e-01 1.041080470599274783e-02 9.422896629466274154e-01 2.572874080119860185e-01 2.142274043733430056e-01 -7.682119561887719439e-02 1.525707161277107815e+00 1.556076982554844834e+00
1.582115256830924988e+09 -2.294555588338875740e-01 -5.459597245145316607e-02 9.717867185318642687e-01 2.677720326907220838e-01 -9.634393361544333345e-01 9.098574591341848650e-03 9.357608054575609069e-01 2.623050234814070514e-01 2.356857857995895422e-01 -8.207846226907097864e-02 1.523276936341728671e+00 1.549715135573124458e+00
1.582115256830943108e+09 -2.493086272223223043e-01 -6.240100216227763980e-02 9.664115703592774942e-01 2.750062104435543331e-01 -9.614015621357405728e-01 8.866822488576090941e-03 9.285562947994446814e-01 2.679797590365915472e-01 2.568463667976474407e-01 -8.723813035310291897e-02 1.520770232923915888e+00 1.543303255495927839e+00
1.582115256830960989e+09 -2.689681635203846621e-01 -6.941903132112944852e-02 9.606441199036861445e-01 2.828959701427198326e-01 -9.590995061370273245e-01 9.899868955204713106e-03 9.206660616592519109e-01 2.744250998348533588e-01 2.776055970105933413e-01 -9.230780774589805726e-02 1.518187132912557136e+00 1.536850046344590659e+00
1.582115256830979109e+09 -2.883680545793992911e-01 -7.550026992835499884e-02 9.545384090446324965e-01 2.914251534152548229e-01 -9.565134734663504057e-01 1.238365999384848093e-02 9.120938795193522797e-01 2.817475542384056397e-01 2.978306072688773898e-01 -9.729488085193775671e-02 1.515528112220242640e+00 1.530363394382332931e+00
1.582115256830996990e+09 -3.074231905101294515e-01 -8.048683657654455426e-02 9.481628821447785072e-01 3.005491064682962454e-01 -9.536236635012766971e-01 1.649675762454763314e-02 9.028627894311260782e-01 2.900409928778434621e-01 3.173562759946853551e-01 -1.022063220678358364e-01 1.512793848229551763e+00 1.523850369854619968e+00
1.582115256831013918e+09 -3.260287533523211212e-01 -8.421633051436369644e-02 9.416012222086622696e-01 3.101920275376783276e-01 -9.504099981596888513e-01 2.239958595097039581e-02 8.930208049319259267e-01 2.993801013328714067e-01 3.359842211872285378e-01 -1.070485186971862623e-01 1.509984992403356818e+00 1.517317269240289868e+00
1.582115256831032991e+09 -3.440608468026721822e-01 -8.652649844565468706e-02 9.349520301955507318e-01 3.202460062207763691e-01 -9.468522135159694875e-01 3.022219813583987974e-02 8.826463783411430120e-01 3.098129287617856775e-01 3.534845399383715892e-01 -1.118271331049293660e-01 1.507101915119553492e+00 1.510769700790526970e+00
1.582115256831070900e+09 -3.613787330532285957e-01 -8.726115065579141683e-02 9.283269374986866662e-01 3.305722320150544236e-01 -9.429304871652156583e-01 4.005116472170018593e-02 8.718528607047693058e-01 3.213527469338634535e-01 3.696011381490921788e-01 -1.165470030752595587e-01 1.504144432455549740e+00 1.504212714696146813e+00
1.582115256831089020e+09 -3.778288676220816766e-01 -8.627728343596652305e-02 9.218468295530148904e-01 3.410048205557727474e-01 -9.386268499974552704e-01 5.191674895628986541e-02 8.607909497379706565e-01 3.339698591611857670e-01 3.840612894098987540e-01 -1.212120898320696860e-01 1.501111527236228538e+00 1.497650977550493145e+00
1.582115256831109047e+09 -3.932508266722902768e-01 -8.345323883388988673e-02 9.156360326310416520e-01 3.513574686115281676e-01 -9.339275467005667686e-01 6.578196383029630279e-02 8.496479956865143901e-01 3.475843702519004208e-01 3.965896985356685001e-01 -1.258254786097642020e-01 1.498001078440317935e+00 1.491088988891522193e+00
1.582115256831125021e+09 -4.074850243815169581e-01 -7.869739224747691886e-02 9.098146379130538364e-01 3.614327943644010666e-01 -9.288262959397729501e-01 8.153555745410999422e-02 8.386431243767410448e-01 3.620613655524496655e-01 4.069266242359269037e-01 -1.303894337624828537e-01 1.494809614565965949e+00 1.484531335760311377e+00
1.582115256831140995e+09 -4.203817878342558378e-01 -7.195641445624401111e-02 9.044895946767413930e-01 3.710336915748612685e-01 -9.233280890768127414e-01 9.899110888712495115e-02 8.280176037834263703e-01 3.772101726383615405e-01 4.148485669313851099e-01 -1.349055074001727084e-01 1.491532108005308777e+00 1.477982979284796716e+00
1.582115256831156969e+09 -4.318109764191919164e-01 -6.322183045033549775e-02 8.997456756223022323e-01 3.799754257554427972e-01 -9.174528369590426724e-01 1.178938835495064591e-01 8.180207555236670425e-01 3.927891191362846146e-01 4.201889472877221587e-01 -1.393746965678945848e-01 1.488161827121569303e+00 1.471449565335381182e+00
1.582115256831172943e+09 -4.416711469529392420e-01 -5.253369450149455999e-02 8.956376549106891405e-01 3.880968109643904151e-01 -9.112379432340459440e-01 1.379357681330934393e-01 8.088927390391000838e-01 4.085163665683436696e-01 4.228556668388807060e-01 -1.437976402068567860e-01 1.484690261548275991e+00 1.464937749542263967e+00
1.582115256831188917e+09 -4.498972557833090247e-01 -3.998051018161193071e-02 8.921849685165547106e-01 3.952688730597416211e-01 -9.047388459944724071e-01 1.587770088497788556e-01 8.008464130096091260e-01 4.240862876300617312e-01 4.228425752167448426e-01 -1.481748436480685716e-01 1.481107133898911465e+00 1.458455525451012313e+00
1.582115256831226110e+09 -4.564659545132649376e-01 -2.569494459020013610e-02 8.893697780987503965e-01 4.013998940328369902e-01 -8.980268275928161570e-01 1.800720466774902717e-01 7.940509791205756507e-01 4.391896933533104841e-01 4.202326210707752474e-01 -1.525069154399913141e-01 1.477400507345495217e+00 1.452012543496223440e+00
1.582115256831244946e+09 -4.613977425879096650e-01 -9.845527551835677599e-03 8.871387652022806325e-01 4.064364946826360403e-01 -8.911839496334851285e-01 2.014957659762708631e-01 7.886199965296926129e-01 4.535352615890188566e-01 4.151918442973337453e-01 -1.567947992305895599e-01 1.473556993275710214e+00 1.445620408087747721e+00
1.582115256831264019e+09 -4.647557522537025254e-01 7.374611038595603810e-03 8.854082142502094355e-01 4.103613121011418507e-01 -8.842956331003085646e-01 2.227663053762041212e-01 7.846054322265048064e-01 4.668691983773717302e-01 4.079552271135443164e-01 -1.610399829468273092e-01 1.469562057848177838e+00 1.439292940266270193e+00
1.582115256831299067e+09 -4.666414286832640257e-01 2.576037565947629157e-02 8.840713659456147511e-01 4.131885020984685797e-01 -8.774419420648988943e-01 2.436614455337836882e-01 7.819981066292159833e-01 4.789906485027438099e-01 3.988068703989135488e-01 -1.652446687430830785e-01 1.465400421766972050e+00 1.433046393590788670e+00
1.582115256831315994e+09 -4.671877120061099786e-01 4.510699996626291175e-02 8.830067951647709856e-01 4.149585172050884174e-01 -8.706888899349388700e-01 2.640270553246940599e-01 7.807336746618913637e-01 4.897613862890426439e-01 3.880576165356231511e-01 -1.694118895122818658e-01 1.461056543201221913e+00 1.426899611265590284e+00
1.582115256831332922e+09 -4.665504989020674009e-01 6.522053275936165462e-02 8.820866817288635087e-01 4.157333791038850257e-01 -8.640810330852790599e-01 2.837775991190166769e-01 7.807024974180014620e-01 4.991094573044635996e-01 3.760230846060823584e-01 -1.735455610066029553e-01 1.456515169564931433e+00 1.420874113082100543e+00
1.582115256831350088e+09 -4.648992471214871136e-01 8.592548763196017347e-02 8.811841468181919046e-01 4.155931994446076527e-01 -8.576362857638817339e-01 3.028899039537946147e-01 7.817614614464400979e-01 5.070274271854249282e-01 3.630044152362176813e-01 -1.776504626627670169e-01 1.451761940351747882e+00 1.414994101404666971e+00
1.582115256831383944e+09 -4.624074980361599363e-01 1.070692148497834895e-01 8.801792368569085756e-01 4.146341321342049135e-01 -8.513434606283907247e-01 3.213920479962148469e-01 7.837460317161782930e-01 5.135664467999112581e-01 3.492730486204035367e-01 -1.817321445904005461e-01 1.446784019148960709e+00 1.409286377162285664e+00
1.582115256831403971e+09 -4.592438760139445630e-01 1.285231184331373788e-01 8.789635205027173104e-01 4.129673719708870094e-01 -8.451626955277279363e-01 3.393493300072580876e-01 7.864814123885892627e-01 5.188273567560941490e-01 3.350599376990152645e-01 -1.857967629834479939e-01 1.441570730318408655e+00 1.403780158879767814e+00
1.582115256831422091e+09 -4.555640557292137127e-01 1.501811911275118538e-01 8.774434460189965979e-01 4.107185334730182880e-01 -8.390286028904679894e-01 3.568491134836310752e-01 7.897921735437272162e-01 5.229499147769383072e-01 3.205490746297693927e-01 -1.898508509343274087e-01 1.436114174404246713e+00 1.398506800241409387e+00
1.582115256831468105e+09 -4.515041235565496192e-01 1.719565857074408788e-01 8.755426654629068217e-01 4.080266730099862960e-01 -8.328557261094461373e-01 3.739860607024278472e-01 7.935100884837166246e-01 5.261010094274565230e-01 3.058749210970214127e-01 -1.939010359473627987e-01 1.430409797766867275e+00 1.393499402571392265e+00
1.582115256831486940e+09 -4.471756751349857950e-01 1.937770815778038225e-01 8.732035033286220660e-01 4.050423088876686784e-01 -8.265457131379121414e-01 3.908489632900383204e-01 7.974801838165752610e-01 5.284625121525613478e-01 2.911232207698637997e-01 -1.979537187781886254e-01 1.424456891831912264e+00 1.388792321130743801e+00
1.582115256831504107e+09 -4.426628894771255651e-01 2.155803356724507180e-01 8.703876637187222265e-01 4.019240064418037606e-01 -8.199955038338034852e-01 4.075100817632939521e-01 8.015651310574419819e-01 5.302192872442408333e-01 2.763346668610519585e-01 -2.020147308810306686e-01 1.418258997453986092e+00 1.384420567607587138e+00
1.582115256831518888e+09 -4.380216988982246207e-01 2.373097307630730735e-01 8.670761690774868580e-01 3.988333822704749343e-01 -8.131057617864061449e-01 4.240176332855178920e-01 8.056481393776129263e-01 5.315478452943065424e-01 2.615109245949462369e-01 -2.060889897007949223e-01 1.411824190283518243e+00 1.380419116041585514e+00
1.582115256831535101e+09 -4.332810469709830192e-01 2.589114386402509016e-01 8.632684410307052136e-01 3.959287824380335885e-01 -8.057887139924002629e-01 4.403918115045062920e-01 8.096344444096164050e-01 5.326062479410539341e-01 2.466224869751691140e-01 -2.101801722611239820e-01 1.405165223829266230e+00 1.376822126480050423e+00
1.582115256831552029e+09 -4.284460433286488845e-01 2.803330204075737409e-01 8.589804337863651273e-01 3.933583120144392153e-01 -7.979745553026835747e-01 4.566244052383163221e-01 8.134514283758919051e-01 5.335260131997441313e-01 2.316177171861872053e-01 -2.142904278713404498e-01 1.398299508277976999e+00 1.373662111974695232e+00
1.582115256831571102e+09 -4.235025933780087182e-01 3.015235608719700755e-01 8.542418250377394884e-01 3.912530914294106710e-01 -7.896157634014561166e-01 4.726816736826968679e-01 8.170474722135981915e-01 5.344066695216387330e-01 2.164322982419503993e-01 -2.184201497038980866e-01 1.391248909763124875e+00 1.370969083743382777e+00
1.582115256831588030e+09 -4.184229103146905326e-01 3.224350085213428807e-01 8.490924174707047412e-01 3.897216671026498824e-01 -7.806889563137768828e-01 4.885097498321273601e-01 8.203897185582670337e-01 5.353133837031904818e-01 2.009982360973874838e-01 -2.225678221550618507e-01 1.384039364422090079e+00 1.368769717448286904e+00
1.582115256831604004e+09 -4.131712303728699576e-01 3.430241569816986913e-01 8.435780711480017624e-01 3.888463583630138443e-01 -7.711942855760220983e-01 5.040415493620757914e-01 8.234610154594953491e-01 5.362777280701863658e-01 1.852515975543228000e-01 -2.267299562206160912e-01 1.376700313737189818e+00 1.367086590016568959e+00
1.582115256831619978e+09 -4.077090747292358985e-01 3.632546249155544915e-01 8.377466131614674794e-01 3.886819907794580309e-01 -7.611527293507083236e-01 5.192040375866648905e-01 8.262563890395840938e-01 5.373012191328895293e-01 1.691383442384091496e-01 -2.309011186499591028e-01 1.369263982488967635e+00 1.365937536300967814e+00
1.582115256831636906e+09 -4.019995431284082432e-01 3.830982948018489265e-01 8.316441930579963060e-01 3.892570061454649344e-01 -7.506019478321227512e-01 5.339248065766404316e-01 8.287794341637565454e-01 5.383608570771343249e-01 1.526179448050240806e-01 -2.350740531693751301e-01 1.361764535111182672e+00 1.365335166471806083e+00
1.582115256831653118e+09 -3.960103047688346978e-01 4.025358534202885252e-01 8.253125015596903813e-01 3.905766341568042144e-01 -7.395914689308834555e-01 5.481371652570278252e-01 8.310389469628975956e-01 5.394157448556458068e-01 1.356647442586303987e-01 -2.392398848966452440e-01 1.354237156590988089e+00 1.365286570994989956e+00
1.582115256831670046e+09 -3.897152482690998676e-01 4.215564145098091853e-01 8.187870386460738281e-01 3.926273339469869006e-01 -7.281779948008781922e-01 5.617833964492575660e-01 8.330460983077632164e-01 5.404137278749903128e-01 1.182674968898934920e-01 -2.433883932919386761e-01 1.346717108553220354e+00 1.365793225206884509e+00
1.582115256831686974e+09 -3.830949397827398961e-01 4.401563903666772526e-01 8.120964346275972856e-01 3.953817415748028807e-01 -7.164213857058948642e-01 5.748162110911028133e-01 8.348122816200492791e-01 5.412972844241735748e-01 1.004276074268204560e-01 -2.475083350297753171e-01 1.339238810568995186e+00 1.366851092033356752e+00
1.582115256831706047e+09 -3.761362038086478177e-01 4.583379271342083450e-01 8.052626284246374722e-01 3.988033939205475331e-01 -7.043816287279028865e-01 5.871987517942194312e-01 8.363476604758292021e-01 5.420081785945015662e-01 8.215671095784306266e-02 -2.515877960210405884e-01 1.331834992414073104e+00 1.368450910034311185e+00
1.582115256831723928e+09 -3.688311298884991984e-01 4.761071841871122312e-01 7.983016640300903966e-01 4.028508187029808951e-01 -6.921168412369909095e-01 5.989035781718773377e-01 8.376603222649460223e-01 5.424907623581776139e-01 6.347406762735732788e-02 -2.556145514959977105e-01 1.324535955707117907e+00 1.370578642720061691e+00
1.582115256831739902e+09 -3.611758201177155958e-01 4.934727098925258959e-01 7.912248173283252806e-01 4.074807334510559542e-01 -6.796821995015329687e-01 6.099111079063553875e-01 8.387559113532175870e-01 5.426940134868953880e-01 4.440415405850116348e-02 -2.595764144607110580e-01 1.317368973617400796e+00 1.373216056692325937e+00
1.582115256831756115e+09 -3.531691507764449511e-01 5.104440855240911512e-01 7.840397862965489129e-01 4.126502793195612195e-01 -6.671295741060531137e-01 6.202079315287528649e-01 8.396375991573937769e-01 5.425725452960185047e-01 2.497469067556247480e-02 -2.634615556032188777e-01 1.310357846326087428e+00 1.376341391121532087e+00
1.582115256831772089e+09 -3.448117545288781338e-01 5.270309207408484520e-01 7.767517380246979908e-01 4.183183606242074637e-01 -6.545076088663528413e-01 6.297853119129842581e-01 8.403062555430774738e-01 5.420868920399860569e-01 5.215206202342639180e-03 -2.672587816048951348e-01 1.303522618411138367e+00 1.379930078476190536e+00
1.582115256831789017e+09 -3.361053490131396537e-01 5.432422081470549280e-01 7.693640865382828098e-01 4.244462568276755610e-01 -6.418619893017410982e-01 6.386380522292705031e-01 8.407607087817203784e-01 5.412033721066509262e-01 -1.484387386707193557e-02 -2.709577627887944651e-01 1.296879454425910350e+00 1.383955479493867990e+00
1.582115256831804991e+09 -3.270524142731375816e-01 5.590859713240866613e-01 7.618789897282464141e-01 4.309977504791338565e-01 -6.292357150531768806e-01 6.467637543833555380e-01 8.409980127214462531e-01 5.398937780458515912e-01 -3.517173621087619356e-02 -2.745492053417845635e-01 1.290440660032452280e+00 1.388389598350409537e+00
1.582115256831821918e+09 -3.176561685885905817e-01 5.745691286961316369e-01 7.542976036748385571e-01 4.379389821096025814e-01 -6.166692656506558290e-01 6.541624146580846677e-01 8.410136779552264130e-01 5.381350510362319373e-01 -5.573742316063157870e-02 -2.780249667338466901e-01 1.284214830335929314e+00 1.393203751466165041e+00
1.582115256831837893e+09 -3.079207577462942935e-01 5.896974998330272166e-01 7.466201615562251259e-01 4.452381950316656178e-01 -6.042006173594658414e-01 6.608362608604304578e-01 8.408018533728489619e-01 5.359090152961141218e-01 -7.650993851300477711e-02 -2.813781153661410461e-01 1.278207104140265171e+00 1.398369171400136501e+00
1.582115256831854105e+09 -2.978515811895846577e-01 6.044759048833343584e-01 7.388459352266596447e-01 4.528654662654368890e-01 -5.918651083723265316e-01 6.667897441894353738e-01 8.403554635083579916e-01 5.332021885827504804e-01 -9.745830413233100287e-02 -2.846029380076637305e-01 1.272419500315934648e+00 1.403857532156310706e+00
1.582115256831870079e+09 -2.874556272389467426e-01 6.189082984960692091e-01 7.309731735323692359e-01 4.607925054283216748e-01 -5.796952147581873049e-01 6.720295565882198341e-01 8.396663202195360221e-01 5.300056377452209144e-01 -1.185516539294050181e-01 -2.876949015296564882e-01 1.266851309956716243e+00 1.409641385594008645e+00
1.582115256831887007e+09 -2.767417681489266479e-01 6.329979235951502803e-01 7.229990473635860004e-01 4.689925231430294161e-01 -5.677202828721390482e-01 6.765646263677429495e-01 8.387252273533748470e-01 5.263148384212403830e-01 -1.397593784358873437e-01 -2.906505770327746374e-01 1.261499518641000073e+00 1.415694505031116046e+00
1.582115256831902981e+09 -2.657210492907937094e-01 6.467475066330924394e-01 7.149195665459830984e-01 4.774401265602559175e-01 -5.559662120664898843e-01 6.804061262152008016e-01 8.375220889714624084e-01 5.221295181340510627e-01 -1.610512861796324080e-01 -2.934675352130065029e-01 1.256359235485929426e+00 1.421992137807256640e+00
1.582115256831918955e+09 -2.544068689677758122e-01 6.601594516089448472e-01 7.067295405429213639e-01 4.861112683708866955e-01 -5.444551770903850452e-01 6.835674033355710888e-01 8.360460392741668745e-01 5.174534361596634380e-01 -1.823978114525167116e-01 -2.961442225241155413e-01 1.251424108261051549e+00 1.428511172030162424e+00
1.582115256831934929e+09 -2.428150046535961504e-01 6.732360116549125362e-01 6.984226128417372337e-01 4.949832370224983569e-01 -5.332054557676938478e-01 6.860637995164191594e-01 8.342856037250844237e-01 5.122940703864808931e-01 -2.037702551062231249e-01 -2.986798269750963186e-01 1.246686708576832059e+00 1.435230226813889232e+00
1.582115256831952095e+09 -2.309635380336939048e-01 6.859794530853854377e-01 6.899913289645401848e-01 5.040346446662322677e-01 -5.222313520112442653e-01 6.879124159028553454e-01 8.322288874319566654e-01 5.066622197517659520e-01 -2.251410091522942358e-01 -3.010741408584439727e-01 1.242138876581612372e+00 1.442129678100612322e+00
1.582115256831968069e+09 -2.188727205519955810e-01 6.983922185591930898e-01 6.814272090669366566e-01 5.132453903835889619e-01 -5.115431970424626495e-01 6.891318646022571714e-01 8.298637848762996372e-01 5.005715399602284066e-01 -2.464837356394144197e-01 -3.033274260370745212e-01 1.237772019415086078e+00 1.449191633019579317e+00
1.582115256831984043e+09 -2.065648095654770700e-01 7.104770901542357686e-01 6.727208067376586609e-01 5.225965904453947486e-01 -5.011474104572898325e-01 6.897420363059012516e-01 8.271782051680526271e-01 4.940380323017030118e-01 -2.677734854995040825e-01 -3.054402862068572588e-01 1.233577361121784177e+00 1.456399864882663486e+00
1.582115256832000971e+09 -1.940638919336499235e-01 7.222373480898894860e-01 6.638617468074710093e-01 5.320704767428400261e-01 -4.910466075942498398e-01 6.897638994246045874e-01 8.241603082090207533e-01 4.870795029529408904e-01 -2.889867543297799934e-01 -3.074135488090576351e-01 1.229546145208999297e+00 1.463739720184634274e+00
1.582115256832016945e+09 -1.813956970839032401e-01 7.336769153994422421e-01 6.548387472439477497e-01 5.416502705964472142e-01 -4.812397500682710216e-01 6.892193317933223984e-01 8.207987484415280033e-01 4.797150057761522812e-01 -3.101014798290072094e-01 -3.092481586313169384e-01 1.225669792491786980e+00 1.471198006804122160e+00
1.582115256832034111e+09 -1.685874033515615822e-01 7.448004811482249465e-01 6.456396291393278197e-01 5.513200383676067906e-01 -4.717223340484688054e-01 6.881309866986194956e-01 8.170829227969573783e-01 4.719642813220801814e-01 -3.310969864433177534e-01 -3.109450853198630349e-01 1.221940017113426924e+00 1.478762870208525371e+00
1.582115256832050085e+09 -1.556673390136366630e-01 7.556135431108059741e-01 6.362514070982994152e-01 5.610645637208651060e-01 -4.624867142536522868e-01 6.865221005009133348e-01 8.130032194905445486e-01 4.638471866994868797e-01 -3.519539067706360380e-01 -3.125052463625174193e-01 1.218348904703768998e+00 1.486423663383437788e+00
1.582115256832066059e+09 -1.426645033362150539e-01 7.661223162054028313e-01 6.266605429596778798e-01 5.708692639072149300e-01 -4.535226531000783323e-01 6.844161648088908922e-01 8.085512494670261674e-01 4.553831351068813871e-01 -3.726540986594290006e-01 -3.139294454426490022e-01 1.214888958350502701e+00 1.494170815834453325e+00
1.582115256832082033e+09 -1.296080478957298276e-01 7.763335669534077166e-01 6.168532619227001801e-01 5.807201200887338599e-01 -4.448179642840726644e-01 6.818365792291509742e-01 8.037200358617234697e-01 4.465906083587209974e-01 -3.931805342108765644e-01 -3.152183246246933468e-01 1.211553118951357755e+00 1.501995706175142331e+00
1.582115256832098007e+09 -1.165265789961596882e-01 7.862542903495175484e-01 6.068160736970031888e-01 5.906036788394560810e-01 -4.363593973378723234e-01 6.788061364608012349e-01 7.985041333202350655e-01 4.374867623877876643e-01 -4.135172085996962066e-01 -3.163723290972819679e-01 1.208334765448442649e+00 1.509890541024214272e+00
1.582115256832114935e+09 -1.034472380924172236e-01 7.958911912978989811e-01 5.965365710064056692e-01 6.005071608924367199e-01 -4.281338231977930842e-01 6.753462661121008015e-01 7.928996270958044157e-01 4.280871886089302469e-01 -4.336490981223984909e-01 -3.173916839842602089e-01 1.205227699071572456e+00 1.517848241510580953e+00
1.582115256832129955e+09 -9.039465941248056580e-02 8.052500175310903785e-01 5.860044494869460774e-01 6.104186762527314958e-01 -4.201296246138538359e-01 6.714760890786030112e-01 7.869039618862250229e-01 4.184059127099530873e-01 -4.535621754282943563e-01 -3.182763820319560732e-01 1.202226115788874505e+00 1.525862338468319424e+00
1.582115256832145929e+09 -7.739001359110382616e-02 8.143348704225618073e-01 5.752125734133919366e-01 6.203275046885281530e-01 -4.123380575387736169e-01 6.672114456697111340e-01 7.805155813460157299e-01 4.084556831795471132e-01 -4.732434702735514587e-01 -3.190261793959457970e-01 1.199324571721297028e+00 1.533926877439857783e+00
1.582115256832163095e+09 -6.445030343215261970e-02 8.231476110000199853e-01 5.641579290367919608e-01 6.302243965988062468e-01 -4.047543798933962989e-01 6.625640360670004281e-01 7.737333961512672387e-01 3.982485435814224206e-01 -4.926811638551197303e-01 -3.196405969612987619e-01 1.196517945185085585e+00 1.542036333736566123e+00
1.582115256832180023e+09 -5.158792186652530476e-02 8.316873852835230396e-01 5.528424544844297017e-01 6.401018865948981951e-01 -3.973787209380970631e-01 6.575406656046945963e-01 7.665561043366034832e-01 3.877966545865404457e-01 -5.118647219704743900e-01 -3.201189252104483796e-01 1.193801397839198364e+00 1.550185537101939959e+00
1.582115256832195997e+09 -3.881041503446945595e-02 8.399502396856745046e-01 5.412738184500049954e-01 6.499546308595398614e-01 -3.902167586593557336e-01 6.521425143986825379e-01 7.589813762600640112e-01 3.771133465100638404e-01 -5.307850736187792462e-01 -3.204602329310363151e-01 1.191170335398141100e+00 1.558369604694386235e+00
1.582115256832212925e+09 -2.612052227766557128e-02 8.479288749303992567e-01 5.294660908668543664e-01 6.597797196872107195e-01 -3.832801329331433915e-01 6.463644956128299368e-01 7.510049532499123437e-01 3.662143672231826796e-01 -5.494347981658552760e-01 -3.206633795755783889e-01 1.188620368622378187e+00 1.566583881520128063e+00
1.582115256832228899e+09 -1.351657462336985221e-02 8.556125974779551502e-01 5.174402238424224976e-01 6.695768934659317440e-01 -3.765865043896773345e-01 6.401948050778655253e-01 7.426197451909190006e-01 3.551192584910713990e-01 -5.678082654413014740e-01 -3.207270307348751848e-01 1.186147275369550780e+00 1.574823887659648980e+00
1.582115256832245111e+09 -9.933462336721345792e-04 8.629875501954124006e-01 5.052242091127454593e-01 6.793485588265005815e-01 -3.701591323962148961e-01 6.336148296281018943e-01 7.338150644978927994e-01 3.438527372496274492e-01 -5.859016523308542279e-01 -3.206496769702006366e-01 1.183746963907793104e+00 1.583085271573270836e+00
1.582115256832261086e+09 1.145684422904309774e-02 8.700370852183365589e-01 4.928531333650126856e-01 6.890996509039640783e-01 -3.640262068716221266e-01 6.265992274455054467e-01 7.245760221293170433e-01 3.324460724058871386e-01 -6.037128432452700810e-01 -3.204296565709485178e-01 1.181415437539732105e+00 1.591363768943298451e+00
1.582115256832278013e+09 2.384277247477400996e-02 8.767423043408347771e-01 4.803690810017413604e-01 6.988372841341617958e-01 -3.582198918281284117e-01 6.191162729271806331e-01 7.148831880140087414e-01 3.209383755184603282e-01 -6.212411662282466551e-01 -3.200651831809978032e-01 1.179148760488474501e+00 1.599655166725332700e+00
1.582115256832293987e+09 3.617270401252010298e-02 8.830827958068464545e-01 4.678208110345291049e-01 7.085701381756959183e-01 -3.527750339767640742e-01 6.111285745970144179e-01 7.047126327592231343e-01 3.093776836737239799e-01 -6.384869255328399218e-01 -3.195543793375582586e-01 1.176943025101472751e+00 1.607955272370603650e+00
1.582115256832309961e+09 4.845259919582273894e-02 8.890375999633439719e-01 4.552631013877629917e-01 7.183075373976817168e-01 -3.477274881940536910e-01 6.025942877861876212e-01 6.940364740769435770e-01 2.978216577220914596e-01 -6.554507096987859383e-01 -3.188953164387227646e-01 1.174794320797062586e+00 1.616259888484199214e+00
1.582115256832325935e+09 6.068429489920000586e-02 8.945863624169139161e-01 4.427557526818587941e-01 7.280582653445328845e-01 -3.431121299050019502e-01 5.934688101123539727e-01 6.828239733755527840e-01 2.863377489825449929e-01 -6.721325128970953022e-01 -3.180860608155405833e-01 1.172698705547763565e+00 1.624564793357216042e+00
1.582115256832343102e+09 7.286383258483403180e-02 8.997106498408307118e-01 4.303621828955904172e-01 7.378291737790965144e-01 -3.389606032081026732e-01 5.837069639758166728e-01 6.710431969864227852e-01 2.750026473299006513e-01 -6.885307340576160007e-01 -3.171247249838477500e-01 1.170652180820673793e+00 1.632865727813451517e+00
1.582115256832359076e+09 8.498020995042238068e-02 9.043952655167086796e-01 4.181477820464463702e-01 7.476237868614682425e-01 -3.352990579369827251e-01 5.732653967108952697e-01 6.586630680673756233e-01 2.639010145114999983e-01 -7.046411975651190041e-01 -3.160095220822584650e-01 1.168650671056715717e+00 1.641158388667464108e+00
1.582115256832376957e+09 9.701471505115999427e-02 9.086294688697170718e-01 4.061780808557946543e-01 7.574410588085180862e-01 -3.321460276096877551e-01 5.621050246837736575e-01 6.456556260846620932e-01 2.531234968297213506e-01 -7.204563191894769458e-01 -3.147388209044398311e-01 1.166690008613577856e+00 1.649438428775299448e+00
1.582115256832392931e+09 1.089409637767901756e-01 9.124079428763106625e-01 3.945169352388074313e-01 7.672744849486361485e-01 -3.295106818366609902e-01 5.501932163367282413e-01 6.319982050278066810e-01 2.427641990377155112e-01 -7.359645456877249581e-01 -3.133111985062397298e-01 1.164765924806573150e+00 1.657701463246871176e+00
1.582115256832407951e+09 1.207256224550015966e-01 9.157314056620037279e-01 3.832248905926667892e-01 7.771116922167812247e-01 -3.273916065533715170e-01 5.375054918593697995e-01 6.176752722126587214e-01 2.329178581503767720e-01 -7.511501377579528071e-01 -3.117254868150231006e-01 1.162874047352946194e+00 1.665943080868394377e+00
1.582115256832425117e+09 1.323296839262641245e-01 9.186068343141946535e-01 3.723578100508259658e-01 7.869345353727202896e-01 -3.257761663964975907e-01 5.240266466949293767e-01 6.026797589017195422e-01 2.236769397186960662e-01 -7.659932994813836160e-01 -3.099808107765495979e-01 1.161009903803174925e+00 1.674158859421472911e+00
1.582115256832441092e+09 1.437101106252927363e-01 9.210472941780594169e-01 3.619658630229646845e-01 7.967196680348257454e-01 -3.246404664480928570e-01 5.097512512112662986e-01 5.870137772409295129e-01 2.151289135246720607e-01 -7.804706118087747502e-01 -3.080766159387129943e-01 1.159168930149235388e+00 1.682344383284468003e+00
1.582115256832457066e+09 1.548216131878761281e-01 9.230713500230203206e-01 3.520930997040421229e-01 8.064395438729445864e-01 -3.239499276990137067e-01 4.946834406187562982e-01 5.706886455572817152e-01 2.073541104322462469e-01 -7.945556888733347201e-01 -3.060126845150697439e-01 1.157346483367924339e+00 1.690495261623296885e+00
1.582115256832473040e+09 1.656183291523792012e-01 9.247022199634126194e-01 3.427774401067384957e-01 8.160636409392723056e-01 -3.236602646617332546e-01 4.788362632640146277e-01 5.537243926230829283e-01 2.004241439460288099e-01 -8.082199326543682005e-01 -3.037891407087329187e-01 1.155537856372599093e+00 1.698607145758298298e+00
1.582115256832489967e+09 1.760552615937345800e-01 9.259667957357384793e-01 3.340509512973565132e-01 8.255597484770145211e-01 -3.237187050595954907e-01 4.622307883403229956e-01 5.361489033466426690e-01 1.944008569736578318e-01 -8.214332962877946009e-01 -3.014064472235431502e-01 1.153738293914321256e+00 1.706675744744553302e+00
1.582115256832505941e+09 1.860893901102703418e-01 9.268946000747880776e-01 3.259403921627453959e-01 8.348952184688809286e-01 -3.240653435908621982e-01 4.448950744408677882e-01 5.179968272743136204e-01 1.893358218568250706e-01 -8.341649917718182428e-01 -2.988653952791544000e-01 1.151943008269901814e+00 1.714696838644855337e+00
1.582115256832523108e+09 1.956804432748164291e-01 9.275167835917740300e-01 3.184678638072601098e-01 8.440380783393726105e-01 -3.246344992329801005e-01 4.268631680310923104e-01 4.993084081337015312e-01 1.852702298427523486e-01 -8.463841063625514582e-01 -2.961670898923011719e-01 1.150147193916182475e+00 1.722666289173772514e+00
1.582115256832539082e+09 2.047913585555351523e-01 9.278652091612402675e-01 3.116514930042276754e-01 8.529579641335116591e-01 -3.253560075116538886e-01 4.081742027589455035e-01 4.801283275148938712e-01 1.822350734817748952e-01 -8.580601185890037730e-01 -2.933129317889911492e-01 1.148346040638130283e+00 1.730580047527227272e+00
1.582115256832555056e+09 2.133884545704473057e-01 9.279716383547806924e-01 3.055061470212973029e-01 8.616268719998554371e-01 -3.261564066036629628e-01 3.888716136204080631e-01 4.605046155076350511e-01 1.802515931779616609e-01 -8.691633116135908388e-01 -2.903045977180422899e-01 1.146534744734223343e+00 1.738434159580964700e+00
