1.582115257727905035e+09 6.914158782157629746e-02 6.604804104675223719e-01 7.476530400024966605e-01 5.778651083621895168e-01 -6.374265542630718206e-01 5.096658753130877129e-01 8.131982275999662946e-01 3.968034971010102052e-01 -4.257412680476596600e-01 -3.087844396195789098e-01 1.048464580474016472e+00 1.670076550103486657e+00
1.582115257727948904e+09 8.294504204123706592e-02 6.705130784639634633e-01 7.372464526870001755e-01 5.880119882866603476e-01 -6.302182727134305606e-01 5.070175840412373125e-01 8.045881070391827095e-01 3.914551577450005593e-01 -4.465432095632823617e-01 -3.110397055337853489e-01 1.052194530369789272e+00 1.686554340959699250e+00
1.582115257727972984e+09 9.642835632569857207e-02 6.804282879565194397e-01 7.264426464518075610e-01 5.981884224214968349e-01 -6.229499785054137817e-01 5.040872307118051676e-01 7.955326421850259511e-01 3.859412778157743640e-01 -4.670943666381401349e-01 -3.130338611940168270e-01 1.056128849516366985e+00 1.703039106005123537e+00
1.582115257727993011e+09 1.095983459344727906e-01 6.902221943658676251e-01 7.152492771071036204e-01 6.083718044992201257e-01 -6.156370230707450819e-01 5.008740406908279708e-01 7.860483147847082686e-01 3.802425275589795817e-01 -4.873845213066124726e-01 -3.147709727584057093e-01 1.060249878087961450e+00 1.719524395983889509e+00
1.582115257728012085e+09 1.224592356728036041e-01 6.998905923949069185e-01 7.036738593338982550e-01 6.185432300189526167e-01 -6.082923511376688852e-01 4.973778145919062199e-01 7.761494789454128629e-01 3.743441957871191383e-01 -5.074036040521172630e-01 -3.162544420874421891e-01 1.064541476722161928e+00 1.736004657516660998e+00
1.582115257728029966e+09 1.350112128835866121e-01 7.094294461173210609e-01 6.917238196698886066e-01 6.286879994276121097e-01 -6.009254010030280480e-01 4.935990937571449466e-01 7.658481443569570279e-01 3.682370535113873578e-01 -5.271414464362802477e-01 -3.174869575434301483e-01 1.068988853433433528e+00 1.752475040048369959e+00
1.582115257728049040e+09 1.472490707374178032e-01 7.188355417500436051e-01 6.794064971208022552e-01 6.387958927388086572e-01 -5.935410161009674335e-01 4.895394516448175470e-01 7.551539780700073923e-01 3.619178526580363875e-01 -5.465875546554392894e-01 -3.184704612792046419e-01 1.073578392035125839e+00 1.768931233219146026e+00
1.582115257728066921e+09 1.591608730230136270e-01 7.281072422498068297e-01 6.667290889363570727e-01 6.488612926240304724e-01 -5.861383168965971224e-01 4.852019201797711512e-01 7.440744959769813871e-01 3.553895402072284604e-01 -5.657308925397964705e-01 -3.192061322219523212e-01 1.078297483322565586e+00 1.785369329662822135e+00
1.582115257728085041e+09 1.707267322270180632e-01 7.372452799998878703e-01 6.536985565147599431e-01 6.588831139352329114e-01 -5.787096243410098095e-01 4.805915334492318336e-01 7.326154829388706879e-01 3.486611223681319038e-01 -5.845596687689411652e-01 -3.196943833308685812e-01 1.083134360588682732e+00 1.801785709028493443e+00
1.582115257728105068e+09 1.819178378078499247e-01 7.462534924741150988e-01 6.403215235089914081e-01 6.688644828798246955e-01 -5.712395724720498169e-01 4.757159511225190762e-01 7.207816796313524232e-01 3.417471125873136062e-01 -6.030611240060209655e-01 -3.199348712896678548e-01 1.088077940998136706e+00 1.818176939589958518e+00
1.582115257728123903e+09 1.925892714370586456e-01 7.550511158496688857e-01 6.267433391691419331e-01 6.787129111698257944e-01 -5.637798945847940502e-01 4.706389555082401421e-01 7.087017585497024097e-01 3.347387878571069231e-01 -6.210408998398406766e-01 -3.199306741909065388e-01 1.090610382223615948e+00 1.826399145304861582e+00
1.582115257728142023e+09 2.027715869234687218e-01 7.637562466599995270e-01 6.128295908617186205e-01 6.885607454452964404e-01 -5.561887278379180621e-01 4.653366637461576749e-01 6.962526905957894252e-01 3.276133512738599318e-01 -6.386718412820463486e-01 -3.197768485302330266e-01 1.093194599273316081e+00 1.834603784413379124e+00
1.582115257728159904e+09 2.124088252785273356e-01 7.723849894688494810e-01 5.985849540360788090e-01 6.984178698789345052e-01 -5.484259793518618809e-01 4.598276154976683738e-01 6.834434839261640526e-01 3.203909900166833635e-01 -6.559379968688822116e-01 -3.194721407212898212e-01 1.095824831410821210e+00 1.842789563243122375e+00
1.582115257728178978e+09 2.214361961125551059e-01 7.809568834214878352e-01 5.840140285123053276e-01 7.082947520648702477e-01 -5.404439879202354025e-01 4.541352792800677496e-01 6.702869392501377144e-01 3.130920878727370127e-01 -6.728215227856029212e-01 -3.190152031197607818e-01 1.098495343100683641e+00 1.850955193551847788e+00
1.582115257728198051e+09 2.297812363543493275e-01 7.894941011139705589e-01 5.691218463010214723e-01 7.182010207852271844e-01 -5.321886905848449700e-01 4.482884151137462858e-01 6.568012658066944010e-01 3.057356297981898563e-01 -6.893024443943261970e-01 -3.184046376833986614e-01 1.101200388454402601e+00 1.859099386727305570e+00
1.582115257728216887e+09 2.373656638686934550e-01 7.980202010897257114e-01 5.539145498001125656e-01 7.281439217172080980e-01 -5.236013889610078298e-01 4.423211802671634940e-01 6.430116611614022926e-01 2.983376570827186436e-01 -7.053585499008381277e-01 -3.176390452911564410e-01 1.103934181631953670e+00 1.867220851259586256e+00
1.582115257728235006e+09 2.441080057148308780e-01 8.065584609062381727e-01 5.384001847119498363e-01 7.381267429091815657e-01 -5.146211275484960934e-01 4.362728713220045962e-01 6.289516820388025842e-01 2.909098792381308307e-01 -7.209655066392441913e-01 -3.167170796926692122e-01 1.106690874109024447e+00 1.875318293387861601e+00
1.582115257728254080e+09 2.499267290135465114e-01 8.151299864841036191e-01 5.225894789128343598e-01 7.481474307959278258e-01 -5.051873918901017557e-01 4.301873227296196256e-01 6.146641987058791834e-01 2.834586706439061743e-01 -7.360972373317358208e-01 -3.156375039828380191e-01 1.109464539665143024e+00 1.883390420658243025e+00
1.582115257728272915e+09 2.547437087538035327e-01 8.237517763431967399e-01 5.064964778092330144e-01 7.581975324886869316e-01 -4.952429331294481152e-01 4.241119553631519934e-01 6.002017741290109898e-01 2.759845323041311693e-01 -7.507265855174055647e-01 -3.143992469258105604e-01 1.112249167583020171e+00 1.891435947975979914e+00
1.582115257728290081e+09 2.584876513460795944e-01 8.324349957503544006e-01 4.901388988471210295e-01 7.682616140738259825e-01 -4.847363739994151044e-01 4.180965819414544926e-01 5.856263752094116315e-01 2.684821030788581142e-01 -7.648262200832313118e-01 -3.130014560685507319e-01 1.115038664038078942e+00 1.899453605567100078e+00
1.582115257728307962e+09 2.610971436868568252e-01 8.411836648680384165e-01 4.735381206715187363e-01 7.783172094380161887e-01 -4.736243342411943225e-01 4.121920951155580992e-01 5.710084305249395475e-01 2.609406949688212185e-01 -7.783696833253455072e-01 -3.114435440817753253e-01 1.117826861041894215e+00 1.907442148031932128e+00
1.582115257728326082e+09 2.625231239858176746e-01 8.499938712010159936e-01 4.567187936847036389e-01 7.883352615313363732e-01 -4.618729526944327923e-01 4.064491392095624378e-01 5.564253312252265271e-01 2.533452368843197022e-01 -7.913324710008364793e-01 -3.097252259536095731e-01 1.120607531619782549e+00 1.915400363720888954e+00
1.582115257728344917e+09 2.627305958410884323e-01 8.588535577399649679e-01 4.397081174799535308e-01 7.982809731777781304e-01 -4.494587289826101340e-01 4.009168873622371287e-01 5.419595427900234519e-01 2.456774961936702695e-01 -8.036930133976546431e-01 -3.078465450725179076e-01 1.123374409448573585e+00 1.923327083612061505e+00
1.582115257728363037e+09 2.616993128566127425e-01 8.677429190927362646e-01 4.225348793013034010e-01 8.081149554862281370e-01 -4.363685534216769635e-01 3.956421565919299166e-01 5.276966100025600737e-01 2.379174795861948855e-01 -8.154333808721123678e-01 -3.058078874212044052e-01 1.126121210896930069e+00 1.931221188994617366e+00
1.582115257728380919e+09 2.594236952035252064e-01 8.766352246346602595e-01 4.052284016552402113e-01 8.177944778922815461e-01 -4.225992011374063995e-01 3.906688097295012430e-01 5.137232346228542967e-01 2.300448078284106079e-01 -8.265396920542813497e-01 -3.036099848546587876e-01 1.128841657506507890e+00 1.939081617580934447e+00
1.582115257728399992e+09 2.559121941935400546e-01 8.854979105561516795e-01 3.878175182674334920e-01 8.272746885803627936e-01 -4.081565011649490593e-01 3.860373970998139947e-01 5.001255458574563884e-01 2.220399441700161292e-01 -8.370022338770202186e-01 -3.012539095572749903e-01 1.131529497373646720e+00 1.946907367963562674e+00
1.582115257728419065e+09 2.511862071818575237e-01 8.942938309848814660e-01 3.703296658321486579e-01 8.365097197450792610e-01 -3.930542825374379046e-01 3.817850593194260234e-01 4.869876803492151907e-01 2.138852287792075979e-01 -8.468152962951963625e-01 -2.987410621191708415e-01 1.134178524419783507e+00 1.954697502524181063e+00
1.582115257728435993e+09 2.452787970293886510e-01 9.029825310946012484e-01 3.527901479310001642e-01 8.454536229968467875e-01 -3.773132894412274396e-01 3.779455843651240432e-01 4.743906674622389019e-01 2.055656752143997512e-01 -8.559768021037392760e-01 -2.960731550771626974e-01 1.136782594891250220e+00 1.962451148892638386e+00
1.582115257728454113e+09 2.382333490636219797e-01 9.115214671496130183e-01 3.352215901918026986e-01 8.540611226987963045e-01 -3.609601512186756400e-01 3.745495690762593033e-01 4.624116044335256359e-01 1.970695341557385238e-01 -8.644877932823675781e-01 -2.932521933407979953e-01 1.139335640668775795e+00 1.970167500048037645e+00
1.582115257728473902e+09 2.301022157174213711e-01 9.198671372686076930e-01 3.176435869123808153e-01 8.622881867788629862e-01 -3.440264279055593732e-01 3.716246918770479413e-01 4.511231257706230791e-01 1.883886522467528579e-01 -8.723518092151579806e-01 -2.902804532952829586e-01 1.141831679390301391e+00 1.977845813327493651e+00
1.582115257728492022e+09 2.209454448585092268e-01 9.279760873324631731e-01 3.000725244783025714e-01 8.700924288663899331e-01 -3.265477813659837247e-01 3.691960501994692723e-01 4.405931189421194438e-01 1.795186507142944032e-01 -8.795742126324187504e-01 -2.871604617327387365e-01 1.144264821519108244e+00 1.985485408542355223e+00
