1.582115257015603065e+09 -2.493086272223223043e-01 -6.240100216227763980e-02 9.664115703592774942e-01 2.750062104435543331e-01 -9.614015621357405728e-01 8.866822488576090941e-03 9.285562947994446814e-01 2.679797590365915472e-01 2.568463667976474407e-01 -8.723813035310298836e-02 1.520770232923915888e+00 1.543303255495927617e+00
1.582115257015660048e+09 -2.689681302794028062e-01 -6.941901928418688084e-02 9.606441300805642625e-01 2.828959567759440352e-01 -9.590995100993561229e-01 9.899867050064695140e-03 9.206660754776955224e-01 2.744250890316330960e-01 2.776055618618132326e-01 -8.723829082978186433e-02 1.520770151157902372e+00 1.543303051224631517e+00
1.582115257015685081e+09 -2.883680239493312536e-01 -7.550025037125249194e-02 9.545384198449303748e-01 2.914251444563928928e-01 -9.565134761027876964e-01 1.238366718477066329e-02 9.120938920658353544e-01 2.817475505286257120e-01 2.978305723552408524e-01 -8.723858366840135659e-02 1.520769932055010099e+00 1.543302656516994498e+00
1.582115257015706062e+09 -3.074232022490075988e-01 -8.048681313180509889e-02 9.481628803288346674e-01 3.005491227692498879e-01 -9.536236577911427759e-01 1.649679072688398779e-02 9.028627800077225762e-01 2.900410181581017377e-01 3.173562796994458535e-01 -8.774156352022256800e-02 1.520246076136127167e+00 1.542586610749561160e+00
1.582115257015742064e+09 -3.260288506438790979e-01 -8.421630430405578627e-02 9.416011908657603291e-01 3.101920933013543324e-01 -9.504099747133682996e-01 2.239967007054369588e-02 8.930207465690956914e-01 2.993801831384070300e-01 3.359843034180661769e-01 -9.330523565067502800e-02 1.512413087251000876e+00 1.534208960128810251e+00
1.582115257015762091e+09 -3.440610752997554367e-01 -8.652646605129228619e-02 9.349519491069424593e-01 3.202461488060900363e-01 -9.468521598281294249e-01 3.022236926987889247e-02 8.826462375380692560e-01 3.098131018901450484e-01 3.534847397826827442e-01 -1.022594290387861121e-01 1.495964797609550923e+00 1.519924654344456894e+00
1.582115257015782118e+09 -3.613791393619680270e-01 -8.726110175501057553e-02 9.283267839274729205e-01 3.305724811335545299e-01 -9.429303867726465116e-01 4.005147211531430440e-02 8.718525978357068995e-01 3.213530547896383260e-01 3.696014905633239755e-01 -1.129145365923935052e-01 1.471583372969651249e+00 1.501941302676335077e+00
1.582115257015800953e+09 -3.778294972075653679e-01 -8.627719827243869599e-02 9.218465794809659331e-01 3.410052067912930363e-01 -9.386266815925430329e-01 5.191725671113026075e-02 8.607905203838871477e-01 3.339703544660921897e-01 3.840618210095397278e-01 -1.241444660522035282e-01 1.441573776066759072e+00 1.482094549993400845e+00
1.582115257015819073e+09 -3.932517212622827496e-01 -8.345308579919683001e-02 9.156356623665681260e-01 3.513580213172547428e-01 -9.339272833055710654e-01 6.578275118988470560e-02 8.496473530718069433e-01 3.475851147121860052e-01 3.965904227924859637e-01 -1.354750078410028036e-01 1.409109160262395744e+00 1.461609091580857944e+00
1.582115257015841961e+09 -4.074862190670727191e-01 -7.869712595759796592e-02 9.098141258735521486e-01 3.614335391543064824e-01 -9.288259043089972522e-01 8.153671724797989517e-02 8.386422229094248060e-01 3.620624281143300927e-01 4.069275366740722211e-01 -1.467794017267320672e-01 1.377600831828909467e+00 1.441360103590542563e+00
1.582115257015861034e+09 -4.203829733136811853e-01 -7.195614692854671035e-02 9.044890649807583172e-01 3.710344027734431838e-01 -9.233276766979995331e-01 9.899228961207123811e-02 8.280166832305647651e-01 3.772112330832322891e-01 4.148494400741263854e-01 -1.494868800686266763e-01 1.370897978203205803e+00 1.436695421692512964e+00
1.582115257015881062e+09 -4.318121529802045333e-01 -6.322156192629679872e-02 8.997451298277863163e-01 3.799761024035147594e-01 -9.174524028412873733e-01 1.178950809982899500e-01 8.180198201403628966e-01 3.927901763408726543e-01 4.201897800158504448e-01 -1.521359279443145751e-01 1.364131091130716067e+00 1.432090019689462146e+00
1.582115257015899897e+09 -4.416723149799605674e-01 -5.253342521984445679e-02 8.956370947083052148e-01 3.880974527808471186e-01 -9.112374867753028074e-01 1.379369777871744529e-01 8.088917933363481971e-01 4.085174193736341719e-01 4.228564587936987640e-01 -1.547268920471583376e-01 1.357295448317195286e+00 1.427553629576945760e+00
1.582115257015918016e+09 -4.498984157228015368e-01 -3.998024037672616438e-02 8.921843956896762240e-01 3.952694804430115783e-01 -9.047383670257567179e-01 1.587782260339572760e-01 8.008454615979622160e-01 4.240873348882591709e-01 4.228433268096522535e-01 -1.572599249785138487e-01 1.350385388424284239e+00 1.423097986037092033e+00
1.582115257015935898e+09 -4.564671068345083627e-01 -2.569467449072954102e-02 8.893691944763824075e-01 4.014004680099552136e-01 -8.980263263920521544e-01 1.800732667243974128e-01 7.940500265481681419e-01 4.391907339770476093e-01 4.202333334347593818e-01 -1.597352881199542440e-01 1.343394488499179307e+00 1.418737041361411322e+00
1.582115257015954971e+09 -4.613988877432499969e-01 -9.845257379466166442e-03 8.871381726084410779e-01 4.064370368115928778e-01 -8.911834269065147529e-01 2.014969843833510355e-01 7.886190471315818185e-01 4.535362945961719516e-01 4.151925191852382513e-01 -1.621536626436562434e-01 1.336315820586768455e+00 1.414487115696402508e+00
1.582115257015974998e+09 -4.647568906420930790e-01 7.374881070354704499e-03 8.854076144536549009e-01 4.103618243389598463e-01 -8.842950899313466451e-01 2.227675179399464245e-01 7.846044899995863187e-01 4.668702229252654212e-01 4.079558667556287266e-01 -1.645164490631426946e-01 1.329142285127040690e+00 1.410366973435130733e+00
1.582115257015995979e+09 -4.666425606200256260e-01 2.576064534651721638e-02 8.840707606136157803e-01 4.131889866513916432e-01 -8.774413798428338795e-01 2.436626484509105961e-01 7.819971751416978645e-01 4.789916639072688276e-01 3.988074773369790771e-01 -1.668260362032964184e-01 1.321867014618808955e+00 1.406397818716136117e+00
1.582115257016014099e+09 -4.671888377006122028e-01 4.510726911506522663e-02 8.830061858240590977e-01 4.149589763777662976e-01 -8.706883102644110695e-01 2.640282452561342752e-01 7.807327570001644235e-01 4.897623920267301645e-01 3.880581934521057930e-01 -1.690860220484643461e-01 1.314483836811180195e+00 1.402603205119226981e+00
1.582115257016035080e+09 -4.665516184438535663e-01 6.522080118799758464e-02 8.820860697360759506e-01 4.157338151620522115e-01 -8.640804376921413787e-01 2.837787732181080713e-01 7.807015961683653194e-01 4.991104529981800764e-01 3.760236341644663804e-01 -1.713013714801172871e-01 1.306987782510589335e+00 1.399008856815626478e+00
1.582115257016056061e+09 -4.649003604744524898e-01 8.592575517073473834e-02 8.811835333412013638e-01 4.155936145015822758e-01 -8.576356764036962010e-01 3.028910598642640117e-01 7.817605787054244804e-01 5.070284125764973338e-01 3.630049399449700731e-01 -1.734784993701098954e-01 1.299375619377614033e+00 1.395642400296229324e+00
1.582115257016073942e+09 -4.624086050398766856e-01 1.070694813413354540e-01 8.801786228675370083e-01 4.146345280669270772e-01 -8.513428390046736682e-01 3.213931838275221886e-01 7.837451691215685523e-01 5.135674217108407991e-01 3.492735507278178497e-01 -1.756252713505440932e-01 1.291646389285822094e+00 1.392533008850680432e+00
1.582115257016094923e+09 -4.592449763910999572e-01 1.285233837318826289e-01 8.789629067806369322e-01 4.129677503673121475e-01 -8.451620632245560039e-01 3.393504442949581978e-01 7.864805711635237673e-01 5.188283210485996610e-01 3.350604191221678851e-01 -1.777509191591996052e-01 1.283801924312331533e+00 1.389710964630113565e+00
1.582115257016114950e+09 -4.555651490981765250e-01 1.501814550984097441e-01 8.774428331659571700e-01 4.107188956096773369e-01 -8.390279613221098831e-01 3.568502051413778853e-01 7.897913545474690711e-01 5.229508683100215771e-01 3.205495369174672926e-01 -1.798658722269077526e-01 1.275847315169083895e+00 1.387207145585281687e+00
1.582115257016133070e+09 -4.515052094481670775e-01 1.719568482241797813e-01 8.755420539257919854e-01 4.080270198564210915e-01 -8.328550764880719992e-01 3.739871289707011326e-01 7.935092922643424140e-01 5.261019520196604793e-01 3.058753654241868070e-01 -1.819815117579019759e-01 1.267791306546190100e+00 1.385052444364097024e+00
1.582115257016150951e+09 -4.471767530127412349e-01 1.937773425206077427e-01 8.732028934292729305e-01 4.050426411331015109e-01 -8.265450564591879656e-01 3.908500076850603966e-01 7.974794106624363277e-01 5.284634435517718831e-01 2.911236479591292059e-01 -1.841098572023251445e-01 1.259646594068512426e+00 1.383277128269681855e+00
1.582115257016170025e+09 -4.426639587597037684e-01 2.155805949257809384e-01 8.703870556880167753e-01 4.019243245386023844e-01 -8.199948408792221421e-01 4.075111020282267682e-01 8.015643810455772567e-01 5.302202071073843781e-01 2.763350774262245402e-01 -1.862631982156799093e-01 1.251429998555811274e+00 1.381910152201540676e+00
1.582115257016190052e+09 -4.380227589833353141e-01 2.373099882135202010e-01 8.670755630908687506e-01 3.988336864885727584e-01 -8.131050931404292248e-01 4.240186293450338706e-01 8.056474124182153584e-01 5.315487531782092656e-01 2.615113188002761158e-01 -1.884536880015815763e-01 1.243162495264049872e+00 1.380978440481836156e+00
1.582115257016208887e+09 -4.332820972590264441e-01 2.589116941748790812e-01 8.632678372422633029e-01 3.959290729243118978e-01 -8.057880400717022384e-01 4.403927834232894134e-01 8.096337402861361054e-01 5.326071433045550529e-01 2.466228649038386678e-01 -1.906929164640002172e-01 1.234869079245851431e+00 1.380506159260268984e+00
1.582115257016228914e+09 -4.284470832445987365e-01 2.803332739128912565e-01 8.589798323587680695e-01 3.933585888512427520e-01 -7.979738763940005253e-01 4.566253531838808111e-01 8.134507467805028869e-01 5.335268954159450017e-01 2.316180788112183753e-01 -1.929914841352466104e-01 1.226578453942066549e+00 1.380514010562419625e+00
1.582115257016247034e+09 -4.235036223898752117e-01 3.015238122335794912e-01 8.542412261658908212e-01 3.912533546870742840e-01 -7.896150797040140112e-01 4.726825978928636540e-01 8.170468127778025558e-01 5.344075378981304469e-01 2.164326434931362897e-01 -1.953585995023665589e-01 1.218322540115042152e+00 1.381018584272950100e+00
1.582115257016267061e+09 -4.184239279471832496e-01 3.224352576241981683e-01 8.490918213978326801e-01 3.897219168821244861e-01 -7.806882679821247617e-01 4.885106505874822758e-01 8.203890808784393140e-01 5.353142375073740578e-01 2.009985649189130474e-01 -1.978017226112935290e-01 1.210135814802666854e+00 1.382031807369798138e+00
1.582115257016283989e+09 -4.131722362154137684e-01 3.430244037108002852e-01 8.435774781738935024e-01 3.888465948262860294e-01 -7.711935927594293361e-01 5.040424269636615273e-01 8.234603991172549931e-01 5.362785665564984150e-01 1.852519099493780963e-01 -2.003262764306397992e-01 1.202054504440669414e+00 1.383560530286359835e+00
1.582115257016302109e+09 -4.077100684382167217e-01 3.632548691568660559e-01 8.377460236435350094e-01 3.886822141672235387e-01 -7.611520322261138283e-01 5.192048923389821491e-01 8.262557936170582540e-01 5.373020415689391260e-01 1.691386402991030824e-01 -2.029354436326623878e-01 1.194115670675772956e+00 1.385606283906455349e+00
1.582115257016320944e+09 -4.020005244242685349e-01 3.830985364432261675e-01 8.316436074066179129e-01 3.892572167831429009e-01 -7.506012466288278784e-01 5.339256387757598254e-01 8.287788592540420440e-01 5.383616627663952992e-01 1.526182247279306015e-01 -2.056300601604004741e-01 1.186356238112428407e+00 1.388165227237545762e+00
1.582115257016340017e+09 -3.960112734292748349e-01 4.025360923522565137e-01 8.253119202297524160e-01 3.905768324511875722e-01 -7.395907639464507355e-01 5.481379751833608260e-01 8.310383921762503068e-01 5.394165331552198683e-01 1.356650083479551405e-01 -2.084086092996049466e-01 1.178812017877319818e+00 1.391228289207694147e+00
1.582115257016359091e+09 -3.897162041199206950e-01 4.215566506260970403e-01 8.187864621266576215e-01 3.926275203764393873e-01 -7.281772864089258723e-01 5.617841843642398247e-01 8.330455632742799210e-01 5.404144982079774895e-01 1.182677455513205661e-01 -2.112673125569051180e-01 1.171516779744693482e+00 1.394781493280363494e+00
1.582115257016376972e+09 -3.830958826878519408e-01 4.401566235644842617e-01 8.120958634314978664e-01 3.953819166759119375e-01 -7.164206743572626435e-01 5.748169772369111641e-01 8.348117659896967524e-01 5.412980362869999063e-01 1.004278411554071493e-01 -2.142003073796646673e-01 1.164501420153368105e+00 1.398806442234119984e+00
1.582115257016396999e+09 -3.761371336604739102e-01 4.583381573142275567e-01 8.052620630789102396e-01 3.988035582736664253e-01 -7.043809149470333653e-01 5.871994963956072011e-01 8.363471639166757399e-01 5.420089115601017804e-01 8.215693032301780996e-02 -2.171998969796971879e-01 1.157793265278814765e+00 1.403280932519709312e+00
1.582115257016417980e+09 -3.688320465996342556e-01 4.761074112533619784e-01 7.983011050683626042e-01 4.028509729184308052e-01 -6.921161256153175456e-01 5.989043014393268249e-01 8.376598444603288174e-01 5.424914760761446741e-01 6.347427325742269200e-02 -2.202568540585825851e-01 1.151415537190840332e+00 1.408179661003540417e+00
1.582115257016438961e+09 -3.611767236142855997e-01 4.934729337520483705e-01 7.912242652851454450e-01 4.074808781570405380e-01 -6.796814826893898820e-01 6.099118100398877029e-01 8.387554519984355972e-01 5.426947076817045801e-01 4.440434662624655887e-02 -2.233607585187369349e-01 1.145386998688868063e+00 1.413474983801649820e+00
1.582115257016458988e+09 -3.531700409932247431e-01 5.104443060865746506e-01 7.840392417036669004e-01 4.126504151522054631e-01 -6.671288568042104128e-01 6.202086127219066380e-01 8.396371579563502996e-01 5.425732197642585408e-01 2.497487088581211434e-02 -2.265003492202765645e-01 1.139721779994809836e+00 1.419137687244187429e+00
1.582115257016478062e+09 -3.448126314059385411e-01 5.270311379182239797e-01 7.767512014088914230e-01 4.183184882196417376e-01 -6.545068918178431616e-01 6.297859723566346934e-01 8.403058322051457640e-01 5.420875466472543369e-01 5.215374781616575334e-03 -2.296638712388659465e-01 1.134429378425052981e+00 1.425137733657700467e+00
1.582115257016498089e+09 -3.361062124936242679e-01 5.432424218531080040e-01 7.693635584201934385e-01 4.244463768157796246e-01 -6.418612732842572388e-01 6.386386921150968288e-01 8.407603030189753079e-01 5.412040067844757774e-01 -1.484371617905752561e-02 -2.328394028165436669e-01 1.129514813930212913e+00 1.431444951580556291e+00
1.582115257016519070e+09 -3.270532643017597385e-01 5.590861814741157065e-01 7.618784706217109903e-01 4.309978634784707441e-01 -6.292350008720581922e-01 6.467643739068709152e-01 8.409976242463120810e-01 5.398943927887555061e-01 -3.517158866833211550e-02 -2.360151494004567307e-01 1.124978915904069066e+00 1.438029646382260829e+00
1.582115257016539097e+09 -3.176570051104993797e-01 5.745693352066736370e-01 7.542970940862830931e-01 4.379390887231098817e-01 -6.166685541323423392e-01 6.541630140212075784e-01 8.410133064785337842e-01 5.381356458988837410e-01 -5.573728501792560297e-02 -2.391796957878424279e-01 1.120818714116660564e+00 1.444863116229259115e+00
1.582115257016557932e+09 -3.079215807060551868e-01 5.896977026216633222e-01 7.466196619838231241e-01 4.452382958427820170e-01 -6.041999093452651293e-01 6.608368402736041203e-01 8.408014986022718240e-01 5.359095903904329550e-01 -7.650980903039127090e-02 -2.423222106263004938e-01 1.117027906966599149e+00 1.451918066586291856e+00
1.582115257016578913e+09 -2.978523905301029284e-01 6.044761038685819710e-01 7.388454461590624467e-01 4.528655618344561429e-01 -5.918644047123590157e-01 6.667903038733088428e-01 8.403551251471969019e-01 5.332027440747966196e-01 -9.745818258145648449e-02 -2.454326003906803222e-01 1.113597379558594058e+00 1.459168921716212708e+00
1.582115257016597033e+09 -2.874564229002928850e-01 6.189084935973573343e-01 7.309726954469910609e-01 4.607925962889314886e-01 -5.796945163054655348e-01 6.720300967749066601e-01 8.396659979658205319e-01 5.300061738517610754e-01 -1.185515395986658505e-01 -2.485016129818380937e-01 1.110515742693603203e+00 1.466592035540323247e+00
1.582115257016618013e+09 -2.767425500670644967e-01 6.329981147328703761e-01 7.229985807244934115e-01 4.689926097990634313e-01 -5.677195904767970980e-01 6.765651473016721651e-01 8.387249208992613170e-01 5.263153554059215589e-01 -1.397592706356214909e-01 -2.515208938417696216e-01 1.107769866807274628e+00 1.474165809474326405e+00
1.582115257016635895e+09 -2.657218173961657937e-01 6.467476937287195415e-01 7.149191118013861201e-01 4.774402094826598053e-01 -5.559655265701907156e-01 6.804066281535597893e-01 8.375217980029111553e-01 5.221300163031185049e-01 -1.610511842471541444e-01 -2.544829995840414694e-01 1.105345389236317200e+00 1.481870728745600330e+00
1.582115257016654015e+09 -2.544076231838001689e-01 6.601596345852147607e-01 7.067290981224042534e-01 4.861113479950104344e-01 -5.444544993210163053e-01 6.835678865483569844e-01 8.360457634708791108e-01 5.174539158572560860e-01 -1.823977147568509316e-01 -2.573813758559899134e-01 1.103227176770075646e+00 1.489689330527960598e+00
1.582115257016679049e+09 -2.428157448951732966e-01 6.732361904360358862e-01 6.984221831534256353e-01 4.949833137458615195e-01 -5.332047865345049820e-01 6.860642642861316531e-01 8.342853427606733430e-01 5.122945319896218264e-01 -2.037701630523347518e-01 -2.602103069484343334e-01 1.101399731513908131e+00 1.497606118740788750e+00
1.582115257016696930e+09 -2.309642642057692652e-01 6.859796275972844803e-01 6.899909123923299026e-01 5.040347188468393691e-01 -5.222306921005469560e-01 6.879128625238690731e-01 8.322286409743206992e-01 5.066626636651658799e-01 -2.251409211846864822e-01 -2.629648445558385172e-01 1.099847534372397684e+00 1.505607440475352776e+00
1.582115257016715050e+09 -2.188734325481853926e-01 6.983923887297482924e-01 6.814268059678548761e-01 5.132454623388180703e-01 -5.115425472139725205e-01 6.891322933799184369e-01 8.298635525881592478e-01 5.005719666110055588e-01 -2.464836512450368500e-01 -2.656407224233134912e-01 1.098555325416855188e+00 1.513681337709663399e+00
1.582115257016732931e+09 -2.065655072667422765e-01 7.104772559135337229e-01 6.727204174393923708e-01 5.225966604514423741e-01 -5.011467714411603769e-01 6.897424475553999290e-01 8.271779867076060055e-01 4.940384421341069698e-01 -2.677734042099612632e-01 -2.682342628711631982e-01 1.097508323329000390e+00 1.521817385734963279e+00
1.582115257016750097e+09 -1.940645752069944385e-01 7.222375093704626048e-01 6.638613716060767223e-01 5.320705450346859822e-01 -4.910459800888185011e-01 6.897642934696722739e-01 8.241601032306757890e-01 4.870798964231501937e-01 -2.889866757228612415e-01 -2.707422799511846057e-01 1.096692389235787379e+00 1.530006527617874035e+00
1.582115257016767979e+09 -1.813963657810813423e-01 7.336770721364964665e-01 6.548383864017565115e-01 5.416503373682964861e-01 -4.812391347385255869e-01 6.892197089648104402e-01 8.207985565966632313e-01 4.797153833472116435e-01 -3.101014035295666105e-01 -2.731619832408119786e-01 1.096094140735334399e+00 1.538240911481800977e+00
1.582115257016784906e+09 -1.685880573077854772e-01 7.448006332798475793e-01 6.456392828830559427e-01 5.513201037737621713e-01 -4.717217315252250631e-01 6.881313473330101793e-01 8.170827437346696032e-01 4.719646434590356043e-01 -3.310969121235424195e-01 -2.754908860883215627e-01 1.095701021058563374e+00 1.546513735143846047e+00
1.582115257016803980e+09 -1.556679780464045038e-01 7.556136905781443147e-01 6.362510756175130400e-01 5.610646278770667905e-01 -4.624861251334700940e-01 6.865224449388447336e-01 8.130030528583366278e-01 4.638475338648912483e-01 -3.519538341496205591e-01 -2.777267214712471621e-01 1.095501328934869179e+00 1.554819101246131208e+00
1.582115257016820908e+09 -1.426651272444942331e-01 7.661224589528001783e-01 6.266602264058643845e-01 5.708693268925354447e-01 -4.535220779459431251e-01 6.844164933938031714e-01 8.085510949113853263e-01 4.553834677569545408e-01 -3.726540275018990211e-01 -2.798673672410028623e-01 1.095484216442957681e+00 1.563151885039556266e+00
1.582115257016839027e+09 -1.296086564595895219e-01 7.763337049284944058e-01 6.168529604090098317e-01 5.807201819479731464e-01 -4.448174036267549813e-01 6.818368923061276510e-01 8.037198930285595067e-01 4.465909269402965620e-01 -3.931804643251022302e-01 -2.819107811345743508e-01 1.095639662876314313e+00 1.571507615944927938e+00
1.582115257016855955e+09 -1.165271719771415054e-01 7.862544235032479234e-01 6.068157872989189405e-01 5.906037395860932460e-01 -4.363588516778997839e-01 6.788064343757204133e-01 7.985040018551440300e-01 4.374870673363567275e-01 -4.135171398344809068e-01 -2.838549457048438196e-01 1.095958430890522806e+00 1.579882372895076603e+00
1.582115257016874075e+09 -1.034478152350295499e-01 7.958913195845285227e-01 5.965362997636599607e-01 6.005072205122063966e-01 -4.281332930079145282e-01 6.753465492112297186e-01 7.928995066441356654e-01 4.280874803481709012e-01 -4.336490303630067822e-01 -2.856978236072925115e-01 1.096432009208514025e+00 1.588272692764474803e+00
1.582115257016892910e+09 -9.039522044711713333e-02 8.052501409080926598e-01 5.860041934068699332e-01 6.104187347077916215e-01 -4.201291103417597039e-01 6.714763577087377033e-01 7.869038520929534375e-01 4.184061916530266712e-01 -4.535621085913342787e-01 -2.874373229739916602e-01 1.097052546288239228e+00 1.596675491023600735e+00
1.582115257016911030e+09 -7.739055823843674076e-02 8.143349888505023726e-01 5.752123324755975542e-01 6.203275619220208759e-01 -4.123375596097273443e-01 6.672117001788775426e-01 7.805154818554598251e-01 4.084559497321585408e-01 -4.732434043010795843e-01 -2.890712711665311963e-01 1.097812780220215778e+00 1.605087993657812406e+00
1.582115257016927958e+09 -6.445083140882532091e-02 8.231477244424146855e-01 5.641577031988552760e-01 6.302244525395180874e-01 -4.047538987123963650e-01 6.625642768056486664e-01 7.737333066067246801e-01 3.982487981463904148e-01 -4.926810987083989346e-01 -2.905973950717799514e-01 1.098705968746161554e+00 1.613507679102117010e+00
1.582115257016947031e+09 -5.158843289195277904e-02 8.316874937067085805e-01 5.528422436882224345e-01 6.401019411617732136e-01 -3.973782568912366808e-01 6.575408929272951175e-01 7.665560243799841578e-01 3.877968975695811338e-01 -5.118646576237672052e-01 -2.920133063479212754e-01 1.099725821818307248e+00 1.621932228815168076e+00
1.582115257016963959e+09 -3.881090883865102870e-02 8.399503430587226260e-01 5.412736226284020624e-01 6.499546839658966180e-01 -3.902163121140879709e-01 6.521427286656537037e-01 7.589813055315914880e-01 3.771135783265733843e-01 -5.307850100534338145e-01 -2.933164917602296695e-01 1.100866436484140509e+00 1.630359485122165886e+00
1.582115257016980886e+09 -2.612099860983655916e-02 8.479289732251145129e-01 5.294659099504420707e-01 6.597797712445151452e-01 -3.832797042371821616e-01 6.463646971926961804e-01 7.510048913879694421e-01 3.662145883057095208e-01 -5.494347353649561283e-01 -2.945043083929364536e-01 1.102122234387951094e+00 1.638787415245910983e+00
1.582115257016999006e+09 -1.351703326120895325e-02 8.556126906690033618e-01 5.174400577657140010e-01 6.695769433869843690e-01 -3.765860938683075476e-01 6.401949943495074402e-01 7.426196918321119611e-01 3.551194692970510158e-01 -5.678082033851707955e-01 -2.955739832324225658e-01 1.103487902413506472e+00 1.647214080629140209e+00
1.582115257017015934e+09 -9.937869926041169311e-04 8.629876382606292973e-01 5.052240578192771503e-01 6.793486070278935696e-01 -3.701587403478800997e-01 6.336150069829025178e-01 7.338150192774088865e-01 3.438529382687804947e-01 -5.859015909937077549e-01 -2.965226172700327067e-01 1.104958336281182341e+00 1.655637610803773141e+00
1.582115257017035007e+09 1.145642148659844171e-02 8.700371681392620182e-01 4.928529968109724990e-01 6.890996973078677978e-01 -3.640258335617218011e-01 6.265993932892935936e-01 7.245759846816101080e-01 3.324462641669626572e-01 -6.037127825930480585e-01 -2.973471945891743573e-01 1.106528586780345380e+00 1.664056181259285117e+00
1.582115257017052889e+09 2.384236783041773777e-02 8.767423821035154052e-01 4.803689591577646745e-01 6.988373286695238606e-01 -3.582195374810242527e-01 6.191164276818515999e-01 7.148831579738403885e-01 3.209385585949411368e-01 -6.212411062176155241e-01 -2.980445972877933114e-01 1.108193808239869682e+00 1.672467994967802740e+00
1.582115257017071009e+09 3.617231748345658277e-02 8.830828684029329301e-01 4.678207038853091082e-01 7.085701807789610562e-01 -3.527746987661116718e-01 6.111287187016839484e-01 7.047126097630754815e-01 3.093778586880327475e-01 -6.384868661113234367e-01 -2.986116272522232329e-01 1.109949209032615958e+00 1.680871267424215443e+00
1.582115257017087936e+09 4.845223072744352100e-02 8.890376673914888173e-01 4.552630089291869742e-01 7.183075780131549237e-01 -3.477271722317648028e-01 6.025944216977023871e-01 6.940364577648060473e-01 2.978218253477520339e-01 -6.554506508059549930e-01 -2.990450354001574773e-01 1.111790004481954863e+00 1.689264215201473407e+00
1.582115257017106056e+09 6.068394435910225843e-02 8.945864246844322798e-01 4.427556749155992510e-01 7.280583039245588362e-01 -3.431118332293373041e-01 5.934689343049984744e-01 6.828239633930534014e-01 2.863379099438186914e-01 -6.721324544666357204e-01 -2.993415582861853608e-01 1.113711373126130111e+00 1.697645048072517815e+00
1.582115257017122984e+09 7.286349975878719798e-02 8.997107069655430056e-01 4.303621198213034016e-01 7.378292102842248790e-01 -3.389603257716499174e-01 5.837070789400676807e-01 6.710431929872421319e-01 2.750028023984608105e-01 -6.885306760200423648e-01 -2.994979614018468128e-01 1.115708417543856079e+00 1.706011964742387033e+00
1.582115257017139912e+09 8.497989454056055492e-02 9.043953175288437230e-01 4.181477336521137178e-01 7.476238212608202760e-01 -3.352987995953736200e-01 5.732655029511918299e-01 6.586630697158247782e-01 2.639011645000284290e-01 -7.046411398507698154e-01 -2.995110874667429868e-01 1.117776131266138062e+00 1.714363152117303724e+00
1.582115257017158031e+09 9.701441667660112844e-02 9.086295158137271955e-01 4.061780471069706966e-01 7.574410910805107200e-01 -3.321457881119960209e-01 5.621051227153501806e-01 6.456556330582650105e-01 2.531236425825151293e-01 -7.204562617314300699e-01 -2.993779073458391338e-01 1.119909373162180311e+00 1.722696787876718538e+00
1.582115257017174959e+09 1.089406819766148005e-01 9.124079848124471148e-01 3.945169160677163278e-01 7.672745150821750348e-01 -3.295104608183058170e-01 5.501933066816910856e-01 6.319982170196882798e-01 2.427643414187213577e-01 -7.359644884242760865e-01 -2.990955706934109171e-01 1.122102850352956649e+00 1.731011045915223701e+00
1.582115257017191887e+09 1.207253566933111366e-01 9.157314426675272623e-01 3.832248858880961118e-01 7.771117202129448343e-01 -3.273914035321294769e-01 5.375055750422990108e-01 6.176752889335226371e-01 2.329179980293069607e-01 -7.511500806343870407e-01 -2.986614527423854804e-01 1.124351110320410241e+00 1.739304103953506653e+00
1.582115257017211914e+09 1.323294335989360637e-01 9.186068664841345877e-01 3.723578196496027948e-01 7.869345612468525708e-01 -3.257759807719697309e-01 5.240267232383263307e-01 6.026797800812209172e-01 2.236770779559874855e-01 -7.659932424509106053e-01 -2.980731945504471736e-01 1.126648541842549367e+00 1.747574152538857728e+00
1.582115257017229080e+09 1.437098750679333126e-01 9.210473216254870810e-01 3.619658867035646099e-01 7.967196918188755861e-01 -3.246402975046521200e-01 5.097513216311847506e-01 5.870138026282833987e-01 2.151290509561084863e-01 -7.804705548326240638e-01 -2.973287342499932318e-01 1.128989383828840731e+00 1.755819404539858741e+00
1.582115257017246962e+09 1.548213916841861826e-01 9.230713728788879635e-01 3.520931371825912759e-01 8.064395656179081939e-01 -3.239497746117538379e-01 4.946835054209974269e-01 5.706886749209917342e-01 2.073542478541180456e-01 -7.945556319200769435e-01 -2.964263278735378426e-01 1.131367740459858551e+00 1.764038104277137808e+00
1.582115257017263889e+09 1.656181209423873146e-01 9.247022383760381548e-01 3.427774910353362237e-01 8.160636607175315582e-01 -3.236601265048541509e-01 4.788363229411236599e-01 5.537244257497644373e-01 2.004242821014325104e-01 -8.082198756986592736e-01 -2.953645600136426963e-01 1.133777600512476225e+00 1.772228535672552230e+00
1.582115257017281055e+09 1.760550658815265290e-01 9.259668098700234440e-01 3.340510152644441400e-01 8.255597663843620149e-01 -3.237185808166246903e-01 4.622308433695017094e-01 5.361489400389869431e-01 1.944009965403216411e-01 -8.214332393087936390e-01 -2.941423457782930684e-01 1.136212858744855225e+00 1.780389029077329210e+00
1.582115257017297983e+09 1.860892060708772555e-01 9.268946101112788272e-01 3.259404686951187236e-01 8.348952346260829493e-01 -3.240652321660327795e-01 4.448951252828537983e-01 5.179968673482876484e-01 1.893359634366991173e-01 -8.341649347515122104e-01 -2.927589260066689736e-01 1.138667337576166894e+00 1.788517966665191139e+00
1.582115257017314911e+09 1.956802700601400768e-01 9.275167897256515470e-01 3.184679523732883433e-01 8.440380928931391358e-01 -3.246343994632298058e-01 4.268632151299450728e-01 4.993084514151220898e-01 1.852703739534109773e-01 -8.463840492842082952e-01 -2.912138572668871994e-01 1.141134807823547925e+00 1.796613786331736629e+00
1.582115257017333984e+09 2.047911952992846063e-01 9.278652116013078599e-01 3.116515930178658245e-01 8.529579772567914553e-01 -3.253559181788079901e-01 4.081742465426263511e-01 4.801283738355324182e-01 1.822352205495735011e-01 -8.580600614359304990e-01 -2.895069978362968532e-01 1.143609007624321272e+00 1.804674984079961853e+00
1.582115257017352104e+09 2.133883003920643839e-01 9.279716373225176396e-01 3.055062578465047585e-01 8.616268838914311612e-01 -3.261563264463964718e-01 3.888716545020311499e-01 4.605046647010062055e-01 1.802517435328265527e-01 -8.691632543683190937e-01 -2.876384913584000835e-01 1.146083658926812188e+00 1.812700115068264006e+00
1.582115257017369986e+09 2.214412204595595512e-01 9.278670364327988862e-01 3.000442443797566860e-01 8.700197376527779580e-01 -3.269599080024399584e-01 3.690025401731547028e-01 4.404877319245461553e-01 1.793320419309312463e-01 -8.796650366832760026e-01 -2.856087493085870399e-01 1.148552481271876591e+00 1.820687793476057026e+00
