1.582392740429424047e+09 7.925023207757933008e-01 4.284676830560921190e-01 4.339994425612270779e-01 2.949020784173569387e-01 -8.921294458022313023e-01 3.422540227350180930e-01 5.338284703078574056e-01 -1.432497696683174004e-01 -8.333706664985455204e-01 3.440981478640250391e-01 1.656586827581386645e+00 1.601154767055990025e+00
1.582392740429488897e+09 7.855024558441888738e-01 4.203740817543329400e-01 4.541712488189760255e-01 2.874944804688505662e-01 -8.977611730047073690e-01 3.337241374932731763e-01 5.480262909421615980e-01 -1.315694023516581490e-01 -8.260488343932624877e-01 3.384176221860689115e-01 1.655052218032185385e+00 1.607431274416317057e+00
1.582392740429506063e+09 7.778864180174998033e-01 4.123892629784986497e-01 4.741601168863797677e-01 2.805573591532389832e-01 -9.030816502306430182e-01 3.251631917084738532e-01 5.622991098072233074e-01 -1.199109202591812917e-01 -8.181937926396402050e-01 3.324951884818919678e-01 1.653429312883861968e+00 1.613456961180365745e+00
1.582392740429517031e+09 7.696591116720784553e-01 4.045185008079222322e-01 4.939530689508103145e-01 2.740819828138082448e-01 -9.080946992053589018e-01 3.166118822348384931e-01 5.766315275096630666e-01 -1.082995834701223348e-01 -8.097945922908345029e-01 3.263410569805385575e-01 1.651721376556405829e+00 1.619221296530926946e+00
1.582392740429527044e+09 7.608258201736909365e-01 3.967666266529182861e-01 5.135370632515992018e-01 2.680570852955583283e-01 -9.128053361505664709e-01 3.081100733798636249e-01 5.910071660995328546e-01 -9.676085091604305632e-02 -8.008419740188296165e-01 3.199658630665166426e-01 1.649931829564914798e+00 1.624714234468106033e+00
1.582392740429537058e+09 7.513922056814242856e-01 3.891380907086423591e-01 5.328989581546751397e-01 2.624689218300746973e-01 -9.172197080478537989e-01 2.996966336850630519e-01 6.054088026413793067e-01 -8.532029962824509706e-02 -7.913283946358877774e-01 3.133806665909077971e-01 1.648064249280422278e+00 1.629926266155115266e+00
1.582392740429546118e+09 7.413643809636444315e-01 3.816369197867637286e-01 5.520254668903287198e-01 2.573012594909859230e-01 -9.213450681076140736e-01 2.914092094259825294e-01 6.198184544718157163e-01 -7.400356025082864553e-02 -7.812480762009340607e-01 3.065969499044307600e-01 1.646122370323051420e+00 1.634848484869342089e+00
1.582392740429554939e+09 7.307490718771862959e-01 3.742665309518139471e-01 5.709031071567828297e-01 2.525353013557543047e-01 -9.251898028283965791e-01 2.832838687811641276e-01 6.342174039876614655e-01 -6.283623597850321318e-02 -7.705971009084091605e-01 2.996266095376144967e-01 1.644110082649380855e+00 1.639472660095050216e+00
1.582392740429563999e+09 7.195538715507050487e-01 3.670293852812901991e-01 5.895181560204025839e-01 2.481495753078014899e-01 -9.287635086411160090e-01 2.753545592346097193e-01 6.485861656032888556e-01 -5.184375909341227412e-02 -7.593735644807988461e-01 2.924819376773337143e-01 1.642031425779230558e+00 1.643791316442248851e+00
1.582392740429573059e+09 7.077875743637355166e-01 3.599264839815329298e-01 6.078566243006491288e-01 2.441198406898742734e-01 -9.320771054007859213e-01 2.676523360056946577e-01 6.629044071047049957e-01 -4.105113538745536889e-02 -7.475777894812621893e-01 2.851755902862589953e-01 1.639890577798072124e+00 1.647797811261187961e+00
1.582392740429582119e+09 6.954605367940833727e-01 3.529567770548334704e-01 6.259042700719209540e-01 2.404191057974170154e-01 -9.351429453488562249e-01 2.602043914538765823e-01 6.771508660044703865e-01 -3.048254083101113038e-02 -7.352125674762040042e-01 2.777205403349367052e-01 1.637691838314704551e+00 1.651486404205824376e+00
1.582392740429590940e+09 6.825849927658649285e-01 3.461165928330594554e-01 6.436466669046753131e-01 2.370178485475352703e-01 -9.379748650640056251e-01 2.530329859486522559e-01 6.913033105096663133e-01 -2.016077066858005043e-02 -7.222833766641961750e-01 2.701300166055305985e-01 1.635439605258045326e+00 1.654852312518274360e+00
1.582392740429600000e+09 6.691752854181600707e-01 3.393991454452859324e-01 6.610693287829199072e-01 2.338844792789972760e-01 -9.405881550603865104e-01 2.461543680549132807e-01 7.053385624923459440e-01 -1.010656377022736523e-02 -7.087985395237027531e-01 2.624174302351278687e-01 1.633138346024089582e+00 1.657891746742920835e+00
1.582392740429608107e+09 6.552479823685375404e-01 3.327941765885322201e-01 6.781578854747740692e-01 2.309860604502242676e-01 -9.429994283609173245e-01 2.395777911006874150e-01 7.192325920593746202e-01 -3.378459098541749411e-04 -6.947692885991539891e-01 2.545962924987535958e-01 1.630792563994654776e+00 1.660601922781649087e+00
1.582392740429616928e+09 6.408218545016910461e-01 3.262877761605599281e-01 6.948982932214143871e-01 2.282892668847501250e-01 -9.452263808619267849e-01 2.333047353739275132e-01 7.329606820416654234e-01 9.131048732721573635e-03 -6.802097195210256020e-01 2.466801283034549819e-01 1.628406761844355843e+00 1.662981047727514650e+00
1.582392740429625034e+09 6.259176992986977828e-01 3.198624384574081381e-01 7.112770586553893715e-01 2.257615432573067404e-01 -9.472874394359259709e-01 2.273284686813636934e-01 7.464976619463686847e-01 1.829009434349204016e-02 -6.651366124024906679e-01 2.386823905786146227e-01 1.625985403375347582e+00 1.665028279374986653e+00
1.582392740429634094e+09 6.105580314396040764e-01 3.134973466584913826e-01 7.272814475039022231e-01 2.233723733721280358e-01 -9.492013226452514774e-01 2.216340043915038249e-01 7.598181842120736995e-01 2.713416161716400432e-02 -6.495691373631345966e-01 2.306163809185493019e-01 1.623532875768569417e+00 1.666743662558156647e+00
1.582392740429642916e+09 5.947666890253262562e-01 3.071688344486921407e-01 7.428996518843634655e-01 2.210945655929431874e-01 -9.509865540381422511e-01 2.161984438055252200e-01 7.728970039349982724e-01 3.566344321792378619e-02 -6.335284840690024177e-01 2.224951808698123756e-01 1.621053453849823800e+00 1.668128046780529505e+00
1.582392740429651976e+09 5.785683580983080887e-01 3.008510631756139975e-01 7.581208958959607669e-01 2.189054598463234802e-01 -9.526609390299363156e-01 2.109917886934758458e-01 7.857092685322099035e-01 4.388363057863573641e-02 -6.170374156486619910e-01 2.143315971530120323e-01 1.618551267633008717e+00 1.669182991323123977e+00
1.582392740429660082e+09 5.619880557036079916e-01 2.945168806340758283e-01 7.729354644914130379e-01 2.167879407477392439e-01 -9.542410421982142621e-01 2.059782079027357715e-01 7.982308024583503192e-01 5.180579510144543709e-02 -6.001197760456730146e-01 2.061381226247321896e-01 1.616030273914196735e+00 1.669910664857127136e+00
1.582392740429668903e+09 5.450506158815296986e-01 2.881388063857996951e-01 7.873346520903166113e-01 2.147311492300568447e-01 -9.557417051852573620e-01 2.011176932045452281e-01 8.104383750032573275e-01 5.944595212621279351e-02 -5.827999820678919640e-01 1.979269132073387671e-01 1.613494232161482023e+00 1.670313746828455459e+00
1.582392740429677963e+09 5.277802179890009882e-01 2.816900773596464624e-01 8.013106400248243277e-01 2.127308051183995352e-01 -9.571756431799058884e-01 1.963680031390374614e-01 8.223099452478523919e-01 6.682431009965376922e-02 -5.651025265618387916e-01 1.897097794919736791e-01 1.610946684410700103e+00 1.670395336658998753e+00
1.582392740429686069e+09 5.101999848716831654e-01 2.751456859108809549e-01 8.148563228949684545e-01 2.107890795866631806e-01 -9.585531518259113870e-01 1.916867732829286575e-01 8.338248853112143477e-01 7.396422546936802511e-02 -5.470515094456838145e-01 1.814981906663439282e-01 1.608390938467262332e+00 1.670158874047703801e+00
1.582392740429694891e+09 4.923317131461462104e-01 2.684832423957880798e-01 8.279651156803177203e-01 2.089140603114358896e-01 -9.598819661480281207e-01 1.870334902309962744e-01 8.449641410350170467e-01 8.089103545188877642e-02 -5.286702571062370515e-01 1.733032880894764538e-01 1.605830053569835991e+00 1.669608071697339158e+00
1.582392740429702997e+09 4.741957232959529978e-01 2.616836314859714019e-01 8.406307709216902513e-01 2.071188649325529096e-01 -9.611672660320754735e-01 1.823712216811619602e-01 8.557103433972920170e-01 8.763083772722632392e-02 -5.099810236492802185e-01 1.651359058176225802e-01 1.603266827690420504e+00 1.668746861592697250e+00
1.582392740429712057e+09 4.558108111401459883e-01 2.547314423308446596e-01 8.528472294239001217e-01 2.054204820276673837e-01 -9.624118154093996846e-01 1.776680137895074452e-01 8.660478797453854405e-01 9.420928748517723439e-02 -4.910047659038276335e-01 1.570065952557985478e-01 1.600703785676126811e+00 1.667579356412034031e+00
1.582392740429721117e+09 4.371942836519226439e-01 2.476151567563782130e-01 8.646085197861355098e-01 2.038384486602342061e-01 -9.636162159542315253e-01 1.728978750529976405e-01 8.759629245521933782e-01 1.006504967429042996e-01 -4.717609906674711251e-01 1.489256510297830294e-01 1.598143167469412429e+00 1.666109826644792458e+00
1.582392740429729939e+09 4.183620596646037137e-01 2.403271006433114199e-01 8.759087119841386659e-01 2.023934878276661409e-01 -9.647792472754896931e-01 1.680413047780150992e-01 8.854434273957160206e-01 1.069761128614613727e-01 -4.522676731305537712e-01 1.409031352757393885e-01 1.595586915758482771e+00 1.664342693066124479e+00
1.582392740429738998e+09 3.993288234890653432e-01 2.328631710498564045e-01 8.867419209102257449e-01 2.011062543858183060e-01 -9.658982588163911309e-01 1.630853398143964628e-01 8.944790468076085910e-01 1.132046694447528951e-01 -4.325412554175303015e-01 1.329488979642012569e-01 1.593036662609430554e+00 1.662282532736675256e+00
1.582392740429747105e+09 3.801082162504970108e-01 2.252223838842633274e-01 8.971023474144080856e-01 1.999963218541252197e-01 -9.669695716287562970e-01 1.580231590271758413e-01 9.030610251714807912e-01 1.193512687055023891e-01 -4.125967274163874210e-01 1.250725913345479834e-01 1.590493714880826692e+00 1.659934096312547513e+00
1.582392740429755926e+09 3.607130424923003509e-01 2.174063202057638089e-01 9.069843399478297874e-01 1.990814770096482056e-01 -9.679888502562364883e-01 1.528533653253154323e-01 9.111820161129522422e-01 1.254275795597590837e-01 -3.924477746123496424e-01 1.172836773025814350e-01 1.587959038507278375e+00 1.657302333254364601e+00
1.582392740429764032e+09 3.411554686863817465e-01 2.094185555517855402e-01 9.163824609714128488e-01 1.983773133385767495e-01 -9.689514178215236084e-01 1.475791023628863774e-01 9.188358872714900150e-01 1.314420727631801789e-01 -3.721069654948471750e-01 1.095914278661528629e-01 1.585433242050420688e+00 1.654392420236016070e+00
1.582392740429773092e+09 3.214471903430912159e-01 2.012641452372112838e-01 9.252915473851986983e-01 1.978970296617226510e-01 -9.698525076678071732e-01 1.422071693746178866e-01 9.260175319461447785e-01 1.374003537565174071e-01 -3.515859401568695586e-01 1.020049189032762732e-01 1.582916560091706559e+00 1.651209789786095561e+00
1.582392740429781914e+09 3.015995524658812710e-01 1.929492026438769658e-01 9.337067607934987912e-01 1.976512990127086145e-01 -9.706874648614406409e-01 1.367472469904460475e-01 9.327227208291797300e-01 1.433054456745246341e-01 -3.308955655324813949e-01 9.453301730237580192e-02 1.580408837069867234e+00 1.647760158702042510e+00
1.582392740429790020e+09 2.816236215174590107e-01 1.844805650548879128e-01 9.416236280597607422e-01 1.976480951620911697e-01 -9.714519208598229039e-01 1.312112645185795901e-01 9.389480104256036075e-01 1.491579249480214919e-01 -3.100460403601609793e-01 8.718436111161108337e-02 1.577909512195472042e+00 1.644049556289469471e+00
1.582392740429797888e+09 2.615302228397092255e-01 1.758655111625045953e-01 9.490380732747045744e-01 1.978924555811403807e-01 -9.721419577610885820e-01 1.256128575604877062e-01 9.446906999465407573e-01 1.549559161309978506e-01 -2.890469607010693887e-01 7.996733206032212438e-02 1.575417606112683888e+00 1.640084352808209633e+00
1.582392740429807901e+09 2.413299567352577557e-01 1.671114986593513485e-01 9.559464414903077190e-01 1.983861826115596583e-01 -9.727542723741786634e-01 1.199668626188169218e-01 9.499488273222805867e-01 1.606949675429023561e-01 -2.679073587556226599e-01 7.289002007430003816e-02 1.572931710079004564e+00 1.635871287551039055e+00
1.582392740429816961e+09 2.210332082174211732e-01 1.582258976279580232e-01 9.623455128928174451e-01 1.991275278183028963e-01 -9.732863397510098658e-01 1.142887943722371569e-01 9.547211888976224747e-01 1.663678640059865488e-01 -2.466357340208426563e-01 6.596017936342583876e-02 1.570449978515150224e+00 1.631417496012968149e+00
1.582392740429826021e+09 2.006501652999561347e-01 1.492157107955653650e-01 9.682325045240307571e-01 2.001109398669861095e-01 -9.737365642876627536e-01 1.085942683331701381e-01 9.590073633245257412e-01 1.719644585983924612e-01 -2.252400987131500387e-01 5.918517632834344178e-02 1.567970125882831356e+00 1.626730534556615426e+00
1.582392740429833889e+09 1.801908585007176156e-01 1.400872917342820823e-01 9.736050560711660973e-01 2.013269791129032038e-01 -9.741043961386448569e-01 1.028983620114801711e-01 9.628077180798142454e-01 1.774716205986937301e-01 -2.037280586665141391e-01 5.257192981348040445e-02 1.565489428891512436e+00 1.621818401021487555e+00
1.582392740429842949e+09 1.596652282220170360e-01 1.308460912372452767e-01 9.784611976490259488e-01 2.027624902690933206e-01 -9.743903871002188577e-01 9.721494775274677758e-02 9.661233810630536212e-01 1.828733822474687687e-01 -1.821069428349338659e-01 4.612684406105282964e-02 1.563004735049763338e+00 1.616689550365423944e+00
1.582392740429852009e+09 1.390832212314458693e-01 1.214964794060302694e-01 9.827992994827879913e-01 2.044011331974073253e-01 -9.745961544465197024e-01 9.155606198215643365e-02 9.689561570677639457e-01 1.881513784961664493e-01 -1.603839906302862439e-01 3.985573518945256105e-02 1.560512478585181606e+00 1.611352904028001687e+00
1.582392740429860115e+09 1.184549100030738711e-01 1.120417156403187287e-01 9.866180052343405116e-01 2.062244158085134726e-01 -9.747242085887245500e-01 8.593141169289214565e-02 9.713083571248842807e-01 1.932857241171100637e-01 -1.385666057602990553e-01 3.376375305561579027e-02 1.558008704677616540e+00 1.605817850930115975e+00
1.582392740429868937e+09 9.779060696594588098e-02 1.024841277197339751e-01 9.899161584471833919e-01 2.082131963024295707e-01 -9.747776352799026878e-01 8.034815893137195464e-02 9.731825430384645204e-01 1.982563121912374882e-01 -1.166626444136386748e-01 2.785530122563007610e-02 1.555489102741429930e+00 1.600094237914546413e+00
1.582392740429877996e+09 7.710093567383208280e-02 9.282552320984062411e-02 9.926927359254398286e-01 2.103494901916830861e-01 -9.747596584325542990e-01 7.481109722873188761e-02 9.745812114412991667e-01 2.030444053238119051e-01 -9.468068320621562950e-02 2.213395742524596269e-02 1.552949049262699610e+00 1.594192348696684691e+00
1.582392740429886103e+09 5.639682373213036892e-02 8.306782306713592079e-02 9.949468001073917822e-01 2.126183942397388282e-01 -9.746731255629469404e-01 6.932327701640547679e-02 9.755064411391309864e-01 2.076343783584106983e-01 -7.263021561233662382e-02 1.660239618480225179e-02 1.550383660526537755e+00 1.588122871472601894e+00
1.582392740429894924e+09 3.568939214396558979e-02 7.321389384396369271e-02 9.966774769386307353e-01 2.150099842961649688e-01 -9.745199568048988903e-01 6.388709135630755986e-02 9.759595144991770610e-01 2.120155172086122808e-01 -5.052174305617392752e-02 1.126231633636423819e-02 1.547787855241842925e+00 1.581896854685297837e+00
1.582392740429903984e+09 1.498973039079829622e-02 6.326853825446769608e-02 9.978839612150031124e-01 2.175210410108359971e-01 -9.743006049478646347e-01 5.850579386541832766e-02 9.759405231367891398e-01 2.161837719752219555e-01 -2.836674169209540963e-02 6.114376234329811990e-03 1.545156426708258035e+00 1.575525650758267115e+00
1.582392740429913044e+09 -5.691430597247682660e-03 5.323958603247558319e-02 9.985655482225885837e-01 2.201564462601415528e-01 -9.740135804311295109e-01 5.318537680492368969e-02 9.754479723634802424e-01 2.201433433354417213e-01 -6.177507367456877042e-03 1.158139500850937850e-03 1.542484123799786833e+00 1.569020848108650057e+00
1.582392740429920912e+09 -2.634410844544664634e-02 4.313902703857812326e-02 9.987216891089605308e-01 2.229301293967191344e-01 -9.736550875751859291e-01 4.793670666801045505e-02 9.744783965576498952e-01 2.239080051834375640e-01 1.603308633580030618e-02 -3.607965664445152848e-03 1.539765739572293679e+00 1.562394191964655121e+00
1.582392740429929972e+09 -4.695946165955732637e-02 3.298415978623000372e-02 9.983520692441947286e-01 2.258655328998240008e-01 -9.732187929321266529e-01 4.277782289554706713e-02 9.730259862967413076e-01 2.275021456757285732e-01 3.825184576570980072e-02 -8.186669838699867086e-03 1.536996205611979693e+00 1.555657494507030947e+00
1.582392740429944992e+09 -6.753010312913754198e-02 2.279872983109971704e-02 9.974567174017299198e-01 2.289955569716249084e-01 -9.726957422140303233e-01 3.773629507568495439e-02 9.710822416556076364e-01 2.309614924547923331e-01 6.046543594909734032e-02 -1.258186427343656842e-02 1.534170689446559877e+00 1.548822535312510462e+00
1.582392740429955006e+09 -8.805024142691222910e-02 1.261404952188004136e-02 9.960361643734422232e-01 2.323619740193406946e-01 -9.720744257957542045e-01 3.285154096535326113e-02 9.686356735196107737e-01 2.343335154618532146e-01 8.266036242899843511e-02 -1.679857773682565808e-02 1.531284691643569396e+00 1.541900954050790196e+00
1.582392740429964066e+09 -1.085155536700629364e-01 2.470107432282340598e-03 9.940916824827848997e-01 2.360143285048403872e-01 -9.713409762975681039e-01 2.817702088280242892e-02 9.656715856606831183e-01 2.376775259354564906e-01 1.048226230984312113e-01 -2.084292622585668525e-02 1.528334138850670598e+00 1.534904138601437484e+00
1.582392740429971933e+09 -1.289226958800211709e-01 -7.583331781820600026e-03 9.916256509221040849e-01 2.400083189173176923e-01 -9.704794759465192877e-01 2.378221220188609861e-02 9.621719936362091996e-01 2.410644723843528292e-01 1.269368930480587465e-01 -2.472203459016968433e-02 1.525315468684645293e+00 1.527843112355464550e+00
1.582392740429980993e+09 -1.492683697507270202e-01 -1.748564431207048214e-02 9.886421020953951588e-01 2.444036557948731647e-01 -9.694723423092725945e-01 1.975425350832683835e-02 9.581157585732871240e-01 2.445764292418907970e-01 1.489851114487900363e-01 -2.844392912341323770e-02 1.522225701644253304e+00 1.520728424474602436e+00
1.582392740429989100e+09 -1.695478931342158380e-01 -2.716427372008101138e-02 9.851475088369984201e-01 2.492614268627139362e-01 -9.683007426690902752e-01 1.619916124646036612e-02 9.534790259950937097e-01 2.483058073830850532e-01 1.709443564670758975e-01 -3.201740075058004398e-02 1.519062494564520360e+00 1.513570047254452877e+00
1.582392740429997921e+09 -1.897532417115879722e-01 -3.653375376675722930e-02 9.811518700468759846e-01 2.546408977216308434e-01 -9.669450098461420673e-01 1.324239938404498523e-02 9.482361100843710311e-01 2.523541812014367669e-01 1.927839380315458095e-01 -3.545184041251465273e-02 1.515824170110579461e+00 1.506377285485310802e+00
1.582392740430006027e+09 -2.098705777626381497e-01 -4.549501214960543355e-02 9.766701308323165742e-01 2.605956497208093414e-01 -9.653850427116157373e-01 1.102844756112507547e-02 9.423609966125880977e-01 2.568305339689511690e-01 2.144617189275760116e-01 -3.875705053989623311e-02 1.512509717266624421e+00 1.499158703125202052e+00
1.582392740430015087e+09 -2.298773787108376876e-01 -5.393510963204400238e-02 9.717239292654348271e-01 2.671691259340604474e-01 -9.636006425087414451e-01 9.719048551591408930e-03 9.358296046317382544e-01 2.618488222360167428e-01 2.359197859216421445e-01 -4.194303875403982557e-02 1.509118758674014460e+00 1.491922072565646573e+00
1.582392740430023909e+09 -2.497393737671339820e-01 -6.172757089213944809e-02 9.663435994424128817e-01 2.743897652119043351e-01 -9.615717340844198713e-01 9.489834417255798432e-03 9.286229062100016529e-01 2.675247786699476160e-01 2.570797363867179941e-01 -4.501980136363687574e-02 1.505651481596329777e+00 1.484674351237821766e+00
1.582392740430032969e+09 -2.694075807864930727e-01 -6.873341784617906236e-02 9.605702851365141015e-01 2.822660420974261730e-01 -9.592784283676407675e-01 1.052512934098354981e-02 9.207309253489834866e-01 2.739719221755411160e-01 2.778379905025599728e-01 -4.799710578744352529e-02 1.502108530750970949e+00 1.477421689615197931e+00
1.582392740430041075e+09 -2.888157732154612578e-01 -7.480294241783060072e-02 9.544579450918821983e-01 2.907818444042755690e-01 -9.567009124630997396e-01 1.301088227803184026e-02 9.121575346985797417e-01 2.812967897059641120e-01 2.980616513321691641e-01 -5.088428228757598676e-02 1.498490863118492111e+00 1.470169473698903051e+00
1.582392740430049896e+09 -3.078787069389535280e-01 -7.977835843827724149e-02 9.480749523851270677e-01 2.998925826346983126e-01 -9.538192442665659465e-01 1.712565759408182786e-02 9.029258777412964010e-01 2.895932713181212370e-01 3.175855735287415604e-01 -5.369003624068830610e-02 1.494799567122685469e+00 1.462922403838200713e+00
1.582392740430058956e+09 -3.264914106468920219e-01 -8.349737344891411395e-02 9.415049375349263672e-01 3.095225402142581239e-01 -9.506131819350793766e-01 2.302988126771555663e-02 8.930840698801726374e-01 2.989360583127789739e-01 3.362113578806498748e-01 -5.642229182152631167e-02 1.491035650590596839e+00 1.455684610340068907e+00
1.582392740430067062e+09 -3.445298190476625000e-01 -8.579785384817396887e-02 9.348464751304781384e-01 3.195639145727464658e-01 -9.470622785094782170e-01 3.085360802319053394e-02 8.827106594408864471e-01 3.093731871070422579e-01 3.537090934793549191e-01 -5.908807740401502556e-02 1.487199804293731775e+00 1.448459804920048555e+00
1.582392740430075884e+09 -3.618530152649920284e-01 -8.652373759151296695e-02 9.282112034331423400e-01 3.298780257843488273e-01 -9.431465147443052199e-01 4.068340977595552577e-02 8.719190807918574260e-01 3.209178937987806624e-01 3.698226899369546072e-01 -6.169346183833603059e-02 1.483292150400932430e+00 1.441251465586580016e+00
1.582392740430083990e+09 -3.783072733952274058e-01 -8.553215117440701731e-02 9.217200540369238082e-01 3.402991406197808377e-01 -9.388477190596569155e-01 5.254955100338722790e-02 8.608600942025395053e-01 3.335404196396951626e-01 3.842794382706108958e-01 -6.424354889350882003e-02 1.479311987636266146e+00 1.434063051065881167e+00
1.582392740430093050e+09 -3.937319955622144985e-01 -8.270156188465362102e-02 9.154974425603830124e-01 3.506411224915367830e-01 -9.341519388841538207e-01 6.641504571718734318e-02 8.497210829967744017e-01 3.471607793837816480e-01 3.968040755459372182e-01 -6.674253418889806999e-02 1.475257546629632488e+00 1.426898239584673433e+00
1.582392740430102110e+09 -4.079674404307789271e-01 -7.794045618000956799e-02 9.096635932261060153e-01 3.607067635166377184e-01 -9.290527137452405659e-01 8.216864266092593905e-02 8.387211683882186408e-01 3.616439414322513146e-01 4.071369073472624889e-01 -6.919382566234738574e-02 1.471125770390249388e+00 1.419761185699188299e+00
1.582392740430109978e+09 -4.208638094830589593e-01 -7.119559165075034501e-02 9.043256280782621115e-01 3.702991275467222843e-01 -9.235548876640152782e-01 9.962392087664546925e-02 8.281015698610763032e-01 3.767990939519949012e-01 4.150544937619897734e-01 -7.160022522683254231e-02 1.466912136215341445e+00 1.412656787686634496e+00
1.582392740430119038e+09 -4.322908764053465247e-01 -6.245854629414957643e-02 8.995685233342328724e-01 3.792336332868480597e-01 -9.176782684449338312e-01 1.185261448320790167e-01 8.181115141358369369e-01 3.923844105215986144e-01 4.203903243646485710e-01 -7.396416489566542962e-02 1.462610534984083221e+00 1.405590957301313448e+00
1.582392740430126905e+09 -4.421471591516613064e-01 -5.176938609992697699e-02 8.954472738911566365e-01 3.873492177527833036e-01 -9.114602102334916633e-01 1.385671991064414688e-01 8.089910216815324739e-01 4.081178945177485473e-01 4.230523738433160097e-01 -7.628798651336146652e-02 1.458213222625577732e+00 1.398570883223673178e+00
1.582392740430135965e+09 -4.503676246729411692e-01 -3.921658106563576107e-02 8.919815370387610409e-01 3.945169879114310274e-01 -9.049561594310364665e-01 1.594073265501696757e-01 8.009527756969587742e-01 4.236937682795897109e-01 4.230345633937279137e-01 -7.857425041183221937e-02 1.453710856251411387e+00 1.391605279347213786e+00
1.582392740430145025e+09 -4.569289823634763437e-01 -2.493271988903588907e-02 8.891536788188769691e-01 4.006452571251186701e-01 -8.982374628624885116e-01 1.807009636228315841e-01 7.941657780465807281e-01 4.388027116949468343e-01 4.204199057966997999e-01 -8.082605510174802055e-02 1.449092623774948185e+00 1.384704609280057896e+00
1.582392740430154085e+09 -4.618518297828585473e-01 -9.086214361442324430e-03 8.869105524440369370e-01 4.056806251644259897e-01 -8.913862953696279900e-01 2.021229892765057656e-01 7.887433788586079020e-01 4.531532998194352513e-01 4.153744926817926064e-01 -8.304734790492186713e-02 1.444346470696564744e+00 1.377881279287870075e+00
1.582392740430161953e+09 -4.651994275006072210e-01 8.129954032853124735e-03 8.851685695403762599e-01 4.096056587251779013e-01 -8.844882282307691135e-01 2.233915362364972956e-01 7.847373426785723138e-01 4.664916697755298047e-01 4.081333422264240007e-01 -8.524320591973841288e-02 1.439459422427500801e+00 1.371149792844541748e+00
1.582392740430171013e+09 -4.670733677911600434e-01 2.651085661569784965e-02 8.838210472619381086e-01 4.124344019428073937e-01 -8.776234991001813368e-01 2.442843792012759918e-01 7.821383082262565178e-01 4.786169327446243571e-01 3.989805740836262493e-01 -8.742006786225581250e-02 1.434417996018631181e+00 1.364526860352971882e+00
1.582392740430179119e+09 -4.676067458900102780e-01 4.585189934438654163e-02 8.827465856778907716e-01 4.142071660805523026e-01 -8.708583048093948564e-01 2.646473814577917083e-01 7.808817802755499971e-01 4.893908624730342050e-01 3.882270327559557699e-01 -8.958589956636919815e-02 1.429208690714641738e+00 1.358031457808228648e+00
1.582392740430187941e+09 -4.669556130027279206e-01 6.595929633995832597e-02 8.818173431684950270e-01 4.149858154040902414e-01 -8.642373838014210108e-01 2.843950025120698388e-01 7.808580078984896922e-01 4.987415319254631663e-01 3.761883249574107246e-01 -9.175027912617031434e-02 1.423818542467238935e+00 1.351684828314631881e+00
1.582392740430197001e+09 -4.652895753189270067e-01 8.665770885799503609e-02 8.809063812892045098e-01 4.148503013771479009e-01 -8.577788232692521442e-01 3.035040655384964037e-01 7.819238061008804141e-01 5.066615555251009484e-01 3.631655677598579768e-01 -9.392439166307020582e-02 1.418235723907100398e+00 1.345510420283423825e+00
1.582392740430205107e+09 -4.627823142881587470e-01 1.077946090074602264e-01 8.798936593997787048e-01 4.138966268323314157e-01 -8.514715956671281560e-01 3.220026460591876583e-01 7.839146075174956430e-01 5.132021473471248818e-01 3.494301705343632047e-01 -9.612092829816833162e-02 1.412450167197245809e+00 1.339533757058907204e+00
1.582392740430213928e+09 -4.596025864376686032e-01 1.292414915156091804e-01 8.786706433080803125e-01 4.122358540784420988e-01 -8.452759847486869260e-01 3.399560415988082118e-01 7.866556191576894452e-01 5.184642190918781202e-01 3.352130522066888441e-01 -9.835388905152676886e-02 1.406454184550993469e+00 1.333782233668686867e+00
1.582392740430222034e+09 -4.559061929793428725e-01 1.508924062905945551e-01 8.771436740509752639e-01 4.099934903003514819e-01 -8.391267366188875920e-01 3.574516160304939683e-01 7.899714432273698961e-01 5.225876018579799220e-01 3.206981716040993025e-01 -1.006382945860338635e-01 1.400243059805159396e+00 1.328284837587749623e+00
1.582392740430231094e+09 -4.518293443275768206e-01 1.726605301045040786e-01 8.752363023488026750e-01 4.073085132043812728e-01 -8.329385191273933620e-01 3.745840338631910016e-01 7.936939074202707944e-01 5.257392554283223385e-01 3.060199611565069255e-01 -1.029898161321973482e-01 1.393815585739875962e+00 1.323071789872675819e+00
1.582392740430238962e+09 -4.474837605863537515e-01 1.944736360979167356e-01 8.728907657175437595e-01 4.043313916746415493e-01 -8.266130987503799155e-01 3.914420910950345278e-01 7.976681074972624685e-01 5.281011170576310754e-01 2.912641420512278589e-01 -1.054243368351300697e-01 1.387174521830411900e+00 1.318174104499415966e+00
1.582392740430248022e+09 -4.429537474834096544e-01 2.162693497233061923e-01 8.700687018628091574e-01 4.012206688075012906e-01 -8.200475305633446732e-01 4.080980550538509388e-01 8.017567913728048667e-01 5.298581092967570294e-01 2.764713936389863735e-01 -1.079574613002209915e-01 1.380326947471415266e+00 1.313623066292930464e+00
1.582392740430257082e+09 -4.382953663724667992e-01 2.379910037434654901e-01 8.667510911179445721e-01 3.981379619230974165e-01 -8.131425913403192984e-01 4.246001524071772448e-01 8.058432447396560727e-01 5.311867922734879732e-01 2.616433767981019565e-01 -1.106039933774425471e-01 1.373284486535193194e+00 1.309449631875430731e+00
1.582392740430264950e+09 -4.335376902455594927e-01 2.595847091055657474e-01 8.629373383598890612e-01 3.952416349871246126e-01 -8.058106188054240393e-01 4.409685891231548416e-01 8.098327735462947929e-01 5.322452681041197620e-01 2.467505896077068495e-01 -1.133774054083464405e-01 1.366063380640160085e+00 1.305683764343559261e+00
1.582392740430274010e+09 -4.286859547967576400e-01 2.809979631344662887e-01 8.586434049562055026e-01 3.926798215403530246e-01 -7.979819140450721271e-01 4.571951690603910934e-01 8.136528190300260643e-01 5.331650866021085955e-01 2.317414087161102365e-01 -1.162893257559288462e-01 1.358684391095431820e+00 1.302353722888346832e+00
1.582392740430283070e+09 -4.237261831975758786e-01 3.021797911967085137e-01 8.538989960561095272e-01 3.905836744114200565e-01 -7.896090532687729535e-01 4.732461687953151142e-01 8.172518063342584238e-01 5.340458002722798803e-01 2.165515371813396817e-01 -1.193490731547217076e-01 1.351172517143130136e+00 1.299485336846799344e+00
1.582392740430290937e+09 -4.186306928639687563e-01 3.230820925800038101e-01 8.487439569427608355e-01 3.890617704252807285e-01 -7.806687416099431509e-01 4.890677403661874978e-01 8.205969057864720417e-01 5.349525935327311688e-01 2.011130052655269174e-01 -1.225632661893048675e-01 1.343556528742288592e+00 1.297101301042543176e+00
1.582392740430299997e+09 -4.133638061311757927e-01 3.436616259475131496e-01 8.432241995058886719e-01 3.881964527139948884e-01 -7.711612029088952269e-01 5.045928192400136458e-01 8.236709767143635119e-01 5.359170513981710293e-01 1.853619058483609028e-01 -1.259355337926761353e-01 1.335868325164197623e+00 1.295220535280086072e+00
1.582392740430309057e+09 -4.078871090967856050e-01 3.638819911088032044e-01 8.373876060581726399e-01 3.880425610949845838e-01 -7.611074704793837631e-01 5.197483902423727375e-01 8.264690417747648787e-01 5.369406996375241103e-01 1.692442260795919140e-01 -1.294663467003556168e-01 1.328142145715470512e+00 1.293857650752086030e+00
1.582392740430318117e+09 -4.021637441681009117e-01 3.837150676838817498e-01 8.312803797212547918e-01 3.886285407976548534e-01 -7.505452416408738836e-01 5.344620636939106939e-01 8.289946804140341241e-01 5.380005456155615429e-01 1.527194577097772121e-01 -1.331529805192487870e-01 1.320413672719899401e+00 1.293022558456669469e+00
1.582392740430325985e+09 -3.961614019756385385e-01 4.031415538459769965e-01 8.249442594186582323e-01 3.899596143885679655e-01 -7.395240641662592651e-01 5.486671647412193487e-01 8.312566647739997316e-01 5.390556984966377030e-01 1.357619651730353483e-01 -1.369896104069531495e-01 1.312719075990341766e+00 1.292720242107931794e+00
1.582392740430335045e+09 -3.898539740181971025e-01 4.221505862468362125e-01 8.184147857132746395e-01 3.920222246202578753e-01 -7.281006448883718951e-01 5.623059899353323177e-01 8.332661365653619701e-01 5.400540097477330992e-01 1.183605179497089627e-01 -1.409675276871953653e-01 1.305094051145302414e+00 1.292950704959216157e+00
1.582392740430342913e+09 -3.832220145013988111e-01 4.407386084791231617e-01 8.117206210253570253e-01 3.947889838338450308e-01 -7.163348365052388811e-01 5.753312613205426862e-01 8.350344578791157879e-01 5.409379641002327599e-01 1.005165317252511015e-01 -1.450754610943081613e-01 1.297572902249749527e+00 1.293709088316859157e+00
1.582392740430351973e+09 -3.762523251979834060e-01 4.589078033493984021e-01 8.048837281300552648e-01 3.982233999264143121e-01 -7.042866095176218977e-01 5.877061301411220517e-01 8.365717611386784824e-01 5.416493327598607133e-01 8.224164873425271471e-02 -1.492999799619245671e-01 1.290187713833794048e+00 1.294985949822131222e+00
1.582392740430360079e+09 -3.689369660182617028e-01 4.766643696563588883e-01 7.979201675642259017e-01 4.022839683051188109e-01 -6.920140588144256810e-01 5.994031625276128317e-01 8.378861044022682947e-01 5.421324756028614855e-01 6.355513312596615394e-02 -1.536259530356445524e-01 1.282967648876885747e+00 1.296767679849821553e+00
1.582392740430368900e+09 -3.612720058277373303e-01 4.940168959262212223e-01 7.908412257495063269e-01 4.069273724668891479e-01 -6.795723349617104336e-01 6.104027810324225145e-01 8.389831055169399976e-01 5.423363790989004229e-01 4.448146314316147459e-02 -1.580370353631846136e-01 1.275938398676333518e+00 1.299037027163127966e+00
1.582392740430380106e+09 -3.532562866069398066e-01 5.109750029253340431e-01 7.836546065445348930e-01 4.121107190026737088e-01 -6.670132816801945808e-01 6.206915798893601899e-01 8.398659126647511908e-01 5.422156659924820543e-01 2.504835915591675441e-02 -1.625161567237921045e-01 1.269121798893988462e+00 1.301773700720142646e+00
1.582392740430389881e+09 -3.448904073549086680e-01 5.275483383115256997e-01 7.763654794358363365e-01 4.177928778970418922e-01 -6.543855161518192798e-01 6.302608249204911806e-01 8.405353758727004410e-01 5.417308805998306553e-01 5.285348739797749579e-03 -1.670459878210351634e-01 1.262535614156964581e+00 1.304955012360997202e+00
1.582392740430397987e+09 -3.361760536384574283e-01 5.437459308303991268e-01 7.689772582240412824e-01 4.239350949112364875e-01 -6.417346982719682735e-01 6.391053217871224268e-01 8.409903068781662272e-01 5.408483518872716500e-01 -1.477714444622425620e-02 -1.716093649601335702e-01 1.256193483894075813e+00 1.308556528115975004e+00
1.582392740430407047e+09 -3.271156754342166573e-01 5.595758382907992656e-01 7.614920985057299641e-01 4.305011196608182766e-01 -6.291038033926108497e-01 6.472226746089549954e-01 8.412277461284347613e-01 5.395398833803840555e-01 -3.510830935429468808e-02 -1.761896587316116314e-01 1.250105013349867678e+00 1.312552698572789112e+00
1.582392740430416107e+09 -3.177124630114052661e-01 5.750450115444296628e-01 7.539111522887670391e-01 4.374570604952912056e-01 -6.165332881162020051e-01 6.546128816848026943e-01 8.412431937735627141e-01 5.377824275136919852e-01 -5.567719090675764954e-02 -1.807710774866908843e-01 1.244275988696154078e+00 1.316917445610079396e+00
1.582392740430423975e+09 -3.079705360615858090e-01 5.901593009659856781e-01 7.462346470122864783e-01 4.447711292177752296e-01 -6.040611070057008147e-01 6.612781726456969933e-01 8.410307910728083147e-01 5.355578199283683727e-01 -7.645279577047993380e-02 -1.853389009191643289e-01 1.238708693016196349e+00 1.321624690114638234e+00
1.582392740430433035e+09 -2.978952696162516789e-01 6.049235560618763108e-01 7.384618471268362683e-01 4.524133719266477116e-01 -5.917225775658683240e-01 6.672230002787729042e-01 8.405834576307471551e-01 5.328525898598152066e-01 -9.740414897376756254e-02 -1.898796428286206872e-01 1.233402297832737027e+00 1.326648809539351825e+00
1.582392740430442095e+09 -2.874936290506291403e-01 6.193417595106928131e-01 7.305909924039264425e-01 4.603554678704188663e-01 -5.795501559981692807e-01 6.724540578244347921e-01 8.398930029815223630e-01 5.296578155835751645e-01 -1.185003879064223942e-01 -1.943811458761592059e-01 1.228353302573568673e+00 1.331965016844535610e+00
1.582392740430450916e+09 -2.767744649551732716e-01 6.334171809975105427e-01 7.226192430085103258e-01 4.685705978782880865e-01 -5.675731694499577262e-01 6.769802745462797366e-01 8.389502311537593293e-01 5.259689840074027734e-01 -1.397109069089184086e-01 -1.988326144935484152e-01 1.223555995626409931e+00 1.337549657936780267e+00
1.582392740430459023e+09 -2.657488021197791372e-01 6.471525724957307713e-01 7.145425964099698657e-01 4.770333399448303813e-01 -5.558174985622577058e-01 6.808128236698515190e-01 8.377450487786484157e-01 5.217858336561572719e-01 -1.610055186713532926e-01 -2.032245944849925268e-01 1.219002913578119962e+00 1.343380429630321338e+00
1.582392740430468082e+09 -2.544300191931940236e-01 6.605503622661011986e-01 7.063558481698207769e-01 4.857196183592388805e-01 -5.443052997529808090e-01 6.839650524712589386e-01 8.362665948574279362e-01 5.171121344264256736e-01 -1.823546620037972688e-01 -2.075489095738988488e-01 1.214685278137107582e+00 1.349436522936717342e+00
1.582392740430475950e+09 -2.428338748188071106e-01 6.736128263905168945e-01 6.980526264995281505e-01 4.946066940809907275e-01 -5.330548328347354259e-01 6.864523023211736019e-01 8.345034016772269192e-01 5.119553743382716515e-01 -2.037296426033742280e-01 -2.117985657084265061e-01 1.210593395440173525e+00 1.355698700006825241e+00
1.582392740430485010e+09 -2.309784325833596219e-01 6.863422527681175556e-01 6.896254604832537938e-01 5.036731528556285253e-01 -5.220803839879918362e-01 6.882916734551201010e-01 8.324435829375389506e-01 5.063263618658216947e-01 -2.251028576136479831e-01 -2.159676333543739668e-01 1.206717008211114495e+00 1.362149315476484102e+00
1.582392740430494070e+09 -2.188839264589129696e-01 6.987411042433803177e-01 6.810658528944795176e-01 5.128988686003972397e-01 -5.113922669381676389e-01 6.895017765782002206e-01 8.300750431897241377e-01 5.002387615496616258e-01 -2.464479744628344238e-01 -2.200511167413347069e-01 1.203045596199474154e+00 1.368772293672990914e+00
1.582392740430501938e+09 -2.065725968321378003e-01 7.108121816737043019e-01 6.723643391960230087e-01 5.222649338016538412e-01 -5.009968839691335551e-01 6.901025004842277211e-01 8.273857027766573502e-01 4.937085827060891385e-01 -2.677400496808799435e-01 -2.240448176902465893e-01 1.199568623726317673e+00 1.375553072247190700e+00
1.582392740430510998e+09 -1.940685139506804768e-01 7.225587826731055818e-01 6.635105255194823082e-01 5.317535580602241740e-01 -4.908968332298757065e-01 6.901148111838867338e-01 8.243637336657239079e-01 4.867536386171332219e-01 -2.889555846660421534e-01 -2.279451998382591715e-01 1.196275736629211606e+00 1.382478522166465273e+00
1.582392740430519104e+09 -1.813973908391029177e-01 7.339848463311968718e-01 6.544931106995232062e-01 5.413479419905241619e-01 -4.810910592062948021e-01 6.895605835998592781e-01 8.209978028590597665e-01 4.793929892146154281e-01 -3.100725231175582852e-01 -2.317492578780419588e-01 1.193156912139008874e+00 1.389536851936804984e+00
1.582392740430527925e+09 -1.685863894925832274e-01 7.450950764999292320e-01 6.452998963688305611e-01 5.510321328984523204e-01 -4.715750409427990619e-01 6.884624675850946618e-01 8.172773200029731511e-01 4.716463799665610024e-01 -3.310701956885091501e-01 -2.354543959299617850e-01 1.190202565190750184e+00 1.396717501562116714e+00
1.582392740430536985e+09 -1.556638218385404671e-01 7.558949845470220863e-01 6.359178774869309603e-01 5.607908970871054999e-01 -4.623411160430394573e-01 6.868436955818139067e-01 8.131926858468775388e-01 4.635336716495829790e-01 -3.519292413713991374e-01 -2.390583182426734010e-01 1.187403615652030009e+00 1.404011030773547608e+00
1.582392740430545092e+09 -1.426586708456513974e-01 7.663907978686221867e-01 6.263334962901651037e-01 5.706096361468401268e-01 -4.533790299264885415e-01 6.847277549212130721e-01 8.087355233751770678e-01 4.550742798329001082e-01 -3.726315245194889991e-01 -2.425589337535754564e-01 1.184751522697718329e+00 1.411409005964052277e+00
