1.583524528704447031e+09 3.268569510753576157e-01 2.445530059657945454e-01 9.128846372598884429e-01 1.889173138700488974e-01 -9.633515770044357440e-01 1.904310573814300966e-01 9.259993424310560828e-01 1.102159987323461238e-01 -3.610784562565470535e-01 1.122061010120176811e-01 1.600834005342686384e+00 1.656407729911127280e+00
1.583524528704493999e+09 3.060571054125497681e-01 2.389752336100337826e-01 9.215312724405092526e-01 1.873119628330451314e-01 -9.641764328585932242e-01 1.878244790008158083e-01 9.334041337679407357e-01 1.151288150779405106e-01 -3.398559682212411448e-01 1.046468060427298286e-01 1.599098635258711765e+00 1.653447209503436932e+00
1.583524528704509974e+09 2.850881215855372020e-01 2.332717608896241468e-01 9.296822299262189615e-01 1.858841744501945059e-01 -9.649744110946347764e-01 1.851255239931810792e-01 9.403041192873771159e-01 1.200361259117424528e-01 -3.184642709303789343e-01 9.722675418071410891e-02 1.597302939026571611e+00 1.650185701223530588e+00
1.583524528704521894e+09 2.639610037697857070e-01 2.274462250969516153e-01 9.373328135279896944e-01 1.846790008675198158e-01 -9.657374867441669286e-01 1.823314930226051511e-01 9.466880453752885005e-01 1.249772835592062592e-01 -2.969215779791109511e-01 8.995000785177426073e-02 1.595440404991182781e+00 1.646650300158339020e+00
1.583524528704531908e+09 2.426868709493119891e-01 2.215050274349969206e-01 9.444779540191271527e-01 1.837514256460743289e-01 -9.664550588579327028e-01 1.794436758238147911e-01 9.525431729695915672e-01 1.300005463385445204e-01 -2.752478187245636643e-01 8.281768361839184078e-02 1.593505059313308880e+00 1.642868300818750793e+00
1.583524528704541922e+09 2.212773296405882439e-01 2.154583397184313132e-01 9.511120056918692667e-01 1.831656276153946772e-01 -9.671136705900414965e-01 1.764695470338516758e-01 9.578552585733091096e-01 1.351623173180795667e-01 -2.534648925050438928e-01 7.582812904460442538e-02 1.591491755540812125e+00 1.638866817886891036e+00
1.583524528704551935e+09 1.997450619776637848e-01 2.093210418715229226e-01 9.572286099901435863e-01 1.829937856075536384e-01 -9.676968051009698923e-01 1.734248189810492224e-01 9.626085314258031600e-01 1.405261358116027537e-01 -2.315971081685718469e-01 6.897715449345774574e-02 1.589396430260344051e+00 1.634672429904249435e+00
1.583524528704561949e+09 1.781046222188107375e-01 2.031135693764947181e-01 9.628206591145298532e-01 1.833145149190400225e-01 -9.681847405420168640e-01 1.703352483011136842e-01 9.667856702979724659e-01 1.461615070238342640e-01 -2.096718428949135848e-01 6.225831151231681765e-02 1.587216317770642870e+00 1.630310848836239446e+00
1.583524528704571962e+09 1.563734197462329223e-01 1.968626694368430519e-01 9.678803867820505724e-01 1.842110511476775792e-01 -9.685544375814878482e-01 1.672381239086745131e-01 9.703677871617304440e-01 1.521426660801933617e-01 -1.877204488828673190e-01 5.566320912943425320e-02 1.584950117968797700e+00 1.625806618168526452e+00
1.583524528704592943e+09 1.345728601863742102e-01 1.906020841215768091e-01 9.723996045700931123e-01 1.857692872533127926e-01 -9.687794294058554856e-01 1.641834007617066493e-01 9.733344324248800472e-01 1.585473516241061864e-01 -1.657794320205203398e-01 4.918185869103642444e-02 1.582598113293258058e+00 1.621182842504037547e+00
1.583524528704603910e+09 1.127859821977477417e-01 1.843894628222116361e-01 9.763605114700866228e-01 1.880697546794472541e-01 -9.688295928598631424e-01 1.612420149527479252e-01 9.756582853251855036e-01 1.654380428361814925e-01 -1.439484782510064009e-01 4.280303792070853236e-02 1.580162231939834072e+00 1.616460951091687859e+00
1.583524528704617023e+09 9.095956487346093522e-02 1.780412852892722664e-01 9.798100113944938627e-01 1.904994319917267809e-01 -9.688300472642114025e-01 1.583613145344318907e-01 9.774642316207841075e-01 1.722487743608575594e-01 -1.220411232540091762e-01 3.658829671112617116e-02 1.577587412519185994e+00 1.611596135827772835e+00
1.583524528704627037e+09 6.910479866425828233e-02 1.715559337644840254e-01 9.827477237470824134e-01 1.930384076223193579e-01 -9.687838589221844376e-01 1.555442312871101462e-01 9.787546679905707592e-01 1.789592028933030821e-01 -1.000644977921190948e-01 3.054003963122450122e-02 1.574872745624315673e+00 1.606599306747895639e+00
1.583524528704637051e+09 4.723309013757467922e-02 1.649314516949516862e-01 9.851734119311964522e-01 1.956683240539592861e-01 -9.686943066619982945e-01 1.527915155195570251e-01 9.795320016656233753e-01 1.855504149834471816e-01 -7.802628623954455112e-02 2.465980934694281257e-02 1.572017467376661592e+00 1.601481747872257611e+00
1.583524528704647064e+09 2.535606395723098011e-02 1.581664052167637557e-01 9.870868545471096489e-01 1.983741792013493932e-01 -9.685643395617216100e-01 1.501026487700162226e-01 9.797983237257821276e-01 1.920065322019561538e-01 -5.593511015323121560e-02 1.894823375397684806e-02 1.569021012202977516e+00 1.596255057566112523e+00
1.583524528704657078e+09 3.485477294385710967e-03 1.512609584513278649e-01 9.884877207303687241e-01 2.011460199882360578e-01 -9.683959679912538254e-01 1.474772112341181107e-01 9.795550674770464594e-01 1.983163423540092452e-01 -3.380086193122762428e-02 1.340498096059480893e-02 1.565883067777318560e+00 1.590931075581401233e+00
1.583524528704667091e+09 -1.836696510308497010e-02 1.442181106565319781e-01 9.893754551684944554e-01 2.039803855914945063e-01 -9.681896331654818999e-01 1.449166537601974392e-01 9.788026650024306274e-01 2.044748659555041537e-01 -1.163496061642652762e-02 8.028724626046222779e-03 1.562603630948782296e+00 1.585521797178408576e+00
1.583524528704677105e+09 -4.018988514826663666e-02 1.370450207225769323e-01 9.897491781078784356e-01 2.068813548958018389e-01 -9.679436099426363960e-01 1.424263774021956863e-01 9.775402182300400034e-01 2.104847507168051968e-01 1.054948294361449448e-02 2.817121966616507010e-03 1.559183063387155510e+00 1.580039275294327972e+00
1.583524528704688072e+09 -6.197255873249700453e-02 1.297543450320722547e-01 9.896076050878693797e-01 2.098610950855208657e-01 -9.676534924455900688e-01 1.400179964846533509e-01 9.757651986326500992e-01 2.163574092123747572e-01 3.273757395136821929e-02 -2.233193195686634068e-03 1.555622145307056670e+00 1.574495512120680951e+00
1.583524528704698086e+09 -8.370523793717972449e-02 1.223655540707734440e-01 9.889489898155192638e-01 2.129398980721702861e-01 -9.673117867584190011e-01 1.377116807662545628e-01 9.734731804625271767e-01 2.221138860880452481e-01 5.491255465707353678e-02 -7.126599519942353883e-03 1.551922124848509776e+00 1.568902341812756562e+00
1.583524528704710007e+09 -1.053793890751681256e-01 1.149061900978970013e-01 9.877711030262191771e-01 2.161456857933170272e-01 -9.669076320093058508e-01 1.355384583330933312e-01 9.706576260453446681e-01 2.277854223986021109e-01 7.705565829083307894e-02 -1.186845649334463369e-02 1.548084760113701552e+00 1.563271306803004634e+00
1.583524528704720974e+09 -1.269877545669882424e-01 1.074130475560465814e-01 9.860712689978651246e-01 2.195129980329265373e-01 -9.664266547105681004e-01 1.335423706984230907e-01 9.673097508107199038e-01 2.334137063192097128e-01 9.914579073646988261e-02 -1.646504988341404921e-02 1.544112350813232171e+00 1.557613531223801751e+00
1.583524528704730988e+09 -1.485241427801479164e-01 9.993327765941872887e-02 9.838464916672574612e-01 2.230815013413481873e-01 -9.658509440852482975e-01 1.317823872190171663e-01 9.634185086967832490e-01 2.390508185385508411e-01 1.211589179071935474e-01 -2.092351367420845765e-02 1.540007757079524753e+00 1.551939595917574799e+00
1.583524528704740047e+09 -1.699828517502650349e-01 9.252540890648579264e-02 9.810937156846119001e-01 2.268940443089581260e-01 -9.651591312574118176e-01 1.303339710888181402e-01 9.589707622741884263e-01 2.447588610761371464e-01 1.430670372933650347e-01 -2.525172900692025657e-02 1.535774403267225807e+00 1.546259419997039197e+00
1.583524528704752922e+09 -1.913576450806094842e-01 8.526026791057528254e-02 9.778102773663833736e-01 2.309942870652110236e-01 -9.643265472958366669e-01 1.292901757131741103e-01 9.539517236952484991e-01 2.506092514545165684e-01 1.648366223756068394e-01 -2.945820089141852616e-02 1.531416263958492063e+00 1.540582154193178566e+00
1.583524528704762936e+09 -2.126402243512547363e-01 7.822180627732695790e-02 9.739946017041694049e-01 2.354239695679413713e-01 -9.633254163533767622e-01 1.287621713574466364e-01 9.483457648291220288e-01 2.566816924690062951e-01 1.864264445132213788e-01 -3.355191419496238170e-02 1.526937829152920090e+00 1.534916091712073882e+00
1.583524528704773903e+09 -2.338181650961053126e-01 7.150772981803525663e-02 9.696472092393525477e-01 2.402198052609660350e-01 -9.621250730505949145e-01 1.288789702782774937e-01 9.421377346014644383e-01 2.630627081178801285e-01 2.077847462390702837e-01 -3.754217223422394445e-02 1.522344046458077971e+00 1.529268602686539635e+00
1.583524528704786062e+09 -2.548723352226923700e-01 6.522972109235836147e-02 9.647720851904080241e-01 2.454099837099797121e-01 -9.606922173541592169e-01 1.297859908573902044e-01 9.353149377412803833e-01 2.698435602720120619e-01 2.288458440734223165e-01 -4.143842324689025330e-02 1.517640239289394177e+00 1.523646098162012130e+00
1.583524528704797029e+09 -2.757739076570767667e-01 5.951309785016953985e-02 9.593784150053228377e-01 2.510104223847177685e-01 -9.589911915654971697e-01 1.316421754843478120e-01 9.278698830321050472e-01 2.771174583155924243e-01 2.495263404745496072e-01 -4.525008177606987259e-02 1.512832001454316400e+00 1.518054028854370685e+00
1.583524528704807043e+09 -2.964811723940633525e-01 5.449575882118534720e-02 9.534826305836137106e-01 2.570210033401707506e-01 -9.569842686423695177e-01 1.346154278872211119e-01 9.198038477772803034e-01 2.849760022548316063e-01 2.697212633162079376e-01 -4.898635299745343619e-02 1.507925069455600120e+00 1.512496922891359619e+00
1.583524528704817057e+09 -3.169364330164864407e-01 5.032632721163499134e-02 9.471106368078001658e-01 2.634221357239109884e-01 -9.546319501339197711e-01 1.388762694141138787e-01 9.111312067782895152e-01 2.935048561659038824e-01 2.893005765180862165e-01 -5.265606895825972883e-02 1.502925175229752996e+00 1.506978465365778286e+00
1.583524528704829931e+09 -3.370633072955733778e-01 4.716148469000214921e-02 9.403000166835623341e-01 2.701720532660691898e-01 -9.518932990111277359e-01 1.445897954349720238e-01 9.018843543584421640e-01 3.027787008363663768e-01 3.081065883995752208e-01 -5.626754622012472562e-02 1.497837883562267658e+00 1.501501620796010350e+00
1.583524528704839945e+09 -3.567647649075997851e-01 4.516236982579625164e-02 9.331019574571934871e-01 2.772052011626670587e-01 -9.487264330469802331e-01 1.519059962560336263e-01 8.921189265429212423e-01 3.128554228568111717e-01 3.259529190311370450e-01 -5.982847440912896636e-02 1.492668420067538193e+00 1.496068797536071804e+00
1.583524528704849958e+09 -3.759222157230059369e-01 4.449002956853827934e-02 9.255825868787720401e-01 2.844321083770899872e-01 -9.450893404575649859e-01 1.609487939994183325e-01 8.819188531702176759e-01 3.237696339134479295e-01 3.426256860050154729e-01 -6.334584417959561453e-02 1.487421496644701913e+00 1.490682051258709562e+00
1.583524528704863071e+09 -3.943959680835423254e-01 4.529977875778001123e-02 9.178233765503277519e-01 2.917410420941817240e-01 -9.409412718305559808e-01 1.718042122181980269e-01 8.714005880442847740e-01 3.355256369239205116e-01 3.578876391478190699e-01 -6.682592178467886002e-02 1.482101142594778320e+00 1.485343322607664662e+00
1.583524528704874039e+09 -4.120273907109893163e-01 4.773437674218541232e-02 9.099202485488669945e-01 2.990016802534413709e-01 -9.362449659524469947e-01 1.845084251370083805e-01 8.607156467939057753e-01 3.480902081781387380e-01 3.714859115317508120e-01 -7.027427556238920181e-02 1.476710550787316834e+00 1.480054702073748452e+00
1.583524528704884052e+09 -4.286430527314921135e-01 5.191618143433717608e-02 9.019810660920812850e-01 3.060708974170917029e-01 -9.309698687386449567e-01 1.990369545267034745e-01 8.500504333422309600e-01 3.613859621386319443e-01 3.831637342909007260e-01 -7.369585712429249647e-02 1.471251949199167131e+00 1.474818713219785637e+00
1.583524528704895020e+09 -4.440610357568856581e-01 5.793861154802922020e-02 8.941213082981031013e-01 3.128004598482471144e-01 -9.250963401962940535e-01 2.152966179166929117e-01 8.396223371057324192e-01 3.752863955345915326e-01 3.926760146630925985e-01 -7.709513676326071319e-02 1.465726508211566692e+00 1.469638604071398458e+00
1.583524528704906940e+09 -4.580993961274179016e-01 6.585762645802945014e-02 8.864579609001842497e-01 3.190460519238252357e-01 -9.186205349788298946e-01 2.331221342542293129e-01 8.296713567098877862e-01 3.896140215391181161e-01 3.998078966293902026e-01 -8.047628912793702849e-02 1.460134293882466183e+00 1.464518635463740059e+00
1.583524528704916954e+09 -4.705863641064123581e-01 7.568436722543311901e-02 8.791020137692188152e-01 3.246766234643556071e-01 -9.115592582448758252e-01 2.522792280312745050e-01 8.204471733255540578e-01 4.041430381616702983e-01 4.043944122011215447e-01 -8.384342165172239958e-02 1.454474277140488381e+00 1.459464354109751838e+00
1.583524528704926968e+09 -4.813713924943219813e-01 8.738034072332112601e-02 8.721503647201305220e-01 3.295827019426988413e-01 -9.039537753633239969e-01 2.724753467724412848e-01 8.121926035079043427e-01 4.186075107924315253e-01 4.063384388008893788e-01 -8.720083434223416252e-02 1.448744407031448134e+00 1.454482838324915095e+00
1.583524528704936981e+09 -4.903358930067360788e-01 1.008562861364409591e-01 8.656781859989044481e-01 3.336823008689412395e-01 -8.958714454574466801e-01 2.933777007766835698e-01 8.051253531224670246e-01 4.327151058060861866e-01 4.056239676086436097e-01 -9.055329612405786655e-02 1.442941753827414075e+00 1.449582904983718556e+00
1.583524528704946995e+09 -4.974024157125044865e-01 1.159753888047790060e-01 8.597328341835317467e-01 3.369234823189095618e-01 -8.874042146380790586e-01 3.146368174846870813e-01 7.994206677524374749e-01 4.461652934372111745e-01 4.023221682113252706e-01 -9.390632017997739556e-02 1.437062724747601328e+00 1.444775267548419340e+00
1.583524528704957008e+09 -5.025410563666684594e-01 1.325609284455120940e-01 8.543301979058447460e-01 3.392833577837665593e-01 -8.786634952943114252e-01 3.359125856236631069e-01 7.951976420494417663e-01 4.586698838188492111e-01 3.965887641985573198e-01 -9.726641898787985463e-02 1.431103351174794813e+00 1.440072637053944060e+00
1.583524528704968929e+09 -5.057721238775922945e-01 1.504077053593339541e-01 8.494539899342354872e-01 3.407641193057174833e-01 -8.697717229437064157e-01 3.568990963473483435e-01 7.925114345081745171e-01 4.699730547312763740e-01 3.886527423449830376e-01 -1.006413194027826891e-01 1.425059641686163836e+00 1.435489760910175994e+00
1.583524528704979897e+09 -5.071647489683767107e-01 1.692957543288495237e-01 8.450579063640386579e-01 3.413873915167171536e-01 -8.608516559758726538e-01 3.773447698448043619e-01 7.913523655371692556e-01 4.798680797980029999e-01 3.787981780336746596e-01 -1.040401193787992978e-01 1.418927991027398861e+00 1.431043397243127124e+00
1.583524528704989910e+09 -5.068317610670297624e-01 1.890044586842348773e-01 8.410700807361273235e-01 3.411884819043238815e-01 -8.520149791774840331e-01 3.970653536701902464e-01 7.916514295531509315e-01 4.882087564717385586e-01 3.673421080174432141e-01 -1.074733704189162753e-01 1.412705631887250401e+00 1.426752224331365504e+00
1.583524528704999924e+09 -5.049216338896670431e-01 2.093252491788727965e-01 8.373989991782262443e-01 3.402119054423699551e-01 -8.433518681151581653e-01 4.159488982485272102e-01 7.932906170815039459e-01 4.949147064350221115e-01 3.546116613095375847e-01 -1.109530733024324395e-01 1.406391113340706100e+00 1.422636686177816134e+00
1.583524528705013037e+09 -5.016085364806940339e-01 2.300714977148454188e-01 8.339400351387665777e-01 3.385090037851012368e-01 -8.349229018721048279e-01 4.339532259335109332e-01 7.961159027492874518e-01 4.999708530636891579e-01 3.409231813889775919e-01 -1.144925789227152074e-01 1.399984787214179516e+00 1.418718776474597432e+00
1.583524528705023050e+09 -4.970816119701956803e-01 2.510847989956118687e-01 8.305819013756247093e-01 3.361378409800882539e-01 -8.267541809181406798e-01 4.510974132134190073e-01 7.999507628765044620e-01 5.034222363919903520e-01 3.265651987143043389e-01 -1.181063908654965133e-01 1.393489281690706960e+00 1.415021763877073235e+00
1.583524528705038071e+09 -4.915344529994699618e-01 2.722374742138771730e-01 8.272125720070163668e-01 3.331649776784396111e-01 -8.188359417122265116e-01 4.674492466792460887e-01 8.046085876297639494e-01 5.053656678502626010e-01 3.117860846840697087e-01 -1.218098718652453893e-01 1.386909939737482444e+00 1.411569863118496304e+00
1.583524528705050945e+09 -4.851554252027148739e-01 2.934316599737292197e-01 8.237245136935876788e-01 3.296682707642492605e-01 -8.111245636716182261e-01 4.831105189002359857e-01 8.099031082619831956e-01 5.059395252231532192e-01 2.967863746476176456e-01 -1.256188618215937358e-01 1.380255199562967272e+00 1.408387857522690023e+00
1.583524528705065966e+09 -4.781193376793866912e-01 3.145956530027243514e-01 8.200191913529323307e-01 3.257396932495628117e-01 -8.035475416894267697e-01 4.982017668563394341e-01 8.156565155159857250e-01 5.053126986408353893e-01 2.817153269180864839e-01 -1.295492202605467991e-01 1.373536895087720255e+00 1.405500679246659113e+00
1.583524528705081940e+09 -4.705808247005014988e-01 3.356783752895889927e-01 8.160108552742669774e-01 3.214872190372761174e-01 -7.960107789354196051e-01 5.128477433181545253e-01 8.217053337694105730e-01 5.036733745535398876e-01 2.666711014577293204e-01 -1.336163097213150797e-01 1.366770456526811950e+00 1.402932951966364472e+00
1.583524528705091953e+09 -4.626696709662282414e-01 3.566429156546631618e-01 8.116295992752149413e-01 3.170350059853284108e-01 -7.884074282338866535e-01 5.271646157489426887e-01 8.279043306284642467e-01 5.012180741684503227e-01 2.517039165079319463e-01 -1.378344401415887432e-01 1.359974992862857723e+00 1.400708501426700670e+00
1.583524528705101967e+09 -4.544881877072526333e-01 3.774600977275779368e-01 8.068236250856610781e-01 3.125213939313446487e-01 -7.806274458122020032e-01 5.412496366669871106e-01 8.341288064175221839e-01 4.981412104252906925e-01 2.368215972254928969e-01 -1.422162974796904178e-01 1.353173240295519664e+00 1.398849840854529125e+00
1.583524528705111980e+09 -4.461106250410513119e-01 3.981029280660371983e-01 8.015605835050980676e-01 3.080945723593528918e-01 -7.725670000851448949e-01 5.551738150114483572e-01 8.402755767212113369e-01 4.946254028071259135e-01 2.219969959158266948e-01 -1.467723826164669676e-01 1.346391363962405219e+00 1.397377640984425407e+00
1.583524528705121040e+09 -4.375845062451815259e-01 4.185425873785615924e-01 7.958278096315325456e-01 3.039062106446399625e-01 -7.641368497783350699e-01 5.689779345059671201e-01 8.462628522817065013e-01 4.908329424768075322e-01 2.071767543898611619e-01 -1.515104891436887535e-01 1.339658604884049087e+00 1.396310198926902890e+00
1.583524528705131054e+09 -4.289336370277892496e-01 4.387463407794446879e-01 7.896312959964689737e-01 3.001038109606685711e-01 -7.552688418490604016e-01 5.826720168251441345e-01 8.520291296659860958e-01 4.868989885443904542e-01 1.922907623548237577e-01 -1.564352513411172707e-01 1.333006771434402937e+00 1.395662927838106970e+00
1.583524528705142021e+09 -4.201623645007273034e-01 4.586773945910824213e-01 7.829933813810929788e-01 2.968227996002303914e-01 -7.459199182226516900e-01 5.962379569001061697e-01 8.575312316301790805e-01 4.829270372971780634e-01 1.772615681926729136e-01 -1.615477929623020115e-01 1.326469584790510803e+00 1.395447893538281914e+00
1.583524528705152035e+09 -4.112605473227890496e-01 4.782963717669532766e-01 7.759493173581838432e-01 2.941794700475007796e-01 -7.360733527190053138e-01 6.096346929365101808e-01 8.627416772968435899e-01 4.789870564391904839e-01 1.620129567370341694e-01 -1.668455040281940915e-01 1.320081899529893077e+00 1.395673426819509899e+00
1.583524528705162048e+09 -4.022086584316563185e-01 4.975638025571464951e-01 7.685430746586577877e-01 2.922657697383735931e-01 -7.257373359908667609e-01 6.228049766984319335e-01 8.676456160487078240e-01 4.751163874257073316e-01 1.464769725346981855e-01 -1.723219666169241160e-01 1.313878833103716781e+00 1.396343841025742050e+00
1.583524528705171108e+09 -3.929824850999054098e-01 5.164429048458651916e-01 7.608229048716727005e-01 2.911465829099428304e-01 -7.149414126869034769e-01 6.356826595852187456e-01 8.722376016838948587e-01 4.713231402428387784e-01 1.305988660451677663e-01 -1.779670404179351240e-01 1.307894848728089920e+00 1.397459279751515293e+00
1.583524528705180883e+09 -3.835570171794595029e-01 5.349019961770764553e-01 7.528372129461173845e-01 2.908596587565120406e-01 -7.037315611930858861e-01 6.481994667546447930e-01 8.765184958727927356e-01 4.675914288536147656e-01 1.143397664308405115e-01 -1.837671057896466398e-01 1.302162842082431826e+00 1.399015709086423920e+00
1.583524528705189943e+09 -3.739092712748046110e-01 5.529160573588542960e-01 7.446312446491805126e-01 2.914179665335564495e-01 -6.921647824646713909e-01 6.602904532925640835e-01 8.804927176091551511e-01 4.638876453445837655e-01 9.767715631522820574e-02 -1.897054491547339183e-01 1.296713281763316461e+00 1.401005056010673044e+00
1.583524528705199957e+09 -3.640200126636558564e-01 5.704673010185752347e-01 7.362448566796492289e-01 2.928136989017143255e-01 -6.803040302910240422e-01 6.718977333772633287e-01 8.841660297943257918e-01 4.601668011857011908e-01 8.060364120922765274e-02 -1.957627654606363399e-01 1.291573448124447188e+00 1.403415483383159135e+00
1.583524528705210924e+09 -3.538744888318804960e-01 5.875448294402522142e-01 7.277114261094870251e-01 2.950231116113136709e-01 -6.682140360238754129e-01 6.829724487035181424e-01 8.875439199810690738e-01 4.563782154485049869e-01 6.312459663714774238e-02 -2.019177458076837350e-01 1.286766806791516116e+00 1.406231783582798656e+00
1.583524528705219984e+09 -3.434624116568409380e-01 6.041436540101376984e-01 7.190577287231177950e-01 2.980113788811728504e-01 -6.559582916873680780e-01 6.934752610123522398e-01 8.906305575052779755e-01 4.524700707950303213e-01 4.525533343712063311e-02 -2.081477149523893733e-01 1.282312543248743664e+00 1.409435867156621613e+00
1.583524528705229998e+09 -3.327774255466458553e-01 6.202633592873010304e-01 7.103045475783484886e-01 3.017369615604267308e-01 -6.435971886603092385e-01 7.033757635780794049e-01 8.934282238660673503e-01 4.483927117557645059e-01 2.701823413480485686e-02 -2.144292825531424196e-01 1.278225272948415814e+00 1.413007317951757491e+00
1.583524528705239058e+09 -3.218163078047149295e-01 6.359066903126150416e-01 7.014677080129205766e-01 3.061551436687252603e-01 -6.311871438074018181e-01 7.126512593896504599e-01 8.959371027931679610e-01 4.441007439663988698e-01 8.440212023556090126e-03 -2.207389741399460037e-01 1.274514929295408328e+00 1.416923983993583436e+00
1.583524528705249071e+09 -3.105781206006463235e-01 6.510782774662229322e-01 6.925592449416074770e-01 3.112205950157115875e-01 -6.187804431628324275e-01 7.212853141507135080e-01 8.981553163941775608e-01 4.395541375717855748e-01 -1.044930181044350856e-02 -2.270538123130543817e-01 1.271186820771362802e+00 1.421162573775898608e+00
1.583524528705257893e+09 -2.990634875901593825e-01 6.657836302665707251e-01 6.835884640613676400e-01 3.168889867081493561e-01 -6.064255018377704420e-01 7.292663990861698586e-01 9.000791079776984116e-01 4.347186083865453021e-01 -2.961977441614488393e-02 -2.333518249377764253e-01 1.268241838452284442e+00 1.425699229700630122e+00
1.583524528705267906e+09 -2.872741089615623578e-01 6.800284518470443018e-01 6.745627406973759843e-01 3.231178062200903423e-01 -5.941672644665159098e-01 7.365868211908978003e-01 9.017030940103252235e-01 4.295655556542073983e-01 -4.904043005139491207e-02 -2.396124643573908919e-01 1.265676789563000559e+00 1.430510055942691316e+00
1.583524528705277920e+09 -2.752125329141670851e-01 6.938182404338161247e-01 6.654880247657315451e-01 3.298666206324033512e-01 -5.820475595113991929e-01 7.432419868869092339e-01 9.030205282511116760e-01 4.240717955720109678e-01 -6.868069517223043818e-02 -2.458169288656766871e-01 1.263484827857092041e+00 1.435571582880455166e+00
1.583524528705288887e+09 -2.628821553586042081e-01 7.071581178163893755e-01 6.563690798161498918e-01 3.370970143041362443e-01 -5.701053051659380477e-01 7.492299673538879157e-01 9.040235480694339687e-01 4.182192457568156829e-01 -8.851037875005894617e-02 -2.519483842347354230e-01 1.261655951642699058e+00 1.440861157321227326e+00
1.583524528705298901e+09 -2.502873870069275419e-01 7.200528166900368454e-01 6.472095218862990995e-01 3.447723832559607682e-01 -5.583765381560891194e-01 7.545512874503924605e-01 9.047033921520388766e-01 4.119946394174467952e-01 -1.084997209757190828e-01 -2.579920880727986643e-01 1.260177542671822914e+00 1.446357254278660021e+00
1.583524528705307961e+09 -2.374339285172311353e-01 7.325067753657779068e-01 6.380117191481730066e-01 3.528576985238782715e-01 -5.468942750062204539e-01 7.592088622836740130e-01 9.050505921233222839e-01 4.053892895791785800e-01 -1.286193987065682443e-01 -2.639354239802795821e-01 1.259034920103409450e+00 1.452039709989658478e+00
1.583524528705317974e+09 -2.243290505799040435e-01 7.445242706365697849e-01 6.287766595837552819e-01 3.613193388234415826e-01 -5.356882853598053940e-01 7.632079640128770492e-01 9.050551433911899757e-01 3.983988848627252888e-01 -1.488405727388062427e-01 -2.697678566630470898e-01 1.258211883973430201e+00 1.457889878491253510e+00
1.583524528705327988e+09 -2.109818358404170202e-01 7.561095660821499642e-01 6.195038249783234585e-01 3.701249998538810315e-01 -5.247848294171371109e-01 7.665561736161343731e-01 9.047066649188185705e-01 3.910232819063007570e-01 -1.691349862997616471e-01 -2.754808219416907678e-01 1.257691226812554186e+00 1.463890718001618962e+00
1.583524528705338001e+09 -1.974034060348042741e-01 7.672670957723325413e-01 6.101910349794165134e-01 3.792436335514982049e-01 -5.142063497544785422e-01 7.692633465173354113e-01 9.039945585099787850e-01 3.832662699988845789e-01 -1.894750764544430033e-01 -2.810675669381486608e-01 1.257455197126655433e+00 1.470026816218751753e+00
1.583524528705347061e+09 -1.836070493530466141e-01 7.780016298983329914e-01 6.008343494189628542e-01 3.886454525436605634e-01 -5.039712179892122945e-01 7.713415091046387229e-01 9.029081701719557929e-01 3.751352761565324712e-01 -2.098341272329624363e-01 -2.865229564207871227e-01 1.257485902462397886e+00 1.476284364763309265e+00
1.583524528705357075e+09 -1.696082117411434886e-01 7.883183959302365595e-01 5.914280694101804459e-01 3.983019876011164584e-01 -4.940936047333150949e-01 7.728046560721906211e-01 9.014369535915019993e-01 3.666409913035043044e-01 -2.301864512250502703e-01 -2.918432602247683083e-01 1.257765645670988031e+00 1.482651094080315923e+00
1.583524528705368042e+09 -1.554243946713363689e-01 7.982231744291777842e-01 5.819647940241383655e-01 4.081861454431343073e-01 -4.845834551482938735e-01 7.736684985683699445e-01 8.995706355399367693e-01 3.577969241154078106e-01 -2.505075505843163408e-01 -2.970259343510556205e-01 1.258277193586884168e+00 1.489116180210283913e+00
1.583524528705377102e+09 -1.410749945890595602e-01 8.077223810407060389e-01 5.724354996031710829e-01 4.182722380277452134e-01 -4.754465470726017551e-01 7.739502023930346919e-01 8.972993819859459430e-01 3.486188981532781783e-01 -2.707742289619897713e-01 -3.020694056333037003e-01 1.259003981395713678e+00 1.495670133822764702e+00
1.583524528705387115e+09 -1.265811104673987275e-01 8.168231399939729354e-01 5.628296194955711984e-01 4.285359710997515559e-01 -4.666846093095350367e-01 7.736681439218092704e-01 8.946139637076965245e-01 3.391245103381582138e-01 -2.909646414240656398e-01 -3.069728675397988549e-01 1.259930258064635655e+00 1.502304680071207432e+00
1.583524528705395937e+09 -1.119653353933427464e-01 8.255333483808132700e-01 5.531351141626447143e-01 4.389543912483618859e-01 -4.582954842870413104e-01 7.728416988608366456e-01 8.915059204443448460e-01 3.293325673274345444e-01 -3.110582807805136740e-01 -3.117360919084817827e-01 1.261041180334149914e+00 1.509012636272052177e+00
1.583524528705411911e+09 -9.725153637683986441e-02 8.338617238569236978e-01 5.433385356267367294e-01 4.495057984679524110e-01 -4.502733313593728637e-01 7.714910655493287805e-01 8.879677223459164770e-01 3.192625137142637293e-01 -3.310359067240011277e-01 -3.163592598777530407e-01 1.262322862643543653e+00 1.515787792319099880e+00
1.583524528705426931e+09 -8.246462783029082089e-02 8.418178306807613254e-01 5.334250886891724885e-01 4.601696305581222668e-01 -4.426088646656485270e-01 7.696371249125166791e-01 8.839929277883481484e-01 3.089338650562177269e-01 -3.508794248364208723e-01 -3.208428147759733728e-01 1.263762389257372387e+00 1.522624796757193089e+00
1.583524528705440998e+09 -6.763026629715564175e-02 8.494120221509162683e-01 5.233787957534867807e-01 4.709263605443292366e-01 -4.352897310346304227e-01 7.673012531023843952e-01 8.795763242236881441e-01 2.983656595412418344e-01 -3.705717517615065848e-01 -3.251873385567475294e-01 1.265347795029655442e+00 1.529519050360464094e+00
1.583524528705456972e+09 -5.277441669124659229e-02 8.566552480947976500e-01 5.131828592157401392e-01 4.817574374387793013e-01 -4.283011207948299592e-01 7.645050172566109081e-01 8.747140289968449167e-01 2.875759655301750040e-01 -3.900966952659569165e-01 -3.293934512933573422e-01 1.267068022189344001e+00 1.536466608583538562e+00
1.583524528705473900e+09 -3.792290417937000530e-02 8.635588017741122613e-01 5.028200964115937532e-01 4.926452305784033148e-01 -4.216264667236763741e-01 7.612698597466461825e-01 8.694035485516842243e-01 2.765814862757273729e-01 -4.094388249142663638e-01 -3.334617315001350835e-01 1.268912860606033366e+00 1.543464093737375809e+00
1.583524528705490112e+09 -2.310085457103146223e-02 8.701339234678593382e-01 4.922736087653087900e-01 5.035730435958613027e-01 -4.152483865929620932e-01 7.576166360421084933e-01 8.636437578004574345e-01 2.653973111715599020e-01 -4.285833955802973438e-01 -3.373926551647551397e-01 1.270872877202338547e+00 1.550508616800936990e+00
1.583524528705507040e+09 -8.332004368742894351e-03 8.763912333974680502e-01 4.815277602231949339e-01 5.145252363150542019e-01 -4.091499287082440706e-01 7.535649388375194047e-01 8.574347549538744451e-01 2.540368909776409279e-01 -4.475163674677495873e-01 -3.411865521326046258e-01 1.272939338407116150e+00 1.557597708068447551e+00
1.583524528705523014e+09 6.362032541171717785e-03 8.823400568970775071e-01 4.705693877369309108e-01 5.254874494190820977e-01 -4.033160134881834114e-01 7.491322538639255679e-01 8.507775650240688714e-01 2.425123035539980265e-01 -4.662245356140923835e-01 -3.448435777898105625e-01 1.275104129399885933e+00 1.564729255896023963e+00
1.583524528705543995e+09 2.096238200384133860e-02 8.879877803485412002e-01 4.593890297239357490e-01 5.364468838350979762e-01 -3.977348218104898026e-01 7.443330923418686185e-01 8.436737043823621107e-01 2.308348188379328036e-01 -4.846957469152456954e-01 -3.483636964323312268e-01 1.277359674172870330e+00 1.571901453163272455e+00
1.583524528705558062e+09 3.545329265207494696e-02 8.933393561901854518e-01 4.479819849727603720e-01 5.473925876869453200e-01 -3.923989180370666685e-01 7.391782221365473804e-01 8.361246432715735422e-01 2.190157161543220543e-01 -5.029191755375009842e-01 -3.517466730107403072e-01 1.279698859125929511e+00 1.579112750851584979e+00
1.583524528705568075e+09 4.982228254615433255e-02 8.983969754401435193e-01 4.363491890907974513e-01 5.583157495422189642e-01 -3.873060843943220699e-01 7.336739881012998010e-01 8.281311877197087279e-01 2.070673118319446004e-01 -5.208856538901444067e-01 -3.549920706378549284e-01 1.282114961657746077e+00 1.586361817958800602e+00
1.583524528705579042e+09 6.406009013381283590e-02 9.031598754129824824e-01 4.244979910840060988e-01 5.692100176354971675e-01 -3.824599403355709026e-01 7.278216470222126366e-01 8.196927843851179452e-01 1.950041886762283183e-01 -5.385880668540894423e-01 -3.580992536629789003e-01 1.284601583440696970e+00 1.593647506456599139e+00
1.583524528705594063e+09 7.816038155340378213e-02 9.076243274310166198e-01 4.124427659071306373e-01 5.800717972250379884e-01 -3.778702715153802183e-01 7.216167736279589517e-01 8.108067987601157434e-01 1.828445741048964901e-01 -5.560217594093768145e-01 -3.610673957179537652e-01 1.287152588436924150e+00 1.600968820367584700e+00
1.583524528705610037e+09 9.211916702569637738e-02 9.117838542005252123e-01 4.002052753575724431e-01 5.909004537518993683e-01 -3.735529750222260637e-01 7.150488295354808788e-01 8.014678489601787525e-01 1.706117762380925662e-01 -5.731848820615855766e-01 -3.638954918621234991e-01 1.289762045846067018e+00 1.608324888295754151e+00
1.583524528705626965e+09 1.059338848847729553e-01 9.156297383867132433e-01 3.878146391685103889e-01 6.016983154717266968e-01 -3.695294917771874132e-01 7.081010463751608031e-01 7.916673223549927085e-01 1.583355203645088194e-01 -5.900785658182330362e-01 -3.665823748062029264e-01 1.292424177776828387e+00 1.615714938685606894e+00
1.583524528705646992e+09 1.196022992856700662e-01 9.191516818747523798e-01 3.753071753253565124e-01 6.124705334125910561e-01 -3.658259733274162873e-01 7.007504569763491897e-01 7.813930738100525186e-01 1.460532199803991071e-01 -6.067069484248234224e-01 -3.691267355673655826e-01 1.295133311446392765e+00 1.623138277167424315e+00
1.583524528705667973e+09 1.331212269519178593e-01 9.223386256284709095e-01 3.627260657119948939e-01 6.232247393867431651e-01 -3.624721410677638200e-01 6.929681602918670302e-01 7.706293942233112260e-01 1.338110860307554495e-01 -6.230769857298603664e-01 -3.715271493226192656e-01 1.297883835797167817e+00 1.630594265414389676e+00
1.583524528705682039e+09 1.464851396494640801e-01 9.251797340842901063e-01 3.501207843586302548e-01 6.339704460265273012e-01 -3.594997955224327746e-01 6.847199212791115208e-01 7.593573450721476936e-01 1.216649365290657508e-01 -6.391979864144474721e-01 -3.737821073558002527e-01 1.300670162673198460e+00 1.638082301067958380e+00
1.583524528705693007e+09 1.596847312277058784e-01 9.276655386725123353e-01 3.375461970019454361e-01 6.447181430375763522e-01 -3.569409383192422847e-01 6.759672200648310092e-01 7.475555516063497885e-01 1.096805134612259258e-01 -6.550808212437105871e-01 -3.758900554908705116e-01 1.303486693094298099e+00 1.645601798537095428e+00
1.583524528705704927e+09 1.727056123603271376e-01 9.297891638782107560e-01 3.250613516433557004e-01 6.554781303984976715e-01 -3.548255972449515516e-01 6.666687454210457053e-01 7.352014636230013167e-01 9.793317311620644561e-02 -6.707368348480007292e-01 -3.778494385932539279e-01 1.306327789454543531e+00 1.653152170744610405e+00
1.583524528705718040e+09 1.855273065037882918e-01 9.315475668062115355e-01 3.127279160183485951e-01 6.662591432854649831e-01 -3.531794287168387170e-01 6.567823422808984901e-01 7.222730595925008767e-01 8.650677448096458222e-02 -6.861765119032520177e-01 -3.796587501532079911e-01 1.309187754503356782e+00 1.660732812059243058e+00
1.583524528705730915e+09 1.981227433908133717e-01 9.329426196784039726e-01 3.006084614198306082e-01 6.770669726978215675e-01 -3.520213791195471176e-01 6.462671762799013786e-01 7.087507976111846464e-01 7.549183500872685970e-02 -7.014080765606076628e-01 -3.813165849374394734e-01 1.312060817892258591e+00 1.668343082864823801e+00
1.583524528705744982e+09 2.104583581810816340e-01 9.339819334221708402e-01 2.887646578981059031e-01 6.879032358049304019e-01 -3.513615782966890699e-01 6.350859622745442801e-01 6.946196208864384714e-01 6.498299362601769880e-02 -7.164361750713792443e-01 -3.828216921367318393e-01 1.314941130704982974e+00 1.675982296277355843e+00
1.583524528705755949e+09 2.224948222904976902e-01 9.346793009606216840e-01 2.772555834387948059e-01 6.987644958047704025e-01 -3.511997085608661862e-01 6.232069833704413364e-01 6.798707476678069739e-01 5.507603095151489964e-02 -7.312608272102174567e-01 -3.841730260462257185e-01 1.317822767884679225e+00 1.683649707507500537e+00
1.583524528705770016e+09 2.341883147549247424e-01 9.350547077693651676e-01 2.661362937460773903e-01 7.096418541873394936e-01 -3.515239960884949388e-01 6.106056984435606072e-01 6.645030263991988928e-01 4.586473345839636728e-02 -7.458767688184304578e-01 -3.853697907977894355e-01 1.320699737864059475e+00 1.691344506335882514e+00
1.583524528705784082e+09 2.454921676683908260e-01 9.351339293858351720e-01 2.554567083933896865e-01 7.205210353317467176e-01 -3.523108600148143199e-01 5.972658499967227197e-01 6.485237338231610860e-01 3.743784382025491103e-02 -7.602732236834877089e-01 -3.864114767711931964e-01 1.323565998066013494e+00 1.699065812826952682e+00
1.583524528705796957e+09 2.563586761889671273e-01 9.349477692705574494e-01 2.452608774691788507e-01 7.313829290221128820e-01 -3.535252069599915115e-01 5.831800229698786975e-01 6.319487640226361114e-01 2.987636026580564597e-02 -7.744340920178146570e-01 -3.872978866769998807e-01 1.326415474509565984e+00 1.706812676232055903e+00
1.583524528705811024e+09 2.667408006386057795e-01 9.345310036350191751e-01 2.355868176658069135e-01 7.422045530942045222e-01 -3.551213411875860371e-01 5.683495706091281630e-01 6.148022012899871935e-01 2.325158920997736842e-02 -7.883385167680969641e-01 -3.880291504248927770e-01 1.329242083505308925e+00 1.714584076752947883e+00
1.583524528705823898e+09 2.765936051302475551e-01 9.339211969073033526e-01 2.264667209692969307e-01 7.529602222128088940e-01 -3.570442509710431422e-01 5.527841410767699859e-01 5.971154674218536185e-01 1.762387410196860488e-02 -8.019616685098769349e-01 -3.886057295800446898e-01 1.332039753554313810e+00 1.722378929536269032e+00
1.583524528705836058e+09 2.858753558014927587e-01 9.331575057396693795e-01 2.179273974639065192e-01 7.636227608865189254e-01 -3.592310929215727366e-01 5.365009794461150783e-01 5.789262129732553053e-01 1.304191253359940003e-02 -8.152756273689515387e-01 -3.890284133126644117e-01 1.334802445997238296e+00 1.730196090150313060e+00
1.583524528705847979e+09 2.945482227969096201e-01 9.322795482910173348e-01 2.099909246224261894e-01 7.741646695798288791e-01 -3.616127509716154931e-01 5.195240925321105152e-01 5.602770822420515273e-01 9.542656615999999328e-03 -8.282502815882221148e-01 -3.892983081090552466e-01 1.337524173480836742e+00 1.738034360842274362e+00
1.583524528705862045e+09 3.025786358694780298e-01 9.313264051744424288e-01 2.026753469924719997e-01 7.845591407927511307e-01 -3.641153414130029464e-01 5.018834254669610750e-01 5.412144896212836009e-01 7.151593849431117818e-03 -8.408541675351992595e-01 -3.894168229628022782e-01 1.340199015638985802e+00 1.745892497058558757e+00
1.583524528705876112e+09 3.099373487917782555e-01 9.303357771278327748e-01 1.959953615731195586e-01 7.947808888555922824e-01 -3.666615998378667807e-01 4.836141126212809005e-01 5.217874841292668986e-01 5.883291774968255929e-03 -8.530552200273247010e-01 -3.893856513722073198e-01 1.342821131609311269e+00 1.753769213843107355e+00
1.583524528705889940e+09 3.165992452537353952e-01 9.293433054648856384e-01 1.899629927924601502e-01 8.048067984256057628e-01 -3.691721119259052664e-01 4.647558165276810538e-01 5.020467460016058148e-01 5.742167305128805313e-03 -8.648214223039145665e-01 -3.892067518537988824e-01 1.345384769425489679e+00 1.761663191753023883e+00
1.583524528705902100e+09 3.225429534881205651e-01 9.283820527939677936e-01 1.845882101964299860e-01 8.146163930635959005e-01 -3.715663607528366108e-01 4.453521884095419381e-01 4.820437483915085974e-01 6.723371796679585705e-03 -8.761213506360143732e-01 -3.888823280771850910e-01 1.347884272436824959e+00 1.769573082083524040e+00
