1.583524528402451038e+09 6.248217153009176794e-01 3.217894707807577581e-01 7.113714646232953687e-01 2.261795444904477759e-01 -9.466501409295230429e-01 2.295567998179784963e-01 7.472888583593699785e-01 1.746560040720987472e-02 -6.642697607626408818e-01 2.406462808528350983e-01 1.627167170325506396e+00 1.668198941716795503e+00
1.583524528402527094e+09 6.090515036307270202e-01 3.162322545028347642e-01 7.273605895530331766e-01 2.238569924101322384e-01 -9.483288540436229930e-01 2.248564687703942799e-01 7.608839024189052447e-01 2.587558356579588992e-02 -6.483719158821353856e-01 2.329474799412281361e-01 1.625065327189098019e+00 1.670719740100453654e+00
1.583524528402576923e+09 5.927225946357038699e-01 3.110174377810281388e-01 7.429320825645314708e-01 2.215864462521109912e-01 -9.498055217987656507e-01 2.208368574501661241e-01 7.743251079055986086e-01 3.372868483975434428e-02 -6.318884420348140907e-01 2.250730529413035308e-01 1.623019851294906335e+00 1.672682679848301657e+00
1.583524528402607918e+09 5.758765926207042307e-01 3.061118392105855457e-01 7.580644379394244625e-01 2.193096959116978550e-01 -9.511114513267566739e-01 2.174632484921991682e-01 7.875718427168511004e-01 4.101888680088047745e-02 -6.148561161596397540e-01 2.170297827262399892e-01 1.621089904949612359e+00 1.673957362690976947e+00
1.583524528402637005e+09 5.585592488694808289e-01 3.014672363844504988e-01 7.727412704096643381e-01 2.169776956774981669e-01 -9.522796078275483911e-01 2.146723738743920029e-01 8.005824412102039433e-01 4.776038030099209047e-02 -5.973162487298525614e-01 2.088692549211894622e-01 1.619311794133318605e+00 1.674493844973625301e+00
1.583524528402664900e+09 5.408175519274824872e-01 2.970220447902106042e-01 7.869525275044287893e-01 2.145564802397166293e-01 -9.533430367605797429e-01 2.123736590491032139e-01 8.133153708201019683e-01 5.399036203309172388e-02 -5.793126517669529019e-01 2.006619248019160251e-01 1.617682124432180402e+00 1.674327668639808531e+00
1.583524528402682066e+09 5.226969089935055157e-01 2.927038554822794514e-01 8.006949446760678324e-01 2.120330869251661199e-01 -9.543332041041668878e-01 2.104521456390490153e-01 8.257299264780395553e-01 5.977113478493897153e-02 -5.608899179632772514e-01 1.924666421235603775e-01 1.616161400624728461e+00 1.673573714714095440e+00
1.583524528402698994e+09 5.042388084340627685e-01 2.884328240916727570e-01 8.139715782368943664e-01 2.094210628755135972e-01 -9.552782854035523075e-01 2.087731205679490831e-01 8.377863943774461752e-01 6.519128351247924225e-02 -5.420922929397922196e-01 1.843095327464742972e-01 1.614694799058350005e+00 1.672409948456954343e+00
1.583524528402714968e+09 4.854794100367297305e-01 2.841257097929488773e-01 8.267903746383608032e-01 2.067651407062448266e-01 -9.562014595310468490e-01 2.071881883482696030e-01 8.494456540228041419e-01 7.036582869583378474e-02 -5.229634128086467770e-01 1.761801584939705900e-01 1.613239311120364894e+00 1.671054022810233741e+00
1.583524528402730942e+09 4.664494463819410797e-01 2.797003824602843913e-01 8.391618498000575910e-01 2.041445792783645186e-01 -9.571192395431965538e-01 2.055425796756714385e-01 8.606682896736306265e-01 7.543512027026982869e-02 -5.035470563035839842e-01 1.680442146267030201e-01 1.611784967528375745e+00 1.669736826113694450e+00
1.583524528402748108e+09 4.471889532278998103e-01 2.750836930451793783e-01 8.510881282627926758e-01 2.016762997153609682e-01 -9.580392701990424476e-01 2.036846260811626952e-01 8.714061684269888142e-01 8.055878970783321436e-02 -4.839024397129353394e-01 1.598652210107221749e-01 1.610361986336434459e+00 1.668677159736545512e+00
1.583524528402764082e+09 4.276820136097642111e-01 2.703387297159924318e-01 8.625572830766337074e-01 1.992682124502650198e-01 -9.589526587066232732e-01 2.017473119488631117e-01 8.816917119209997100e-01 8.559655131392014671e-02 -4.639967194548986207e-01 1.517375190512214034e-01 1.608890569857652775e+00 1.667328419847542653e+00
1.583524528402780056e+09 4.079407239875975089e-01 2.654586883332847869e-01 8.735651381775429991e-01 1.969440180199813484e-01 -9.598584502133626906e-01 1.997118157054416088e-01 8.915141163253048617e-01 9.057284562099718328e-02 -4.438458518007726838e-01 1.436710049510797060e-01 1.607371740614126576e+00 1.665694953318775040e+00
1.583524528402796984e+09 3.879765644227252674e-01 2.604399526906354678e-01 8.841070165084888854e-01 1.947267146419733308e-01 -9.607544937742692470e-01 1.975659619203381512e-01 9.008638588556047155e-01 9.550829155773703227e-02 -4.234648440938622582e-01 1.356753223039416645e-01 1.605806279252282032e+00 1.663781293304972042e+00
1.583524528402812004e+09 3.678006275572007211e-01 2.552816275243492972e-01 8.941778285975063856e-01 1.926376141021802768e-01 -9.616377807635929642e-01 1.953036821294180381e-01 9.097326245278531953e-01 1.004194666264650176e-01 -4.028678228948645579e-01 1.277598735348586811e-01 1.604194711077657320e+00 1.661592178474336601e+00
1.583524528402827978e+09 3.474238089158241394e-01 2.499850000744835987e-01 9.037722040837967707e-01 1.906957016013710038e-01 -9.625047556298288454e-01 1.929241944208702486e-01 9.181131991851694263e-01 1.053190160816260684e-01 -3.820681332766437399e-01 1.199338243019950206e-01 1.602537293679815233e+00 1.659132579739190483e+00
1.583524528402844906e+09 3.268569510753576157e-01 2.445530059657945454e-01 9.128846372598884429e-01 1.889173138700488974e-01 -9.633515770044357440e-01 1.904310573814300966e-01 9.259993424310560828e-01 1.102159987323461238e-01 -3.610784562565470535e-01 1.122061010120176811e-01 1.600834005342686384e+00 1.656407729911127280e+00
1.583524528402862072e+09 3.061109424123924505e-01 2.389897588753930879e-01 9.215096235126257751e-01 1.873160241853466801e-01 -9.641743247607049705e-01 1.878312502430056208e-01 9.333856642073246057e-01 1.151163178922214453e-01 -3.399109226534457462e-01 1.045853819577018118e-01 1.599084534299787919e+00 1.653423153360459530e+00
1.583524528402879000e+09 2.851967780283142795e-01 2.333001677076954050e-01 9.296417749263059527e-01 1.859025869153983490e-01 -9.649691659337534810e-01 1.851343754884441639e-01 9.402675290093993610e-01 1.200230834654801293e-01 -3.185772017234205222e-01 9.708008211654715891e-02 1.597288269349808498e+00 1.650184695150447967e+00
1.583524528402894974e+09 2.641255940268578128e-01 2.274896276937271034e-01 9.372759145577314044e-01 1.846848254058921224e-01 -9.657325008827370993e-01 1.823520003065134398e-01 9.466410016335745636e-01 1.249368082279055936e-01 -2.970885526369780871e-01 8.969833140319284637e-02 1.595444292487086413e+00 1.646698549596323113e+00
1.583524528402910948e+09 2.429086858525318082e-01 2.215637506500024445e-01 9.444071552426963612e-01 1.836674475395499440e-01 -9.664611043348209085e-01 1.794970822449276082e-01 9.525028289621065847e-01 1.298554512726023957e-01 -2.754558453289762121e-01 8.244794584827620787e-02 1.593551374333526338e+00 1.642971288498073168e+00
1.583524528402926922e+09 2.215575186585763134e-01 2.155281050186636793e-01 9.510309679559447726e-01 1.828517967328294191e-01 -9.671522705337639580e-01 1.765834251711585756e-01 9.578504510029703933e-01 1.347743357156819255e-01 -2.536895584720252894e-01 7.533639146370194051e-02 1.591607973076893501e+00 1.639009888372515933e+00
1.583524528402941942e+09 2.000837353507995409e-01 2.093879461644550799e-01 9.571432426692491058e-01 1.822355897391357560e-01 -9.678039620653656749e-01 1.736251158537455430e-01 9.626820289221734717e-01 1.396860015554185208e-01 -2.317997676695888742e-01 6.837074052447876527e-02 1.589612237708672327e+00 1.634821756027863282e+00
1.583524528402957916e+09 1.784991658062103914e-01 2.031479343344836652e-01 9.627403412761001977e-01 1.818127263628135093e-01 -9.684149512493288592e-01 1.706359128129173175e-01 9.669964738654778236e-01 1.445800781266409207e-01 -2.097961407475240625e-01 6.155762067069831672e-02 1.587562016205617876e+00 1.630414750821324033e+00
1.583524528402975082e+09 1.568158386403682714e-01 1.968118583771026886e-01 9.678191387299447390e-01 1.815732757611703274e-01 -9.689849330908619773e-01 1.676285923834973102e-01 9.707934581620253356e-01 1.494432730622460015e-01 -1.876879587458590848e-01 5.490315750881515772e-02 1.585454869305574777e+00 1.625797201985178519e+00
1.583524528402991056e+09 1.350459949742054966e-01 1.903824008888340691e-01 9.723770466293067960e-01 1.815037275583599730e-01 -9.695145849713662223e-01 1.646142959236437664e-01 9.740733936686720718e-01 1.542595571688037404e-01 -1.654841771916855109e-01 4.841291121817134502e-02 1.583288090659765723e+00 1.620977920014377016e+00
1.583524528403008938e+09 1.132020992650991376e-01 1.838609987464741857e-01 9.764120124211022045e-01 1.815876005470958010e-01 -9.700055419737344531e-01 1.616019550624521184e-01 9.768373601469839684e-01 1.590106339158424420e-01 -1.431935412463913593e-01 4.209180812636416358e-02 1.581058734025826640e+00 1.615966200741444370e+00
1.583524528403024912e+09 9.129683237326888245e-02 1.772478822923677366e-01 9.799224850771519613e-01 1.818065403547168557e-01 -9.704602432181104188e-01 1.585979136984826399e-01 9.790869575335543473e-01 1.636768296793065514e-01 -1.208247704146298285e-01 3.594406921256185911e-02 1.578763647827479133e+00 1.610771820027544043e+00
1.583524528403040886e+09 6.934305046658696681e-02 1.705423535622758169e-01 9.829073441234075226e-01 1.821418547818897671e-01 -9.708816370528056128e-01 1.556058854365529598e-01 9.808240852559185763e-01 1.682383799639347866e-01 -9.838679495201468894e-02 2.997313829932631707e-02 1.576399517066336520e+00 1.605405016954387198e+00
1.583524528403057098e+09 4.735369419719905049e-02 1.637433185641962163e-01 9.853657967525384365e-01 1.825763055382920164e-01 -9.712727664405086392e-01 1.526273430260967068e-01 9.820506710101208903e-01 1.726769782403352327e-01 -7.588900372442805575e-02 2.418161230168854731e-02 1.573962912587051788e+00 1.599876464637248308e+00
1.583524528403073072e+09 2.534163367468355785e-02 1.568500556556755021e-01 9.872972509745038261e-01 1.830959575348535817e-01 -9.716362712026408444e-01 1.496623761338827796e-01 9.827683715233781481e-01 1.769774464210584763e-01 -5.334146158005777238e-02 1.857117522924863623e-02 1.571450347786289781e+00 1.594197228816210510e+00
1.583524528403090000e+09 3.319437323447322480e-03 1.498631928407688219e-01 9.887011706808731537e-01 1.836919368836542332e-01 -9.719738428664094210e-01 1.467110122644270931e-01 9.829782570278280396e-01 1.811294350248275897e-01 -3.075506641267588756e-02 1.314253850424891568e-02 1.568858342313449894e+00 1.588378713841755330e+00
1.583524528403105974e+09 -1.870093437752205767e-02 1.427858488996869568e-01 9.895769179531755944e-01 1.843619515083501081e-01 -9.722856747639229136e-01 1.437749543457161605e-01 9.826804903014928483e-01 1.851290577409832883e-01 -8.141627151945465130e-03 7.895390305050167812e-03 1.566183491979864950e+00 1.582432596026180915e+00
1.583524528403121948e+09 -4.070848745517092332e-02 1.356248717804405812e-01 9.899235896481879404e-01 1.851114248468767876e-01 -9.725699572897552603e-01 1.408596414193208357e-01 9.818740141026638391e-01 1.889803491081119002e-01 1.448613864444061802e-02 2.828356514543503911e-03 1.563422543824046995e+00 1.576370744865843276e+00
1.583524528403139114e+09 -6.269356016485037875e-02 1.283921065587394217e-01 9.897398570460665956e-01 1.859541364491224535e-01 -9.728224615225101735e-01 1.379765107073021302e-01 9.805562588557532600e-01 1.926964590947633782e-01 3.711466021772762830e-02 -2.061023990990204328e-03 1.560572474832338186e+00 1.570205132918010449e+00
1.583524528403155088e+09 -8.464813659943284940e-02 1.211056596162658483e-01 9.890238178716707074e-01 1.869123560494844460e-01 -9.730362293494183579e-01 1.351453570853015373e-01 9.787228740844953201e-01 1.963005746278842778e-01 5.972955948670281845e-02 -6.776306376261292258e-03 1.557630572050816564e+00 1.563947735235336589e+00
1.583524528403172016e+09 -1.065660275551718189e-01 1.137911218655989487e-01 9.877728800154323974e-01 1.880164531442596876e-01 -9.732013841511542029e-01 1.323966738462371562e-01 9.763675000982823260e-01 1.998265409989811170e-01 8.231560238582502631e-02 -1.132212565850103034e-02 1.554594511083511765e+00 1.557610419826348735e+00
1.583524528403187990e+09 -1.284428278662619050e-01 1.064827299918855580e-01 9.859837059107499080e-01 1.893039983221735112e-01 -9.733050595981358466e-01 1.297738694503820789e-01 9.734816055370674182e-01 2.033191805778312988e-01 1.048564476894992686e-01 -1.570415837010626092e-02 1.551462429525764852e+00 1.551204831625895286e+00
1.583524528403203011e+09 -1.502755576379873337e-01 9.922446123705397358e-02 9.836522572571627654e-01 1.908183985696383367e-01 -9.733314272566393477e-01 1.273352719951906520e-01 9.700544292327312190e-01 2.068343274783221164e-01 1.273340702030613392e-01 -1.992905868417460882e-02 1.548232991927738889e+00 1.544742273624236439e+00
1.583524528403218985e+09 -1.720618955264096583e-01 9.207104660297620036e-02 9.807739936517457791e-01 1.926070943094556898e-01 -9.732617981685955932e-01 1.251558207176863835e-01 9.660730880527153008e-01 2.104385768334099405e-01 1.497277330775684534e-01 -2.400436874861680905e-02 1.544905442801059126e+00 1.538233589387128175e+00
1.583524528403234005e+09 -1.937989250547581532e-01 8.508887876034390563e-02 9.773442891311284741e-01 1.947193464581054301e-01 -9.730747652198354913e-01 1.233283317794736517e-01 9.615229341481015268e-01 2.142087393648300642e-01 1.720123926317056740e-01 -2.793840309746703152e-02 1.541479643489245710e+00 1.531689051309687244e+00
1.583524528403249025e+09 -2.154813444876777229e-01 7.835680975196901432e-02 9.733591324283035195e-01 1.972036769366664333e-01 -9.727463350951012222e-01 1.219642462934347193e-01 9.563882580368181507e-01 2.182310196584535678e-01 1.941564371326903737e-01 -3.174010766204426320e-02 1.537956088234597285e+00 1.525118259377338470e+00
1.583524528403265953e+09 -2.370991078031189081e-01 7.196673076094996235e-02 9.688161863226940618e-01 2.001049386545023512e-01 -9.722500273066762011e-01 1.211936382012808316e-01 9.506534735303491246e-01 2.225998070134755646e-01 2.161187157887381194e-01 -3.541889581459911618e-02 1.534335895150986673e+00 1.518530055856796013e+00
1.583524528403281927e+09 -2.586345173943619957e-01 6.602372724440457030e-02 9.637162725570451727e-01 2.034609760748809504e-01 -9.715569388063224343e-01 1.211641278768686575e-01 9.443049389668138893e-01 2.274158792055607503e-01 2.378449079967278612e-01 -3.898446601702611897e-02 1.530620768641319351e+00 1.511932461596492416e+00
1.583524528403296947e+09 -2.800588968019971925e-01 6.064565372190315606e-02 9.580653000422226784e-01 2.072989891615961700e-01 -9.706357481786092034e-01 1.220384097837635823e-01 9.373335284437899206e-01 2.327839106539450476e-01 2.592633941143623333e-01 -4.244660767033264087e-02 1.526812930974573712e+00 1.505332639374516557e+00
1.583524528403314114e+09 -3.013290747446881745e-01 5.596198744579144319e-02 9.518765911676418945e-01 2.116318031278605627e-01 -9.694526419828739527e-01 1.239901402107999595e-01 9.297380108119572828e-01 2.388091935640322960e-01 2.802809313040214301e-01 -4.581500299089540790e-02 1.522915021747010877e+00 1.498736889037190156e+00
1.583524528403331041e+09 -3.223840014139848220e-01 5.211188595814306851e-02 9.451734799032907031e-01 2.164543515440384702e-01 -9.679711617597751561e-01 1.271980491646733658e-01 9.215292016317799817e-01 2.455935287436388503e-01 3.007785718947908471e-01 -4.909903401127970607e-02 1.518929965469250076e+00 1.492150678243312711e+00
1.583524528403347015e+09 -3.431418581925095856e-01 4.924146404681675054e-02 9.379919741197260130e-01 2.217407555744133341e-01 -9.661520056650041433e-01 1.318383073275582462e-01 9.127347383569530681e-01 2.532302908141099151e-01 3.206083550729675880e-01 -5.230760471551035989e-02 1.514860809342851944e+00 1.485578711386932982e+00
1.583524528403362989e+09 -3.634980303231140075e-01 4.750020522102553489e-02 9.303832073900947242e-01 2.274423260996643048e-01 -9.639529250640577196e-01 1.380751482745481151e-01 9.034042120665181086e-01 2.617985652799070251e-01 3.395914324151657060e-01 -5.544898876962588152e-02 1.510710535403917198e+00 1.479025037732676129e+00
1.583524528403378963e+09 -3.833242931447675139e-01 4.703654187040459678e-02 9.224153349507157040e-01 2.334868755700062470e-01 -9.613289085063415618e-01 1.460500209475494304e-01 8.936142150567046860e-01 2.713563955715936893e-01 3.575183091296311733e-01 -5.853071264760068004e-02 1.506481852874677285e+00 1.472493198181724861e+00
1.583524528403395891e+09 -4.024695566269168578e-01 4.799251698458237986e-02 9.141744770230245676e-01 2.397796322075669562e-01 -9.582329542354853791e-01 1.558696038609049539e-01 8.834726844088361952e-01 2.819331902241451471e-01 3.741519641608326840e-01 -6.155948302764478047e-02 1.502176978552955289e+00 1.465986408422337961e+00
1.583524528403412104e+09 -4.207625160173301126e-01 5.049749000568200252e-02 9.057642677629731409e-01 2.462060076929458441e-01 -9.546177631319443524e-01 1.675933414580702552e-01 8.731217022959008034e-01 2.935216002889088904e-01 3.892345864330074567e-01 -6.454116583255024853e-02 1.497797415096257856e+00 1.459507774500480970e+00
1.583524528403428078e+09 -4.380164765757756928e-01 5.466107488614021376e-02 8.973035903632268218e-01 2.526363655469789360e-01 -9.504386146810286373e-01 1.812217054842976127e-01 8.627377545816395932e-01 3.060696107692162382e-01 4.024983979035680060e-01 -6.748082210177970552e-02 1.493343738912265017e+00 1.453060535139358844e+00
1.583524528403445005e+09 -4.540365058064352310e-01 6.056563152269960754e-02 8.889221877147865936e-01 2.589326669001288383e-01 -9.456575439319713228e-01 1.966867652607967309e-01 8.525284309253617909e-01 3.194739643612685143e-01 4.136806264392413057e-01 -7.038280276015017323e-02 1.488815410360349922e+00 1.446648323766135169e+00
1.583524528403460979e+09 -4.686288112550791585e-01 6.825894664471045259e-02 8.807540823651678341e-01 2.649565345797885718e-01 -9.402486275216701550e-01 2.138470323369066617e-01 8.427247902927038625e-01 3.335764300270288030e-01 4.225419426382054366e-01 -7.325090096751532553e-02 1.484210619700290890e+00 1.440275442035144904e+00
1.583524528403477907e+09 -4.816118108816532239e-01 7.774809694901528567e-02 8.729291478570321283e-01 2.705778748294245806e-01 -9.342037626375280235e-01 2.324885879756135032e-01 8.335692397159467637e-01 3.481645635600287836e-01 4.288866510074201832e-01 -7.608855724634627782e-02 1.479526182874785434e+00 1.433947135439085585e+00
1.583524528403495073e+09 -4.928278656198908370e-01 8.899566265286701361e-02 8.655636701224370677e-01 2.756828486938580069e-01 -9.275379123840353790e-01 2.523338820660478432e-01 8.252997406596587204e-01 3.629782268192898176e-01 4.325819518358942073e-01 -7.889910842574540673e-02 1.474757500128325294e+00 1.427669861123891160e+00
1.583524528403512001e+09 -5.021543863859010415e-01 1.019192052056599462e-01 8.587510978053820576e-01 2.801799125177424354e-01 -9.202925712413531079e-01 2.730582354585674998e-01 8.181321341831438998e-01 3.777221981236509873e-01 4.335732374045924153e-01 -8.168606762496981311e-02 1.469898588689223295e+00 1.421451537882243876e+00
1.583524528403529882e+09 -5.095130049245264470e-01 1.163944926570557453e-01 8.525542915440572633e-01 2.840029886486962196e-01 -9.125362657021645063e-01 2.943125315530659147e-01 8.122430673014853220e-01 3.920840291139202627e-01 4.318927110595836005e-01 -8.445341917097243245e-02 1.464942197974101967e+00 1.415301768587484021e+00
1.583524528403548002e+09 -5.148756112968362331e-01 1.322624738731678629e-01 8.470004386273728425e-01 2.871114750884899980e-01 -9.043613245042215754e-01 3.157492606890769382e-01 8.077562168699194967e-01 4.057551389401898856e-01 4.276595158108261185e-01 -8.720590981065433345e-02 1.459880011852343618e+00 1.409232026186557185e+00
1.583524528403564930e+09 -5.182663905013205063e-01 1.493393945009711121e-01 8.420793869137987997e-01 2.894875462682763856e-01 -8.958769110766503507e-01 3.370482469432967143e-01 8.047340611406760269e-01 4.184522738402381425e-01 4.210709981581447492e-01 -8.994931624075348797e-02 1.454702937419814157e+00 1.403255795992658816e+00
1.583524528403582096e+09 -5.197596993988758962e-01 1.674287519213973341e-01 8.377454673402516816e-01 2.911318493693994536e-01 -8.871991688980191970e-01 3.579383759834013357e-01 8.031762579229486665e-01 4.299363299033256425e-01 4.123865311453260296e-01 -9.269066929075962802e-02 1.449401474746456753e+00 1.397388668687872482e+00
1.583524528403599977e+09 -5.194742810861346927e-01 1.863334707101420851e-01 8.339222440500428934e-01 2.920589970042686279e-01 -8.784399623799873380e-01 3.782126052565206176e-01 8.030242920898542636e-01 4.400262153813372934e-01 4.019066013673981974e-01 -9.543841687895972259e-02 1.443966158002030431e+00 1.391648379419120118e+00
1.583524528403616905e+09 -5.175647476456131102e-01 2.058667594472773643e-01 8.305092470812790451e-01 2.922941067081743505e-01 -8.696959309600381660e-01 3.977350158930450519e-01 8.041709316468003133e-01 4.486065816101251769e-01 3.899503144790663622e-01 -9.820251068244684189e-02 1.438388054493281221e+00 1.386054789116483832e+00
1.583524528403635025e+09 -5.142114292705531886e-01 2.258604802527211519e-01 8.273896600791239564e-01 2.918711470025412424e-01 -8.610394045709897082e-01 4.164401245505460758e-01 8.064724667850966533e-01 4.556294407471386254e-01 3.768341454458952744e-01 -1.009944051795903797e-01 1.432659304555339963e+00 1.380629804783242820e+00
1.583524528403651953e+09 -5.096097042325545834e-01 2.461703564726150928e-01 8.244380541219923364e-01 2.908332653830409953e-01 -8.525122471413246750e-01 4.343257766157846977e-01 8.097616693979545754e-01 4.611106419390975653e-01 3.628539855041947315e-01 -1.038269621089294992e-01 1.426773682354476103e+00 1.375397235790479122e+00
1.583524528403670073e+09 -5.039597158000604926e-01 2.666778931476290748e-01 8.215275444532381677e-01 2.892347335097855687e-01 -8.441231183513996372e-01 4.514415023105984859e-01 8.138598613458110087e-01 4.651226315866637817e-01 3.482715374646646045e-01 -1.067142584301199737e-01 1.420727154584988439e+00 1.370382584500819956e+00
1.583524528403686047e+09 -4.974570279262208183e-01 2.872893495675734044e-01 8.185360927473845916e-01 2.871437108623947077e-01 -8.358481912000906844e-01 4.678742251844270061e-01 8.185871943822758956e-01 4.677848126407785911e-01 3.333052270635925574e-01 -1.096713012220827954e-01 1.414518412418505955e+00 1.365612770640881601e+00
1.583524528403703928e+09 -4.902846130349325926e-01 3.079323726967353458e-01 8.153518579146358247e-01 2.846448730627111900e-01 -8.276349878046347364e-01 4.837330081904200330e-01 8.237707779401161057e-01 4.692525768213723358e-01 3.181253285897954197e-01 -1.127136581731323778e-01 1.408149351668832816e+00 1.361115789996399927e+00
1.583524528403721094e+09 -4.826064430714115949e-01 3.285510759534489011e-01 8.118775842047215585e-01 2.818409936391268467e-01 -8.194087299884367237e-01 4.991342379916094973e-01 8.292506711111852225e-01 4.697057842488335244e-01 3.028527708916736727e-01 -1.158570163626989336e-01 1.401625477938217568e+00 1.356920307146156413e+00
1.583524528403738022e+09 -4.745628470071210359e-01 3.491004340723009580e-01 8.080340285590268401e-01 2.788527508860388360e-01 -8.110804387270782456e-01 5.141883558092276152e-01 8.348839725924722677e-01 4.693372016949092784e-01 2.875610257759756982e-01 -1.191166858100559112e-01 1.394956214287260909e+00 1.353055183229547653e+00
1.583524528403754950e+09 -4.662677038734698853e-01 3.695408600588106496e-01 8.037623910148196105e-01 2.758163113945064082e-01 -8.025559306614421518e-01 5.289889796026878699e-01 8.405473162299761380e-01 4.683412548120256536e-01 2.722805140872353591e-01 -1.225070676478687837e-01 1.388155090192461083e+00 1.349548942020700082e+00
1.583524528403773069e+09 -4.578074530005040721e-01 3.898337370357465859e-01 7.990256526446686269e-01 2.728785787716045408e-01 -7.937448310010386532e-01 5.436050262083120810e-01 8.461380604564582297e-01 4.669034169734254114e-01 2.570050232922503342e-01 -1.260411098517827677e-01 1.381239792395554833e+00 1.346429181231389993e+00
1.583524528403790951e+09 -4.492418450371832850e-01 4.099384834751371720e-01 7.938086700030398957e-01 2.701904336077834423e-01 -7.845687014823836680e-01 5.580762333707663947e-01 8.515743622155123038e-01 4.651907054916444295e-01 2.416996344088198079e-01 -1.297297763838793361e-01 1.374232061061543053e+00 1.343721941679212994e+00
1.583524528403809071e+09 -4.406062664857445244e-01 4.298114374973023843e-01 7.881168988597431202e-01 2.678987560946616830e-01 -7.749674303537831266e-01 5.724122101999616907e-01 8.567942428289462287e-01 4.633439436798155731e-01 2.263095566747819753e-01 -1.335815588319424763e-01 1.367157419168106625e+00 1.341451056564079813e+00
1.583524528403826952e+09 -4.319153129738537156e-01 4.494065080496794096e-01 7.819737547255626309e-01 2.661382719084941506e-01 -7.649032708779814893e-01 5.865947548673986489e-01 8.617537831496293599e-01 4.614724008889135032e-01 2.107691641987777531e-01 -1.376020602553277017e-01 1.360044731775987170e+00 1.339637509915007518e+00
1.583524528403845072e+09 -4.231671771459504794e-01 4.686772046162367422e-01 7.754168028858678952e-01 2.650243471228717618e-01 -7.543622456702786527e-01 6.005827984146794307e-01 8.664246278510698840e-01 4.596512593716040040e-01 1.950104718807716686e-01 -1.417936792499838450e-01 1.352925602963387375e+00 1.338298838869808716e+00
1.583524528403862000e+09 -4.143483592388890746e-01 4.875794107357545037e-01 7.684931720977864478e-01 2.646477211024926834e-01 -7.433530228558330455e-01 6.143190271663170332e-01 8.707910317864440142e-01 4.579220476252529592e-01 1.789703254478899330e-01 -1.461554180653522328e-01 1.345833631111144291e+00 1.337448618483138230e+00
1.583524528403879881e+09 -4.054382142874129458e-01 5.060741802671557821e-01 7.612547396244329079e-01 2.650718124635985662e-01 -7.319037433662989312e-01 6.277370824603873967e-01 8.748467230098163627e-01 4.562957753246761894e-01 1.625957465365133747e-01 -1.506828306331030876e-01 1.338803556650949078e+00 1.337096065757188201e+00
1.583524528403897047e+09 -3.964129266457427359e-01 5.241299399857271002e-01 7.537536717900736871e-01 2.663327205894848726e-01 -7.200575505104759300e-01 6.407682934637718430e-01 8.785918697892365348e-01 4.547581005671699206e-01 1.458471680929076530e-01 -1.553681152754511074e-01 1.331870347066401283e+00 1.337245790614194352e+00
1.583524528403913021e+09 -3.872486237699835909e-01 5.417236783364256514e-01 7.460388460772062746e-01 2.684416764933242883e-01 -7.078676447998147880e-01 6.533471234950333217e-01 8.820303678659334734e-01 4.532756929789165667e-01 1.286995588519908307e-01 -1.602003450672317419e-01 1.325068269212872796e+00 1.337897708506482930e+00
1.583524528403928995e+09 -3.779235116313334197e-01 5.588410590579726556e-01 7.381534326991292527e-01 2.713891395884700519e-01 -6.953926465900646114e-01 6.654149096572100630e-01 8.851676419737953827e-01 4.518027643253139103e-01 1.111418367784325345e-01 -1.651658188730757426e-01 1.318429998694637062e+00 1.339047116708844243e+00
1.583524528403944969e+09 -3.684190677817925086e-01 5.754756154389345513e-01 7.301336909554834165e-01 2.751497134612010953e-01 -6.826927851953431547e-01 6.769218538625131343e-01 8.880090234927308090e-01 4.502869942072900700e-01 9.317508881229263906e-02 -1.702485088536462576e-01 1.311985811459318141e+00 1.340684925683496509e+00
1.583524528403963089e+09 -3.587204582965668465e-01 5.916273555087838698e-01 7.220087985277513498e-01 2.796870533783002988e-01 -6.698271585373747339e-01 6.878275436986570623e-01 8.905586926751296595e-01 4.486743250694377183e-01 7.481019353120611781e-02 -1.754305757337954741e-01 1.305762895424103398e+00 1.342798028538548127e+00
1.583524528403980970e+09 -3.488163755453181913e-01 6.073010889008515489e-01 7.138014595877276713e-01 2.849582640668311684e-01 -6.568520595995691602e-01 6.981003936054182013e-01 8.928190880678117392e-01 4.469124738681641840e-01 5.606529064159621045e-02 -1.806929207525773684e-01 1.299784809961099796e+00 1.345369783567470279e+00
1.583524528403997898e+09 -3.386985206069768606e-01 6.225047661568017254e-01 7.055289706234703084e-01 2.909174475818751548e-01 -6.438202109657158445e-01 7.077164507461485288e-01 8.947906743800239093e-01 4.449532021973176543e-01 3.696345531499144188e-02 -1.860157435237504153e-01 1.294071109702803923e+00 1.348380579469941276e+00
1.583524528404015064e+09 -3.283609461433983356e-01 6.372480416156505179e-01 6.972044338952048115e-01 2.975182637875033453e-01 -6.307806546663183855e-01 7.166579717158094720e-01 8.964719582265640030e-01 4.427535423228504685e-01 1.753080163387030904e-02 -1.913790776781783831e-01 1.288637137607208549e+00 1.351808450371424941e+00
1.583524528404031038e+09 -3.177994432188595009e-01 6.515411774422186220e-01 6.888378678072895056e-01 3.047155341181177479e-01 -6.177790162148878439e-01 7.249120846032938159e-01 8.978596534438186838e-01 4.402762556708834096e-01 -2.204890496466261479e-03 -1.967632805625334769e-01 1.283493980977988835e+00 1.355629707251754246e+00
1.583524528404048920e+09 -3.070111045668721950e-01 6.653943209638346623e-01 6.804370503139941517e-01 3.124660377631960362e-01 -6.048578862804900869e-01 7.324697349795989965e-01 8.989489179269206653e-01 4.374898114484968570e-01 -2.221503924610546826e-02 -2.021494590830678062e-01 1.278648576007307636e+00 1.359819556489352488e+00
1.583524528404068947e+09 -2.959941055404878285e-01 6.788170995818361142e-01 6.720080616621297853e-01 3.207287511832692117e-01 -5.920571478786037511e-01 7.393249636137623204e-01 8.997336037816207055e-01 4.343681377023782542e-01 -4.247073471267440170e-02 -2.075198197422032098e-01 1.274103939187226420e+00 1.364352679877239183e+00
1.583524528404088974e+09 -2.847476937326131052e-01 6.918184559754255725e-01 6.635555553411022212e-01 3.294647588269126182e-01 -5.794141553394684951e-01 7.454744860124937755e-01 9.002064894948037521e-01 4.308903116291338264e-01 -6.294295629789364854e-02 -2.128579368258188276e-01 1.269859500920320405e+00 1.369203757588054016e+00
1.583524528404107094e+09 -2.732723403178072830e-01 7.044066438246103790e-01 6.550828255200097372e-01 3.386370188427866856e-01 -5.669637396819049435e-01 7.509174970443800445e-01 9.003594824342353586e-01 4.270402769240453367e-01 -8.360265789626065980e-02 -2.181489374802745018e-01 1.265911516337600462e+00 1.374347922733051730e+00
1.583524528404125929e+09 -2.615700016821737028e-01 7.165893267678401513e-01 6.465917344976689352e-01 3.482100972139421380e-01 -5.547380499745668825e-01 7.556556253485374741e-01 9.001837937555910996e-01 4.228066139127362177e-01 -1.044208064677094594e-01 -2.233796064087828492e-01 1.262253527491921323e+00 1.379761140396306596e+00
1.583524528404145002e+09 -2.496443930111455767e-01 7.283737089306810963e-01 6.380826101022992747e-01 3.581499731816427667e-01 -5.427663074226751760e-01 7.596929197043763571e-01 8.996700916831767980e-01 4.181823475023670467e-01 -1.253684589524920179e-01 -2.285384168874631527e-01 1.258876849861733982e+00 1.385420506792469642e+00
1.583524528404164076e+09 -2.375012300601171411e-01 7.397666765202683958e-01 6.295541518951254245e-01 3.684239243398675923e-01 -5.310745218236282428e-01 7.630358210831479360e-01 8.988086436022899584e-01 4.131647573050146738e-01 -1.464168898687202569e-01 -2.336154979151126021e-01 1.255771058590024802e+00 1.391304469255633558e+00
1.583524528404181004e+09 -2.251484601480214232e-01 7.507749737718283356e-01 6.210033090001918499e-01 3.790004440201102942e-01 -5.196851602291243655e-01 7.656931485147338012e-01 8.975894576279529469e-01 4.077551631752767691e-01 -1.675377348270813416e-01 -2.386025492292027927e-01 1.252924453738687438e+00 1.397392971989080745e+00
1.583524528404197931e+09 -2.125963969330090242e-01 7.614053617129954432e-01 6.124252177238520556e-01 3.898492288560247987e-01 -5.086168657883735067e-01 7.676760140894023365e-01 8.960024279486000776e-01 4.019586534612814011e-01 -1.887031800202007004e-01 -2.434927171744959984e-01 1.250324487251484040e+00 1.403667534708940456e+00
1.583524528404216051e+09 -1.998577198641900421e-01 7.716647366092379556e-01 6.038132378664656796e-01 4.009412255838727401e-01 -4.978842944099222678e-01 7.689976352495849765e-01 8.940374855425645695e-01 3.957837335683296320e-01 -2.098861853943018441e-01 -2.482804442250551857e-01 1.247958139856408133e+00 1.410111273945932941e+00
1.583524528404234886e+09 -1.869473779635235366e-01 7.815602297030110890e-01 5.951590420698007478e-01 4.122486833028595754e-01 -4.874980534908206486e-01 7.696730935728085532e-01 8.916847543295867151e-01 3.892418981741179729e-01 -2.310606927495963414e-01 -2.529613035725156167e-01 1.245812241887230165e+00 1.416708878313965636e+00
1.583524528404252052e+09 -1.738824319852472489e-01 7.910993004666426742e-01 5.864527234026518654e-01 4.237451813347993257e-01 -4.774647218979500840e-01 7.697190790481088785e-01 8.889347114706954711e-01 3.823471410255117608e-01 -2.522017894941627203e-01 -2.575318282494026834e-01 1.243873736639766747e+00 1.423446549080984891e+00
1.583524528404269934e+09 -1.606818612755828990e-01 8.002898283105647215e-01 5.776828977025059153e-01 4.354056196466793982e-01 -4.677869308608290644e-01 7.691536476596302352e-01 8.857783503512450807e-01 3.751154197390393907e-01 -2.732858138560443906e-01 -2.619893424497912737e-01 1.242129887786203923e+00 1.430311916089845425e+00
1.583524528404287100e+09 -1.473663516634171333e-01 8.091402011111888948e-01 5.688367898452608706e-01 4.472061705304034018e-01 -4.584634916662362336e-01 7.679960077115975947e-01 8.822073449873213402e-01 3.675640921848727372e-01 -2.942903986178639353e-01 -2.663318004410455409e-01 1.240568435311083295e+00 1.437293938049972519e+00
1.583524528404314995e+09 -1.339580690475309366e-01 8.176593921435928447e-01 5.599003074786883527e-01 4.591241982719154735e-01 -4.494895676134886831e-01 7.662663369743103470e-01 8.782142144201373624e-01 3.597113386534955826e-01 -3.151944583371679154e-01 -2.705576370925020790e-01 1.239177705138502228e+00 1.444382794101624290e+00
1.583524528404342890e+09 -1.204804245974147037e-01 8.258570192127111520e-01 5.508581044554259343e-01 4.711381528101362681e-01 -4.408568851444535919e-01 7.639856332416207207e-01 8.737924858715047094e-01 3.515755832659422930e-01 -3.359781258023180617e-01 -2.746656335374544344e-01 1.237946677177213184e+00 1.451569771307070766e+00
1.583524528404371977e+09 -1.069577577905084231e-01 8.337433234592744880e-01 5.416937407556164930e-01 4.832274802624433874e-01 -4.325540888022388897e-01 7.611755136575875103e-01 8.689368449296476227e-01 3.431749276382777825e-01 -3.566226699133158151e-01 -2.786548004369145404e-01 1.236865017167725345e+00 1.458847151680533694e+00
1.583524528404398918e+09 -9.341488533881504852e-02 8.413290152565547908e-01 5.323900331738699032e-01 4.953725812858837396e-01 -4.245673326076566112e-01 7.578578928828263450e-01 8.636432510096613280e-01 3.345266331442389718e-01 -3.771104172978680391e-01 -2.825242794520840817e-01 1.235923079119018775e+00 1.466208102090082788e+00
1.583524528404424906e+09 -7.987663177001437520e-02 8.486250585534813595e-01 5.229294730941069780e-01 5.075547736897505491e-01 -4.168809657612966846e-01 7.540546479552341363e-01 8.579090135367561931e-01 3.256466958145323720e-01 -3.974246521410021993e-01 -2.862732618574894139e-01 1.235111885644186280e+00 1.473646569820495467e+00
1.583524528404455900e+09 -6.636724197604496056e-02 8.556423086135570566e-01 5.132948753311864509e-01 5.197563267443556789e-01 -4.094784657578367515e-01 7.497871343935158528e-01 8.517327926679829631e-01 3.165495631111325259e-01 -4.175495469044114283e-01 -2.899009231282837495e-01 1.234423092017195689e+00 1.481157185187108372e+00
1.583524528404485941e+09 -5.290965519144581741e-02 8.623909717433800859e-01 5.034703371414582795e-01 5.319606040673798830e-01 -4.023436769215597564e-01 7.450754870304924227e-01 8.451144799437257937e-01 3.072480717797426708e-01 -4.374701570496042358e-01 -2.934063728563818252e-01 1.233848938129819439e+00 1.488735171442831628e+00
1.583524528404510975e+09 -3.952472891494700907e-02 8.688799448045976259e-01 4.934424358107661335e-01 5.441523056628007060e-01 -3.954622468703288263e-01 7.399377538376770147e-01 8.380549290752102864e-01 2.977536782863600684e-01 -4.571724871988868677e-01 -2.967886186327261533e-01 1.233382192498022611e+00 1.496376262217662845e+00
1.583524528404536009e+09 -2.623057735704738963e-02 8.751161691478643867e-01 4.832014563779634675e-01 5.563177557209288970e-01 -3.888230112733735422e-01 7.343890117547732244e-01 8.305555439467869894e-01 2.880769975500782620e-01 -4.766436111328024583e-01 -3.000465410029192204e-01 1.233016092918208795e+00 1.504076627089680818e+00
1.583524528404561996e+09 -1.304214723040673062e-02 8.811041161474054695e-01 4.727424658754726949e-01 5.684451856191917729e-01 -3.824191133001089149e-01 7.284405897129420104e-01 8.226177565795368407e-01 2.782286081782168186e-01 -4.958718264664682684e-01 -3.031788767071826318e-01 1.232744287121989579e+00 1.511832805330736607e+00
1.583524528404591084e+09 2.896577244778167359e-05 8.868454229308514458e-01 4.620662237449151277e-01 5.805250100244967459e-01 -3.762488312557166759e-01 7.220993904768115978e-01 8.142424159876144873e-01 2.682200829989013213e-01 -5.148468463675816009e-01 -3.061842079182054421e-01 1.232560775503701800e+00 1.519641647375863380e+00
1.583524528404616117e+09 1.297450254467033895e-02 8.923386453977529831e-01 4.511800132449623191e-01 5.925501151222918317e-01 -3.703161847222407599e-01 7.153672374476899298e-01 8.054290927492572250e-01 2.580652347406872105e-01 -5.335600353318000755e-01 -3.090609573395128318e-01 1.232459855998107257e+00 1.527500262669423625e+00
1.583524528404642105e+09 2.578928014061518392e-02 8.975791741686615088e-01 4.400983290888927368e-01 6.045161095135027640e-01 -3.646312432348001176e-01 7.082403051280832251e-01 7.961753490666378941e-01 2.477815220626487791e-01 -5.520046476207094432e-01 -3.118073886612202639e-01 1.232436071513446141e+00 1.535405972987145873e+00
1.583524528404668093e+09 3.847063791595027593e-02 9.025593658759317739e-01 4.288433294645944693e-01 6.164214653352482198e-01 -3.592100451868913136e-01 7.007087273061429755e-01 7.864760563319351805e-01 2.373915218094466983e-01 -5.701760064414242990e-01 -3.144216115945751011e-01 1.232484160434373921e+00 1.543356270608353897e+00
1.583524528404711962e+09 5.101754746198200463e-02 9.072689577348789225e-01 4.174449045322435881e-01 6.282674462403230464e-01 -3.540740013030495015e-01 6.927565355939476754e-01 7.763228876794759925e-01 2.269243046767358274e-01 -5.880715382875698616e-01 -3.169015914921395338e-01 1.232599010190735589e+00 1.551348780578081676e+00
1.583524528404731035e+09 6.342953850146450245e-02 9.116956232566593155e-01 4.059406167390074982e-01 6.400578830902194927e-01 -3.492490298383992275e-01 6.843617621282047647e-01 7.657039898205628692e-01 2.164167410650701118e-01 -6.056906754206926591e-01 -3.192451639246248196e-01 1.232775613810929594e+00 1.559381226395415654e+00
1.583524528404748917e+09 7.570545592433025606e-02 9.158256827741019235e-01 3.943754592427658467e-01 6.517987428090074031e-01 -3.447643856899454962e-01 6.754967929195887510e-01 7.546039245204241297e-01 2.059146358404758403e-01 -6.230345736610347629e-01 -3.214500550047822980e-01 1.233009029367918563e+00 1.567451398569091658e+00
1.583524528404767036e+09 8.784209267506452867e-02 9.196449793745914425e-01 3.828013568469630368e-01 6.634974425273023613e-01 -3.406511462497551768e-01 6.661290718251794418e-01 7.430039775116099587e-01 1.954735495979462445e-01 -6.401056013982656667e-01 -3.235139084062095827e-01 1.233294342410282463e+00 1.575557125682149007e+00
1.583524528404783964e+09 9.983278270660407572e-02 9.231399260856082423e-01 3.712763021013016917e-01 6.751618757215638311e-01 -3.369403226880010038e-01 6.562222645805789734e-01 7.308829298534633701e-01 1.851591097855075640e-01 -6.569065740607143988e-01 -3.254343195703167657e-01 1.233626631873627977e+00 1.583696247939114121e+00
