1.583524530669179916e+09 -4.410258879511338437e-01 3.863531883935660272e-01 8.100786259780901055e-01 2.639270511796812380e-01 -8.068602943701788099e-01 5.285063642897581682e-01 8.578103974920064934e-01 4.468866515724149169e-01 2.538772200426171466e-01 -2.725990592458136241e-01 1.413022736716685657e+00 1.390575405822085608e+00
1.583524530669250965e+09 -4.315592552407566118e-01 4.070542116450825421e-01 8.050238992039643326e-01 2.563423886067369706e-01 -8.002771721606277699e-01 5.420747435476900300e-01 8.648960569067868365e-01 4.402991218139335472e-01 2.410217714907464115e-01 -2.842217645464761300e-01 1.407052680447695492e+00 1.389472027363634510e+00
1.583524530669277906e+09 -4.218545847296186202e-01 4.275330115482987581e-01 7.995337601818661710e-01 2.489236788695605440e-01 -7.933410121025014083e-01 5.555601143751548454e-01 8.718232112502437570e-01 4.333884663037777529e-01 2.282514531295226634e-01 -2.960314056001741023e-01 1.401368032883324233e+00 1.389067732132584165e+00
1.583524530669300079e+09 -4.119426863701247665e-01 4.477870794453768788e-01 7.935930663252138695e-01 2.418868828507469704e-01 -7.859378673013474037e-01 5.690275957428353459e-01 8.785180472167257726e-01 4.263665094718372406e-01 2.154475355414390558e-01 -3.080056455519864511e-01 1.396032482598431157e+00 1.389377207679801884e+00
1.583524530669322014e+09 -4.018185353265920079e-01 4.677967312762533192e-01 7.872153982022681573e-01 2.354084519558996003e-01 -7.780070035569427445e-01 5.824843029939845707e-01 8.849433460119211503e-01 4.193701477244348164e-01 2.024943302968726100e-01 -3.201153490689965242e-01 1.391109108862434773e+00 1.390407628062210410e+00
1.583524530669339895e+09 -3.914585607492984676e-01 4.875304106502491019e-01 7.804321201736880154e-01 2.296115924846917067e-01 -7.695368620600595566e-01 5.958955735678159726e-01 8.910884984378412144e-01 4.124646855236097642e-01 1.892991584853801201e-01 -3.323249900554497427e-01 1.386658685392013091e+00 1.392158254319422417e+00
1.583524530669352055e+09 -3.808353544662906320e-01 5.069533623531937705e-01 7.732804934038081113e-01 2.245584123978104363e-01 -7.605549556707464909e-01 6.092041356527073681e-01 8.969603962526664365e-01 4.056531128797272179e-01 1.758055739185190869e-01 -3.445933574636351748e-01 1.382737996250359869e+00 1.394620296594982101e+00
1.583524530669362068e+09 -3.699290924187476071e-01 5.260364875232996784e-01 7.657924527363154654e-01 2.202489625738597856e-01 -7.511141528146045854e-01 6.223487157511128354e-01 9.025756817594334791e-01 3.988898888475287396e-01 1.619999861952984288e-01 -3.568745323538564107e-01 1.379398258133126554e+00 1.397777065036928112e+00
1.583524530669372082e+09 -3.587356748452719124e-01 5.447630683830521070e-01 7.579854320570418302e-01 2.166267126028012524e-01 -7.412778950778369236e-01 6.352794264937287050e-01 9.079546151744475324e-01 3.920972861260845765e-01 1.479125932825245682e-01 -3.691190857142333526e-01 1.376683738865696061e+00 1.401604413011849459e+00
1.583524530669384956e+09 -3.472719835253403331e-01 5.631321564810964908e-01 7.498562156085905039e-01 2.135890328023010154e-01 -7.311065312586862985e-01 6.479683364855104433e-01 9.131165833350761707e-01 3.851823133063017046e-01 1.336139626314136464e-01 -3.812754288043471163e-01 1.374630646211498108e+00 1.406071450911368759e+00
1.583524530669399977e+09 -3.356610712750810466e-01 5.810334355046447019e-01 7.414390010969521549e-01 2.110178768373255631e-01 -7.207204524745373098e-01 6.603283161506070531e-01 9.180430823889864644e-01 3.781033938094998104e-01 1.193093572317474871e-01 -3.932912383252947786e-01 1.373266339346885800e+00 1.411141488652851717e+00
1.583524530669409990e+09 -3.236390416237777679e-01 5.984751662036417175e-01 7.328610007811015015e-01 2.092794164030811754e-01 -7.100850164610007509e-01 6.722956160335247233e-01 9.227458462890389956e-01 3.709538314107658774e-01 1.045627006804255577e-01 -4.051321459549000470e-01 1.372545083928853771e+00 1.416728884422937540e+00
1.583524530669420004e+09 -3.112056144051639217e-01 6.154386814617797130e-01 7.241452169384274828e-01 2.083430444133751724e-01 -6.992642612690233017e-01 6.838294150055143072e-01 9.272239436318318040e-01 3.636821723417193453e-01 8.939259551119128899e-02 -4.167542862081586863e-01 1.372469209503931475e+00 1.422800654623274541e+00
1.583524530669433117e+09 -2.983651407808510236e-01 6.319100229426660720e-01 7.153096993351437671e-01 2.081711443482036628e-01 -6.883188648380000885e-01 6.948970535548533167e-01 9.314735732507249955e-01 3.562398958888325917e-01 7.382492240582438914e-02 -4.281166633298881807e-01 1.373033684768607765e+00 1.429321701178685400e+00
1.583524530669445038e+09 -2.851252716342307370e-01 6.478790007890500302e-01 7.063684450084103394e-01 2.087225836326100370e-01 -6.773053240148481091e-01 7.054731612281222031e-01 9.354883552423685078e-01 3.485832735678134342e-01 5.788988556095959331e-02 -4.391820317993632150e-01 1.374226642160050860e+00 1.436255730862356028e+00
1.583524530669456959e+09 -2.714957659921943822e-01 6.633381816385977015e-01 6.973324215323862818e-01 2.099552665478200963e-01 -6.662758389316940644e-01 7.155384633791753712e-01 9.392597273033075345e-01 3.406742776510685022e-01 4.161972451404437334e-02 -4.499175759174498523e-01 1.376030090643413306e+00 1.443566131700353417e+00
1.583524530669466972e+09 -2.574875816079277846e-01 6.782819899860563773e-01 6.882104966285876868e-01 2.118277647391799690e-01 -6.552786011397608856e-01 7.250785840474475163e-01 9.427773563466081974e-01 3.324808222572634420e-01 2.504714448435742605e-02 -4.602953747031415799e-01 1.378420764899177309e+00 1.451216769799304807e+00
1.583524530669477940e+09 -2.431123163667355258e-01 6.927060331746773825e-01 6.790101277048187223e-01 2.143001652116706679e-01 -6.443582115626353968e-01 7.340830569168472763e-01 9.460295138405911963e-01 3.239766149250071781e-01 8.204400030103479319e-03 -4.702926519775085246e-01 1.381371058999161017e+00 1.459172679940625050e+00
1.583524530669491053e+09 -2.283819696093647433e-01 7.066066689841681292e-01 6.697377782355992126e-01 2.173343783352053860e-01 -6.335560458096693992e-01 7.425446147417652520e-01 9.490033952453448274e-01 3.151408453233625062e-01 -8.877143530997741103e-03 -4.798918246051712688e-01 1.384849993325299566e+00 1.467400632004890459e+00
1.583524530669502020e+09 -2.133089569812345043e-01 7.199807918905466453e-01 6.603990827308517941e-01 2.208941277767313138e-01 -6.229104689004045792e-01 7.504587477792272754e-01 9.516853857348421819e-01 3.059578521165403076e-01 -2.616714662593855323e-02 -4.890803699627301881e-01 1.388824170814388026e+00 1.475869565931306582e+00
1.583524530669512987e+09 -1.979062925475439938e-01 7.328257896855276954e-01 6.509988184577447656e-01 2.249448009158546702e-01 -6.124568745626111088e-01 7.578234711410403168e-01 9.540612853201120291e-01 2.964168331999555428e-01 -4.363628197533477027e-02 -4.978505378662716474e-01 1.393258687689199027e+00 1.484550897014913717e+00
1.583524530669528008e+09 -1.821878655267241687e-01 7.451396258055164035e-01 6.415407391590516317e-01 2.294532691232021582e-01 -6.022275612019866164e-01 7.646392364296469291e-01 9.561165092073361516e-01 2.865116102659252539e-01 -6.125616915535674750e-02 -5.061989366837347237e-01 1.398117969643682512e+00 1.493418698908500097e+00
1.583524530669540882e+09 -1.661687048918572551e-01 7.569209740969166100e-01 6.320273734406198773e-01 2.343877733317260847e-01 -5.922515260712349905e-01 7.709088802505904559e-01 9.578362769608050886e-01 2.762404189739730009e-01 -7.899935264628972498e-02 -5.141260286028229709e-01 1.403366508840099725e+00 1.502449775497845641e+00
1.583524530669550896e+09 -1.498651927194110667e-01 7.681693749826731255e-01 6.224598265281175991e-01 2.397178799376129543e-01 -5.825542291183367638e-01 7.766375655638138031e-01 9.592057976701272581e-01 2.656056884062692469e-01 -9.683933218394227826e-02 -5.216355690734026940e-01 1.408969486058213816e+00 1.511623637420009603e+00
1.583524530669560909e+09 -1.332952526693342021e-01 7.788854283742080442e-01 6.128375521895309541e-01 2.454144608729585952e-01 -5.731573148146803520e-01 7.818327410253366194e-01 9.602104551838811508e-01 2.546137902423067922e-01 -1.147505983844773481e-01 -5.287340229730282948e-01 1.414893271028408117e+00 1.520922401758086906e+00
1.583524530669573069e+09 -1.164784358542987480e-01 7.890709591307615289e-01 6.031581846654385792e-01 2.514497282798709432e-01 -5.640783911822877528e-01 7.865040386542918593e-01 9.608359945186569773e-01 2.432747218689586544e-01 -1.327087095578483311e-01 -5.354299877371133665e-01 1.421105800215477055e+00 1.530330633862565959e+00
1.583524530669584990e+09 -9.943587728383314339e-02 7.987291196452237507e-01 5.934174753334042762e-01 2.577973094536132326e-01 -5.553309317373142928e-01 7.906630784124014655e-01 9.610687039855915215e-01 2.316017053717418228e-01 -1.506903996409242885e-01 -5.417336475063314616e-01 1.427576838670851167e+00 1.539835150114189588e+00
1.583524530669600964e+09 -8.219016951723377706e-02 8.078644480206566003e-01 5.836092956340905857e-01 2.644323113241879852e-01 -5.469242795199439344e-01 7.943232246822882203e-01 9.608955869371297309e-01 2.196107154537392248e-01 -1.686736639734578436e-01 -5.476562747884822224e-01 1.434278138256749768e+00 1.549424798923804358e+00
1.583524530669615984e+09 -6.476518962244995348e-02 8.164828956215327560e-01 5.737256763141740379e-01 2.713313472594527931e-01 -5.388637278583254808e-01 7.974993309485154391e-01 9.603045196393634741e-01 2.073199561158192150e-01 -1.866377925607016763e-01 -5.532097893692490276e-01 1.441183507518517093e+00 1.559090234532999775e+00
1.583524530669625998e+09 -4.718590498830906727e-02 8.245918328479905357e-01 5.637568623638534726e-01 2.784725152916550650e-01 -5.311506538332051441e-01 8.002074988589075177e-01 9.592843941341229197e-01 1.947493064996639323e-01 -2.045633374879622379e-01 -5.584063796070468655e-01 1.448268808904732197e+00 1.568823694787363054e+00
1.583524530669636011e+09 -2.947817254369378137e-02 8.322000359246611856e-01 5.536913741805880029e-01 2.858353279508212830e-01 -5.237826875798733406e-01 8.024648662447360081e-01 9.578252465193476395e-01 1.819197533227411290e-01 -2.224320137406687881e-01 -5.632581859828093007e-01 1.455511899223937755e+00 1.578618791105266261e+00
1.583524530669648886e+09 -1.166853483930019135e-02 8.393176500078007862e-01 5.435160788528689002e-01 2.934006012377549100e-01 -5.167539130250851098e-01 8.042894259139040658e-01 9.559183713678377492e-01 1.688528235185588477e-01 -2.402265420948656027e-01 -5.677770450225750887e-01 1.462892527221963279e+00 1.588470315743172545e+00
1.583524530669658899e+09 6.215982507832876550e-03 8.459561262779980995e-01 5.332162734441788787e-01 3.011503097861047973e-01 -5.100550936471095476e-01 8.056998773927561697e-01 9.535564234522632132e-01 1.555700296005672612e-01 -2.579304430240673685e-01 -5.719742921258786916e-01 1.470392199701496594e+00 1.598374068759683908e+00
1.583524530669672012e+09 2.414813473932374971e-02 8.521280660039128874e-01 5.227758860243592043e-01 3.090674481187781764e-01 -5.036740289027155093e-01 8.067154301193103505e-01 9.507334959551869691e-01 1.420923361437874954e-01 -2.755278351339737752e-01 -5.758606202203199187e-01 1.477994026581942899e+00 1.608326705414426794e+00
1.583524530669682980e+09 4.210082277509825249e-02 8.578469179469512262e-01 5.121778854871494868e-01 3.171359300030616168e-01 -4.975961357526184070e-01 8.073554902615612816e-01 9.474451555901668431e-01 1.284396796447100642e-01 -2.930032868366385657e-01 -5.794459876432269674e-01 1.485682554783273712e+00 1.618325603798753010e+00
1.583524530669692993e+09 6.004745751248176389e-02 8.631266183285911664e-01 5.014047704903178415e-01 3.253404930325131117e-01 -4.918051134250716050e-01 8.076393341539556125e-01 9.436884372860836478e-01 1.146305866536341950e-01 -3.103416861969684470e-01 -5.827395662665324494e-01 1.493443599386608200e+00 1.628368751755338462e+00
1.583524530669706106e+09 7.796240626816394736e-02 8.679810855122306323e-01 4.904392915472806092e-01 3.336666768635511704e-01 -4.862838519124548786e-01 8.075856389203260877e-01 9.394617672831427901e-01 1.006819289532702999e-01 -3.275282235946500586e-01 -5.857497225523259354e-01 1.501264077941779629e+00 1.638454651252390537e+00
1.583524530669717073e+09 9.582153420486849704e-02 8.724235461414311388e-01 4.792654692465819211e-01 3.421009214099030582e-01 -4.810156519944907560e-01 8.072118075060233933e-01 9.347647797063152186e-01 8.660888482365000640e-02 -3.445485567315472730e-01 -5.884840267314358497e-01 1.509131851810957770e+00 1.648582237804068429e+00
1.583524530669732094e+09 1.136027650730582761e-01 8.764657702586732269e-01 4.678698169620873482e-01 3.506307908679415219e-01 -4.759856601157886336e-01 8.065331362875239885e-01 9.295980101573716459e-01 7.242516955804775836e-02 -3.613891733042481347e-01 -5.909492844524744104e-01 1.517035577716274064e+00 1.658750812706450306e+00
1.583524530669749022e+09 1.312865287960622851e-01 8.801173727661053547e-01 4.562425427373909548e-01 3.592452841021137599e-01 -4.711822771917362207e-01 8.055619700439763387e-01 9.239624848616426744e-01 5.814354712741978681e-02 -3.780379012100837377e-01 -5.931515828593370010e-01 1.524964571902522437e+00 1.668959986389228600e+00
1.583524530669765949e+09 1.488560021195316219e-01 8.833853102573508975e-01 4.443785374498016583e-01 3.679351870793473589e-01 -4.665983335010386313e-01 8.043069646305880394e-01 9.178592424580335196e-01 4.377658109902791972e-02 -3.944845018973874295e-01 -5.950963445186390199e-01 1.532908687749894749e+00 1.679209631254115154e+00
1.583524530669784069e+09 1.662971440961785174e-01 8.862735899408776818e-01 4.322781326070923025e-01 3.766934668207745363e-01 -4.622320091124738073e-01 8.027724471335092593e-01 9.112888083055005195e-01 2.933758310611410750e-02 -4.107213341551878560e-01 -5.967883845725592273e-01 1.540858206496120708e+00 1.689499842453321854e+00
1.583524530669801950e+09 1.835985593376685543e-01 8.887831537620149991e-01 4.199477049460922373e-01 3.855157296909023645e-01 -4.580875771705261723e-01 8.009577978103835649e-01 9.042506242142982487e-01 1.484174815774335666e-02 -4.267441052612899743e-01 -5.982319712460458794e-01 1.548803740109951699e+00 1.699830904715898816e+00
1.583524530669820070e+09 2.007511458167710039e-01 8.909119842889342555e-01 4.074000662679359008e-01 3.944006957342864883e-01 -4.541758932329444387e-01 7.988569016292584868e-01 8.967424763434149737e-01 3.074312549950792423e-04 -4.425526373925343093e-01 -5.994308889592087075e-01 1.556736145648091485e+00 1.710203263804450424e+00
1.583524530669837952e+09 2.177474848468232971e-01 8.926554819314297395e-01 3.946545625127887980e-01 4.033506099792179000e-01 -4.505145299149455052e-01 7.964577476773262443e-01 8.887599892503186272e-01 -1.424251279970778494e-02 -4.581515388957111967e-01 -6.003885027811755037e-01 1.564646450462318095e+00 1.720617501552887507e+00
1.583524530669848919e+09 2.345809391807157362e-01 8.940071707495442777e-01 3.817367704492192204e-01 4.123714661559456096e-01 -4.471274106210119670e-01 7.937423087136503685e-01 8.802962893778414344e-01 -2.877946450581433599e-02 -4.735506156536456457e-01 -6.011078244461997011e-01 1.572525787747335535e+00 1.731074313431218092e+00
1.583524530669858932e+09 2.512445756975452138e-01 8.949595832305305976e-01 3.686780544837280349e-01 4.214730979801095123e-01 -4.440441874616276041e-01 7.906865291194248302e-01 8.713418336562466227e-01 -4.326781971317751607e-02 -4.887650815610935506e-01 -6.015915806429464885e-01 1.580365342254071326e+00 1.741574487689120598e+00
1.583524530669868946e+09 2.677299269391604786e-01 8.955053305407197906e-01 3.555149638001460777e-01 4.306690606378992814e-01 -4.412993066425907052e-01 7.872604919823992242e-01 8.618844740724292963e-01 -5.766389847261804008e-02 -5.038154706054748244e-01 -6.018422847801678799e-01 1.588156306454884259e+00 1.752118885188559405e+00
1.583524530669878960e+09 2.840256393707351057e-01 8.956383533032334920e-01 3.422884405933520058e-01 4.399762192814254957e-01 -4.389306980912428546e-01 7.834288537003780695e-01 8.519098325893230683e-01 -7.191510705162049155e-02 -5.187271486735295367e-01 -6.018623133942283543e-01 1.595889847925040961e+00 1.762708419151561179e+00
1.583524530669888020e+09 3.001161022462033867e-01 8.953553295123112266e-01 3.290427926242395773e-01 4.494139607503179201e-01 -4.369780233964502547e-01 7.791516534164413255e-01 8.414020544718875394e-01 -8.595953256559790701e-02 -5.335293260423229489e-01 -6.016539873378284886e-01 1.603557088910857686e+00 1.773344034333103503e+00
1.583524530669898987e+09 3.159802189090232805e-01 8.946571389714096378e-01 3.158244848601971522e-01 4.590030366015233065e-01 -4.354805488489834064e-01 7.743855009199874795e-01 8.303449366749517946e-01 -9.972610248920900367e-02 -5.482535826386970568e-01 -6.012196565231210377e-01 1.611149098880128472e+00 1.784026685490037067e+00
1.583524530669908047e+09 3.315905013776079824e-01 8.935502818291408689e-01 3.026807452262545994e-01 4.687640553391154707e-01 -4.344746899443984178e-01 7.690851736251822501e-01 8.187233965325109164e-01 -1.131354846909365941e-01 -5.629319340112092229e-01 -6.005617861718324235e-01 1.618656900493918416e+00 1.794757315289835953e+00
1.583524530669918060e+09 3.469126764244145344e-01 8.920480569474769084e-01 2.896581766907191380e-01 4.787158288204231282e-01 -4.339915088437952262e-01 7.632054281506339688e-01 8.065251083400413190e-01 -1.261016835834143923e-01 -5.775946807841098041e-01 -5.996830411531801630e-01 1.626071488590789427e+00 1.805536832204707620e+00
1.583524530669926882e+09 3.619059150647750411e-01 8.901713747055237658e-01 2.768014316934022112e-01 4.888737320911164530e-01 -4.340543376538161802e-01 7.567029179972425412e-01 7.937421388089238583e-01 -1.385343129803772999e-01 -5.922682343851261022e-01 -5.985863645053504101e-01 1.633383860863645287e+00 1.816366089171182363e+00
1.583524530669936895e+09 3.765237040769109367e-01 8.879490796216034099e-01 2.641521011819925047e-01 4.992483192422078608e-01 -4.346767965071727247e-01 7.495379899527601086e-01 7.803723574095341453e-01 -1.503413277538868942e-01 -6.069732030459578098e-01 -5.972750460970061015e-01 1.640585057923760193e+00 1.827245863953161020e+00
1.583524530669946909e+09 3.907152615046233790e-01 8.854177415345012570e-01 2.517479050455599388e-01 5.098443727847481455e-01 -4.358613859840325122e-01 7.416761879810732649e-01 7.664204460817992670e-01 -1.614319529603035208e-01 -6.217229484640107717e-01 -5.957527771567941999e-01 1.647666209217714117e+00 1.838176842317407189e+00
1.583524530669955969e+09 4.044273243113792327e-01 8.826209530718209795e-01 2.396221877048125559e-01 5.206604567446601051e-01 -4.375987187913624732e-01 7.330893875680722926e-01 7.518984162345599964e-01 -1.717195817675089276e-01 -6.365227074952921615e-01 -5.940236884523326655e-01 1.654618581182478954e+00 1.849159604751787089e+00
1.583524530669965982e+09 4.176060882908073091e-01 8.796082174558430555e-01 2.278037293332052515e-01 5.316889910026303401e-01 -4.398674122361809213e-01 7.237565036457924705e-01 7.368256049231313165e-01 -1.811243873350870670e-01 -6.513693149801701443e-01 -5.920923707598125807e-01 1.661433623682942118e+00 1.860194617305579001e+00
1.583524530669976950e+09 4.301990060913492009e-01 8.764335554650485305e-01 2.163169857048231060e-01 5.429168791564935592e-01 -4.426346647545454926e-01 7.136636574430114122e-01 7.212281731076387592e-01 -1.895752532960045256e-01 -6.662515635322431296e-01 -5.899638780270096694e-01 1.668103011242506373e+00 1.871282226725204056e+00
1.583524530669986963e+09 4.421562917574011764e-01 8.731540104527621970e-01 2.051825723133260948e-01 5.543264674941287273e-01 -4.458572744341299243e-01 7.028039971001737163e-01 7.051382710446332247e-01 -1.970110786558042504e-01 -6.811509772808425067e-01 -5.876437158759466595e-01 1.674618676993951283e+00 1.882422659471921778e+00
1.583524530669996023e+09 4.534320570516773286e-01 8.698281793553753749e-01 1.944178703944394737e-01 5.658966583541515938e-01 -4.494829170079771008e-01 6.911773140460673037e-01 6.885930161540726457e-01 -2.033815280819958327e-01 -6.960428236785826117e-01 -5.851378192749022711e-01 1.680972838690111271e+00 1.893616023833914142e+00
1.583524530670006037e+09 4.639850216372914393e-01 8.665148667162670959e-01 1.840377291411836869e-01 5.776040822192747282e-01 -4.534515656710464970e-01 6.787895121939033771e-01 6.716334000718832131e-01 -2.086472228350345903e-01 -7.108972587981289282e-01 -5.824525232936890173e-01 1.687158017109558816e+00 1.904862314235185483e+00
1.583524530670015097e+09 4.737788558851281362e-01 8.632719168288069955e-01 1.740551453488464462e-01 5.894241889745993612e-01 -4.576969049285401492e-01 6.656520628232155401e-01 6.543032334915727111e-01 -2.127795598245205144e-01 -7.256804653695321239e-01 -5.795945298247333621e-01 1.693167047254197533e+00 1.916161417050431748e+00
1.583524530670025110e+09 4.827822168789976387e-01 8.601552437834985021e-01 1.644818772651334415e-01 6.013321993290601242e-01 -4.621476642667574630e-01 6.517814990724938307e-01 6.366481895855443662e-01 -2.157602680038064880e-01 -7.403557183570335098e-01 -5.765708724250503403e-01 1.698993082764475027e+00 1.927513117387386288e+00
1.583524530670034885e+09 4.909685130353564353e-01 8.572180702957119536e-01 1.553290039170354409e-01 6.133039116563229198e-01 -4.667288319559844689e-01 6.371989559300823558e-01 6.187149839297930720e-01 -2.175807381710442578e-01 -7.548843562382812067e-01 -5.733888816284831158e-01 1.704629594847498542e+00 1.938917106184581574e+00
1.583524530670044899e+09 4.983154709632353074e-01 8.545103633658841513e-01 1.466074029184921135e-01 6.253163457350596754e-01 -4.713627100230797784e-01 6.219297897886710835e-01 6.005507133762739702e-01 -2.182412306202151098e-01 -7.692266286187752211e-01 -5.700561521456544156e-01 1.710070366730708669e+00 1.950372987202101838e+00
