1.583524529295465946e+09 1.781046180388531075e-01 2.031135681155141481e-01 9.628206601718172220e-01 1.833145152481729934e-01 -9.681847406048620375e-01 1.703352475919723830e-01 9.667856710217634930e-01 1.461615083772291046e-01 -2.096718386957856228e-01 6.225829812485520615e-02 1.587216345961292907e+00 1.630310962286954934e+00
1.583524529295543909e+09 1.563805173671694027e-01 1.968647298038233295e-01 9.678788209900160977e-01 1.842107480075958204e-01 -9.685543213860832168e-01 1.672391307554413342e-01 9.703667009267915589e-01 1.521407398015731938e-01 -1.877276250101748700e-01 5.554905561440600520e-02 1.584910925462031051e+00 1.625728790400290613e+00
1.583524529295666933e+09 1.345824930238630202e-01 1.904833922841373539e-01 9.724215289735698153e-01 1.851953853762990654e-01 -9.688930479377066973e-01 1.641612953968168698e-01 9.734424595063742025e-01 1.579947434119951255e-01 -1.656726871072144724e-01 4.894435320666139233e-02 1.582528275970465526e+00 1.621035594745345421e+00
1.583524529295697927e+09 1.127216360287591201e-01 1.839818818055857785e-01 9.764448269706096362e-01 1.863015473086439000e-01 -9.691933279460899220e-01 1.611087413777728683e-01 9.760049008112783309e-01 1.637527412178965136e-01 -1.435251668121310664e-01 4.244411699675137983e-02 1.580065173155378533e+00 1.616239215725410183e+00
1.583524529295717955e+09 9.080854707379124036e-02 1.773756790453971111e-01 9.799447313220333022e-01 1.875654619375127230e-01 -9.694459343665192685e-01 1.580942055917000100e-01 9.780455027437431337e-01 1.694474810919286700e-01 -1.213035279441768560e-01 3.604788064971171241e-02 1.577518477771432392e+00 1.611347620771836020e+00
1.583524529295737982e+09 6.885340254831120999e-02 1.706840266358458647e-01 9.829171746385605424e-01 1.890265690627100093e-01 -9.696398501887467658e-01 1.551370913991795275e-01 9.795550853946318748e-01 1.751157445898784415e-01 -9.902681888226359808e-02 2.975477785777654732e-02 1.574885170899767095e+00 1.606368890999438692e+00
1.583524529295757055e+09 4.686606868721683583e-02 1.639307594637293419e-01 9.853579440516297971e-01 1.907277788750604552e-01 -9.697620306764007658e-01 1.522646322607717762e-01 9.805235775619792760e-01 1.807990873517923702e-01 -7.671508358377344960e-02 2.356353833063500047e-02 1.572162388789020371e+00 1.601311202924416088e+00
1.583524529295774937e+09 2.485629881487296661e-02 1.571453643373517672e-01 9.872626292348550825e-01 1.927157048377822757e-01 -9.697971036557042623e-01 1.495133267102661812e-01 9.809397645678146205e-01 1.865446655283437838e-01 -5.438994625105921660e-02 1.747248711115586065e-02 1.569347457103410504e+00 1.596182806234969664e+00
1.583524529295794010e+09 2.834066980876261826e-03 1.503642728895899505e-01 9.886265997434487973e-01 1.950407312442490604e-01 -9.697270233578773047e-01 1.469306412553414987e-01 9.807910488081317268e-01 1.924060436643284244e-01 -3.207542907784408787e-02 1.147954757315802939e-02 1.566437923851667247e+00 1.590991998022579734e+00
1.583524529295813084e+09 -1.918989035193628331e-02 1.436323748205464712e-01 9.894450410411481656e-01 1.977567675893385779e-01 -9.695306967815127130e-01 1.445769306841008239e-01 9.800632679547597315e-01 1.984438684734801117e-01 -9.799086405299610100e-03 5.582248337138990060e-03 1.563431590267538196e+00 1.585747094015245162e+00
1.583524529295831919e+09 -4.115370357744708996e-02 1.370197980528119197e-01 9.897130633939591471e-01 2.009133537817515414e-01 -9.691844267576148475e-01 1.425320006796602923e-01 9.787441939379515343e-01 2.047122905569500328e-01 1.235642144546755111e-02 -2.222659588647837164e-04 1.560326539111684507e+00 1.580456397552314707e+00
1.583524529295850992e+09 -6.307633012995973731e-02 1.302848046195837217e-01 9.894681634553997851e-01 2.041379852469654421e-01 -9.687961650548108095e-01 1.405762197865126351e-01 9.769079075172966142e-01 2.108550694040172979e-01 3.451202920817345726e-02 -5.880158490515120621e-03 1.557060552875179305e+00 1.575104128504575707e+00
1.583524529295869112e+09 -8.494765759834954633e-02 1.234475650427585697e-01 9.887085487557979446e-01 2.074500570945197186e-01 -9.683585891975718951e-01 1.387303735806734439e-01 9.745503422056565057e-01 2.168924651651482627e-01 5.665058944692941828e-02 -1.139534265652681830e-02 1.553635763381694179e+00 1.569702391885978932e+00
1.583524529295886993e+09 -1.067586620954142640e-01 1.165367478632634846e-01 9.874319088900662678e-01 2.108761584022466884e-01 -9.678610502797968529e-01 1.370263959383868912e-01 9.716654949611931436e-01 2.228546023351248850e-01 7.875272911547086252e-02 -1.677268073243778912e-02 1.550054910603492875e+00 1.564263005288681008e+00
1.583524529295900106e+09 -1.285014670331618425e-01 1.095907107914534939e-01 9.856354545712010529e-01 2.144489708900761404e-01 -9.672894195901058367e-01 1.355094743856976314e-01 9.682453263855806957e-01 2.287816751634288714e-01 1.007964943098603183e-01 -2.201792955502463595e-02 1.546321364558569167e+00 1.558797367478097051e+00
1.583524529295912981e+09 -1.501691339618323739e-01 1.026585994431558069e-01 9.833160445120134874e-01 2.182056972651860993e-01 -9.666260526789894891e-01 1.342398896688826726e-01 9.642797856945327650e-01 2.347238511018593932e-01 1.227567059189853260e-01 -2.713766369607142209e-02 1.542439131825899201e+00 1.553316328407673863e+00
1.583524529295926094e+09 -1.717550907238207802e-01 9.580134366122312894e-02 9.804704440177611779e-01 2.221860495061803442e-01 -9.658498541591051811e-01 1.332944809087640292e-01 9.597570257248009273e-01 2.407408602776623940e-01 1.446039072359971700e-01 -3.213917671535161669e-02 1.538412844701027238e+00 1.547830065794256527e+00
1.583524529295937061e+09 -1.932521142111920942e-01 8.909253404221924300e-02 9.770957685713668184e-01 2.264298310626488009e-01 -9.649364187188691488e-01 1.327676144622926546e-01 9.546638948711464456e-01 2.469012520055250126e-01 1.663027955592416007e-01 -3.703036138498732449e-02 1.534247730440751134e+00 1.542347973704199404e+00
1.583524529295954943e+09 -2.146508100059229263e-01 8.261918420204121538e-02 9.731901666143262242e-01 2.309741833653106979e-01 -9.638582054199317239e-01 1.327715574905290463e-01 9.489868052797563180e-01 2.532813263561984884e-01 1.878100459172216685e-01 -4.181957053437489191e-02 1.529949557899008994e+00 1.536878569122117622e+00
1.583524529295965910e+09 -2.359375550371424213e-01 7.648227047109824872e-02 9.687538039439694826e-01 2.358504949271814921e-01 -9.625847348380094370e-01 1.334360233014573738e-01 9.427131135069990453e-01 2.599636332165554120e-01 2.090715075041320314e-01 -4.651546190728291646e-02 1.525524559904727573e+00 1.531429422865844936e+00
1.583524529295978069e+09 -2.570919217674942359e-01 7.079683318674508119e-02 9.637902014452390809e-01 2.410809739813549457e-01 -9.610828228182655142e-01 1.349065294303440909e-01 9.358331624591172959e-01 2.670348593904251500e-01 2.300188603905461704e-01 -5.112683227666833113e-02 1.520979331137519042e+00 1.526007121073431394e+00
1.583524529295989037e+09 -2.780836930515421246e-01 6.569148063493761291e-02 9.583079302917383302e-01 2.466750393066941827e-01 -9.593168373850780029e-01 1.373412920705105456e-01 9.283430857467096509e-01 2.745830200820865707e-01 2.505659203725438267e-01 -5.566244772149738645e-02 1.516320702798036324e+00 1.520617262773883205e+00
1.583524529296001911e+09 -2.988696692102933428e-01 6.130714804448834931e-02 9.523226105968559674e-01 2.526257769378033036e-01 -9.572489710671626684e-01 1.409064378674525775e-01 9.202484109544849522e-01 2.826938998744484288e-01 2.706049174216591524e-01 -6.013087791223807599e-02 1.511555596409143165e+00 1.515264498003122684e+00
1.583524529296021938e+09 -3.193905477433064966e-01 5.779502624240206998e-02 9.458590873819950895e-01 2.589068088738896711e-01 -9.548395312575602700e-01 1.457694545563174293e-01 9.115683970729603347e-01 2.914467438952673128e-01 2.900031950754034527e-01 -6.454034310386057294e-02 1.506690860530925935e+00 1.509952609495520015e+00
1.583524529296032906e+09 -3.395681905604389650e-01 5.531365931386276330e-02 9.389535895250890052e-01 2.654699784735748969e-01 -9.520472792488184899e-01 1.520909879618992933e-01 9.023409193312391663e-01 3.009092507834162378e-01 3.086008559882485458e-01 -6.889858296306837493e-02 1.501733095709870902e+00 1.504684639177939820e+00
1.583524529296046019e+09 -3.593036117281253050e-01 5.402508793444284196e-02 9.316556255945810383e-01 2.722442000395937645e-01 -9.488299484173565723e-01 1.600150759965537073e-01 8.926275877174559836e-01 3.111318352405088583e-01 3.262100105282648710e-01 -7.321275626438236706e-02 1.496688474577156480e+00 1.499463058544471927e+00
1.583524529296061993e+09 -3.784760016923833237e-01 5.409003432814982887e-02 9.240293201833783554e-01 2.791358463004243728e-01 -9.451451078079138313e-01 1.696581990708891652e-01 8.825186092445763686e-01 3.221412631359507062e-01 3.426162739063270402e-01 -7.748937943845689291e-02 1.491562564874977070e+00 1.494289979972646121e+00
1.583524529296072960e+09 -3.969431183182981493e-01 5.566199170815028935e-02 9.161538646581462997e-01 2.860309416193869136e-01 -9.409516267640444243e-01 1.810975884474721465e-01 8.721367217732943766e-01 3.339337940559992668e-01 3.575832210061864469e-01 -8.173431056167067277e-02 1.486360164270481343e+00 1.489167403895346853e+00
1.583524529296082973e+09 -4.145433962636418390e-01 5.888014505278432731e-02 9.081227347456939381e-01 2.927993510907846431e-01 -9.362119959119218349e-01 1.943595604195886006e-01 8.616393171298039055e-01 3.464682197181317980e-01 3.708604321368025869e-01 -8.595278341220863316e-02 1.481085156765300503e+00 1.484097494567978126e+00
1.583524529296097994e+09 -4.311000714808689849e-01 6.386131621714948026e-02 9.000413662101496293e-01 2.993009922444240800e-01 -9.308956559741680126e-01 2.094091539188086548e-01 8.512177421900279928e-01 3.596595751918484907e-01 3.821954285139900764e-01 -9.014949363377813829e-02 1.475740401122831003e+00 1.479082875101198180e+00
1.583524529296112061e+09 -4.464275411898278589e-01 7.069130927895558858e-02 8.920230879797121926e-01 3.053937849891016354e-01 -9.249833140809847754e-01 2.261426646540929120e-01 8.410927931953480208e-01 3.733746208762136476e-01 3.913493400322194948e-01 -9.432873577575912050e-02 1.470327661412214049e+00 1.474126931003259422e+00
1.583524529296128988e+09 -4.603399594667336170e-01 7.941642131164847185e-02 8.841833259983172821e-01 3.109426765844230944e-01 -9.184719112281187758e-01 2.443849426182937434e-01 8.315057268619107100e-01 3.874304845569910283e-01 3.981153677705036031e-01 -9.849458652101875100e-02 1.464847589198319699e+00 1.469234110338576427e+00
1.583524529296147108e+09 -4.726616628957592270e-01 9.003631541569068197e-02 8.766324284238016240e-01 3.158286617932266616e-01 -9.113795175017841421e-01 2.638932198507191185e-01 8.227048128129513804e-01 4.015978548755451683e-01 4.023381092526905900e-01 -1.026511258732636239e-01 1.459299766225573558e+00 1.464410207475307812e+00
1.583524529296165943e+09 -4.832385238242022374e-01 1.024996680364281543e-01 8.694678529847194026e-01 3.199564196325055954e-01 -9.037491117993753376e-01 2.843684800973081406e-01 8.149284746742480046e-01 4.156096257710342190e-01 4.039309598864972983e-01 -1.068026843315895563e-01 1.453682814207425844e+00 1.459662617523473260e+00
1.583524529296185017e+09 -4.919490316049340839e-01 1.167037202620714448e-01 8.627667078702037085e-01 3.232592484850315695e-01 -8.956501049241447632e-01 3.054739724319014416e-01 8.083870414463212306e-01 4.291749425223104764e-01 4.028886448584743651e-01 -1.109541008467182788e-01 1.447994575651407878e+00 1.455000549205071492e+00
1.583524529296204090e+09 -4.987137993428796823e-01 1.324983432904756619e-01 8.565796726513528192e-01 3.257004776619090158e-01 -8.871766484403614816e-01 3.268589807975247341e-01 8.032457565415942469e-01 4.419974927005715926e-01 3.992924633243065125e-01 -1.151109738495066925e-01 1.442232366311101632e+00 1.450435185220162015e+00
1.583524529296217918e+09 -5.035022138096310051e-01 1.496946071970533532e-01 8.509271681490432337e-01 3.272713048999916774e-01 -8.784422825133509916e-01 3.481847918804839015e-01 7.996117894853884689e-01 4.537958582211076286e-01 3.933068845070040176e-01 -1.192798862074309074e-01 1.436393295835294737e+00 1.445979781345333892e+00
1.583524529296231985e+09 -5.063352039342258193e-01 1.680770706382603286e-01 8.457982973568679563e-01 3.279858266566617608e-01 -8.695712564061026661e-01 3.691491941745548844e-01 7.975274032754985365e-01 4.643230862571501305e-01 3.851676424838124113e-01 -1.234685849880494402e-01 1.430474648635297941e+00 1.441649698689738468e+00
1.583524529296246052e+09 -5.072837845561559700e-01 1.874181824686257658e-01 8.411525349398705220e-01 3.278746929117467568e-01 -8.606876316707462449e-01 3.895060801221136293e-01 7.969701047596275956e-01 4.733827475163573384e-01 3.751632000830509295e-01 -1.276860985082332034e-01 1.424474312983780910e+00 1.437462366635438249e+00
1.583524529296257973e+09 -5.064637166805898705e-01 2.074928263160844832e-01 8.369236709178896616e-01 3.269790348465204111e-01 -8.519037636071082886e-01 4.090778511945460938e-01 7.978591446259073461e-01 4.808395830834820694e-01 3.636125422756771863e-01 -1.319427759482768581e-01 1.418391243374113042e+00 1.433437176049669803e+00
1.583524529296274900e+09 -5.040271310112183212e-01 2.280911630857231365e-01 8.330252533723283559e-01 3.253460348370470490e-01 -8.433098342562747041e-01 4.277598404216206851e-01 8.000666278672315945e-01 4.866240282320147270e-01 3.508424808139211093e-01 -1.362502385725855580e-01 1.412225938560147442e+00 1.429595304077955875e+00
1.583524529296291113e+09 -5.001522146641509403e-01 2.490284005076268403e-01 8.293567496176706966e-01 3.230268919248707182e-01 -8.349658204718393151e-01 4.455173461855452821e-01 8.034310110187217191e-01 4.907310204904288264e-01 3.371671340524154403e-01 -1.406212361614826434e-01 1.405980915542129450e+00 1.425959473287375712e+00
1.583524529296307087e+09 -4.950321465302888191e-01 2.701507393545399260e-01 8.258097554261755180e-01 3.200772653286098612e-01 -8.268967336980697080e-01 4.623768333667758745e-01 8.077708328036626861e-01 4.932143245243215124e-01 3.228713551539640347e-01 -1.450694072901749787e-01 1.399661158331694022e+00 1.422553648810708449e+00
1.583524529296324015e+09 -4.888642985891126780e-01 2.913374011884102832e-01 8.222738086933013557e-01 3.165596955345722496e-01 -8.190913951493884460e-01 4.784132581465027623e-01 8.128970764711366259e-01 4.941779084038009362e-01 3.081988613437537383e-01 -1.496089477884084418e-01 1.393274519205686346e+00 1.419402679008694212e+00
1.583524529296341896e+09 -4.818403811223482824e-01 3.124991612444554256e-01 8.186416319554068455e-01 3.125470664748925542e-01 -8.115046147512321451e-01 4.937353455956525194e-01 8.186233435258717384e-01 4.937656676554382784e-01 2.933449967232518163e-01 -1.542541973278667711e-01 1.386832050394659621e+00 1.416531886384959860e+00
1.583524529296360970e+09 -4.741380377451350214e-01 3.335741059610625170e-01 8.148137438854972103e-01 3.081260431740814321e-01 -8.040623241775862740e-01 5.084703731497905999e-01 8.247735828026747651e-01 4.921504798021626992e-01 2.784536632271218948e-01 -1.590191592412992516e-01 1.380348245508586036e+00 1.413966616396172826e+00
1.583524529296377897e+09 -4.659142451784766825e-01 3.545215156589095473e-01 8.107024184643276676e-01 3.033994898437804011e-01 -7.966690027693587028e-01 5.227497007211716618e-01 8.311875034616591496e-01 4.895232324039864302e-01 2.636177900847934685e-01 -1.639169721490111586e-01 1.373841172459688842e+00 1.411731750178943479e+00
1.583524529296396017e+09 -4.573007292726405382e-01 3.753148527311620519e-01 8.062349561730297598e-01 2.984870783262593696e-01 -7.892166159825495519e-01 5.366960006785700399e-01 8.377240042447947621e-01 4.860821890185514360e-01 2.488827001907998049e-01 -1.689593554046005808e-01 1.367332481742727923e+00 1.409851187974386244e+00
1.583524529296412945e+09 -4.484014772261269988e-01 3.959348224685277362e-01 8.013561828597022263e-01 2.935235910578812280e-01 -7.815942277174878772e-01 5.504129038333447355e-01 8.442630022234314247e-01 4.820229036704934966e-01 2.342517953762734417e-01 -1.741560532836584074e-01 1.360847276651909743e+00 1.408347311638634247e+00
1.583524529296432972e+09 -4.392923016211310872e-01 4.163633749098090697e-01 7.960300333526071359e-01 2.886547682409806859e-01 -7.736974311967456108e-01 5.639775791167306318e-01 8.507060001657344994e-01 4.775288735809856688e-01 2.196940518124136377e-01 -1.795143052539737438e-01 1.354413835647941600e+00 1.407240437382294873e+00
1.583524529296451092e+09 -4.300223135217440817e-01 4.365793301256713499e-01 7.902400259475957922e-01 2.840309925249870915e-01 -7.654367173207740072e-01 5.774366000501991447e-01 8.569756153875591753e-01 4.727632815663550536e-01 2.051528075776409832e-01 -1.850383716309675353e-01 1.348063182223189438e+00 1.406548274331873127e+00
1.583524529296468019e+09 -4.206170344146644702e-01 4.565560274845857358e-01 7.839884593263710677e-01 2.797995788481548174e-01 -7.567439372937501130e-01 5.908052209151621881e-01 8.630141981723959965e-01 4.678623806770841331e-01 1.905552064974626592e-01 -1.907291456357238513e-01 1.341828505595554555e+00 1.406285412159644865e+00
1.583524529296485901e+09 -4.110827063672832238e-01 4.762610452682739526e-01 7.772942978788348611e-01 2.760967036476977832e-01 -7.475762560818887126e-01 6.040698234414026979e-01 8.687816865999311577e-01 4.629310512612553330e-01 1.758215658842537110e-01 -1.965838809958719291e-01 1.335744445903235711e+00 1.406462864879582497e+00
1.583524529296500921e+09 -4.014112574047108417e-01 4.956576718011152516e-01 7.701898954431281030e-01 2.730401153887586641e-01 -7.379173260011141489e-01 6.171929320649455208e-01 8.742528799084621216e-01 4.580409288421372072e-01 1.608738937816053260e-01 -2.025960594724994790e-01 1.329846269152485494e+00 1.407087699998597730e+00
1.583524529296518087e+09 -3.915853507531817379e-01 5.147075192689981593e-01 7.627169087628064004e-01 2.707236542400571766e-01 -7.277758059817439618e-01 6.301198927804124716e-01 8.794143598563136655e-01 4.532312279194604110e-01 1.456428437664932241e-01 -2.087554150871255843e-01 1.324168969252058625e+00 1.408162782412257341e+00
1.583524529296534061e+09 -3.815829996339438202e-01 5.333735324820544355e-01 7.549219095159485082e-01 2.692142710342296796e-01 -7.171817376464881821e-01 6.427861475428181537e-01 8.842613249899282657e-01 4.485120178581145090e-01 1.300725919906332018e-01 -2.150481205208532587e-01 1.318746344171246365e+00 1.409686656914802994e+00
1.583524529296549082e+09 -3.713813600539540571e-01 5.516226977179472524e-01 7.468522511153589116e-01 2.685517273502792679e-01 -7.061815739114436496e-01 6.551240755919468528e-01 8.887946080803111881e-01 4.438693323073097941e-01 1.141234450395352540e-01 -2.214571277143016215e-01 1.313610097446310077e+00 1.411653582006556329e+00
1.583524529296566010e+09 -3.609594720146171998e-01 5.694279306204685920e-01 7.385527006391955362e-01 2.687507809143782067e-01 -6.948327302350183476e-01 6.670685832559704043e-01 8.930180723432323830e-01 4.392713386501632677e-01 9.777225440856872341e-02 -2.279626421076982601e-01 1.308789014019081431e+00 1.414053714295890662e+00
1.583524529296583891e+09 -3.502999244921826127e-01 5.867689524825516756e-01 7.300631202386064222e-01 2.698050855026888906e-01 -6.831984915623218191e-01 6.785610046111698601e-01 8.969365523537017326e-01 4.346746112542456131e-01 8.101113260588818643e-02 -2.345427006525712676e-01 1.304308252568390003e+00 1.416873431357793756e+00
1.583524529296602964e+09 -3.393895644464794970e-01 6.036322091748764773e-01 7.214172716401492380e-01 2.716919888687999718e-01 -6.713438267853093500e-01 6.895512522190340166e-01 9.005543775583111366e-01 4.300297924875684519e-01 6.384505350396940671e-02 -2.411738181618264532e-01 1.300188787074313179e+00 1.420095772519553989e+00
1.583524529296619892e+09 -3.282194836295418972e-01 6.200100882074812692e-01 7.126425901643389516e-01 2.743773941438936714e-01 -6.593323716505526955e-01 6.999984780637236170e-01 9.038744472316733169e-01 4.252861558539332565e-01 4.628897821170721572e-02 -2.478316643409453901e-01 1.296447019797777767e+00 1.423700971521681513e+00
1.583524529296637058e+09 -3.167845145190509304e-01 6.358997156827911335e-01 7.037607002275022561e-01 2.778201657734638008e-01 -6.472245741840920719e-01 7.098706262953068391e-01 9.068977489549442383e-01 4.203949361214322500e-01 2.836495808519459011e-02 -2.544917343882308614e-01 1.293094575519846856e+00 1.427667050475839305e+00
1.583524529296653032e+09 -3.050824718756018350e-01 6.513016189465420380e-01 6.947883755080503931e-01 2.819757195922700244e-01 -6.350768311471790550e-01 7.191433182026683024e-01 9.096232072253986889e-01 4.153114732953465116e-01 1.009956679719309011e-02 -2.611299795149315539e-01 1.290138274792776762e+00 1.431970442811152155e+00
1.583524529296670914e+09 -2.931133490515950846e-01 6.662184823640833198e-01 6.857386518153144594e-01 2.867986416043690756e-01 -6.229413426721709390e-01 7.277984767631400231e-01 9.120477531298430973e-01 4.099963627919100406e-01 -8.478132546280083004e-03 -2.677233694452659241e-01 1.287580273229130379e+00 1.436586613861975614e+00
1.583524529296686888e+09 -2.808786333776042143e-01 6.806541429883712357e-01 6.766218524212214147e-01 2.922443533027148099e-01 -6.108663815737213065e-01 7.358230098609122027e-01 9.141665228399504795e-01 4.044158771057766444e-01 -2.733801541339181407e-02 -2.742503662589190205e-01 1.285418344457931017e+00 1.441490650416418218e+00
1.583524529296704054e+09 -2.683808484749687917e-01 6.946128923556872392e-01 6.674463650169593087e-01 2.982699656077860695e-01 -5.988967004489201829e-01 7.432077568370716314e-01 9.159731153226614575e-01 3.985419327086408003e-01 -4.644975890381617539e-02 -2.806912966763115969e-01 1.283646279654267364e+00 1.446657796595450796e+00
1.583524529296721935e+09 -2.556233405290673777e-01 7.080990616041399344e-01 6.582191329347139019e-01 3.048345700323771834e-01 -5.870738899487338847e-01 7.499467532223224042e-01 9.174598590099721784e-01 3.923518406496957489e-01 -6.578328410364372991e-02 -2.870286175329644918e-01 1.282254372563150113e+00 1.452063918769084250e+00
1.583524529296737909e+09 -2.426102814923981610e-01 7.211168362211943794e-01 6.489458837697824611e-01 3.118991954137493305e-01 -5.754365866088482218e-01 7.560367892551780322e-01 9.186180617742895071e-01 3.858279972714742656e-01 -8.530892876360575416e-02 -2.932470755840448362e-01 1.281229959902537185e+00 1.457685889608181018e+00
1.583524529296752930e+09 -2.293468310064132876e-01 7.336702346335229885e-01 6.396311578944043896e-01 3.194266154881501008e-01 -5.640205025152482676e-01 7.614771894648568740e-01 9.194382353520998974e-01 3.789575962111914054e-01 -1.049974850637640233e-01 -2.993337673552648459e-01 1.280557990202518592e+00 1.463501888056733646e+00
1.583524529296768904e+09 -2.158394000174449490e-01 7.457631989575820297e-01 6.302781962831118800e-01 3.273811221426942142e-01 -5.528582872722129782e-01 7.662697404139686697e-01 9.199102969668602192e-01 3.717323841804726081e-01 -1.248201919126381287e-01 -3.052781087670401461e-01 1.280221595716805938e+00 1.469491616087337693e+00
1.583524529296785116e+09 -2.020959175854130097e-01 7.573997258457417781e-01 6.208887948846675275e-01 3.357283676820409513e-01 -5.419793029506300153e-01 7.704186513330053554e-01 9.200237515566677127e-01 3.641484458815053005e-01 -1.447487691033762514e-01 -3.110717283886850759e-01 1.280202642797934276e+00 1.475636435890889553e+00
1.583524529296802044e+09 -1.881260593805788028e-01 7.685840123341869390e-01 6.114631648721343682e-01 3.444352843742412018e-01 -5.314093644579134246e-01 7.739305022155008595e-01 9.197678624837956063e-01 3.562059846900810234e-01 -1.647555032046655876e-01 -3.167083004277418956e-01 1.280482240809754479e+00 1.481919435059522172e+00
1.583524529296818972e+09 -1.739414594136748371e-01 7.793206361424181994e-01 6.019997632963380862e-01 3.534700338594252145e-01 -5.211704354370720882e-01 7.768142071337358345e-01 9.191318208270818912e-01 3.479090735945807866e-01 -1.848133455054498941e-01 -3.221833342988371651e-01 1.281041195023106205e+00 1.488325430083839551e+00
1.583524529296838045e+09 -1.595558242715137409e-01 7.896147137070357314e-01 5.924951840037381290e-01 3.628020230424842674e-01 -5.112803806160375331e-01 7.790809101039927187e-01 9.181049129658825914e-01 3.392653481820751549e-01 -2.048960529977765510e-01 -3.274939378733032758e-01 1.281860393104796048e+00 1.494840919484700104e+00
1.583524529296858072e+09 -1.449849158580175656e-01 7.994720077502818212e-01 5.829441510355914957e-01 3.724019742485518703e-01 -5.017528428898373472e-01 7.807437827115961682e-01 9.166766845199210145e-01 3.302856243621714039e-01 -2.249783603383199715e-01 -3.326385697892790261e-01 1.282921120694112682e+00 1.501453998751296481e+00
1.583524529296876907e+09 -1.302464434861724252e-01 8.088990045395414441e-01 5.733395718449688649e-01 3.822419955040828321e-01 -4.925972267686342665e-01 7.818177722896637594e-01 9.148371008127211823e-01 3.209834463352686518e-01 -2.450361328020254359e-01 -3.376167932790009041e-01 1.284205306989651296e+00 1.508154249075095432e+00
1.583524529296895981e+09 -1.153598992192950284e-01 8.179029736697019937e-01 5.636726173441486409e-01 3.922956210343210293e-01 -4.838187646376871376e-01 7.823193393473177881e-01 9.125767033836930109e-01 3.113745796222833206e-01 -2.650464710756601505e-01 -3.424290408381041040e-01 1.285695705053409243e+00 1.514932610602718110e+00
1.583524529296909094e+09 -1.003463619848171950e-01 8.264920169539607953e-01 5.539328061931482194e-01 4.025378091119114488e-01 -4.754186430460115576e-01 7.822662117813452554e-01 9.098867622177094772e-01 3.014764666529460291e-01 -2.849877545065607198e-01 -3.470763965556926123e-01 1.287376013355241433e+00 1.521781248920186957e+00
1.583524529296921968e+09 -8.522828598138115774e-02 8.346751066923623341e-01 5.441080827978936885e-01 4.129448962202514339e-01 -4.673941729959381619e-01 7.816771710560274089e-01 9.067594235184274210e-01 2.913076612603361371e-01 -3.048396210711882270e-01 -3.515603999538269853e-01 1.289230946886897211e+00 1.528693421739056424e+00
1.583524529296932936e+09 -7.002927781513196281e-02 8.424621065861646052e-01 5.341848925646653923e-01 4.234945145254365717e-01 -4.597390003504431832e-01 7.805718722441291613e-01 9.031878523311456242e-01 2.808872562364821968e-01 -3.245828906591606833e-01 -3.558828737135248388e-01 1.291246265813295491e+00 1.535663350589594911e+00
1.583524529296945095e+09 -5.477386794941312143e-02 8.498637708400849089e-01 5.241482563479175072e-01 4.341654790267081565e-01 -4.524433501432228999e-01 7.789707001856688295e-01 8.991663696959152352e-01 2.702343170637146463e-01 -3.441994388610181144e-01 -3.600457773380293935e-01 1.293408768390014396e+00 1.542686100334484722e+00
1.583524529296957970e+09 -3.948720971703462146e-02 8.568916581579002489e-01 5.139819517039458940e-01 4.449376867958728110e-01 -4.454944101025218872e-01 7.768945780807129387e-01 8.946905695915008394e-01 2.593673397757133570e-01 -3.636720610178473811e-01 -3.640510876324705158e-01 1.295706254886683118e+00 1.549757468179819186e+00
1.583524529296968937e+09 -2.419466154288701237e-02 8.635579092598616446e-01 5.036688951452051866e-01 4.557920594870593645e-01 -4.388769456731947405e-01 7.743646589819151993e-01 8.897573922353603226e-01 2.483037738497375913e-01 -3.829843587899808832e-01 -3.679007046990703245e-01 1.298127469980129733e+00 1.556873883279678683e+00
1.583524529296982050e+09 -8.921360322734359777e-03 8.698749666710607897e-01 4.931915975746575254e-01 4.667104879394432526e-01 -4.325740013098909320e-01 7.714020053468506610e-01 8.843651564546120003e-01 2.370596463922386710e-01 -4.021206216108046405e-01 -3.715963803904627771e-01 1.300662030956901472e+00 1.564032317452126453e+00
1.583524529296992064e+09 6.308302154192434869e-03 8.758551532929849115e-01 4.825328548433603371e-01 4.776758470312341132e-01 -4.265678429633313340e-01 7.680271222604505565e-01 8.785135119382678770e-01 2.256493430050953153e-01 -4.210657710697025546e-01 -3.751396664973992712e-01 1.303300347231358236e+00 1.571230206640143345e+00
1.583524529297004938e+09 2.147131369316090943e-02 8.815100846472065932e-01 4.716767469176265659e-01 4.886721202837994160e-01 -4.208412003337035912e-01 7.642592773228786829e-01 8.722032685757761250e-01 2.140856253157949751e-01 -4.398054155443528734e-01 -3.785318809195998280e-01 1.306033534947676822e+00 1.578465382117230087e+00
1.583524529297014952e+09 3.654670345640745333e-02 8.868499823433926288e-01 4.606098647589125794e-01 4.996846290504701749e-01 -4.153787014850985337e-01 7.601156529491501779e-01 8.654360808998026178e-01 2.023799480455174271e-01 -4.583260266765867286e-01 -3.817740893787275325e-01 1.308853330218234134e+00 1.585736010487813985e+00
1.583524529297027111e+09 5.151608287966705224e-02 8.918830318924407807e-01 4.493225465701813914e-01 5.107003172287862824e-01 -4.101682510106191004e-01 7.556104762775408545e-01 8.582140055665334888e-01 1.905430751482397600e-01 -4.766152089324907082e-01 -3.848670986153041595e-01 1.311752004679235917e+00 1.593040541834544799e+00
1.583524529297038078e+09 6.636395871784092626e-02 8.966149047391130944e-01 4.378099334325316061e-01 5.217080437612833244e-01 -4.052021407427486288e-01 7.507542488906299161e-01 8.505389716049359672e-01 1.785859399272677339e-01 -4.946620260994123441e-01 -3.878114574597211206e-01 1.314722285742631280e+00 1.600377665205720001e+00
1.583524529297048092e+09 8.107781746953493518e-02 9.010484615448363099e-01 4.260728314399900851e-01 5.326988827078361632e-01 -4.004778704218928120e-01 7.455530669772836294e-01 8.424121841676885936e-01 1.665207057796443957e-01 -5.124573804090803986e-01 -3.906074630085219490e-01 1.317757282723870382e+00 1.607746270518758624e+00
1.583524529297061920e+09 9.564801818492475738e-02 9.051836028887572105e-01 4.141184636162155708e-01 5.436664523659068271e-01 -3.959987520338880129e-01 7.400079573724445137e-01 8.338334637949985639e-01 1.543620214074242769e-01 -5.299944539576921798e-01 -3.932551717820575998e-01 1.320850418463877851e+00 1.615145415571336951e+00
1.583524529297075033e+09 1.100674505740135423e-01 9.090173114199524562e-01 4.019610479787911195e-01 5.546072254199720941e-01 -3.917742229288981304e-01 7.341142852277725561e-01 8.248005710403460977e-01 1.421284137392560543e-01 -5.472691588631184434e-01 -3.957544152860598685e-01 1.323995366409099983e+00 1.622574297202810767e+00
1.583524529297086000e+09 1.243309180694711358e-01 9.125439330514728553e-01 3.896221160203577893e-01 5.655207468241316704e-01 -3.878197750925463372e-01 7.278613239990900929e-01 8.153085967123171462e-01 1.298437233888804776e-01 -5.642805152109784395e-01 -3.981048190962532263e-01 1.327185993227785632e+00 1.630032225896357767e+00
1.583524529297097921e+09 1.384342149537672872e-01 9.157557542825830454e-01 3.771304374585817687e-01 5.764096507201276198e-01 -3.841563727977912457e-01 7.212321372558284649e-01 8.053495407793254124e-01 1.175384190090087294e-01 -5.810308403575971115e-01 -4.003058254909360736e-01 1.330416306725016984e+00 1.637518603092671610e+00
1.583524529297108889e+09 1.523730307802387274e-01 9.186437323587045567e-01 3.645218137754486776e-01 5.872795364584700861e-01 -3.808096049133100625e-01 7.142036060381931062e-01 7.949120741891344544e-01 1.052508337749507861e-01 -5.975257789595934677e-01 -4.023567200291606194e-01 1.333680408872780276e+00 1.645032900579964652e+00
1.583524529297121048e+09 1.661417021674537753e-01 9.211983845691509298e-01 3.518387006816016127e-01 5.981386425750658820e-01 -3.778085305516636905e-01 7.067466862433212649e-01 7.839815681507370515e-01 9.302822537561966643e-02 -6.137741036461522581e-01 -4.042566628805959184e-01 1.336972453903526370e+00 1.652574641403041555e+00
1.583524529297132969e+09 1.797318642936109878e-01 9.234108349777010449e-01 3.391296021177715447e-01 6.089972599943127562e-01 -3.751841769350284239e-01 6.988269962673667735e-01 7.725404807611552238e-01 8.092751961317709575e-02 -6.297872199226066670e-01 -4.060047258124652725e-01 1.340286611689372576e+00 1.660143381861170608e+00
1.583524529297143936e+09 1.931310975125953566e-01 9.252740047888723396e-01 3.264481512656679518e-01 6.198668349100303621e-01 -3.729676542196520006e-01 6.904058486858123400e-01 7.605691857331946526e-01 6.901554299991327635e-02 -6.455783211670260702e-01 -4.075999351814396654e-01 1.343617036985379709e+00 1.667738694388166909e+00
1.583524529297154903e+09 2.063217305857954209e-01 9.267838615932247892e-01 3.138519039414338074e-01 6.307587996936835362e-01 -3.711879795071457711e-01 6.814417220081639970e-01 7.480472446501026385e-01 5.736861483213422791e-02 -6.611612224162084495e-01 -4.090413204194935926e-01 1.346957845331719250e+00 1.675360151345635096e+00
1.583524529297167063e+09 2.192799740540053721e-01 9.279406487189799657e-01 3.014008056775951960e-01 6.416831832533570479e-01 -3.698696870830725514e-01 6.718921840012532787e-01 7.349550907620814311e-01 4.607132774609732501e-02 -6.765489247244990123e-01 -4.103279669197871793e-01 1.350303096387868163e+00 1.683007309910794280e+00
1.583524529297177076e+09 2.319755632141742852e-01 9.287499218276520363e-01 2.891555308235119193e-01 6.526472062516770478e-01 -3.690305067038056608e-01 6.617160337402129278e-01 7.212759266525701207e-01 3.521459974821287975e-02 -6.917521014202362428e-01 -4.114590711898572506e-01 1.353646785295902211e+00 1.690679698429544464e+00
1.583524529297190905e+09 2.443720085248754503e-01 9.292232896505188133e-01 2.771757558839091917e-01 6.636540154457599705e-01 -3.686792839205809691e-01 6.508755129866170552e-01 7.069976445181074265e-01 2.489304696723962373e-02 -7.067776645323464724e-01 -4.124339956103945659e-01 1.356982842244107035e+00 1.698376804663626727e+00
1.583524529297208071e+09 2.564274607969334596e-01 9.293787448901836834e-01 2.655185607915467871e-01 6.747017608689177548e-01 -3.688143839382220790e-01 6.393383173998853364e-01 6.921145073961547656e-01 1.520193918737090810e-02 -7.216276116668381979e-01 -4.132523197948367866e-01 1.360305139851091694e+00 1.706098066354955645e+00
1.583524529297219038e+09 2.680960862078699547e-01 9.292405440923512394e-01 2.542370940759898779e-01 6.857831427967678861e-01 -3.694227229986719041e-01 6.270792077585567448e-01 6.766283837758014785e-01 6.234032047617028838e-03 -7.362982869303984490e-01 -4.139138850857267404e-01 1.363607507320714785e+00 1.713842864507759911e+00
1.583524529297235012e+09 2.793297786239781200e-01 9.288386676297993860e-01 2.433795482755464479e-01 6.968854513260781536e-01 -3.704794595472647445e-01 6.140811329121584894e-01 6.605494248092025344e-01 -1.923480570813105531e-03 -7.507800995164889413e-01 -4.144188299210024296e-01 1.366883749776466095e+00 1.721610519498210756e+00
1.583524529297251940e+09 2.900799960708165814e-01 9.282079263731101149e-01 2.329885008469660401e-01 7.079910675026498401e-01 -3.719483290857739100e-01 6.003358133926579576e-01 6.438961440515187373e-01 -9.191632960380394929e-03 -7.650576904929269340e-01 -4.147676142242799902e-01 1.370127670778608309e+00 1.729400289970300930e+00
1.583524529297269106e+09 3.002994419921554692e-01 9.273868011955034296e-01 2.231007986018933575e-01 7.190783944962360064e-01 -3.737825871318255500e-01 5.858436994120701513e-01 6.266949080795594096e-01 -1.550157195926173993e-02 -7.791105144183385622e-01 -4.149610321419575643e-01 1.373333095881278387e+00 1.737211374234759020e+00
1.583524529297291040e+09 3.099434520205737176e-01 9.264161800613399667e-01 2.137477908642706759e-01 7.301230025142325664e-01 -3.759263203750009552e-01 5.706135319671091777e-01 6.089790290729347744e-01 -2.079574902153676075e-02 -7.929136644019212365e-01 -4.150002141546678680e-01 1.376493895384234500e+00 1.745042913626099867e+00
1.583524529297308922e+09 3.189710220099876703e-01 9.253381096459295518e-01 2.049557761665491140e-01 7.410988238862942223e-01 -3.783159477884285304e-01 5.546616778707175177e-01 5.907876271979612959e-01 -2.502851759500922257e-02 -8.064388092596131985e-01 -4.148866206649438615e-01 1.379604004982679877e+00 1.752893997167295437e+00
1.583524529297326088e+09 3.273454279731388694e-01 9.241946396853134571e-01 1.967466365436701392e-01 7.519793076466385617e-01 -3.808817878520657230e-01 5.380113238296765354e-01 5.721643922430035278e-01 -2.816614752400043234e-02 -8.196551571277487236e-01 -4.146220294749570212e-01 1.382657443584596191e+00 1.760763666929904936e+00
1.583524529297343016e+09 3.350344994719036129e-01 9.230268189176539240e-01 1.891385099645190027e-01 7.627384276062576518e-01 -3.835495653285171391e-01 5.206916765266217384e-01 5.531563750941449475e-01 -3.018646553461019552e-02 -8.325303611367559364e-01 -4.142085189719904026e-01 1.385648327847583072e+00 1.768650923636473360e+00
1.583524529297358990e+09 3.420106071795954161e-01 9.218738628696533377e-01 1.821464404364211698e-01 7.733515065772862407e-01 -3.862417948304341375e-01 5.027372307835090703e-01 5.338128810161522075e-01 -3.107824142328770647e-02 -8.450313314869070114e-01 -4.136484484148014729e-01 1.388570883177272286e+00 1.776554732166653938e+00
1.583524529297375917e+09 3.482503988296852815e-01 9.207724978283197137e-01 1.757830116569647216e-01 7.837958620586810143e-01 -3.888790038261591975e-01 4.841871198389399167e-01 5.141845062024833490e-01 -3.084036043557836226e-02 -8.571249418683228871e-01 -4.129444370580044321e-01 1.391419451394090734e+00 1.784474026648451783e+00
1.583524529297391891e+09 3.537343538110159225e-01 9.197564735520816770e-01 1.700589207368216338e-01 7.940512736196035926e-01 -3.913807693346514349e-01 4.650845818484703464e-01 4.943223461240889849e-01 -2.948089142659741924e-02 -8.687786227724145771e-01 -4.120993432235639520e-01 1.394188495330025646e+00 1.792407714949461051e+00
