1.583524530844357014e+09 -3.356610712750812686e-01 5.810334355046450350e-01 7.414390010969523770e-01 2.110178768373257296e-01 -7.207204524745376428e-01 6.603283161506073862e-01 9.180430823889867975e-01 3.781033938094999769e-01 1.193093572317475565e-01 -3.932912383252952226e-01 1.373266339346886911e+00 1.411141488652853049e+00
1.583524530844417095e+09 -3.235286894955112236e-01 5.986332439105106484e-01 7.327806129059638574e-01 2.092644784976410710e-01 -7.099866849690044113e-01 6.724041086107215293e-01 9.227879308646956824e-01 3.708869728851436065e-01 1.044283881451704005e-01 -4.063950582449918913e-01 1.372468157197083150e+00 1.417324817691801186e+00
1.583524530844441891e+09 -3.107922232505609950e-01 6.156261842544917817e-01 7.241633762645816041e-01 2.086761771274746324e-01 -6.991096477819671584e-01 6.838859214453211210e-01 9.272876831407343978e-01 3.636620709524977513e-01 8.881132305527819626e-02 -4.192617021773278885e-01 1.372379495456016452e+00 1.424034688204780075e+00
1.583524530844460011e+09 -2.974981188927083298e-01 6.320132096253490150e-01 7.155796059266561482e-01 2.091004600896440857e-01 -6.881852685730895924e-01 6.947503391804490391e-01 9.315427349762350762e-01 3.563149438360059262e-01 7.257956992595432366e-02 -4.318500552831905370e-01 1.373002291144926668e+00 1.431226783934254954e+00
1.583524530844475985e+09 -2.837061562789104929e-01 6.478148447619608286e-01 7.069984046050696858e-01 2.103812423461219605e-01 -6.772789903005070888e-01 7.050056044215098350e-01 9.355482617198134232e-01 3.487536328762779747e-01 5.586012719935790072e-02 -4.441226678503393255e-01 1.374330069874075910e+00 1.438855724480007314e+00
1.583524530844501972e+09 -2.694851509437506398e-01 6.630654697952560461e-01 6.983709161517768216e-01 2.123696518890502150e-01 -6.664268415563674441e-01 7.146848227962313560e-01 9.392959515706509332e-01 3.409097356836177095e-01 3.877715496344425611e-02 -4.560465058073518430e-01 1.376348667543571214e+00 1.446876204594700788e+00
1.583524530844525099e+09 -2.549099576591618566e-01 6.778080894280541502e-01 6.896354890522153891e-01 2.149308035081157753e-01 -6.556384893519189294e-01 7.238390160401853013e-01 9.427755106401174423e-01 3.327376826899365869e-01 2.144694223649509443e-02 -4.675934834119855887e-01 1.379037143684757938e+00 1.455244009185155063e+00
1.583524530844547033e+09 -2.400597212365746247e-01 6.920901522430457087e-01 6.807220811799348237e-01 2.179472324038593811e-01 -6.449010476649267298e-01 7.325309841919953602e-01 9.459758635475840061e-01 3.242126774479806572e-01 3.975632419641536575e-03 -4.787407746404820363e-01 1.382368824888689618e+00 1.463916871918967466e+00
1.583524530844568968e+09 -2.250172047401084452e-01 7.059605484532825992e-01 6.715556283915631308e-01 2.213198631487420798e-01 -6.341828128597201131e-01 7.408303977791868000e-01 9.488860711631100786e-01 3.153281850136149256e-01 -1.354104819492814478e-02 -4.894709137725203885e-01 1.386312415974305878e+00 1.472855157709121565e+00
1.583524530844588995e+09 -2.098690278221835293e-01 7.194676661000856122e-01 6.620583577346683679e-01 2.249673306682301310e-01 -6.234364490309153295e-01 7.488101858277043110e-01 9.514960281608424442e-01 3.060935671513916878e-01 -3.101671895819044233e-02 -4.997717045518169088e-01 1.390833123942700311e+00 1.482022363283163502e+00
1.583524530844635963e+09 -1.948439688337397502e-01 7.325402057520086219e-01 6.522428038811773909e-01 2.287884927862618156e-01 -6.126999846044020037e-01 7.564750853015207444e-01 9.537775703419144602e-01 2.966202559172511632e-01 -4.821587295188690947e-02 -5.096359621704197318e-01 1.395893749815497520e+00 1.491385441657709032e+00
1.583524530844665051e+09 -1.794637721678792874e-01 7.450880546861746723e-01 6.423679208149376541e-01 2.330036840203148774e-01 -6.021966190312967315e-01 7.635892321843095187e-01 9.557730054874550296e-01 2.867106959840296510e-01 -6.553578489713987598e-02 -5.190556926297805740e-01 1.401459365455938855e+00 1.500918193089184838e+00
1.583524530844692945e+09 -1.637440832798105761e-01 7.571086401281501566e-01 6.324352794421072010e-01 2.375826959046632714e-01 -5.919535897052522477e-01 7.701593409738825002e-01 9.574666250582400950e-01 2.763647138859726682e-01 -8.294701399424571353e-02 -5.280296596841607126e-01 1.407489068702140633e+00 1.510597621962217252e+00
1.583524530844734907e+09 -1.477018756314230907e-01 7.685999873828762707e-01 6.224453516404957476e-01 2.424970581413450621e-01 -5.819947375249130417e-01 7.761941139519723531e-01 9.588427050497871917e-01 2.655864930558677339e-01 -1.004215215546249151e-01 -5.365602824427445627e-01 1.413942739720502884e+00 1.520403709611018561e+00
1.583524530844754934e+09 -1.313556712283974193e-01 7.795609401600798183e-01 6.123972800900799873e-01 2.477200287932597167e-01 -5.723402336916590949e-01 7.817041924411243237e-01 9.598856573919378743e-01 2.543843507024008965e-01 -1.179327230382587466e-01 -5.446530181891781064e-01 1.420781616843184603e+00 1.530319259877030991e+00
1.583524530844767094e+09 -1.147256513652779031e-01 7.899913587419953309e-01 6.022887002764100162e-01 2.532266233405705558e-01 -5.630063656093363678e-01 7.867020463698348731e-01 9.605801905321454948e-01 2.427704384937992010e-01 -1.354555722848241883e-01 -5.523157466872956611e-01 1.427968732591362366e+00 1.540329689859059270e+00
1.583524530844779968e+09 -9.783362886306984363e-02 7.998922615724410878e-01 5.921156571049840389e-01 2.589936616345513976e-01 -5.540054462039319949e-01 7.912017751857590708e-01 9.609114759359974611e-01 2.307603429216985580e-01 -1.529666625818074388e-01 -5.595581827646767259e-01 1.435469217279221166e+00 1.550422786428051980e+00
1.583524530844790936e+09 -8.070293396898615967e-02 8.092659262853908464e-01 5.818725783632565651e-01 2.649997910407146939e-01 -5.453458217940628794e-01 7.952188665063991690e-01 9.608653118322636466e-01 2.183726073020302860e-01 -1.704442935678794346e-01 -5.663913359375624124e-01 1.443250484158910441e+00 1.560588446893650394e+00
1.583524530844808102e+09 -6.335825350770930842e-02 8.181159617944143703e-01 5.715522768903219530e-01 2.712254658022345555e-01 -5.370319508874510372e-01 7.987699485295912671e-01 9.604282787874417471e-01 2.056282013734739289e-01 -1.878684763805664182e-01 -5.728270285504512005e-01 1.451282313507495036e+00 1.570818418894915025e+00
1.583524530844834089e+09 -4.582545075403354068e-02 8.264473586747720368e-01 5.611459630537676269e-01 2.776528769519854833e-01 -5.290645288434783211e-01 8.018725612511632406e-01 9.595878845951217873e-01 1.925499625503074019e-01 -2.052208663181873671e-01 -5.788774788711685826e-01 1.459536853520597255e+00 1.581106050756903691e+00
1.583524530844850063e+09 -2.813138114287770664e-02 8.342665196543855854e-01 5.506432602217254946e-01 2.842658358899812776e-01 -5.214406414006077517e-01 8.045449597686133991e-01 9.583326980832534980e-01 1.791620275073860236e-01 -2.224846241792159118e-01 -5.845549497981243903e-01 1.467988556151567314e+00 1.591446060222593495e+00
1.583524530844865084e+09 -1.030370649216493135e-02 8.415812651044947135e-01 5.400322289516612528e-01 2.910496196113548373e-01 -5.141539432194449644e-01 8.068059505504208140e-01 9.566524723366941485e-01 1.654892664800330371e-01 -2.396442157955072927e-01 -5.898714618151451594e-01 1.476614063687303302e+00 1.601834326149268684e+00
1.583524530844881058e+09 7.629288371013174738e-03 8.484008108474110355e-01 5.292994035149346521e-01 2.979907852487498343e-01 -5.071948556509492390e-01 8.086747619133621834e-01 9.545382580775225723e-01 1.515567318851239464e-01 -2.566851596779254341e-01 -5.948385691759010552e-01 1.485392058914112745e+00 1.612267704964613246e+00
1.583524530844898939e+09 2.563894990269719246e-02 8.547356522147987468e-01 5.184299465980798383e-01 3.050769784600478873e-01 -5.005508938889738912e-01 8.101708709205877046e-01 9.519825007457355381e-01 1.373891112381276924e-01 -2.735937694819560173e-01 -5.994671964753560678e-01 1.494303090561669656e+00 1.622743871894305689e+00
1.583524530844912052e+09 4.369663084793525692e-02 8.605972992166466273e-01 5.074080147991468781e-01 3.122967562192843216e-01 -4.942072232425040457e-01 8.113137227962027298e-01 9.489791044952964327e-01 1.230102008155043308e-01 -2.903569355791029705e-01 -6.037675288553154829e-01 1.503329385266038543e+00 1.633261185932201265e+00
1.583524530844923019e+09 6.177407446803739183e-02 8.659979471393544070e-01 4.962172102244135630e-01 3.196394130080986717e-01 -4.881473011546204055e-01 8.121224404453343260e-01 9.455234580027553903e-01 1.084424656504630463e-01 -3.069619232452333590e-01 -6.077489463832709271e-01 1.512454655788333602e+00 1.643818576784260577e+00
1.583524530844935894e+09 7.984390878040628636e-02 8.709499931045703303e-01 4.848412731922412955e-01 3.270948567398005991e-01 -4.823537756843017110e-01 8.126154010508629399e-01 9.416123964667972857e-01 9.370669680652050915e-02 -3.233962741064260737e-01 -6.114199948574599031e-01 1.521663912221399961e+00 1.654415451242819746e+00
1.583524530844945908e+09 9.788027534253948558e-02 8.754653697604344309e-01 4.732650826946278588e-01 3.346535734640036508e-01 -4.768097180376124622e-01 8.128096202680259452e-01 9.372440651818081392e-01 7.882182165405543506e-02 -3.396478809368130847e-01 -6.147883879562716647e-01 1.530943280554446950e+00 1.665051615989191491e+00
1.583524530844955921e+09 1.158595143183469983e-01 8.795547667118833735e-01 4.614758777500509446e-01 3.423067010338227134e-01 -4.715000977253236969e-01 8.127199889998637516e-01 9.324176615756534225e-01 6.380494208673630208e-02 -3.557052629064562654e-01 -6.178610346754639382e-01 1.540279832228949486e+00 1.675727214061851100e+00
1.583524530844968081e+09 1.337607552288650470e-01 8.832268931476838780e-01 4.494644769391152872e-01 3.500462028405257886e-01 -4.664132571197872612e-01 8.123584982675001731e-01 9.271330629870042639e-01 4.867164719152343444e-02 -3.715580097215672173e-01 -6.206440833099966525e-01 1.549661427652472945e+00 1.686442672841012236e+00
1.583524530844978094e+09 1.515663006761676368e-01 8.864879120335853457e-01 4.372263015493631499e-01 3.578651205698423210e-01 -4.615421722102033275e-01 8.117335640458676060e-01 9.213903690739866370e-01 3.343658965770856389e-02 -3.871973431753084616e-01 -6.231429747682901699e-01 1.559076574825205341e+00 1.697198661611755588e+00
1.583524530844994068e+09 1.692618016374058121e-01 8.893410662052436688e-01 4.247621815984075622e-01 3.657579039261029674e-01 -4.568854790523430576e-01 8.108494403983281806e-01 9.151893784692194389e-01 1.811428804703738710e-02 -4.026167835770455561e-01 -6.253625001015997720e-01 1.568514302838271535e+00 1.707996056968379195e+00
1.583524530845011950e+09 1.868362636672231680e-01 8.917864619106371515e-01 4.120790183698243014e-01 3.737208277437695791e-01 -4.524483480626962373e-01 8.097056474382751112e-01 9.085290054410741778e-01 2.720133982948963122e-03 -4.178129335667100097e-01 -6.273068623542851219e-01 1.577964049040203154e+00 1.718835914042649904e+00
1.583524530845026970e+09 2.042818291595496771e-01 8.938210610169167181e-01 3.991902373639419910e-01 3.817524561236563807e-01 -4.482431243328220960e-01 8.082964579778222358e-01 9.014066766752971693e-01 -1.272842538249324695e-02 -4.327863107178083757e-01 -6.289797418821042596e-01 1.587415559070419535e+00 1.729719442031104615e+00
1.583524530845046043e+09 2.215932756265568127e-01 8.954389395867853318e-01 3.861159490588867982e-01 3.898540846451447051e-01 -4.442896225717559711e-01 8.066105158055716373e-01 8.938177739989235926e-01 -2.821058648018635873e-02 -4.475421209297577585e-01 -6.303843637158218494e-01 1.596858799051756428e+00 1.740647982894395707e+00
1.583524530845063925e+09 2.387671683934714795e-01 8.966318836022867389e-01 3.728826961043345545e-01 3.980300503040046234e-01 -4.406149101051854422e-01 8.046307105098451373e-01 8.857552249826515789e-01 -4.370087807554259157e-02 -4.620908081574568449e-01 -6.315235671950074625e-01 1.606283879290257843e+00 1.751622992104982623e+00
1.583524530845082998e+09 2.558008055208972342e-01 8.973901757285932534e-01 3.595230463399019527e-01 4.062879311311441421e-01 -4.372528318928216584e-01 8.023341437745683535e-01 8.772092482080821041e-01 -5.916784559292329743e-02 -4.764484245103095539e-01 -6.323998786560117713e-01 1.615680989180417582e+00 1.762646020417445891e+00
1.583524530845101118e+09 2.726909545478243824e-01 8.977035895656397813e-01 3.460750049304635034e-01 4.146385615710209138e-01 -4.342432071595273557e-01 7.996922536461821274e-01 8.681673264953234659e-01 -7.457280175835885594e-02 -4.906367197388753487e-01 -6.330155885269286298e-01 1.625040343501096274e+00 1.773718695672179102e+00
1.583524530845119953e+09 2.894324120818236312e-01 8.975625990453025560e-01 3.325812082490495758e-01 4.230957830925251573e-01 -4.316306154070561063e-01 7.966711808646250725e-01 8.586144870615983749e-01 -8.986875477209196883e-02 -5.046828408376042852e-01 -6.333728341657554051e-01 1.634352140825008570e+00 1.784842703735552094e+00
1.583524530845139027e+09 3.060164614989377418e-01 8.969597949234284773e-01 3.190878437537993384e-01 4.316758478420093526e-01 -4.294626801237417246e-01 7.932324810661767200e-01 8.485339639084700236e-01 -1.049996815149562279e-01 -5.186185296417684665e-01 -6.334736886527316813e-01 1.643606535068208530e+00 1.796019767965755465e+00
1.583524530845159054e+09 3.224293919682725829e-01 8.958914177181165339e-01 3.056433465705608032e-01 4.403964696955452451e-01 -4.277879008906290137e-01 7.893341887812014290e-01 8.379082508830613119e-01 -1.199002917316358136e-01 -5.324788103361578484e-01 -6.333202542253590916e-01 1.652793621113593403e+00 1.807251626988799265e+00
1.583524530845176935e+09 3.386512597405058056e-01 8.943589139349223949e-01 2.922968658575957335e-01 4.492755307601288273e-01 -4.266530588127810941e-01 7.849322678508569018e-01 8.267205222796393249e-01 -1.344964717669072385e-01 -5.463001715505738654e-01 -6.329147581159416669e-01 1.661903435113652350e+00 1.818540010886950942e+00
1.583524530845196962e+09 3.546551220801006377e-01 8.923703121896441326e-01 2.790967050213322143e-01 4.583296162264779428e-01 -4.261004892514221876e-01 7.799822665913471731e-01 8.149562610918614780e-01 -1.487064202688977987e-01 -5.601184637112367470e-01 -6.322596469856776036e-01 1.670925969246103815e+00 1.829886616391609877e+00
1.583524530845216036e+09 3.704068852652896982e-01 8.899412831089485998e-01 2.660888055054616563e-01 4.675725223928025032e-01 -4.261654010218691724e-01 7.744410807302830602e-01 8.026049313772400939e-01 -1.624424945544653553e-01 -5.739666892809291987e-01 -6.313576755616205904e-01 1.679851199735001854e+00 1.841293081992879888e+00
1.583524530845233917e+09 3.858658356005817969e-01 8.870957334996624200e-01 2.533154495324341782e-01 4.770139613397242351e-01 -4.268735437189448700e-01 7.682686109736628355e-01 7.896614703922997247e-01 -1.756136034766482557e-01 -5.878729665191879672e-01 -6.302119848738014785e-01 1.688669125882070521e+00 1.852760964123226994e+00
1.583524530845252037e+09 4.009857937315455811e-01 8.838658669734029694e-01 2.408142912571754612e-01 4.866586349243859355e-01 -4.282394370597393252e-01 7.614291548449388936e-01 7.761274164060607550e-01 -1.881279197572793827e-01 -6.018588868023005967e-01 -6.288261651687958587e-01 1.697369816522757535e+00 1.864291715849079045e+00
1.583524530845263004e+09 4.157167380577776461e-01 8.802917268703207565e-01 2.286177371752427245e-01 4.965057571176483275e-01 -4.302652531569237104e-01 7.538924627043476212e-01 7.620115662279350888e-01 -1.998956927374265224e-01 -6.159383778204815529e-01 -6.272043008444421197e-01 1.705943460094044628e+00 1.875886669116297867e+00
1.583524530845273018e+09 4.300066867834514417e-01 8.764202857771147270e-01 2.167526988268839994e-01 5.065490541385143652e-01 -4.329404010499581235e-01 7.456344044755881528e-01 7.473301180134097610e-01 -2.108319052274247596e-01 -6.301171341587926689e-01 -6.253509956832126182e-01 1.714380414067517844e+00 1.887547021463977348e+00
1.583524530845283031e+09 4.438035604090432296e-01 8.723041885199339651e-01 2.052408412273124538e-01 5.167772828337227065e-01 -4.362418833745923541e-01 7.366371287033868231e-01 7.321063037100211668e-01 -2.208583761695786518e-01 -6.443926893254142696e-01 -6.232713786376381515e-01 1.722671249890536771e+00 1.899273827659305081e+00
1.583524530845293045e+09 4.570568303945312105e-01 8.680003349302820581e-01 1.940991313723005596e-01 5.271750737436589063e-01 -4.401351675342757841e-01 7.268889022199538363e-01 7.163696640907949442e-01 -2.299053137780826817e-01 -6.587549251271642703e-01 -6.209710929829228565e-01 1.730806790976262777e+00 1.911067995980663792e+00
1.583524530845304012e+09 4.697188450882634481e-01 8.635684391639143476e-01 1.833405517004013940e-01 5.377239392124225636e-01 -4.445753751084746686e-01 7.163837667707307899e-01 7.001551056610404444e-01 -2.379123518629722156e-01 -6.731868545656990444e-01 -6.184562730400636754e-01 1.738778142749477063e+00 1.922930288373204233e+00
1.583524530845316887e+09 4.817457569667980000e-01 8.590696685894811946e-01 1.729749421242988139e-01 5.484033575640974156e-01 -4.495086715717150350e-01 7.051210618339545100e-01 6.835018531601406711e-01 -2.448290406222667082e-01 -6.876655858096194507e-01 -6.157335128211021136e-01 1.746576714840497813e+00 1.934861323507454767e+00
1.583524530845326900e+09 4.930980793112834659e-01 8.545654321664727382e-01 1.630098364348344098e-01 5.591918010839695974e-01 -4.548736841023563460e-01 6.931049425297748368e-01 6.664524094011322619e-01 -2.506149518617298289e-01 -7.021633230374692003e-01 -6.128098298098376695e-01 1.754194235658442569e+00 1.946861581983063472e+00
1.583524530845336914e+09 5.037409185317364146e-01 8.501163476643501804e-01 1.534512394198453422e-01 5.700676484246749443e-01 -4.606028612791299159e-01 6.803439429058117938e-01 6.490515876517111149e-01 -2.552394954809765193e-01 -7.166483355354024143e-01 -6.096926262876255498e-01 1.761622759657338166e+00 1.958931413077266814e+00
1.583524530845349073e+09 5.136439142108406575e-01 8.457814047365553867e-01 1.443043493623250018e-01 5.810099733940363720e-01 -4.666237334194350272e-01 6.668505848193849728e-01 6.313456584376169189e-01 -2.586814783634897585e-01 -7.310858722721320646e-01 -6.063896508769887062e-01 1.768854668548722309e+00 1.971071042250645888e+00
1.583524530845359087e+09 5.227809534755389897e-01 8.416173200918951602e-01 1.355741924313067226e-01 5.919991893442893005e-01 -4.728600236352310526e-01 6.526410637639802337e-01 6.133816387181464380e-01 -2.609285055421272093e-01 -7.454389851565628167e-01 -6.029089619284355717e-01 1.775882667469896870e+00 1.983280578886044809e+00
