1.583524531471268892e+09 -2.395991503195160632e-01 6.919306584725006815e-01 6.810464091042608414e-01 2.183338480688523375e-01 -6.451098847104359546e-01 7.322319083028999698e-01 9.460034768444236519e-01 3.241376262750972348e-01 3.495896964776190000e-03 -4.813424470446707182e-01 1.383094661702619410e+00 1.465889844700470013e+00
1.583524531471381903e+09 -2.240439928907321243e-01 7.055282376321140303e-01 6.723348834291124065e-01 2.221259121700562833e-01 -6.347477141317476867e-01 7.401050051498762050e-01 9.489280102514711102e-01 3.151590797740195238e-01 -1.450469100582433939e-02 -4.934764566965851862e-01 1.387671363507135602e+00 1.476074229251861381e+00
1.583524531471435070e+09 -2.081119319214677077e-01 7.185790088820477317e-01 6.635763950819795198e-01 2.263646410364263672e-01 -6.246278126021060917e-01 7.473949057318610700e-01 9.515505626753278934e-01 3.057520302105735666e-01 -3.266837860101354934e-02 -5.050920868962632815e-01 1.392946611876834329e+00 1.486521763317359301e+00
1.583524531471460104e+09 -1.918325207433563551e-01 7.310968705451361682e-01 6.547500669655966776e-01 2.309841972193242277e-01 -6.147672571499530614e-01 7.541269921403778165e-01 9.538587866489647293e-01 2.959030004591960417e-01 -5.093947113404698190e-02 -5.161807182912632186e-01 1.398876367003301535e+00 1.497188643662449303e+00
1.583524531471481085e+09 -1.752443972996454158e-01 7.431009914801044447e-01 6.458252999134287409e-01 2.359246666650898494e-01 -6.051671908694732371e-01 7.603369140457674202e-01 9.558393971380746423e-01 2.856109028534111194e-01 -6.926369409504727626e-02 -5.267390275521371956e-01 1.405414905827707450e+00 1.508036302118884286e+00
1.583524531471502066e+09 -1.583937139938017824e-01 7.546147929612411209e-01 6.367636499908722048e-01 2.411344051974610159e-01 -5.958139176135165416e-01 7.660678653480236244e-01 9.574787884045942166e-01 2.748859583588117994e-01 -8.759041000511741393e-02 -5.367683500475166625e-01 1.412515929870374887e+00 1.519031311269761542e+00
1.583524531471523046e+09 -1.413332674669633693e-01 7.656653738052040525e-01 6.275200739491064716e-01 2.465712199520338488e-01 -5.866799025164900483e-01 7.713684758857591861e-01 9.587635481423170125e-01 2.637484173018092015e-01 -1.058736577259583311e-01 -5.462740043933614897e-01 1.420133496924216532e+00 1.530145144361661380e+00
1.583524531471541882e+09 -1.241222361154191434e-01 7.762832525548749585e-01 6.180436737477030817e-01 2.522028013540608127e-01 -5.777245680525352478e-01 7.762912279411041672e-01 9.596808937037292209e-01 2.522273489761139298e-01 -1.240723457054526968e-01 -5.552646155179290499e-01 1.428222771610857977e+00 1.541353829608829829e+00
1.583524531471560955e+09 -1.068265048659422511e-01 7.865023379017530569e-01 6.082780373296291510e-01 2.580066752916101991e-01 -5.688948010165972846e-01 7.808913247092111876e-01 9.602190654294547878e-01 2.403596849754681131e-01 -1.421498100955915500e-01 -5.637514637126785910e-01 1.436740602393861366e+00 1.552637536659929651e+00
1.583524531471580982e+09 -8.951956551411761887e-02 7.963600300325823778e-01 5.981613079521368448e-01 2.639698633354352619e-01 -5.601251564217714085e-01 7.852259041333439216e-01 9.603677206649232634e-01 2.281896404968437042e-01 -1.600728876722726790e-01 -5.717478783507965456e-01 1.445645940850001310e+00 1.563980127998587433e+00
1.583524531471600056e+09 -7.249894604904591477e-02 8.057802610266386889e-01 5.877602182318589774e-01 2.700109908427596461e-01 -5.514475531718753265e-01 7.893032757139252231e-01 9.601239336144143932e-01 2.159253745217548648e-01 -1.775901602887458297e-01 -5.792686884131157399e-01 1.454900122695797826e+00 1.575368701774360281e+00
1.583524531471620083e+09 -5.527381620399139661e-02 8.147076442440607247e-01 5.772315480176766211e-01 2.761815613633000210e-01 -5.430844033014452510e-01 7.929584328207329724e-01 9.595147474935168397e-01 2.032505488905311519e-01 -1.949888817628054882e-01 -5.863907122656040194e-01 1.464424905643535668e+00 1.586790495167632153e+00
1.583524531471632004e+09 -3.787191757253157570e-02 8.231457334940367465e-01 5.665658122974650546e-01 2.824737787527772936e-01 -5.350302252199230502e-01 7.962105390825441331e-01 9.585271422489513027e-01 1.901940058371033027e-01 -2.122544652266550314e-01 -5.931248034201426211e-01 1.474192229228514561e+00 1.598242721352311602e+00
1.583524531471643925e+09 -2.032187559416335013e-02 8.310995577258976086e-01 5.557522351682407935e-01 2.888812681996673626e-01 -5.272765130038599146e-01 7.990789021402781023e-01 9.571492226952967863e-01 1.767851925593189877e-01 -2.293738465442653751e-01 -5.994815074599261218e-01 1.484176454361811670e+00 1.609723559323277708e+00
1.583524531471656084e+09 -2.652973852682016451e-03 8.385755855032497319e-01 5.447788078678920121e-01 2.953988105834303712e-01 -5.198119991452423427e-01 8.015828268983755667e-01 9.553703494903270643e-01 1.630535901768150886e-01 -2.463351829076395605e-01 -6.054708611068213564e-01 1.494354175716580801e+00 1.621231978380449634e+00
1.583524531471666098e+09 1.510522028465340408e-02 8.455815372338276736e-01 5.336325482799676445e-01 3.020220540627229777e-01 -5.126231435191870300e-01 8.037413711612153566e-01 9.531812584333917426e-01 1.490281079052180602e-01 -2.631275582649696965e-01 -6.111022494780971037e-01 1.504704014010981750e+00 1.632767592389729128e+00
1.583524531471678019e+09 3.292325617325139731e-02 8.521261195667250155e-01 5.222998525075887022e-01 3.087472254539672667e-01 -5.056947114613137284e-01 8.055730939538668922e-01 9.505741476735907192e-01 1.347365410017001552e-01 -2.797406916887179573e-01 -6.163843120908030215e-01 1.515206400192231628e+00 1.644330540860424961e+00
1.583524531471688986e+09 5.077235245713018763e-02 8.582185900199640338e-01 5.107670901149142795e-01 3.155708525096899142e-01 -4.990106168402793640e-01 8.070956829613582517e-01 9.475427196276782205e-01 1.202050596042649466e-01 -2.961647150135836570e-01 -6.213248897649645830e-01 1.525843359881211114e+00 1.655921393249374152e+00
1.583524531471702099e+09 6.862514445268545760e-02 8.638681129252084867e-01 4.990215159632201969e-01 3.224895237231140133e-01 -4.925551177030519368e-01 8.083254067770241358e-01 9.440821451992661428e-01 1.054577632317569291e-01 -3.123900824018989719e-01 -6.259310073126831409e-01 1.536598303422211043e+00 1.667541072627460652e+00
1.583524531471714020e+09 8.645654744466002573e-02 8.690829641648651904e-01 4.870524275442059681e-01 3.294997271521713511e-01 -4.863142850580598475e-01 8.092764336634192812e-01 9.401889147698999638e-01 9.051639562910851478e-02 -3.284076536243807354e-01 -6.302088857022443147e-01 1.547455826184026328e+00 1.679190795123943314e+00
1.583524531471724987e+09 1.042445620904655784e-01 8.738697301282795094e-01 4.748523627554547266e-01 3.365978067537443996e-01 -4.802775096676746847e-01 8.099601411945254181e-01 9.358605601306304589e-01 7.540032363445989261e-02 -3.442089532257404660e-01 -6.341639742519037393e-01 1.558401523369018049e+00 1.690872022199227498e+00
1.583524531471738100e+09 1.219708825228545401e-01 8.782326329426057843e-01 4.624181512718085751e-01 3.437800517496931163e-01 -4.744388349958508222e-01 8.103845186049817295e-01 9.310952583273927052e-01 6.012682108716638912e-02 -3.597865834062691226e-01 -6.378009949094358699e-01 1.569421821372757098e+00 1.702586423205352029e+00
1.583524531471754074e+09 1.396212995093339126e-01 8.821730084563620400e-01 4.497517940472493536e-01 3.510429144684805713e-01 -4.687980950421434811e-01 8.105536493127412090e-01 9.258913355077383889e-01 4.471162676212988435e-02 -3.751347831872422489e-01 -6.411239928628552631e-01 1.580503825923911032e+00 1.714335846085557558e+00
1.583524531471771002e+09 1.571859455248785786e-01 8.856889061893540305e-01 4.368612369584861099e-01 3.583833468351182439e-01 -4.633619407579075977e-01 8.104672039608971090e-01 9.202466818650099079e-01 2.916973846504366391e-02 -3.902501392277508141e-01 -6.441363935174969635e-01 1.591635185502736194e+00 1.726122294003070712e+00
1.583524531471790075e+09 1.746593093073894043e-01 8.887748690797873108e-01 4.237609681634396108e-01 3.657992274095153151e-01 -4.581446696465860668e-01 8.101199831067569246e-01 9.141581105810366870e-01 1.351643808919772427e-02 -4.051323920069201390e-01 -6.468410648258482443e-01 1.602803969137678752e+00 1.737947906186817715e+00
1.583524531471806049e+09 1.920399327150446867e-01 8.914219631047337611e-01 4.104723478039011830e-01 3.732898263968266739e-01 -4.531687373798129470e-01 8.095015757230390463e-01 9.076207192396210655e-01 -2.231476646485864440e-03 -4.197852436804896392e-01 -6.492403833120240497e-01 1.613998557878989493e+00 1.749814941705721161e+00
1.583524531471820116e+09 2.093296854642526794e-01 8.936181495597647073e-01 3.970235332258809091e-01 3.808562225241985955e-01 -4.484647642919556976e-01 8.085962484955200313e-01 9.006273484572139276e-01 -1.805431521040399764e-02 -4.342170208618845173e-01 -6.513363040001785009e-01 1.625207549114032091e+00 1.761725764945747841e+00
1.583524531471829891e+09 2.265327830785634489e-01 8.953488576544973432e-01 3.834492426147301791e-01 3.885016401690465915e-01 -4.440712911979856070e-01 8.073829104257684852e-01 8.931681667060898944e-01 -3.392803799284027644e-02 -4.484412051917147091e-01 -6.531304351272116948e-01 1.636419673222999638e+00 1.773682831674629590e+00
1.583524531471838951e+09 2.436545235258868458e-01 8.965977892167733554e-01 3.697903161405264871e-01 3.962316397032784598e-01 -4.400341988113122826e-01 8.058352137393895998e-01 8.852304564933138886e-01 -4.982277169324568489e-02 -4.624767352098919093e-01 -6.546241192207908899e-01 1.647623722557250980e+00 1.785688674612150750e+00
1.583524531471849918e+09 2.606997451167107349e-01 8.973479845049231463e-01 3.560930187119332735e-01 4.040540876015920602e-01 -4.364056860787224323e-01 8.039218690758912489e-01 8.767986869446958709e-01 -6.570138654334962969e-02 -4.763479722548394912e-01 -6.558185221676831045e-01 1.658808493337003087e+00 1.797745887495002526e+00
1.583524531471868038e+09 2.776710486540440170e-01 8.975831699360867777e-01 3.424080053988115546e-01 4.119788315614628660e-01 -4.332426838220704290e-01 8.016072725392224818e-01 8.678549598426725797e-01 -8.151828195014607092e-02 -4.900842159030715517e-01 -6.567147306548095642e-01 1.669962741561230812e+00 1.809857106888558054e+00
1.583524531471887112e+09 2.945669440498085989e-01 8.972893191767685739e-01 3.287889802575372777e-01 4.200170579769366697e-01 -4.306047288655080463e-01 7.988524510915209209e-01 8.583798615531338383e-01 -9.721854503718233009e-02 -5.037187390536858045e-01 -6.573138566225381618e-01 1.681075154126870030e+00 1.822024991394342708e+00
1.583524531471904993e+09 3.113800979466745944e-01 8.964563599352328715e-01 3.152910238315305147e-01 4.281803309312843253e-01 -4.285512913168921800e-01 7.956163617234565111e-01 8.483537228327803215e-01 -1.127376856715330833e-01 -5.172873239101727361e-01 -6.576171462710163063e-01 1.692134336115675541e+00 1.834252198247474652e+00
1.583524531471921921e+09 3.280959737326883952e-01 8.950798164123832112e-01 3.019687974707265798e-01 4.364794363851909886e-01 -4.271388518763637454e-01 7.918573753893296541e-01 8.377581595369489875e-01 -1.280020460622850742e-01 -5.308264712936723306e-01 -6.576260892754253184e-01 1.703128814488834353e+00 1.846541357845586262e+00
1.583524531471940041e+09 3.446920505938787516e-01 8.931622442556970132e-01 2.888747065214554710e-01 4.449231558011244037e-01 -4.264179083376621326e-01 7.875348582816963372e-01 8.265777494745173426e-01 -1.429299591095780642e-01 -5.443714275708596562e-01 -6.573425230751615000e-01 1.714047057436660415e+00 1.858895047150677327e+00
1.583524531471961975e+09 3.611377709854664553e-01 8.907142727083728895e-01 2.760572316306647567e-01 4.535171588489023131e-01 -4.264302453941477555e-01 7.826106519659544736e-01 8.148016306033032397e-01 -1.574335749811007767e-01 -5.579542745851379104e-01 -6.567687267280343244e-01 1.724877507467148074e+00 1.871315763240939400e+00
1.583524531471983910e+09 3.773952223943866091e-01 8.877551434892448912e-01 2.635595790264985139e-01 4.622631745720401919e-01 -4.272067216890962915e-01 7.770503037166284210e-01 8.024248274975860351e-01 -1.714211844411062113e-01 -5.716022865885306281e-01 -6.559074982872141746e-01 1.735608624873031802e+00 1.883805898672589629e+00
1.583524531472003937e+09 3.934204347564295712e-01 8.843127245558342064e-01 2.514187086893946432e-01 4.711585286116056204e-01 -4.287656997059893227e-01 7.708239849667691823e-01 7.894491767480574795e-01 -1.847998383813559964e-01 -5.853366700959355962e-01 -6.547622122047122017e-01 1.746228937662838820e+00 1.896367719971442378e+00
1.583524531472023010e+09 4.091651062367976377e-01 8.804230235280596784e-01 2.396647989469526674e-01 4.801960878783220754e-01 -4.311122072986195430e-01 7.639070506497087631e-01 7.758837756131176100e-01 -1.974780106228338217e-01 -5.991717636485722753e-01 -6.533368542697945980e-01 1.756727093431820652e+00 1.909003350486667028e+00
1.583524531472039938e+09 4.245785118276449444e-01 8.761292524276818039e-01 2.283213102386141280e-01 4.893646529919091215e-01 -4.342379663261500267e-01 7.562801234535438955e-01 7.617449205153263847e-01 -2.093679105289893982e-01 -6.131147970835344463e-01 -6.516360338839571886e-01 1.767091908820595636e+00 1.921714758366312781e+00
1.583524531472058058e+09 4.396093392150081103e-01 8.714806368536393011e-01 2.174054480422764613e-01 4.986496516725436590e-01 -4.381220217434809716e-01 7.479288863776591967e-01 7.470556565583543751e-01 -2.203873725248511606e-01 -6.271660484502632471e-01 -6.496649765601245630e-01 1.777312413431557880e+00 1.934503749602359601e+00
1.583524531472075939e+09 4.542072915789067133e-01 8.665311164380329334e-01 2.069288788341401564e-01 5.080340021266850359e-01 -4.427317643736536912e-01 7.388437166448699189e-01 7.318450581873071625e-01 -2.304612969089877561e-01 -6.413192666112594864e-01 -6.474295012958684037e-01 1.787377886527697468e+00 1.947371965485193090e+00
1.583524531472095966e+09 4.683243527975249343e-01 8.613380410053177449e-01 1.968986543078566631e-01 5.174990664951907293e-01 -4.480242338981290651e-01 7.290192056074177307e-01 7.161473430700503462e-01 -2.395225777847617143e-01 -6.555622915009751139e-01 -6.449359877763387594e-01 1.797277886032460303e+00 1.960320883526797564e+00
1.583524531472112894e+09 4.819156929220611008e-01 8.559609587179140000e-01 1.873181850235134949e-01 5.270255791861456762e-01 -4.539475013590892893e-01 7.184536902412131942e-01 7.000009314502788627e-01 -2.475126329500035305e-01 -6.698777446608134012e-01 -6.421913370874859917e-01 1.807002269656439397e+00 1.973351821100339798e+00
1.583524531472127914e+09 4.949402344970840195e-01 8.504605415706969485e-01 1.781881923181001803e-01 5.365944929384333095e-01 -4.604420301611187316e-01 7.071488436935485788e-01 6.834475215082586042e-01 -2.543816117556169099e-01 -6.842437294106481493e-01 -6.392029287176643759e-01 1.816541208176206235e+00 1.986465941187026463e+00
1.583524531472137928e+09 5.073609033026102999e-01 8.448976723416294909e-01 1.695076324122294642e-01 5.461877290861455458e-01 -4.674419727418707704e-01 6.951093200661152549e-01 6.665312285457254404e-01 -2.600883036500615253e-01 -6.986345224584299407e-01 -6.359785770433163954e-01 1.825885191907399285e+00 1.999664259361289886e+00
1.583524531472147942e+09 5.191446159478267930e-01 8.393327047674961072e-01 1.612745448432774675e-01 5.557888102430399435e-01 -4.748763384094288886e-01 6.823424812770705339e-01 6.492978256326608077e-01 -2.645998379230221631e-01 -7.130212196651432022e-01 -6.325264892736740530e-01 1.835025031281255936e+00 2.012947651419401573e+00
