1.583524531323826075e+09 -2.694558986207305495e-01 6.630964981151232784e-01 6.983527426774075453e-01 2.123739549554765904e-01 -6.664043907136193434e-01 7.147044783640934540e-01 9.393033706972750974e-01 3.408932713760883804e-01 3.874216810765650221e-02 -4.568781324437313773e-01 1.376489454391857770e+00 1.447435592007749294e+00
1.583524531323880911e+09 -2.547439683088416618e-01 6.777994260891918588e-01 6.897053348519311955e-01 2.150544142738674835e-01 -6.556654370324805914e-01 7.237778897438906789e-01 9.427921880029678237e-01 3.327022286102276349e-01 2.126305672571269720e-02 -4.693349292479980783e-01 1.379430664151028774e+00 1.456494271007475527e+00
1.583524531323904991e+09 -2.395991503195159800e-01 6.919306584725003484e-01 6.810464091042605084e-01 2.183338480688522265e-01 -6.451098847104356215e-01 7.322319083028996367e-01 9.460034768444232078e-01 3.241376262750970683e-01 3.495896964776203878e-03 -4.813424470446704406e-01 1.383094661702618078e+00 1.465889844700468680e+00
1.583524531323928118e+09 -2.240628266693430737e-01 7.055119572484207513e-01 6.723456910025183975e-01 2.221212005054395977e-01 -6.347603145324514085e-01 7.400956123923941865e-01 9.489246662618302519e-01 3.151701469556307811e-01 -1.448297259632099973e-02 -4.928812720809268577e-01 1.387446871967494610e+00 1.475574675589804263e+00
1.583524531323966026e+09 -2.081829149890109532e-01 7.185697069928638214e-01 6.635642021905489019e-01 2.263346785080889711e-01 -6.246222265229900428e-01 7.474086482918750329e-01 9.515421627349710532e-01 3.057853014609719922e-01 -3.260156774622153392e-02 -5.039378681364317103e-01 1.392448702957249651e+00 1.485505211186789243e+00
1.583524531324009895e+09 -1.920122901237803770e-01 7.311333310003655939e-01 6.546566528170839616e-01 2.309036423894582635e-01 -6.146860009260983748e-01 7.542178917939322824e-01 9.538421193397244036e-01 2.959817103073710265e-01 -5.079408246831811080e-02 -5.145042289675589853e-01 1.398058813579120319e+00 1.495642313559493175e+00
1.583524531324048996e+09 -1.756080235674577217e-01 7.432343242118546467e-01 6.455730490931004262e-01 2.357692050861128208e-01 -6.049286263827373666e-01 7.605749397813007517e-01 9.558110191085360530e-01 2.857693065641891961e-01 -6.900144534678073760e-02 -5.245773943468583500e-01 1.404234284009857170e+00 1.505951390685966285e+00
1.583524531324093103e+09 -1.590313210697935076e-01 7.549057860720720381e-01 6.362596116567971194e-01 2.408840537320719177e-01 -5.953150050185006537e-01 7.665343551123821042e-01 9.574361137112914477e-01 2.751677656285502205e-01 -8.717103424762745467e-02 -5.341588712204213829e-01 1.410931654032015370e+00 1.516402357279246882e+00
1.583524531324134111e+09 -1.423481088508151415e-01 7.661823494403494639e-01 6.266590968577876453e-01 2.462118353883319399e-01 -5.857987229272743068e-01 7.721525681136396368e-01 9.587057673181701434e-01 2.642053442267697227e-01 -1.052558221361850621e-01 -5.432539998788279423e-01 1.418107808161493288e+00 1.526969457805273045e+00
1.583524531324166059e+09 -1.256301231807317453e-01 7.771003159633916857e-01 6.167107680691802374e-01 2.517263644300615777e-01 -5.763223903530731995e-01 7.774871960005426130e-01 9.596097695807347394e-01 2.529181717712237765e-01 -1.232131844582454450e-01 -5.518713030314569279e-01 1.425720696852646130e+00 1.537630985785171323e+00
1.583524531324194908e+09 -1.091445223299851719e-01 7.875799555493769866e-01 6.064695270460734866e-01 2.573456107933876913e-01 -5.669251630576048750e-01 7.825401562946969758e-01 9.601357769212992554e-01 2.414822424441218640e-01 -1.408034686047263118e-01 -5.600218489331587612e-01 1.433729895162486612e+00 1.548368933003239967e+00
1.583524531324239016e+09 -9.239189917664253349e-02 7.975482345290804131e-01 5.961380301065914988e-01 2.631542681808374251e-01 -5.578539233150744403e-01 7.871142429764749204e-01 9.603195136918882824e-01 2.295992468418996402e-01 -1.583370385710117234e-01 -5.677488532379522113e-01 1.442072074606194132e+00 1.559166322181237296e+00
1.583524531324264050e+09 -7.539683229436368317e-02 8.070062836978485477e-01 5.857099761191116860e-01 2.691367452374189284e-01 -5.491129234102444245e-01 7.912271543767352977e-01 9.601462025727250937e-01 2.172920977087657024e-01 -1.757936695951545225e-01 -5.750631559431661488e-01 1.450713538560309601e+00 1.570015665159961271e+00
1.583524531324285030e+09 -5.818517752062106474e-02 8.159565183452879289e-01 5.751777513604092729e-01 2.752794062425208410e-01 -5.407028754345242216e-01 7.948972569532775090e-01 9.596018621734015985e-01 2.045858279034588056e-01 -1.931551331071145183e-01 -5.819761577621220816e-01 1.459623181015820226e+00 1.580911115748237616e+00
1.583524531324310064e+09 -4.078390664994598763e-02 8.244027219969579656e-01 5.645323952579356375e-01 2.815704111960852796e-01 -5.326210770862740418e-01 7.981434030915541822e-01 9.586734463660733230e-01 1.915070247307441298e-01 -2.104050451453213788e-01 -5.884994407929312610e-01 1.468772431549403956e+00 1.591848215888893581e+00
1.583524531324335098e+09 -2.322094589706648338e-02 8.323501040155145692e-01 5.537635708407465662e-01 2.879995206761719051e-01 -5.248615575300421554e-01 8.009847823983149429e-01 9.573489771401466619e-01 1.780832672869674671e-01 -2.275286491682848578e-01 -5.946444547549977200e-01 1.478135143832978393e+00 1.602823669791894723e+00
1.583524531324357033e+09 -5.525017285343630791e-03 8.398053277884848233e-01 5.428595453479280186e-01 2.945578735758800359e-01 -5.174152383633958685e-01 8.034408069920574436e-01 9.556176712299655485e-01 1.643425776958958306e-01 -2.445125434420837574e-01 -6.004222685355017353e-01 1.487687441675274336e+00 1.613835147444478091e+00
1.583524531324379921e+09 1.227460002109571034e-02 8.467764443764048687e-01 5.318072844714167857e-01 3.012377464590558773e-01 -5.102702209527406607e-01 8.055309564711670145e-01 9.534700596087526403e-01 1.503128576518746040e-01 -2.613443907288618417e-01 -6.058433847712343390e-01 1.497407535382872190e+00 1.624881116994023156e+00
1.583524531324402094e+09 3.014844823657223533e-02 8.532726746102600179e-01 5.205927527402458566e-01 3.080323031547255730e-01 -5.034123023612060432e-01 8.072745221799256798e-01 9.508980868363636763e-01 1.360213105111394982e-01 -2.780126469227731656e-01 -6.109176109614460337e-01 1.507275520965907445e+00 1.635960704319122883e+00
1.583524531324423075e+09 4.806728971235914305e-02 8.593041181584236687e-01 5.092013045436635243e-01 3.149353454820444931e-01 -4.968255794638120615e-01 8.086903436252933508e-01 9.478951756876747847e-01 1.214939357563755706e-01 -2.945062983939203960e-01 -6.156539775978321360e-01 1.517273173243613549e+00 1.647073577313530546e+00
1.583524531324446917e+09 6.600264373967336395e-02 8.648812980931716021e-01 4.976183191978878484e-01 3.219410884960713370e-01 -4.904933166619348528e-01 8.097964200737011176e-01 9.444562387017856331e-01 1.067550787481084951e-01 -3.108146821660647818e-01 -6.200606954552548844e-01 1.527383740520835920e+00 1.658219851722949389e+00
1.583524531324470997e+09 8.392749780729950870e-02 8.700145056198662630e-01 4.858301508717961514e-01 3.290439912191077121e-01 -4.843991618864456616e-01 8.106093411271247939e-01 9.405776029754451262e-01 9.182707822428620714e-02 -3.269274549452642065e-01 -6.241451469085105286e-01 1.537591745763337014e+00 1.669400015023739359e+00
1.583524531324491978e+09 1.018171138385643715e-01 8.747130075880338307e-01 4.738253159753791355e-01 3.362386769372399109e-01 -4.785286266735888638e-01 8.111435789683759667e-01 9.362568171847730492e-01 7.673009925170864998e-02 -3.428347480275188985e-01 -6.279139050356469243e-01 1.547882798480888056e+00 1.680614865101587307e+00
1.583524531324532032e+09 1.196497624298013540e-01 8.789842658172182244e-01 4.615957053196497184e-01 3.435199650387736892e-01 -4.728705907385774010e-01 8.114107702948926137e-01 9.314923339638381261e-01 6.148223468387488400e-02 -3.585274981031573716e-01 -6.313727713160145472e-01 1.558243421013641994e+00 1.691865461125940717e+00
1.583524531324562073e+09 1.374072541573252704e-01 8.828333001900201538e-01 4.491376303025931827e-01 3.508830171515320839e-01 -4.674186173699895752e-01 8.114190930257971779e-01 9.262830858015290714e-01 4.609989732372856558e-02 -3.739979207642334935e-01 -6.345268242560725414e-01 1.568660890870621216e+00 1.703153084345082613e+00
1.583524531324589968e+09 1.550752626053473193e-01 8.862622197775141819e-01 4.364526791030189923e-01 3.583235938780925944e-01 -4.621720586556939403e-01 8.111727253701815910e-01 9.206279733203176496e-01 3.059846916040111220e-02 -3.892401170696512813e-01 -6.373804734372010561e-01 1.579123099132765828e+00 1.714479206838323666e+00
1.583524531324826002e+09 1.726434838276723616e-01 8.892698897428817917e-01 4.235484518467920734e-01 3.658384193645239923e-01 -4.571370343722121476e-01 8.106713161562384418e-01 9.145252750305531420e-01 1.499317592031272281e-02 -4.042508210472120500e-01 -6.399375190514554612e-01 1.589618423534146840e+00 1.725845466096935121e+00
1.583524531324857950e+09 1.901055658309809271e-01 8.918517897533283501e-01 4.104391055042815872e-01 3.734256213231688104e-01 -4.523271997989699589e-01 8.099095071535278301e-01 9.079720146787491064e-01 -6.998271070632047439e-04 -4.190302269687292691e-01 -6.422012159765599915e-01 1.600135615352978213e+00 1.737253643802986858e+00
1.583524531324882030e+09 2.074587303412696593e-01 8.940001298381675676e-01 3.971456199277729748e-01 3.810851882199595142e-01 -4.477641838481555281e-01 8.088765759362768204e-01 9.009633481913419395e-01 -1.646219409040905468e-02 -4.335827968137200283e-01 -6.441743408267004423e-01 1.610663699398867887e+00 1.748705647590273138e+00
1.583524531324903011e+09 2.247029974539225816e-01 8.957043088635376904e-01 3.836956533397296032e-01 3.888193490422550691e-01 -4.434775162486404576e-01 8.075563178556254273e-01 8.934920687977596643e-01 -3.227203103665886308e-02 -4.479178935022573582e-01 -6.458592621960607127e-01 1.621191886333046783e+00 1.760203494604183572e+00
1.583524531324925900e+09 2.418401703007659331e-01 8.969515715099470876e-01 3.701232372710743790e-01 3.966328628366900810e-01 -4.395042998170647364e-01 8.059270082808523972e-01 8.855482507492786759e-01 -4.810248569371300409e-02 -4.620502643395085762e-01 -6.472580149370096292e-01 1.631709496902012502e+00 1.771749295779930122e+00
1.583524531324948072e+09 2.588725640286032026e-01 8.977278901715874948e-01 3.564682751306407216e-01 4.045331486209280403e-01 -4.358885468230006555e-01 8.039615081156641363e-01 8.771191068022947679e-01 -6.392034322517278766e-02 -4.760002757515502947e-01 -6.483723799605739524e-01 1.642205898153300536e+00 1.783345239789448256e+00
1.583524531324968100e+09 2.758014921479429171e-01 8.980190930637433899e-01 3.427757952295167332e-01 4.125301797733419984e-01 -4.326800819204372761e-01 8.016275928395554251e-01 8.681891429648399550e-01 -7.968472578390399519e-02 -4.897937901055423038e-01 -6.492039710637834693e-01 1.652670452286423952e+00 1.794993575685377207e+00
1.583524531324985027e+09 2.926255652034001620e-01 8.978122486053885520e-01 3.290948878618663032e-01 4.206360655280714234e-01 -4.299328984662430519e-01 7.988886050693935204e-01 8.587406938201147533e-01 -9.534605073587566759e-02 -5.034615692360748795e-01 -6.497543290909267855e-01 1.663092479206185192e+00 1.806696593546019747e+00
1.583524531325004101e+09 3.093389640164240784e-01 8.970972287201324225e-01 3.154773651740990226e-01 4.288643028459472317e-01 -4.277030027076497709e-01 7.957044371722216125e-01 8.487548617482029156e-01 -1.108454059362967703e-01 -5.170381813298102758e-01 -6.500250220812446855e-01 1.673461233864069531e+00 1.818456602826646895e+00
1.583524531325021029e+09 3.259298663038612265e-01 8.958683729964939113e-01 3.019761263561240305e-01 4.372287008068396763e-01 -4.260457500231779049e-01 7.920328794906136283e-01 8.382128522617102728e-01 -1.261145410752366192e-01 -5.305603991478272663e-01 -6.500177490266967339e-01 1.683765899194231253e+00 1.830275908461014289e+00
1.583524531325040102e+09 3.423792974452085081e-01 8.941260446047950561e-01 2.886434364637401884e-01 4.457421183943809373e-01 -4.250129713644490437e-01 7.878311609586750031e-01 8.270975642717699472e-01 -1.410765425192006817e-01 -5.440652797576450705e-01 -6.497344431106347740e-01 1.693995594679217787e+00 1.842156785288852960e+00
1.583524531325058937e+09 3.586605761117384050e-01 8.918779360196841255e-01 2.755291976501799689e-01 4.544151469673694543e-01 -4.246500704605282728e-01 7.830575917394162477e-01 8.153952818131549041e-01 -1.556472460913807254e-01 -5.575880822724297303e-01 -6.491773695941609468e-01 1.704139399597220939e+00 1.854101451757767860e+00
1.583524531325078011e+09 3.747394754387316507e-01 8.891399512503483926e-01 2.626794110921529812e-01 4.632549388668142920e-01 -4.249934167952280073e-01 7.776731044677215321e-01 8.030972465498616986e-01 -1.697372766562061652e-01 -5.711602838158447160e-01 -6.483492132152538501e-01 1.714186388875816425e+00 1.866112044150956883e+00
1.583524531325095892e+09 3.905750814989462638e-01 8.859365692765777123e-01 2.501349661759166843e-01 4.722643461534932197e-01 -4.260682757644275731e-01 7.716425415019464440e-01 7.902009195869482694e-01 -1.832545222350035474e-01 -5.848079061329393147e-01 -6.472531495250332112e-01 1.724125678076249724e+00 1.878190592937246217e+00
1.583524531325113058e+09 4.061212165346083092e-01 8.823006807598974266e-01 2.379308020924555400e-01 4.814414539819777961e-01 -4.278873899291030236e-01 7.649356234635831253e-01 7.767108111254003022e-01 -1.961068346150474651e-01 -5.985502699100718749e-01 -6.458928970226421873e-01 1.733946473619422113e+00 1.890339002473242713e+00
1.583524531325129986e+09 4.213282301594312718e-01 8.782729379678828607e-01 2.260954870785185367e-01 4.907795457966070973e-01 -4.304502864587937405e-01 7.575275496187977575e-01 7.626388136912638505e-01 -2.082047012715539103e-01 -6.123992509231503956e-01 -6.442727479289294124e-01 1.743638123829657216e+00 1.902559035180364955e+00
1.583524531325150013e+09 4.361449004454767686e-01 8.739006914829168249e-01 2.146513629455278627e-01 5.002675410336212547e-01 -4.337434235848464104e-01 7.493991126237821154e-01 7.480040196768108496e-01 -2.194634917965783416e-01 -6.263591323091070029e-01 -6.423975776037379459e-01 1.753190166640740566e+00 1.914852300843154609e+00
1.583524531325167894e+09 4.505202100529008269e-01 8.692367054674536853e-01 2.036150548836332397e-01 5.098907419660181350e-01 -4.377409104623296576e-01 7.405365127265471914e-01 7.328321580275658498e-01 -2.298052338019300200e-01 -6.404268755987151396e-01 -6.402728354805569122e-01 1.762592371114136247e+00 1.927220250885243402e+00
1.583524531325185061e+09 4.644048548855531644e-01 8.643377955031124049e-01 1.929982030922461345e-01 5.196317485527667257e-01 -4.424055958391884813e-01 7.309310054871172024e-01 7.171547789018738461e-01 -2.391599137398476849e-01 -6.545926665258205990e-01 -6.379045219966990032e-01 1.771834771385931706e+00 1.939664176904653203e+00
1.583524531325201035e+09 4.777523909382178635e-01 8.592634938877408146e-01 1.828083734349617850e-01 5.294714582945542203e-01 -4.476904097157431428e-01 7.205784287752650119e-01 7.010082938526781549e-01 -2.474662510795345993e-01 -6.688406587802727676e-01 -6.352991562337318987e-01 1.780907692810977494e+00 1.952185212500843425e+00
1.583524531325217962e+09 4.905200152228670896e-01 8.540748291525827041e-01 1.730499963797533236e-01 5.393900297523405163e-01 -4.535397661154598747e-01 7.094787357433235409e-01 6.844329848234794733e-01 -2.546720775050788643e-01 -6.831497804552827402e-01 -6.324637377613376854e-01 1.789801770307303475e+00 1.964784337627150990e+00
1.583524531325236082e+09 5.026690108458604644e-01 8.488332593760620215e-01 1.637252689279911910e-01 5.493677517619659501e-01 -4.598909306864641944e-01 6.976355820287424292e-01 6.674720511773538645e-01 -2.607344049947998843e-01 -6.974945385164923461e-01 -6.294057053140862390e-01 1.798507959052796590e+00 1.977462384853782451e+00
1.583524531325254917e+09 5.141648833121302831e-01 8.435997810737855263e-01 1.548350170800271153e-01 5.593858068942608730e-01 -4.666753107501243614e-01 6.850559637706783445e-01 6.501707406953107782e-01 -2.656192086520955953e-01 -7.118458008936882075e-01 -6.261328952810146786e-01 1.807017538674099866e+00 1.990220046692344091e+00
1.583524531325270891e+09 5.249772459352585185e-01 8.384342195994455293e-01 1.463794761166591352e-01 5.694269077420690550e-01 -4.738196081854310071e-01 6.717499354332319150e-01 6.325755988264496477e-01 -2.693010185607996321e-01 -7.261715179506185169e-01 -6.226535018376478936e-01 1.815322111885094847e+00 2.003057883406954787e+00
