1.583524532769675970e+09 3.052549311459503145e-01 8.817534103799073986e-01 3.596252920254386920e-01 3.999962959528200468e-01 -4.614446858775917981e-01 7.918786303552096673e-01 8.641888627462653849e-01 -9.787607200509013117e-02 -4.935563638953712751e-01 -7.057165763733047603e-01 1.752874360868247772e+00 1.883831585120673280e+00
1.583524532769743919e+09 3.233255533784292202e-01 8.806423646126413374e-01 3.463085510818237900e-01 4.064501247249415194e-01 -4.597286198132387036e-01 7.895871657705899604e-01 8.545518608624378398e-01 -1.145365534925194551e-01 -5.065792093232703852e-01 -7.120847438006919772e-01 1.773579965693769411e+00 1.904175277554692292e+00
1.583524532769771099e+09 3.412829932635568775e-01 8.790271093262371771e-01 3.329223031737986171e-01 4.128518441753732948e-01 -4.583762490379878485e-01 7.870480094587284370e-01 8.444402131182127125e-01 -1.311585136360202963e-01 -5.193439814605229632e-01 -7.185682597364106972e-01 1.794221539443706437e+00 1.924547584831363789e+00
1.583524532769800901e+09 3.590765089950528899e-01 8.769510803631109797e-01 3.194070501919851202e-01 4.192069239368481082e-01 -4.573110906034175693e-01 7.843035901032547885e-01 8.338642670570518556e-01 -1.477273480884676027e-01 -5.318336347622883986e-01 -7.246098738438788711e-01 1.815125791966728963e+00 1.944787460701470128e+00
1.583524532769834042e+09 3.766669970925723421e-01 8.744471253624044316e-01 3.057191499148800840e-01 4.255178933721824319e-01 -4.564751500151400521e-01 7.813865624346464367e-01 8.228344280520721865e-01 -1.642335613603744249e-01 -5.440320226339673271e-01 -7.298277026317222527e-01 1.836532135503264884e+00 1.964729480888915303e+00
1.583524532769875050e+09 3.940254526830941906e-01 8.715381501580281576e-01 2.918307657522400955e-01 4.317847081963456790e-01 -4.558285186200826677e-01 7.783201959961801863e-01 8.113605294049105465e-01 -1.806699054799307536e-01 -5.559248842232418220e-01 -7.340247261583237037e-01 1.858550700255618082e+00 1.984241252970663671e+00
1.583524532769900084e+09 4.111318437970032935e-01 8.682377793652351627e-01 2.777296633186500108e-01 4.380053550672530771e-01 -4.553491243138906852e-01 7.751183677572264230e-01 7.994510092708115856e-01 -1.970287638537357444e-01 -5.675013218637259271e-01 -7.371579604819070708e-01 1.881175439633559821e+00 2.003252972002261156e+00
1.583524532769922018e+09 4.279743171772210641e-01 8.645509667433578516e-01 2.634190770131537573e-01 4.441765597767728946e-01 -4.550328465796859567e-01 7.717851335668023394e-01 7.871119157167415503e-01 -2.132996360880317910e-01 -5.787556459468966574e-01 -7.392927128075919008e-01 1.904326332207644690e+00 2.021762981593135500e+00
1.583524532769944906e+09 4.445486420344341161e-01 8.604745186079503227e-01 2.489178741953891327e-01 4.502945404740737456e-01 -4.548941963081904460e-01 7.683138011915153776e-01 7.743457444665080569e-01 -2.294664971470564419e-01 -5.896895751628888904e-01 -7.405561435689420602e-01 1.927893919955197211e+00 2.039821608337801795e+00
1.583524532769975901e+09 4.608577923951673871e-01 8.559975092344107583e-01 2.342613066297229152e-01 4.563557998703957619e-01 -4.549678122706720673e-01 7.646853430268518714e-01 7.611501030744440843e-01 -2.455046930443885445e-01 -6.003148895657239859e-01 -7.410967885401439359e-01 1.951771568319368599e+00 2.057505133473651160e+00
1.583524532770001888e+09 4.767462863215096158e-01 8.511543902737834788e-01 2.196569662155978542e-01 4.622959830826262606e-01 -4.553066411756029885e-01 7.609062272349091938e-01 7.476599513156531041e-01 -2.612126848800109813e-01 -6.105510059018943725e-01 -7.410524792521110404e-01 1.975872776017348009e+00 2.074891083958281701e+00
1.583524532770030975e+09 4.926078150455865390e-01 8.456214032729727492e-01 2.055771954604619922e-01 4.682038764286345911e-01 -4.566521501798564975e-01 7.564746816325831347e-01 7.335684500783399287e-01 -2.763933001795331190e-01 -6.208736369156708790e-01 -7.405164338072891539e-01 2.000139811289605607e+00 2.092036494552566683e+00
1.583524532770060062e+09 5.083843447263337589e-01 8.394457110230685304e-01 1.920319158183835528e-01 4.740655567368310952e-01 -4.589916486394793327e-01 7.513910529895970747e-01 7.188930422881125715e-01 -2.909597309654702868e-01 -6.312964668502486498e-01 -7.394791590064949682e-01 2.024553880467715672e+00 2.108948583046528213e+00
1.583524532770082951e+09 5.240188914205223814e-01 8.326785752357659387e-01 1.790267918175084128e-01 4.798665224202691149e-01 -4.623049749015922805e-01 7.456555712655272838e-01 7.036563951192126298e-01 -3.048286417670952875e-01 -6.418311126126767796e-01 -7.379319894695292037e-01 2.049095940651262993e+00 2.125634954684727962e+00
