1.583524529567430973e+09 -1.285014670331618425e-01 1.095907107914534939e-01 9.856354545712010529e-01 2.144489708900761404e-01 -9.672894195901058367e-01 1.355094743856976314e-01 9.682453263855806957e-01 2.287816751634288714e-01 1.007964943098603183e-01 -2.201792955502463595e-02 1.546321364558569167e+00 1.558797367478097051e+00
1.583524529567486048e+09 -1.501831129950736421e-01 1.026540736502806750e-01 9.833143820586276451e-01 2.182081336384164849e-01 -9.666256129232365657e-01 1.342390959068213985e-01 9.642770572807767282e-01 2.347276414001192579e-01 1.227708898229724899e-01 -2.761475112714134941e-02 1.542077362173624122e+00 1.552805572424431402e+00
1.583524529567512035e+09 -1.717849009194661325e-01 9.581137833311505203e-02 9.804642409732376995e-01 2.222081577081749248e-01 -9.658419272733838046e-01 1.333150636043765880e-01 9.597465721099779357e-01 2.407686676800731285e-01 1.446269899084237920e-01 -3.356436927024041700e-02 1.538288185734793201e+00 1.546848915494134502e+00
1.583524529567533970e+09 -1.933007389449160895e-01 8.915037834236044789e-02 9.770808741317131840e-01 2.264948664526707234e-01 -9.649100238833077103e-01 1.328484899995691360e-01 9.546386227293723881e-01 2.469835133868198696e-01 1.663257175897084605e-01 -3.980324517320400768e-02 1.534932568789096230e+00 1.540928287292698817e+00
1.583524529567553043e+09 -2.147217672496656571e-01 8.277457625511465411e-02 9.731613085322473600e-01 2.311082260827550527e-01 -9.637986136303036133e-01 1.329707494761591391e-01 9.489381174336917191e-01 2.534572980295049516e-01 1.878186561027568868e-01 -4.626257870627932534e-02 1.531966395937874426e+00 1.535036224424433104e+00
1.583524529567573071e+09 -2.360338070381941822e-01 7.680410811947943617e-02 9.687048937319647779e-01 2.360785225385247377e-01 -9.624737520011475977e-01 1.338327610113654587e-01 9.426319394882727298e-01 2.602794761781768162e-01 2.090445434835672689e-01 -5.287442536730206644e-02 1.529322017188326388e+00 1.529160144040495384e+00
1.583524529567590952e+09 -2.572141992528786392e-01 7.137615738941899268e-02 9.637148437625366881e-01 2.414221344870906005e-01 -9.608991709205312315e-01 1.356028625029640222e-01 9.357116056213571342e-01 2.675410763152251126e-01 2.299251265365629682e-01 -5.957720966036409577e-02 1.526909780524989824e+00 1.523287208410064375e+00
1.583524529567609072e+09 -2.782281512022646841e-01 6.664467563884411694e-02 9.582001791467126273e-01 2.471370895535356937e-01 -9.590366429884974453e-01 1.384629061786073201e-01 9.281768985798969362e-01 2.753310818821665951e-01 2.503606209360029200e-01 -6.631983090082049781e-02 1.524622007286123182e+00 1.517410072344450134e+00
1.583524529567626953e+09 -2.990248097604914501e-01 6.277917735027475910e-02 9.521779971560747624e-01 2.531987164815213132e-01 -9.568463866347658442e-01 1.426022523355340021e-01 9.200405280917279827e-01 2.837318581198310929e-01 2.702252016001167600e-01 -7.306375014785299049e-02 1.522339237790752975e+00 1.511532479934374118e+00
1.583524529567646027e+09 -3.195333680993548420e-01 5.996241935012446012e-02 9.456759144474343737e-01 2.595558421412914041e-01 -9.542875419753946709e-01 1.482094870645910278e-01 9.113337433084184314e-01 2.928135849549823866e-01 2.893631161646878502e-01 -7.978280361596344628e-02 1.519938141910597507e+00 1.505673586268722053e+00
1.583524529567666054e+09 -3.396466034859152994e-01 5.838793426973508394e-02 9.387390660356176308e-01 2.661238890716790539e-01 -9.513207350823666975e-01 1.554571795793779354e-01 9.021187619247093004e-01 3.026213941102520177e-01 3.075744323468040387e-01 -8.646093372391071286e-02 1.517300130561922256e+00 1.499870048528345823e+00
1.583524529567683935e+09 -3.593005594290816784e-01 5.805690907029797954e-02 9.314142491568297988e-01 2.727723668862851447e-01 -9.479435712957183791e-01 1.643113554123327991e-01 8.924675591120947438e-01 3.131012312158972799e-01 3.247603349654180627e-01 -9.312325415040714760e-02 1.514550261818649268e+00 1.494100361851601111e+00
1.583524529567698956e+09 -3.783736686335059662e-01 5.913158742274909896e-02 9.237623192590811438e-01 2.793980277534954815e-01 -9.441160401943479163e-01 1.748760839859650196e-01 8.824795233783808701e-01 3.242658755694465267e-01 3.407074008328958570e-01 -9.977421799396327118e-02 1.511696229962770754e+00 1.488368280376634489e+00
1.583524529567715883e+09 -3.967225147336914115e-01 6.176479567956848910e-02 9.158582622585582644e-01 2.858800028675340665e-01 -9.397997172140449829e-01 1.872140900144130538e-01 8.722865758873309394e-01 3.360976072261073755e-01 3.551823871856578663e-01 -1.064178992469439755e-01 1.508744724179761132e+00 1.482677262107472860e+00
1.583524529567734957e+09 -4.141837225025374880e-01 6.609237604717088654e-02 9.077905276392838063e-01 2.920848715835616671e-01 -9.349601119910170288e-01 2.013355825303217717e-01 8.620546804089220805e-01 3.485418007360279735e-01 3.679406763977312589e-01 -1.130580627651224662e-01 1.505701250553060477e+00 1.477030752331188745e+00
1.583524529567751884e+09 -4.305779010491020409e-01 7.222467676864427477e-02 8.996589728464021718e-01 2.978736552839366114e-01 -9.295699981933499556e-01 2.171886368152499136e-01 8.519823688460327338e-01 3.615013341233006550e-01 3.787384702216530785e-01 -1.196982743630346652e-01 1.502570002461257159e+00 1.471432498028217628e+00
1.583524529567768097e+09 -4.457159144239115633e-01 8.023754889757767073e-02 8.915712308085058657e-01 3.031103311290118119e-01 -9.236136841585339541e-01 2.346526999909129274e-01 8.422953466571598824e-01 3.748328937446850362e-01 3.873484877857946707e-01 -1.263420467226770705e-01 1.499353790941088782e+00 1.465886882804551927e+00
1.583524529567785978e+09 -4.594075328587010065e-01 9.016371443114712392e-02 8.836374955726409297e-01 3.076710662620320003e-01 -9.170918688713300959e-01 2.535370171204595069e-01 8.332366014198692161e-01 3.883465059761320726e-01 3.935781467175958337e-01 -1.329930135493227195e-01 1.496054044930056781e+00 1.460399270167743735e+00
1.583524529567804098e+09 -4.714720943124953156e-01 1.019858093936720084e-01 8.759640170669888981e-01 3.114529687729089003e-01 -9.100263499750735896e-01 2.735856184243812828e-01 8.250521878855567870e-01 4.018095781463852934e-01 3.972882459856334481e-01 -1.396551211122350478e-01 1.492670889508990850e+00 1.454976341241861704e+00
1.583524529567821026e+09 -4.817502734549489740e-01 1.156325930905850730e-01 8.686459449456136461e-01 3.143809129060259888e-01 -9.024635468482562484e-01 2.944897081826524099e-01 8.179739090178165251e-01 4.149562026108667423e-01 3.984093802913575844e-01 -1.463328232982726573e-01 1.489203306611572186e+00 1.449626412430920830e+00
1.583524529567837000e+09 -4.901157126941935727e-01 1.309794711357179231e-01 8.617603881245061714e-01 3.164111637898182616e-01 -8.944757209646531093e-01 3.159068850927468364e-01 8.122010611952952264e-01 4.275015354465397932e-01 3.969532385651345918e-01 -1.530312639525874818e-01 1.485649378663355114e+00 1.444359718509924617e+00
1.583524529567852974e+09 -4.964851215750102909e-01 1.478538821777238832e-01 8.553605987002511624e-01 3.175311315769782095e-01 -8.861589769088132895e-01 3.374851821020206089e-01 8.078839673748917649e-01 4.391599904769851737e-01 3.930165368608815601e-01 -1.597564288738212712e-01 1.482006611093771298e+00 1.439188647331331117e+00
1.583524529567867994e+09 -5.008254421989757343e-01 1.660453956229358541e-01 8.494720732713066935e-01 3.177554321165356188e-01 -8.776276520384921342e-01 3.588888264531261418e-01 8.051120183017959064e-01 4.496650209213471916e-01 3.867764304725337388e-01 -1.665152497179037405e-01 1.478272324700952156e+00 1.434127913999904802e+00
1.583524529567882061e+09 -5.031569411321812346e-01 1.853195335007984945e-01 8.440910871006649385e-01 3.171192776609190744e-01 -8.690054831035212146e-01 3.798221084756622790e-01 8.039082388766808362e-01 4.587876860956073277e-01 3.784777440966559658e-01 -1.733156435746894819e-01 1.474444103712306164e+00 1.429194665235409278e+00
1.583524529567893028e+09 -5.035518134337769736e-01 2.054334953348517789e-01 8.391857067486847566e-01 3.156708566203998423e-01 -8.604146933466435554e-01 4.000480793214855613e-01 8.042309877614598479e-01 4.663514067150346665e-01 3.684140116803334974e-01 -1.801664749108609631e-01 1.470520281382839078e+00 1.424408507669290502e+00
1.583524529567903042e+09 -5.021286322553407677e-01 2.261516525904030128e-01 8.346989079477941109e-01 3.134644888437400634e-01 -8.519645997103200141e-01 4.193999703021355496e-01 8.059819173599636066e-01 4.722411999729032583e-01 3.569053069935653744e-01 -1.870774304197973248e-01 1.466500442615184863e+00 1.419791455996084251e+00
1.583524529567914009e+09 -4.990435437316589895e-01 2.472588837245411897e-01 8.305531807827064572e-01 3.105559543622399832e-01 -8.437413890131670868e-01 4.377847275675054162e-01 8.090182574442587038e-01 4.764068775421805291e-01 3.442759741481051239e-01 -1.940588020351907417e-01 1.462385921511848874e+00 1.415367798869301419e+00
1.583524529567929029e+09 -4.944793999030420162e-01 2.685703789104433858e-01 8.266559591950315422e-01 3.070006851005958604e-01 -8.358004027008999470e-01 4.551793780564352687e-01 8.131670816184644046e-01 4.788607715235442819e-01 3.308347912346087938e-01 -2.011211787490224390e-01 1.458180270991174643e+00 1.411163882270808578e+00
1.583524529567944050e+09 -4.886341194583946335e-01 2.899372341466546765e-01 8.229052787446052841e-01 3.028547828007957521e-01 -8.281617147907290866e-01 4.716218344231179471e-01 8.182393769825579977e-01 4.796713192389978619e-01 3.168591921942240930e-01 -2.082750535078938536e-01 1.453889681816743717e+00 1.407207811443880408e+00
1.583524529567958117e+09 -4.817093833051789842e-01 3.112478435251945785e-01 8.191952454487814173e-01 2.981782274554954926e-01 -8.208092205424767362e-01 4.871980789771399034e-01 8.240423623313847257e-01 4.789540723978157333e-01 3.025841731487623476e-01 -2.155303575952856043e-01 1.449523329007301964e+00 1.403529075022253325e+00
1.583524529567972898e+09 -4.739004046211880983e-01 3.324256088824290578e-01 8.154211312495215358e-01 2.930392217024682666e-01 -8.136930731532786565e-01 5.020274865596997538e-01 8.303893190870219598e-01 4.768614026710080722e-01 2.881957348957336906e-01 -2.228959404901865171e-01 1.445093625670397008e+00 1.400158096991769296e+00
1.583524529567987919e+09 -4.653873110740311403e-01 3.534237680546305493e-01 8.114840054459352414e-01 2.875185147861955559e-01 -8.067350019597248068e-01 5.162477508747597144e-01 8.371067760786824463e-01 4.735718286444249303e-01 2.738283564220317934e-01 -2.303790179091269874e-01 1.440616367405401554e+00 1.397125723880308756e+00
1.583524529568001986e+09 -4.563284987991002573e-01 3.742183053777460300e-01 8.072948416366826363e-01 2.817126460257181608e-01 -7.998358477397099486e-01 5.300005676928589704e-01 8.440392683186512812e-01 4.692795293765171794e-01 2.595658626775325106e-01 -2.379846134872245778e-01 1.436110754439861470e+00 1.394462653542636099e+00
1.583524529568017960e+09 -4.468561533242050299e-01 3.947999707880500697e-01 8.027780275588503045e-01 2.757352725485817668e-01 -7.928845426358319681e-01 5.434189558129082220e-01 8.510520770906477850e-01 4.641843224610995300e-01 2.454450591971353568e-01 -2.457150222386408900e-01 1.431599281925300282e+00 1.392198813397579782e+00
1.583524529568032980e+09 -4.370739864980695555e-01 4.151664101652156602e-01 7.978741645312511510e-01 2.697160537191993224e-01 -7.857677110562845124e-01 5.566168831813980145e-01 8.580323891933121505e-01 4.584822311041909515e-01 2.314615801384778127e-01 -2.535693257954174107e-01 1.427107492386374243e+00 1.390362698397979546e+00
1.583524529568048954e+09 -4.270571046461471010e-01 4.353153081625074083e-01 7.925419938904560979e-01 2.637969190878426406e-01 -7.783790542171947768e-01 5.696816948531630009e-01 8.648892501722095227e-01 4.523567514079981922e-01 2.175774680784227921e-01 -2.615429903526934052e-01 1.422663588455635786e+00 1.388980682733111038e+00
1.583524529568064928e+09 -4.168538182170409279e-01 4.552392689384555657e-01 7.867592404817903562e-01 2.581259964864455747e-01 -7.706276540221586036e-01 5.826697081617067120e-01 8.715525597395873403e-01 4.459711055489211096e-01 2.037299900606373559e-01 -2.696275780405830158e-01 1.418297909260741951e+00 1.388076324950251239e+00
1.583524529568079948e+09 -4.064890729976010642e-01 4.749228896782152209e-01 7.805221858617944486e-01 2.528499610018468124e-01 -7.624443660783607468e-01 5.956051425834029134e-01 8.779712586230679072e-01 4.394619865355508526e-01 1.898410694378712127e-01 -2.778106006951717721e-01 1.414042281367096310e+00 1.387669695659066171e+00
1.583524529568090916e+09 -3.959690174562123244e-01 4.943421189756455614e-01 7.738439163362720308e-01 2.481058499797851313e-01 -7.537857070756670552e-01 6.084822060087785589e-01 8.841108667096841955e-01 4.329353038651329033e-01 1.758266141865826304e-01 -2.860755389476628552e-01 1.409929264427392859e+00 1.387776762232747707e+00
1.583524529568100929e+09 -3.852861305159034355e-01 5.134656097538469188e-01 7.667513713462931202e-01 2.440135165225276459e-01 -7.446349694143411524e-01 6.212698013702887545e-01 8.899505613236147195e-01 4.264643361949347899e-01 1.616049769557177385e-01 -2.944020402011990334e-01 1.405991321439546082e+00 1.388408868089534565e+00
1.583524529568110943e+09 -3.744243241192606875e-01 5.322574590607430656e-01 7.592815176278592260e-01 2.406697972744617220e-01 -7.350006881978664586e-01 6.339180049845538623e-01 8.954800245687746241e-01 4.200904494829855729e-01 1.471038411284746050e-01 -3.027662967324552534e-01 1.402259953046284036e+00 1.389572344994281172e+00
1.583524529568126917e+09 -3.633635092030668701e-01 5.506805552357791900e-01 7.514771363748039557e-01 2.381451428146587057e-01 -7.249129693253637541e-01 6.463652820756500272e-01 9.006963147184988694e-01 4.138261870837941503e-01 1.322650209218788619e-01 -3.111415903144973405e-01 1.398764841993823227e+00 1.391268290765912852e+00
1.583524529568140984e+09 -3.520832628827960109e-01 5.686997751624678354e-01 7.433827694782759732e-01 2.364829496137126896e-01 -7.144184722098886331e-01 6.585454131055439309e-01 9.056010107955143607e-01 4.076601678187134481e-01 1.170469864773236723e-01 -3.194989751685322066e-01 1.395533055058695737e+00 1.393492531652654298e+00
1.583524529568154097e+09 -3.405654040025122842e-01 5.862844372595138465e-01 7.350413352003613010e-01 2.357014432939719406e-01 -7.035749161534247120e-01 6.703932927796224517e-01 9.101978001729609247e-01 4.015630661812542579e-01 1.014251875160894767e-01 -3.278080598928772571e-01 1.392588345049915688e+00 1.396235772422743882e+00
1.583524529568171024e+09 -3.287954892328642797e-01 6.034097355495126047e-01 7.264917188333380738e-01 2.357973675162621519e-01 -6.924459447871718076e-01 6.818491145666073505e-01 9.144906385230433532e-01 3.954937480278752915e-01 8.539067600061206464e-02 -3.360378428035775689e-01 1.389950586996674176e+00 1.399483922913448142e+00
1.583524529568187952e+09 -3.167633784841253353e-01 6.200571485653092463e-01 7.177674378192493432e-01 2.367506656970183310e-01 -6.810969023177497750e-01 6.928608315962513364e-01 9.184824900654459112e-01 3.894048565527392647e-01 6.894761315361164211e-02 -3.441575535097503025e-01 1.387635372355255914e+00 1.403218578871813893e+00
1.583524529568205118e+09 -3.044631182220983168e-01 6.362140407332037562e-01 7.088962577455427683e-01 2.385293071576566615e-01 -6.695917846056756995e-01 7.033851090480516266e-01 9.221745927331099768e-01 3.832473568160542077e-01 5.211030833042835236e-02 -3.521374555905331660e-01 1.385653774384029591e+00 1.407417627356517986e+00
1.583524529568223000e+09 -2.918923780455829342e-01 6.518727300260752644e-01 6.999005527333688192e-01 2.410937174487355616e-01 -6.579913601221959452e-01 7.133871245168059705e-01 9.255661290574012101e-01 3.769738903427738985e-01 3.490024304777701591e-02 -3.599495707214502294e-01 1.384012286177834783e+00 1.412055940580721591e+00
1.583524529568238974e+09 -2.790516712656191389e-01 6.670293158540485656e-01 6.907981302698885662e-01 2.444004285108345997e-01 -6.463522893970949923e-01 7.228396423480931698e-01 9.286541851085928778e-01 3.705409693042318042e-01 1.734343595246648148e-02 -3.675682927882844009e-01 1.382712922055423066e+00 1.417106119078716198e+00
1.583524529568249941e+09 -2.659435569499022933e-01 6.816825149689080821e-01 6.816032376182845631e-01 2.484047717215944751e-01 -6.347269692341491742e-01 7.317217667445999885e-01 9.314338914352824350e-01 3.639101859884685264e-01 -5.316416332581258564e-04 -3.749708703258063935e-01 1.381753463971694851e+00 1.422539245425741061e+00
1.583524529568260908e+09 -2.525719740318262962e-01 6.958326781074333223e-01 6.723275111437376772e-01 2.530626154945847528e-01 -6.231637967114778132e-01 7.400176991952560623e-01 9.338986619454481275e-01 3.570486895406755345e-01 -1.869552719367260224e-02 -3.821377464387614165e-01 1.381127827263038732e+00 1.428325612283005697e+00
1.583524529568274021e+09 -2.389418027699408420e-01 7.094810793987817998e-01 6.629807034095481777e-01 2.583312797690296980e-01 -6.117075744837122686e-01 7.477157168518082653e-01 9.360404718771250243e-01 3.499291949153627290e-01 -3.711864460344224681e-02 -3.890527546507421275e-01 1.380826517053368896e+00 1.434435395380843969e+00
1.583524529568288088e+09 -2.250586633765302158e-01 7.226294766190257679e-01 6.535711421029173351e-01 2.641698735084936911e-01 -6.003998694343076759e-01 7.548074421525250433e-01 9.378501352448652684e-01 3.425297599730248721e-01 -5.577174533104982401e-02 -3.957031780933999432e-01 1.380837144499574620e+00 1.440839248206128520e+00
1.583524529568301916e+09 -2.109289213989907208e-01 7.352799016642110885e-01 6.441059358175140748e-01 2.705392849199466099e-01 -5.892792222919536194e-01 7.612873921884290018e-01 9.393175637880127882e-01 3.348334877950928101e-01 -7.462606805659517673e-02 -4.020796851419664586e-01 1.381144974171377493e+00 1.447508804013694084e+00
1.583524529568315029e+09 -1.965598416042391994e-01 7.474346214297399316e-01 6.345909829062551522e-01 2.774020130903270820e-01 -5.783811802204663621e-01 7.671527445791217481e-01 9.404320028631006911e-01 3.268282381052569630e-01 -9.365335547203944289e-02 -4.081761576532111357e-01 1.381733477682061562e+00 1.454417078939850061e+00
1.583524529568326950e+09 -1.819598344539770929e-01 7.590962184263658763e-01 6.250308392755525855e-01 2.847219591901758995e-01 -5.677381629502806781e-01 7.724032523881635415e-01 9.411822484547970324e-01 3.185063730464372522e-01 -1.128258203853984842e-01 -4.139894312060926063e-01 1.382584871096119050e+00 1.461538775070124974e+00
1.583524529568341017e+09 -1.671387019480697622e-01 7.702677155582474677e-01 6.154285506125161120e-01 2.924642849771217357e-01 -5.573792432914866923e-01 7.770411965756354178e-01 9.415568472103940101e-01 3.098645279625825144e-01 -1.321161534597879994e-01 -4.195189705070681008e-01 1.383680615458289909e+00 1.468850485904814818e+00
1.583524529568356037e+09 -1.521078438314323322e-01 7.809527161333134071e-01 6.057854894582587191e-01 3.005953484165000966e-01 -5.473298946100720874e-01 7.810713302839599192e-01 9.415442849695812022e-01 3.009033761947753072e-01 -1.514975836736912052e-01 -4.247665034103730308e-01 1.385001864750831535e+00 1.476330811743595817e+00
1.583524529568370104e+09 -1.368804437843101074e-01 7.911555771202176679e-01 5.961011635034901834e-01 3.090826679377754460e-01 -5.376116955208207759e-01 7.845008408120157650e-01 9.411331726658471730e-01 2.916273612133670201e-01 -1.709439490678351659e-01 -4.297356355645919890e-01 1.386529850888770232e+00 1.483960396261448489e+00
1.583524529568383932e+09 -1.214715611398766576e-01 8.008815540404945477e-01 5.863730864058759318e-01 3.178949543421811796e-01 -5.282420924496128434e-01 7.873392469471477417e-01 9.403124257600721236e-01 2.820443730012490713e-01 -1.904298134295223655e-01 -4.344314663345854588e-01 1.388246199541014914e+00 1.491721897186052193e+00
1.583524529568397999e+09 -1.058980981958604906e-01 8.101368862046338659e-01 5.765967556606518274e-01 3.270021985879547621e-01 -5.192342878003229911e-01 7.895981994066346710e-01 9.390714323822192400e-01 2.721653544531854041e-01 -2.099306193537295862e-01 -4.388602226244158189e-01 1.390133175804676213e+00 1.499599905451151294e+00
1.583524529568412066e+09 -9.017868232281464613e-02 8.189288434801447192e-01 5.667656965625413878e-01 3.363757592859318302e-01 -5.105972348558316387e-01 7.912912310505254565e-01 9.374002101647869178e-01 2.620038420656453093e-01 -2.294228256933370513e-01 -4.430289222124064730e-01 1.392173863265463440e+00 1.507580827349776387e+00
1.583524529568424940e+09 -7.433349515842548050e-02 8.272657492109194433e-01 5.568715398628824031e-01 3.459884185081260610e-01 -5.023357153840246614e-01 7.924334945741065006e-01 9.352895519312497408e-01 2.515754547191485502e-01 -2.488839987913196716e-01 -4.469450736693946213e-01 1.394352282903799534e+00 1.515652742956674404e+00
1.583524529568438053e+09 -5.838407306740843461e-02 8.351569877995312918e-01 5.469041103986167496e-01 3.558143920863210963e-01 -4.944504767609514406e-01 7.930415149474673298e-01 9.327311609410999793e-01 2.408973473227280226e-01 -2.682928431501719335e-01 -4.506164168192376418e-01 1.396653459571941536e+00 1.523805251855037346e+00
1.583524529568453074e+09 -4.235309360997955436e-02 8.426129988601187559e-01 5.368515156380310183e-01 3.658292929151170658e-01 -4.869384122431723028e-01 7.931329719173124682e-01 9.297177765856140530e-01 2.299876453686498234e-01 -2.876291694208851779e-01 -4.540507040985641840e-01 1.399063444812236101e+00 1.532029315202588338e+00
1.583524529568465948e+09 -2.626415257252347202e-02 8.496452523449065097e-01 5.267002370292199753e-01 3.760100542851608774e-01 -4.797927801830290107e-01 7.927265147424894520e-01 9.262432906945295974e-01 2.188648748465079619e-01 -3.068738066780112850e-01 -4.572555219462523524e-01 1.401569304231258029e+00 1.540317100615789192e+00
1.583524529568484068e+09 -1.014153710425183021e-02 8.562662013148555351e-01 5.164352253092537870e-01 3.863348196887313457e-01 -4.730034557223519176e-01 7.918416116786568537e-01 9.223028550914212920e-01 2.075474007340146476e-01 -3.260084663962409257e-01 -4.602381516167892705e-01 1.404159076581510179e+00 1.548661834005324867e+00
1.583524529568502903e+09 5.990063539853002911e-03 8.624891473968965272e-01 5.060401070968509885e-01 3.967828441787347726e-01 -4.665573192576319972e-01 7.904983506798924919e-01 9.178929642887231344e-01 1.960528976114712663e-01 -3.450156049668894886e-01 -4.630054676836961591e-01 1.406821711470896075e+00 1.557057661132647208e+00
1.583524529568521976e+09 2.210594604364642807e-02 8.683279679168717236e-01 4.954975958691432147e-01 4.073344408271764583e-01 -4.604388727465263953e-01 7.887171215302631877e-01 9.130114898783840971e-01 1.843978980101845799e-01 -3.638783241452296924e-01 -4.655638700331981017e-01 1.409546992662715548e+00 1.565499520866371341e+00
1.583524529568536043e+09 3.818178134427641091e-02 8.737967901204027887e-01 4.847899765649942849e-01 4.179709284216310827e-01 -4.546309392378461989e-01 7.865182846553141482e-01 9.076576748697704478e-01 1.725974474243283929e-01 -3.825802747344275168e-01 -4.679192434335240902e-01 1.412325453259445140e+00 1.573983031270550947e+00
1.583524529568548918e+09 5.419407821649230989e-02 8.789095285739726426e-01 4.738998234831608425e-01 4.286746533588799979e-01 -4.491155991028016881e-01 7.839216926614799297e-01 9.018320484624342548e-01 1.606649290287991694e-01 -4.011056434026857298e-01 -4.700769398529887622e-01 1.415148287456404308e+00 1.582504388508592985e+00
1.583524529568564892e+09 7.012072917721730303e-02 8.836792646602611434e-01 4.628110205887326911e-01 4.394291284195868674e-01 -4.438754206802176805e-01 7.809459981505931792e-01 8.955362218323855705e-01 1.486121405600432932e-01 -4.194392772352159016e-01 -4.720417803897971054e-01 1.418007262232637844e+00 1.591060277756020769e+00
1.583524529568576097e+09 8.594156061441889094e-02 8.881175431277619214e-01 4.515099976491053213e-01 4.502192833423438456e-01 -4.388948787299863374e-01 7.776077946795294515e-01 8.887725497793578233e-01 1.364496801409824656e-01 -4.375669546153873601e-01 -4.738180730468720125e-01 1.420894631868901747e+00 1.599647795261128103e+00
1.583524529568589926e+09 1.016387566347435739e-01 8.922337356392838759e-01 4.399869593137286095e-01 4.610317750696548700e-01 -4.341617145670551570e-01 7.739207375405974254e-01 8.815436833753179657e-01 1.241876273607237929e-01 -4.554757597664811364e-01 -4.754096408590424705e-01 1.423803057680729678e+00 1.608264380844578012e+00
1.583524529568605900e+09 1.171970661003309405e-01 8.960345931290244481e-01 4.282369155535370453e-01 4.718553071674444488e-01 -4.296680297825203332e-01 7.698947676765884873e-01 8.738520566812317814e-01 1.118364533496410129e-01 -4.731545106615987484e-01 -4.768198558372293006e-01 1.426725534215037561e+00 1.616907759844848025e+00
1.583524529568619013e+09 1.326037945655818839e-01 8.995240016542481731e-01 4.162605005810257608e-01 4.826809594170057283e-01 -4.254110921596256922e-01 7.655354296823222437e-01 8.656993272789578198e-01 9.940811493606076243e-02 -4.905942332079342716e-01 -4.780516755129560758e-01 1.429655322258855499e+00 1.625575893336287381e+00
1.583524529568634033e+09 1.478486124538737345e-01 9.027029056693833819e-01 4.040646632913419412e-01 4.935025525519007861e-01 -4.213939273928189455e-01 7.608432089440494428e-01 8.570857708455177359e-01 8.691732999154869188e-02 -5.077886956053149214e-01 -4.791076821874805658e-01 1.432585888434971144e+00 1.634266935144460309e+00
1.583524529568650961e+09 1.629231432094261911e-01 9.055694410987171761e-01 3.916631677655518229e-01 5.043169989537223952e-01 -4.176256228456926567e-01 7.558129422840832445e-01 8.480096780910827414e-01 7.438297313162450797e-02 -5.247349420376162810e-01 -4.799901243719764121e-01 1.435510851291486034e+00 1.642979194552885547e+00
1.583524529568669081e+09 1.778203005413729054e-01 9.081193219234661163e-01 3.790768234723259633e-01 5.151245628870926296e-01 -4.141212518979524582e-01 7.504333904164438573e-01 8.384668303434678061e-01 6.182949197046215539e-02 -5.414337342276662746e-01 -4.807009595346709574e-01 1.438423933759594542e+00 1.651711103841589257e+00
1.583524529568686008e+09 1.925333583145621696e-01 9.103465295045883865e-01 3.663333214223041812e-01 5.259289149254782192e-01 -4.109012926240799835e-01 7.446871183122705240e-01 8.284501690139489671e-01 4.928817445331791502e-02 -5.578897682724436313e-01 -4.812418983186685928e-01 1.441318921862769109e+00 1.660461189843174035e+00
1.583524529568705082e+09 2.070548668069189524e-01 9.122441579227908992e-01 3.534669414479046368e-01 5.367370459277588379e-01 -4.079907841265832946e-01 7.385505152740622359e-01 8.179496474816979612e-01 3.679832341462034584e-02 -5.741117119530841917e-01 -4.816144507497112093e-01 1.444189629735109115e+00 1.669228048854159763e+00
1.583524529568723917e+09 2.213754414325871944e-01 9.138054158017181461e-01 3.405180996822422257e-01 5.475589744415251259e-01 -4.054181793505353126e-01 7.319940364345235428e-01 8.069523428254330444e-01 2.440823849818768779e-02 -5.901119847327475076e-01 -4.818199753170535060e-01 1.447029871276562130e+00 1.678010324388389041e+00
1.583524529568736076e+09 2.354824836357659046e-01 9.150247738571494205e-01 3.275326905175012238e-01 5.584071817574781660e-01 -4.032138536136543050e-01 7.249827636783935381e-01 7.954429077011100357e-01 1.217586486044175062e-02 -6.059062048916198373e-01 -4.818597318014264386e-01 1.449833439067365282e+00 1.686806687442800712e+00
1.583524529568749905e+09 2.493589382392404630e-01 9.158992308642642799e-01 3.145611531191944144e-01 5.692957155342573961e-01 -4.014082343124981689e-01 7.174773987489254656e-01 7.834044347214862425e-01 1.689143809318859046e-04 -6.215122390990401868e-01 -4.817349380042241225e-01 1.452594091289993949e+00 1.695615819167015648e+00
1.583524529568766117e+09 2.629822462326283916e-01 9.164296006131479322e-01 3.016572981310029489e-01 5.802389946461113945e-01 -4.000296436553474333e-01 7.094356865171851378e-01 7.708197243210441751e-01 -1.153566300322337625e-02 -6.369488843698271063e-01 -4.814468295547234544e-01 1.455305547279091449e+00 1.704436396011032473e+00
1.583524529568775892e+09 2.763236668636942506e-01 9.166217254594760666e-01 2.888768661141360994e-01 5.912503590736111203e-01 -3.991019318499042789e-01 7.008142841752472707e-01 7.576729137083052512e-01 -2.285302197614607483e-02 -6.522342335714880202e-01 -4.809967213725947488e-01 1.457961492063014175e+00 1.713267077516432924e+00
1.583524529568787098e+09 2.893481255591027201e-01 9.164874407595889894e-01 2.762760094445445569e-01 6.023405754399641099e-01 -3.986421803831003419e-01 6.915708519111578578e-01 7.439512709525912815e-01 -3.369247918303858169e-02 -6.673839401107778402e-01 -4.803860683513311303e-01 1.460555589675454957e+00 1.722106496976184120e+00
1.583524529568799019e+09 3.020146722365895653e-01 9.160451848715877032e-01 2.639097521059680096e-01 6.135164553274584653e-01 -3.986586485246214617e-01 6.816662240525174221e-01 7.296469673280812085e-01 -4.396022559378066213e-02 -6.824095558079030788e-01 -4.796165224414060679e-01 1.463081504381011699e+00 1.730953255134596525e+00
1.583524529568809032e+09 3.142775324361218314e-01 9.153201526849317204e-01 2.518305996576370442e-01 6.247798027004802801e-01 -3.991492020261544482e-01 6.710663996017808275e-01 7.147585822325452920e-01 -5.356241979969997985e-02 -6.973171706858968255e-01 -4.786899831669041427e-01 1.465532928273807656e+00 1.739805916982384959e+00
1.583524529568820000e+09 3.260876279294913083e-01 9.143439690357006988e-01 2.400874120577514981e-01 6.361268303211575770e-01 -4.001003658321478640e-01 6.597441572470367221e-01 6.992921526696374013e-01 -6.240836284472128098e-02 -7.121065100706268636e-01 -4.776086383907636734e-01 1.467903612863008966e+00 1.748663011538404977e+00
1.583524529568833113e+09 3.373943862505432434e-01 9.131539305495358638e-01 2.287245668435771706e-01 6.475480776637304592e-01 -4.014870316763298752e-01 6.476802069886042901e-01 6.832616741526047477e-01 -7.041351234942287707e-02 -7.267705429749193868e-01 -4.763749935931825275e-01 1.470187402186182490e+00 1.757523034267573836e+00
1.583524529568844080e+09 3.481476207271295142e-01 9.117919028950347560e-01 2.177814506020188667e-01 6.590288091820080130e-01 -4.032728030145097953e-01 6.348638240064000682e-01 6.666890301872783198e-01 -7.750207976119399822e-02 -7.412955988564194909e-01 -4.749918885209876152e-01 1.472378264754501398e+00 1.766384451619590568e+00
1.583524529568861008e+09 3.582991914136297584e-01 9.103029914354011654e-01 2.072924346070747770e-01 6.705498770186851809e-01 -4.054109392775298581e-01 6.212928719689302381e-01 6.496033805184986409e-01 -8.360881712457909898e-02 -7.556619706861190666e-01 -4.734625013347217304e-01 1.474470321946002471e+00 1.775245707030793429e+00
1.583524529568875074e+09 3.678043293580565698e-01 9.087341507906122606e-01 1.972871478874495266e-01 6.820888252022682119e-01 -4.078456614331182339e-01 6.069734351678303108e-01 6.320401964707133002e-01 -8.868009832966947115e-02 -7.698448093146851301e-01 -4.717903420338360743e-01 1.476457871424334378e+00 1.784105227687365458e+00
1.583524529568885088e+09 3.766225766893059879e-01 9.071328484077098020e-01 1.877909217636793415e-01 6.936210659675410284e-01 -4.105136422388125927e-01 5.919192228648606502e-01 6.140401059259760208e-01 -9.267440357415036856e-02 -7.838151589882995651e-01 -4.699792378433627071e-01 1.478335405125004831e+00 1.792961431430203811e+00
1.583524529568896055e+09 3.847183015517250393e-01 9.055458633201717289e-01 1.788253843952544997e-01 7.051210363173812112e-01 -4.133455581755561825e-01 5.761508254739420298e-01 5.956476749740576837e-01 -9.556222664887849272e-02 -7.975410386677097563e-01 -4.680333133508753907e-01 1.480097622034730609e+00 1.801812733331798144e+00
1.583524529568912983e+09 3.920608652060399435e-01 9.040182668315049908e-01 1.704090708796999476e-01 7.165632196589348801e-01 -4.162675787147878115e-01 5.596949661717652846e-01 5.769102445879727981e-01 -9.732562019963846012e-02 -8.109884669743847585e-01 -4.659569674550096408e-01 1.481739436036630053e+00 1.810657551612827376e+00
1.583524529568932056e+09 3.986245095389874815e-01 9.025925980784533786e-01 1.625579973979090487e-01 7.279229905944333279e-01 -4.192027314702909124e-01 5.425838089244539031e-01 5.578768862930160166e-01 -9.795750110486782514e-02 -8.241223865061310105e-01 -4.637548486728497732e-01 1.483255979115982059e+00 1.819494312664154512e+00
1.583524529568945885e+09 4.043880014083925389e-01 9.013082368498687158e-01 1.552862090874016776e-01 7.391772871532437117e-01 -4.220721065352259771e-01 5.248543369895617428e-01 5.385975144496294442e-01 -9.746075759967470775e-02 -8.369074730100337645e-01 -4.614318305308444668e-01 1.484642600816124647e+00 1.828321455060939682e+00
1.583524529568957090e+09 4.093341084278168673e-01 9.002009586005991215e-01 1.486062651485330066e-01 7.503051067447750189e-01 -4.247958752477964950e-01 5.065478370107160400e-01 5.191221769144858111e-01 -9.584726760308309723e-02 -8.493088171871583381e-01 -4.589929880906448156e-01 1.485894864641672086e+00 1.837137432532758075e+00
