1.583524531873205900e+09 -1.477210450948323282e-02 8.284932276222749525e-01 5.598042131602924965e-01 2.890712879563695492e-01 -5.324193637628633624e-01 7.955924909663645295e-01 9.571935936200826056e-01 1.735759003406336931e-01 -2.316286498913557312e-01 -6.068549246447623169e-01 1.490739392468664271e+00 1.618408067069639911e+00
1.583524531873255014e+09 3.943360193244506255e-03 8.354957574638853801e-01 5.494827472544889790e-01 2.954936652058014479e-01 -5.259226872466681302e-01 7.975517669562520728e-01 9.553365605863395338e-01 1.592236370803723489e-01 -2.489576062291008751e-01 -6.143298853395676717e-01 1.502907879852986683e+00 1.632090280365892765e+00
1.583524531873281002e+09 2.287063533027184833e-02 8.419243043751408750e-01 5.391107493860275435e-01 3.019241217885323958e-01 -5.198891774267755395e-01 7.990976586060136722e-01 9.530575842945712139e-01 1.444946684300323358e-01 -2.660874520014894218e-01 -6.214134953246787108e-01 1.515308888443457569e+00 1.645771930078897549e+00
1.583524531873318911e+09 4.191621334716109926e-02 8.478338675662543400e-01 5.286026526893866651e-01 3.083737048330041919e-01 -5.142154013257353995e-01 8.003050539141551845e-01 9.503413541915751717e-01 1.294614010317292896e-01 -2.830036332933351106e-01 -6.281233013225947515e-01 1.527922482245307023e+00 1.659447669120315938e+00
1.583524531873341084e+09 6.098398418747601191e-02 8.532858254504425144e-01 5.178650925921262083e-01 3.148634467161446349e-01 -5.087859494697105633e-01 8.012476943236159777e-01 9.471757829761950909e-01 1.141935112889767567e-01 -2.996963103326706901e-01 -6.344788783209920346e-01 1.540728314177680192e+00 1.673113955853776424e+00
1.583524531873406887e+09 7.997534070237453940e-02 8.583462886579646955e-01 5.067993626660418638e-01 3.214212106787764922e-01 -5.034768005403132962e-01 8.019972049575556650e-01 9.435530459222960520e-01 9.875606503557513016e-02 -3.161564319406690027e-01 -6.405013170750918361e-01 1.553706184384771483e+00 1.686768815791495735e+00
1.583524531873420000e+09 9.878852479681075882e-02 8.630843950764677253e-01 4.953041032756471118e-01 3.280789602200800403e-01 -4.981582008229906711e-01 8.026223289517622206e-01 9.394706081064357894e-01 8.320897937746331297e-02 -3.323721446930399392e-01 -6.462127187956344665e-01 1.566836501762436606e+00 1.700411569893875763e+00
1.583524531873430967e+09 1.173172787930150257e-01 8.675707443253569684e-01 4.832780359914218282e-01 3.348706895040292619e-01 -4.926968554626852681e-01 8.031882905326814814e-01 9.349322315961857699e-01 6.760778456250950141e-02 -3.483258676979336665e-01 -6.516356992319916053e-01 1.580100651518775656e+00 1.714042552906894556e+00
1.583524531873440981e+09 1.354489316847576064e-01 8.718760693481902857e-01 4.706226800689402023e-01 3.418310819510150811e-01 -4.869574346572788648e-01 8.037561622576936404e-01 9.299489763376093121e-01 5.200554644110633173e-02 -3.639922044123177214e-01 -6.567929060271573416e-01 1.593481273983317292e+00 1.727662840859468085e+00
1.583524531873455048e+09 1.530620432014446197e-01 8.760701712221089510e-01 4.572450835448369499e-01 3.489948399320718653e-01 -4.808035249758386143e-01 8.043821058409940106e-01 9.245402170324351632e-01 3.645580614589680191e-02 -3.793367390859716526e-01 -6.617065586897354912e-01 1.606962459855908687e+00 1.741274002760164308e+00
1.583524531873467922e+09 1.697886883778492728e-01 8.801660202524672627e-01 4.432601702069836613e-01 3.562929916291819321e-01 -4.741908537209434948e-01 8.051076564590148310e-01 9.188183202857982401e-01 2.123231916028611027e-02 -3.941092275788125043e-01 -6.663980181450636087e-01 1.620529870040028131e+00 1.754877887219622901e+00
1.583524531873478889e+09 1.864513842337076621e-01 8.838161970976282644e-01 4.290743658916037484e-01 3.636393704442009156e-01 -4.677979701278410229e-01 8.055628265584338088e-01 9.126895911850964049e-01 5.830028229047385345e-03 -4.086119445705648223e-01 -6.707400968880725678e-01 1.634221463048362244e+00 1.768473353978619711e+00
1.583524531873493910e+09 2.030603752191195710e-01 8.870042828814674873e-01 4.147166340597698286e-01 3.710268168818555701e-01 -4.616584175133967571e-01 8.057360652342309137e-01 9.061487656268852886e-01 -9.742075048147849636e-03 -4.228469071178558858e-01 -6.747311741507706628e-01 1.648023763700714239e+00 1.782064449677515316e+00
1.583524531873511076e+09 2.196307714008419731e-01 8.897100616812418927e-01 4.002228514179232977e-01 3.784477027992050324e-01 -4.558147615802128350e-01 8.056117175768826577e-01 8.991883344305789949e-01 -2.547370421012551747e-02 -4.368196766977018863e-01 -6.783692572790546160e-01 1.661923563189450892e+00 1.795655255710855602e+00
1.583524531873528004e+09 2.361814503579290625e-01 8.919099595554746962e-01 3.856357698044072801e-01 3.858944025284290480e-01 -4.503184137559020916e-01 8.051700667903592956e-01 8.917980897488313463e-01 -4.135154913182558650e-02 -4.505399170298256539e-01 -6.816520553471402399e-01 1.675907811455003227e+00 1.809249891439806524e+00
1.583524531873547077e+09 2.527335342367073023e-01 8.935777899682049163e-01 3.710047093337535684e-01 3.933596599527025006e-01 -4.452289972290379705e-01 8.043875422170064793e-01 8.839648968534949969e-01 -5.735742008956349475e-02 -4.640217536107203444e-01 -6.845770661512063926e-01 1.689963521987312367e+00 1.822852516059320305e+00
1.583524531873559952e+09 2.693084237119996449e-01 8.946858658930249009e-01 3.563848687712030117e-01 4.008368060379274289e-01 -4.406130898149103747e-01 8.032371755183319584e-01 8.756727859866821895e-01 -7.346636503936407325e-02 -4.772838415688656633e-01 -6.871416774734567801e-01 1.704077690114737420e+00 1.836467328219172135e+00
1.583524531873573065e+09 2.859255238314322156e-01 8.952064474311757225e-01 3.418362352054502562e-01 4.083197791347108474e-01 -4.365423248200138162e-01 8.016893143442260783e-01 8.669034277607053918e-01 -8.964494104539681707e-02 -4.903490917848379316e-01 -6.893432814754717475e-01 1.718237226520407557e+00 1.850098562642600308e+00
1.583524531873584032e+09 3.025998104093063357e-01 8.951134985348639939e-01 3.274220210691227151e-01 4.158029385514691034e-01 -4.330907922359011897e-01 7.997126246959213036e-01 8.576370277139201415e-01 -1.058498500573337719e-01 -5.032440146384067337e-01 -6.911793996902273474e-01 1.732428907813118757e+00 1.863750483214424047e+00
1.583524531873600006e+09 3.193395977404549502e-01 8.943845502556055926e-01 3.132067974663121368e-01 4.232806859758672657e-01 -4.303320195009975868e-01 7.972752435624657075e-01 8.478535737190447952e-01 -1.220271674318417765e-01 -5.159977599495118028e-01 -6.926478136107762085e-01 1.746639345766718421e+00 1.877427372372302505e+00
1.583524531873617887e+09 3.361447512586964725e-01 8.930025280318986125e-01 2.992543926660523601e-01 4.307469667366587984e-01 -4.283357008895240514e-01 7.943460065464197362e-01 8.375343319061476777e-01 -1.381123188069706409e-01 -5.286409278563219960e-01 -6.937466945979546828e-01 1.760854975973346725e+00 1.891133517042367096e+00
1.583524531873636007e+09 3.530056153376864847e-01 8.909573216663109196e-01 2.856257812406222674e-01 4.381947464779124002e-01 -4.271645398552439965e-01 7.908955810819860988e-01 8.266634139551835014e-01 -1.540308644145871042e-01 -5.412042989187766384e-01 -6.944747259905604819e-01 1.775062065460015992e+00 1.904873191780940056e+00
1.583524531873651981e+09 3.699027751330717928e-01 8.882469362886342701e-01 2.723771604279033309e-01 4.456155688542323134e-01 -4.268715072751906314e-01 7.868973765345278482e-01 8.152292328027639368e-01 -1.697000199818009258e-01 -5.537176189489565470e-01 -6.948312091858535045e-01 1.789246737349923233e+00 1.918650640253720230e+00
1.583524531873666048e+09 3.868076110926422229e-01 8.848781522025672697e-01 2.595583328568633052e-01 4.529992788434297202e-01 -4.274976905612474787e-01 7.823281779775858036e-01 8.032257003113100202e-01 -1.850307559542792302e-01 -5.662085252297973659e-01 -6.948161482665846655e-01 1.803395009222903189e+00 1.932470056286617277e+00
1.583524531873683929e+09 4.036835226771550156e-01 8.808666626168646374e-01 2.472115219993809565e-01 4.603339600160141210e-01 -4.290708799449343691e-01 7.771684665275934156e-01 7.906530585834077307e-01 -1.999302453387188372e-01 -5.787016833257102588e-01 -6.944303087316057166e-01 1.817492840819826982e+00 1.946335565849260707e+00
1.583524531873697042e+09 4.204876602651995143e-01 8.762366599219163499e-01 2.353708643261578637e-01 4.676061030356477022e-01 -4.316051203096519795e-01 7.714023286534092971e-01 7.775182700366787270e-01 -2.143043076022851379e-01 -5.912182370620716609e-01 -6.936752486484192293e-01 1.831526186206568596e+00 1.960251211175344288e+00
1.583524531873709917e+09 4.371728388845114721e-01 8.710200595974523230e-01 2.240624134489497543e-01 4.748009672226180533e-01 -4.351009652227227353e-01 7.650171185746876823e-01 7.638350284835400128e-01 -2.280596548366951581e-01 -6.037754909151460403e-01 -6.925533245933288562e-01 1.845481045925914998e+00 1.974220937727520608e+00
1.583524531873728037e+09 4.536894071851753640e-01 8.652555124268356268e-01 2.133045250879563037e-01 4.819030777621792772e-01 -4.395462212606889851e-01 7.580029967911635636e-01 7.496234692988835713e-01 -2.411058230548263903e-01 -6.163867590221815407e-01 -6.910676773105254300e-01 1.859343515759313448e+00 1.988248584200977609e+00
1.583524531873743057e+09 4.699869310763609698e-01 8.589873028821836121e-01 2.031085879638676317e-01 4.888968054452214607e-01 -4.449170805908119197e-01 7.503523873151883850e-01 7.349096533012670074e-01 -2.533566758612369463e-01 -6.290613615647239198e-01 -6.892222027829849607e-01 1.873099829978023934e+00 2.002337875389673449e+00
1.583524531873754978e+09 4.860155885069419313e-01 8.522642594851699283e-01 1.934799217813217287e-01 4.957669691854686977e-01 -4.511794070478125085e-01 7.420594686723127609e-01 7.197249198586764818e-01 -2.647315148880059477e-01 -6.418046938843872118e-01 -6.870215130078639598e-01 1.886736397714360747e+00 2.016492417706612805e+00
1.583524531873766899e+09 5.017272499263222274e-01 8.451387406480447284e-01 1.844187521302201316e-01 5.024994209342764639e-01 -4.582900558145526215e-01 7.331197424894566606e-01 7.041051760319418928e-01 -2.751558360436491268e-01 -6.546183371313832877e-01 -6.844708897710412021e-01 1.900239831595848639e+00 2.030715697139592546e+00
1.583524531873776913e+09 5.170762492669682686e-01 8.376657263871575276e-01 1.759212428342315504e-01 5.090815926367230349e-01 -4.661981830189301235e-01 7.235296720341896082e-01 6.880901719655665438e-01 -2.845617424994816846e-01 -6.675002099494535823e-01 -6.815762355477478218e-01 1.913596968807684373e+00 2.045011079112412755e+00
1.583524531873785973e+09 5.320198667938385029e-01 8.299020473633493822e-01 1.679805152952221214e-01 5.155029891127790309e-01 -4.748464616573188635e-01 7.132864124549903595e-01 6.717228072842940101e-01 -2.928880843229886288e-01 -6.804447373359765461e-01 -6.783440241701073070e-01 1.926794884985420175e+00 2.059381809834728294e+00
