1.583524532132081985e+09 2.287063535804133296e-02 8.419243043380812974e-01 5.391107494427240798e-01 3.019241217698762636e-01 -5.198891774907568042e-01 7.990976585713703839e-01 9.530575842998818548e-01 1.444946684155953287e-01 -2.660874519904438129e-01 -6.214146675091528627e-01 1.515309000035848230e+00 1.645772597110085167e+00
1.583524532132145882e+09 4.191663376653859824e-02 8.478339942313185551e-01 5.286024161895874762e-01 3.083738484746085251e-01 -5.142152766959464660e-01 8.003050786433356656e-01 9.503412890378052369e-01 1.294610665296717367e-01 -2.830040050993631318e-01 -6.282880331756799386e-01 1.528226545728664787e+00 1.659778797162362096e+00
1.583524532132178068e+09 6.110742083674020053e-02 8.531888668740819082e-01 5.180102710605873906e-01 3.148148187621491179e-01 -5.089648092723926265e-01 8.011532019053133613e-01 9.471839912426345265e-01 1.141209037581135122e-01 -2.996980252852748383e-01 -6.347962161622755506e-01 1.541343102764549222e+00 1.673774484641279425e+00
1.583524532132220030e+09 8.034302095612128047e-02 8.580543146614106886e-01 5.072354408363523026e-01 3.212706743268948784e-01 -5.040150987555591655e-01 8.017193612214932319e-01 9.435730777541152525e-01 9.854731670289874901e-02 -3.161617839200704383e-01 -6.409558743761382127e-01 1.554641793010379747e+00 1.687756016417361504e+00
1.583524532132246017e+09 9.952391988540626455e-02 8.624996443221328857e-01 4.961747205209863787e-01 3.277710457112900100e-01 -4.992369821491983162e-01 8.020776629241369582e-01 9.395004689872401560e-01 8.280579395827028510e-02 -3.323884317577168734e-01 -6.467864915531017500e-01 1.568104807631855779e+00 1.701721363641593987e+00
1.583524532132272005e+09 1.185504327226172688e-01 8.665961634942243030e-01 4.847235136569645886e-01 3.343484129783197978e-01 -4.944980192202495517e-01 8.022984780247106595e-01 9.349636003108858784e-01 6.695370580837553542e-02 -3.483680061131930739e-01 -6.523096564237979011e-01 1.581714103376043346e+00 1.715669894089133507e+00
1.583524532132283926e+09 1.373214333851597579e-01 8.704155040321869263e-01 4.727786740667574983e-01 3.410358483923521256e-01 -4.896648352677653304e-01 8.024480664373140337e-01 9.299663296668919665e-01 5.104115754054896342e-02 -3.640843669250560244e-01 -6.575483476408707784e-01 1.595451987238869718e+00 1.729602102950715814e+00
1.583524532132293940e+09 1.557326708404236648e-01 8.740282448983853758e-01 4.602412006088612562e-01 3.478656319612636882e-01 -4.846046966890876218e-01 8.025881821728814147e-01 9.245197875693209610e-01 3.511289494084574025e-02 -3.795131714767984166e-01 -6.625262398470355141e-01 1.609301583502691368e+00 1.743519324472868171e+00
1.583524532132303953e+09 1.736746856302293918e-01 8.775029694395090063e-01 4.470186154830587122e-01 3.548686756309289425e-01 -4.791862610624262331e-01 8.027756538303097988e-01 9.186431989115295682e-01 1.921109478210916016e-02 -3.946208398714678434e-01 -6.672670436066664434e-01 1.623247185624086653e+00 1.757423451323412378e+00
1.583524532132313967e+09 1.910302106744445338e-01 8.809058738646007303e-01 4.330269049388340008e-01 3.620746334564530766e-01 -4.732794358054613904e-01 8.030619749248552042e-01 9.123647399489213106e-01 3.378959664702689547e-03 -4.093643417149687158e-01 -6.717938892609207624e-01 1.637274501358141343e+00 1.771316682191169001e+00
1.583524532132324934e+09 2.074401608991833790e-01 8.842563321394193432e-01 4.184009071666149326e-01 3.694083176947364766e-01 -4.668446923028663487e-01 8.034883497635521010e-01 9.058179037468681027e-01 -1.211497727933949498e-02 -4.234939821477501365e-01 -6.761287646258502537e-01 1.651370802209421784e+00 1.785201311826674964e+00
1.583524532132333994e+09 2.238142771132006492e-01 8.871219765026627790e-01 4.036356879250014296e-01 3.767739777282255731e-01 -4.606981644654352115e-01 8.036159350611452590e-01 8.988595771035443605e-01 -2.778129585076720767e-02 -4.373553024581932069e-01 -6.801074731921217253e-01 1.665583971934648133e+00 1.799073422940017153e+00
1.583524532132344007e+09 2.401729005774907444e-01 8.894785468334022172e-01 3.887735754288332291e-01 3.841628402650518193e-01 -4.548914116995317336e-01 8.034256131345731688e-01 8.914796073218010930e-01 -4.360869890783542618e-02 -4.509571946949527121e-01 -6.837269064677276020e-01 1.679900824334939813e+00 1.812937304876399924e+00
1.583524532132354021e+09 2.565389126681060783e-01 8.912989909635259389e-01 3.738634715973883638e-01 3.915663399376080323e-01 -4.494843413393821985e-01 8.028945313288270436e-01 8.836648618097469043e-01 -5.958133880309628150e-02 -4.643129078621442973e-01 -6.869837417978661431e-01 1.694308248977688613e+00 1.826797280382515654e+00
1.583524532132363081e+09 2.729357557962917569e-01 8.925545528794885941e-01 3.589602258501463083e-01 3.989763935738649958e-01 -4.445440145046464786e-01 8.019965440437100135e-01 8.753992865318056538e-01 -7.567687650578618086e-02 -4.774401531502585061e-01 -6.898745419248611954e-01 1.708793122690513533e+00 1.840657709321895208e+00
1.583524532132373095e+09 2.893851213449298299e-01 8.932162072533640362e-01 3.441236101235726763e-01 4.063854867179934605e-01 -4.401428067769302954e-01 8.007029074173983574e-01 8.666643456438459792e-01 -9.186466718909461204e-02 -4.903608826672145593e-01 -6.923958688109366211e-01 1.723342235956604851e+00 1.854522989562064295e+00
1.583524532132381916e+09 3.059044493008457044e-01 8.932564180982572877e-01 3.294168177622427973e-01 4.137865610086008950e-01 -4.363558596493336550e-01 7.989832575201660791e-01 8.574398813369931149e-01 -1.081042811868750536e-01 -5.031007002778676851e-01 -6.945444092419599258e-01 1.737942236196663659e+00 1.868397554392758453e+00
1.583524532132392883e+09 3.225046064890068065e-01 8.926510201476640649e-01 3.149046449690611205e-01 4.211727055142488463e-01 -4.332580946574412506e-01 7.968067367077044105e-01 8.477053327679701100e-01 -1.243446017225830480e-01 -5.156879765491976242e-01 -6.963171071815854596e-01 1.752579589829141860e+00 1.882285866129159269e+00
1.583524532132402897e+09 3.391879921357386918e-01 8.913810809400579682e-01 3.006514176474889277e-01 4.285367185586547167e-01 -4.309209543752558491e-01 7.941431936662735058e-01 8.374412141264182541e-01 -1.405236633314309314e-01 -5.281527366819124270e-01 -6.977112964857516975e-01 1.767240564179064055e+00 1.896192405940707593e+00
1.583524532132412910e+09 3.559473533162509917e-01 8.894345191743161516e-01 2.867188835230318200e-01 4.358706267206113871e-01 -4.294092323461146665e-01 7.909642900013067468e-01 8.266306785430579396e-01 -1.565693060906319378e-01 -5.405254610283868333e-01 -6.987248266581465028e-01 1.781911229128424923e+00 1.910121660363277796e+00
1.583524532132422924e+09 3.727654414250497483e-01 8.868073128851310383e-01 2.731642654027535699e-01 4.431652623535742297e-01 -4.287782965096261223e-01 7.872443856926261141e-01 8.152609865565393354e-01 -1.724005875487244765e-01 -5.528359264283767560e-01 -6.993561731001755044e-01 1.796577476959484443e+00 1.924078105414361861e+00
1.583524532132431984e+09 3.896154772954235623e-01 8.835042204604918181e-01 2.600385984440438114e-01 4.504099854131852765e-01 -4.290718852792651528e-01 7.829611500081985476e-01 8.033247320794500990e-01 -1.879298007802526205e-01 -5.651121704107806565e-01 -6.996045261075897193e-01 1.811225057247522363e+00 1.938066189440613929e+00
1.583524532132441998e+09 4.064623095459607982e-01 8.795389779731276336e-01 2.473854836988913508e-01 4.575926003516369578e-01 -4.303206288072450314e-01 7.780958608330555970e-01 7.908207150171981947e-01 -2.030648738140415355e-01 -5.773796446540038207e-01 -6.994698538155540435e-01 1.825839622580836208e+00 1.952090315999114978e+00
1.583524532132452011e+09 4.232641159955627397e-01 8.749339354791942913e-01 2.352405089642703173e-01 4.646994847881291690e-01 -4.325415338574690738e-01 7.726332962311712738e-01 7.777543810395894930e-01 -2.177118057463720002e-01 -5.896606589815773791e-01 -6.989529370964201460e-01 1.840406780208409643e+00 1.966154828006157818e+00
1.583524532132462025e+09 4.399743154001140577e-01 8.697193206406919064e-01 2.236311818438550258e-01 4.717159036077283041e-01 -4.357381745660129924e-01 7.665613802094343177e-01 7.641378856919377460e-01 -2.317769333954619038e-01 -6.019740402494611065e-01 -6.980553785884930917e-01 1.854912144935148000e+00 1.980263994002313455e+00
1.583524532132477045e+09 4.565434566115837978e-01 8.639322805199081134e-01 2.125772501967291006e-01 4.786264589569686478e-01 -4.399013806128367343e-01 7.598707049494689558e-01 7.499898567909981661e-01 -2.451689016416978562e-01 -6.143349450557330504e-01 -6.967795907269523914e-01 1.869341389572137802e+00 1.994421996925635820e+00
1.583524532132496119e+09 4.729209413724803635e-01 8.576157986949014544e-01 2.020913789370006319e-01 4.854156258323624185e-01 -4.450103243551178367e-01 7.525539725058252305e-01 7.353349261982883300e-01 -2.578002198703805981e-01 -6.267548111390534027e-01 -6.951287684997630167e-01 1.883680290494264442e+00 2.008632925416022452e+00
1.583524532132514000e+09 4.890564684150407460e-01 8.508176163352397792e-01 1.921800063362844035e-01 4.920683187525831115e-01 -4.510337713724669184e-01 7.446054706223323993e-01 7.202031245831584938e-01 -2.695884291494136109e-01 -6.392413773744752836e-01 -6.931068512574360962e-01 1.897914766693433508e+00 2.022900767587857196e+00
1.583524532132533073e+09 5.049011682749248164e-01 8.435892225590533311e-01 1.828442896489071434e-01 4.985704503666589793e-01 -4.579313737083420821e-01 7.360206268264138929e-01 7.046292050247530137e-01 -2.804569144607480524e-01 -6.517987441653677605e-01 -6.907184769103411615e-01 1.912030911287856405e+00 2.037229407160689565e+00
1.583524532132550955e+09 5.204084315360905100e-01 8.359849451334848691e-01 1.740811198743151822e-01 5.049094603482519039e-01 -4.656549623365927038e-01 7.267956336008858376e-01 6.886519451182340212e-01 -2.903353713746716913e-01 -6.644274760662849388e-01 -6.879689327579786573e-01 1.926015015449539236e+00 2.051622621533817359e+00
1.583524532132569075e+09 5.355344481185512207e-01 8.280611749357114082e-01 1.658841337887178025e-01 5.110747983727091937e-01 -4.741497535953179687e-01 7.169271662818780255e-01 6.723134727379593834e-01 -2.991599940432783100e-01 -6.771247246093295979e-01 -6.848641056830885310e-01 1.939853585027651262e+00 2.066084081456969646e+00
