1.583524532569312096e+09 2.688275614288206938e-01 8.824275515194177633e-01 3.860742919485155022e-01 3.869368035925791482e-01 -4.660034417831373510e-01 7.956888225842416729e-01 8.820496882263031413e-01 -6.451673331984146553e-02 -4.667182650453435278e-01 -6.938545775924059855e-01 1.712966069290580373e+00 1.844847103790773879e+00
1.583524532569441080e+09 2.870628058381562986e-01 8.823671244026605187e-01 3.728581548606363927e-01 3.934937925975073303e-01 -4.635044051868143500e-01 7.939309174439355132e-01 8.733599377977261380e-01 -8.119066730885332595e-02 -4.802608613011757344e-01 -6.995605461718746865e-01 1.733020983524777181e+00 1.864294497318161659e+00
1.583524532569480896e+09 3.052549311463230164e-01 8.817534103787825206e-01 3.596252920278601439e-01 3.999962959523265527e-01 -4.614446858798896267e-01 7.918786303541102134e-01 8.641888627463886197e-01 -9.787607200430668841e-02 -4.935563638953237575e-01 -7.057091713749701345e-01 1.752866783967606201e+00 1.883821335012330955e+00
1.583524532569502115e+09 3.233374728799441877e-01 8.806415019873229388e-01 3.462996159130408147e-01 4.064544048656785757e-01 -4.597275175928721147e-01 7.895856042553589527e-01 8.545453151580867379e-01 -1.145476095708065772e-01 -5.065877513256067388e-01 -7.118103876929107177e-01 1.772736902502535905e+00 1.903338310353106744e+00
1.583524532569519997e+09 3.412564997277350853e-01 8.790767400015601085e-01 3.328183993677538144e-01 4.128754588914897439e-01 -4.582722965657384240e-01 7.870961553456873316e-01 8.444393744393642320e-01 -1.311891295139245017e-01 -5.193376122598528655e-01 -7.174579567501876420e-01 1.792851049802014485e+00 1.922741527095066072e+00
1.583524532569540024e+09 3.589684600867698028e-01 8.770953881388516837e-01 3.191321437099600700e-01 4.192639344771731946e-01 -4.570136974077093073e-01 7.844464505263225584e-01 8.338821248705071687e-01 -1.477909361322722603e-01 -5.317879665217959406e-01 -7.223770120033596864e-01 1.813361430489591086e+00 1.941927093474714150e+00
1.583524532569557905e+09 3.764382969834463855e-01 8.747256170349807514e-01 3.052037087797534465e-01 4.256217912204512954e-01 -4.559001965513333476e-01 7.816655945723665067e-01 8.228853502623734162e-01 -1.643475159679138597e-01 -5.439205775142927912e-01 -7.264280149008247589e-01 1.834333310700051678e+00 1.960814348270158547e+00
1.583524532569574118e+09 3.936379224530298648e-01 8.719885501296243957e-01 2.910071388164939266e-01 4.319489913037566908e-01 -4.548924822907912113e-01 7.787765395689816295e-01 8.114611852691685501e-01 -1.808557389697710849e-01 -5.557175063060448839e-01 -7.295855120277239259e-01 1.855756465535335131e+00 1.979362594180507973e+00
1.583524532569591999e+09 4.105451580683907031e-01 8.688991198385332959e-01 2.765266589868270453e-01 4.382440213118956041e-01 -4.539622686557273634e-01 7.757966463823465775e-01 7.996216925883196103e-01 -1.973134017343596558e-01 -5.671618557149769035e-01 -7.319060624429978290e-01 1.877572391319182188e+00 1.997573558058491461e+00
1.583524532569608927e+09 4.271430235319053637e-01 8.654667559305062596e-01 2.617558638038203767e-01 4.445043757524800854e-01 -4.530915041526849540e-01 7.727379561786432705e-01 7.873783700861904933e-01 -2.137180001090389914e-01 -5.782386350796910879e-01 -7.334944350436212179e-01 1.899702588942977055e+00 2.015481383248357350e+00
1.583524532569628000e+09 4.432411689081982020e-01 8.617395702467006702e-01 2.468646991055269135e-01 4.506584872594091018e-01 -4.522804075797385859e-01 7.696423590851517726e-01 7.748833424074783593e-01 -2.298855069728731326e-01 -5.888195476478824686e-01 -7.344731256574453804e-01 1.922069673155491376e+00 2.033136821112607517e+00
1.583524532569645882e+09 4.593978517177165211e-01 8.572650469483860114e-01 2.324871039999100719e-01 4.567649533491624503e-01 -4.524872282991093120e-01 7.659119307960401413e-01 7.617869725347977683e-01 -2.456663343458770077e-01 -5.994402897656647689e-01 -7.349674817456210985e-01 1.944604500602556962e+00 2.050598090873287926e+00
1.583524532569664001e+09 4.755575156882821952e-01 8.520801320850458493e-01 2.186423979626468950e-01 4.628109462172819710e-01 -4.537123694626408188e-01 7.615452146626956464e-01 7.480983074627107765e-01 -2.609684552296534510e-01 -6.101183394190776710e-01 -7.349685436403925465e-01 1.967288851163791819e+00 2.067871741794683693e+00
1.583524532569680929e+09 4.916635231347497026e-01 8.462273674420842662e-01 2.053441574997975638e-01 4.687826298428982574e-01 -4.559468819858349953e-01 7.565416623574422461e-01 7.338322875638164655e-01 -2.757021648805975111e-01 -6.208691410901536756e-01 -7.344682617331222962e-01 1.990104197431688648e+00 2.084964678065461818e+00
1.583524532569698095e+09 5.076594503185407614e-01 8.397539967324926247e-01 1.926009031199445998e-01 4.746656035575457233e-01 -4.591733975536567147e-01 7.509010293613754827e-01 7.190093515362949717e-01 -2.897809798261102854e-01 -6.317060522770011621e-01 -7.334594652267972803e-01 2.013031766474941975e+00 2.101884125013996574e+00
1.583524532569713116e+09 5.234900949403954451e-01 8.327111576566914586e-01 1.804168751028710216e-01 4.804453768376601985e-01 -4.633670652898196352e-01 7.446228594379907806e-01 7.036550011687915385e-01 -3.031222377760833808e-01 -6.426402949121573505e-01 -7.319358237811954826e-01 2.036052593853966641e+00 2.118637596331907957e+00
