1.583524532671338081e+09 2.688275614288208049e-01 8.824275515194182073e-01 3.860742919485156688e-01 3.869368035925793148e-01 -4.660034417831375730e-01 7.956888225842420059e-01 8.820496882263035854e-01 -6.451673331984145165e-02 -4.667182650453437498e-01 -6.938545775924064296e-01 1.712966069290583038e+00 1.844847103790775433e+00
1.583524532671411991e+09 2.870628058385142345e-01 8.823671244026571880e-01 3.728581548603707718e-01 3.934937925976476070e-01 -4.635044051867651116e-01 7.939309174438953232e-01 8.733599377975461708e-01 -8.119066730917809394e-02 -4.802608613014497929e-01 -6.995619362218755688e-01 1.733025869169032118e+00 1.864299234961962037e+00
1.583524532671452045e+09 3.052549311459502035e-01 8.817534103799069545e-01 3.596252920254385255e-01 3.999962959528198247e-01 -4.614446858775915761e-01 7.918786303552093342e-01 8.641888627462649408e-01 -9.787607200509013117e-02 -4.935563638953710530e-01 -7.057165763733043162e-01 1.752874360868244885e+00 1.883831585120671503e+00
1.583524532671483994e+09 3.233374728783516838e-01 8.806415019901737695e-01 3.462996159073536417e-01 4.064544048664550102e-01 -4.597275175870805808e-01 7.895856042583614398e-01 8.545453151582141915e-01 -1.145476095723822890e-01 -5.065877513249810171e-01 -7.118279577682055104e-01 1.772745045750638404e+00 1.903354951141055684e+00
1.583524532671513081e+09 3.412564997247993226e-01 8.790767400063057568e-01 3.328183993584140077e-01 4.128754588924526403e-01 -4.582722965560265260e-01 7.870961553508956099e-01 8.444393744398441815e-01 -1.311891295165320548e-01 -5.193376122582992194e-01 -7.174884096221552099e-01 1.792858384878262656e+00 1.922765458479548606e+00
1.583524532671541929e+09 3.589684600825692740e-01 8.770953881453393830e-01 3.191321436971930603e-01 4.192639344783987143e-01 -4.570136973943222380e-01 7.844464505335533300e-01 8.338821248712983136e-01 -1.477909361358732687e-01 -5.317879665193712135e-01 -7.224210431583903969e-01 1.813367794605943883e+00 1.941958899032902863e+00
1.583524532671572924e+09 3.764382969781496779e-01 8.747256170428434618e-01 3.052037087642598401e-01 4.256217912223292377e-01 -4.559001965350447105e-01 7.816655945809501960e-01 8.228853502632528238e-01 -1.643475159720944601e-01 -5.439205775114511754e-01 -7.264841332001362728e-01 1.834339805332022788e+00 1.960853898016158503e+00
1.583524532671601057e+09 3.936379224468182780e-01 8.719885501383808357e-01 2.910071387993040104e-01 4.319489913070759801e-01 -4.548924822727692940e-01 7.787765395777818123e-01 8.114611852697048988e-01 -1.808557389737084908e-01 -5.557175063036863261e-01 -7.296502395396627927e-01 1.855765153679833190e+00 1.979408820268428126e+00
1.583524532671628952e+09 4.105451580614058460e-01 8.688991198476738731e-01 2.765266589691634525e-01 4.382440213178833699e-01 -4.539622686374189531e-01 7.757966463897951748e-01 7.996216925878590898e-01 -1.973134017368335380e-01 -5.671618557144589845e-01 -7.319743839307959465e-01 1.877585834230545370e+00 1.997624505102247872e+00
1.583524532671657085e+09 4.271430235242140716e-01 8.654667559395636811e-01 2.617558637869787930e-01 4.445043757628023839e-01 -4.530915041357205242e-01 7.727379561827834031e-01 7.873783700838540289e-01 -2.137180001084716674e-01 -5.782386350828134791e-01 -7.335603724300593376e-01 1.899723411410508600e+00 2.015534481034943592e+00
1.583524532671688080e+09 4.432411689004087108e-01 8.617395702544276004e-01 2.468646990931279706e-01 4.506584872761501548e-01 -4.522804075686608360e-01 7.696423590819905236e-01 7.748833424015132421e-01 -2.298855069657513850e-01 -5.888195476582488430e-01 -7.345303281612644009e-01 1.922100258053508259e+00 2.033189249265496379e+00
1.583524532671716928e+09 4.593978517125524297e-01 8.572650469528315664e-01 2.324871039943461060e-01 4.567649533674290052e-01 -4.524872282967161152e-01 7.659119307866926185e-01 7.617869725262722547e-01 -2.456663343347371131e-01 -5.994402897808053243e-01 -7.350158569263318675e-01 1.944644757563520399e+00 2.050649625113146524e+00
1.583524532671742916e+09 4.755575156885927801e-01 8.520801320840599713e-01 2.186423979664775530e-01 4.628109462321730039e-01 -4.537123694718047107e-01 7.615452146483192575e-01 7.480983074526114107e-01 -2.609684552168334837e-01 -6.101183394366898050e-01 -7.350079982358710406e-01 1.967338685333527737e+00 2.067922161165827610e+00
1.583524532671768904e+09 4.916635231434744457e-01 8.462273674333231632e-01 2.053441575157189114e-01 4.687826298495285093e-01 -4.559468820094799701e-01 7.565416623392176021e-01 7.338322875530435274e-01 -2.757021648682145831e-01 -6.208691411081352918e-01 -7.344987018347253205e-01 1.990163509638785522e+00 2.085013765353004977e+00
1.583524532671844959e+09 5.076594503386767654e-01 8.397539967134255434e-01 1.926009031507572022e-01 4.746656035510647964e-01 -4.591733975947381308e-01 7.509010293404859704e-01 7.190093515256622547e-01 -2.897809798160420058e-01 -6.317060522934760947e-01 -7.334807964455475338e-01 2.013100453401740264e+00 2.101931667129403269e+00
1.583524532671885967e+09 5.234900949749672350e-01 8.327111576246071234e-01 1.804168751514480251e-01 4.804453768132676550e-01 -4.633670653513071724e-01 7.446228594156024672e-01 7.036550011590302356e-01 -3.031222377699532289e-01 -6.426402949254954589e-01 -7.319479514043890633e-01 2.036130548206231516e+00 2.118683384666988800e+00
