1.583524532365277052e+09 1.570339255808642087e-01 8.729477815305718424e-01 4.618468548159496700e-01 3.473028771718104646e-01 -4.865908954098064343e-01 8.016295978354953666e-01 9.245112535733943648e-01 3.451769890798407625e-02 -3.795885545975866138e-01 -6.632996422088340838e-01 1.611492114997258085e+00 1.745682958524820583e+00
1.583524532365329027e+09 1.758556106898827298e-01 8.757093816093921568e-01 4.496753089908904766e-01 3.539230042321447889e-01 -4.824934257476896637e-01 8.012107096756663216e-01 9.185931153251137848e-01 1.825303767465692381e-02 -3.947828712041420163e-01 -6.687449675266660121e-01 1.627824472222265895e+00 1.761885496911625992e+00
1.583524532365358114e+09 1.947020883541289438e-01 8.779242452623918780e-01 4.374244125981877063e-01 3.605128376722391281e-01 -4.787960258997419061e-01 8.004903869313841902e-01 9.122069890776570711e-01 1.839966240134695069e-03 -4.097255470499086560e-01 -6.740459823638593750e-01 1.644217264100096054e+00 1.778074855350557648e+00
1.583524532365387917e+09 2.134769366557909831e-01 8.796662904267853467e-01 4.249880179119305823e-01 3.670980665273245735e-01 -4.753650874910340107e-01 7.995417708037395599e-01 9.053544097896842890e-01 -1.467144825524772413e-02 -4.244032770652256259e-01 -6.791300451532737981e-01 1.660701205176629891e+00 1.794241231031484363e+00
1.583524532365413904e+09 2.320948672046822536e-01 8.810027800586284208e-01 4.122694198119639664e-01 3.737019788929006880e-01 -4.720782002683092671e-01 7.984290850892226121e-01 8.980416492825155084e-01 -3.124539442250632085e-02 -4.387994095079873480e-01 -6.839466086784310450e-01 1.677296606119262012e+00 1.810375452236104188e+00
1.583524532365434885e+09 2.504794183542108366e-01 8.819938953723055475e-01 3.991827023717650080e-01 3.803443887876823415e-01 -4.688245208012279397e-01 7.972087021142519880e-01 8.902798476634130598e-01 -4.785747103007272768e-02 -4.528923223176268831e-01 -6.884670054316430754e-01 1.694013113586644304e+00 1.826470299293616151e+00
1.583524532365458012e+09 2.685603495961628173e-01 8.826932790857775490e-01 3.856525820573603602e-01 3.870416509683786144e-01 -4.655033703880972484e-01 7.959305074480323983e-01 8.820850862003258852e-01 -6.449176323924160625e-02 -4.666548119118617555e-01 -6.926822697268999462e-01 1.710850947200809546e+00 1.842521424382562945e+00
1.583524532365480900e+09 2.862706641001293573e-01 8.831494585405678110e-01 3.716128914894099022e-01 3.938073550618559904e-01 -4.620212541833666475e-01 7.946396213979797229e-01 8.734786054798832078e-01 -8.113812219665648973e-02 -4.800538836407401977e-01 -6.965996997947935254e-01 1.727803046857342206e+00 1.858527665959408992e+00
1.583524532365503073e+09 3.035430477703803809e-01 8.834080734093713305e-01 3.570039136359379750e-01 4.006533735623318271e-01 -4.582874060173844910e-01 7.933785526799339571e-01 8.644874161370154075e-01 -9.778972150471930413e-02 -4.930503808050603620e-01 -7.002387707648882742e-01 1.744857550208400943e+00 1.874490773064278804e+00
1.583524532365525961e+09 3.203056078895036851e-01 8.835146829366097299e-01 3.417691076676354078e-01 4.075909820036117126e-01 -4.542082244528697355e-01 7.921896744733794016e-01 8.551455485467633899e-01 -1.144407889937174710e-01 -5.055980586576560576e-01 -7.036268887831720331e-01 1.762000151067317555e+00 1.890414704821362202e+00
1.583524532365549088e+09 3.362648383323300072e-01 8.835205548588030977e-01 3.260634723628191844e-01 4.145387062124125666e-01 -4.497398734919496599e-01 7.911331792793928619e-01 8.456261702478984343e-01 -1.308643406125335473e-01 -5.174851735568460898e-01 -7.067953483802874581e-01 1.779216065545233816e+00 1.906304728829799844e+00
1.583524532365571976e+09 3.523988837539867025e-01 8.827907679943319819e-01 3.106372273873432288e-01 4.214419317168791590e-01 -4.460667484620594592e-01 7.895639012903052922e-01 8.355846606863802650e-01 -1.473258842517717604e-01 -5.292384707844851599e-01 -7.095419800647071451e-01 1.796560515457241269e+00 1.922133366868437498e+00
1.583524532365595102e+09 3.687003142410308354e-01 8.813114618227785302e-01 2.955506486278395295e-01 4.282914037526556195e-01 -4.432544694763486115e-01 7.874591728301577609e-01 8.250009406082562391e-01 -1.637546422502428045e-01 -5.408861852924583546e-01 -7.118597050524784198e-01 1.814018485571697870e+00 1.937905720557155043e+00
1.583524532365616083e+09 3.851507041996691250e-01 8.790773936517388698e-01 2.808591664712745684e-01 4.350770768386530429e-01 -4.413586542012437053e-01 7.847996404718440289e-01 8.138592461341999096e-01 -1.800707489869883271e-01 -5.524560191946296106e-01 -7.137421943981000494e-01 1.831574580600918711e+00 1.953627026854876547e+00
1.583524532365638018e+09 4.017214720949394136e-01 8.760924349651076914e-01 2.666118988731707162e-01 4.417878506801082295e-01 -4.404231643116443551e-01 7.815695307793827373e-01 8.021492093764182041e-01 -1.961873646342522648e-01 -5.639744357308177358e-01 -7.151839564953035300e-01 1.849213056006627554e+00 1.969302651816435823e+00
1.583524532365660906e+09 4.183754183398480930e-01 8.723694724339478013e-01 2.528507727104013503e-01 4.484114617133468927e-01 -4.404792666434099724e-01 7.777565022389200111e-01 7.898665523914748521e-01 -2.120130173569025889e-01 -5.754661677176751144e-01 -7.161803952240257676e-01 1.866917864100875013e+00 1.984938079240204933e+00
1.583524532365681887e+09 4.350686029871008165e-01 8.679298917140183534e-01 2.396101294397198489e-01 4.549345502131642571e-01 -4.415454898376822701e-01 7.733512368515893520e-01 7.770134271496512701e-01 -2.274539157234200248e-01 -5.869538742988898994e-01 -7.167278394931160257e-01 1.884672709591881157e+00 2.000538895785530347e+00
1.583524532365705013e+09 4.517523039215212699e-01 8.628027907278952302e-01 2.269167260907133388e-01 4.613428834851459048e-01 -4.436279945561046878e-01 7.683468919812689313e-01 7.635984546951543050e-01 -2.424160618876708972e-01 -5.984578959536630549e-01 -7.168235483080854786e-01 1.902461108976969628e+00 2.016110774209711298e+00
1.583524532365729094e+09 4.683748983030511237e-01 8.570240127382270368e-01 2.147901222022281231e-01 4.676216960005679102e-01 -4.467213816873594201e-01 7.627384589008378013e-01 7.496365148008801160e-01 -2.568070268397011913e-01 -6.099961040418070413e-01 -7.164656969035210210e-01 1.920266449293857036e+00 2.031659456118163121e+00
1.583524532365752935e+09 4.848835158006715718e-01 8.506351391959297015e-01 2.032432937045537125e-01 4.737561078209279741e-01 -4.508097092581919152e-01 7.565221453827017939e-01 7.351483705082184628e-01 -2.705373658153317207e-01 -6.215837894765700034e-01 -7.156533482230370558e-01 1.938072043097581520e+00 2.047190735184492461e+00
1.583524532365773916e+09 5.012254097877897330e-01 8.436825157671431485e-01 1.922833886165432327e-01 4.797315838556236445e-01 -4.558675984574252493e-01 7.496948314091343990e-01 7.201601879362206082e-01 -2.835216844647049927e-01 -6.332335733781050413e-01 -7.143864131217398938e-01 1.955861177471999612e+00 2.062710441501820036e+00
1.583524532365797043e+09 5.173490390879651457e-01 8.362163457095144192e-01 1.819126034362628652e-01 4.855344052662513565e-01 -4.618613878334429379e-01 7.422535953734744618e-01 7.047029965252115113e-01 -2.956793565509875377e-01 -6.449553512462873339e-01 -7.126656040512100443e-01 1.973617155708073501e+00 2.078224427564109966e+00
1.583524532365818977e+09 5.332048604269494785e-01 8.282898938404533729e-01 1.721291054552419875e-01 4.911521329675248015e-01 -4.687502451266992165e-01 7.341953351041166087e-01 6.888121364732909813e-01 -3.069349438337977132e-01 -6.567562570726553917e-01 -7.104923854042568543e-01 1.991323331100897986e+00 2.093738556098743153e+00
