1.583524530014101982e+09 -4.699667469267985731e-01 1.045045021545612240e-01 8.764759358125000510e-01 3.108883342728557819e-01 -9.097418757014721358e-01 2.751693355752081738e-01 8.261232962574484029e-01 4.018065811991374248e-01 3.950591992655959062e-01 -1.446473413762039140e-01 1.489467228278339217e+00 1.451474516952135474e+00
1.583524530014146090e+09 -4.797941165642926609e-01 1.188172565595548846e-01 8.692986054862558154e-01 3.135203104863438228e-01 -9.021539139610935676e-01 2.963500134479407633e-01 8.194526349009199073e-01 4.147297615829194095e-01 3.955965169843911888e-01 -1.527917996156045455e-01 1.484829182775208256e+00 1.445411979634583233e+00
1.583524530014168024e+09 -4.871808773736205911e-01 1.352542569109599080e-01 8.627636286705433477e-01 3.149875768905517903e-01 -8.942183413759463573e-01 3.180509147714346563e-01 8.145168011463257418e-01 4.267081485207444014e-01 3.930426654651477669e-01 -1.609799934460054704e-01 1.480053094911451872e+00 1.439517873138531190e+00
1.583524530014188051e+09 -4.921640478754277792e-01 1.534128262102561757e-01 8.568775029041952873e-01 3.153023184402803381e-01 -8.860919699534165472e-01 3.397432395342979694e-01 8.113932450969719712e-01 4.373848712802554384e-01 3.877311909387493594e-01 -1.692256380895233725e-01 1.475138674209505396e+00 1.433820870543916159e+00
1.583524530014205933e+09 -4.948557649107235279e-01 1.729016500673472012e-01 8.516001359748617272e-01 3.145163723108421183e-01 -8.779249897798341307e-01 3.610085371737569160e-01 8.100600124109799127e-01 4.464893412154682384e-01 3.800658426056852113e-01 -1.775438051187924748e-01 1.470088742791614056e+00 1.428352386743801716e+00
1.583524530014224052e+09 -4.954254910570352610e-01 1.933604879102036322e-01 8.468561299208213766e-01 3.127045833646819872e-01 -8.698488416754982522e-01 3.815479474827362383e-01 8.104131209315356132e-01 4.538443725062618062e-01 3.704805787213579782e-01 -1.859506373939723289e-01 1.464909970199286926e+00 1.423146283520259736e+00
1.583524530014241934e+09 -4.940814579594803302e-01 2.144741686579094975e-01 8.425463453979443740e-01 3.099519738347014663e-01 -8.619663578820412342e-01 4.011779802683078100e-01 8.122889184526819184e-01 4.593635041812692554e-01 3.594049029023187458e-01 -1.944629367390634245e-01 1.459613558831721614e+00 1.418238451842409376e+00
1.583524530014260054e+09 -4.910529095464430949e-01 2.359803492417190951e-01 8.385584744483366437e-01 3.063455920598857074e-01 -8.543456497875440148e-01 4.198164944100274409e-01 8.154872276595814817e-01 4.630408033732130169e-01 3.472373772830586458e-01 -2.030976286017599219e-01 1.454215843558460453e+00 1.413666276044549086e+00
1.583524530014280081e+09 -4.865743160813750801e-01 2.576714002000631831e-01 8.347759488201860201e-01 3.019706019549769360e-01 -8.470182705031260584e-01 4.374629184982702368e-01 8.197921631178927138e-01 4.649360161285320259e-01 3.343281478518581595e-01 -2.118711153525070778e-01 1.448738769779132518e+00 1.409467988512409953e+00
1.583524530014300108e+09 -4.808723478345108271e-01 2.793914340882226455e-01 8.310849607204287004e-01 2.969094277005148719e-01 -8.399813367083421856e-01 4.541763377861125495e-01 8.249888345036773263e-01 4.651578019277752274e-01 3.209698467171058223e-01 -2.207985372071433194e-01 1.443210216409325231e+00 1.405681927013577193e+00
1.583524530014317989e+09 -4.741733436752231245e-01 3.009748347162228832e-01 8.273897445006348494e-01 2.912567835978437936e-01 -8.332205517699718955e-01 4.700138276657059300e-01 8.308604734740644426e-01 4.638509039911464793e-01 3.074300127454497877e-01 -2.298929673610776436e-01 1.437664133681010536e+00 1.402345711874276368e+00
1.583524530014333010e+09 -4.666309960563347348e-01 3.224023338440867303e-01 8.235971399542276750e-01 2.850654802043698921e-01 -8.266779536636744696e-01 4.851198130388795215e-01 8.372533581546283132e-01 4.611510557498176288e-01 2.938477808172865746e-01 -2.391253326753473574e-01 1.432131461099754643e+00 1.399387504694213025e+00
1.583524530014343977e+09 -4.584163757858216726e-01 3.436278169326328902e-01 8.196184173936856832e-01 2.784346021902067148e-01 -8.202701970421153455e-01 4.996308399491132812e-01 8.439956154749339579e-01 4.572490868645814888e-01 2.803474163822661236e-01 -2.485031035282656842e-01 1.426639349642403465e+00 1.396839534820897066e+00
1.583524530014353991e+09 -4.496777660778010222e-01 3.646298840984024681e-01 8.153741194121190139e-01 2.714766390411178509e-01 -8.138952742379782501e-01 5.136875676017579329e-01 8.509349806989040532e-01 4.523489033504510259e-01 2.670021133103970823e-01 -2.580308403489490754e-01 1.421218757429195456e+00 1.394733012559921104e+00
1.583524530014364004e+09 -4.405362118673276650e-01 3.854033995354122499e-01 8.107971792930441790e-01 2.643185219285435483e-01 -8.074412988896514376e-01 5.274222861175742461e-01 8.579414695807799918e-01 4.466573279862268153e-01 2.538378742059463899e-01 -2.677095549197888724e-01 1.415904118622609342e+00 1.393097432078799214e+00
1.583524530014374971e+09 -4.310834505371903824e-01 4.059510790865886731e-01 8.058354548856784261e-01 2.571004155324813079e-01 -8.007957773784073474e-01 5.409487030639070770e-01 8.649083392093191991e-01 4.403746637741386971e-01 2.408396157686885641e-01 -2.775361448940913967e-01 1.410732843384755686e+00 1.391959861515890573e+00
1.583524530014386892e+09 -4.213821463329408545e-01 4.262760689921262225e-01 8.004534964917626727e-01 2.499720682200399224e-01 -7.938545749959174946e-01 5.543544704865581707e-01 8.717517147043637449e-01 4.336860926275310502e-01 2.279590340896454903e-01 -2.875029389874044772e-01 1.405744652670665840e+00 1.391344236799949119e+00
1.583524530014396906e+09 -4.114682105398553280e-01 4.463762905308707452e-01 7.946333237767299051e-01 2.430869708771241366e-01 -7.865297604675079990e-01 5.676968033812537229e-01 8.784091509847612445e-01 4.267541954448460517e-01 2.151237327401862576e-01 -2.975973896417394848e-01 1.400980759260499919e+00 1.391270681053080160e+00
1.583524530014406919e+09 -4.013548234256328895e-01 4.662410517970519974e-01 7.883740150598459451e-01 2.365950535237282548e-01 -7.787555487243718044e-01 5.810013563320586272e-01 8.848373221052618920e-01 4.197130890647861601e-01 2.022469691463922858e-01 -3.078019472645184273e-01 1.396482917635863963e+00 1.391754880723931054e+00
1.583524530014417887e+09 -3.910375912710806756e-01 4.858500542769937924e-01 7.816900455176449825e-01 2.306349233335507343e-01 -7.704917919857326991e-01 5.942641926804329566e-01 8.910090541524284813e-01 4.126646621980594176e-01 1.892372644142114313e-01 -3.180941421192214347e-01 1.392292377103618861e+00 1.392807553508874197e+00
1.583524530014429092e+09 -3.805001774934140268e-01 5.051745257592645810e-01 7.746084906201370357e-01 2.253267705791358877e-01 -7.617247858551839945e-01 6.074563335375119388e-01 8.969099517889316253e-01 4.056772723810173065e-01 1.760070717530755890e-01 -3.284468879043523359e-01 1.388448784170316808e+00 1.394434044497595115e+00
1.583524530014439106e+09 -3.697197501196685665e-01 5.241798774775544567e-01 7.671654076589287108e-01 2.207669735764564711e-01 -7.524655338806274241e-01 6.205300667817956750e-01 9.025349023610454990e-01 3.987870065103730211e-01 1.624797640023269707e-01 -3.388290054353976788e-01 1.384989090686918889e+00 1.396634085731348174e+00
1.583524530014448881e+09 -3.586716914794441102e-01 5.428290944731551937e-01 7.594018647686830992e-01 2.170251133561178769e-01 -7.427459803730986909e-01 6.334260090120660269e-01 9.078847493679280678e-01 3.920012538611136743e-01 1.485944113621620322e-01 -3.492059464193228990e-01 1.381946529464057827e+00 1.399401745730644242e+00
1.583524530014458895e+09 -3.473332054038493766e-01 5.610860749241158851e-01 7.513601408376419100e-01 2.141436115544061158e-01 -7.326139901002702848e-01 6.460799139583135453e-01 9.129633937269383548e-01 3.853039815973323123e-01 1.343081670318383714e-01 -3.595406796187443632e-01 1.379349715954350852e+00 1.402725579982788684e+00
1.583524530014467955e+09 -3.356856545089154098e-01 5.789182910049710529e-01 7.430805837769071109e-01 2.121398298634191437e-01 -7.221279214078712982e-01 6.584283998957304318e-01 9.177754813535484724e-01 3.786619569823670983e-01 1.195963561826379334e-01 -3.697946886079339079e-01 1.377221924009739862e+00 1.406588975629899707e+00
1.583524530014482975e+09 -3.237157054848295856e-01 5.962984555496875227e-01 7.345994107137173712e-01 2.110098880069544991e-01 -7.113515964241752254e-01 6.704131066056622235e-01 9.223247635281265344e-01 3.720309911553771332e-01 1.044508135648127417e-01 -3.799290234898386465e-01 1.375580569531357655e+00 1.410970669001986311e+00
1.583524530014502048e+09 -3.114154960128457383e-01 6.132051559025180065e-01 7.259475366078917968e-01 2.107334006540567128e-01 -7.003501965870512214e-01 6.819831640662697980e-01 9.266130923548596687e-01 3.653615183961899660e-01 8.887709605636852361e-02 -3.899053478014379293e-01 1.374436920771124226e+00 1.415845404437475530e+00
1.583524530014513969e+09 -2.987821337917369036e-01 6.296226483806153240e-01 7.171503032575955450e-01 2.112783044698859081e-01 -6.891873260396729206e-01 6.930961749766051394e-01 9.306399490774370786e-01 3.586030542056818926e-01 7.289125425673743941e-02 -3.996869251341518270e-01 1.373796039649052281e+00 1.421184696627348920e+00
1.583524530014523983e+09 -2.858167988262276249e-01 6.455400768634514952e-01 7.082279060876389698e-01 2.126052538809186654e-01 -6.779232278905038545e-01 7.037180566031648876e-01 9.344023564624981404e-01 3.517074159954763912e-01 5.651663492046961335e-02 -4.092394975179671768e-01 1.373656943474367065e+00 1.426957654094585637e+00
1.583524530014533997e+09 -2.725237019865680566e-01 6.609504066425135882e-01 6.991962472039283671e-01 2.146712187884745049e-01 -6.666139768398369192e-01 7.138221583743624699e-01 9.378950367237938179e-01 3.446307677221284727e-01 3.978107941908924639e-02 -4.185320183412303274e-01 1.374012963580550029e+00 1.433131820535603840e+00
1.583524530014547110e+09 -2.589091037522703309e-01 6.758493253577273485e-01 6.900679428122463710e-01 2.174321219705049602e-01 -6.553113739243293656e-01 7.233880532752779979e-01 9.411106994191984487e-01 3.373346896510787118e-01 2.271472756463987705e-02 -4.275372151037407642e-01 1.374852267587350019e+00 1.439673993328907331e+00
1.583524530014556885e+09 -2.449805376767867915e-01 6.902342923490848436e-01 6.808532574016042949e-01 2.208445289018886593e-01 -6.440632410342876923e-01 7.324003247426212893e-01 9.440403754317554519e-01 3.297865422359453902e-01 5.348491969473533059e-03 -4.362319709285253366e-01 1.376158504806561655e+00 1.446550983242870903e+00
1.583524530014575005e+09 -2.307463195974577275e-01 7.041038391823707387e-01 6.715608088105637918e-01 2.248665293538142929e-01 -6.329138412442386619e-01 7.408475643601846183e-01 9.466737453844075167e-01 3.219593971904833873e-01 -1.228684712270228588e-02 -4.445975251951368445e-01 1.377911533273548983e+00 1.453730288070413268e+00
1.583524530014590025e+09 -2.162153321845319831e-01 7.174571301914604016e-01 6.621980041914884429e-01 2.294580580636880196e-01 -6.219042429962999829e-01 7.487216520265893571e-01 9.489994362218540092e-01 3.138317688071613487e-01 -3.016108734097616012e-02 -4.526195046423390766e-01 1.380088186629496727e+00 1.461180660592384495e+00
1.583524530014600992e+09 -2.013970369582833153e-01 7.302937504243470768e-01 6.527712247679041679e-01 2.345808823836793011e-01 -6.110725307556971186e-01 7.560173092307523879e-01 9.510052804037368857e-01 3.053872958747313460e-01 -4.824475530197615269e-02 -4.602878029910639213e-01 1.382663044299020649e+00 1.468872561086783435e+00
1.583524530014612913e+09 -1.863016422370334380e-01 7.426136661426384622e-01 6.432858161403829378e-01 2.401984417404179617e-01 -6.004538378463425419e-01 7.627318646035828875e-01 9.526785433273649017e-01 2.966144495992594776e-01 -6.650910933245701706e-02 -4.675963305195744990e-01 1.385609175255838155e+00 1.476778493198157127e+00
1.583524530014647007e+09 -1.709403633063182881e-01 7.544173094202107910e-01 6.337459394183903028e-01 2.462756531695162454e-01 -5.900802140268820439e-01 7.688651661705726559e-01 9.540061294769083267e-01 2.875062860197482029e-01 -8.492608946158794470e-02 -4.745426587483519976e-01 1.388898830069555501e+00 1.484873227297856424e+00
1.583524530014661074e+09 -1.553256757049566728e-01 7.657057110870959526e-01 6.241543869627350638e-01 2.527787843210281826e-01 -5.799804100191389145e-01 7.744195311791921554e-01 9.549747750043560135e-01 2.780602241325164647e-01 -1.034683097009562319e-01 -4.811275897885732844e-01 1.392504059285860629e+00 1.493133919175346547e+00
1.583524530014683008e+09 -1.394715228681209784e-01 7.764806514564910334e-01 6.145124022442304268e-01 2.596754009382973294e-01 -5.701796310241334931e-01 7.793996886022618309e-01 9.555712326596846884e-01 2.682778159352808278e-01 -1.221091030262077826e-01 -4.873546798685752246e-01 1.396397243377270447e+00 1.501540136610611142e+00
1.583524530014693975e+09 -1.233935008472057809e-01 7.867448457449041088e-01 6.048194705297786911e-01 2.669343413352067707e-01 -5.606992479456501810e-01 7.838127396576983763e-01 9.557824551615685671e-01 2.581644849569869615e-01 -1.408225740562792927e-01 -4.932297444028524991e-01 1.400551526612863418e+00 1.510073809461234040e+00
1.583524530014703989e+09 -1.071089447497429598e-01 7.965021002059777810e-01 5.950731708046390622e-01 2.745257518810448327e-01 -5.515565666030689540e-01 7.876680553835900822e-01 9.555957752828742047e-01 2.477292038747704872e-01 -1.595836960992992049e-01 -4.987603699988392703e-01 1.404941152439866947e+00 1.518719119775095105e+00
1.583524530014714003e+09 -9.063688892270227448e-02 8.057574051831115636e-01 5.852691335175783660e-01 2.824211697612596383e-01 -5.427647215491374633e-01 7.909770793094791363e-01 9.549990772071281775e-01 2.369840950019128645e-01 -1.783684431206275789e-01 -5.039554535340297070e-01 1.409541704217750491e+00 1.527462348881708287e+00
1.583524530014724016e+09 -7.399794354627585447e-02 8.145169854369314066e-01 5.754010645411427038e-01 2.905935994420437707e-01 -5.343326741413482184e-01 7.937530808688920692e-01 9.539809560694674229e-01 2.259439621473368354e-01 -1.971539035311399568e-01 -5.088247820349135475e-01 1.414330260112402371e+00 1.536291697510344445e+00
1.583524530014736891e+09 -5.721412165942380001e-02 8.227883223821609304e-01 5.654608042328964634e-01 2.990175535785796757e-01 -5.262652899373215787e-01 7.960108964955525668e-01 9.525308641525328524e-01 2.146257706131331766e-01 -2.159183449296657176e-01 -5.133786613837454382e-01 1.419285473736920045e+00 1.545197092820260742e+00
1.583524530014748096e+09 -4.030864138000716385e-02 8.305801572321493964e-01 5.554383999434500119e-01 3.076690461339872118e-01 -5.185634717360831925e-01 7.977666851358284905e-01 9.506392437245528848e-01 2.030480939261558593e-01 -2.346412156791373715e-01 -5.176275980262676768e-01 1.424387592801841462e+00 1.554169993314076237e+00
1.583524530014760971e+09 -2.330571794668290925e-02 8.379024775876636744e-01 5.453221816989185511e-01 3.165255371860545841e-01 -5.112243316933031689e-01 7.990377131740404870e-01 9.482976473911898241e-01 1.912305440878304952e-01 -2.533030817258748457e-01 -5.215820334264804625e-01 1.429618428477062553e+00 1.563203200032823981e+00
1.583524530014774084e+09 -6.230349663341627764e-03 8.447664823741825035e-01 5.350988444106813402e-01 3.255658367617101923e-01 -5.042413983258458021e-01 7.998421708241122419e-01 9.454988465904060613e-01 1.791931994454289412e-01 -2.718855064550896872e-01 -5.252521295784355893e-01 1.434961286757976406e+00 1.572290679575978345e+00
1.583524530014786959e+09 1.089189718389043174e-02 8.511845223668708105e-01 5.247535380997839782e-01 3.347699745241837777e-01 -4.976048520725759317e-01 8.001990223884883902e-01 9.422369293120059774e-01 1.669560431183688409e-01 -2.903708817332710801e-01 -5.286476042863617053e-01 1.440400871288304963e+00 1.581427401989925707e+00
1.583524530014802933e+09 2.803516413178348127e-02 8.571699495789397716e-01 5.142700724331190631e-01 3.441190770650876529e-01 -4.913018949482003128e-01 8.001278078536986360e-01 9.385073737578636388e-01 1.545384282848486779e-01 -3.087422611774818249e-01 -5.317776135817643413e-01 1.445923166380470359e+00 1.590609195036629675e+00
1.583524530014826059e+09 4.517367419426201319e-02 8.627368228577111386e-01 5.036313273959400760e-01 3.535952848966574247e-01 -4.853173475877174403e-01 7.996483268974303726e-01 9.343070768670823645e-01 1.419586097215677356e-01 -3.269832403864537662e-01 -5.346506756676675520e-01 1.451515308632006285e+00 1.599832615449813700e+00
1.583524530014854908e+09 6.228210445129890582e-02 8.678995584542216202e-01 4.928197400566539654e-01 3.631816718785425002e-01 -4.796343300681766286e-01 7.987803094168905993e-01 9.296343436541165683e-01 1.292333784819715836e-01 -3.450778480814633009e-01 -5.372746287635087326e-01 1.457165454397743920e+00 1.609094836987239763e+00
1.583524530014884949e+09 7.933603503510711086e-02 8.726724389645478253e-01 4.818180238492527634e-01 3.728622367340207466e-01 -4.742351845165410085e-01 7.975429407027879725e-01 9.244888026290499772e-01 1.163778514046125562e-01 -3.630105367170070041e-01 -5.396566166619889415e-01 1.462862648268921317e+00 1.618393554128850997e+00
1.583524530014914036e+09 9.631248382016602272e-02 8.770689587979825230e-01 4.706101861018694432e-01 3.826220108484700844e-01 -4.691027030335387371e-01 7.959541763829662830e-01 9.188712110507079034e-01 1.034054920174278663e-01 -3.807663351380439765e-01 -5.418030979508079437e-01 1.468596696080090247e+00 1.627726899649739600e+00
1.583524530014941931e+09 1.131904506448241365e-01 8.811010838571885495e-01 4.591827546826344197e-01 3.924472837331223207e-01 -4.642215594290148295e-01 7.940298944828042549e-01 9.127831350302515467e-01 9.032842325098022762e-02 -3.983311745381665214e-01 -5.437198741297289972e-01 1.474358045340063095e+00 1.637093374366682674e+00
1.583524530015064001e+09 1.299513415434953856e-01 8.847785809935836410e-01 4.475259900111382971e-01 4.023259023984806504e-01 -4.595797005521397027e-01 7.917830303689511462e-01 9.062265264887138239e-01 7.715803079166573542e-02 -4.156923396265208570e-01 -5.454121298100622628e-01 1.480137675299603384e+00 1.646491787694687847e+00
1.583524530015099049e+09 1.465791826297209166e-01 8.881085437985436482e-01 4.356348906378553210e-01 4.122475989194778756e-01 -4.551694883455068563e-01 7.892228165385237748e-01 8.992032365518703996e-01 6.390580233236337060e-02 -4.328389862922651932e-01 -5.468844794274662080e-01 1.485926997524894988e+00 1.655921207593014532e+00
1.583524530015115976e+09 1.630606256523384479e-01 8.910951303640695098e-01 4.235099777959579481e-01 4.222043466172410997e-01 -4.509885713828368781e-01 7.863541175959860574e-01 8.917144847310097822e-01 5.058435908485068438e-02 -4.497627158719388341e-01 -5.481410165601164897e-01 1.491717766839032455e+00 1.665380918478131189e+00
1.583524530015129089e+09 1.793847768106183738e-01 8.937394761947268229e-01 4.111579390321955518e-01 4.321907681498274867e-01 -4.470405614961218133e-01 7.831767848856855396e-01 8.837602853678252490e-01 3.720867276518423361e-02 -4.664582220620095976e-01 -5.491853659958748635e-01 1.497502001992090825e+00 1.674870385417722707e+00
1.583524530015141010e+09 1.955428098889587518e-01 8.960398270343549187e-01 3.985920698639104365e-01 4.422045471134031791e-01 -4.433354392719020542e-01 7.796850818621610113e-01 8.753388762249214583e-01 2.379741402608302053e-02 -4.829239433974878426e-01 -5.500207379362557214e-01 1.503271915624771138e+00 1.684389223332206642e+00
1.583524530015152931e+09 2.115273281548014361e-01 8.979919382178153109e-01 3.858324359471672071e-01 4.522467657258490425e-01 -4.398895909020416051e-01 7.758672636392958122e-01 8.664462202300244886e-01 1.037434201439055119e-02 -4.991626195224254658e-01 -5.506499832804454542e-01 1.509019853087656404e+00 1.693937170235665812e+00
1.583524530015162945e+09 2.273314513231124712e-01 8.995897931415320903e-01 3.729056390084838912e-01 4.623220490659677995e-01 -4.367253380388534389e-01 7.717054503778493224e-01 8.570756876742959829e-01 -3.030420867340352133e-03 -5.151816013782100079e-01 -5.510756501961570075e-01 1.514738239780047735e+00 1.703514063581994309e+00
1.583524530015172958e+09 2.429477406695213504e-01 9.008264911996838320e-01 3.598444502085088037e-01 4.724385740389799859e-01 -4.338702055796813117e-01 7.671756243200414938e-01 8.472179113298017317e-01 -1.637918566578758922e-02 -5.309929691158928877e-01 -5.513000425994274423e-01 1.520419536944523919e+00 1.713119818910657566e+00
1.583524530015187025e+09 2.583669831708595988e-01 9.016953076743186024e-01 3.466872862028948510e-01 4.826078712356463019e-01 -4.313558771445278328e-01 7.622478271237367320e-01 8.368608873891872912e-01 -2.962565831573318181e-02 -5.466133695576420592e-01 -5.513252815835014697e-01 1.526056206237796697e+00 1.722754410086721588e+00
1.583524530015206099e+09 2.735768892121441254e-01 9.021909160243068992e-01 3.334774910269831527e-01 4.928443451802045905e-01 -4.292167848926841112e-01 7.568866514022214442e-01 8.259903978405929159e-01 -4.271419985059275032e-02 -5.620634840103747587e-01 -5.511533708028582002e-01 1.531640683792487412e+00 1.732417850570556750e+00
1.583524530015223980e+09 2.885608036730109571e-01 9.023107446123149744e-01 3.202623659285917523e-01 5.031644416261666919e-01 -4.274882821606695305e-01 7.510521375902826646e-01 8.145908221169897434e-01 -5.557957386761025464e-02 -5.773670442128470137e-01 -5.507862659400883931e-01 1.537165364635340259e+00 1.742110175393133620e+00
1.583524530015238047e+09 3.032965901330287872e-01 9.020563658041556021e-01 3.070919921054606205e-01 5.135854818226932572e-01 -4.262044784696302768e-01 7.447010779325941021e-01 8.026463302624853302e-01 -6.814730884580857961e-02 -5.925494182469991378e-01 -5.502259472140822449e-01 1.542622598149698598e+00 1.751831423777937324e+00
1.583524530015250921e+09 3.177558649123745638e-01 9.014348156159507353e-01 2.940178290489355861e-01 5.241241945772631139e-01 -4.253957993531408688e-01 7.377887520368027197e-01 7.901424170238134925e-01 -8.033484515358416123e-02 -6.076358068164956494e-01 -5.494744931846000657e-01 1.548004694945334769e+00 1.761581622534370783e+00
1.583524530015260935e+09 3.319037501326659867e-01 9.004596570585816639e-01 2.810912786751623704e-01 5.347951529256032011e-01 -4.250865550809248550e-01 7.302708847936482117e-01 7.770675937531305033e-01 -9.205339187904540421e-02 -6.226492817259975388e-01 -5.485341529333070953e-01 1.553303944747518983e+00 1.771360770585903355e+00
1.583524530015274048e+09 3.456992417979127818e-01 8.991516708710413086e-01 2.683622687331179701e-01 5.456092734023865187e-01 -4.252926942466012106e-01 7.221057021505729034e-01 7.634150608955238004e-01 -1.032104512471494762e-01 -6.376088517287550328e-01 -5.474074132840781592e-01 1.558512644126025748e+00 1.781168825103343512e+00
1.583524530015285015e+09 3.590961901720897131e-01 8.975390618818965827e-01 2.558780156431550989e-01 5.565726066723423182e-01 -4.260200004246644245e-01 7.132558396681433210e-01 7.491841295092369624e-01 -1.137127604534174385e-01 -6.525278143138178999e-01 -5.460970576037110780e-01 1.563623132036520591e+00 1.791005689755223562e+00
1.583524530015295029e+09 3.720447795472444086e-01 8.956571517827763840e-01 2.436820649153939866e-01 5.676855777608191822e-01 -4.272628957658740623e-01 7.036899194849318695e-01 7.343812136859101392e-01 -1.234693671196497727e-01 -6.674125775110179015e-01 -5.446062125262898235e-01 1.568627830091664510e+00 1.800871205616324744e+00
1.583524530015305042e+09 3.844933304362508908e-01 8.935476052661776025e-01 2.318136239795725306e-01 5.789427270214019261e-01 -4.290039009211322751e-01 6.933837118825757484e-01 7.190203042180733917e-01 -1.323946009907440158e-01 -6.822620259125290465e-01 -5.429383806989175332e-01 1.573519284441008637e+00 1.810765144984412878e+00
1.583524530015314102e+09 3.963902049887246815e-01 8.912572794921626018e-01 2.203072114812618387e-01 5.903329496973175328e-01 -4.312137537768543361e-01 6.823208241992353429e-01 7.031229011256447947e-01 -1.404106853448553183e-01 -6.970674469556460418e-01 -5.410974583807913740e-01 1.578290205861975881e+00 1.820687208211932973e+00
1.583524530015326977e+09 4.076855238708683160e-01 8.888368263655553880e-01 2.091927580294458688e-01 6.018402416687150813e-01 -4.338521798024684850e-01 6.704928110497339055e-01 6.867174363074978194e-01 -1.474495928420593849e-01 -7.118130235487308832e-01 -5.390877382343262081e-01 1.582933505091920434e+00 1.830637023389773299e+00
1.583524530015343904e+09 4.183325631620151142e-01 8.863392211942857646e-01 1.984959744186985675e-01 6.134447293002858181e-01 -4.368690705267012087e-01 6.578989127452790076e-01 6.698383617591138206e-01 -1.534542291408194092e-01 -7.264766816122050219e-01 -5.369138995673318204e-01 1.587442321678542712e+00 1.840614148392442972e+00
1.583524530015361071e+09 4.282887726263474582e-01 8.838183395988657987e-01 1.882388645321247389e-01 6.251238107564202062e-01 -4.402058877156934669e-01 6.445455745922040736e-01 6.525250559612925105e-01 -1.583790366798504545e-01 -7.410311277771616245e-01 -5.345809892995849744e-01 1.591810045852714017e+00 1.850618074626851906e+00
1.583524530015378952e+09 4.375163675495566395e-01 8.813276724009507790e-01 1.784403605577680740e-01 6.368533152749858983e-01 -4.437971710173123641e-01 6.304458151981616743e-01 6.348206700609716480e-01 -1.621900277668337775e-01 -7.554449761616989223e-01 -5.320943970010787449e-01 1.596030333780274590e+00 1.860648231825700494e+00
1.583524530015396118e+09 4.459825640671224445e-01 8.789192274682463557e-01 1.691169548689860080e-01 6.486085536094647885e-01 -4.475720107333035491e-01 6.156185827875652050e-01 6.167710247063132867e-01 -1.648644505150117789e-01 -7.696838417757804196e-01 -5.294598264677434774e-01 1.600097116585101231e+00 1.870703993388552977e+00
1.583524530015407085e+09 4.536595233063345778e-01 8.766426334509490603e-01 1.602832817828384881e-01 6.603652095587289050e-01 -4.514554167579889477e-01 6.000881574943062180e-01 5.984236184340641085e-01 -1.663902044717398832e-01 -7.837113454632078646e-01 -5.266832656785933597e-01 1.604004603547901198e+00 1.880784681892167853e+00
1.583524530015419960e+09 4.605240406364661809e-01 8.745444513380039586e-01 1.519526601254306275e-01 6.721000726626197297e-01 -4.553695450263663957e-01 5.838836098658415352e-01 5.798267849123059925e-01 -1.667650453296135593e-01 -7.974900121042818313e-01 -5.237709571458851743e-01 1.607747280631072639e+00 1.890889574377993210e+00
1.583524530015434980e+09 4.665570544657274277e-01 8.726676787607374752e-01 1.441375650690449040e-01 6.837916012881912753e-01 -4.592347491652755131e-01 5.670383507730519801e-01 5.610290198484206847e-01 -1.659956862458585591e-01 -8.109820412853198102e-01 -5.207293698725306008e-01 1.611319905221962445e+00 1.901017907176692834e+00
