1.583524531746484995e+09 -8.819658904400551336e-02 7.955331069273194888e-01 5.994567856085922797e-01 2.640980322186991525e-01 -5.615896108587824509e-01 7.841360458901180941e-01 9.604548877036270804e-01 2.274734820825101977e-01 -1.605684399914786009e-01 -5.741137308508370563e-01 1.447059159971383790e+00 1.566297086106255954e+00
1.583524531746552944e+09 -7.020511824708604298e-02 8.045960115507027055e-01 5.896579516278193100e-01 2.702225245036739554e-01 -5.536750699485988303e-01 7.876697939358390244e-01 9.602348821392427958e-01 2.146373113157285795e-01 -1.785491416968489065e-01 -5.829682948456166303e-01 1.457506170586970740e+00 1.579288823393338204e+00
1.583524531746587038e+09 -5.192400306250714859e-02 8.130873588303834110e-01 5.798213907468021677e-01 2.764362045452188332e-01 -5.462150112511980904e-01 7.907162489866718103e-01 9.596285338491528094e-01 2.013407775178539527e-01 -1.964051135270173665e-01 -5.913643076934652631e-01 1.468287785932168577e+00 1.592311584656541434e+00
1.583524531746601105e+09 -3.342119970621651448e-02 8.210397330368425228e-01 5.698919025041389030e-01 2.827209668961120914e-01 -5.391539703265592065e-01 7.933359006562841209e-01 9.586197778807963310e-01 1.876346272856467268e-01 -2.141059746740663627e-01 -5.993200198083998842e-01 1.479374990670309975e+00 1.605354172896872544e+00
1.583524531746612072e+09 -1.477210450948324150e-02 8.284932276222746195e-01 5.598042131602922744e-01 2.890712879563694382e-01 -5.324193637628631404e-01 7.955924909663641964e-01 9.571935936200821615e-01 1.735759003406336376e-01 -2.316286498913556480e-01 -6.068549246447622059e-01 1.490739392468662716e+00 1.618408067069638356e+00
1.583524531746633053e+09 3.941213846489714963e-03 8.354949728224465577e-01 5.494839557145259068e-01 2.954929208369296290e-01 -5.259234309581157785e-01 7.975515523261939022e-01 9.553367996851298560e-01 1.592252978235027261e-01 -2.489556265755538123e-01 -6.139894079095767898e-01 1.502353616699778627e+00 1.631467068419344191e+00
1.583524531746644974e+09 2.262995334841923570e-02 8.420985643302160151e-01 5.388486740615567872e-01 3.020012384671674210e-01 -5.195649545116938217e-01 7.992793692583900489e-01 9.530388960819633493e-01 1.446453120944712623e-01 -2.660725400243533212e-01 -6.207444182198724736e-01 1.514191609249537551e+00 1.644526943620430615e+00
1.583524531746654034e+09 4.119787813842846341e-02 8.483632483522252077e-01 5.278091833841216385e-01 3.086194403583022439e-01 -5.132309442265686750e-01 8.008420812101922914e-01 9.502929948946257088e-01 1.298991803450114113e-01 -2.829654168271979464e-01 -6.271411581190912132e-01 1.526228858416619483e+00 1.657585079907141878e+00
1.583524531746666908e+09 5.954010175824635265e-02 8.543528036614262966e-01 5.162715017811055906e-01 3.153767903016905794e-01 -5.067983952394278235e-01 8.023047219349593862e-01 9.470968570876395765e-01 1.150507443966490295e-01 -2.996178730306905402e-01 -6.332007967887357536e-01 1.538442545382490589e+00 1.670640163284640156e+00
1.583524531746684074e+09 7.754137761779077154e-02 8.601341786990601701e-01 5.041393952027583003e-01 3.223070461592776881e-01 -5.001360810320205630e-01 8.037300968392697698e-01 9.434540280509400301e-01 1.001653404076452564e-01 -3.160085471603780727e-01 -6.389442039852926136e-01 1.550811633515718713e+00 1.683691887485229355e+00
1.583524531746696949e+09 9.483274063769046858e-02 8.657006467904384550e-01 4.914968380919004232e-01 3.293479736879785791e-01 -4.932028502750263055e-01 8.051589040850638535e-01 9.394342253837065781e-01 8.551806220657219570e-02 -3.318885318251963978e-01 -6.443917008381744305e-01 1.563316907801298505e+00 1.696740698356851818e+00
1.583524531746707916e+09 1.120781955436925548e-01 8.708467050568503565e-01 4.786068269256839591e-01 3.364564528559204071e-01 -4.864497630715833854e-01 8.063272806115769908e-01 9.350056329808940081e-01 7.065864870271422460e-02 -3.475224050337485382e-01 -6.494930554762217145e-01 1.575968807452365450e+00 1.709788080782435715e+00
1.583524531746720076e+09 1.292645257199620812e-01 8.755714164132941679e-01 4.654732833954980942e-01 3.436312046876513482e-01 -4.798780197213527443e-01 8.072389246514782846e-01 9.301657260108232572e-01 5.560378841772262853e-02 -3.629048652350804760e-01 -6.542501216084163351e-01 1.588752191813905590e+00 1.722837371114191551e+00
1.583524531746736050e+09 1.463837468388309027e-01 8.798706515012746365e-01 4.521055581307557580e-01 3.508694478118176141e-01 -4.734956202702073069e-01 8.078938843043748097e-01 9.249121199026513196e-01 4.036749373484366243e-02 -3.780317926440681098e-01 -6.586641471505395584e-01 1.601652660697242103e+00 1.735891981533012052e+00
1.583524531746754885e+09 1.634334244092453814e-01 8.837366336265837230e-01 4.385191883792492473e-01 3.581672052796021077e-01 -4.673183785636329524e-01 8.082881826663711466e-01 9.192419535337068570e-01 2.496188659523284822e-02 -3.929009231652145773e-01 -6.627358223092923994e-01 1.614656403467940260e+00 1.748955392551540644e+00
1.583524531746769905e+09 1.804166591707276057e-01 8.871576975530643949e-01 4.247364467179546299e-01 3.655197339371099030e-01 -4.613706668711490266e-01 8.084135278263619995e-01 9.131512215859249881e-01 9.398285114698669979e-03 -4.075125999229627372e-01 -6.664653342013663329e-01 1.627750063073602149e+00 1.762031148409699322e+00
1.583524531746779919e+09 1.973415884091806738e-01 8.901183744769992634e-01 4.107865349632833230e-01 3.729220339756780800e-01 -4.556856875677752772e-01 8.082572058698738182e-01 9.066341347790177752e-01 -6.311410664202264306e-03 -4.218704920847943796e-01 -6.698524281985744899e-01 1.640920613934432559e+00 1.775122854041929488e+00
1.583524531746789932e+09 2.142205867106407313e-01 8.925996764821234608e-01 3.967056316438324348e-01 3.803693290399805527e-01 -4.503055129091410036e-01 8.078020293912109295e-01 8.996825629305134076e-01 -2.215316970928591159e-02 -4.359822512139125972e-01 -6.728964769987397787e-01 1.654155252877900883e+00 1.788234172473852412e+00
1.583524531746809006e+09 2.310691115005198415e-01 8.945796276332074193e-01 3.825367380246856852e-01 3.878574659870887009e-01 -4.452807916841364788e-01 8.070263953269877222e-01 8.922856336812365896e-01 -3.810914222903014764e-02 -4.498600243937868615e-01 -6.755965593005653913e-01 1.667441302713904117e+00 1.801368821589992342e+00
1.583524531746828079e+09 2.479041584756474237e-01 8.960340925776365539e-01 3.683292461285516128e-01 3.953831793236320946e-01 -4.406699949574805486e-01 8.059045211260197350e-01 8.844295732296759693e-01 -5.415589370861523255e-02 -4.635207325636376274e-01 -6.779515501230447549e-01 1.680766128736338239e+00 1.814530569262088333e+00
1.583524531746845007e+09 2.647423250023862584e-01 8.969379537571586791e-01 3.541381211714248467e-01 4.029441668569899160e-01 -4.365380441281456747e-01 8.044069458575976439e-01 8.760978826777326978e-01 -7.026267486475760993e-02 -4.769860132450217116e-01 -6.799602234846516824e-01 1.694117069250899332e+00 1.827723225961540798e+00
1.583524531746859074e+09 2.815976247865804027e-01 8.972665967711439539e-01 3.400226940041804480e-01 4.105389354110666189e-01 -4.329543148290643795e-01 8.025013046105856640e-01 8.672719069067195141e-01 -8.638990641117672009e-02 -4.902817801056730818e-01 -6.816213661806654889e-01 1.707481381706309698e+00 1.840950634234699512e+00
1.583524531746870995e+09 2.984792117343254558e-01 8.969976673866615346e-01 3.260450049761818292e-01 4.181664094262804721e-01 -4.299899725859053223e-01 8.001534088050573645e-01 8.579318239072912800e-01 -1.024880896398819297e-01 -5.034373618952144858e-01 -6.829339000821490480e-01 1.720846205971708898e+00 1.854216654708084944e+00
1.583524531746881962e+09 3.153893591820908782e-01 8.961128945244056787e-01 3.122678862553369683e-01 4.258253464179502235e-01 -4.277149298670087640e-01 7.973284851528515960e-01 8.480579736934636959e-01 -1.184973391042628693e-01 -5.164843213719878534e-01 -6.838970080686442854e-01 1.734198545892572829e+00 1.867525148752587461e+00
1.583524531746891975e+09 3.323219256403086019e-01 8.945998358229280134e-01 2.987528608881961922e-01 4.335136456732711085e-01 -4.261945997370355510e-01 7.939924951089313288e-01 8.376324116434091804e-01 -1.343476729924149571e-01 -5.294550463154608089e-01 -6.845102575855258609e-01 1.747525269320004071e+00 1.880879958365907045e+00
1.583524531746952057e+09 3.492615478152312214e-01 8.924533318573113494e-01 2.855580887999276118e-01 4.412276715024164853e-01 -4.254868084028063935e-01 7.901133576234475875e-01 8.266404982817541214e-01 -1.499600835846617297e-01 -5.423812868035842172e-01 -6.847737151373852749e-01 1.760813125594648421e+00 1.894284884245326150e+00
1.583524531746968985e+09 3.661836507254799811e-01 8.896765187861902513e-01 2.727365510275805427e-01 4.489617115606752695e-01 -4.256391607549255829e-01 7.856619416158583391e-01 8.150723377557451688e-01 -1.652482892125978486e-01 -5.552927943712502312e-01 -6.846880441107717763e-01 1.774048777970676394e+00 1.907743663489628982e+00
1.583524531746982098e+09 3.830552121925693276e-01 8.862813390702929395e-01 2.603345786338202572e-01 4.567076558264028252e-01 -4.266870222973377369e-01 7.806127735515426824e-01 8.029239203074838294e-01 -1.801209964233968230e-01 -5.682161606188630421e-01 -6.842545811060118943e-01 1.787218847334105520e+00 1.921259948292691311e+00
1.583524531746992111e+09 3.998361394433327942e-01 8.822885324639633264e-01 2.483908361478188720e-01 4.644549426394150027e-01 -4.286522492195047884e-01 7.749444209852254239e-01 7.901978664440407751e-01 -1.944844339621414897e-01 -5.811739302107840066e-01 -6.834753869765285428e-01 1.800309962686767351e+00 1.934837287038712716e+00
1.583524531747001886e+09 4.164810718473856976e-01 8.777270971017402390e-01 2.369359833600207799e-01 4.721907954167911536e-01 -4.315428719551859249e-01 7.686394489665340224e-01 7.769037069006350382e-01 -2.082447910702718008e-01 -5.941840939802149890e-01 -6.823532714307182223e-01 1.813308813591135049e+00 1.948479108909747293e+00
1.583524531747010946e+09 4.329412985386651425e-01 8.726334117655059064e-01 2.259928341667555574e-01 4.799006819855349271e-01 -4.353534625733332386e-01 7.616841196811685588e-01 7.630577748300128027e-01 -2.213103965554160113e-01 -6.072598628189515013e-01 -6.808917938366919609e-01 1.826202200501879425e+00 1.962188712452739070e+00
1.583524531747020960e+09 4.491665793188012734e-01 8.670501697990136147e-01 2.155768713919090362e-01 4.875689186033514422e-01 -4.400659714760420393e-01 7.540679614464831371e-01 7.486827992639547569e-01 -2.335935446999529708e-01 -6.204096407243665512e-01 -6.790952451930550859e-01 1.838977080168154421e+00 1.975969257963643200e+00
1.583524531747030020e+09 4.651067361176750570e-01 8.610252245091010170e-01 2.056970762592180424e-01 4.951793580202226153e-01 -4.456509263950818589e-01 7.457832495525322791e-01 7.338072823889280061e-01 -2.450118668242989017e-01 -6.336371657117233491e-01 -6.769686168326308762e-01 1.851620604555649585e+00 1.989823763186680416e+00
1.583524531747040033e+09 4.807129321146367817e-01 8.546104653709943877e-01 1.963568938965374044e-01 5.027160862650317252e-01 -4.520687646490342271e-01 7.368245169362338531e-01 7.184647616871668863e-01 -2.554893047207376644e-01 -6.469417297794711752e-01 -6.745175600345837408e-01 1.864120152338743619e+00 2.003755101883569978e+00
1.583524531747050047e+09 4.959386251046157268e-01 8.478607844537785487e-01 1.875552471122625131e-01 5.101640829738670613e-01 -4.592711824131291976e-01 7.271881390448613480e-01 7.026930260437902476e-01 -2.649567351604127374e-01 -6.603184383200986218e-01 -6.717483397311275750e-01 1.876463352419313724e+00 2.017766004880142017e+00
1.583524531747061968e+09 5.107402050600340360e-01 8.408331621033378056e-01 1.792875814079484820e-01 5.175098269131352957e-01 -4.672024572907216844e-01 7.168719851333970050e-01 6.865333365985343272e-01 -2.733522594057614663e-01 -6.737585029961304928e-01 -6.686677861877343698e-01 1.888638099974798257e+00 2.031859062884874501e+00
1.583524531747078896e+09 5.250773459327691128e-01 8.335858988094887456e-01 1.715468755143943203e-01 5.247418290940997210e-01 -4.758006649554799572e-01 7.058751590374540141e-01 6.700296962556837599e-01 -2.806212337725214612e-01 -6.872495395665549900e-01 -6.652832471113035995e-01 1.900632565640216098e+00 2.046036730561199057e+00
