1.583524529800349951e+09 -3.783736686335061328e-01 5.913158742274912671e-02 9.237623192590815879e-01 2.793980277534955925e-01 -9.441160401943483604e-01 1.748760839859651028e-01 8.824795233783812032e-01 3.242658755694466932e-01 3.407074008328960235e-01 -9.977421799396481161e-02 1.511696229962771199e+00 1.488368280376636266e+00
1.583524529800388098e+09 -3.967215191559108067e-01 6.176465918095745689e-02 9.158587027182014673e-01 2.858796576803621092e-01 -9.397999565324669513e-01 1.872134157625656714e-01 8.722871418135486055e-01 3.360969631253930556e-01 3.551816068274304405e-01 -1.072381485720948213e-01 1.508380322196201551e+00 1.481974631485117655e+00
1.583524529800404072e+09 -4.140783086012235770e-01 6.633302918428467254e-02 9.078210637656217719e-01 2.920765868374942675e-01 -9.349195203271709609e-01 2.015359966580828610e-01 8.621081266168205692e-01 3.486049623823652133e-01 3.677555688894750263e-01 -1.146973393741145125e-01 1.504923145604124324e+00 1.475650657043657166e+00
1.583524529800415993e+09 -4.302576157875096508e-01 7.289383966100868029e-02 8.997582299874660183e-01 2.978200510787389343e-01 -9.294638620535942142e-01 2.177157466292093113e-01 8.521628960745070147e-01 3.616399000759301097e-01 3.781996581901896914e-01 -1.221587626236543406e-01 1.501313041366661771e+00 1.469415389554907136e+00
1.583524529800426006e+09 -4.450762343726508696e-01 8.146655224556111075e-02 8.917793150208477293e-01 3.029541881570226858e-01 -9.234341792506861601e-01 2.355590721909374130e-01 8.426896852884429023e-01 3.750100232166074243e-01 3.863179739889957554e-01 -1.296308094945131661e-01 1.497539385715593419e+00 1.463290661903864809e+00
1.583524529800436020e+09 -4.583627153871168702e-01 9.202714143441199923e-02 8.839879109035234661e-01 3.073450897049577191e-01 -9.168478710511799301e-01 2.548116504589330034e-01 8.339320219281713964e-01 3.884855037846457471e-01 3.919647897285635230e-01 -1.371232851436558764e-01 1.493593105243532060e+00 1.457301177005722481e+00
1.583524529800446033e+09 -4.699667469267984066e-01 1.045045021545611547e-01 8.764759358124997179e-01 3.108883342728556709e-01 -9.097418757014716917e-01 2.751693355752080627e-01 8.261232962574480698e-01 4.018065811991372582e-01 3.950591992655957396e-01 -1.446473413762026650e-01 1.489467228278338551e+00 1.451474516952133698e+00
1.583524529800456047e+09 -4.797684855487335254e-01 1.187802167907471979e-01 8.693178133598175039e-01 3.135138000334164454e-01 -9.021742561431016494e-01 2.962949692143471703e-01 8.194701322737960592e-01 4.146961197449571257e-01 3.955955394359851884e-01 -1.522153387170659677e-01 1.485157461436316328e+00 1.445841083156247153e+00
1.583524529800465107e+09 -4.876867842569993505e-01 1.346923584642043259e-01 8.625656898403227801e-01 3.151869445210686571e-01 -8.942232229680896483e-01 3.178396097999354186e-01 8.141368378182389787e-01 4.268756214245122971e-01 3.936475751047687766e-01 -1.598406308196712589e-01 1.480662778033467575e+00 1.440433958989688845e+00
1.583524529800474882e+09 -4.936852792657031030e-01 1.520433616963496604e-01 8.562462621608759594e-01 3.159064344824183412e-01 -8.859831711981281943e-01 3.394656758298731369e-01 8.102332811719474837e-01 4.380829106696477182e-01 3.893653730218280540e-01 -1.675372659053375735e-01 1.475986002289648047e+00 1.435288686670268987e+00
1.583524529800486088e+09 -4.977756280104210784e-01 1.706123582743692968e-01 8.503592462171167821e-01 3.156987425638145828e-01 -8.775574217031444357e-01 3.608701644881087689e-01 8.078079773883246606e-01 4.480897174949097228e-01 3.829645897351265371e-01 -1.753196025340623132e-01 1.471134370130885882e+00 1.430442951207183011e+00
1.583524529800496101e+09 -4.998706100481996040e-01 1.902417493282092253e-01 8.449481938477869658e-01 3.145560637102842172e-01 -8.690847287586890291e-01 3.817672289260123364e-01 8.069596372948246721e-01 4.566177954940127681e-01 3.745882177312451211e-01 -1.831498642575394020e-01 1.466204082290116339e+00 1.425756426553062672e+00
1.583524529800504923e+09 -5.000418021011104885e-01 2.106799969182669430e-01 8.399834137136558132e-01 3.125363486631476673e-01 -8.606842918300152689e-01 4.019248444942056797e-01 8.076380545428726299e-01 4.635045725884449075e-01 3.645329673591739539e-01 -1.910377814758127957e-01 1.461197276201877004e+00 1.421251217907863351e+00
1.583524529800514936e+09 -4.984072172298250614e-01 2.316840162174703399e-01 8.354117324449177318e-01 3.097037783144169776e-01 -8.524608636152600782e-01 4.211817253424208207e-01 8.097368805613383014e-01 4.686501816413128907e-01 3.531192316402989029e-01 -1.989939331626139341e-01 1.456117955074693437e+00 1.416951869421464449e+00
1.583524529800523996e+09 -4.951224990438753970e-01 2.530330512355370987e-01 8.311606259845539801e-01 3.061236197683689930e-01 -8.444949506951945351e-01 4.394503472868704907e-01 8.131064140633156301e-01 4.720196535690133199e-01 3.406690568595308055e-01 -2.070294889658594872e-01 1.450972506146142704e+00 1.412885120297156183e+00
1.583524529800534010e+09 -4.903699472163478568e-01 2.745388239006371078e-01 8.271431250408511904e-01 3.018600550539491945e-01 -8.368355923207839719e-01 4.567129280502889577e-01 8.175682370668391208e-01 4.736397636630891861e-01 3.274867207452409890e-01 -2.151558509790883200e-01 1.445770169392879723e+00 1.409079573960758447e+00
1.583524529800543070e+09 -4.843466955140613428e-01 2.960512634374420915e-01 8.232629763482366414e-01 2.969769563764471099e-01 -8.294964301704799148e-01 4.730120080675868643e-01 8.229295025438152500e-01 4.735919360395144939e-01 3.138434517545505842e-01 -2.233842029484019720e-01 1.440523432038282259e+00 1.405565285813335619e+00
1.583524529800554037e+09 -4.772531932585464265e-01 3.174598429330484084e-01 8.194196958296148248e-01 2.915409653833479497e-01 -8.224552303465776371e-01 4.884375698482072425e-01 8.289953288524731789e-01 4.720027990745203073e-01 2.999668359243660154e-01 -2.317249815108689270e-01 1.435248325571558903e+00 1.402373277837480892e+00
1.583524529800564051e+09 -4.692827780442271890e-01 3.386910738335806581e-01 8.155133542748409514e-01 2.856258035822428765e-01 -8.156566609881783503e-01 5.031124245871223533e-01 8.355785868431554464e-01 4.690336534069143304e-01 2.860347136779650690e-01 -2.401872902336470161e-01 1.429964604858521726e+00 1.399534990204543528e+00
1.583524529800573111e+09 -4.606129190011459817e-01 3.597029972568715483e-01 8.114490081808717337e-01 2.793166386049988348e-01 -8.090178433783679068e-01 5.171772854197468350e-01 8.425069462501445505e-01 4.648697484246380185e-01 2.721730382821699878e-01 -2.487782823937917942e-01 1.424695792851224274e+00 1.397081681435727640e+00
1.583524529800582886e+09 -4.513985201172969752e-01 3.804776734283442097e-01 8.071407041665795701e-01 2.727134285582439865e-01 -8.024360114829016677e-01 5.307766323226176253e-01 8.496274254945014315e-01 4.597098950880241786e-01 2.584570572718437598e-01 -2.575025414093039533e-01 1.419469078753884839e+00 1.395043786798466412e+00
1.583524529800591946e+09 -4.417674951645588766e-01 4.010127300781125004e-01 8.025149660880995794e-01 2.659323926050163323e-01 -7.957975176066173217e-01 5.440462053859360658e-01 8.568088719266981901e-01 4.537566544235153709e-01 2.449152012471976780e-01 -2.663614907197823234e-01 1.414315061486188796e+00 1.393450245680487365e+00
1.583524529800601006e+09 -4.318186656139929580e-01 4.213130035138459295e-01 7.975136320850859661e-01 2.591050641291701706e-01 -7.889873774387834438e-01 5.571027589639172550e-01 8.639428256564630759e-01 4.472071907549081682e-01 2.315351437292132719e-01 -2.753528668519763523e-01 1.409267334753542045e+00 1.392327810713056113e+00
1.583524529800611019e+09 -4.216218853163659075e-01 4.413832024924665975e-01 7.920958620292247732e-01 2.523747372510671827e-01 -7.818985374946797462e-01 5.700365506890368028e-01 8.709431543180257140e-01 4.402448702426851601e-01 2.182715657602860848e-01 -2.844702902618144180e-01 1.404361915345328171e+00 1.391700354764504155e+00
1.583524529800621033e+09 -4.112201749102429305e-01 4.612223515380575734e-01 7.862390924219850863e-01 2.458905675997412887e-01 -7.744400220144298519e-01 5.829069232116612653e-01 8.777447218561652553e-01 4.330318636096091578e-01 2.050551355131344788e-01 -2.937029680608606030e-01 1.399636523137458344e+00 1.391588197238446289e+00
1.583524529800631046e+09 -4.006335036901763069e-01 4.808205027381748931e-01 7.799387412685662158e-01 2.398000731933441765e-01 -7.665431503808434188e-01 5.957411548323630068e-01 8.843012613650721443e-01 4.257032333815417569e-01 1.918020763300571363e-01 -3.030355603938104103e-01 1.395129731337054313e+00 1.392007480176544520e+00
1.583524529800641060e+09 -3.898636859799753940e-01 5.001578362068548333e-01 7.732065994926824448e-01 2.342410680686825841e-01 -7.581652497970414739e-01 6.085364213344601758e-01 8.905826343573907122e-01 4.183629919642516959e-01 1.784235931250341411e-01 -3.124482350617910353e-01 1.390880016523598606e+00 1.392969628690995165e+00
1.583524529800651073e+09 -3.788997711362263598e-01 5.192058772729097882e-01 7.660680261584063011e-01 2.293341938914061628e-01 -7.492906118054476483e-01 6.212643613090291783e-01 8.965716876972019689e-01 4.110825175476383042e-01 1.648343800132860137e-01 -3.219169241263987735e-01 1.386924749109102573e+00 1.394480931850430094e+00
1.583524529800659895e+09 -3.677233076613919405e-01 5.379302271310678618e-01 7.585582640808393728e-01 2.251771250050980111e-01 -7.399288284548958261e-01 6.338774260502758606e-01 9.022609553850842179e-01 4.039014728019258427e-01 1.509594942489809188e-01 -3.314137820598698214e-01 1.383299175129925951e+00 1.396542279194367353e+00
1.583524529800669909e+09 -3.563129549198171264e-01 5.562940154999460596e-01 7.507183538047459415e-01 2.218412016134621856e-01 -7.301110221712476811e-01 6.463160036940678310e-01 9.076494695964194559e-01 3.968310267584796991e-01 1.367390828952251558e-01 -3.409078282110478142e-01 1.380035446037694236e+00 1.399149079963215359e+00
1.583524529800683975e+09 -3.446480874480130630e-01 5.742612904546470221e-01 7.425911838743063376e-01 2.193707410568535576e-01 -7.198847630969535949e-01 6.585153042180030836e-01 9.127399268260805165e-01 3.898588184524264255e-01 1.221307819522877286e-01 -3.503657401220680034e-01 1.377161751512821608e+00 1.402291377246269954e+00
1.583524529800695896e+09 -3.327112213114814532e-01 5.917997174199560728e-01 7.342181814277934926e-01 2.177848893328017121e-01 -7.093085401197466444e-01 6.704111700679011854e-01 9.175363673597932701e-01 3.829549445528768192e-01 1.071098747201943702e-01 -3.597527520819956970e-01 1.374701601693226971e+00 1.405954152079754049e+00
1.583524529800705910e+09 -3.204893134684758116e-01 6.088822713389200336e-01 7.256369476988588918e-01 2.170812778905643337e-01 -6.984466136013517401e-01 6.819443135612488494e-01 9.220424713526805816e-01 3.760780607590793467e-01 9.166773415662415880e-02 -3.690336068042850970e-01 1.372673292906231080e+00 1.410117798226765418e+00
1.583524529800715923e+09 -3.079741187044154338e-01 6.254878842851797627e-01 7.168799404954373511e-01 2.172406797795552735e-01 -6.873647968403443498e-01 6.930628565821921327e-01 9.262604544584382982e-01 3.691809080479253602e-01 7.580915437620176778e-02 -3.781735067934384187e-01 1.371089577511954483e+00 1.414758738205402100e+00
1.583524529800726891e+09 -2.951618828850681164e-01 6.416012439475023976e-01 7.079740863342474100e-01 2.182318196250566666e-01 -6.761274223590502119e-01 7.037233701516261153e-01 9.301904837351280264e-01 3.622147880646655604e-01 5.954923613075374655e-02 -3.871390147150182148e-01 1.369957545287940448e+00 1.419850144778953993e+00
1.583524529800744057e+09 -2.820526239436225158e-01 6.572120091740724090e-01 6.989411224044196347e-01 2.200157967849170060e-01 -6.647954831130945541e-01 7.138907583502146492e-01 9.338304807234648619e-01 3.551328495463768609e-01 4.291028656081326276e-02 -3.958988587064478093e-01 1.369278709867652433e+00 1.425362727282811548e+00
1.583524529800757885e+09 -2.686492386558529954e-01 6.723137366402767157e-01 6.897983954449827815e-01 2.225497353989359106e-01 -6.534257730622465843e-01 7.235374036165569400e-01 9.371761851861991621e-01 3.478922229992201243e-01 2.591909227542892047e-02 -4.044246081557134054e-01 1.369049281509914229e+00 1.431265540942392667e+00
1.583524529800772905e+09 -2.549566315556655582e-01 6.869027730941661414e-01 6.805598405764086145e-01 2.257894820773240496e-01 -6.420707503533467086e-01 7.326419735343202566e-01 9.402213707663408249e-01 3.404551836293489009e-01 8.604774375173134676e-03 -4.126911967665338743e-01 1.369260597889385256e+00 1.437526779499510354e+00
1.583524529800786972e+09 -2.409810096528608447e-01 7.009772963812367363e-01 6.712369054281753789e-01 2.296913510611240106e-01 -6.307788163118147606e-01 7.411882137489105293e-01 9.429581308155199348e-01 3.327895957769288482e-01 -9.002706226876364126e-03 -4.206772820813622915e-01 1.369899677294419860e+00 1.444114515757116246e+00
1.583524529800801039e+09 -2.267294283015718892e-01 7.145366088950574346e-01 6.618392562811969970e-01 2.342130481139515219e-01 -6.195947311357239418e-01 7.491639455435246120e-01 9.453771811673259418e-01 3.248689026480129916e-01 -2.687343796902744164e-02 -4.283654410632224963e-01 1.370949856921029886e+00 1.450997362868794882e+00
1.583524529800816059e+09 -2.122095874351818123e-01 7.275806922060078508e-01 6.523752199414614150e-01 2.393140185888590898e-01 -6.085599791863643970e-01 7.565603428014596732e-01 9.474681481422160267e-01 3.166718937240481369e-01 -4.497799716598291364e-02 -4.357422113888700377e-01 1.372391478034926005e+00 1.458145036495084090e+00
1.583524529800831079e+09 -1.974298395359939950e-01 7.401099896352435481e-01 6.428519751598846810e-01 2.449554490322028988e-01 -5.977129827712963639e-01 7.633714811783258725e-01 9.492198305380687984e-01 3.081824032689263748e-01 -6.328759654582395699e-02 -4.427979943050137090e-01 1.374202583973231917e+00 1.465528807405815037e+00
1.583524529800847054e+09 -1.823993456878630903e-01 7.521253611010204621e-01 6.332755483558105691e-01 2.511001106933098970e-01 -5.870891378407329109e-01 7.695940999640992208e-01 9.506204359989329777e-01 2.993890205678680361e-01 -8.177408680315192968e-02 -4.495268380848579381e-01 1.376359602823736150e+00 1.473121842451646790e+00
1.583524529800863028e+09 -1.671283210173543643e-01 7.636281610390647234e-01 6.236506684403296807e-01 2.577121627673745197e-01 -5.767206832259544891e-01 7.752275116128618526e-01 9.516577986397488642e-01 2.902848349957196650e-01 -1.004099054253769080e-01 -4.559261246150469460e-01 1.378837990350676446e+00 1.480899437022834331e+00
1.583524529800877094e+09 -1.516282757240668411e-01 7.746203631832225822e-01 6.139805853664204172e-01 2.647570222862709599e-01 -5.666364854236837223e-01 7.802735498510262602e-01 9.523195815412991427e-01 2.808672044791853950e-01 -1.191680674884450231e-01 -4.619961857572769670e-01 1.381612811552348052e+00 1.488839145781479578e+00
1.583524529800890923e+09 -1.359122136671455650e-01 7.851047016270900070e-01 6.042668929564051217e-01 2.722013099912369838e-01 -5.568617916567327741e-01 7.847365111247389668e-01 9.525934690364071811e-01 2.711375162191042021e-01 -1.380222094287617551e-01 -4.677398762197228499e-01 1.384659245692409613e+00 1.496920823147385393e+00
1.583524529800904989e+09 -1.199948087529653096e-01 7.950848451090901658e-01 5.945093230675586593e-01 2.800128237164299372e-01 -5.474179408596381302e-01 7.886231144467329424e-01 9.524673562185901332e-01 2.611009140743911772e-01 -1.569466414274776900e-01 -4.731621278324050772e-01 1.387953006172176984e+00 1.505126588163301582e+00
1.583524529800919056e+09 -1.038924864688582500e-01 8.045655409231806665e-01 5.847056027424067937e-01 2.881605773061577946e-01 -5.383221334906145294e-01 7.919423983731483929e-01 9.519295316234607229e-01 2.507659689484473819e-01 -1.759164457586711583e-01 -4.782695084321832990e-01 1.391470671497502476e+00 1.513440729382624195e+00
1.583524529800935030e+09 -8.762338283076751000e-02 8.135526954640109887e-01 5.748514197152063687e-01 2.966148927561079729e-01 -5.295873275015218207e-01 7.947055228230126556e-01 9.509688472348098998e-01 2.401442784751756654e-01 -1.949076123511147007e-01 -4.830698038544096740e-01 1.395189929531229112e+00 1.521849566025457179e+00
1.583524529800950050e+09 -7.120722080007590993e-02 8.220534124020123512e-01 5.649404562679057884e-01 3.053474896781555037e-01 -5.212222406160882393e-01 7.969255212971365632e-01 9.495748746082192104e-01 2.292500016975169141e-01 -2.138971586589018259e-01 -4.875716357491585162e-01 1.399089742066274455e+00 1.530341280924815806e+00
1.583524529800964117e+09 -5.466513661145801228e-02 8.300760035268136550e-01 5.549644596478744418e-01 3.143315409701054608e-01 -5.132314341586358131e-01 7.986170405163844910e-01 9.477380468378892031e-01 2.180993434077335980e-01 -2.328632028228089790e-01 -4.917841227646793656e-01 1.403150439603460198e+00 1.538905738806418677e+00
1.583524529800977945e+09 -3.801947996178346723e-02 8.376299814635885799e-01 5.449133266500253425e-01 3.235416811254688274e-01 -5.056154547417550660e-01 7.997960943647534071e-01 9.454497871123654917e-01 2.067100053587896391e-01 -2.517849756868548172e-01 -4.957165891368135457e-01 1.407353757093401159e+00 1.547534300706416177e+00
1.583524529800992012e+09 -2.129360247854487215e-02 8.447260368848710232e-01 5.347751914274995189e-01 3.329539659014744690e-01 -4.983710171348985640e-01 8.004798472983103430e-01 9.427026250712190469e-01 1.951006205161608109e-01 -2.706427697277720146e-01 -4.993783206727515633e-01 1.411682822059613596e+00 1.556219642889049126e+00
1.583524529801006079e+09 -4.511638853635781959e-03 8.513759951990248487e-01 5.245365193938149595e-01 3.425457905063541419e-01 -4.914912239620702894e-01 8.006864294060208609e-01 9.394903015745792452e-01 1.832901846945300117e-01 -2.894178323632279892e-01 -5.027783667944741852e-01 1.416122105383402774e+00 1.564955585888791578e+00
1.583524529801016092e+09 1.230171403874156730e-02 8.575927499764436357e-01 5.141822082526813498e-01 3.522957729223114010e-01 -4.849658156870276793e-01 8.004347856361608837e-01 9.358078629950897787e-01 1.712974986451932247e-01 -3.080922114600457284e-01 -5.059253876710040343e-01 1.420657343423125329e+00 1.573736936905591133e+00
1.583524529801026106e+09 2.912147625557930802e-02 8.633901075508179090e-01 5.036958031075271514e-01 3.621836471946172642e-01 -4.787815557050313364e-01 7.997444764934577011e-01 9.316517297548925214e-01 1.591406432694723039e-01 -3.266486037814542165e-01 -5.088275442288068273e-01 1.425275439589628323e+00 1.582559347305615205e+00
1.583524529801035881e+09 4.592275619084488364e-02 8.687824918121285211e-01 4.930599179091714745e-01 3.721902005708864203e-01 -4.729228423363657785e-01 7.986353610101520895e-01 9.270197167761208279e-01 1.468365327777488016e-01 -3.450702502361050472e-01 -5.114924260704117875e-01 1.429964353313652570e+00 1.591419186074771730e+00
1.583524529801045895e+09 6.268111886445118519e-02 8.737845973129975130e-01 4.822567315243169728e-01 3.822972120875843260e-01 -4.673724030842616450e-01 7.971272662038494383e-01 9.219110147925275722e-01 1.344005750565442914e-01 -3.633408406394202927e-01 -5.139270104394825234e-01 1.434712983381989160e+00 1.600313429245577623e+00
1.583524529801055908e+09 7.937302275462393419e-02 8.784109065293623786e-01 4.712687161409204739e-01 3.924874660756997313e-01 -4.621122264707586691e-01 7.952395105752947391e-01 9.163260950442335684e-01 1.218465004785894978e-01 -3.814445151132543343e-01 -5.161376466604329361e-01 1.439511050661757663e+00 1.609239564357473951e+00
1.583524529801067114e+09 9.597633096006241704e-02 8.826750516136837588e-01 4.600796642085794308e-01 4.027448849571251821e-01 -4.571247912985322293e-01 7.929902161322452958e-01 9.102665004062849841e-01 1.091864400097669052e-01 -3.993660223453752156e-01 -5.181300624321373283e-01 1.444348983681831289e+00 1.618195508397341609e+00
1.583524529801081896e+09 1.124708214104086085e-01 8.865890985612068231e-01 4.486759241454222891e-01 4.130547786115508213e-01 -4.523944886072360227e-01 7.903954558347865422e-01 9.037345099208026200e-01 9.643130836860119848e-02 -4.170910435293532226e-01 -5.199093876645161094e-01 1.449217809980041682e+00 1.627179537691341382e+00
1.583524529801093102e+09 1.288385720585421557e-01 8.901629068155152424e-01 4.370476197666819385e-01 4.234041600895241397e-01 -4.479089910915473594e-01 7.874683822088075491e-01 8.967327025328480916e-01 8.359147847117685826e-02 -4.346066326956087300e-01 -5.214801896228181688e-01 1.454109055538320927e+00 1.636190228467160779e+00
1.583524529801107883e+09 1.450641361590623568e-01 8.934036874519737381e-01 4.251896611063055720e-01 4.337820778753640472e-01 -4.436603620507124091e-01 7.842184594355594562e-01 8.892634623868519439e-01 7.067768131817026012e-02 -4.519017150610444844e-01 -5.228465142603716531e-01 1.459014653345892087e+00 1.645226406713356848e+00
1.583524529801119089e+09 1.611345102780673000e-01 8.963157741378980914e-01 4.131025331477429230e-01 4.441799659062995453e-01 -4.396458830702964504e-01 7.806507896922525447e-01 8.813284448519631553e-01 5.770208640507512587e-02 -4.689676340294707257e-01 -5.240119301330896651e-01 1.463926861145839808e+00 1.654287105943351488e+00
1.583524529801134109e+09 1.770389245754081797e-01 8.989005702591370550e-01 4.007929443453754903e-01 4.545920369811990991e-01 -4.358686751695312056e-01 7.767654587966443813e-01 8.729280035130083659e-01 4.467955951650801061e-02 -4.857987627527288743e-01 -5.249795750410417572e-01 1.468838187842521625e+00 1.663371531273224679e+00
1.583524529801145077e+09 1.927684202421686976e-01 9.011567146078445223e-01 3.882742743713373246e-01 4.650156702905448580e-01 -4.323380389088109510e-01 7.725569536008579652e-01 8.640606244695600013e-01 3.162903847272856978e-02 -5.023931144178258590e-01 -5.257522048390778080e-01 1.473741328241744197e+00 1.672479028601522089e+00
1.583524529801160097e+09 2.083151843454662533e-01 9.030805087267032016e-01 3.755667437261818176e-01 4.754517152417491732e-01 -4.290694197924714848e-01 7.680137365522506920e-01 8.547224407141085223e-01 1.857492939530988596e-02 -5.187528521228144118e-01 -5.263322434400006244e-01 1.478629105792914178e+00 1.681609057955074205e+00
1.583524529801171064e+09 2.236716272479647993e-01 9.046666531367528741e-01 3.626971879276814636e-01 4.859045924242522130e-01 -4.260838681227929192e-01 7.631181195901844960e-01 8.449069359633752940e-01 5.548357695504412164e-03 -5.348845534652704181e-01 -5.267218342094601713e-01 1.483494423056688660e+00 1.690761170122269341e+00
1.583524529801186085e+09 2.388293094440979425e-01 9.059091450312189986e-01 3.496987019754510539e-01 4.963822564708214591e-01 -4.234072369929093860e-01 7.578462688324626439e-01 8.346048266235476243e-01 -7.411670264783080421e-03 -5.507992835583960245e-01 -5.269228933431437945e-01 1.488330219855678038e+00 1.699934985833854828e+00
1.583524529801197052e+09 2.537777435606292098e-01 9.068023365925220736e-01 3.366101298054947621e-01 5.068959509204407077e-01 -4.210690735567580445e-01 7.521684188363899626e-01 8.238041951967504106e-01 -2.025729225835863623e-02 -5.665123920396375468e-01 -5.269371662146210555e-01 1.493129439405084025e+00 1.709130176868789652e+00
1.583524529801212072e+09 2.685031312549382432e-01 9.073421404098815923e-01 3.234753607413745069e-01 5.174596836494722574e-01 -4.191011578380453573e-01 7.460493920354853703e-01 8.124909504183529529e-01 -3.293113997993039194e-02 -5.820429500954221735e-01 -5.267662876597094535e-01 1.497885003080489330e+00 1.718346448610472921e+00
1.583524529801223040e+09 2.829871399900830142e-01 9.075273496095176418e-01 3.103423731542500619e-01 5.280893558690873402e-01 -4.175356480434320727e-01 7.394495350536390843e-01 8.006496805869330879e-01 -4.536620513861132353e-02 -5.974127523373115034e-01 -5.264118463476981091e-01 1.502589794636196130e+00 1.727583523793792208e+00
1.583524529801233053e+09 2.972058777642634375e-01 9.073609695442284018e-01 2.972620686098140230e-01 5.388015705166265823e-01 -4.164029196359230744e-01 7.323260723119278115e-01 7.882648882418642478e-01 -5.748634369335976768e-02 -6.126449106143693202e-01 -5.258754522938813292e-01 1.507236654546733057e+00 1.736841127401646867e+00
1.583524529801243067e+09 3.111292405302342745e-01 9.068514585144621387e-01 2.842868764845230545e-01 5.496121561157206736e-01 -4.157291702522421528e-01 7.246348976633198991e-01 7.753225610920834177e-01 -6.920758221541271904e-02 -6.277620863618540437e-01 -5.251588059016574217e-01 1.511818384856279618e+00 1.746118972813651249e+00
1.583524529801253080e+09 3.247207863493821178e-01 9.060136977110767598e-01 2.714693182232473800e-01 5.605346168484850455e-01 -4.155340720960048473e-01 7.163325891666200151e-01 7.618118891342139376e-01 -8.044013134885313887e-02 -6.427845915158654222e-01 -5.242637658046237492e-01 1.516327764249323140e+00 1.755416749477182625e+00
1.583524529801268101e+09 3.379382211652137702e-01 9.048695804312584245e-01 2.588605828431660427e-01 5.715786669417569632e-01 -4.158286464340482658e-01 7.073785156210433689e-01 7.477269463977727071e-01 -9.109105037718553954e-02 -6.577285415881860553e-01 -5.231924123660873782e-01 1.520757572329934471e+00 1.764734112427607027e+00
1.583524529801279068e+09 3.507344768562851156e-01 9.034481197040254985e-01 2.465092736828836950e-01 5.827490744854826321e-01 -4.166136065970716951e-01 6.977367834970528149e-01 7.330681026511706166e-01 -1.010672946350731627e-01 -6.726043109276349519e-01 -5.219471035543847837e-01 1.525100621312053040e+00 1.774070673982820923e+00
1.583524529801289082e+09 3.630592569882165055e-01 9.017850549414179184e-01 2.344604249410162933e-01 5.940449658093926999e-01 -4.178783195258809480e-01 6.873778354930151213e-01 7.178429874999463500e-01 -1.102788510888476348e-01 -6.874154642918314240e-01 -5.205305196966687475e-01 1.529349792349173454e+00 1.783425997913281824e+00
1.583524529801304102e+09 3.748608690930074205e-01 8.999220114021371231e-01 2.227548034966268520e-01 6.054596332578238149e-01 -4.196004234132155175e-01 6.762796146765559513e-01 7.020669209601180238e-01 -1.186417224581091390e-01 -7.021582303395943470e-01 -5.189456952471658280e-01 1.533498073655499727e+00 1.792799596146667840e+00
1.583524529801316023e+09 3.860881236064132027e-01 8.979053074938965207e-01 2.114285218423098134e-01 6.169808359530504216e-01 -4.217460908927606611e-01 6.644282376176298133e-01 6.857627935824704979e-01 -1.260805053641509133e-01 -7.168215240580912972e-01 -5.171960363820941042e-01 1.537538597297751775e+00 1.802190927933265296e+00
1.583524529801328897e+09 3.966920063614631786e-01 8.957845436293249142e-01 2.005131011873617919e-01 6.285915923204096201e-01 -4.242709104220414029e-01 6.518180763787264631e-01 6.689604340580732611e-01 -1.325301709265254424e-01 -7.313875113145551499e-01 -5.152853246502286932e-01 1.541464671899370087e+00 1.811599401192752312e+00
1.583524529801341057e+09 4.066270086320554755e-01 8.936111404048288076e-01 1.900358015200866724e-01 6.402712396712952891e-01 -4.271211454369885918e-01 6.384514600427325659e-01 6.516956465096646056e-01 -1.379371491142563633e-01 -7.458325063058462989e-01 -5.132177087344164113e-01 1.545269809611626632e+00 1.821024375547636742e+00
1.583524529801351070e+09 4.158520681458707235e-01 8.914369424636192640e-01 1.800200969168997411e-01 6.519965884465289685e-01 -4.302351923173278747e-01 6.243381519706115990e-01 6.340090742635049459e-01 -1.422598226591269277e-01 -7.601280397777770981e-01 -5.109976873608477188e-01 1.548947746820515281e+00 1.830465166465969906e+00
1.583524529801361084e+09 4.243310800667347005e-01 8.893129733518864155e-01 1.704862756396518242e-01 6.637430784551090479e-01 -4.335451142963313576e-01 6.094946757216465061e-01 6.159450141566756853e-01 -1.454684485978378072e-01 -7.742419972114334970e-01 -5.086300864869855998e-01 1.552492458846902901e+00 1.839921049974552858e+00
1.583524529801369905e+09 4.320330571379573659e-01 8.872883842219448924e-01 1.614520394076663368e-01 6.754858144164646028e-01 -4.369781220067269767e-01 5.939436298756968213e-01 5.975502926371614176e-01 -1.475447198356715506e-01 -7.881397107529443113e-01 -5.061200330786179702e-01 1.555898168950384353e+00 1.849391267540928752e+00
1.583524529801383972e+09 4.389320082959001224e-01 8.854096074159174545e-01 1.529330554620960125e-01 6.872004342432413981e-01 -4.404579366724964418e-01 5.777130509677158576e-01 5.788732637065008291e-01 -1.484810875376892103e-01 -8.017849533742124057e-01 -5.034729272072694384e-01 1.559159351972349672e+00 1.858875030822447982e+00
1.583524529801394939e+09 4.450065727280926864e-01 8.837197180811356967e-01 1.449434730074057320e-01 6.988638124619793723e-01 -4.439059986799000490e-01 5.608358369678483335e-01 5.599629648657201697e-01 -1.482798855161643337e-01 -8.151408183731105872e-01 -5.006944143773459643e-01 1.562270733641160314e+00 1.868371526004469763e+00
1.583524529801404953e+09 4.502394851226044215e-01 8.822579860511029493e-01 1.374963721326410426e-01 7.104545909675203941e-01 -4.472424942255033842e-01 5.433492666714871966e-01 5.408684501496322516e-01 -1.469523652264560498e-01 -8.281704668937210911e-01 -4.977903592415182099e-01 1.565227286340665991e+00 1.877879917565652201e+00
