1.583524528035804987e+09 7.307490683956546773e-01 3.742665291292164298e-01 5.709031128387742626e-01 2.525353003005437191e-01 -9.251898038083848919e-01 2.832838665315640103e-01 6.342174084380479693e-01 -6.283623250515413261e-02 -7.705970975492110187e-01 2.996266099665355065e-01 1.644110082856092170e+00 1.639472661225779282e+00
1.583524528035866976e+09 7.195477580185061228e-01 3.670254224490630546e-01 5.895280852035560404e-01 2.481472577099798349e-01 -9.287654025883755882e-01 2.753502595821078480e-01 6.485938347277587779e-01 -5.183788425459271570e-02 -7.593674152491960427e-01 2.925795215179741171e-01 1.642059816726042509e+00 1.643732332628232706e+00
1.583524528035898924e+09 7.077725998696751120e-01 3.599222244416745431e-01 6.078765822647939077e-01 2.441166858645480164e-01 -9.320791938406438604e-01 2.676479405821619029e-01 6.629215568855415519e-01 -4.104106206716000294e-02 -7.475631349097640044e-01 2.854484572413072963e-01 1.639980249371251197e+00 1.647835157163000330e+00
1.583524528035928011e+09 6.954103381752300139e-01 3.529971156468196258e-01 6.259372955399712390e-01 2.404334585563619175e-01 -9.351277601796620376e-01 2.602456995879319779e-01 6.771973224974559002e-01 -3.048128114263008032e-02 -7.351698293197408418e-01 2.782266341122414666e-01 1.637875127237668371e+00 1.651762443600412356e+00
1.583524528035953999e+09 6.824545061186026995e-01 3.462815201593509862e-01 6.436963227533012422e-01 2.370765271175871991e-01 -9.379132187805446774e-01 2.532064658203385665e-01 6.914120098814634519e-01 -2.019660485268382280e-02 -7.221783227092490876e-01 2.709090262643117364e-01 1.635749418525735521e+00 1.655496586758249400e+00
1.583524528035980940e+09 6.689059100676586489e-01 3.397971660328126808e-01 6.611374815382471404e-01 2.340148900682396949e-01 -9.404431532467336652e-01 2.465840764234564220e-01 7.055507882169921308e-01 -1.022553098152514592e-02 -7.085855797424865932e-01 2.634924796010421066e-01 1.633609041496217662e+00 1.659021280933625775e+00
1.583524528036005020e+09 6.547728002206713027e-01 3.335553324904639294e-01 6.782428918408364149e-01 2.312091585750699618e-01 -9.427303297517195535e-01 2.404201538277955241e-01 7.195935694161155194e-01 -6.046090186702803666e-04 -6.943952256244942944e-01 2.559757594797711922e-01 1.631460572736713743e+00 1.662321712401406915e+00
1.583524528036030054e+09 6.400706790576722316e-01 3.275563536848556390e-01 6.949937849058506201e-01 2.286137306244108158e-01 -9.447921927321505375e-01 2.347412931987907236e-01 7.335157040278791341e-01 8.634102984944130865e-03 -6.796176603711443498e-01 2.483595316819760257e-01 1.629310948262339576e+00 1.665384723340890938e+00
1.583524528036053896e+09 6.248217153009174574e-01 3.217894707807576471e-01 7.113714646232950356e-01 2.261795444904476926e-01 -9.466501409295225988e-01 2.295567998179784130e-01 7.472888583593696454e-01 1.746560040720987125e-02 -6.642697607626406597e-01 2.406462808528366804e-01 1.627167170325507284e+00 1.668198941716795058e+00
1.583524528036078930e+09 6.090537935178992335e-01 3.162330676547582264e-01 7.273583185951164598e-01 2.238573189505144445e-01 -9.483286156367612962e-01 2.248571491590004301e-01 7.608819734019973691e-01 2.587438342090128685e-02 -6.483742275385608878e-01 2.328401742071832536e-01 1.625036031740964892e+00 1.670754874938247703e+00
1.583524528036112070e+09 5.928080956237994359e-01 3.108582247393066877e-01 7.429304987555757078e-01 2.216023393800407859e-01 -9.498532392757715881e-01 2.206155638883590953e-01 7.742551033339923894e-01 3.385244422607691650e-02 -6.319675997097827791e-01 2.249468803082037005e-01 1.622923867621996141e+00 1.673044966949847279e+00
1.583524528036130905e+09 5.761626667005307345e-01 3.055021119671845753e-01 7.580930293773453510e-01 2.194001076620450130e-01 -9.512855686957405466e-01 2.166087707371664450e-01 7.873373955002685998e-01 4.152380528321387293e-02 -6.151224263050489860e-01 2.169619922797961231e-01 1.620838876456410338e+00 1.675020877442721545e+00
1.583524528036148071e+09 5.591414574554002259e-01 3.001377466253029036e-01 7.728377343994883297e-01 2.172347515244557881e-01 -9.526415143915833994e-01 2.127985145600890804e-01 8.001061763164083462e-01 4.890274162409281866e-02 -5.978617135958270712e-01 2.088982972864190102e-01 1.618783836551267452e+00 1.676683249634681516e+00
1.583524528036164999e+09 5.417679294936734724e-01 2.947379443107897012e-01 7.871575794350110788e-01 2.150969669278091079e-01 -9.539353259884686409e-01 2.091427470912942121e-01 8.125397254815746040e-01 5.600837476894952177e-02 -5.802088042867182827e-01 2.007683139617565948e-01 1.616761282244432607e+00 1.678033246849157889e+00
1.583524528036180973e+09 5.240646381162420431e-01 2.892763392402474265e-01 8.010464747680071662e-01 2.129842473042267426e-01 -9.551792168384168891e-01 2.055976024455596907e-01 8.246174662057513816e-01 6.286384735942633639e-02 -5.621869539800193882e-01 1.925842692104348941e-01 1.614773497719335982e+00 1.679072463598721088e+00
1.583524528036197901e+09 5.060529059111663619e-01 2.837283867286342631e-01 8.144990233816298275e-01 2.109006523245449960e-01 -9.563830918658937641e-01 2.021195103231667178e-01 8.363201368874033648e-01 6.949520980691431538e-02 -5.438189446426844320e-01 1.843580888951433794e-01 1.612822511707348916e+00 1.679802845871041006e+00
1.583524528036215067e+09 4.877526359064580652e-01 2.780721856706546702e-01 8.275102572349452013e-01 2.088561736036220196e-01 -9.575544183018067645e-01 1.986671456217759257e-01 8.476299104028501841e-01 7.593020199715912188e-02 -5.251267842310863854e-01 1.761013999323144952e-01 1.610910092231953694e+00 1.680226622207773746e+00
1.583524528036232948e+09 4.691822470144687562e-01 2.722890930820759392e-01 8.400753948196512111e-01 2.068657586070786203e-01 -9.586982336092235712e-01 1.952031116597127414e-01 8.585304753461733274e-01 8.219699928209077411e-02 -5.061314812503259208e-01 1.678255412741217756e-01 1.609037740596701349e+00 1.680346246979079305e+00
1.583524528036251068e+09 4.503587080269512710e-01 2.663641137768058553e-01 8.521896462071045786e-01 2.049480764930490528e-01 -9.598172783691759635e-01 1.916952740600274541e-01 8.690070886603928901e-01 8.832299283514567778e-02 -4.868528821896674352e-01 1.595415811982413279e-01 1.607206683792198554e+00 1.680164357720958845e+00
1.583524528036267996e+09 4.312976468197798896e-01 2.602860527418382475e-01 8.638480831154233819e-01 2.031241389647331363e-01 -9.609122363054750648e-01 1.881176714171441111e-01 8.790465995120126941e-01 9.433368906993076786e-02 -4.673095666628068745e-01 1.512603381034303418e-01 1.605417864676008888e+00 1.679683747445870567e+00
1.583524528036282063e+09 4.120135098632319304e-01 2.540474382619428151e-01 8.750455799037686333e-01 2.014159016771676358e-01 -9.619820554351663500e-01 1.844509679656579360e-01 8.886374414450390891e-01 1.002518037738951429e-01 -4.475187969279625366e-01 1.429924019820790759e-01 1.603671929515948058e+00 1.678907351945848392e+00
1.583524528036294937e+09 3.925197540356410997e-01 2.476442314351625096e-01 8.857768214596074552e-01 1.998449964181411853e-01 -9.630243179875678239e-01 1.806824296448746592e-01 8.977695807916488135e-01 1.060966428672117795e-01 -4.274965289674877433e-01 1.347481539468789458e-01 1.601969212866395598e+00 1.677838250637365469e+00
1.583524528036308050e+09 3.728290525156733870e-01 2.410753684531861951e-01 8.960363633423722440e-01 1.984317252258581132e-01 -9.640356198310355840e-01 1.768054697458277535e-01 9.064344146824291348e-01 1.118838256762714756e-01 -4.072574880012885257e-01 1.265377815993064259e-01 1.600309720016125370e+00 1.676479679087345964e+00
1.583524528036324978e+09 3.529534946183536248e-01 2.343422125960240576e-01 9.058187225591496361e-01 1.971943783699552921e-01 -9.650119218201289595e-01 1.728188875541976088e-01 9.146246267582338607e-01 1.176253296106287427e-01 -3.868152970903661059e-01 1.183712886394107100e-01 1.598693107645858147e+00 1.674835050119241719e+00
1.583524528036341906e+09 3.329047625149665901e-01 2.274479971269577072e-01 9.151184774684570922e-01 1.961488603536101771e-01 -9.659488475165967092e-01 1.687259570264779407e-01 9.223340196336812236e-01 1.233297717879339450e-01 -3.661826371073159114e-01 1.102584980819868166e-01 1.597118663748933853e+00 1.672907979012787649e+00
1.583524528036355972e+09 3.126942710693609295e-01 2.203973270758528002e-01 9.239303605600469593e-01 1.953085226807815267e-01 -9.668419209878993392e-01 1.645335248508387471e-01 9.295573537472369141e-01 1.290027831591293306e-01 -3.453714060737932412e-01 1.022090490729996026e-01 1.595585287771310368e+00 1.670702309947502906e+00
1.583524528036370993e+09 2.923332646346771257e-01 2.131957720498513231e-01 9.322493364301727148e-01 1.946840629115299814e-01 -9.676867575383494291e-01 1.602512244706337796e-01 9.362902211031164379e-01 1.346473248494846897e-01 -3.243928480705312034e-01 9.423238722978691251e-02 1.594091471627153256e+00 1.668222143334315621e+00
1.583524528036385059e+09 2.718328741832235496e-01 2.058495416242960008e-01 9.400706648081050831e-01 1.942833755610021973e-01 -9.684792299254703085e-01 1.558908310156596200e-01 9.425289696296091924e-01 1.402638493688374288e-01 -3.032576364593962404e-01 8.633774826093223997e-02 1.592635282217902182e+00 1.665471864217825448e+00
1.583524528036397934e+09 2.512041474557006882e-01 1.983652077961830518e-01 9.473899517851290808e-01 1.941113358194147820e-01 -9.692156260098333531e-01 1.514657044216004556e-01 9.482706711191191129e-01 1.458503159326942911e-01 -2.819759204956774346e-01 7.853413434880639199e-02 1.591214346093247523e+00 1.662456172306669533e+00
1.583524528036412001e+09 2.304580632915980698e-01 1.907494436672027560e-01 9.542031916268860492e-01 1.941695203173762763e-01 -9.698928078919218931e-01 1.469902669920894189e-01 9.535131244723134003e-01 1.514020837475436310e-01 -2.605573460827853571e-01 7.083028290645236591e-02 1.589825837109600792e+00 1.659180113238295728e+00
1.583524528036426067e+09 2.096055414504888192e-01 1.830087557555277189e-01 9.605067997762735121e-01 1.944559126633726154e-01 -9.705083723179572797e-01 1.424794627382010848e-01 9.582548800402453937e-01 1.569117414347654116e-01 -2.390110674858390571e-01 6.323462728998330284e-02 1.588466468019002598e+00 1.655649110732680729e+00
1.583524528036442041e+09 1.886574582683303580e-01 1.751492032703923785e-01 9.662976353794298090e-01 1.949646762692978097e-01 -9.710608008209079545e-01 1.379481646395747385e-01 9.624952667647125315e-01 1.623689555455225808e-01 -2.173457702195677188e-01 5.575524955066429172e-02 1.587132487132538738e+00 1.651868998182716597e+00
1.583524528036457062e+09 1.676246762741170904e-01 1.671761179682275389e-01 9.715730099130318598e-01 1.956860985259626651e-01 -9.715495777223747131e-01 1.334105276292885389e-01 9.662344016051729323e-01 1.677604352352142503e-01 -1.955697257403125888e-01 4.839982559339137125e-02 1.585819681221235955e+00 1.647846048231320415e+00
1.583524528036472082e+09 1.465180914532213385e-01 1.590938568259678276e-01 9.763306784607055366e-01 1.966067966098921371e-01 -9.719752502820273588e-01 1.288793248630258903e-01 9.694731644049821018e-01 1.730700944149954346e-01 -1.736908921605602729e-01 4.117556303600898582e-02 1.584523385751340330e+00 1.643586999532338444e+00
1.583524528036489010e+09 1.253486967307240740e-01 1.509056375031455066e-01 9.805688108970608274e-01 1.977102821726762771e-01 -9.723393992167629341e-01 1.243653370724639717e-01 9.722131189450701205e-01 1.782795033692161635e-01 -1.517170726427340133e-01 3.408913246143823600e-02 1.583238503586722912e+00 1.639099079435170303e+00
1.583524528036504984e+09 1.041276516463082585e-01 1.426135330499228582e-01 9.842859403953919673e-01 1.989780239748495383e-01 -9.726444746306488476e-01 1.198769033496265846e-01 9.744563500924832145e-01 1.833687710111771563e-01 -1.296561440273548416e-01 2.714659364072963266e-02 1.581959533260254958e+00 1.634390020411239375e+00
1.583524528036520004e+09 8.286633451125602345e-02 1.342186870390248699e-01 9.874808933648216991e-01 2.003909678683186424e-01 -9.728934863676830247e-01 1.154197738314188121e-01 9.762052195616586214e-01 1.883178383827859292e-01 -1.075163296860743162e-01 2.035331911197394913e-02 1.580680607674749272e+00 1.629468067771507211e+00
1.583524528036535978e+09 6.157634771541307950e-02 1.257217696253480899e-01 9.901527105203009604e-01 2.019313421634698069e-01 -9.730895727122399474e-01 1.109973717793919096e-01 9.774620639964165525e-01 1.931080530194053402e-01 -8.530646756650786533e-02 1.371391732456093797e-02 1.579395543712461603e+00 1.624341977469691445e+00
1.583524528036550999e+09 4.026944906193435925e-02 1.171236617885723641e-01 9.923005690958167646e-01 2.035845554304121785e-01 -9.732354873579102117e-01 1.066115141463385430e-01 9.782288588876233426e-01 1.977238832717777284e-01 -6.303622549853871160e-02 7.232157064312637156e-03 1.578097902953314646e+00 1.619021003907147982e+00
1.583524528036566019e+09 1.895738898581131662e-02 1.084263430489400271e-01 9.939237121843262912e-01 2.053410408577432955e-01 -9.733330437106905153e-01 1.022635955338175029e-01 9.785068596798496277e-01 2.021546788308578035e-01 -4.071623126012052785e-02 9.108956693227284254e-04 1.576781063416300865e+00 1.613514876840455248e+00
1.583524528036581039e+09 -2.348352392672527905e-03 9.963394072107097099e-02 9.950213883147575045e-01 2.071979006432234927e-01 -9.733825624322274273e-01 9.795620007469853230e-02 9.782962308566840459e-01 2.063963784280718194e-01 -1.835809808061041395e-02 -5.247986230856775160e-03 1.575438301828480547e+00 1.607833766709266810e+00
1.583524528036596060e+09 -2.363691178782870855e-02 9.075387941822513072e-02 9.955928032474291589e-01 2.091601958839487407e-01 -9.733823750900821858e-01 9.369506034440229503e-02 9.775956776486539601e-01 2.104530476214926948e-01 4.025654139439199808e-03 -1.124364074453617322e-02 1.574062885498161313e+00 1.601988238150116706e+00
1.583524528036612034e+09 -4.489843096048356380e-02 8.179806896456533194e-02 9.956370859491687764e-01 2.112417666740269151e-01 -9.733284295387381047e-01 8.949125250689066169e-02 9.764020928942275246e-01 2.143381538215954618e-01 2.642175069669278759e-02 -1.707629658356663721e-02 1.572648172368907415e+00 1.595989191568328414e+00
1.583524528036628008e+09 -6.612442614815457198e-02 7.278410119356894248e-02 9.951532721075778687e-01 2.134655586950473249e-01 -9.732140171632799319e-01 8.536352885796433254e-02 9.747102213561685824e-01 2.180755635745997567e-01 4.881631957844935477e-02 -2.274728717953061058e-02 1.571187717114397087e+00 1.589847792430073570e+00
1.583524528036643028e+09 -8.730805726309343040e-02 6.373642540891580333e-02 9.941403177215153431e-01 2.158634247670007389e-01 -9.730296377870316649e-01 8.134067768995777159e-02 9.725123572909015746e-01 2.217002302251036838e-01 7.119496426283045132e-02 -2.825905912398009659e-02 1.569675380272882004e+00 1.583575388219913505e+00
1.583524528036655903e+09 -1.084442039727610690e-01 5.468748900519817407e-02 9.925971656605805382e-01 2.184754024427167096e-01 -9.727630013876921167e-01 7.746380877457642589e-02 9.697980992201438166e-01 2.252585663076351330e-01 9.354263816987759550e-02 -3.361515742774168897e-02 1.568105436634689598e+00 1.577183413939696299e+00
1.583524528036669970e+09 -1.295292533798632351e-01 4.567884653895417507e-02 9.905229000907164183e-01 2.213484939185729194e-01 -9.723991489367826979e-01 7.378847740780632158e-02 9.665541975790727935e-01 2.288085185107633368e-01 1.158431918627086804e-01 -3.882018542691963170e-02 1.566472678657600204e+00 1.570683288388463605e+00
1.583524528036684990e+09 -1.505605055634421929e-01 3.676223187469725151e-02 9.879170372953739454e-01 2.245349575833697486e-01 -9.719206689496207030e-01 7.038654773973737622e-02 9.627645543363626546e-01 2.324193442746944616e-01 1.380784611088275993e-01 -4.387973818890406053e-02 1.564772510329526689e+00 1.564086304170594133e+00
1.583524528036698103e+09 -1.715351161504416744e-01 2.800057993260400557e-02 9.847800117574940781e-01 2.280901191844921794e-01 -9.713079775129842552e-01 6.734768267136206910e-02 9.584104556799877273e-01 2.361710828188688105e-01 1.602267711251688653e-01 -4.880030834476480062e-02 1.563001026185029119e+00 1.557403514294121383e+00
1.583524528036709070e+09 -1.924485240560119270e-01 1.946900080589328980e-02 9.811139198394244199e-01 2.320697471051738903e-01 -9.705396112171190692e-01 6.478036390933884781e-02 9.534711312705494990e-01 2.401537446777361751e-01 1.822607496217307499e-01 -5.358916383032795439e-02 1.561155069523861183e+00 1.550645618585422936e+00
1.583524528036722898e+09 -2.132923310198788225e-01 1.125561164736627734e-02 9.769235859784264342e-01 2.365269400470402794e-01 -9.695925080544400831e-01 6.281221989268233330e-02 9.479247798529658597e-01 2.444661112457416630e-01 2.041443907993728824e-01 -5.825419882676179106e-02 1.559232263876086710e+00 1.543822854175800341e+00
1.583524528036736012e+09 -2.340516494699508843e-01 3.462033266274555134e-03 9.722180001483495815e-01 2.415084540820482684e-01 -9.684422667735561596e-01 6.158930543980529332e-02 9.417502280788421221e-01 2.492139447714674938e-01 2.258293996508184132e-01 -6.280376131805393003e-02 1.557231012285151817e+00 1.536944895141756140e+00
1.583524528036747932e+09 -2.547020366284426518e-01 -3.796603510103618156e-03 9.670121294200545448e-01 2.470505589448414308e-01 -9.670633460752161570e-01 6.127402397435886827e-02 9.349293523906823111e-01 2.545075057753194980e-01 2.472509568113360201e-01 -6.724646279500737234e-02 1.555150459998476231e+00 1.530020766818597666e+00
1.583524528036756992e+09 -2.752062314611373739e-01 -1.039229222842908210e-02 9.613290438416992600e-01 2.531746152945924533e-01 -9.654291675617809876e-01 6.204141038503139388e-02 9.274503460750409545e-01 2.604582935896589402e-01 2.683231875321361315e-01 -7.159097702870606539e-02 1.552990417218674812e+00 1.523058780138835555e+00
1.583524528036770105e+09 -2.955109975105301712e-01 -1.618552337765365168e-02 9.552022190561120230e-01 2.598826896999600899e-01 -9.635120971415711555e-01 6.407360039304750565e-02 9.193118285130301715e-01 2.671749754587829928e-01 2.889347582870286923e-01 -7.584583633401394132e-02 1.550751240186663660e+00 1.516066491116062176e+00
1.583524528036781073e+09 -3.155444137285036699e-01 -2.102741267707839215e-02 9.486778014622460065e-01 2.671536224388962322e-01 -9.612833116842798287e-01 6.755247372407265083e-02 9.105276849617608415e-01 2.747585169019922668e-01 3.089451284771298489e-01 -8.001923495073511028e-02 1.548433670905883686e+00 1.509050690101106262e+00
1.583524528036791086e+09 -3.352139584646162684e-01 -2.476270533112944275e-02 9.418165482627517404e-01 2.749399183959123638e-01 -9.587126555803635597e-01 7.265043230193696244e-02 9.011324228004519155e-01 2.832964039161270375e-01 3.281821204875951525e-01 -8.411884998164698146e-02 1.546038638266598264e+00 1.502017424677288604e+00
1.583524528036799908e+09 -3.544057093280685855e-01 -2.723367036135051003e-02 9.346950949377641482e-01 2.831659234096148836e-01 -9.557686442190613807e-01 7.951954827839338713e-02 8.911866544750755015e-01 2.928559815742173833e-01 3.464415117209259654e-01 -8.815169002279377164e-02 1.543567025469963383e+00 1.494972058920077229e+00
1.583524528036814928e+09 -3.729849652564666274e-01 -2.828502844755766826e-02 9.274061531846504725e-01 2.917276748955715537e-01 -9.524188755472203782e-01 8.827938158230599908e-02 8.807821407657020485e-01 3.034769228213389791e-01 3.634894467860577127e-01 -9.212398107653842205e-02 1.541019411145662987e+00 1.487919370616609616e+00
1.583524528036834002e+09 -3.907985924951580814e-01 -2.777002626083575898e-02 9.200572187922195777e-01 3.004948133619074757e-01 -9.486311480525253526e-01 9.900410142162051341e-02 8.700455892339563624e-01 3.151630857265682595e-01 3.790684663113007002e-01 -9.604109822912414163e-02 1.538395794157331187e+00 1.480863686781684896e+00
1.583524528036847115e+09 -4.076793220548599606e-01 -2.555756152257825098e-02 9.127674301399604229e-01 3.093148791949384968e-01 -9.443755387792907019e-01 1.117101037288375370e-01 8.591401957634562381e-01 3.278744467380780847e-01 3.929077134665155402e-01 -9.990754977311566698e-02 1.535695314584915261e+00 1.473809056401293338e+00
1.583524528036856890e+09 -4.234521253700241350e-01 -2.154013331938868514e-02 9.056623654997432160e-01 3.180200646907905271e-01 -9.396275836986826002e-01 1.263457257599286676e-01 8.482638363578359764e-01 3.415201701650106281e-01 4.047374919620182476e-01 -1.037270176224014268e-01 1.532915985024220884e+00 1.466759457844752257e+00
1.583524528036866903e+09 -4.379425770996400735e-01 -1.564205898323155902e-02 8.988668562476253010e-01 3.264361395683363365e-01 -9.343724460530202780e-01 1.427850792337211905e-01 8.376429705105602475e-01 3.559542921065924070e-01 4.143076103415136435e-01 -1.075024547310326345e-01 1.530054447707708709e+00 1.459719036970110739e+00
1.583524528036876917e+09 -4.509867438755403302e-01 -7.826984565433910135e-03 8.924963278734252548e-01 3.343927867197050152e-01 -9.286095961080720329e-01 1.608281138886978323e-01 8.275218553832514035e-01 3.709756816170917681e-01 4.214079052575446238e-01 -1.112362369854565519e-01 1.527105774254456261e+00 1.452692370462456362e+00
1.583524528036886930e+09 -4.624417070836589483e-01 1.896555199862504440e-03 8.866476587316538538e-01 3.417340849373917133e-01 -9.223571607321641164e-01 1.802084438900328767e-01 8.181475923328183075e-01 3.863336267379084421e-01 4.258883023907832910e-01 -1.149303629264620819e-01 1.524063324336682568e+00 1.445684747520471269e+00
1.583524528036895990e+09 -4.721956062109229912e-01 1.347261628958126845e-02 8.813908316926212239e-01 3.483276174914349266e-01 -9.156548764200531654e-01 2.006091179186042239e-01 8.097525427352088023e-01 4.017395125251523869e-01 4.276753251143595169e-01 -1.185866907972019796e-01 1.520918678231361065e+00 1.438702461745655636e+00
1.583524528036906958e+09 -4.801760651305417849e-01 2.679909711216864679e-02 8.767626560113747081e-01 3.540708713925105333e-01 -9.085645875029888519e-01 2.216849304261221398e-01 8.025364568698826195e-01 4.168839152048524066e-01 4.267821888738617675e-01 -1.222071989213465437e-01 1.517661655777832630e+00 1.431753104010762279e+00
1.583524528036916971e+09 -4.863559393145217569e-01 4.173304848519014676e-02 8.727635722599906831e-01 3.588941550892595922e-01 -9.011675618470132987e-01 2.430884837433448520e-01 7.966510439548192268e-01 4.314572727021012688e-01 4.233104488433015455e-01 -1.257942525658936606e-01 1.514280430458452287e+00 1.424845846323511633e+00
1.583524528036926031e+09 -4.907555716150565073e-01 5.809969361151871153e-02 8.693580359307807592e-01 3.627600272897527067e-01 -8.935585436631583445e-01 2.644962980052381063e-01 7.921894543778388309e-01 4.451713767519713261e-01 4.174425874237707168e-01 -1.293508586021487328e-01 1.510761742053153611e+00 1.417991706503176186e+00
1.583524528036936045e+09 -4.934413352556830112e-01 7.570400422693335241e-02 8.664782469926726183e-01 3.656600366198142771e-01 -8.858372134893333083e-01 2.856311762182335845e-01 7.891820996310890957e-01 4.577786965048247225e-01 4.094267684824299258e-01 -1.328808890801225495e-01 1.507091205984567361e+00 1.411203783620492258e+00
1.583524528036945105e+09 -4.945208037253552846e-01 9.434322162691601010e-02 8.640303995359660538e-01 3.676100942187244258e-01 -8.780983054433446622e-01 3.062779532013192862e-01 7.875988784966012624e-01 4.690871161570835390e-01 3.995563591636137057e-01 -1.363892562645915574e-01 1.503253713095081823e+00 1.404497454125930300e+00
1.583524528036955118e+09 -4.941352769239113485e-01 1.138186647857242356e-01 8.619023377112526862e-01 3.686458671811885801e-01 -8.704218806314528711e-01 3.262912415916136011e-01 7.873566871547338364e-01 4.789687477280568650e-01 3.881473766422949834e-01 -1.398820241958075583e-01 1.499233909374408924e+00 1.397890518565964468e+00
1.583524528036963940e+09 -4.924505721563720018e-01 1.339454605812825105e-01 8.599715388772629643e-01 3.688192360272704029e-01 -8.628651496233221696e-01 3.455952903512212182e-01 7.883303909001628806e-01 4.873626444371335076e-01 3.755167741821882066e-01 -1.433664452817367263e-01 1.495016741157284335e+00 1.391403288865076693e+00
1.583524528036973953e+09 -4.896470543931913388e-01 1.545592965136239894e-01 8.581125719226369020e-01 3.681963375522586679e-01 -8.554568384005878379e-01 3.641772297356553612e-01 7.903652441971605880e-01 4.942722140017699606e-01 3.619637541698162986e-01 -1.468509146286447464e-01 1.490588048029032997e+00 1.385058606224157662e+00
1.583524528036984921e+09 -4.859097475472174965e-01 1.755198729585402684e-01 8.562035339459975747e-01 3.668571489475293546e-01 -8.481945967420853050e-01 3.820755924352979838e-01 7.932890706434527761e-01 4.997586420415487396e-01 3.477553021942156319e-01 -1.503448394868764915e-01 1.485935181857246601e+00 1.378881780766020748e+00
1.583524528036994934e+09 -4.814190963124492795e-01 1.967112627296596084e-01 8.541313323648801470e-01 3.648960508419701876e-01 -8.410455555798777016e-01 3.993660545545046348e-01 7.969231618439257536e-01 5.039315951569367513e-01 3.331162283963684523e-01 -1.538584262636698563e-01 1.481047627978346215e+00 1.372900445437628791e+00
1.583524528037003994e+09 -4.763428421730516171e-01 2.180397075003839280e-01 8.517958574506241387e-01 3.624225756121718933e-01 -8.339497926544077178e-01 4.161461522463859586e-01 8.010913640121527513e-01 5.069382894685414698e-01 3.182235020824416560e-01 -1.574023925435824312e-01 1.475917603361503350e+00 1.367144318466706476e+00
1.583524528037014008e+09 -4.708293864738373746e-01 2.394296009612555676e-01 8.491131580199435813e-01 3.595615229547230451e-01 -8.268262071238593469e-01 4.325204439501275089e-01 8.056272091612257658e-01 5.089517555160497642e-01 3.032044038565100408e-01 -1.609876158218327691e-01 1.470540608186977405e+00 1.361644869020968152e+00
1.583524528037023067e+09 -4.650029166957218019e-01 2.608185284687362104e-01 8.460177201325467244e-01 3.564517548305153327e-01 -8.195801341474548973e-01 4.485872827000876306e-01 8.103791915150104774e-01 5.101588958021769926e-01 2.881379306775442295e-01 -1.646247342334418162e-01 1.464915907300716524e+00 1.356434882757251881e+00
1.583524528037033081e+09 -4.589604706223049391e-01 2.821522487877887175e-01 8.424638835086900590e-01 3.532432237849231216e-01 -8.121119284046171005e-01 4.644280790436030038e-01 8.152143959438161724e-01 5.107487878561113304e-01 2.730589028968433696e-01 -1.683237175907551786e-01 1.459046918207903110e+00 1.351547927015801509e+00
1.583524528037043095e+09 -4.527710032948209506e-01 3.033804193964767526e-01 8.384263472772169878e-01 3.500920982869346609e-01 -8.043256953505530937e-01 4.800996756164940815e-01 8.200206957085600656e-01 5.109016509828044894e-01 2.579642644523648665e-01 -1.720934295504104872e-01 1.452941482695855102e+00 1.347017719932494417e+00
1.583524528037051916e+09 -4.464764209962350794e-01 3.244536693140763206e-01 8.338996474812915283e-01 3.471542670367928074e-01 -7.961373014183965591e-01 4.956302171776279519e-01 8.247076575796243869e-01 5.107790264017441073e-01 2.428210571992703015e-01 -1.759412037740796797e-01 1.446611999956392003e+00 1.342877414503816258e+00
1.583524528037061930e+09 -4.400943993730044856e-01 3.453223263738323667e-01 8.288965017749059250e-01 3.445779470280191936e-01 -7.874808113723140712e-01 5.110186005944596932e-01 8.292062217328185492e-01 5.105158789724473234e-01 2.275754364124772944e-01 -1.798724586803878978e-01 1.440075400331609634e+00 1.339158819678456513e+00
1.583524528037071943e+09 -4.336226002221699183e-01 3.659367737136233201e-01 8.234450305436462614e-01 3.424963414855637378e-01 -7.783127124633033578e-01 5.262371876807849791e-01 8.334672739487171134e-01 5.102152480265121914e-01 2.121619759511468584e-01 -1.838903752012881476e-01 1.433352945196211259e+00 1.335891589804094393e+00
1.583524528037081003e+09 -4.270437546332482293e-01 3.862490792856248523e-01 8.175850295144493352e-01 3.410213612373865777e-01 -7.686135918451126869e-01 5.412370807898483349e-01 8.374592902980050324e-01 5.099458748146729059e-01 1.965124473279389050e-01 -1.879956597684974973e-01 1.426469847777648070e+00 1.333102422219114791e+00
1.583524528037091017e+09 -4.203310047124723670e-01 4.062153021759158378e-01 8.113636514300665015e-01 3.402392821401187262e-01 -7.583873085459137409e-01 5.559549632267204444e-01 8.411653092371380591e-01 5.097428945802456868e-01 1.805632965546951074e-01 -1.921864104435660747e-01 1.419454721403502040e+00 1.330814309896158454e+00
1.583524528037100077e+09 -4.134529117362304995e-01 4.257977987190285640e-01 8.048309912579534320e-01 3.402088700397371546e-01 -7.476580753760256881e-01 5.703203723193347452e-01 8.445795490188247046e-01 5.096112606618813379e-01 1.642612202789290321e-01 -1.964580970871852017e-01 1.412338875971507202e+00 1.329045896970692420e+00
1.583524528037110090e+09 -4.063776543521688822e-01 4.449669573586977345e-01 7.980360950537070952e-01 3.409620216928930247e-01 -7.364661546168181916e-01 5.842623579165222569e-01 8.477040178646686464e-01 5.095311668849391573e-01 1.475665550547481941e-01 -2.008036574329457036e-01 1.405155497411689103e+00 1.327810977938557180e+00
1.583524528037120104e+09 -3.990760978589334984e-01 4.637019806776571107e-01 7.910238563657243649e-01 3.425066371574853608e-01 -7.248629631211085389e-01 5.977147214261326891e-01 8.505453966239251429e-01 5.094645796099029900e-01 1.304544767591774845e-01 -2.052137016727750007e-01 1.397938754908707226e+00 1.327118168645477159e+00
1.583524528037130117e+09 -3.915236622219386842e-01 4.819906816204462263e-01 7.838330210304846890e-01 3.448309260534988541e-01 -7.129063782579104780e-01 6.106194627486400961e-01 8.531124512363966739e-01 5.093618347877577612e-01 1.129144229442443220e-01 -2.096768104297770385e-01 1.390722884953791594e+00 1.326970763472496762e+00
1.583524528037139893e+09 -3.837010916195516264e-01 4.998284596015195591e-01 7.764953208930068795e-01 3.479083556483650308e-01 -7.006567880881463539e-01 6.229284400211757555e-01 8.554140801137843919e-01 5.091675326927013190e-01 9.494827695367064058e-02 -2.141799054469582519e-01 1.383541300651266681e+00 1.327366780441810556e+00
1.583524528037149906e+09 -3.755943808025032360e-01 5.172167807605841938e-01 7.690355407363427265e-01 3.517024676312944242e-01 -6.881741679322419536e-01 6.346035682723404348e-01 8.574580079911948705e-01 5.088252316486374660e-01 7.656793239495507386e-02 -2.187086689724807298e-01 1.376425770464489107e+00 1.328299185052950637e+00
1.583524528037158966e+09 -3.671941198309767174e-01 5.341614567487310561e-01 7.614722690893114265e-01 3.561711130957329607e-01 -6.755162106856684723e-01 6.456159751029897365e-01 8.592500315123254850e-01 5.082808153950394425e-01 5.779269979138624419e-02 -2.232479864234323819e-01 1.369405703495717663e+00 1.329756272593651589e+00
1.583524528037168980e+09 -3.584945370021669353e-01 5.506709908405182929e-01 7.538190279455145859e-01 3.612698119753707249e-01 -6.627373798183738840e-01 6.559445771998718699e-01 8.607936976945852470e-01 5.074846059869068116e-01 3.864692481107450533e-02 -2.277823876637943556e-01 1.362507568948818415e+00 1.331722180127586252e+00
1.583524528037178040e+09 -3.494924918246030687e-01 5.667551791359785041e-01 7.460854945562012119e-01 3.669541350797894674e-01 -6.498886509878208928e-01 6.655744917559834883e-01 8.620902858758290321e-01 5.063924449643844028e-01 1.915804748089679904e-02 -2.322964647999503918e-01 1.355754466763533506e+00 1.334177493906214096e+00
1.583524528037188053e+09 -3.401866167972802946e-01 5.824240634847660525e-01 7.382785897832269129e-01 3.731811622376851600e-01 -6.370176701000516140e-01 6.744955953469184973e-01 8.631389725866069895e-01 5.049660368115066467e-01 -6.448028943832583015e-04 -2.367752483874542568e-01 1.349165855277506987e+00 1.337099914740038864e+00
1.583524528037197113e+09 -3.305767377039802724e-01 5.976872526545471409e-01 7.304032917571292582e-01 3.799101759919465970e-01 -6.241690715550443080e-01 6.827014195847579403e-01 8.639370803253838549e-01 5.031728512240468687e-01 -2.073169389294041501e-02 -2.412045286721444248e-01 1.342757432178112831e+00 1.340464946211832320e+00
1.583524528037206888e+09 -3.206635910302318426e-01 6.125535489230234942e-01 7.224631555974339037e-01 3.871028381946030050e-01 -6.113847758906728602e-01 6.901884152041066756e-01 8.644803376266555484e-01 5.009858337249314397e-01 -4.107237959498995922e-02 -2.455711134801706330e-01 1.336541156404831954e+00 1.344246572831697906e+00
1.583524528037216902e+09 -3.104488048352748719e-01 6.270308016252342798e-01 7.144605751865964471e-01 3.947230683893746539e-01 -5.987041628380224134e-01 6.969555399685560815e-01 8.647631114651168627e-01 4.983830848828071369e-01 -6.163653018805102801e-02 -2.498630188906961203e-01 1.330525393120034705e+00 1.348417902034184879e+00
1.583524528037225962e+09 -2.999350731785389024e-01 6.411259109827376346e-01 7.063968560592099877e-01 4.027367964311546200e-01 -5.861640844520675797e-01 7.030040817164591171e-01 8.647785987004424912e-01 4.953475875081534419e-01 -8.239382793211696976e-02 -2.540695923273431078e-01 1.324715161018096499e+00 1.352951751404282810e+00
1.583524528037235975e+09 -2.891264573073168975e-01 6.548449293040329300e-01 6.982721606623834010e-01 4.111116932956914716e-01 -5.737987207589150263e-01 7.083376339727714965e-01 8.645189803655631833e-01 4.918670010345769228e-01 -1.033140163902967479e-01 -2.581815709082115329e-01 1.319112458823056722e+00 1.357821166926819423e+00
1.583524528037245989e+09 -2.780286970079229314e-01 6.681931953446136330e-01 6.900854276403961540e-01 4.198169713416840532e-01 -5.616393465957533193e-01 7.129620992311954675e-01 8.639755519137498618e-01 4.879334976597760609e-01 -1.243669878166411696e-01 -2.621910813181086986e-01 1.313716645455160981e+00 1.362999860935797614e+00
1.583524528037255049e+09 -2.666494847580900274e-01 6.811754848261838413e-01 6.818342989733321424e-01 4.288232585772617234e-01 -5.497140571734504544e-01 7.168856730750345907e-01 8.631388447241432615e-01 4.835436012469189748e-01 -1.455229209546999025e-01 -2.660915897970550503e-01 1.308524848987767886e+00 1.368462564507622048e+00
1.583524528037265062e+09 -2.549987317130965048e-01 6.937961995859199815e-01 6.735150186679159656e-01 4.381025022114023448e-01 -5.380474444844306481e-01 7.201188409221380704e-01 8.619987496918360970e-01 4.786980060687900940e-01 -1.667524351163478524e-01 -2.698778121831246213e-01 1.303532381832789966e+00 1.374185294539382873e+00
1.583524528037273884e+09 -2.430887287757407533e-01 7.060595489440069095e-01 6.651223822677873043e-01 4.476279330753742958e-01 -5.266603178623888715e-01 7.226742994813899479e-01 8.605446551815019163e-01 4.734013339921475105e-01 -1.880267893539667168e-01 -2.735455949624737704e-01 1.298733142132417306e+00 1.380145539085418704e+00
1.583524528037283897e+09 -2.309341604019546357e-01 7.179697013003477624e-01 6.566497709437889574e-01 4.573740793051077058e-01 -5.155695353649836221e-01 7.245667711084341489e-01 8.587656055216184026e-01 4.676618033480813841e-01 -2.093181133205256339e-01 -2.770917778759229844e-01 1.294119985938117612e+00 1.386322368687891160e+00
1.583524528037292957e+09 -2.185520187006128046e-01 7.295309236813983800e-01 6.480892273605921572e-01 4.673167812458419723e-01 -5.047879335400865530e-01 7.258127638237819035e-01 8.566504778348089655e-01 4.614908164183486594e-01 -2.305996211806841945e-01 -2.805140472277112274e-01 1.289685059994487792e+00 1.392696484440284932e+00
1.583524528037306070e+09 -2.059614567220224846e-01 7.407477181728544524e-01 6.394315416626304982e-01 4.774331818716944231e-01 -4.943243368151281070e-01 7.264303179874276317e-01 8.541881732256038084e-01 4.549024820206404862e-01 -2.518457795451858328e-01 -2.838107873002818082e-01 1.285420089600529447e+00 1.399250214652852264e+00
1.583524528037316084e+09 -1.931836097383726747e-01 7.516249577001001825e-01 6.306663269885043333e-01 4.877016823879668506e-01 -4.841836272350786841e-01 7.264387683243447302e-01 8.513678182836293962e-01 4.479130922123875092e-01 -2.730324155067779812e-01 -2.869809358289030499e-01 1.281316619375842070e+00 1.405967471361368792e+00
1.583524528037331104e+09 -1.802414012992568926e-01 7.621680179161869351e-01 6.217820758350851573e-01 4.981018631160153975e-01 -4.743668607062492826e-01 7.258585367929580867e-01 8.481789736261842183e-01 4.405405702381178790e-01 -2.941367620248482861e-01 -2.900238475346464395e-01 1.277366208112769685e+00 1.412833677480481942e+00
1.583524528037343025e+09 -1.671593372441468883e-01 7.723828959621142909e-01 6.127662018287821644e-01 5.086143767097480728e-01 -4.648714268420880980e-01 7.247109577763520827e-01 8.446118468614143282e-01 4.328039032034091127e-01 -3.151374455931895135e-01 -2.929391687510229936e-01 1.273560580323430225e+00 1.419835673381711905e+00
1.583524528037384033e+09 -1.539632924083556564e-01 7.822763091353746034e-01 6.036050702758479769e-01 5.192208199786583211e-01 -4.556912471094700101e-01 7.230181376837426788e-01 8.406575074146969140e-01 4.247225724767180743e-01 -3.360144219491527084e-01 -2.957267260450823776e-01 1.269891737365214990e+00 1.426961609316504509e+00
1.583524528037405014e+09 -1.406802011390056173e-01 7.918557127804056739e-01 5.942841166066287206e-01 5.299036229519266117e-01 -4.468171124507505088e-01 7.208027597163857436e-01 8.363080960207913694e-01 4.163159836672337133e-01 -3.567488898020820254e-01 -2.983864308993661729e-01 1.266352032065638511e+00 1.434200829146480505e+00
1.583524528037425041e+09 -1.273375859997899762e-01 8.011291839518052127e-01 5.847881410552518977e-01 5.406459843793781639e-01 -4.382372515585590822e-01 7.180877599096195940e-01 8.315570087762834683e-01 4.076029220533122222e-01 -3.773232025603472928e-01 -3.009182007738224751e-01 1.262934212379295262e+00 1.441543750714964212e+00
1.583524528037441969e+09 -1.139630557544585587e-01 8.101052357612639199e-01 5.751016684219317776e-01 5.514318174363462832e-01 -4.299379938861115358e-01 7.148959869401955158e-01 8.263990396409178762e-01 3.986010894431850082e-01 -3.977207548984968977e-01 -3.033218953135628504e-01 1.259631440429155980e+00 1.448981747573759860e+00
1.583524528037461996e+09 -1.005836490242151826e-01 8.187924778845119267e-01 5.652095255877337410e-01 5.622457676486671829e-01 -4.219046774034853065e-01 7.112497029576773100e-01 8.208304492319316026e-01 3.893267540836673479e-01 -4.179258932755141598e-01 -3.055972665498757901e-01 1.256437292263934857e+00 1.456507034977044368e+00
1.583524528037480116e+09 -8.722498973120286492e-02 8.271990877775292628e-01 5.550977125270930568e-01 5.730733396102134503e-01 -4.141228607705992326e-01 7.071698548625600100e-01 8.148489115591924792e-01 3.797945832529576737e-01 -4.379238814728733109e-01 -3.077439225909139875e-01 1.253345742360829629e+00 1.464112561540310109e+00
1.583524528037498951e+09 -7.391034977599336697e-02 8.353321439788917724e-01 5.447545039171449721e-01 5.839011275939917089e-01 -4.065797388990710082e-01 7.026751661489046841e-01 8.084532970208543334e-01 3.700177364046437489e-01 -4.577009300666207703e-01 -3.097613035819030691e-01 1.250351136942050578e+00 1.471791907839929303e+00
1.583524528037517071e+09 -6.065981063835969994e-02 8.431969516137354237e-01 5.341715906607338304e-01 5.947171029579549906e-01 -3.992655206738373597e-01 6.977812060105297309e-01 8.016432840700681295e-01 3.600082567004326273e-01 -4.772442774037496394e-01 -3.116486671448585044e-01 1.247448160647782300e+00 1.479539193473143444e+00
1.583524528037535906e+09 -4.748967288953592075e-02 8.507964777955772107e-01 5.233450911644066395e-01 6.055109102767914919e-01 -3.921745602695034805e-01 6.924995681040931883e-01 7.944188244088961071e-01 3.497777405019794061e-01 -4.965423081428945173e-01 -3.134050806538136169e-01 1.244631800050566950e+00 1.487348993204153036e+00
1.583524528037554979e+09 -3.441212076290780381e-02 8.581309190140787857e-01 5.122764213616002316e-01 6.162741668233592263e-01 -3.853062153149461877e-01 6.868371508276247539e-01 7.867794845570850182e-01 3.393382477334138114e-01 -5.155847131239053027e-01 -3.150294182337979310e-01 1.241897306361266606e+00 1.495216262041297206e+00
