1.583524531610980988e+09 -1.752443972996454991e-01 7.431009914801047778e-01 6.458252999134290739e-01 2.359246666650899604e-01 -6.051671908694734592e-01 7.603369140457677533e-01 9.558393971380750864e-01 2.856109028534112304e-01 -6.926369409504730401e-02 -5.267390275521374177e-01 1.405414905827708560e+00 1.508036302118885841e+00
1.583524531611026049e+09 -1.583838113118623547e-01 7.546214726924517224e-01 6.367581971191055290e-01 2.411375205588472959e-01 -5.958084073086844512e-01 7.660711703658763527e-01 9.574796419453651675e-01 2.748795645492626560e-01 -8.760114453420841940e-02 -5.371997200824789598e-01 1.412821351195224562e+00 1.519504216340633596e+00
1.583524531611046076e+09 -1.412048865685967547e-01 7.656054123186387672e-01 6.276221259421391752e-01 2.465999718319330514e-01 -5.867890906872322843e-01 7.712762261668710817e-01 9.587750696325151312e-01 2.636795706104602677e-01 -1.059407861309262511e-01 -5.471553092847312172e-01 1.420729099796462336e+00 1.531086458503009728e+00
1.583524531611063957e+09 -1.237477368569348674e-01 7.760699438349794033e-01 6.183865621410868929e-01 2.522688718465763702e-01 -5.780985299328665894e-01 7.759913054247580266e-01 9.597118912301981775e-01 2.520268482681697897e-01 -1.242399044540169611e-01 -5.566168634003730853e-01 1.429097560066218131e+00 1.542758752376966358e+00
1.583524531611079931e+09 -1.060601056633319328e-01 7.860369982380591702e-01 6.090132114578283851e-01 2.581098670482829815e-01 -5.697115990451523393e-01 7.802614885760563723e-01 9.602762887680023063e-01 2.399469349702545162e-01 -1.424602327256436207e-01 -5.655978769632067360e-01 1.437887014090433846e+00 1.554501046498287353e+00
1.583524531611093044e+09 -8.819658904400545785e-02 7.955331069273191558e-01 5.994567856085920576e-01 2.640980322186990414e-01 -5.615896108587822289e-01 7.841360458901177610e-01 9.604548877036266363e-01 2.274734820825100867e-01 -1.605684399914785454e-01 -5.741137308508368342e-01 1.447059159971382458e+00 1.566297086106254399e+00
1.583524531611104965e+09 -7.021844099973963138e-02 8.045894134241622364e-01 5.896653684127238781e-01 2.702179301533035316e-01 -5.536809326245570873e-01 7.876672490231397816e-01 9.602352008890451263e-01 2.146469216003487335e-01 -1.785358740259002097e-01 -5.821811934684698597e-01 1.456577513182676809e+00 1.578133959722461732e+00
1.583524531611118078e+09 -5.219394180461025406e-02 8.132418015874236517e-01 5.795805077419683426e-01 2.764633007506103746e-01 -5.459213412873872295e-01 7.909095603030822375e-01 9.596060837874474947e-01 2.015134277989847067e-01 -1.963377260656301027e-01 -5.898179688436480106e-01 1.466407685165244557e+00 1.590001645199817570e+00
1.583524531611133099e+09 -3.419932218710883265e-02 8.215310484776002786e-01 5.691371918298738786e-01 2.828365173640158825e-01 -5.382341438091096109e-01 7.939190834078858616e-01 9.585582460544671557e-01 1.881242757814534650e-01 -2.139517377693531675e-01 -5.970422946919545781e-01 1.476517557380469192e+00 1.601892573578202361e+00
1.583524531611146927e+09 -1.632026668869621111e-02 8.295029188721532165e-01 5.582638774485937372e-01 2.893479016810471260e-01 -5.305301078910694690e-01 7.967531590975343025e-01 9.570848661260065171e-01 1.745357055871716856e-01 -2.313565361751293570e-01 -6.038725934057256328e-01 1.486877367028935470e+00 1.613801223431824861e+00
1.583524531611160040e+09 1.115699765149091166e-03 8.371095890439949061e-01 5.470340862604256005e-01 2.959269566496045556e-01 -5.228094213909469934e-01 7.994357668699855202e-01 9.552099202901652708e-01 1.609902020558340308e-01 -2.483065914237467808e-01 -6.103271765115959591e-01 1.497459720392929849e+00 1.625723753867633237e+00
1.583524531611175060e+09 1.864635361425661525e-02 8.442522774061627100e-01 5.356215137366593382e-01 3.025847458544511093e-01 -5.153577455297295717e-01 8.017785640791024182e-01 9.529400743755455094e-01 1.471206530055811645e-01 -2.650674035628348135e-01 -6.164177790300457982e-01 1.508241537419689138e+00 1.637659061167689556e+00
1.583524531611187935e+09 3.624222148285299872e-02 8.509379477685975468e-01 5.240144185187141090e-01 3.093212723143430876e-01 -5.081603655054889312e-01 8.037993490549738551e-01 9.502667268471505224e-01 1.329573326356351670e-01 -2.816300691844213500e-01 -6.221523097042360728e-01 1.519201974963263480e+00 1.649608058806929733e+00
1.583524531611203909e+09 5.387438361738684789e-02 8.571742730377769348e-01 5.122009535506115707e-01 3.161367046738132736e-01 -5.012017223098440555e-01 8.055150014926251156e-01 9.471827358139561781e-01 1.185288974119611954e-01 -2.979861838701516885e-01 -6.275379210589712153e-01 1.530321905480980238e+00 1.661572042817230921e+00
1.583524531611219883e+09 7.151526123217431807e-02 8.629690166623144032e-01 5.001700151727632715e-01 3.230310087402364361e-01 -4.944665784397084818e-01 8.069409955606596796e-01 9.436824333845393875e-01 1.038618284731610969e-01 -3.141276584938799687e-01 -6.325809820509852299e-01 1.541583697303944511e+00 1.673552617033370993e+00
1.583524531611237049e+09 8.913954804343247884e-02 8.683292478323844099e-01 4.879123473735916261e-01 3.300036342140519330e-01 -4.879414691056893072e-01 8.080907896087762277e-01 9.397615349942648466e-01 8.898000007528150679e-02 -3.300466895077541207e-01 -6.372870815016828949e-01 1.552971004401833222e+00 1.685551635443205853e+00
1.583524531611253977e+09 1.067251049325153717e-01 8.732605287604351396e-01 4.754217088778540656e-01 3.370533239338632803e-01 -4.816162098496699628e-01 8.089752056479904141e-01 9.354169172492963202e-01 7.390450356602662474e-02 -3.457359044121453562e-01 -6.416610528020461057e-01 1.564468570509186973e+00 1.697571158164653538e+00
1.583524531611273050e+09 1.242536683145037124e-01 8.777662039450726539e-01 4.626959233755972845e-01 3.441780845195523408e-01 -4.754852513449197571e-01 8.096018910600110141e-01 9.306462659464154186e-01 5.865379181402443493e-02 -3.611886774374756803e-01 -6.457070118079609733e-01 1.576062050104324319e+00 1.709613418101233906e+00
1.583524531611290932e+09 1.417113616215765759e-01 8.818468203899862967e-01 4.497377855390629064e-01 3.513753131929598372e-01 -4.695488601744317037e-01 8.099748497981137385e-01 9.254476103693557443e-01 4.324411643572033392e-02 -3.763996110233708281e-01 -6.494284020116297684e-01 1.587737846735554514e+00 1.721680795851128876e+00
1.583524531611309052e+09 1.590890593533427488e-01 8.854996507801977668e-01 4.365558842214437574e-01 3.586420586740448613e-01 -4.638142095157364309e-01 8.100939778318135831e-01 9.198187567210420745e-01 2.769021215491359461e-02 -3.913651840138236415e-01 -6.528280470086803566e-01 1.599482967069409955e+00 1.733775800605890538e+00
1.583524531611325979e+09 1.763825237572587412e-01 8.887183797019655440e-01 4.231652718254221290e-01 3.659753966150359750e-01 -4.582962930610728347e-01 8.099546388267565566e-01 9.137566495826555668e-01 1.200623489860090827e-02 -4.060845182843608181e-01 -6.559082092070452896e-01 1.611284889732182979e+00 1.745901055245449029e+00
1.583524531611344099e+09 1.935922147884192313e-01 8.914930277144921256e-01 4.095878859242697567e-01 3.733728790299443157e-01 -4.530185367101164928e-01 8.095473418645451336e-01 9.072567155158181018e-01 -3.793054669334913580e-03 -4.205601802488284080e-01 -6.586706530510406665e-01 1.623131448270283661e+00 1.758059284252696308e+00
1.583524531611361027e+09 2.107226490474488068e-01 8.938102146874291609e-01 3.958525807481713121e-01 3.808329901112327831e-01 -4.480129115242679205e-01 8.088576295421348039e-01 9.003122786517087084e-01 -1.969090039358031841e-02 -4.347988841681402761e-01 -6.611167129689735633e-01 1.635010727315069801e+00 1.770253303197846906e+00
1.583524531611378908e+09 2.277814826988985020e-01 8.956536254313091083e-01 3.819949996759040012e-01 3.883555438145234739e-01 -4.433198003173133284e-01 8.078660324293740480e-01 8.929140876909831270e-01 -3.566704681781899394e-02 -4.488120921916837203e-01 -6.632473669664222804e-01 1.646910971352025577e+00 1.782486008670675970e+00
1.583524531611396074e+09 2.447782818013308492e-01 8.970047158856120362e-01 3.680572412322719589e-01 3.959419630965505532e-01 -4.389875245571708273e-01 8.065481481352816395e-01 8.850500295949310647e-01 -5.169616322647098416e-02 -4.626164200986335184e-01 -6.650633175425468835e-01 1.658820505960294067e+00 1.794760367582682425e+00
1.583524531611413956e+09 2.617229677693924672e-01 8.978436977191476265e-01 3.540872533629803032e-01 4.035953753089190910e-01 -4.350714160508359352e-01 8.048749195265114675e-01 8.767051165807934199e-01 -6.774627466849085511e-02 -4.762337463397575132e-01 -6.665650816844235216e-01 1.670727672027960908e+00 1.807079404821068991e+00
1.583524531611433029e+09 2.786239632601738014e-01 8.981508340024860759e-01 3.401378644961213227e-01 4.113204581470959464e-01 -4.316322947692025624e-01 8.028132055092083164e-01 8.678618369728751114e-01 -8.377733477756524327e-02 -4.896909131552637517e-01 -6.677530904202787498e-01 1.682620774039922384e+00 1.819446188459453273e+00
1.583524531611452103e+09 2.954861932533014990e-01 8.979079874853357346e-01 3.262654685878613736e-01 4.191230058570471484e-01 -4.287343658305258765e-01 8.003266518336655810e-01 8.585009119532032162e-01 -9.974011176498820408e-02 -5.030189803614052435e-01 -6.686277965918711041e-01 1.694488043749453166e+00 1.831863812086263588e+00
1.583524531611470938e+09 3.123091114051502193e-01 8.971003647831742311e-01 3.125283264367749725e-01 4.270092122722508599e-01 -4.264425137809908506e-01 7.973768965757763727e-01 8.486024698489861295e-01 -1.155755954961324716e-01 -5.162520026257686467e-01 -6.691897883388593371e-01 1.706317620365242593e+00 1.844335374143621031e+00
1.583524531611489058e+09 3.290850673222344147e-01 8.957182458752501741e-01 2.989846866610988974e-01 4.349847608139510435e-01 -4.248192927837100563e-01 7.939249501410151622e-01 8.381475267459694845e-01 -1.312150632064147115e-01 -5.294254724893320274e-01 -6.694399037695252241e-01 1.718097547755369048e+00 1.856863954699228048e+00
1.583524531611505985e+09 3.457982201200959227e-01 8.937585538559412734e-01 2.856908097178844641e-01 4.430538296167954027e-01 -4.239217931457945898e-01 7.899326664190947644e-01 8.271196378325801346e-01 -1.465809026840628748e-01 -5.425745515624817994e-01 -6.693793414019971744e-01 1.729815788189902559e+00 1.869452590491180288e+00
1.583524531611522913e+09 3.624241852050001933e-01 8.912260667284603866e-01 2.726991168822514022e-01 4.512181724420344375e-01 -4.237987344408647994e-01 7.853641153391379692e-01 8.155065119915324567e-01 -1.615881523970024158e-01 -5.557323080652492031e-01 -6.690097604964864164e-01 1.741460250961770040e+00 1.882104249453305567e+00
1.583524531611538887e+09 3.789304535676364938e-01 8.881341444767236748e-01 2.600566345236624000e-01 4.594764180655035446e-01 -4.244880586051703597e-01 7.801867144865664017e-01 8.033013960302527456e-01 -1.761466146135683697e-01 -5.689281480285778292e-01 -6.683333647524859478e-01 1.753018832761277901e+00 1.894821806347906978e+00
1.583524531611556053e+09 3.952774860960731607e-01 8.845049346891513675e-01 2.478038132924085812e-01 4.678236744090851773e-01 -4.260151649039730093e-01 7.743720611258245734e-01 7.905040916470839063e-01 -1.901633511073585747e-01 -5.821865519814413137e-01 -6.673529654751433338e-01 1.764479465954676973e+00 1.907608020871761623e+00
1.583524531611573935e+09 4.114203121750109049e-01 8.803690657091475247e-01 2.359738020594006613e-01 4.762514804454220374e-01 -4.283918932268394042e-01 7.678964209508355454e-01 7.771215184033853918e-01 -2.035453125968257060e-01 -5.955261973057763836e-01 -6.660720213298526593e-01 1.775830170225284999e+00 1.920465519557176037e+00
1.583524531611591101e+09 4.273104098882009594e-01 8.757648565056669332e-01 2.245923642890298721e-01 4.847481391342450263e-01 -4.316164203554600509e-01 7.607407622859841956e-01 7.631677767494334796e-01 -2.162017162452736507e-01 -6.089595739842886823e-01 -6.644946542152506685e-01 1.787059103076918287e+00 1.933396782364335209e+00
1.583524531611608028e+09 4.428975876663870936e-01 8.707372374137727356e-01 2.136782408353178064e-01 4.932993172936102622e-01 -4.356737968148897133e-01 7.528905142479822565e-01 7.486638168483494837e-01 -2.280460621586416770e-01 -6.224929583531040311e-01 -6.626256440895381683e-01 1.798154605781797644e+00 1.946404134080404358e+00
1.583524531611625910e+09 4.581316851375984434e-01 8.653365312552599997e-01 2.032438120441770468e-01 5.018888034751107785e-01 -4.405369111089720291e-01 7.443351792135867173e-01 7.336368231486604108e-01 -2.389977362644709891e-01 -6.361266337011843852e-01 -6.604704075182015188e-01 1.809105242757154119e+00 1.959489740025338822e+00
1.583524531611644030e+09 4.729639769316679732e-01 8.596171985493482604e-01 1.932960135887466513e-01 5.104993521453280447e-01 -4.461677688627881944e-01 7.350678428589002555e-01 7.181194108530201126e-01 -2.489831205074405918e-01 -6.498553052654796325e-01 -6.580349651040691139e-01 1.819899833573706438e+00 1.972655605251076860e+00
1.583524531611661911e+09 4.873482324913226416e-01 8.536366524122037669e-01 1.838373366109835594e-01 5.191135156251562854e-01 -4.525188721249964185e-01 7.250847042822284871e-01 7.021487438156701621e-01 -2.579363028697661542e-01 -6.636685961706743075e-01 -6.553259016444500373e-01 1.830527477193619745e+00 1.985903576569457485e+00
1.583524531611675978e+09 5.012414389923839364e-01 8.474541940436081111e-01 1.748668328211301637e-01 5.277144117506745724e-01 -4.595345906452533158e-01 7.143846721124229582e-01 6.857656449005443688e-01 -2.657994531684982897e-01 -6.775515709469417391e-01 -6.523503219272616116e-01 1.840977568296368938e+00 1.999235346860187779e+00
1.583524531611690044e+09 5.146042059934631263e-01 8.411300949958597784e-01 1.663811132678329474e-01 5.362864120807826485e-01 -4.671524818210480712e-01 7.029690199887840274e-01 6.690137484753535535e-01 -2.725228840377163508e-01 -6.914852726919950010e-01 -6.491158055768019297e-01 1.851239806579872749e+00 2.012652460826546807e+00
1.583524531611702919e+09 5.274008956565410244e-01 8.347248437297596357e-01 1.583752850262845069e-01 5.448157308263227305e-01 -4.753044884113319934e-01 6.908411270750005606e-01 6.519387355893453417e-01 -2.780648824593142665e-01 -7.054472386396125616e-01 -6.456303630733351007e-01 1.861304199859812547e+00 2.026156321617371692e+00
