1.583524530475800991e+09 -4.953850268270219015e-01 1.934477073739714059e-01 8.468598821293437107e-01 3.126700431875990005e-01 -8.698390948153194024e-01 3.815984712568171178e-01 8.104511826832276888e-01 4.538258848278493018e-01 3.704199603002976682e-01 -1.864851341902608040e-01 1.464595658864403793e+00 1.422755710086714531e+00
1.583524530475841045e+09 -4.940117687674138169e-01 2.146219065095253675e-01 8.425495889374782221e-01 3.098825851707157630e-01 -8.619540079327081550e-01 4.012581110191766887e-01 8.123577758299981300e-01 4.593176738993271502e-01 3.593078328309721181e-01 -1.954550426716995803e-01 1.459020734743237346e+00 1.417539619704589526e+00
1.583524530475856066e+09 -4.909690627722506084e-01 2.361847386595269105e-01 8.385500276545149179e-01 3.062375911627550074e-01 -8.543284604937529947e-01 4.199302553905666091e-01 8.155782717704154194e-01 4.629683044454322993e-01 3.471201981112619905e-01 -2.045421614276318745e-01 1.453345000489594030e+00 1.412645036015898858e+00
1.583524530475873947e+09 -4.865046634978443807e-01 2.579294148959254129e-01 8.347368624800574066e-01 3.018262734830745031e-01 -8.469855748136332352e-01 4.376257953296583403e-01 8.198866465892593602e-01 4.648525068248073322e-01 3.342125579418419590e-01 -2.137628526286600716e-01 1.447586650891735438e+00 1.408109961597766357e+00
1.583524530475886106e+09 -4.808515736750927361e-01 2.797037087735055882e-01 8.309919371765676077e-01 2.967364841125696984e-01 -8.399145315974145820e-01 4.544128504513969546e-01 8.250631632285435613e-01 4.650907599907316281e-01 3.208759291353673881e-01 -2.231326159398216435e-01 1.441769331487990025e+00 1.403973179398550153e+00
1.583524530475905895e+09 -4.742191022144145451e-01 3.014012560084787795e-01 8.272082725864932096e-01 2.910528621996262277e-01 -8.330775115566294575e-01 4.703935492694814591e-01 8.309058157982576187e-01 4.638309419837432501e-01 3.073375713717023672e-01 -2.326653138912364582e-01 1.435922394699236770e+00 1.400273498786836157e+00
1.583524530475919962e+09 -4.667873561148649930e-01 3.229515993443777266e-01 8.232932824464138655e-01 2.848568770864927657e-01 -8.264183103264687302e-01 4.856843995719899998e-01 8.372371969615725051e-01 4.612320901377260918e-01 2.937666340799676146e-01 -2.423723457141545023e-01 1.430080963077604794e+00 1.397048929589111310e+00
1.583524530475929976e+09 -4.587047633574639072e-01 3.443102870719077502e-01 8.191705357036518365e-01 2.782257254671539060e-01 -8.198715623009960041e-01 5.004009063508114696e-01 8.439078065707902310e-01 4.574505959015687795e-01 2.802830115581485537e-01 -2.522618067963083854e-01 1.424285779334072410e+00 1.394335805651439664e+00
1.583524530475939989e+09 -4.500882689106373569e-01 3.654499828039134424e-01 8.147802529150999229e-01 2.712295625171448621e-01 -8.133716233436492082e-01 5.146466038163989287e-01 8.507967294465951236e-01 4.526288905522722339e-01 2.669681869680513575e-01 -2.623376739259938861e-01 1.418582830020105323e+00 1.392167878732300634e+00
1.583524530475953102e+09 -4.410258879511338437e-01 3.863531883935660272e-01 8.100786259780901055e-01 2.639270511796812380e-01 -8.068602943701788099e-01 5.285063642897581682e-01 8.578103974920064934e-01 4.468866515724149169e-01 2.538772200426171466e-01 -2.725990592458136241e-01 1.413022736716685657e+00 1.390575405822085608e+00
1.583524530475967884e+09 -4.316262982853952268e-01 4.069101977086360677e-01 8.050607616327332128e-01 2.563948816066978220e-01 -8.003244288331480272e-01 5.419801411205903419e-01 8.648470405498317470e-01 4.403463407173099919e-01 2.411113786710182838e-01 -2.830395772581709712e-01 1.407659916407784317e+00 1.389584255966371806e+00
1.583524530475979090e+09 -4.219733020396640444e-01 4.272414974664252019e-01 7.996269352015976661e-01 2.489495794661849837e-01 -7.934896449550440378e-01 5.553361957436595553e-01 8.717583607189519634e-01 4.334038375051900704e-01 2.284698544840156886e-01 -2.936258145172689904e-01 1.402514355740279273e+00 1.389135455147783249e+00
1.583524530475995064e+09 -4.120996403906237449e-01 4.473465964476971424e-01 7.937599821911475173e-01 2.417452039039493517e-01 -7.862677267869701003e-01 5.686319708502158843e-01 8.784834335455328214e-01 4.262206994450132846e-01 2.158767532788606891e-01 -3.043439657129259901e-01 1.397630187780132927e+00 1.389248478783488450e+00
1.583524530476011038e+09 -4.020155530214461481e-01 4.672162076275443998e-01 7.874595295953354945e-01 2.349319707034025762e-01 -7.785929441472893009e-01 5.818934580623708053e-01 8.849804882060285927e-01 4.189296394775529064e-01 2.032424486109966344e-01 -3.151749369642282139e-01 1.393051857288436057e+00 1.389938107461865746e+00
1.583524530476027966e+09 -3.917140782522757769e-01 4.868311632719825588e-01 7.807403535476624690e-01 2.286485790058421508e-01 -7.704254561022846337e-01 5.951171682773974680e-01 8.912238262373530784e-01 4.116309454337134244e-01 1.904732436951875052e-01 -3.260944465817128823e-01 1.388822995452141384e+00 1.391213910474828674e+00
1.583524530476044893e+09 -3.811767996294870842e-01 5.061634902941735126e-01 7.736296069883525917e-01 2.230151996634933409e-01 -7.617520314435343165e-01 6.082746611367377820e-01 8.972003501889923571e-01 4.043913498951257068e-01 1.774800496008336614e-01 -3.370733605463551719e-01 1.384985249688681197e+00 1.393079866435984471e+00
1.583524530476062059e+09 -3.703793646978209564e-01 5.251790455374427680e-01 7.661632310584539640e-01 2.181281489928809381e-01 -7.525842360695438327e-01 6.213188217870702079e-01 9.029059956935161502e-01 3.972454379052564044e-01 1.641853381387272659e-01 -3.480782602620038357e-01 1.381577129591930131e+00 1.395534155677963017e+00
1.583524530476078987e+09 -3.592962134202090652e-01 5.438409175234212301e-01 7.583820196580967066e-01 2.140569543131519703e-01 -7.429546015353278854e-01 6.341908864355998432e-01 9.083423647329664785e-01 3.901993294161058556e-01 1.505278446338439990e-01 -3.590722206177917597e-01 1.378632934922295661e+00 1.398569149823365887e+00
1.583524530476097107e+09 -3.479041534605045172e-01 5.621128038763744117e-01 7.503278590154314198e-01 2.108440238168757530e-01 -7.329115557268089942e-01 6.468272174028626420e-01 9.135138191962128840e-01 3.832360204833166195e-01 1.364648489436994239e-01 -3.700157577618078397e-01 1.376181827359256094e+00 1.402171607665315900e+00
1.583524530476114988e+09 -3.361846236698029511e-01 5.799617287589667880e-01 7.420406271050220548e-01 2.085067607689972680e-01 -7.225139629197349089e-01 6.591650052679928207e-01 9.184251900718812811e-01 3.763216267503419754e-01 1.219721432826858937e-01 -3.808678923068160582e-01 1.374247095630356519e+00 1.406323068246412955e+00
1.583524530476131916e+09 -3.241247415620471251e-01 5.973597737084547221e-01 7.335560325931692605e-01 2.070413830021900492e-01 -7.118260754204753793e-01 6.711464103653815849e-01 9.230801795450467306e-01 3.694116123095160242e-01 1.070422490306294772e-01 -3.915872666684938053e-01 1.372845647951185022e+00 1.411000417248808869e+00
1.583524530476150990e+09 -3.117173651228883346e-01 6.142847744881745342e-01 7.249044767446033433e-01 2.064276525509103066e-01 -7.009134225442555932e-01 6.827210253316732258e-01 9.274804088390347090e-01 3.624563285907598242e-01 9.168152125620232518e-02 -4.021332542365609330e-01 1.371987749383684507e+00 1.416176592694753378e+00
1.583524530476170063e+09 -2.989604943833840678e-01 6.307201704953498966e-01 7.161108081993108332e-01 2.066336909893550233e-01 -6.898398760967741072e-01 6.938468585827969326e-01 9.316250000848932400e-01 3.554054193266861228e-01 7.590683358968672301e-02 -4.124670017586899995e-01 1.371677006324809156e+00 1.421821390023058962e+00
1.583524530476187944e+09 -2.858562919849363393e-01 6.466542671618696891e-01 7.071947676457166487e-01 2.076203620125164351e-01 -6.786658743759129697e-01 7.044901818376759772e-01 9.355105375394436873e-01 3.482109847951737058e-01 5.974231729857731876e-02 -4.225523544613120075e-01 1.371910584456703219e+00 1.427902322360322884e+00
1.583524530476205111e+09 -2.724099800787942449e-01 6.620792013512241114e-01 6.981718514686102717e-01 2.093448567536249916e-01 -6.674476253104988377e-01 7.146246556679196615e-01 9.391312655539972853e-01 3.408295744532034433e-01 4.321651874645850849e-02 -4.323566249266180828e-01 1.372679633024947110e+00 1.434385491408480373e+00
1.583524530476222992e+09 -2.586288178172701513e-01 6.769898623614462041e-01 6.890543237987716285e-01 2.117633211184902775e-01 -6.562370120829166265e-01 7.242301290830600591e-01 9.424794059606234065e-01 3.332232141553482796e-01 2.636018102473391619e-02 -4.418511801011081319e-01 1.373969878268041178e+00 1.441236427491246364e+00
1.583524530476243019e+09 -2.445213013679860825e-01 6.913829519696903514e-01 6.798521509817367914e-01 2.148325388237705413e-01 -6.450818971707507066e-01 7.332914333847292410e-01 9.455455111607146135e-01 3.253597391981906672e-01 9.204710113611385552e-03 -4.510118352948363496e-01 1.375762341627053909e+00 1.448420862575706236e+00
1.583524530476257086e+09 -2.300966631390069794e-01 7.052562890652536165e-01 6.705737041054568026e-01 2.185108099418083261e-01 -6.340265499212971445e-01 7.417973847377627994e-01 9.483188028226150479e-01 3.172127061684126836e-01 -8.218729461531234376e-03 -4.598190561192971315e-01 1.378034137804712733e+00 1.455905409283932306e+00
1.583524530476269960e+09 -2.153646545428389014e-01 7.186083706833363838e-01 6.612261908371411812e-01 2.227582718327614786e-01 -6.231120157938668802e-01 7.497400670723808336e-01 9.507874726454071945e-01 3.087611141091650135e-01 -2.587965475414180649e-02 -4.682579809116561576e-01 1.380759307953683734e+00 1.463658126998187203e+00
1.583524530476279974e+09 -2.003355601365497951e-01 7.314381590970093772e-01 6.518158352273011324e-01 2.275368896858707413e-01 -6.123763304174018041e-01 7.571143862369211774e-01 9.529389421217895340e-01 2.999890824561042835e-01 -4.374840854838943360e-02 -4.763182831990835364e-01 1.383909649289584154e+00 1.471648966281388526e+00
1.583524530476289988e+09 -1.850203685505793227e-01 7.437450415856978747e-01 6.423478626333302133e-01 2.328103006142528408e-01 -6.018545549136750106e-01 7.639178350633503145e-01 9.547600889146093950e-01 2.908855583911714726e-01 -6.179615514569614110e-02 -4.839938972340693257e-01 1.387455510058355435e+00 1.479850091603017503e+00
1.583524530476299047e+09 -1.694310348179703385e-01 7.555289151147501769e-01 6.328263451829037045e-01 2.385436247948354849e-01 -5.915786456657043946e-01 7.701504042278913831e-01 9.562374515488915039e-01 2.814440702067504407e-01 -7.999482393446606665e-02 -4.912826335044388482e-01 1.391366523705952485e+00 1.488236087773776806e+00
1.583524530476309061e+09 -1.535807340707247559e-01 7.667903203165526982e-01 6.232540116859635049e-01 2.447033438192728061e-01 -5.815772415099146331e-01 7.758145305108031797e-01 9.573574211755675467e-01 2.716625058148134375e-01 -9.831709571610970644e-02 -4.981857157159269578e-01 1.395612259859825510e+00 1.496784059254805399e+00
1.583524530476319075e+09 -1.374840681207451509e-01 7.775305938365782987e-01 6.136320615422725666e-01 2.512572527507391795e-01 -5.718754205515975686e-01 7.809150378750542298e-01 9.581064263361110944e-01 2.615428822550792676e-01 -1.167364416569187102e-01 -5.047072706057244007e-01 1.400162777507025780e+00 1.505473636166855700e+00
1.583524530476329088e+09 -1.211572482533896794e-01 7.877520555712423933e-01 6.039599493596079505e-01 2.581744386535715918e-01 -5.624944149875029664e-01 7.854590965824336246e-01 9.584711162337845591e-01 2.510910836617272768e-01 -1.352271692623566723e-01 -5.108537995791107011e-01 1.404989073352571616e+00 1.514286903775456494e+00
1.583524530476339102e+09 -1.046181791493104168e-01 7.974581663969201317e-01 5.942352309732709115e-01 2.654253186038321721e-01 -5.534513844868665933e-01 7.894561199483715042e-01 9.584385411009831435e-01 2.403165373036267038e-01 -1.537645117905346581e-01 -5.166336590102404980e-01 1.410063423880723255e+00 1.523208272931930063e+00
1.583524530476353884e+09 -8.788641670667601824e-02 8.066536220703519611e-01 5.844535157313659468e-01 2.729817230519011040e-01 -5.447593146056107782e-01 7.929175670272119447e-01 9.579963240376595524e-01 2.292318114881427837e-01 -1.723247515238713889e-01 -5.220565704076495228e-01 1.415359626173895879e+00 1.532224309156358988e+00
1.583524530476365089e+09 -7.098304310089062485e-02 8.153444033989812878e-01 5.746084856052930956e-01 2.808169714755928137e-01 -5.364270193118763075e-01 7.958566966192875958e-01 9.571328206441974684e-01 2.178521449209927241e-01 -1.908853238323295898e-01 -5.271331748204595158e-01 1.420853147652199944e+00 1.541323536890642831e+00
1.583524530476375103e+09 -5.393049337663232551e-02 8.235377972986475115e-01 5.646919501782868833e-01 2.889059114792703609e-01 -5.284592222592248145e-01 7.982883093167656430e-01 9.558372646149885243e-01 2.061949249610280643e-01 -2.094248713720993083e-01 -5.318746398005683718e-01 1.426521197654169182e+00 1.550496233057931272e+00
1.583524530476389885e+09 -3.675235836543016416e-02 8.312423978576336525e-01 5.546939160023143245e-01 2.972249094167611627e-01 -5.208566928252300610e-01 8.002285041359592510e-01 9.540998991752348557e-01 1.942791337082112046e-01 -2.279232345658546710e-01 -5.362923231592030548e-01 1.432342734313897026e+00 1.559734220967910145e+00
1.583524530476406097e+09 -1.947317846826014318e-02 8.384680901192298474e-01 5.446026601694730074e-01 3.057517922074733385e-01 -5.136164201583017785e-01 8.016944646035680799e-01 9.519120952645148126e-01 1.821247787868289225e-01 -2.463613770389707913e-01 -5.403974930770774066e-01 1.438298420481256779e+00 1.569030672881776223e+00
1.583524530476423025e+09 -2.118232277819319040e-03 8.452260116548415692e-01 5.344048115479301808e-01 3.144657477550044655e-01 -5.067318209700930609e-01 8.027042762907971030e-01 9.492664572229891906e-01 1.697523227883530328e-01 -2.647212540670688674e-01 -5.442011026299373722e-01 1.444370540803681324e+00 1.578379926602146321e+00
1.583524530476439953e+09 1.528667500762353158e-02 8.515284893416933398e-01 5.240854412194416723e-01 3.233471908822891927e-01 -5.001929746974114188e-01 8.032767781295560017e-01 9.461569171879756768e-01 1.571821241663252100e-01 -2.829856324188134709e-01 -5.477136172389097668e-01 1.450542890046973898e+00 1.587777318895330803e+00
1.583524530476458073e+09 3.271548280630687255e-02 8.573888844644356189e-01 5.136282685689065319e-01 3.323776358847116974e-01 -4.939869919822696964e-01 8.034313654484194211e-01 9.425788054982153774e-01 1.444339046229466128e-01 -3.011379133827138954e-01 -5.509448921473089067e-01 1.456800641898189363e+00 1.597219036970413786e+00
1.583524530476475000e+09 5.014224283677035099e-02 8.628212933523541350e-01 5.030160748053498221e-01 3.415396075268523624e-01 -4.880986102487574474e-01 8.031876762214096299e-01 9.385288765929156174e-01 1.315262812796390290e-01 -3.191620049278375282e-01 -5.539040938869917996e-01 1.463130207052343312e+00 1.606701988304282347e+00
1.583524530476492882e+09 6.754148496697590098e-02 8.678401928838542778e-01 4.922311933586520083e-01 3.508165545615649084e-01 -4.825108725563346801e-01 8.025652640008722472e-01 9.340052960653310032e-01 1.184764016044863311e-01 -3.370422072090290544e-01 -5.565996575849291306e-01 1.469519088121765904e+00 1.616223688310658213e+00
1.583524530476510048e+09 8.488865848308708995e-02 8.724599440020641694e-01 4.812562332732627790e-01 3.601928348056756546e-01 -4.772060488818403723e-01 8.015831265287128859e-01 9.290075552107502910e-01 1.052997306738011202e-01 -3.547632017796350512e-01 -5.590392735067456487e-01 1.475955736663089324e+00 1.625782164428360987e+00
1.583524530476526976e+09 1.021606583213082314e-01 8.766941314185051626e-01 4.700751005097184021e-01 3.696538163197719551e-01 -4.721668645210069792e-01 8.002590256903960864e-01 9.235362776813887953e-01 9.201006598582162077e-02 -3.723102091257475821e-01 -5.612298985162292864e-01 1.482429415901609371e+00 1.635375874616325831e+00
1.583524530476543903e+09 1.193363610829419330e-01 8.805548176603252841e-01 4.586742267777700888e-01 3.791860974330093503e-01 -4.673779349329926780e-01 7.986086460348450489e-01 9.175929035568705094e-01 7.861984031609769996e-02 -3.896693268738400939e-01 -5.631777873763048614e-01 1.488930072067063071e+00 1.645003638344018970e+00
1.583524530476560116e+09 1.363970427894863335e-01 8.840518678009993137e-01 4.470437809067025481e-01 3.887778036054167496e-01 -4.628271629922515729e-01 7.966447368122158146e-01 9.111792723508529424e-01 6.514071302038401678e-02 -4.068279997750092747e-01 -5.648885366707457889e-01 1.495448216519975837e+00 1.654664578553662224e+00
1.583524530476576090e+09 1.533265891139330150e-01 8.871924720176304069e-01 4.351786701545075631e-01 3.984189164595585697e-01 -4.585068896658830440e-01 7.943763586653506126e-01 9.042971438064580925e-01 5.158439670208194577e-02 -4.237755608525969886e-01 -5.663671354571642169e-01 1.501974819446111331e+00 1.664358073066371624e+00
1.583524530476593018e+09 1.701115002963541900e-01 8.899808817068305400e-01 4.230793163873274310e-01 4.081016354347903885e-01 -4.544147772391372575e-01 7.918082251735374388e-01 8.969476756421285168e-01 3.796367582546035513e-02 -4.405038328250631130e-01 -5.676180185287449387e-01 1.508501214858310124e+00 1.674083713943054219e+00
1.583524530476609945e+09 1.867407220089819520e-01 8.924183223082131633e-01 4.107522867175188441e-01 4.178207952237983913e-01 -4.505545014573127394e-01 7.889400638612655836e-01 8.891308599066446439e-01 2.429360995017234778e-02 -4.570078059867562215e-01 -5.686451224441189112e-01 1.515019016161639698e+00 1.683841273049583531e+00
1.583524530476627111e+09 2.032052629373927166e-01 8.945031279823101311e-01 3.982107173795305655e-01 4.275742909504480216e-01 -4.469361759978401349e-01 7.857660468440730295e-01 8.808449619812273035e-01 1.059286899803315099e-02 -4.732863238402834627e-01 -5.694519436846543492e-01 1.521520041760315189e+00 1.693630672502766110e+00
1.583524530476643085e+09 2.194975628090089226e-01 8.962311452242883725e-01 3.854744538129317721e-01 4.373634336376984177e-01 -4.435764106264801221e-01 7.822743731726634620e-01 8.720860319092276214e-01 -3.114887637562965307e-03 -4.893426720401479746e-01 -5.700415978296301533e-01 1.527996250188528027e+00 1.703451958996353710e+00
1.583524530476660013e+09 2.356105859914497391e-01 8.975964584848220573e-01 3.725697918186378632e-01 4.471931156685720055e-01 -4.404978622871243421e-01 7.784471405878637951e-01 8.628475933093201489e-01 -1.679974092666363869e-02 -5.051849163233992357e-01 -5.704168799715680915e-01 1.534439684373948287e+00 1.713305281036164862e+00
1.583524530476675987e+09 2.515367522317529803e-01 8.985922881775653126e-01 3.595290839362253466e-01 4.570718431587072472e-01 -4.377285246420113962e-01 7.742603366933776821e-01 8.531205030235148312e-01 -3.042430938588297495e-02 -5.208260448315404911e-01 -5.705803270284921513e-01 1.540842424940927158e+00 1.723190868236847528e+00
1.583524530476691961e+09 2.672667242370036500e-01 8.992120640118923536e-01 3.463901879999000677e-01 4.670115622179642489e-01 -4.353007039504532272e-01 7.696840247564508131e-01 8.428930531685540073e-01 -4.394270513477054052e-02 -5.362838239600373758e-01 -5.705342830456424652e-01 1.547196552875864217e+00 1.733109011921602605e+00
1.583524530476710081e+09 2.827881054737926836e-01 8.994506642882613701e-01 3.331957235701874520e-01 4.770272025837650198e-01 -4.332496253410932363e-01 7.646828167333318271e-01 8.321513898357704164e-01 -5.729978107950972621e-02 -5.515802749720156717e-01 -5.702809685377607796e-01 1.553494122298183289e+00 1.743060046397830964e+00
1.583524530476727009e+09 2.980841470244867120e-01 8.993057928285632663e-01 3.199920820413929001e-01 4.871358642389618243e-01 -4.316116144902508167e-01 7.592167438087698006e-01 8.208803148274684824e-01 -7.043085602410480150e-02 -5.667406845322088271e-01 -5.698225539943092555e-01 1.559727144237387009e+00 1.753044330529916373e+00
1.583524530476747990e+09 3.131326229617562573e-01 8.987793903940051177e-01 3.068282388105488812e-01 4.973556635972140594e-01 -4.304219318032845298e-01 7.532425270660279004e-01 8.090644625304252990e-01 -8.326204587590615991e-02 -5.817921685984445146e-01 -5.691612364389249112e-01 1.565887582124243504e+00 1.763062229518929769e+00
1.583524530476767063e+09 3.279050514165117169e-01 8.978789767609753891e-01 2.937543542446829914e-01 5.077042663358786179e-01 -4.297123185324215888e-01 7.467152745967837735e-01 7.966898112835205659e-01 -9.571137157811585028e-02 -5.967618270325545371e-01 -5.682993171969185076e-01 1.571967359359775607e+00 1.773114097007609580e+00
1.583524530476783037e+09 3.423664324150737515e-01 8.966187343225063833e-01 2.808203545129761558e-01 5.181973120816545375e-01 -4.295085398753445416e-01 7.395904001511988124e-01 7.837453488908516785e-01 -1.076905738338789220e-01 -6.116747245512562658e-01 -5.672392777955487242e-01 1.577958378527427818e+00 1.783200257913831077e+00
1.583524530476799965e+09 3.564756007772389990e-01 8.950202142601326738e-01 2.680745463630684333e-01 5.288468882625858569e-01 -4.298281015361135049e-01 7.318256431522149885e-01 7.702247172254026442e-01 -1.191075961118956972e-01 -6.265518859432652743e-01 -5.659838504927090508e-01 1.583852550978364082e+00 1.793320992543001813e+00
1.583524530476816893e+09 3.701861941336302975e-01 8.931125515978671769e-01 2.555624231821205794e-01 5.396602842101176911e-01 -4.306784017230262385e-01 7.233829497616509618e-01 7.561276079582281984e-01 -1.298694911165163002e-01 -6.414085718292774629e-01 -5.645360798132382785e-01 1.589641834625606487e+00 1.803476522610011346e+00
1.583524530476834059e+09 3.834481253202504658e-01 8.909321589125961394e-01 2.433257563334350337e-01 5.506391877807702562e-01 -4.320554866637863478e-01 7.142300339485625482e-01 7.414607341349885861e-01 -1.398854707018757082e-01 -6.562530267191816202e-01 -5.628993712781072967e-01 1.595318276668796997e+00 1.813666999877248331e+00
1.583524530476851940e+09 3.962093831794259446e-01 8.885219454220459889e-01 2.314019824364387246e-01 5.617793800462751452e-01 -4.339434624462327750e-01 7.043415362062003249e-01 7.262382894262308097e-01 -1.490698633432748221e-01 -6.710857792187583382e-01 -5.610775253633245585e-01 1.600874057943208584e+00 1.823892497807843682e+00
1.583524530476867914e+09 4.084179425663762575e-01 8.859301523923397426e-01 2.198239058051838224e-01 5.730709308327793794e-01 -4.363145694003540132e-01 6.936997223826372183e-01 7.104818735304895272e-01 -1.573447230248651019e-01 -6.858995158012598514e-01 -5.590747555039454753e-01 1.606301535299002436e+00 1.834153006493076443e+00
1.583524530476883888e+09 4.200234911718346842e-01 8.832089378742716823e-01 2.086198437693238539e-01 5.844989093605150732e-01 -4.391299178024866690e-01 6.822946140176268104e-01 6.942199161713411559e-01 -1.646416946024627515e-01 -7.006795420483276082e-01 -5.568956905422181025e-01 1.611593278877266222e+00 1.844448430808447226e+00
1.583524530476902008e+09 4.309788394191029770e-01 8.804128858545348102e-01 1.978140305584145664e-01 5.960443887110526973e-01 -4.423406401547753664e-01 6.701237533648869427e-01 6.774867724504590738e-01 -1.709032145385477319e-01 -7.154046160534748289e-01 -5.545453640273533269e-01 1.616742102477311205e+00 1.854778591351736727e+00
1.583524530476918936e+09 4.412409528037988804e-01 8.775975630204100320e-01 1.874271571596438368e-01 6.076855712639420704e-01 -4.458892764445210877e-01 6.571917526108422836e-01 6.603216399832597672e-01 -1.760831359964240839e-01 -7.300479855756412118e-01 -5.520291938273315102e-01 1.621741086510182006e+00 1.865143227486520727e+00
1.583524530476937056e+09 4.507715574855874485e-01 8.748182149526075868e-01 1.774770239796235327e-01 6.193989418541022696e-01 -4.497112704276078898e-01 6.435096923518075496e-01 6.427674182573142048e-01 -1.801467853904255012e-01 -7.445785264133605308e-01 -5.493529555791923924e-01 1.626583593933109029e+00 1.875542001776921541e+00
1.583524530476953983e+09 4.595373877831959719e-01 8.721286508029232332e-01 1.679791831435736293e-01 6.311603192227882575e-01 -4.537364359615718157e-01 6.290945065646266210e-01 6.248696190777722759e-01 -1.830706513279372616e-01 -7.589618541346678793e-01 -5.465227525737536007e-01 1.631263279591870008e+00 1.885974505269825796e+00
1.583524530476972103e+09 4.675101403573587722e-01 8.695803316646818493e-01 1.589475251034050962e-01 6.429457538426618379e-01 -4.578903231275627816e-01 6.139684109725354055e-01 6.066753880407096400e-01 -1.848418216077557519e-01 -7.731613510684230972e-01 -5.435449840144747080e-01 1.635774093407180940e+00 1.896440263206010002e+00
1.583524530476989031e+09 4.746661713088297097e-01 8.672216694466193809e-01 1.503948208840586998e-01 6.547322713552001794e-01 -4.620954452960677750e-01 5.981583840029345289e-01 5.882326740617250804e-01 -1.854572072614482925e-01 -7.871390891682007451e-01 -5.404263137565664676e-01 1.640110278629386187e+00 1.906938740695173218e+00
1.583524530477005959e+09 4.809860106480012276e-01 8.650975210055800169e-01 1.423331900943482220e-01 6.664984490631248315e-01 -4.662723334787004514e-01 5.816957353282637966e-01 5.695895672562381051e-01 -1.849226606663830208e-01 -8.008566255582113547e-01 -5.371736407948531911e-01 1.644266366109004895e+00 1.917469348062109225e+00
