1.583524531010202885e+09 -2.837061562789106040e-01 6.478148447619611616e-01 7.069984046050700188e-01 2.103812423461220715e-01 -6.772789903005074219e-01 7.050056044215101680e-01 9.355482617198138673e-01 3.487536328762781412e-01 5.586012719935790766e-02 -4.441226678503394365e-01 1.374330069874076798e+00 1.438855724480008869e+00
1.583524531010246038e+09 -2.694558986201962547e-01 6.630964981185722973e-01 6.983527426744849942e-01 2.123739549576727226e-01 -6.664043907095681396e-01 7.147044783672780177e-01 9.393033706969783347e-01 3.408932713775407186e-01 3.874216810396975685e-02 -4.568778234729792276e-01 1.376489402085835367e+00 1.447435384180981499e+00
1.583524531010265112e+09 -2.547470759396912587e-01 6.777963540783101815e-01 6.897072060082017897e-01 2.150538264483551898e-01 -6.556677174065369540e-01 7.237759986219693964e-01 9.427914823961000002e-01 3.327039930603414297e-01 2.126673428560570470e-02 -4.692089776077084662e-01 1.379401931354277133e+00 1.456403498930720408e+00
1.583524531010277987e+09 -2.396188552165930408e-01 6.919340521418281265e-01 6.810360284418938148e-01 2.183201557826239814e-01 -6.451036682161311875e-01 7.322414676422087654e-01 9.460016459040679893e-01 3.241427540381043304e-01 3.515852404972681991e-03 -4.810900883510038639e-01 1.383037588130952011e+00 1.465708791972105685e+00
1.583524531010289907e+09 -2.241185465789578279e-01 7.055356050399497203e-01 6.723023036026934962e-01 2.220798919913351266e-01 -6.347276295770579724e-01 7.401360401493422003e-01 9.489211763384797216e-01 3.151830365571163806e-01 -1.443103716293581661e-02 -4.925012793989028137e-01 1.387361064008178602e+00 1.475303558592466091e+00
1.583524531010308981e+09 -2.082993711393563707e-01 7.186311454508805818e-01 6.634611134844643487e-01 2.262508652362953399e-01 -6.245377897459687411e-01 7.475045787581644507e-01 9.515366089733179322e-01 3.058133846565403435e-01 -3.250008960116641116e-02 -5.034286532460782171e-01 1.392333135021174506e+00 1.485144202980036576e+00
1.583524531010320902e+09 -1.922192129167953623e-01 7.312534114156303833e-01 6.544617810239033995e-01 2.307631514651513061e-01 -6.145172194400370103e-01 7.543984060463635455e-01 9.538344418024393701e-01 2.960355309422218473e-01 -5.062432550761752914e-02 -5.138639276471239636e-01 1.397911930025686811e+00 1.495191559143508320e+00
1.583524531010330915e+09 -1.759401893874067424e-01 7.434368559349745498e-01 6.452493249486201954e-01 2.355592785557222013e-01 -6.046356093781722896e-01 7.608729238635181247e-01 9.558016929813271112e-01 2.858625918046894254e-01 -6.874374582620045027e-02 -5.238039360994801719e-01 1.404054097310096116e+00 1.505411015312525969e+00
1.583524531010348082e+09 -1.595289183520081366e-01 7.552172403612636975e-01 6.357652431763890499e-01 2.405937609459484205e-01 -5.948505205406908747e-01 7.669859845654269925e-01 9.574263244082306112e-01 2.753175954539044401e-01 -8.680469608227461831e-02 -5.332500345633282013e-01 1.410715835895810288e+00 1.515772469556846413e+00
1.583524531010365963e+09 -1.430574406148977240e-01 7.666315911457891596e-01 6.259477394428680785e-01 2.458322751015639962e-01 -5.851080715541934207e-01 7.727968926162578356e-01 9.586975860383251113e-01 2.644325024692262827e-01 -1.047587250329400088e-01 -5.422074548256833326e-01 1.417853771338926316e+00 1.526250149213482121e+00
1.583524531010386944e+09 -1.267868743886454985e-01 7.775971623174434688e-01 6.158471742325881682e-01 2.511896710725938231e-01 -5.754516495183815694e-01 7.783053053460692317e-01 9.595982690172887297e-01 2.533733461265949005e-01 -1.223646594405935206e-01 -5.506846426702793895e-01 1.425425666237516653e+00 1.536822328031509199e+00
1.583524531010401964e+09 -1.102288041709288957e-01 7.880478890698426886e-01 6.056650358368546039e-01 2.567668495793307692e-01 -5.661137971573089178e-01 7.833172752736023980e-01 9.601668583944624746e-01 2.418588297079843075e-01 -1.399425269229094826e-01 -5.587298141123865358e-01 1.433358713004697194e+00 1.547467010106350127e+00
1.583524531010415077e+09 -9.340645426102492377e-02 7.979841065772473874e-01 5.953961709014778947e-01 2.625454681816196678e-01 -5.571026113814091518e-01 7.878493242023697496e-01 9.603880006069299702e-01 2.299087783253366546e-01 -1.574701312870211423e-01 -5.663529879388012889e-01 1.441617159171233009e+00 1.558174603612894948e+00
1.583524531010427952e+09 -7.634447321255613539e-02 8.074073637778232948e-01 5.850340765279314903e-01 2.685091936874964835e-01 -5.484224964121041657e-01 7.919189216398532238e-01 9.602470174827139049e-01 2.175456610855084627e-01 -1.749272736505047554e-01 -5.735651644574812913e-01 1.450167794934357213e+00 1.568937428931947320e+00
1.583524531010438919e+09 -5.906877049194798890e-02 8.163205175033535488e-01 5.745708776358868786e-01 2.746435947461907667e-01 -5.400742699722684836e-01 7.955442658304020531e-01 9.597300539661575147e-01 2.047940329434497220e-01 -1.922956783010239534e-01 -5.803778831763807267e-01 1.458979969449008429e+00 1.579749446083669628e+00
1.583524531010451078e+09 -4.160635061980382660e-02 8.247278063218664856e-01 5.639973026879387952e-01 2.809359904183384993e-01 -5.320552938615439320e-01 7.987440977424468125e-01 9.588242180626035394e-01 1.916799678295539044e-01 -2.095588439982323803e-01 -5.868028466359741513e-01 1.468025534551977929e+00 1.590606004810760865e+00
1.583524531010464907e+09 -2.398514675421994924e-02 8.326348984262744723e-01 5.533026649398072871e-01 2.873752629312146811e-01 -5.243596256821557722e-01 8.015375482948423613e-01 9.575177132863733620e-01 1.782304945629415993e-01 -2.267018302949077024e-01 -5.928516097850681232e-01 1.477278733008929423e+00 1.601503621685395062e+00
1.583524531010481119e+09 -6.233857020732131923e-03 8.400489103902911703e-01 5.424748543023686365e-01 2.939516426356579837e-01 -5.169781865896947437e-01 8.039440195057433458e-01 9.557999639487347876e-01 1.644730466024579008e-01 -2.437109890121506584e-01 -5.985353345249644352e-01 1.486716045125187735e+00 1.612439785727199260e+00
1.583524531010492086e+09 1.161829769941952542e-02 8.469783313173687711e-01 5.315004438465311676e-01 3.006564774082552960e-01 -5.098990559998012317e-01 8.059830242627896713e-01 9.536617314415966051e-01 1.504349004937691470e-01 -2.605736805696682312e-01 -6.038646070526144660e-01 1.496316006361135376e+00 1.623412792126068371e+00
1.583524531010502100e+09 2.954195250409556023e-02 8.534327955415222933e-01 5.203650035389337791e-01 3.074819978666430975e-01 -5.031079949437483601e-01 8.076739233926280015e-01 9.510952077970687979e-01 1.361426062479564603e-01 -2.772780135132285051e-01 -6.088493114433620734e-01 1.506059008302772062e+00 1.634421602512659000e+00
1.583524531010516882e+09 4.750799540752038974e-02 8.594227836466149517e-01 5.090535037627275106e-01 3.144210845517780295e-01 -4.965890572695458305e-01 8.090356542861686373e-01 9.480940735102341144e-01 1.216214926242951133e-01 -2.938125943777545879e-01 -6.134985499443612600e-01 1.515927093860638619e+00 1.645465729440686031e+00
1.583524531010528088e+09 6.548809722944455569e-02 8.649591604532873568e-01 4.975509624559654731e-01 3.214670656599745158e-01 -4.903254630433411254e-01 8.100863325005061011e-01 9.446535000094221646e-01 1.068952354357841639e-01 -3.101663648261279160e-01 -6.178206021178950236e-01 1.525903754239888110e+00 1.656545142037964879e+00
1.583524531010536909e+09 8.345540859771898023e-02 8.700525157196243864e-01 4.858434058803173805e-01 3.286135782946870698e-01 -4.843008174409451638e-01 8.108426693898240778e-01 9.407700628730762960e-01 9.198553384176581804e-02 -3.263285930990587613e-01 -6.218229176911977962e-01 1.535973732535587555e+00 1.667660189405732352e+00
1.583524531010546923e+09 1.013853446085342946e-01 8.747123717997602466e-01 4.739190636497893072e-01 3.358545244096416971e-01 -4.785005896142016657e-01 8.113192493027984176e-01 9.364415361321282161e-01 7.691198008077287929e-02 -3.422890547986199294e-01 -6.255121368834545281e-01 1.546122838084048823e+00 1.678811538612391629e+00
1.583524531010555983e+09 1.192562929256687082e-01 8.789464085147873362e-01 4.617695831561776099e-01 3.431841365589081705e-01 -4.729136114051177842e-01 8.115277966150682420e-01 9.316665633543620428e-01 6.169219908346102593e-02 -3.580383884558984153e-01 -6.288941290656889782e-01 1.556337775161849901e+00 1.690000124769184486e+00
1.583524531010575056e+09 1.370501175939846661e-01 8.827598372638124635e-01 4.493910717327266324e-01 3.505971507535820542e-01 -4.675333824012247175e-01 8.114765396120592333e-01 9.264442257420600901e-01 4.634227417548389405e-02 -3.735685887783082304e-01 -6.319740421386739193e-01 1.566605987609920980e+00 1.701227110980925383e+00
1.583524531010607004e+09 1.547524539625483031e-01 8.861549479642609750e-01 4.367849431501428237e-01 3.580890829552645371e-01 -4.623591603700311081e-01 8.111696589536613322e-01 9.207735264004790476e-01 3.087742446995021470e-02 -3.888736273476340322e-01 -6.347563571695963303e-01 1.576915519357789286e+00 1.712493856253034519e+00
1.583524531010629892e+09 1.723528384891604703e-01 8.891307960130097054e-01 4.239586383335613995e-01 3.656566093583805133e-01 -4.573969204845400038e-01 8.106067488496587758e-01 9.146527993483125618e-01 1.531290417144728043e-02 -4.039502097022717453e-01 -6.372449483555077121e-01 1.587254889489867704e+00 1.723801889238678609e+00
1.583524531010652065e+09 1.898446090976189937e-01 8.916830842408066671e-01 4.109261515735171399e-01 3.732980161547027054e-01 -4.526600992433995052e-01 8.097823323614443680e-01 9.080790801407563340e-01 -3.348931386952620423e-04 -4.187986059738990074e-01 -6.394431473748011241e-01 1.597612980996089282e+00 1.735152886210288736e+00
1.583524531010665894e+09 2.072245015937508317e-01 8.938043043834632551e-01 3.977082747145968544e-01 3.810136578284264441e-01 -4.481700059975471384e-01 8.086855002961182981e-01 9.010475008258347351e-01 -1.604716521193285533e-02 -4.334234535100239261e-01 -6.413538105799292399e-01 1.607978942494197483e+00 1.746548652054348061e+00
1.583524531010679960e+09 2.244918579136517267e-01 8.954842207842481638e-01 3.843324295821924363e-01 3.888063253577971334e-01 -4.439557238411359075e-01 8.072997936004205899e-01 8.935508084874749235e-01 -3.180135086034623776e-02 -4.478343745663289632e-01 -6.429793892475846873e-01 1.618342102177707353e+00 1.757991103112307441e+00
1.583524531010691881e+09 2.416475999519892004e-01 8.967105513753550472e-01 3.708323406354900320e-01 3.966815192648636135e-01 -4.400537553608510066e-01 8.056031683051859682e-01 8.855790252523269013e-01 -4.756973582094191355e-02 -4.620464376828830044e-01 -6.443220037185860560e-01 1.628691893588784634e+00 1.769482250791412969e+00
1.583524531010704994e+09 2.586929561669356059e-01 8.974698706112267388e-01 3.572475138420501128e-01 4.046475567002064677e-01 -4.365073344199613681e-01 8.035681066163309350e-01 8.771193245740211974e-01 -6.331807532947676675e-02 -4.760803630730440217e-01 -6.453835228946543934e-01 1.639017793304268666e+00 1.781024184900053875e+00
1.583524531010719061e+09 2.756279575106486135e-01 8.977487533084963500e-01 3.436224750262921734e-01 4.127154350835076091e-01 -4.333653094833015418e-01 8.011619550984027116e-01 8.681562065300710840e-01 -7.900433399362946640e-02 -4.899623624136016375e-01 -6.461656505711353971e-01 1.649309271201145011e+00 1.792619055743246870e+00
1.583524531010731936e+09 2.924497616991002524e-01 8.975351664180400979e-01 3.300057004003518757e-01 4.208983731560376196e-01 -4.306804894469666301e-01 7.983475907154377049e-01 8.586720541687621333e-01 -9.457770018534407408e-02 -5.037234978890972048e-01 -6.466700188967827723e-01 1.659555754365136915e+00 1.804269054294683317e+00
1.583524531010745049e+09 3.091509686779610466e-01 8.968200290773264971e-01 3.164482807393139696e-01 4.292110147408874088e-01 -4.285074893366221938e-01 7.950844210046780214e-01 8.486480917574401595e-01 -1.099780312022355933e-01 -5.173985401194258760e-01 -6.468982876155917605e-01 1.669746605706844855e+00 1.815976390166787136e+00
1.583524531010759115e+09 3.257181070142148860e-01 8.955988603959631478e-01 3.030023042687542967e-01 4.376682982344471395e-01 -4.269000837009103710e-01 7.913297538785841745e-01 8.380657347343944963e-01 -1.251359265426758849e-01 -5.310243162613019763e-01 -6.468522467312329827e-01 1.679871118062000512e+00 1.827743267438170172e+00
1.583524531010776043e+09 3.421305549486974296e-01 8.938733067258062270e-01 2.897191662027480685e-01 4.462841403009594754e-01 -4.259083643787103246e-01 7.870403619795538486e-01 8.269081870061892880e-01 -1.399734867480602052e-01 -5.446377452748802916e-01 -6.465339185089321594e-01 1.689918523769542213e+00 1.839571858927344650e+00
1.583524531010793924e+09 3.583600617341978767e-01 8.916524074758040985e-01 2.766478822765701673e-01 4.550700686032872477e-01 -4.255758823752316400e-01 7.821741501218028025e-01 8.151621305397106498e-01 -1.544058059112150549e-01 -5.582737217022180065e-01 -6.459456540432720884e-01 1.699878018739037655e+00 1.851464279867294227e+00
1.583524531010811090e+09 3.743709803863772834e-01 8.889534300696911862e-01 2.638336001792039309e-01 4.640340111649104426e-01 -4.259370938212307944e-01 7.766917205083042619e-01 8.028192858774255702e-01 -1.683430770454347469e-01 -5.719631132708762333e-01 -6.450902193333034607e-01 1.709738798898858825e+00 1.863422562229507085e+00
1.583524531010829926e+09 3.901211856588227556e-01 8.858021832590312616e-01 2.513164399822155337e-01 4.731794096067136191e-01 -4.270153458874261787e-01 7.705576816940480356e-01 7.898776532309076392e-01 -1.816931116565398685e-01 -5.857310871136823804e-01 -6.439708653843063679e-01 1.719490105523565404e+00 1.875448631280619560e+00
1.583524531010848999e+09 4.055635402401428502e-01 8.822328047589075295e-01 2.391307036052876533e-01 4.825047406037518694e-01 -4.288215122498778009e-01 7.637416356618618174e-01 7.763423152006412309e-01 -1.943640634239801046e-01 -5.995958812288534334e-01 -6.425913792700962412e-01 1.729121275554643899e+00 1.887544285578122150e+00
1.583524531010868073e+09 4.206477092229127246e-01 8.782870671030564846e-01 2.273044937010124389e-01 4.920034819472247078e-01 -4.313533486016122853e-01 7.562187927569672397e-01 7.622257400040446385e-01 -2.062671004298775312e-01 -6.135680930947399192e-01 -6.409561140629231879e-01 1.738621792508624919e+00 1.899711181497736545e+00
1.583524531010886908e+09 4.353220600648553540e-01 8.740132806859862713e-01 2.158598841310173932e-01 5.016645648827428028e-01 -4.345956733127453453e-01 7.479700964581885714e-01 7.475475694618542999e-01 -2.173186283562737187e-01 -6.276505759332974277e-01 -6.390699976761833323e-01 1.747981333854964348e+00 1.911950822905461589e+00
1.583524531010906935e+09 4.495354202969438218e-01 8.694649849471688396e-01 2.048134424809949783e-01 5.114731421167589831e-01 -4.385211099363489629e-01 7.389820438618412979e-01 7.323340296866380772e-01 -2.274420286522127188e-01 -6.418387592486717308e-01 -6.369385234897408932e-01 1.757189812069337664e+00 1.924264555800681231e+00
1.583524531010925055e+09 4.632385564458156302e-01 8.646995706090432332e-01 1.941769625423665491e-01 5.214115256179479019e-01 -4.430911891447226192e-01 7.292463364130818970e-01 7.166170951206076722e-01 -2.365689138397520097e-01 -6.561212451170591597e-01 -6.345677272000046498e-01 1.766237408038036971e+00 1.936653567190059100e+00
1.583524531010943890e+09 4.763852829875259709e-01 8.597769376264843277e-01 1.839583649910100649e-01 5.314602094584774949e-01 -4.482576942717219071e-01 7.187594071769585202e-01 7.004335144454844064e-01 -2.446398523427222860e-01 -6.704805998652433319e-01 -6.319641545595393595e-01 1.775114596633176944e+00 1.949118887211562567e+00
1.583524531010963917e+09 4.889332033567267977e-01 8.547582729831998405e-01 1.741626188186015389e-01 5.415988530211313101e-01 -4.539640626116100974e-01 7.075219518715862854e-01 6.838238115944358375e-01 -2.516046997261965901e-01 -6.848942035676213180e-01 -6.291348234605800283e-01 1.783812164498307817e+00 1.961661393734210224e+00
1.583524531010983944e+09 5.008441162260978130e-01 8.497049863446829443e-01 1.647926205699982161e-01 5.518071657101131233e-01 -4.601467481952665195e-01 6.955385123148218884e-01 6.668313305127766544e-01 -2.574226225578575278e-01 -6.993350916051425115e-01 -6.260871829611976969e-01 1.792321220222639955e+00 1.974281818813987455e+00
1.583524531011003017e+09 5.120841151212449649e-01 8.446778246437139925e-01 1.558500303731147063e-01 5.620656821533960290e-01 -4.667365038400277388e-01 6.828171095142879787e-01 6.495013689172561833e-01 -2.620618416223332026e-01 -7.137727672365341558e-01 -6.228290721897467019e-01 1.800633198064748974e+00 1.986980756159368200e+00
1.583524531011022091e+09 5.226234410875532088e-01 8.397361700132731643e-01 1.473360240025841095e-01 5.723564062053996260e-01 -4.736595246215214439e-01 6.693689559038241699e-01 6.318804343699334636e-01 -2.654991898307309528e-01 -7.281739470539081438e-01 -6.193686809274827620e-01 1.808739856193706697e+00 1.999758669035200276e+00
