1.583524530236438036e+09 -4.871808773736207576e-01 1.352542569109599913e-01 8.627636286705436808e-01 3.149875768905519013e-01 -8.942183413759466903e-01 3.180509147714348228e-01 8.145168011463260749e-01 4.267081485207445679e-01 3.930426654651478779e-01 -1.609799934460066362e-01 1.480053094911452538e+00 1.439517873138532966e+00
1.583524530236510992e+09 -4.921690838536604273e-01 1.534310845016502722e-01 8.568713412500426063e-01 3.153025673254691852e-01 -8.860835199107910398e-01 3.397650464904607426e-01 8.113900937035453120e-01 4.373955854089223716e-01 3.877256993601728707e-01 -1.694057182217024171e-01 1.475031346094569207e+00 1.433696451284871110e+00
1.583524530236540079e+09 -4.948431681801896964e-01 1.729521089459964411e-01 8.515972094637809242e-01 3.145046437690486862e-01 -8.779130061262340190e-01 3.610478953828551441e-01 8.100722610834737436e-01 4.464933614013047447e-01 3.800350119239555569e-01 -1.779021907933844293e-01 1.469876978615024310e+00 1.428098040674905089e+00
1.583524530236560106e+09 -4.953850268270217350e-01 1.934477073739712949e-01 8.468598821293433776e-01 3.126700431875988895e-01 -8.698390948153190694e-01 3.815984712568169512e-01 8.104511826832273558e-01 4.538258848278491353e-01 3.704199603002975572e-01 -1.864851341902598325e-01 1.464595658864403127e+00 1.422755710086712755e+00
1.583524530236578941e+09 -4.940133887262674883e-01 2.145976270986533763e-01 8.425548234148620974e-01 3.098857645000054339e-01 -8.619633366463868018e-01 4.012356156719629752e-01 8.123555778990259046e-01 4.593115117507849954e-01 3.593206791602123196e-01 -1.951710379926784589e-01 1.459197247635472205e+00 1.417704771235572814e+00
1.583524530236598015e+09 -4.909651881256625328e-01 2.361376906759732608e-01 8.385655462473580180e-01 3.062410562291302818e-01 -8.543511540975711194e-01 4.198815559453158985e-01 8.155793031661452419e-01 4.629504256936182172e-01 3.471416192873921225e-01 -2.039766569566106025e-01 1.453696431123144839e+00 1.412982288369092121e+00
1.583524530236608982e+09 -4.864795150663319134e-01 2.578605013952424696e-01 8.347728095175817042e-01 3.018232773936526669e-01 -8.470308721758711412e-01 4.375401819965644701e-01 8.199026715832283818e-01 4.648082007964663420e-01 3.342348662985460961e-01 -2.129183924528866290e-01 1.448113241302483534e+00 1.408626475029627345e+00
1.583524530236618042e+09 -4.807847624913941242e-01 2.796113837393863766e-01 8.310616622828509437e-01 2.967168008569325277e-01 -8.399966900922231083e-01 4.542738169730218822e-01 8.251091760920602480e-01 4.649978869370692824e-01 3.208922138694705328e-01 -2.220115742253469526e-01 1.442473431364472036e+00 1.404675988835892841e+00
1.583524530236628056e+09 -4.740891687122972264e-01 3.012810944009705061e-01 8.273265150788823297e-01 2.910034265030627121e-01 -8.332146344201160071e-01 4.701812191302153776e-01 8.309972720174342298e-01 4.636626740382042700e-01 3.073442025741066064e-01 -2.312696679149122414e-01 1.436808674978428346e+00 1.401169140074672637e+00
1.583524530236639023e+09 -4.665745746552726336e-01 3.227968382846256867e-01 8.234745702059688144e-01 2.847628643610448096e-01 -8.266304369814895248e-01 4.853784418530140421e-01 8.373877701490188841e-01 4.609602173885848919e-01 2.937641922466844857e-01 -2.407034407058756542e-01 1.431156563464319076e+00 1.398143033978475946e+00
1.583524530236653090e+09 -4.584226257685001249e-01 3.440373611352814942e-01 8.194430978559706924e-01 2.780957675689942343e-01 -8.202018973900707666e-01 4.999315869765727505e-01 8.441039275309916157e-01 4.570636080782047861e-01 2.803237734365603417e-01 -2.503201229151736928e-01 1.425560381935313981e+00 1.395632670015083399e+00
1.583524530236669064e+09 -4.497535085022307255e-01 3.650571391416198019e-01 8.151411332087679096e-01 2.710935969820985059e-01 -8.138041720503801368e-01 5.140340760179987756e-01 8.510170641622351040e-01 4.521681710234785601e-01 2.670466286519957988e-01 -2.600895728099213433e-01 1.420045701950326533e+00 1.393572110609583969e+00
1.583524530236685038e+09 -4.406861417609924114e-01 3.858499664211730296e-01 8.105032561130118829e-01 2.638859942265772696e-01 -8.073249836964869752e-01 5.278167796020629687e-01 8.579976146479064703e-01 4.464819977185310318e-01 2.539565301940409081e-01 -2.700126085008319188e-01 1.414648211546138068e+00 1.391990904849089938e+00
1.583524530236696005e+09 -4.313101179527041862e-01 4.064176435021779610e-01 8.054789143726640566e-01 2.566153620634308297e-01 -8.006517912042119267e-01 5.413919700859223250e-01 8.649393841974647446e-01 4.402060977190319635e-01 2.410362077604048525e-01 -2.800858258453441385e-01 1.409406572491550769e+00 1.390916072773113354e+00
1.583524530236706018e+09 -4.216859915479999055e-01 4.267625624166916376e-01 8.000341493642155744e-01 2.494331588427530222e-01 -7.936807268129285609e-01 5.548459274739269143e-01 8.717591548321619310e-01 4.335258001383435200e-01 2.282353102329875705e-01 -2.903011378907534579e-01 1.404361725835507446e+00 1.390371395191620563e+00
1.583524530236716032e+09 -4.118476636317218165e-01 4.468820538760958638e-01 7.941523356269744038e-01 2.424940434053464711e-01 -7.863243858225572591e-01 5.682346339784991596e-01 8.783952078115784268e-01 4.266033173425132774e-01 2.154796249821343546e-01 -3.006454659622621595e-01 1.399556041711878640e+00 1.390376732247360581e+00
1.583524530236726046e+09 -4.018064716669637604e-01 4.667649974196156348e-01 7.878337367792876966e-01 2.359485981473088412e-01 -7.785176964693679702e-01 5.815827158670755503e-01 8.848049607635060099e-01 4.195719648098364951e-01 2.026809019378207066e-01 -3.111006170995642139e-01 1.395032337237268827e+00 1.390947402159581348e+00
1.583524530236737013e+09 -3.915564093071839946e-01 4.863908207757693947e-01 7.810938151673861851e-01 2.299356284060543876e-01 -7.702213293943616090e-01 5.948854600798965109e-01 8.909619438299788419e-01 4.125325119317966860e-01 1.897465190784073386e-01 -3.216433742720672395e-01 1.390832798408729420e+00 1.392093655381944073e+00
1.583524530236747026e+09 -3.810798065898374776e-01 5.057306184456898945e-01 7.739604142804697995e-01 2.245751556728139697e-01 -7.614224232324101616e-01 6.081133882199853957e-01 8.968523739711676823e-01 4.055520128891383358e-01 1.765881774079839095e-01 -3.322458134275949604e-01 1.386997853708089146e+00 1.393820280619484819e+00
1.583524530236757040e+09 -3.703528058193185091e-01 5.247497869242208068e-01 7.664701302999010757e-01 2.199631240750735406e-01 -7.521327787427780631e-01 6.212185664214938674e-01 9.024716192230025635e-01 3.986652034728508376e-01 1.631288824622637024e-01 -3.428758454013092205e-01 1.383565057745821170e+00 1.396126377696255361e+00
1.583524530236767054e+09 -3.593500754512110595e-01 5.434113868187797625e-01 7.586643449155257013e-01 2.161685182497622704e-01 -7.423850380261768356e-01 6.341416459368910408e-01 9.078208497414591571e-01 3.918781956047294179e-01 1.493076851361018198e-01 -3.534979618527260836e-01 1.380568048309140483e+00 1.399005323359294728e+00
1.583524530236776114e+09 -3.480483982084043304e-01 5.616794505968016882e-01 7.505854432235168350e-01 2.132330946419208340e-01 -7.322276308041173465e-01 6.468186330923020311e-01 9.129041352127947873e-01 3.851738460327054359e-01 1.350820065744427478e-01 -3.640741463404502665e-01 1.378035636633560657e+00 1.402444940253981143e+00
1.583524530236785889e+09 -3.364289694471178649e-01 5.795216122712862905e-01 7.422737027030146262e-01 2.111735560207200491e-01 -7.217193348613750725e-01 6.591865676754901093e-01 9.177261454209042491e-01 3.785180349793591525e-01 1.204276524004299631e-01 -3.745648983303861423e-01 1.375991079516122984e+00 1.406427861351359887e+00
1.583524530236794949e+09 -3.244784920183844679e-01 5.969107470425871753e-01 7.337651317552094099e-01 2.099854219132350763e-01 -7.109242506456878719e-01 6.711876283922129094e-01 9.222905350464680740e-01 3.718659303019700157e-01 1.053370737241876298e-01 -3.849303110401682826e-01 1.374451567099953087e+00 1.410932067436663662e+00
1.583524530236804962e+09 -3.121892888142067113e-01 6.138255846378605218e-01 7.250903391239417184e-01 2.096477954297031598e-01 -6.999077133791204997e-01 6.827715538178577015e-01 9.265989693800109617e-01 3.651675568972795327e-01 8.981651067592570648e-02 -3.951311429499648198e-01 1.373427944594632910e+00 1.415931565100567724e+00
1.583524530236814976e+09 -2.995587507517377124e-01 6.302504905567374305e-01 7.162743010176020331e-01 2.101282012457982573e-01 -6.887333794005175980e-01 6.938965853927540062e-01 9.306506831911799393e-01 3.583722247467347466e-01 7.388270881803844781e-02 -4.051298262710272269e-01 1.372924671404633035e+00 1.421397166578236115e+00
1.583524530236824989e+09 -2.865883951445046263e-01 6.461746781198441925e-01 7.073368203496955831e-01 2.113869781370169010e-01 -6.774614673976219192e-01 7.045292795509189299e-01 9.344424206324777327e-01 3.514317085423042109e-01 5.755968215667697785e-02 -4.148913634427893737e-01 1.372940005805705521e+00 1.427297328310514590e+00
1.583524530236835003e+09 -2.732827899483095124e-01 6.615911409887508254e-01 6.982934047952018553e-01 2.133808647209024800e-01 -6.661479744109827239e-01 7.146436054692439921e-01 9.379686154258073394e-01 3.443022488707406237e-01 4.087588720957232441e-02 -4.243840737666785268e-01 1.373466390203552434e+00 1.433599004415720302e+00
1.583524530236845016e+09 -2.596485485463356779e-01 6.764955561528547268e-01 6.891562914465960699e-01 2.160656212329324088e-01 -6.548445899722570296e-01 7.242197252107052119e-01 9.412216948167050345e-01 3.369455827234235090e-01 2.386201470887872045e-02 -4.335801651445359561e-01 1.374491002121289274e+00 1.440268474060842685e+00
1.583524530236855030e+09 -2.456935389535850334e-01 6.908853369777947506e-01 6.799353913150476547e-01 2.193977042068162020e-01 -6.435990048888929893e-01 7.332427758756173697e-01 9.441924234708012342e-01 3.293292763869282158e-01 6.549460376403845596e-03 -4.424561198590997169e-01 1.375996428874962874e+00 1.447272106671903869e+00
1.583524530236865044e+09 -2.314263868211987318e-01 7.047589377531767729e-01 6.706389993410043493e-01 2.233351362583446131e-01 -6.324553406670349043e-01 7.417018666911842084e-01 9.468702364260552784e-01 3.214266354118503477e-01 -1.103057907401831274e-02 -4.509928950269536663e-01 1.377961423057947332e+00 1.454577037824812846e+00
1.583524530236875057e+09 -2.168562592277580858e-01 7.181154178901648644e-01 6.612742318579954981e-01 2.278378191819785681e-01 -6.214545187235660517e-01 7.495893605084298361e-01 9.492435363056441755e-01 3.132164235521224804e-01 -2.884754851971238140e-02 -4.591759495802063551e-01 1.380361695891117346e+00 1.462151736502509625e+00
1.583524530236885071e+09 -2.019928790882386527e-01 7.309542329445172237e-01 6.518472109592410302e-01 2.328675181052325405e-01 -6.106344733211098719e-01 7.569004287766890604e-01 9.512999506163843932e-01 3.046825389997920297e-01 -4.687168273413531983e-02 -4.669951164494308138e-01 1.383170711036923350e+00 1.469966454343495155e+00
1.583524530236893892e+09 -1.868466968129409433e-01 7.432751977290137368e-01 6.423630535983472223e-01 2.383877006269911336e-01 -6.000301852033064209e-01 7.636328182534047881e-01 9.530265559327789626e-01 2.958137209924274202e-01 -6.507400722212147715e-02 -4.744443420321515781e-01 1.386360448639089915e+00 1.477993556174123979e+00
1.583524530236905098e+09 -1.714291544133754175e-01 7.550785732893968705e-01 6.328257212484086347e-01 2.443633442095339281e-01 -5.896735493691898089e-01 7.697867635001593989e-01 9.544100802363102432e-01 2.866033035009148966e-01 -8.342628735660530259e-02 -4.815213188103806830e-01 1.389902113958889185e+00 1.486207736473795782e+00
1.583524530236915112e+09 -1.557529418850602254e-01 7.663652023480324038e-01 6.232378342345824551e-01 2.507608114675735633e-01 -5.795931601575666781e-01 7.753649361492078729e-01 9.554370919943798723e-01 2.770489948997574836e-01 -1.019010202244401142e-01 -4.882270414518887769e-01 1.393766768501337738e+00 1.494586130154929249e+00
1.583524530236924887e+09 -1.398322070531267669e-01 7.771366628002953636e-01 6.136004901395335498e-01 2.575477995809458687e-01 -5.698140658306493078e-01 7.803723863589313581e-01 9.560941820937964852e-01 2.671526491758030586e-01 -1.204714790361992582e-01 -4.945653166446317139e-01 1.397925868945068206e+00 1.503108330729576281e+00
1.583524530236934900e+09 -1.236827421937690269e-01 7.873954561224705273e-01 6.039130527305405227e-01 2.646933166982691765e-01 -5.603574809321989481e-01 7.848165019528869912e-01 9.563681443932269266e-01 2.569200060164364974e-01 -1.391117649762050879e-01 -5.005422546726167043e-01 1.402351706494090022e+00 1.511756331964267286e+00
1.583524530236943960e+09 -1.073220716165934063e-01 7.971451668825926262e-01 5.941730018747490849e-01 2.721677179178234596e-01 -5.512405571120533310e-01 7.887069047480013140e-01 9.562461537168355230e-01 2.463603688965397276e-01 -1.577969023629546275e-01 -5.061657686965772562e-01 1.407017744630463696e+00 1.520514409932052224e+00
1.583524530236953974e+09 -9.076941228257412453e-02 8.063905595175989705e-01 5.843758889721358818e-01 2.799427864969039059e-01 -5.424762789870249957e-01 7.920552525573680835e-01 9.557159359938378618e-01 2.354862045031586859e-01 -1.765029672060605959e-01 -5.114451022864440199e-01 1.411898859604939327e+00 1.529368962716482594e+00
1.583524530236963987e+09 -7.404555071137439159e-02 8.151376324918955252e-01 5.745153582042529239e-01 2.879918074130800032e-01 -5.340734641324941245e-01 7.948749925940812311e-01 9.547659270798026787e-01 2.243126729825890286e-01 -1.952071962896756718e-01 -5.163903991810250282e-01 1.416971493022063378e+00 1.538308324013649919e+00
1.583524530236973047e+09 -5.717267054266157722e-02 8.233936442904046249e-01 5.645832025329757808e-01 2.962896045997477357e-01 -5.260368419048327970e-01 7.971811031653289747e-01 9.533854184841917823e-01 2.128571064304283222e-01 -2.138880462302950036e-01 -5.210123234032179029e-01 1.422213728643252351e+00 1.547322564621691710e+00
1.583524530236984015e+09 -4.017415568385772351e-02 8.311671201280794730e-01 5.545694329209714946e-01 3.048125300605891708e-01 -5.183671871949588894e-01 7.989898502713440598e-01 9.515646898459535485e-01 2.011384545924312650e-01 -2.325251886978434712e-01 -5.253217339180709100e-01 1.427605306148831632e+00 1.556403292818336670e+00
1.583524530236994028e+09 -2.307438371178801434e-02 8.384678418552514723e-01 5.444623506617534137e-01 3.135384046002445690e-01 -5.110614924437668627e-01 8.003185739821730982e-01 9.492951289692996841e-01 1.891767146747659611e-01 -2.510994404542709058e-01 -5.293294134948064444e-01 1.433127584977767155e+00 1.565543461991464325e+00
1.583524530237004042e+09 -5.898513545340470024e-03 8.453068159470583653e-01 5.342486263422728809e-01 3.224464175717722814e-01 -5.041131737476823860e-01 8.011855065639575946e-01 9.465693400697855475e-01 1.769923592359037845e-01 -2.695926361538539817e-01 -5.330458499753979451e-01 1.438763469866110700e+00 1.574737190994481395e+00
1.583524530237013102e+09 1.132772759702342646e-02 8.516962168101906983e-01 5.239133870745240618e-01 3.315169925434710563e-01 -4.975123047460976444e-01 8.016096246678519055e-01 9.433812413169612165e-01 1.646057749859825559e-01 -2.879874522074843401e-01 -5.364810685739601626e-01 1.444497307785247875e+00 1.583979600175488889e+00
1.583524530237026930e+09 2.857831833450192108e-02 8.576492386828152847e-01 5.134404185542496002e-01 3.407316593996301823e-01 -4.912459844690006960e-01 8.016104534652932490e-01 9.397261389519143693e-01 1.520367271153674482e-01 -3.062672323886430625e-01 -5.396445124637675450e-01 1.450314765219622659e+00 1.593266664476410410e+00
1.583524530237044096e+09 4.582731613437691226e-02 8.631798032878555960e-01 5.028125740164646196e-01 3.500729640926049657e-01 -4.852989331171612686e-01 8.012077542096925908e-01 9.356007573383252618e-01 1.393038871462039807e-01 -3.244158598933386539e-01 -5.425449658674266207e-01 1.456202694339964188e+00 1.602595084080145504e+00
1.583524530237055063e+09 6.304922969795051513e-02 8.683022117651750804e-01 4.920122599848542611e-01 3.595243806662261066e-01 -4.796541717189917731e-01 8.004211987061005118e-01 9.310032301581575576e-01 1.264244630584067386e-01 -3.424176409472712845e-01 -5.451905118121920246e-01 1.462148995438485199e+00 1.611962172287176420e+00
1.583524530237065077e+09 8.021946944575220062e-02 8.730306540539541915e-01 4.810221555200661636e-01 3.690702935084848590e-01 -4.742939450290836745e-01 7.992698994940855561e-01 9.259330188487631119e-01 1.134139808607776967e-01 -3.602572883473021959e-01 -5.475885181947439673e-01 1.468142480830871177e+00 1.621365759359194580e+00
1.583524530237076044e+09 9.731488632596996258e-02 8.773785534311866474e-01 4.698262308296182743e-01 3.786960936203382921e-01 -4.692009523466657006e-01 7.977717311817047463e-01 9.203907223555263251e-01 1.002862929825919514e-01 -3.779200681336015721e-01 -5.497456479982689714e-01 1.474172743767023563e+00 1.630804110460643219e+00
1.583524530237086058e+09 1.143143228679508461e-01 8.813578234866156214e-01 4.584109759412197671e-01 3.883883916658918412e-01 -4.643597851938888743e-01 7.959424898777822666e-01 9.143777627586676671e-01 8.705387491745344986e-02 -3.953921219381261731e-01 -5.516678887703166945e-01 1.480230035251041132e+00 1.640275855911012215e+00
1.583524530237096071e+09 1.311990460693071570e-01 8.849781930512585770e-01 4.467666151710946720e-01 3.981353066900379933e-01 -4.597583271241685865e-01 7.937950354378588980e-01 9.078959676623072905e-01 7.372841194867056636e-02 -4.126609182252101715e-01 -5.533605943861890086e-01 1.486305150965607558e+00 1.649779932317444908e+00
1.583524530237106085e+09 1.479529707096209346e-01 8.882467259761447353e-01 4.348881149767851451e-01 4.079267867343221998e-01 -4.553889060451276616e-01 7.913385375391552845e-01 9.009470879812762067e-01 6.032162388895328381e-02 -4.297157742111428202e-01 -5.548285334019230630e-01 1.492389329129913511e+00 1.659315533121786812e+00
1.583524530237116098e+09 1.645626749553230905e-01 8.911675517727978280e-01 4.227759701970182360e-01 4.177549617069595822e-01 -4.512491779065169184e-01 7.885778157460973103e-01 8.935322703735176786e-01 4.684628449492302116e-02 -4.465484382310516143e-01 -5.560759400045856005e-01 1.498474159101913727e+00 1.668882067111177481e+00
1.583524530237124920e+09 1.810172402268656611e-01 8.937417705412150637e-01 4.104368485256980614e-01 4.276145509137091461e-01 -4.473428180419096178e-01 7.855126982246475320e-01 8.856514860849749038e-01 3.331742789001539140e-02 -4.631537481773118081e-01 -5.571065677107177594e-01 1.504551500043867174e+00 1.678479123180580457e+00
1.583524530237134933e+09 1.973078754574582039e-01 8.959675774987909680e-01 3.978840316607539784e-01 4.375032775101591609e-01 -4.436799433031540785e-01 7.821374496578941127e-01 8.773029605935607211e-01 1.975368943866306903e-02 -4.795302986712705051e-01 -5.579237451901494227e-01 1.510613409181283506e+00 1.688106440053491086e+00
1.583524530237144947e+09 2.134272886872555230e-01 8.978406545634878277e-01 3.851375750998835557e-01 4.474222131538017622e-01 -4.402771661514043866e-01 7.784403511003388232e-01 8.684826744586808811e-01 6.178692706412144443e-03 -4.956810145425789016e-01 -5.585304331381578669e-01 1.516652079184801050e+00 1.697763879979212298e+00
1.583524530237155914e+09 2.293687799400529470e-01 8.993548828345127033e-01 3.722240693557247182e-01 4.573759341122990985e-01 -4.371571398952984744e-01 7.744035705059993946e-01 8.591840419242343652e-01 -7.377670700102366939e-03 -5.116134794297351185e-01 -5.589292824094096446e-01 1.522659784317096365e+00 1.707451405457924620e+00
1.583524530237165928e+09 2.451251695494053029e-01 9.005032265864145735e-01 3.591762665572933999e-01 4.673725443592456896e-01 -4.343478411500758529e-01 7.700031543743243168e-01 8.493977609134943929e-01 -2.087802816703893116e-02 -5.273400723929694278e-01 -5.591226940498121856e-01 1.528628835269763897e+00 1.717169058171528651e+00
1.583524530237175941e+09 2.606875813878385961e-01 9.012787921621884246e-01 3.460325476108137011e-01 4.774234937550948521e-01 -4.318815376064736311e-01 7.652092165965613813e-01 8.391119071565339427e-01 -3.427647206792645840e-02 -5.428778232596399578e-01 -5.591128822871644921e-01 1.534551543012167452e+00 1.726916939394116834e+00
1.583524530237185001e+09 2.760441339728613164e-01 9.016760532054509669e-01 3.328361931524542738e-01 4.875431164632155756e-01 -4.297933855302609740e-01 7.599864179199178338e-01 8.283123480295428998e-01 -4.751779765479274137e-02 -5.582478958887773235e-01 -5.589019415042084660e-01 1.540420192379045483e+00 1.736695191293046614e+00
1.583524530237195015e+09 2.911786376480655081e-01 9.016922152710759031e-01 3.196344008303246276e-01 4.977478175521872772e-01 -4.281196025912428760e-01 7.542948469120858146e-01 8.169835440862740494e-01 -6.053722045042393002e-02 -5.734746148599705329e-01 -5.584919173192155473e-01 1.546227026276433048e+00 1.746503978774786914e+00
1.583524530237205029e+09 3.060694576359235808e-01 9.013286180664341618e-01 3.064770948278316975e-01 5.080549258484325925e-01 -4.268952939867527996e-01 7.480913048365712692e-01 8.051097314220347911e-01 -7.326070221525188275e-02 -5.885840552859810115e-01 -5.578848807055699632e-01 1.551964241201167827e+00 1.756343471803649470e+00
1.583524530237215042e+09 3.206887198918479953e-01 9.005920734601059463e-01 2.934155116079565362e-01 5.184812421335776023e-01 -4.261519922677750594e-01 7.413310199369811393e-01 7.926764451496547403e-01 -8.560605684801492199e-02 -6.036022337535409399e-01 -5.570830033650820967e-01 1.557623994436215131e+00 1.766213828314889600e+00
1.583524530237224102e+09 3.350020326039498952e-01 8.994959508426170203e-01 2.805007537711123877e-01 5.290414868005728355e-01 -4.259151968917432862e-01 7.339695840969724383e-01 7.796722026587872278e-01 -9.748476668558604674e-02 -6.185531318503489917e-01 -5.560886313737894993e-01 1.563198422513310204e+00 1.776115178100037939e+00
1.583524530237235069e+09 3.489688222056475664e-01 8.980608917743378994e-01 2.677823670279432244e-01 5.397468036926146295e-01 -4.262020906835011225e-01 7.259649894310293838e-01 7.660901704330040918e-01 -1.088044706024299396e-01 -6.334567374330144496e-01 -5.549043536975335478e-01 1.568679669725299375e+00 1.786047608165235001e+00
1.583524530237245083e+09 3.625432856371327839e-01 8.963150395762733424e-01 2.553071016756484624e-01 5.506035481031565926e-01 -4.270196954837471304e-01 7.172795219188671245e-01 7.519295838414217226e-01 -1.194718785242600001e-01 -6.483273644096583244e-01 -5.535330620555460879e-01 1.574059924603867788e+00 1.796011150120257582e+00
1.583524530237255096e+09 3.756758493189079617e-01 8.942937522946089457e-01 2.431179572605642880e-01 5.616125178367789017e-01 -4.283636348686420958e-01 7.078813291859972212e-01 7.371967418850745579e-01 -1.293958314160401635e-01 -6.631724382259908124e-01 -5.519779984146229168e-01 1.579331461199627640e+00 1.806005770203544802e+00
1.583524530237263918e+09 3.883149593796993981e-01 8.920388443041940008e-01 2.312535251008816795e-01 5.727686801705239583e-01 -4.302175561914025059e-01 6.977455793047988575e-01 7.219054865660118336e-01 -1.384902698932990450e-01 -6.779918243365431474e-01 -5.502427881894743633e-01 1.584486681968404920e+00 1.816031362251820713e+00
1.583524530237273932e+09 4.004089845305314199e-01 8.895974454089980998e-01 2.197476519242405057e-01 5.840613946638242293e-01 -4.325532172787771579e-01 6.868551532631195222e-01 7.060771434942233471e-01 -1.466768543452012796e-01 -6.927777191068268392e-01 -5.483314579768495678e-01 1.589518158786916491e+00 1.826087743781155126e+00
1.583524530237283945e+09 4.119079406239019026e-01 8.870206064633806564e-01 2.086295579670252864e-01 5.954751418322191681e-01 -4.353312351718890416e-01 6.752007636418901892e-01 6.897399539704014426e-01 -1.538868404027096959e-01 -7.075151139758092400e-01 -5.462484381879996187e-01 1.594418669062776406e+00 1.836174655063483652e+00
1.583524530237293005e+09 4.227649016734575382e-01 8.843618262620780435e-01 1.979242240369724626e-01 6.069905377967733662e-01 -4.385022512735094469e-01 6.627807048581179084e-01 6.729281723394888726e-01 -1.600622882929280399e-01 -7.221826216371382001e-01 -5.439985528985119556e-01 1.599181225184469035e+00 1.846291760726449516e+00
1.583524530237303972e+09 4.329370356443477119e-01 8.816756227620941022e-01 1.876529234831213200e-01 6.185854634139322794e-01 -4.420083286496610531e-01 6.496003863424649749e-01 6.556809802091558836e-01 -1.651566949461669431e-01 -7.367534991860185123e-01 -5.415870002634043390e-01 1.603799096813756986e+00 1.856438653212764800e+00
1.583524530237314939e+09 4.423862154744126474e-01 8.790162395402372209e-01 1.778338755129926507e-01 6.302362150029116039e-01 -4.457844588931020313e-01 6.356717152643838187e-01 6.380413386624372851e-01 -1.691350557605071914e-01 -7.511967673833256365e-01 -5.390193269156250411e-01 1.608265826394424947e+00 1.866614857419596429e+00
1.583524530237324953e+09 4.510792727394180579e-01 8.764365376623975967e-01 1.684828936492674956e-01 6.419185496980308603e-01 -4.497600374726758998e-01 6.210124671253627326e-01 6.200548890550178216e-01 -1.719735572557460346e-01 -7.654783017304914727e-01 -5.363013988651476049e-01 1.612575238285045565e+00 1.876819836003490449e+00
1.583524530237334967e+09 4.589879581393478403e-01 8.739870887288377910e-01 1.596139822057162094e-01 6.536085748761732983e-01 -4.538602372750905611e-01 6.056457016671645821e-01 6.017689633998692944e-01 -1.736590164871661401e-01 -7.795618390722958146e-01 -5.334393707803601892e-01 1.616721441934020564e+00 1.887052994957248098e+00
1.583524530237344027e+09 4.660886448459928832e-01 8.717154757611932370e-01 1.512398914349852019e-01 6.652834813756786092e-01 -4.580072414326418206e-01 5.895992336179675108e-01 5.832317418758301564e-01 -1.741881062653027890e-01 -7.934098809320537793e-01 -5.304396557001044288e-01 1.620698830278017644e+00 1.897313689038520268e+00
1.583524530237354040e+09 4.723618486899415769e-01 8.696657874123884246e-01 1.433725999060306844e-01 6.769221091342195740e-01 -4.621213019772942854e-01 5.729051932938520331e-01 5.644915785394403196e-01 -1.735664734707293433e-01 -8.069844715367258114e-01 -5.273088964115675292e-01 1.624502074278946218e+00 1.907601226789561011e+00
