1.583524529005039930e+09 3.268569510753577267e-01 2.445530059657946287e-01 9.128846372598888870e-01 1.889173138700489529e-01 -9.633515770044361881e-01 1.904310573814301522e-01 9.259993424310565269e-01 1.102159987323461654e-01 -3.610784562565471645e-01 1.122061010120155577e-01 1.600834005342685495e+00 1.656407729911127724e+00
1.583524529005093098e+09 3.060571048347308643e-01 2.389752334532765365e-01 9.215312726734498083e-01 1.873119627885140304e-01 -9.641764328815276563e-01 1.878244789275343996e-01 9.334041339666869774e-01 1.151288152115827468e-01 -3.398559676311471156e-01 1.046468124141940598e-01 1.599098636715836408e+00 1.653447212004619526e+00
1.583524529005122900e+09 2.850881204212161735e-01 2.332717605673544636e-01 9.296822303656500086e-01 1.858841743906610999e-01 -9.649744111368848687e-01 1.851255238328761987e-01 9.403041196535232293e-01 1.200361261996859830e-01 -3.184642697451394722e-01 9.722676241182222345e-02 1.597302943742920256e+00 1.650185715510458229e+00
1.583524529005152941e+09 2.639610020113977162e-01 2.274462246010788002e-01 9.373328141469032815e-01 1.846790008237392255e-01 -9.657374868014280134e-01 1.823314927639912153e-01 9.466880458771643747e-01 1.249772840221580195e-01 -2.969215761946697452e-01 8.995001413314124283e-02 1.595440414345194347e+00 1.646650332439950404e+00
1.583524529005183935e+09 2.426868685906254652e-01 2.215050267580476462e-01 9.444779547899830874e-01 1.837514256494136577e-01 -9.664550589252733914e-01 1.794436754583135507e-01 9.525431735752664109e-01 1.300005469967491778e-01 -2.752478163379281639e-01 8.281768524906094053e-02 1.593505074127701704e+00 1.642868354424033450e+00
1.583524529005212069e+09 2.212773266769497704e-01 2.154583388534345445e-01 9.511120065866559559e-01 1.831656276971844466e-01 -9.671136706619739565e-01 1.764695465557331033e-01 9.578552592506487384e-01 1.351623181908186977e-01 -2.534648895143786218e-01 7.582812474653520540e-02 1.591491775925784946e+00 1.638866893549982828e+00
1.583524529005237103e+09 1.997450584062492596e-01 2.093210408118266752e-01 9.572286109804792886e-01 1.829937857984106631e-01 -9.676968051715322261e-01 1.734248183874572413e-01 9.626085321425353891e-01 1.405261369167089547e-01 -2.315971045732969080e-01 6.897714461848303280e-02 1.589396455448187639e+00 1.634672526122504133e+00
1.583524529005263090e+09 1.781046180388530520e-01 2.031135681155140926e-01 9.628206601718167779e-01 1.833145152481729379e-01 -9.681847406048615934e-01 1.703352475919723275e-01 9.667856710217630489e-01 1.461615083772290491e-01 -2.096718386957855673e-01 6.225829812485740578e-02 1.587216345961293795e+00 1.630310962286954046e+00
1.583524529005291939e+09 1.563734149591941569e-01 1.968626679677406011e-01 9.678803878776789382e-01 1.842110516421923971e-01 -9.685544376299776159e-01 1.672381230864699864e-01 9.703677878602779971e-01 1.521426676954619472e-01 -1.877204440820171016e-01 5.566319596809990444e-02 1.584950146210000854e+00 1.625806744164747908e+00
1.583524529005319118e+09 1.345728547960282073e-01 1.906020824368789557e-01 9.723996056756972761e-01 1.857692879375434092e-01 -9.687794294331651956e-01 1.641833998311467147e-01 9.733344330660336219e-01 1.585473535121280919e-01 -1.657794266214207002e-01 4.918185102249938295e-02 1.582598137415983874e+00 1.621182975463806519e+00
1.583524529005347013e+09 1.127859768169395399e-01 1.843894610851988525e-01 9.763605124489815879e-01 1.880697555155928236e-01 -9.688295928567763893e-01 1.612420140008899994e-01 9.756582858124361879e-01 1.654380448186837382e-01 -1.439484728669030156e-01 4.280304228462097904e-02 1.580162246563089123e+00 1.616461085004889719e+00
1.583524529005374908e+09 9.095955950669724899e-02 1.780412834976751735e-01 9.798100122474393547e-01 1.904994329798472830e-01 -9.688300472292615817e-01 1.583613135645464964e-01 9.774642319539705859e-01 1.722487764366731622e-01 -1.220411178878137576e-01 3.658831321191240854e-02 1.577587417637673628e+00 1.611596271213305620e+00
1.583524529005400896e+09 6.910479331589204632e-02 1.715559319161581442e-01 9.827477244749160956e-01 1.930384087624027745e-01 -9.687838588539097184e-01 1.555442303024857642e-01 9.787546681696396300e-01 1.789592050612163476e-01 -1.000644924466213559e-01 3.054006836005151992e-02 1.574872741252359987e+00 1.606599444119487741e+00
1.583524529005425930e+09 4.723308481181626162e-02 1.649314497878677510e-01 9.851734125348242666e-01 1.956683253459204075e-01 -9.686943065589490587e-01 1.527915145235004546e-01 9.795320016906287064e-01 1.855504172421881537e-01 -7.802628091741925509e-02 2.465985038194998952e-02 1.572017453548129939e+00 1.601481887736988741e+00
1.583524529005450010e+09 2.535605865817296134e-02 1.581664032489905058e-01 9.870868550274998210e-01 1.983741806450276535e-01 -9.685643394224672242e-01 1.501026477658506386e-01 9.797983235968807936e-01 1.920065345501977272e-01 -5.593510485705630725e-02 1.894828716058128554e-02 1.569020988971030484e+00 1.596255200422842302e+00
1.583524529005553007e+09 3.485472026040350307e-03 1.512609564210077584e-01 9.884877210885510967e-01 2.011460215833929532e-01 -9.683959678143838623e-01 1.474772102251779293e-01 9.795550671944912580e-01 1.983163447903686372e-01 -3.380085666351354684e-02 1.340504679187875386e-02 1.565883035213968766e+00 1.590931221919125615e+00
1.583524529005575895e+09 -1.836697033673759943e-02 1.442181085618498282e-01 9.893754554055661510e-01 2.039803873378111532e-01 -9.681896329496044729e-01 1.449166527498203794e-01 9.788026645665595105e-01 2.044748684785502590e-01 -1.163495537965651347e-02 8.028802923231175351e-03 1.562603589144248017e+00 1.585521947474560545e+00
1.583524529005595922e+09 -4.018989034322272003e-02 1.370450185617227978e-01 9.897491782250169567e-01 2.068813567928776131e-01 -9.679436096863701655e-01 1.424263763937114735e-01 9.775402176412613109e-01 2.104847533250729930e-01 1.054948814693431637e-02 2.817212759626473197e-03 1.559183012448997374e+00 1.580039430013050250e+00
1.583524529005614996e+09 -6.197256388466906851e-02 1.297543428031993074e-01 9.896076050863544804e-01 2.098610971328732644e-01 -9.676534921475512530e-01 1.400179954813699224e-01 9.757651978914235746e-01 2.163574119043873700e-01 3.273757911865056436e-02 -2.233089887572770223e-03 1.555622085359092965e+00 1.574495671711096501e+00
1.583524529005633116e+09 -8.370524304233643853e-02 1.223655517719522690e-01 9.889489896967632587e-01 2.129399002692363430e-01 -9.673117864172030567e-01 1.377116797714418861e-01 9.734731795693420953e-01 2.221138888623437613e-01 5.491255978558534645e-02 -7.126483687352028890e-03 1.551922056029511054e+00 1.568902506707271938e+00
1.583524529005651951e+09 -1.053793941288777986e-01 1.149061877270674964e-01 9.877711027918067987e-01 2.161456881394560325e-01 -9.669076316234647139e-01 1.355384573499655299e-01 9.706576250006956341e-01 2.277854252537821200e-01 7.705566337762663476e-02 -1.186832813599230339e-02 1.548084682575872506e+00 1.563271477415684840e+00
1.583524529005670071e+09 -1.269877595645702018e-01 1.074130451109695100e-01 9.860712686496039270e-01 2.195130005274227858e-01 -9.664266542785834302e-01 1.335423697301190982e-01 9.673097496150830921e-01 2.334137092539637082e-01 9.914579577831210411e-02 -1.646490900921095818e-02 1.544112264720501226e+00 1.557613707948862114e+00
1.583524529005687952e+09 -1.485241477166356350e-01 9.993327513762878533e-02 9.838464912072378832e-01 2.230815039834124214e-01 -9.658509436055039421e-01 1.317823862685799097e-01 9.634185073505935337e-01 2.390508215517140600e-01 1.211589229004959717e-01 -2.092336029831489558e-02 1.540007662605668459e+00 1.551939779128031160e+00
1.583524529005706072e+09 -1.699828566203854252e-01 9.252540630524866416e-02 9.810937151152797631e-01 2.268940470977251211e-01 -9.651591307281655041e-01 1.303339701591720856e-01 9.589707607778221732e-01 2.447588641667338138e-01 1.430670422341174808e-01 -2.525156315075724814e-02 1.535774300593867325e+00 1.546259610043562827e+00
1.583524529005723000e+09 -1.913576498787828983e-01 8.526026522685255238e-02 9.778102766906243692e-01 2.309942899997304844e-01 -9.643265467151957981e-01 1.292901748070997003e-01 9.539517220490143501e-01 2.506092546218037787e-01 1.648366272593181081e-01 -2.945802258165919341e-02 1.531416153273019498e+00 1.540582351403196659e+00
1.583524529005738974e+09 -2.126402290716207233e-01 7.822180350775277680e-02 9.739946009254069059e-01 2.354239726471589467e-01 -9.633254157192805422e-01 1.287621704775505915e-01 9.483457630332653432e-01 2.566816957125110377e-01 1.864264493348710139e-01 -3.355172346252616178e-02 1.526937710646384838e+00 1.534916296389156054e+00
1.583524529005757093e+09 -2.338181697325795172e-01 7.150772695890984798e-02 9.696472083616576310e-01 2.402198084836908165e-01 -9.621250723608075761e-01 1.288789694269565078e-01 9.421377326561859444e-01 2.630627114374252673e-01 2.077847509930760839e-01 -3.754196911329932274e-02 1.522343920323139477e+00 1.529268815110106372e+00
1.583524529005773067e+09 -2.548723397690615400e-01 6.522971813966563226e-02 9.647720842186217061e-01 2.454099870748349399e-01 -9.606922166062789037e-01 1.297859900367855923e-01 9.353149356467779230e-01 2.698435636677259386e-01 2.288458487536303432e-01 -4.143820777401295563e-02 1.517640105718388366e+00 1.523646318587390969e+00
1.583524529005790949e+09 -2.757739121071373090e-01 5.951309479962545862e-02 9.593784139451831949e-01 2.510104258900722751e-01 -9.589911907569855787e-01 1.316421746962889994e-01 9.278698807886383015e-01 2.771174617878972568e-01 2.495263450742534750e-01 -4.524985398928346725e-02 1.512831860637523951e+00 1.518054257513215211e+00
1.583524529005809069e+09 -2.964811767418086275e-01 5.449575566832461082e-02 9.534826294418846659e-01 2.570210069840498379e-01 -9.569842677706086320e-01 1.346154271331556906e-01 9.198038453852628304e-01 2.849760058044064626e-01 2.697212678282052134e-01 -4.898611293557792595e-02 1.507924921579794075e+00 1.512497159992428175e+00
1.583524529005825996e+09 -3.169364372563440169e-01 5.032632395194205216e-02 9.471106355923890607e-01 2.634221395038879310e-01 -9.546319491962997894e-01 1.388762686950234804e-01 9.111312042384077658e-01 2.935048597936206760e-01 2.893005809347777846e-01 -5.265581666029092722e-02 1.502925020477101414e+00 1.506978711096057744e+00
1.583524529005844116e+09 -3.370633114226899707e-01 4.716148131908986380e-02 9.403000154036154079e-01 2.701720571791397796e-01 -9.518932980051706405e-01 1.445897947512748138e-01 9.018843516717994779e-01 3.027787045431994395e-01 3.081065927131121929e-01 -5.626728172478310391e-02 1.497837722109658598e+00 1.501501875322147406e+00
1.583524529005861044e+09 -3.567647689181668857e-01 4.516236633963401775e-02 9.331019561231512771e-01 2.772052052051133253e-01 -9.487264319705005500e-01 1.519059956074766682e-01 8.921189237112028270e-01 3.128554266437251208e-01 3.259529232336190741e-01 -5.982819775457131478e-02 1.492668252086381431e+00 1.496069061006060075e+00
1.583524529005878925e+09 -3.759222196146136397e-01 4.449002596372594875e-02 9.255825855023682713e-01 2.844321125443395326e-01 -9.450893393088676264e-01 1.609487933849670094e-01 8.819188501958693527e-01 3.237696377812693815e-01 3.426256900887398871e-01 -6.334555540329697698e-02 1.487421322301247573e+00 1.490682323803759424e+00
1.583524529005897045e+09 -3.943959718555414273e-01 4.529977503186031346e-02 9.178233751445129540e-01 2.917410463806739407e-01 -9.409412706086652811e-01 1.718042116359329852e-01 8.714005849306978302e-01 3.355256408732049667e-01 3.578876431055791896e-01 -6.682562092348598437e-02 1.482100962050970860e+00 1.485343604344168345e+00
1.583524529005913973e+09 -4.120273943648353199e-01 4.773437289397942929e-02 9.099202471276384152e-01 2.990016846525114791e-01 -9.362449646573582918e-01 1.845084245840453996e-01 8.607156435455952659e-01 3.480902122090440698e-01 3.714859153571750117e-01 -7.027396265274080123e-02 1.476710364202183046e+00 1.480054993105236916e+00
1.583524529005930901e+09 -4.286430562710366043e-01 5.191617746427981683e-02 9.019810646702079993e-01 3.060709019208878723e-01 -9.309698673715800510e-01 1.990369539991543590e-01 8.500504299649934703e-01 3.613859662508122628e-01 3.831637379788179198e-01 -7.369553220259611459e-02 1.471251756730710403e+00 1.474819013638761778e+00
1.583524529005949974e+09 -4.440610391885773667e-01 5.793860745847277671e-02 8.941213068907448713e-01 3.128004644476952145e-01 -9.250963387599356880e-01 2.152966174096868079e-01 8.396223336067670795e-01 3.752863997271255747e-01 3.926760182099010565e-01 -7.709479986641193383e-02 1.465726310019116241e+00 1.469638913960925830e+00
1.583524529005966902e+09 -4.580993994603728692e-01 6.585762225347621679e-02 8.864579595224153508e-01 3.190460566086559813e-01 -9.186205334775060516e-01 2.331221337620114631e-01 8.296713530978614415e-01 3.896140258104842657e-01 3.998079000333970567e-01 -8.047594029396458459e-02 1.460134090129405537e+00 1.464518954898660574e+00
1.583524529005984068e+09 -4.705863673523243973e-01 7.568436291265683014e-02 8.791020124354900211e-01 3.246766282232045331e-01 -9.115592566846585365e-01 2.522792275473915158e-01 8.204471696105929412e-01 4.041430425097760071e-01 4.043944154628155152e-01 -8.384306092054205628e-02 1.454474067997263642e+00 1.459464683157411402e+00
1.583524529006000996e+09 -4.813713956671996086e-01 8.738033631134384249e-02 8.721503634437177688e-01 3.295827067632832730e-01 -9.039537737520163541e-01 2.724753462900099676e-01 8.121925997015011500e-01 4.186075152146979117e-01 4.063384419231062528e-01 -8.720046175649588671e-02 1.448744192678740550e+00 1.454483177045283959e+00
1.583524529006019115e+09 -4.903358961224763557e-01 1.008562816363471198e-01 8.656781847914027939e-01 3.336823057383083158e-01 -8.958714438044390604e-01 2.933777002887246188e-01 8.051253492372977272e-01 4.327151102995807075e-01 4.056239705965921649e-01 -9.055291173007470884e-02 1.442941534459343922e+00 1.449583253428810448e+00
1.583524529006036997e+09 -4.974024187883391290e-01 1.159753842293713422e-01 8.597328330544551367e-01 3.369234872237409917e-01 -8.874042129540775647e-01 3.146368169844917517e-01 7.994206638020939781e-01 4.461652979988125489e-01 4.023221710724557698e-01 -9.390592402873006173e-02 1.437062500574824986e+00 1.444775625760936988e+00
1.583524529006053925e+09 -5.025410594205370618e-01 1.325609238088378827e-01 8.543301968623794318e-01 3.392833627107180172e-01 -8.786634935909573008e-01 3.359125851051518175e-01 7.951976380480960671e-01 4.586698884454264435e-01 3.965887669422739625e-01 -9.726601113609759097e-02 1.431103122427358931e+00 1.440073005065107603e+00
1.583524529006069899e+09 -5.057721269275077258e-01 1.504077006761312674e-01 8.494539889811716371e-01 3.407641242417628891e-01 -8.697717212331249614e-01 3.568990958053778750e-01 7.925114304702006729e-01 4.699730594198597844e-01 3.886527449822234637e-01 -1.006408999141086974e-01 1.425059408615985124e+00 1.435490138736724486e+00
1.583524529006087065e+09 -5.071647520318420810e-01 1.692957496139739781e-01 8.450579055038790477e-01 3.413873964494695268e-01 -8.608516542702004948e-01 3.773447692753891802e-01 7.913523614767539183e-01 4.798680845459307731e-01 3.787981805763966925e-01 -1.040396883250555432e-01 1.418927753910258494e+00 1.431043784883523351e+00
1.583524529006103992e+09 -5.068317641605505353e-01 1.890044539521253952e-01 8.410700799693465735e-01 3.411884868223072909e-01 -8.520149774884214766e-01 3.970653530706169110e-01 7.916514254839239761e-01 4.882087612767652685e-01 3.673421104780686952e-01 -1.074729278814872124e-01 1.412705391024211332e+00 1.426752621761270712e+00
1.583524529006122112e+09 -5.049216370283797772e-01 2.093252444431029646e-01 8.373989985036383032e-01 3.402119103352248541e-01 -8.433518664535852860e-01 4.159488976173584818e-01 7.932906130162163949e-01 4.949147112953835026e-01 3.546116637004019245e-01 -1.109526193737886135e-01 1.406390869058883553e+00 1.422637093344939485e+00
1.583524529006139040e+09 -5.016085396781101435e-01 2.300714929877882842e-01 8.339400345539503823e-01 3.385090086437134715e-01 -8.349229002477859263e-01 4.339532252704900728e-01 7.961158986995545694e-01 4.999708579781208528e-01 3.409231837218265060e-01 -1.144921137080949641e-01 1.399984539866821143e+00 1.418719193293064063e+00
1.583524529006156921e+09 -4.970816152380431174e-01 2.510847942882269423e-01 8.305819008773648315e-01 3.361378457966411881e-01 -8.267541793395263294e-01 4.510974125192963591e-01 7.999507588526275637e-01 5.034222413597017054e-01 3.265652009998669114e-01 -1.181059144847572406e-01 1.393489031656562904e+00 1.415022190221485010e+00
1.583524529006175995e+09 -4.915344563476075623e-01 2.722374695356125085e-01 8.272125715917210131e-01 3.331649824463938092e-01 -8.188359401863491982e-01 4.674492459555539825e-01 8.046085836406291492e-01 5.053656728708703083e-01 3.117860869317247707e-01 -1.218093844548842619e-01 1.386909687419469739e+00 1.411570298817892644e+00
1.583524529006195068e+09 -4.851554286390943882e-01 2.934316553325210242e-01 8.237245133576595046e-01 3.296682754782612745e-01 -8.111245622040681447e-01 4.831105181490384926e-01 8.099031043150373144e-01 5.059395302965765673e-01 2.967863768651602396e-01 -1.256183635369232665e-01 1.380254945386156784e+00 1.408388302354636190e+00
1.583524529006213903e+09 -4.781193412100439022e-01 3.145956484050742019e-01 8.200191910930770822e-01 3.257396979053541752e-01 -8.035475402843944570e-01 4.982017660799813452e-01 8.156565116172806995e-01 5.053127037671603095e-01 2.817153291115954139e-01 -1.295487112779923622e-01 1.373536639496694134e+00 1.405501132931707531e+00
1.583524529006232977e+09 -4.705808283295655481e-01 3.356783707406947315e-01 8.160108550877325229e-01 3.214872236314681442e-01 -7.960107775957874221e-01 5.128477425190293149e-01 8.217053299237047082e-01 5.036733797328584172e-01 2.666711036315315142e-01 -1.336157902407803244e-01 1.366770199982454415e+00 1.402933414163142656e+00
1.583524529006252050e+09 -4.626696746959465534e-01 3.566429111585850409e-01 8.116295991599593584e-01 3.170350105152574538e-01 -7.884074269613544628e-01 5.271646149292945616e-01 8.279043268393687649e-01 5.012180794006844131e-01 2.517039186646575222e-01 -1.378339103888120698e-01 1.359974735838653359e+00 1.400708971727883112e+00
1.583524529006270885e+09 -4.544881915380373227e-01 3.774600932874240811e-01 8.068236250404502430e-01 3.125213983948725294e-01 -7.806274446074363826e-01 5.412496358287566256e-01 8.341288026876798600e-01 4.981412157100144067e-01 2.368215993662111107e-01 -1.422157577084935676e-01 1.353172983273440266e+00 1.398850318783944280e+00
1.583524529006375074e+09 -4.461106289715546236e-01 3.981029236841546748e-01 8.015605835295368520e-01 3.080945767546862113e-01 -7.725669989479406752e-01 5.551738141561682882e-01 8.402755730524930078e-01 4.946254081433990035e-01 2.219969980402525522e-01 -1.467718331107775720e-01 1.346391107428480671e+00 1.397378125995531351e+00
1.583524529006402016e+09 -4.375845102724104096e-01 4.185425830567246486e-01 7.958278097260357287e-01 3.039062149701706184e-01 -7.641368487077853100e-01 5.689779336347094985e-01 8.462628486754124602e-01 4.908329478630393816e-01 2.071767564966167097e-01 -1.515099302192043917e-01 1.339658349323724185e+00 1.396310690402838395e+00
1.583524529006516933e+09 -4.289336411472632338e-01 4.387463365190306663e-01 7.896312961621773097e-01 3.001038152148432503e-01 -7.552688408437264744e-01 5.826720159385152531e-01 8.520291261230383828e-01 4.868989939782464860e-01 1.922907644417347628e-01 -1.564346833464760056e-01 1.333006517327801177e+00 1.395663425093469634e+00
1.583524529006582022e+09 -4.201623687066796120e-01 4.586773903932297447e-01 7.829933816197482965e-01 2.968228037814549247e-01 -7.459199172807284839e-01 5.962379559982839972e-01 8.575312281512953438e-01 4.829270427755415485e-01 1.772615702570778384e-01 -1.615472162796325883e-01 1.326469332607738139e+00 1.395448395822717513e+00
1.583524529006603956e+09 -4.112605516084014146e-01 4.782963676326939528e-01 7.759493176719755025e-01 2.941794741540799119e-01 -7.360733518384761087e-01 6.096346920193145280e-01 8.627416738826824139e-01 4.789870619581817479e-01 1.620129587760807954e-01 -1.668449190729404952e-01 1.320081649726525308e+00 1.395673933323108296e+00
1.583524529006623030e+09 -4.022086627893136646e-01 4.975637984875101449e-01 7.685430750500537034e-01 2.922657737684835055e-01 -7.257373351696424502e-01 6.228049757654158247e-01 8.676456126999803065e-01 4.751163929807575292e-01 1.464769745456055705e-01 -1.723213738368752357e-01 1.313878586116621561e+00 1.396344350886133956e+00
1.583524529006643057e+09 -3.929824895214520941e-01 5.164429008419523237e-01 7.608229053432548072e-01 2.911465868616305297e-01 -7.149414119229391407e-01 6.356826586357706699e-01 8.722375984014425487e-01 4.713231458288060782e-01 1.305988680254366319e-01 -1.779664402914359067e-01 1.307894604971725494e+00 1.397459792062461181e+00
1.583524529006658077e+09 -3.835570216564386792e-01 5.349019922401008209e-01 7.528372135004309795e-01 2.908596626277141217e-01 -7.037315604844737171e-01 6.481994657880891797e-01 8.765184926576328195e-01 4.675914344649271248e-01 1.143397683784026092e-01 -1.837664988230168772e-01 1.302162601945750620e+00 1.399016222907597307e+00
1.583524529006669044e+09 -3.739092757986652860e-01 5.529160534901583768e-01 7.446312452886101330e-01 2.914179703221293494e-01 -6.921647818097060867e-01 6.602904523082526733e-01 8.804927144624975499e-01 4.638876509753893096e-01 9.767715822853399732e-02 -1.897048358789668876e-01 1.296713045607368109e+00 1.401005570378274223e+00
1.583524529006680012e+09 -3.640200172259172029e-01 5.704672972196237479e-01 7.362448574063256146e-01 2.928137026054691838e-01 -6.803040296882431059e-01 6.718977323746511132e-01 8.841660267175697197e-01 4.601668068300103220e-01 8.060364308727957505e-02 -1.957621464274887091e-01 1.291573216280741176e+00 1.403415997320961228e+00
1.583524529006695986e+09 -3.538744934242514240e-01 5.875448257126106855e-01 7.277114269252252798e-01 2.950231152280498592e-01 -6.682140354720765840e-01 6.829724476822206514e-01 8.875439169757859403e-01 4.563782211003129530e-01 6.312459847949063174e-02 -2.019171215852989254e-01 1.286766579561164470e+00 1.406232296113220315e+00
1.583524529006706953e+09 -3.434624162712970885e-01 6.041436503554418191e-01 7.190577296293837462e-01 2.980113824087067265e-01 -6.559582911856098875e-01 6.934752599721857313e-01 8.906305545731861839e-01 4.524700764484140270e-01 4.525533524380333239e-02 -2.081470861206171086e-01 1.282312320902366798e+00 1.409436377311436228e+00
1.583524529006716967e+09 -3.327774301754705122e-01 6.202633557072212422e-01 7.103045485762476963e-01 3.017369649966147316e-01 -6.435971882078976858e-01 7.033757625190847351e-01 8.934282210090060961e-01 4.483927174049512909e-01 2.701823590632558211e-02 -2.144286496987260759e-01 1.278225055726760040e+00 1.413007824782088973e+00
1.583524529006726980e+09 -3.218163124405115094e-01 6.359066868088223412e-01 7.014677091032041067e-01 3.061551470114793894e-01 -6.311871434038703876e-01 7.126512583121044075e-01 8.959371000130712526e-01 4.441007496058114179e-01 8.440213760801919957e-03 -2.207383378517464578e-01 1.274514717410595077e+00 1.416924486578897469e+00
1.583524529006736994e+09 -3.105781252363316036e-01 6.510782740403561197e-01 6.925592461246882214e-01 3.112205982630092405e-01 -6.187804428079166641e-01 7.212853130551305503e-01 8.981553136930529035e-01 4.395541431960650058e-01 -1.044930010625589809e-02 -2.270531731774653450e-01 1.271186614408666538e+00 1.421163071231771324e+00
1.583524529006747007e+09 -2.990634922189450706e-01 6.657836269202072055e-01 6.835884653373426323e-01 3.168889898580383169e-01 -6.064255015313819719e-01 7.292663979732977309e-01 9.000791053576079337e-01 4.347186139905602764e-01 -2.961977274352355777e-02 -2.333511835344634355e-01 1.268241637772322683e+00 1.425699721185152091e+00
1.583524529006757021e+09 -2.872741135769318888e-01 6.800284485816742164e-01 6.745627420660507134e-01 3.231178092706911142e-01 -5.941672642087171274e-01 7.365868200617102790e-01 9.017030914733709102e-01 4.295655612330536721e-01 -4.904042840862116170e-02 -2.396118212554596005e-01 1.265676594704214120e+00 1.430510540661443564e+00
1.583524529006767988e+09 -2.752125375098513071e-01 6.938182372508188145e-01 6.654880262266446023e-01 3.298666235819105452e-01 -5.820475593023786143e-01 7.432419857425970333e-01 9.030205257994217138e-01 4.240718011210058425e-01 -6.868069355740202830e-02 -2.458162846203456042e-01 1.263484638938394466e+00 1.435572060090059887e+00
1.583524529006781101e+09 -2.628821599285596777e-01 7.071581147170123982e-01 6.563690813685969516e-01 3.370970171508201885e-01 -5.701053050059881055e-01 7.492299661958493617e-01 9.040235457051498669e-01 4.182192512714913435e-01 -8.851037716112994391e-02 -2.519477393845599433e-01 1.261655768766184460e+00 1.440861626331540579e+00
1.583524529006799936e+09 -2.502873915453168729e-01 7.200528136753759911e-01 6.472095235293554571e-01 3.447723859981703942e-01 -5.583765380455845140e-01 7.545512862802243870e-01 9.047033898773020333e-01 4.119946448935430938e-01 -1.084997194105374596e-01 -2.579914431374692452e-01 1.260177365925435833e+00 1.446357714453708976e+00
1.583524529006817102e+09 -2.374339330184069008e-01 7.325067724367598787e-01 6.380117208807150053e-01 3.528577011600458335e-01 -5.468942749455987240e-01 7.592088611031619916e-01 9.050505899402585541e-01 4.053892950126364303e-01 -1.286193971629127908e-01 -2.639347794589946838e-01 1.259034749563493705e+00 1.452040160747466224e+00
1.583524529006834984e+09 -2.243290550383949256e-01 7.445242677939347686e-01 6.287766614044812963e-01 3.613193413520894293e-01 -5.356882853495487096e-01 7.632079628239850644e-01 9.050551413018932401e-01 3.983988902496813367e-01 -1.488405712144229565e-01 -2.697672130334378693e-01 1.258211719707098331e+00 1.457890319302716842e+00
1.583524529006851912e+09 -2.109818402509158197e-01 7.561095633264384164e-01 6.195038268857743224e-01 3.701250022736292111e-01 -5.247848294577550643e-01 7.665561724209944972e-01 9.047066629253329717e-01 3.910232872430822737e-01 -1.691349847923999949e-01 -2.754801796592564744e-01 1.257691068879830398e+00 1.463891148388620334e+00
1.583524529006869078e+09 -1.974034103921575301e-01 7.672670931038729769e-01 6.101910369719945049e-01 3.792436358610736802e-01 -5.142063498464934934e-01 7.692633453182359249e-01 9.039945566142794098e-01 3.832662752820049090e-01 -1.894750749618913377e-01 -2.810669264361477793e-01 1.257455045582370090e+00 1.470027235751686812e+00
1.583524529006884098e+09 -1.836070536522458330e-01 7.780016273172327690e-01 6.008343514949513464e-01 3.886454547419068706e-01 -5.039712181331459373e-01 7.713415079040113476e-01 9.029081683759292432e-01 3.751352813826868693e-01 -2.098341257530825787e-01 -2.865223181105200911e-01 1.257485757357824196e+00 1.476284773058204491e+00
1.583524529006894112e+09 -1.696082159773168174e-01 7.883183934363772183e-01 5.914280715677610045e-01 3.983019896870031995e-01 -4.940936049296772992e-01 7.728046548725976406e-01 9.014369518969272965e-01 3.666409964695659940e-01 -2.301864497558097078e-01 -2.918426244961818683e-01 1.257765507055226717e+00 1.482651490795698912e+00
1.583524529006905079e+09 -1.554243988397412679e-01 7.982231720222124904e-01 5.819647962614078462e-01 4.081861474157659209e-01 -4.845834553975734704e-01 7.736684973724902159e-01 8.995706339484677017e-01 3.577969292184236538e-01 -2.505075491238172858e-01 -2.970253015736012969e-01 1.258277061508012773e+00 1.489116565043941520e+00
1.583524529006915092e+09 -1.410749986850765580e-01 8.077223787200611405e-01 5.724355019181561754e-01 4.182722398863688018e-01 -4.754465473752601534e-01 7.739502012036489909e-01 8.972993804990948563e-01 3.486189031904642355e-01 -2.707742275084942252e-01 -3.020687761569873508e-01 1.259003855901724034e+00 1.495670506508504305e+00
1.583524529006927013e+09 -1.265811144865263693e-01 8.168231377588536235e-01 5.628296218862414158e-01 4.285359728437634352e-01 -4.666846096660014487e-01 7.736681427417865242e-01 8.946139623268202223e-01 3.391245153068958573e-01 -2.909646399760170699e-01 -3.069722416963647227e-01 1.259930139204187727e+00 1.502305040375708778e+00
1.583524529006937981e+09 -1.119653393311940970e-01 8.255333462302112402e-01 5.531351166269236064e-01 4.389543928773130266e-01 -4.582954846977101981e-01 7.728416976931203886e-01 8.915059191706325992e-01 3.293325722252677390e-01 -3.110582793365544441e-01 -3.117354700126822031e-01 1.261041068157171985e+00 1.509012983991877999e+00
1.583524529006947041e+09 -9.725154022914074547e-02 8.338617217896291400e-01 5.433385381625110977e-01 4.495057999815526562e-01 -4.502733318246031069e-01 7.714910643969243864e-01 8.879677211803805870e-01 3.192625185388969777e-01 -3.310359052829860982e-01 -3.163586422286631672e-01 1.262322757201707946e+00 1.515788127277910569e+00
1.583524529006957054e+09 -8.246463159288006106e-02 8.418178286953768019e-01 5.334250912942990475e-01 4.601696319562432747e-01 -4.426088651857636447e-01 7.696371237784793706e-01 8.839929267318159534e-01 3.089338698055152932e-01 -3.508794233974269483e-01 -3.208422016583141745e-01 1.263762290604472760e+00 1.522625118803197619e+00
1.583524529006973982e+09 -6.763026996598685281e-02 8.494120202458730340e-01 5.233787984257975978e-01 4.709263618270055907e-01 -4.352897316099200165e-01 7.673012519898090300e-01 8.795763232767979112e-01 2.983656642132276882e-01 -3.705717503238378230e-01 -3.251867302421856398e-01 1.265347703221911813e+00 1.529519359364125419e+00
1.583524529006990910e+09 -5.277442026239072964e-02 8.566552462683739710e-01 5.131828619530465208e-01 4.817574386062076774e-01 -4.283011214255516563e-01 7.645050161686222090e-01 8.747140281600443990e-01 2.875759701230327092e-01 -3.900966938291443031e-01 -3.293928480417568916e-01 1.267067937285651258e+00 1.536466904435538572e+00
1.583524529007002115e+09 -3.792290764901862232e-02 8.635588000244525109e-01 5.028200992116874657e-01 4.926452316309397617e-01 -4.216264674100582144e-01 7.612698586863907435e-01 8.694035478252333249e-01 2.765814907877990336e-01 -4.094388234780619307e-01 -3.334611335607434168e-01 1.268912782668172978e+00 1.543464376346835421e+00
1.583524529007014990e+09 -2.310085793549904870e-02 8.701339217929925374e-01 4.922736116259632255e-01 5.035730445340150796e-01 -4.152483873352050270e-01 7.576166350127476745e-01 8.636437571844338690e-01 2.653973156013435530e-01 -4.285833941446624551e-01 -3.373920627773108749e-01 1.270872806295163526e+00 1.550508886093880490e+00
1.583524529007025957e+09 -8.332007624466706425e-03 8.763912317953258535e-01 4.815277631421644999e-01 5.145252371394791746e-01 -4.091499295065240682e-01 7.535649378422231148e-01 8.574347544481858430e-01 2.540368953237842620e-01 -4.475163660328363990e-01 -3.411859655283581705e-01 1.272939274598719583e+00 1.557597963986496081e+00
1.583524529007042885e+09 6.362029397636098475e-03 8.823400553655079692e-01 4.705693907119492536e-01 5.254874501305643042e-01 -4.033160143426535726e-01 7.491322529058661583e-01 8.507775646284672089e-01 2.425123078152864042e-01 -4.662245341802185306e-01 -3.448429971924509285e-01 1.275104072761758411e+00 1.564729498395299290e+00
1.583524529007060051e+09 2.096237897583012183e-02 8.879877788853172138e-01 4.593890327527134776e-01 5.364468844345411380e-01 -3.977348227212828546e-01 7.443330914242146656e-01 8.436737040964625844e-01 2.308348230132718504e-01 -4.846957454828641487e-01 -3.483631220588184751e-01 1.277359624780049829e+00 1.571901682213490803e+00
1.583524529007074118e+09 3.545328974283248891e-02 8.933393547930076339e-01 4.479819880529823384e-01 5.473925881753548550e-01 -3.923989190042974085e-01 7.391782212624568027e-01 8.361246430948752195e-01 2.190157202427147898e-01 -5.029191741071680211e-01 -3.517461050720459004e-01 1.279698817057147942e+00 1.579112966435320731e+00
1.583524529007083893e+09 4.982227975885595433e-02 8.983969741066355486e-01 4.363491922201190865e-01 5.583157499206858887e-01 -3.873060854180914725e-01 7.336739872739121981e-01 8.281311876516133097e-01 2.070673158324635443e-01 -5.208856524624871920e-01 -3.549915093396159294e-01 1.282114926995573834e+00 1.586362020070899659e+00
1.583524529007093906e+09 6.406008747159468164e-02 9.031598741406785535e-01 4.244979942600487499e-01 5.692100179051831077e-01 -3.824599414159717825e-01 7.278216462446394086e-01 8.196927844249474182e-01 1.950041925879831550e-01 -5.385880654297764414e-01 -3.580986992060690710e-01 1.284601556271686373e+00 1.593647695103724393e+00
1.583524529007106066e+09 7.816037901939949795e-02 9.076243262173412374e-01 4.124427691274757946e-01 5.800717973871627464e-01 -3.778702726525055011e-01 7.216167729032716416e-01 8.108067989071263693e-01 1.828445779269981253e-01 -5.560217579890918138e-01 -3.610668482989752848e-01 1.287152568851750889e+00 1.600968995567877862e+00
1.583524529007119894e+09 9.211916462307942477e-02 9.117838530427649912e-01 4.002052786197538015e-01 5.909004538077322621e-01 -3.735529762161808875e-01 7.150488288666961845e-01 8.014678492135687282e-01 1.706117799696157400e-01 -5.731848806460085877e-01 -3.638949516738224088e-01 1.289762033939667818e+00 1.608325050078597496e+00
1.583524529007138014e+09 1.059338826168013115e-01 9.156297372819828251e-01 3.878146424700027461e-01 6.016983154225832298e-01 -3.695294930281047829e-01 7.081010457652224810e-01 7.916673227139020552e-01 1.583355240044557743e-01 -5.900785644080288606e-01 -3.665818420378109677e-01 1.292424173648534236e+00 1.615715087091472046e+00
1.583524529007149935e+09 1.196022971557311326e-01 9.191516808199553523e-01 3.753071786635613916e-01 6.124705332598366914e-01 -3.658259746354774467e-01 7.007504564281058501e-01 7.813930742735540891e-01 1.460532235276668922e-01 -6.067069470206393200e-01 -3.691262104048699255e-01 1.295133315200052815e+00 1.623138412247793427e+00
1.583524529007159948e+09 1.331212249635700395e-01 9.223386246202563976e-01 3.627260690842216695e-01 6.232247391318034291e-01 -3.624721424332227326e-01 6.929681598080457139e-01 7.706293947903913866e-01 1.338110894841092469e-01 -6.230769843323328283e-01 -3.715266319489599067e-01 1.297883847541259739e+00 1.630594387231735443e+00
1.583524529007169962e+09 1.464851378064707388e-01 9.251797331190109164e-01 3.501207877620725606e-01 6.339704456709072122e-01 -3.594997969456448228e-01 6.847199208622862798e-01 7.593573457416780137e-01 1.216649398871216259e-01 -6.391979850242178740e-01 -3.737815979509942488e-01 1.300670182520919926e+00 1.638082409695768016e+00
1.583524529007179022e+09 1.596847295340562967e-01 9.276655377461852092e-01 3.375462004336525768e-01 6.447181425828866219e-01 -3.569409398006958001e-01 6.759672197173859365e-01 7.475555523770478494e-01 1.096805167224463029e-01 -6.550808198614483935e-01 -3.758895542320614958e-01 1.303486721163631401e+00 1.645601894059923076e+00
1.583524529007189035e+09 1.727056108202392470e-01 9.297891629864851737e-01 3.250613551002002333e-01 6.554781298464877892e-01 -3.548255987853007332e-01 6.666687451451340785e-01 7.352014644933838605e-01 9.793317627891169608e-02 -6.707368334744341354e-01 -3.778489456546868519e-01 1.306327825868285997e+00 1.653152253258140636e+00
1.583524529007199049e+09 1.855273051216889124e-01 9.315475659443516188e-01 3.127279194969910248e-01 6.662591426380597426e-01 -3.531794303169362714e-01 6.567823420783980293e-01 7.222730605608320698e-01 8.650677754336238978e-02 -6.861765105392018116e-01 -3.796582657061303157e-01 1.309187799389111451e+00 1.660732881670348604e+00
1.583524529007213116e+09 1.981227421712946635e-01 9.329426188412878185e-01 3.006084649166840261e-01 6.770669719571595913e-01 -3.520213807804735140e-01 6.462671761523679503e-01 7.087507986754245648e-01 7.549183796895957144e-02 -7.014080752070223079e-01 -3.813161091499325250e-01 1.312060871382376703e+00 1.668343139691600641e+00
1.583524529007222891e+09 2.104583571288345112e-01 9.339819326043099501e-01 2.887646614093022368e-01 6.879032349733984475e-01 -3.513615800197770200e-01 6.350859622231649348e-01 6.946196220441945846e-01 6.498299648222542746e-02 -7.164361737293665211e-01 -3.828212251734797733e-01 1.314941192936457615e+00 1.675982340449120978e+00
1.583524529007232904e+09 2.224948214102268618e-01 9.346793001562029302e-01 2.772555869601560641e-01 6.987644948850315618e-01 -3.511997103477177418e-01 6.232069833959900107e-01 6.798707489162956197e-01 5.507603370191017228e-02 -7.312608258810703310e-01 -3.841725680682315236e-01 1.317822838998987001e+00 1.683649739164739811e+00
1.583524529007242918e+09 2.341883140512517891e-01 9.350547069723130766e-01 2.661362972730939025e-01 7.096418531823504017e-01 -3.515239979409909843e-01 6.106056985463578224e-01 6.645030277352194092e-01 4.586473610134467194e-02 -7.458767675036431788e-01 -3.853693419620514704e-01 1.320699818006953574e+00 1.691344525630140927e+00
1.583524529007256031e+09 2.454921671457531707e-01 9.351339285898921938e-01 2.554567119212070025e-01 7.205210342447635474e-01 -3.523108619351147941e-01 5.972658501766000549e-01 6.485237352430844870e-01 3.743784635435516012e-02 -7.602732223847614712e-01 -3.864110372303558583e-01 1.323566087387274326e+00 1.699065819920664744e+00
1.583524529007272959e+09 2.563586758515207786e-01 9.349477684693781043e-01 2.452608809925946043e-01 7.313829278566846837e-01 -3.535252089505268036e-01 5.831800232261510342e-01 6.319487655224100831e-01 2.987636268996502614e-02 -7.744340907370511617e-01 -3.872974565789939483e-01 1.326415573162716521e+00 1.706812671298317152e+00
1.583524529007291079e+09 2.667408004901387075e-01 9.345310028222721943e-01 2.355868211792773170e-01 7.422045518541555698e-01 -3.551213432510409995e-01 5.683495709405722573e-01 6.148022028651538573e-01 2.325159152347560515e-02 -7.883385155073824313e-01 -3.880287299125785294e-01 1.329242191647304949e+00 1.714584059975234664e+00
1.583524529007308006e+09 2.765936051741088031e-01 9.339211960767767051e-01 2.264667244669522073e-01 7.529602209022127068e-01 -3.570442531103339423e-01 5.527841414816084820e-01 5.971154690675789523e-01 1.762387630450894596e-02 -8.019616672714553474e-01 -3.886053187908696249e-01 1.332039871345219506e+00 1.722378901108115201e+00
1.583524529007327080e+09 2.858753560405387084e-01 9.331575048853733012e-01 2.179274009395745781e-01 7.636227595096658494e-01 -3.592310951398176022e-01 5.365009799220076259e-01 5.789262146843662249e-01 1.304191462534523560e-02 -8.152756261551918904e-01 -3.890280123783434463e-01 1.334802573599895403e+00 1.730196050274953601e+00
1.583524529007345915e+09 2.945482232334682426e-01 9.322795474072821387e-01 2.099909280696630187e-01 7.741646681411908926e-01 -3.616127532721011839e-01 5.195240930761481080e-01 5.602770840130778529e-01 9.542658597597380304e-03 -8.282502804015799969e-01 -3.892979171552779505e-01 1.337524311060534377e+00 1.738034309732265470e+00
1.583524529007364035e+09 3.025786365053294569e-01 9.313264042560090994e-01 2.026753504045981091e-01 7.845591392969457623e-01 -3.641153437991473951e-01 5.018834260756658283e-01 5.412144914465015777e-01 7.151595722018224896e-03 -8.408541663781758935e-01 -3.894164421089696404e-01 1.340199163363138046e+00 1.745892434935383708e+00
1.583524529007384062e+09 3.099373496281501716e-01 9.303357761699342365e-01 1.959953649432608358e-01 7.947808873073475278e-01 -3.666616023131789581e-01 4.836141132906082163e-01 5.217874860027420514e-01 5.883293540173617150e-03 -8.530552189024236398e-01 -3.893852807311986575e-01 1.342821289647144090e+00 1.753769140936776605e+00
1.583524529007401943e+09 3.165992462913101990e-01 9.293433044633182538e-01 1.899629961135926859e-01 8.048067968297281105e-01 -3.691721144939432153e-01 4.647558172530252274e-01 5.020467479172340264e-01 5.742168965059936230e-03 -8.648214212135991730e-01 -3.892063915317673373e-01 1.345384937947742943e+00 1.761663108301676273e+00
1.583524529007421017e+09 3.225429547270520225e-01 9.283820517451528698e-01 1.845882134614275083e-01 8.146163914249419102e-01 -3.715663634171637586e-01 4.453521891857428749e-01 4.820437503430526904e-01 6.723373353904018440e-03 -8.761213495826659647e-01 -3.888819781733797720e-01 1.347884451615469548e+00 1.769572988333034669e+00
