1.583524527587467909e+09 7.925023207757937449e-01 4.284676830560924521e-01 4.339994425612269113e-01 2.949020784173571608e-01 -8.921294458022316354e-01 3.422540227350184261e-01 5.338284703078572946e-01 -1.432497696683177058e-01 -8.333706664985459645e-01 3.440981478640238733e-01 1.656586827581385757e+00 1.601154767055990247e+00
1.583524527587671041e+09 7.855024555358822713e-01 4.203740814004808257e-01 4.541712496805926369e-01 2.874944801535286865e-01 -8.977611732437991154e-01 3.337241371222051667e-01 5.480262915498539389e-01 -1.315694018524493636e-01 -8.260488340699431165e-01 3.384176221701356013e-01 1.655052218034771316e+00 1.607431274445679126e+00
1.583524527587765932e+09 7.778864173288611017e-01 4.123892623123455725e-01 4.741601185986373812e-01 2.805573585891044663e-01 -9.030816506691506929e-01 3.251631909788136876e-01 5.622991110428512407e-01 -1.199109192535763452e-01 -8.181937919392087144e-01 3.324951885132045870e-01 1.653429312911300464e+00 1.613456961314575722e+00
1.583524527587857962e+09 7.696591105366459296e-01 4.045184998647164409e-01 4.939530714990685301e-01 2.740819820602465873e-01 -9.080946998075983823e-01 3.166118811626940643e-01 5.766315293867348979e-01 -1.082995819567566936e-01 -8.097945911598332103e-01 3.263410570897047336e-01 1.651721376618041415e+00 1.619221296833897927e+00
1.583524527587954044e+09 7.608258185304433985e-01 3.967666254616056265e-01 5.135370666178199484e-01 2.680570844048696943e-01 -9.128053368848926263e-01 3.081100719837390756e-01 5.910071686249636080e-01 -9.676084889846400805e-02 -8.008419724048330135e-01 3.199658632590081653e-01 1.649931829660774119e+00 1.624714234984076411e+00
1.583524527588043928e+09 7.513922034745954548e-01 3.891380892919827361e-01 5.328989623176931811e-01 2.624689208476777558e-01 -9.172197088866189674e-01 2.996966319847094717e-01 6.054088058157425234e-01 -8.532029711399896632e-02 -7.913283924880851750e-01 3.133806668668400741e-01 1.648064249411649307e+00 1.629926266896236875e+00
1.583524527588131905e+09 7.413643781424806845e-01 3.816369181615561490e-01 5.520254718261276006e-01 2.573012584557684002e-01 -9.213450690270412746e-01 2.914092074413647815e-01 6.198184582896889561e-01 -7.400355725057074230e-02 -7.812480734705913310e-01 3.065969502642900135e-01 1.646122370493828369e+00 1.634848485819912156e+00
1.583524527588222027e+09 7.307490683956544553e-01 3.742665291292162077e-01 5.709031128387739296e-01 2.525353003005435526e-01 -9.251898038083845588e-01 2.832838665315638993e-01 6.342174084380476362e-01 -6.283623250515416037e-02 -7.705970975492107966e-01 2.996266099665370053e-01 1.644110082856093280e+00 1.639472661225779282e+00
1.583524527588304996e+09 7.195538673671602048e-01 3.670293832672165135e-01 5.895181624197067816e-01 2.481495742599265364e-01 -9.287635096649854427e-01 2.753545567378775094e-01 6.485861706700972729e-01 -5.184375516137999101e-02 -7.593735604490717828e-01 2.924819381431052467e-01 1.642031426008493611e+00 1.643791317712854250e+00
1.583524527588361025e+09 7.077875694405589835e-01 3.599264817771104519e-01 6.078566313863792425e-01 2.441198396717931540e-01 -9.320771064549833174e-01 2.676523332776546416e-01 6.629044127672713005e-01 -4.105113101193921116e-02 -7.475777847360921546e-01 2.851755907532304013e-01 1.639890578035501978e+00 1.647797812613002622e+00
1.583524527588407993e+09 6.954605316262866266e-01 3.529567749649745734e-01 6.259042770390903510e-01 2.404191049901180932e-01 -9.351429462897289380e-01 2.602043888334027444e-01 6.771508716291845253e-01 -3.048253647806797861e-02 -7.352125625125716102e-01 2.777205407654094738e-01 1.637691838545867418e+00 1.651486405557706760e+00
1.583524527588452101e+09 6.825849873573525128e-01 3.461165908604723618e-01 6.436466737464791033e-01 2.370178479486775569e-01 -9.379748658951311269e-01 2.530329834441299997e-01 6.913033160852870562e-01 -2.016076633820347574e-02 -7.222833714856967680e-01 2.701300169994040878e-01 1.635439605481643133e+00 1.654852313868681701e+00
1.583524527588498116e+09 6.691752797729795255e-01 3.393991435925810540e-01 6.610693354927275056e-01 2.338844788857346313e-01 -9.405881557853278396e-01 2.461543656743736541e-01 7.053385680079539144e-01 -1.010655946214252497e-02 -7.087985341342982748e-01 2.624174305923739348e-01 1.633138346238880212e+00 1.657891748090268402e+00
1.583524527588557959e+09 6.552479764908588633e-01 3.327941748582040060e-01 6.781578920461673876e-01 2.309860602592571643e-01 -9.429994289832068777e-01 2.395777888517663379e-01 7.192325975044360220e-01 -3.378416235129983597e-04 -6.947692830031148015e-01 2.545962928194179242e-01 1.630792564199455619e+00 1.660601924124318174e+00
1.583524527588607073e+09 6.408218483957830447e-01 3.262877745549687125e-01 6.948982996482271357e-01 2.282892668923884039e-01 -9.452263813850501073e-01 2.333047332638336080e-01 7.329606874060904387e-01 9.131052998141479804e-03 -6.802097137228630963e-01 2.466801285876576988e-01 1.628406762038046685e+00 1.662981049063862127e+00
1.583524527588653088e+09 6.259176929689018731e-01 3.198624369787621546e-01 7.112770649317425864e-01 2.257615434595414139e-01 -9.472874398633059911e-01 2.273284667168587458e-01 7.464976672205592134e-01 1.829009858908389394e-02 -6.651366064068851003e-01 2.386823908265500449e-01 1.625985403556872599e+00 1.665028280703353403e+00
1.583524527588700056e+09 6.105580248903068608e-01 3.134973453088306661e-01 7.272814536242365735e-01 2.233723737647092256e-01 -9.492013229802334084e-01 2.216340025788975654e-01 7.598181893869572212e-01 2.713416584428326311e-02 -6.495691311748610364e-01 2.306163811304850486e-01 1.623532875936938735e+00 1.666743663876876003e+00
1.583524527588773966e+09 5.947666822609338766e-01 3.071688332298742052e-01 7.428996578434655662e-01 2.210945661714605048e-01 -9.509865542839811559e-01 2.161984421506853160e-01 7.728970090020462758e-01 3.566344742817446900e-02 -6.335284776928592487e-01 2.224951810460879253e-01 1.621053454004114602e+00 1.668128048087935023e+00
1.583524527588886023e+09 5.785683511232209142e-01 3.008510620893031784e-01 7.581209016889816077e-01 2.189054606062849351e-01 -9.526609391897870038e-01 2.109917872018530760e-01 7.857092734834384418e-01 4.388363477385176514e-02 -6.170374090894047425e-01 2.143315972940367242e-01 1.618551267772364133e+00 1.669182992617556982e+00
1.583524527589008093e+09 5.619880485222018551e-01 2.945168796817350665e-01 7.729354701138773098e-01 2.167879416846437146e-01 -9.542410422751250731e-01 2.059782065794030781e-01 7.982308072863040227e-01 5.180579928366750575e-02 -6.001197693079595163e-01 2.061381227309828645e-01 1.616030274037825842e+00 1.669910666136943167e+00
1.583524527589148045e+09 5.450506084981423527e-01 2.881388055686871508e-01 7.873346575381233725e-01 2.147311503394559729e-01 -9.557417051821666121e-01 2.011176920542476487e-01 8.104383797009765411e-01 5.944595629766142447e-02 -5.827999751562409347e-01 1.979269132793571861e-01 1.613494232268658068e+00 1.670313748092029593e+00
1.583524527589282990e+09 5.277802104079245549e-01 2.816900766788145161e-01 8.013106452942388991e-01 2.127308063959455486e-01 -9.571756430996428699e-01 1.963680021662496944e-01 8.223099498088259907e-01 6.682431426269976049e-02 -5.651025194806059693e-01 1.897097795303636925e-01 1.610946684500758730e+00 1.670395337904730937e+00
1.583524527589427948e+09 5.101999770971654691e-01 2.751456853671800373e-01 8.148563279826055439e-01 2.107890810281399796e-01 -9.585531516712013644e-01 1.916867724919153748e-01 8.338248897293234485e-01 7.396422962650155142e-02 -5.470515021990547400e-01 1.814981906717687832e-01 1.608390938539599357e+00 1.670158875274022403e+00
1.583524527589587927e+09 4.923317051823985491e-01 2.684832419898727229e-01 8.279651205831186633e-01 2.089140619127732024e-01 -9.598819659214998801e-01 1.870334896258709634e-01 8.449641453044719475e-01 8.089103960568841400e-02 -5.286702496982372823e-01 1.733032880626559913e-01 1.605830053623906073e+00 1.669608072902705187e+00
1.583524527589725971e+09 4.741957151471632437e-01 2.616836312183091207e-01 8.406307756368960327e-01 2.071188666898246267e-01 -9.611672657362715366e-01 1.823712212659402698e-01 8.557103475125699132e-01 8.763084188032965738e-02 -5.099810160837988660e-01 1.651359057593306257e-01 1.603266827725733368e+00 1.668746862775605910e+00
1.583524527589864969e+09 4.558108028104964626e-01 2.547314422017263880e-01 8.528472339490222875e-01 2.054204839370760149e-01 -9.624118150467878552e-01 1.776680135681520667e-01 8.660478837011695852e-01 9.420929164025367009e-02 -4.910047581846529452e-01 1.570065951668604687e-01 1.600703785692245917e+00 1.667579357571017606e+00
1.583524527590015888e+09 4.371942751456092124e-01 2.476151567659301556e-01 8.646085241189264137e-01 2.038384507180842908e-01 -9.636162155272187668e-01 1.728978750294524469e-01 8.759629283433192359e-01 1.006505009026315706e-01 -4.717609827983326176e-01 1.489256509110735427e-01 1.598143167465952086e+00 1.666109827778421870e+00
1.583524527590143919e+09 4.183620509858558267e-01 2.403271007915079860e-01 8.759087161225623808e-01 2.023934900303305251e-01 -9.647792467864341193e-01 1.680413049562280714e-01 8.854434310171261924e-01 1.069761170285059154e-01 -4.522676651151675831e-01 1.409031351281805067e-01 1.595586915735106803e+00 1.664342694173011061e+00
1.583524527590404034e+09 3.993288146421642981e-01 2.328631713365330314e-01 8.867419248524315289e-01 2.011062567297007553e-01 -9.658982582676143291e-01 1.630853401983311246e-01 8.944790502543176203e-01 1.132046736217544453e-01 -4.325412472596436020e-01 1.329488977887606782e-01 1.593036662565849415e+00 1.662282533815471641e+00
1.583524527590517998e+09 3.801082072397911071e-01 2.252223843091290534e-01 8.971023511587079557e-01 1.999963243356233655e-01 -9.669695710225549856e-01 1.580231596208134526e-01 9.030610284385501840e-01 1.193512728950629348e-01 -4.125967191198186557e-01 1.250725911322374539e-01 1.590493714816796356e+00 1.659934097361949190e+00
1.583524527590643883e+09 3.607130333222166585e-01 2.174063207684127363e-01 9.069843434926790904e-01 1.990814796251192398e-01 -9.679888495948909544e-01 1.528533661326497428e-01 9.111820191954751458e-01 1.254275837644354130e-01 -3.924477661810226725e-01 1.172836770744555002e-01 1.587959038422598113e+00 1.657302334273110800e+00
1.583524527590742111e+09 3.411554593614341546e-01 2.094185562517071886e-01 9.163824643153959393e-01 1.983773160843081140e-01 -9.689514171073052573e-01 1.475791033879133574e-01 9.188358901645837795e-01 1.314420769854797166e-01 -3.721069569328184223e-01 1.095914276133077569e-01 1.585433241944931959e+00 1.654392421222890874e+00
1.583524527590835094e+09 3.214471808678847076e-01 2.012641460737993049e-01 9.252915505270176144e-01 1.978970325339076686e-01 -9.698525069029829693e-01 1.422071706213221820e-01 9.260175346449501799e-01 1.374003579988963275e-01 -3.515859314683480452e-01 1.020049186268489477e-01 1.582916559965290570e+00 1.651209790739930350e+00
1.583524527590890884e+09 3.015995428451137550e-01 1.929492036164372204e-01 9.337067637319649283e-01 1.976513020074270321e-01 -9.706874640482768823e-01 1.367472484627852980e-01 9.327227233288645225e-01 1.433054499393879855e-01 -3.308955567218426208e-01 9.453301700354312109e-02 1.580408836922443605e+00 1.647760159621715959e+00
1.583524527590935946e+09 2.816236117559205998e-01 1.844805661626455762e-01 9.416236307937893013e-01 1.976480982752937543e-01 -9.714519200005887756e-01 1.312112662204663049e-01 9.389480127213704064e-01 1.491579292377250010e-01 -3.100460314319553046e-01 8.718436079158911611e-02 1.577909512026997252e+00 1.644049557173910214e+00
1.583524527590989113e+09 2.615302129422799049e-01 1.758655124046115958e-01 9.490380758033090114e-01 1.978924588086373171e-01 -9.721419568580592641e-01 1.256128594957687250e-01 9.446907020336383631e-01 1.549559204478509478e-01 -2.890469516600250310e-01 7.996733172036542270e-02 1.575417605923148834e+00 1.640084353656398264e+00
1.583524527591047049e+09 2.413299467069026649e-01 1.671115000348935564e-01 9.559464438125963026e-01 1.983861859490130553e-01 -9.727542714296403270e-01 1.199668647912497527e-01 9.499488291960176412e-01 1.606949718891723944e-01 -2.679073496066420867e-01 7.289001971570086003e-02 1.572931709868432559e+00 1.635871288362009235e+00
1.583524527591871977e+09 2.210331980631846105e-01 1.582258991359628553e-01 9.623455150079909259e-01 1.991275312612234560e-01 -9.732863387672665567e-01 1.142887967854636921e-01 9.547211905533843357e-01 1.663678683839042438e-01 -2.466357247689930643e-01 6.596017898751325992e-02 1.570449978283594117e+00 1.631417496785810384e+00
1.583524527592616081e+09 2.006501550249538135e-01 1.492157124350096120e-01 9.682325064313801466e-01 2.001109434107347651e-01 -9.737365632670449411e-01 1.085942709906874415e-01 9.590073647577929128e-01 1.719644630101581084e-01 -2.252400893636465062e-01 5.918517593648216224e-02 1.567970125630371525e+00 1.626730535290477730e+00
1.583524527592860937e+09 1.801908481101271164e-01 1.400872935040992640e-01 9.736050577700732234e-01 2.013269827526984190e-01 -9.741043950835207577e-01 1.028983649166099884e-01 9.628077192861834721e-01 1.774716250464840328e-01 -2.037280492246957009e-01 5.257192940706927747e-02 1.565489428618252798e+00 1.621818401715579672e+00
1.583524527592974901e+09 1.596652177210672596e-01 1.308460931363323310e-01 9.784611991389646768e-01 2.027624940000245235e-01 -9.743903860130068706e-01 9.721495090860551858e-02 9.661233820382579829e-01 1.828733867334433605e-01 -1.821069333062330931e-01 4.612684364152293964e-02 1.563004734755827796e+00 1.616689551019018900e+00
1.583524527593372107e+09 1.390832106254059064e-01 1.214964814332527149e-01 9.827993007633281097e-01 2.044011370144535600e-01 -9.745961533297018420e-01 9.155606539162794433e-02 9.689561578076927306e-01 1.881513830224739170e-01 -1.603839810201940219e-01 3.985573475826470480e-02 1.560512478270710490e+00 1.611352904640438677e+00
1.583524527593576908e+09 1.184548992972430242e-01 1.120417177945133291e-01 9.866180063051520621e-01 2.062244197065662143e-01 -9.747242074448576599e-01 8.593141535860748803e-02 9.713083576255995277e-01 1.932857286858920276e-01 -1.385665960743290570e-01 3.376375261425736130e-02 1.558008704342761730e+00 1.605817851500802362e+00
1.583524527593679905e+09 9.779059616564543533e-02 1.024841299997083510e-01 9.899161593080441079e-01 2.082132002763168732e-01 -9.747776341116253240e-01 8.034816285569973404e-02 9.731825432962113442e-01 1.982563168046302116e-01 -1.166626346572960382e-01 2.785530077561121018e-02 1.555489102386350408e+00 1.600094238442960615e+00
1.583524527593774080e+09 7.710092478440105923e-02 9.282552561436949179e-02 9.926927365762402422e-01 2.103494942361911757e-01 -9.747596572425865080e-01 7.481110141378202738e-02 9.745812114525095327e-01 2.030444099839450178e-01 -9.468067338497597463e-02 2.213395696809492344e-02 1.552949048887556582e+00 1.594192349182377733e+00
1.583524527593857050e+09 5.639681275892596823e-02 8.306782559495431983e-02 9.949468005481396649e-01 2.126183983496266472e-01 -9.746731243540807110e-01 6.932328146404823088e-02 9.755064409004179371e-01 2.076343830674027835e-01 -7.263020573164111204e-02 1.660239572206000797e-02 1.550383660131489760e+00 1.588122871915198742e+00
1.583524527593951941e+09 3.568938109236964584e-02 7.321389649375774356e-02 9.966774771694519863e-01 2.150099884661674232e-01 -9.745199555799765045e-01 6.388709606820835996e-02 9.759595140073203945e-01 2.120155219685637693e-01 -5.052173312144580403e-02 1.126231586957820649e-02 1.547787854827040066e+00 1.581896855084498066e+00
1.583524527594062090e+09 1.498971926623018924e-02 6.326854102486370590e-02 9.978839612361365408e-01 2.175210452356512725e-01 -9.743006037097438066e-01 5.850579884308838852e-02 9.759405223887114289e-01 2.161837767882067440e-01 -2.836673170878272615e-02 6.114375765046819317e-03 1.545156426273836425e+00 1.575525651113845571e+00
1.583524527594170094e+09 -5.691441789311111471e-03 5.323958892202863835e-02 9.985655480343746948e-01 2.201564505343984457e-01 -9.740135791826328715e-01 5.318538204978448536e-02 9.754479713562155263e-01 2.201433482034982902e-01 -6.177497341104714462e-03 1.158139030609430659e-03 1.542484123345864155e+00 1.569020848420455527e+00
1.583524527594290018e+09 -2.634411969944431067e-02 4.313903004576075118e-02 9.987216887118208763e-01 2.229301337149215689e-01 -9.736550863190350791e-01 4.793671218146901281e-02 9.744783952883064870e-01 2.239080101085612062e-01 1.603309639944633033e-02 -3.607966134123546248e-03 1.539765739098964525e+00 1.562394192232609003e+00
1.583524527594396114e+09 -4.695947296981031749e-02 3.298416290942177143e-02 9.983520686386045950e-01 2.258655372562701491e-01 -9.732187916708603392e-01 4.277782867907802683e-02 9.730259847624624925e-01 2.275021506598665366e-01 3.825185586056789599e-02 -8.186670306319279028e-03 1.536996205119310233e+00 1.555657494731125023e+00
1.583524527594496012e+09 -6.753011448980919540e-02 2.279873306857783249e-02 9.974567165881834674e-01 2.289955613603001927e-01 -9.726957409499064067e-01 3.773630113091382826e-02 9.710822398535355893e-01 2.309614974998425996e-01 6.046544606858262477e-02 -1.258186473753615184e-02 1.534170688934585192e+00 1.548822535492803132e+00
1.583524527595175982e+09 -8.805025283196256380e-02 1.261405287181068154e-02 9.960361633524122960e-01 2.323619784337839500e-01 -9.720744245306366382e-01 3.285154729413415631e-02 9.686356714468582485e-01 2.343335205696678580e-01 8.266037256582665915e-02 -1.679857819598893492e-02 1.531284691112289709e+00 1.541900954187401585e+00
1.583524527595556974e+09 -1.085155651131983756e-01 2.470110892711848208e-03 9.940916812546817249e-01 2.360143329379852106e-01 -9.713409750327987036e-01 2.817702748728194428e-02 9.656715833143223460e-01 2.376775311078493103e-01 1.048226332443964737e-01 -2.084292667872071278e-02 1.528334138300049494e+00 1.534904138694545006e+00
1.583524527595870018e+09 -1.289227073546410918e-01 -7.583328212975683387e-03 9.916256494872359717e-01 2.400083233613112821e-01 -9.704794746827757335e-01 2.378221908454362585e-02 9.621719910132853215e-01 2.410644776231102016e-01 1.269369031937899184e-01 -2.472203503543376341e-02 1.525315468114608830e+00 1.527843112405295800e+00
1.583524527596038103e+09 -1.492683812498693252e-01 -1.748564063703619831e-02 9.886421004539382995e-01 2.444036602408778680e-01 -9.694723410464138880e-01 1.975426067197977656e-02 9.581157556708681522e-01 2.445764345487832780e-01 1.489851215834931686e-01 -2.844392955984685264e-02 1.522225701054689351e+00 1.520728424481429419e+00
1.583524527596195936e+09 -1.695479046505045106e-01 -2.716426994124325131e-02 9.851475069889796821e-01 2.492614313006991655e-01 -9.683007414059913165e-01 1.619916869422177719e-02 9.534790228103675602e-01 2.483058127598755660e-01 1.709443665782711674e-01 -3.201740117702976673e-02 1.519062493955280368e+00 1.513570047218584014e+00
1.583524527596340895e+09 -1.897532532371867808e-01 -3.653374988668495194e-02 9.811518679921780173e-01 2.546409021401659367e-01 -9.669450085805193496e-01 1.324240711921946707e-02 9.482361066148031759e-01 2.523541866498805186e-01 1.927839481048125303e-01 -3.545184082790967667e-02 1.515824169481480022e+00 1.506377285407083599e+00
1.583524527596472025e+09 -2.098705892892163971e-01 -4.549500817108097228e-02 9.766701285707111158e-01 2.605956541068743526e-01 -9.653850414398519320e-01 1.102845558702775230e-02 9.423609928561507143e-01 2.568305394907799410e-01 2.144617289463249254e-01 -3.875705094325233163e-02 1.512509716617449484e+00 1.499158703004976001e+00
1.583524527596601963e+09 -2.298773902295555283e-01 -5.393510555810056284e-02 9.717239267966516492e-01 2.671691302728966821e-01 -9.636006412257135390e-01 9.719056871276738480e-03 9.358296005872224210e-01 2.618488278328996444e-01 2.359197958669395634e-01 -4.194303914446155523e-02 1.509118758004519556e+00 1.491922072403796262e+00
1.583524527596740007e+09 -2.497393852686543014e-01 -6.172756672610508338e-02 9.663435967662475923e-01 2.743897694869300574e-01 -9.615717327833452899e-01 9.489843033147486034e-03 9.286229018774146970e-01 2.675247843434193640e-01 2.570797462371909869e-01 -4.501980174031786075e-02 1.505651480906246231e+00 1.484674351034730666e+00
1.583524527596878052e+09 -2.694075922610275620e-01 -6.873341359172469023e-02 9.605702822529771367e-01 2.822660462902467637e-01 -9.592784270399536961e-01 1.052513825440402895e-02 9.207309207300290455e-01 2.739719279268899577e-01 2.778380002344140731e-01 -4.799710614966488931e-02 1.502108530040009216e+00 1.477421689371252400e+00
1.583524527597018003e+09 -2.888157846528545680e-01 -7.480293807901883252e-02 9.544579420013863391e-01 2.907818484948155868e-01 -9.567009110983739628e-01 1.301089148863994113e-02 9.121575297972045471e-01 2.812967955360726191e-01 2.980616609193492139e-01 -5.088428263470300833e-02 1.498490862386346212e+00 1.470169473414488781e+00
1.583524527597146034e+09 -3.078787183288090312e-01 -7.977835401960717276e-02 9.480749490887054876e-01 2.998925866014830466e-01 -9.538192428525060773e-01 1.712566709923848962e-02 9.029258725642792527e-01 2.895932772272579170e-01 3.175855829432651101e-01 -5.369003657216547126e-02 1.494799566369036103e+00 1.462922403513699399e+00
1.583524527597281933e+09 -3.264914219787370397e-01 -8.349736895535686543e-02 9.415049340344716633e-01 3.095225440348642887e-01 -9.506131804576015698e-01 2.302989106181059856e-02 8.930840644377138204e-01 2.989360643003434737e-01 3.362113670931375364e-01 -5.642229213687117995e-02 1.491035649815113606e+00 1.455684609975857136e+00
1.583524527597342014e+09 -3.445298303111483662e-01 -8.579784928519343379e-02 9.348464714289860256e-01 3.195639182244328635e-01 -9.470622769529064566e-01 3.085361809697816440e-02 8.827106537471455239e-01 3.093731931712755956e-01 3.537091024597721067e-01 -5.908807770281129801e-02 1.487199803496074502e+00 1.448459804516498250e+00
1.583524527597413063e+09 -3.618530264501186866e-01 -8.652373296506603306e-02 9.282111995349436873e-01 3.298780292448618701e-01 -9.431465130917062734e-01 4.068342011596039892e-02 8.719190748653732337e-01 3.209178999364621920e-01 3.698226986555647744e-01 -6.169346212022639581e-02 1.483292149580750952e+00 1.441251465144060218e+00
1.583524527597791910e+09 -3.783072844925790545e-01 -8.553214649091871180e-02 9.217200499478821474e-01 3.402991438683060088e-01 -9.388477172933284987e-01 5.254956159145615646e-02 8.608600880664574184e-01 3.335404258458576354e-01 3.842794466991140689e-01 -6.424354915818816791e-02 1.479311986793197642e+00 1.434063050584761134e+00
1.583524527597879887e+09 -3.937320065631854105e-01 -8.270155715096449978e-02 9.154974382880340933e-01 3.506411255097375834e-01 -9.341519369862676392e-01 6.641505653026683054e-02 8.497210766788086955e-01 3.471607856514876134e-01 3.968040836587370945e-01 -6.674253443610783654e-02 1.475257545763297262e+00 1.426898239065327756e+00
1.583524527597958088e+09 -4.079674513277674608e-01 -7.794045140329455834e-02 9.096635887797178688e-01 3.607067662896926152e-01 -9.290527116986179168e-01 8.216865367113992957e-02 8.387211619202906698e-01 3.616439477524779345e-01 4.071369151227663963e-01 -6.919382589187152155e-02 1.471125769500245539e+00 1.419761185142002446e+00
1.583524527598033905e+09 -4.208638202696072250e-01 -7.119558683841223368e-02 9.043256234687953032e-01 3.702991300642446415e-01 -9.235548854529800344e-01 9.962393205172392907e-02 8.281015632786032921e-01 3.767991003136710870e-01 4.150545011838126519e-01 -7.160022543849595134e-02 1.466912135301236875e+00 1.412656787092012367e+00
1.583524527598248959e+09 -4.322908870762053324e-01 -6.245854145369308247e-02 8.995685185741907341e-01 3.792336355435641515e-01 -9.176782660561658700e-01 1.185261561361447558e-01 8.181115074766934780e-01 3.923844169118238523e-01 4.203903314225745924e-01 -7.396416508933525980e-02 1.462610534045407418e+00 1.405590956669684699e+00
1.583524527598342896e+09 -4.421471697027703485e-01 -5.176938123882227766e-02 8.954472689943270280e-01 3.873492197488606625e-01 -9.114602076567797084e-01 1.385672105011096777e-01 8.089910149847652221e-01 4.081179009221956866e-01 4.230523805338795018e-01 -7.628798668895181434e-02 1.458213221661812664e+00 1.398570882555501216e+00
1.583524527598427057e+09 -4.503676351013243262e-01 -3.921657619118096988e-02 8.919815320198626329e-01 3.945169896523908482e-01 -9.049561566598339768e-01 1.594073379958627634e-01 8.009527690013740209e-01 4.236937746830622964e-01 4.230345697203152233e-01 -7.857425056931235940e-02 1.453710855261982182e+00 1.391605278643004429e+00
1.583524527598500013e+09 -4.569289926670642710e-01 -2.493271500822728456e-02 8.891536736931361373e-01 4.006452586213277711e-01 -8.982374598941940125e-01 1.807009750801736592e-01 7.941657713893582882e-01 4.388027180820309181e-01 4.204199117691376220e-01 -8.082605524115434037e-02 1.449092622759215132e+00 1.384704608540368254e+00
1.583524527598613024e+09 -4.618518399602579150e-01 -9.086209480860439613e-03 8.869105472267277968e-01 4.056806264302271758e-01 -8.913862922055535432e-01 2.021230007076484092e-01 7.887433722740861963e-01 4.531533061751652491e-01 4.153744983154619708e-01 -8.304734802637331326e-02 1.444346469653817078e+00 1.377881278513316321e+00
1.583524527598712921e+09 -4.651994375508427537e-01 8.129958907135822685e-03 8.851685642463628101e-01 4.096056597777730790e-01 -8.844882248758046961e-01 2.233915476062452721e-01 7.847373361973185579e-01 4.664916760859832978e-01 4.081333475410078293e-01 -8.524320602345492048e-02 1.439459421356952262e+00 1.371149792035807558e+00
1.583524527598788977e+09 -4.670733777134142284e-01 2.651086147818385724e-02 8.838210419052525690e-01 4.124344028010338836e-01 -8.776234955622107536e-01 2.442843904779240793e-01 7.821383018744842985e-01 4.786169389973771726e-01 3.989805791016416414e-01 -8.742006794857927476e-02 1.434417994919420458e+00 1.364526859510816870e+00
1.583524527599008083e+09 -4.676067556833825578e-01 4.585190419019255503e-02 8.827465802713789778e-01 4.142071667636916255e-01 -8.708583010985475603e-01 2.646473926136375110e-01 7.808817740748862368e-01 4.893908686574325873e-01 3.882270375012335517e-01 -8.958589963578601767e-02 1.429208689585836023e+00 1.358031456933494585e+00
1.583524527599078894e+09 -4.669556226660298015e-01 6.595930116482578986e-02 8.818173377235488664e-01 4.149858159308222882e-01 -8.642373799292545344e-01 2.843950135236146259e-01 7.808580018660489230e-01 4.987415380327002157e-01 3.761883294536667033e-01 -9.175027917933467614e-02 1.423818541307842134e+00 1.351684827408250911e+00
1.583524527599220991e+09 -4.652895848505238519e-01 8.665771365827200368e-02 8.809063758155954993e-01 4.148503017647264257e-01 -8.577788192479535168e-01 3.035040763863840474e-01 7.819238002495753070e-01 5.066615615481149248e-01 3.631655720294672540e-01 -9.392439170082679534e-02 1.418235722716067126e+00 1.345510419346424236e+00
1.583524527599307060e+09 -4.627823236858659151e-01 1.077946137800556980e-01 8.798936539055944861e-01 4.138966270960148242e-01 -8.514715915088043596e-01 3.220026567279471452e-01 7.839146018565019691e-01 5.132021532803537900e-01 3.494301745974044415e-01 -9.612092832157338729e-02 1.412450165973500038e+00 1.339533756092419203e+00
1.583524527599384069e+09 -4.596025956987047634e-01 1.292414962579226112e-01 8.786706377997648421e-01 4.122358542311823082e-01 -8.452759804647933528e-01 3.399560520764700056e-01 7.866556136929914178e-01 5.184642249309181494e-01 3.352130560802899506e-01 -9.835388906186619262e-02 1.406454183293452287e+00 1.333782232673946799e+00
1.583524527599459887e+09 -4.559062021003418841e-01 1.508924110004247199e-01 8.771436685334622618e-01 4.099934903527189256e-01 -8.391267322198189271e-01 3.574516263081383149e-01 7.899714379623254956e-01 5.225876075991948699e-01 3.206981753020864967e-01 -1.006382945848371679e-01 1.400243058512761651e+00 1.328284836566103078e+00
1.583524527599633932e+09 -4.518293533046574550e-01 1.726605347799439749e-01 8.752362968257302311e-01 4.073085131646894674e-01 -8.329385146222463288e-01 3.745840439344761963e-01 7.936939023561525586e-01 5.257392610684519241e-01 3.060199646893358993e-01 -1.029898161212462471e-01 1.393815584411613795e+00 1.323071788825578743e+00
1.583524527599716902e+09 -4.474837694152415390e-01 1.944736407372425480e-01 8.728907601915303349e-01 4.043313915492250388e-01 -8.266130941468781135e-01 3.914421009557366715e-01 7.976681026337476554e-01 5.281011225934352238e-01 2.912641454261621909e-01 -1.054243368164608646e-01 1.387174520465366490e+00 1.318174103428433330e+00
1.583524527599912882e+09 -4.429537561596018080e-01 2.162693543248700723e-01 8.700686963357679993e-01 4.012206686010990619e-01 -8.200475258679089663e-01 4.080980647014363916e-01 8.017567867083982280e-01 5.298581147247277690e-01 2.764713968604771144e-01 -1.079574612761197427e-01 1.380326946068792582e+00 1.313623065199733153e+00
1.583524527600300074e+09 -4.382953748914257819e-01 2.379910083056011039e-01 8.667510855914095647e-01 3.981379616392912157e-01 -8.131425865582558865e-01 4.246001618404177669e-01 8.058432402720397958e-01 5.311867975896487071e-01 2.616433798683147627e-01 -1.106039933504326805e-01 1.373284485094359519e+00 1.309449630761787553e+00
1.583524527600354910e+09 -4.335376986029179092e-01 2.595847136265150290e-01 8.629373328353252548e-01 3.952416346287874194e-01 -8.058106139411975732e-01 4.409685983417910293e-01 8.098327692726079441e-01 5.322452733039222394e-01 2.467505925271390732e-01 -1.133774053811684029e-01 1.366063379160676661e+00 1.305683763211328285e+00
1.583524527600980997e+09 -4.286859629885119150e-01 2.809979676123325332e-01 8.586433994352776766e-01 3.926798211100634428e-01 -7.979819091026261191e-01 4.571951780648458308e-01 8.136528149470750870e-01 5.331650916804259177e-01 2.317414114842360484e-01 -1.162893257315122664e-01 1.358684389577084373e+00 1.302353721739460735e+00
1.583524527601264000e+09 -4.237261912202492375e-01 3.021797956294375309e-01 8.538989905408902459e-01 3.905836739118107026e-01 -7.896090482518608455e-01 4.732461775864569842e-01 8.172518024386686841e-01 5.340458052234851039e-01 2.165515397972248568e-01 -1.193490731361503965e-01 1.351172515585953526e+00 1.299485335683250309e+00
1.583524527601342916e+09 -4.186307007147248571e-01 3.230820969653909192e-01 8.487439514358635639e-01 3.890617698592973017e-01 -7.806687365224326269e-01 4.890677489451430993e-01 8.205969020747871934e-01 5.349525983508406357e-01 2.011130077283635464e-01 -1.225632661797761425e-01 1.343556527146583246e+00 1.297101299866363133e+00
1.583524527601422071e+09 -4.133638138078750690e-01 3.436616302832306569e-01 8.432241940105251743e-01 3.881964520850573752e-01 -7.711611977550216768e-01 5.045928276080267061e-01 8.236709731831035608e-01 5.359170560770286640e-01 1.853619081578863348e-01 -1.259355337954558285e-01 1.335868323530538637e+00 1.295220534093327380e+00
1.583524527601591110e+09 -4.078871165979822688e-01 3.638819953924404826e-01 8.373876005781427656e-01 3.880425604070539269e-01 -7.611074652639330251e-01 5.197483984007055247e-01 8.264690384204536056e-01 5.369407041709982620e-01 1.692442282363744444e-01 -1.294663467187307515e-01 1.328142144044706541e+00 1.293857649556799494e+00
1.583524527601677895e+09 -4.021637514929889967e-01 3.837150719129905907e-01 8.312803742608826374e-01 3.886285400552202951e-01 -7.505452363692899365e-01 5.344620716437831209e-01 8.289946772332041913e-01 5.380005499977333905e-01 1.527194597153699041e-01 -1.331529805564798663e-01 1.320413671013142887e+00 1.293022557254884131e+00
1.583524527602189064e+09 -3.961614091239611946e-01 4.031415580181149094e-01 8.249442539826939980e-01 3.899596135965758825e-01 -7.395240588446824193e-01 5.486671724837794972e-01 8.312566617631858001e-01 5.390557027219620156e-01 1.357619670300144465e-01 -1.369896104662284009e-01 1.312719074248950069e+00 1.292720240901635398e+00
1.583524527602351904e+09 -3.898539809901365172e-01 4.221505903596032838e-01 8.184147803067830518e-01 3.920222237840060853e-01 -7.281006395236200301e-01 5.623059974716503318e-01 8.332661337210850450e-01 5.400540138111626920e-01 1.183605196616243777e-01 -1.409675277715885244e-01 1.305094049370852272e+00 1.292950703750338270e+00
1.583524527602479935e+09 -3.832220212974632445e-01 4.407386125301891999e-01 8.117206156536063144e-01 3.947889829588627220e-01 -7.163348311047500472e-01 5.753312686516226515e-01 8.350344551978673424e-01 5.409379679973046473e-01 1.005165332965195502e-01 -1.450754612067414184e-01 1.297572900444003974e+00 1.293709087107257405e+00
1.583524527602665901e+09 -3.762523318189030519e-01 4.589078073365207566e-01 8.048837227984202425e-01 3.982233990183448591e-01 -7.042866040893737134e-01 5.877061372679237561e-01 8.365717586169045816e-01 5.416493364867472904e-01 8.224165017002195432e-02 -1.492999801051380637e-01 1.290187711998667108e+00 1.294985948613580851e+00
1.583524527602729082e+09 -3.689369724649014803e-01 4.766643735773907209e-01 7.979201622781101344e-01 4.022839673696149143e-01 -6.920140533668464045e-01 5.994031694510797426e-01 8.378861020363558287e-01 5.421324791563936207e-01 6.355513443197270684e-02 -1.536259532121727334e-01 1.282967647014403356e+00 1.296767678644009214e+00
1.583524527602907896e+09 -3.612720121010307706e-01 4.940168997791130057e-01 7.908412205142861806e-01 4.069273715095262367e-01 -6.795723295035922540e-01 6.104027877535117552e-01 8.389831033032068008e-01 5.423363824765707886e-01 4.448146432559729746e-02 -1.580370355753400735e-01 1.275938396788594664e+00 1.299037025961648606e+00
1.583524527602996111e+09 -3.532562927078430337e-01 5.109750067081292313e-01 7.836546013655232290e-01 4.121107180288817173e-01 -6.670132762206153476e-01 6.206915864090719603e-01 8.398659105994386032e-01 5.422156691924359118e-01 2.504836022131289378e-02 -1.625161569736565947e-01 1.269121796983128103e+00 1.301773699524499728e+00
1.583524527603565931e+09 -3.448904132843709780e-01 5.275483420223532338e-01 7.763654743182626383e-01 4.177928769120534125e-01 -6.543855107000728921e-01 6.302608312398958468e-01 8.405353739519690892e-01 5.417308836208509781e-01 5.285349694927034270e-03 -1.670459881104572053e-01 1.262535612225118786e+00 1.304955011172605150e+00
1.583524527603657007e+09 -3.361760593974043587e-01 5.437459344674651085e-01 7.689772531730407756e-01 4.239350939200472457e-01 -6.417346928375040616e-01 6.391053279073840576e-01 8.409903050980935824e-01 5.408483547287605830e-01 -1.477714359442775828e-02 -1.716093652907321188e-01 1.256193481943351120e+00 1.308556526936164532e+00
1.583524527603898048e+09 -3.271156810235401613e-01 5.595758418523780753e-01 7.614920935263390644e-01 4.305011186681560464e-01 -6.291037979849801731e-01 6.472226805313526787e-01 8.412277444850162489e-01 5.395398860423440413e-01 -3.510830859880358784e-02 -1.761896591047844851e-01 1.250105011382314446e+00 1.312552697402813440e+00
1.583524527603980064e+09 -3.177124684319581061e-01 5.750450150288564100e-01 7.539111473859192447e-01 4.374570595055908284e-01 -6.165332827450081821e-01 6.546128874107473017e-01 8.412431922627139347e-01 5.377824299967067789e-01 -5.567719024051097365e-02 -1.807710779036272863e-01 1.244275986713745619e+00 1.316917444451120689e+00
1.583524527604149103e+09 -3.079705413141767267e-01 5.901593043716513165e-01 7.462346421908060412e-01 4.447711282351564654e-01 -6.040611016805513822e-01 6.612781781767447242e-01 8.410307896903688185e-01 5.355578222335821703e-01 -7.645279518643821604e-02 -1.853389013808603436e-01 1.238708691020812047e+00 1.321624688967815375e+00
1.583524527604237080e+09 -2.978952747016400671e-01 6.049235593872240857e-01 7.384618423914297569e-01 4.524133709548955329e-01 -5.917225722963274093e-01 6.672230056166347234e-01 8.405834563724873254e-01 5.328525919889097739e-01 -9.740414846496600609e-02 -1.898796433358965197e-01 1.233402295826151018e+00 1.326648808405727076e+00
1.583524527604320049e+09 -2.874936339695183252e-01 6.193417627542167070e-01 7.305909877591695301e-01 4.603554669129664711e-01 -5.795501507937101948e-01 6.724540629709827577e-01 8.398930018431510769e-01 5.296578175387438581e-01 -1.185003874660226636e-01 -1.943811464296775482e-01 1.228353300557443184e+00 1.331965015725120605e+00
1.583524527604424000e+09 -2.767744697082028527e-01 6.334171841577561635e-01 7.226192384588311368e-01 4.685705969382021885e-01 -5.675731643199166676e-01 6.769802795035492204e-01 8.389502301309331722e-01 5.259689857913197875e-01 -1.397109065302589992e-01 -1.988326150938328762e-01 1.223555993602291281e+00 1.337549656832542233e+00
1.583524527604554892e+09 -2.657488067075153837e-01 6.471525755712975725e-01 7.145425919596299913e-01 4.770333390247998295e-01 -5.558174935157882413e-01 6.808128284400397634e-01 8.377450478669827838e-01 5.217858352719446646e-01 -1.610055183479984775e-01 -2.032245951324457012e-01 1.219002911547439671e+00 1.343380428542187977e+00
1.583524527604773998e+09 -2.544300236161189388e-01 6.605503652556464766e-01 7.063558438228935143e-01 4.857196174615667772e-01 -5.443052947990102419e-01 6.839650570567196164e-01 8.362665940525085828e-01 5.171121358776141763e-01 -1.823546617295835615e-01 -2.075489102688192200e-01 1.214685276101184597e+00 1.349436521865580607e+00
1.583524527604913950e+09 -2.428338790773071909e-01 6.736128292927596739e-01 6.980526222598766317e-01 4.946066932075914857e-01 -5.330548279819253832e-01 6.864523067244084897e-01 8.345034009746221670e-01 5.119553756287592572e-01 -2.037296423724520578e-01 -2.117985664510239341e-01 1.210593393400219542e+00 1.355698698953545112e+00
1.583524527605057955e+09 -2.309784366777145048e-01 6.863422555818435855e-01 6.896254563545094474e-01 5.036731520080290903e-01 -5.220803792447039626e-01 6.882916776787678659e-01 8.324435823328122375e-01 5.063263629998291382e-01 -2.251028574205177213e-01 -2.159676341447833436e-01 1.206717006168240847e+00 1.362149314441891690e+00
1.583524527605185032e+09 -2.188839303892843591e-01 6.987411069674474007e-01 6.810658488800214183e-01 5.128988677797438056e-01 -5.113922623124345090e-01 6.895017806250226533e-01 8.300750426784464509e-01 5.002387625316866426e-01 -2.464479743023759994e-01 -2.200511175796279473e-01 1.203045594154698472e+00 1.368772292657890244e+00
1.583524527605330944e+09 -2.065726005985582814e-01 7.108121843070476231e-01 6.723643352989592259e-01 5.222649330087231201e-01 -5.009968794686355809e-01 6.901025043570940820e-01 8.273857023544178846e-01 4.937085835408598911e-01 -2.677400495483759912e-01 -2.240448185764422340e-01 1.199568621680572544e+00 1.375553071252361592e+00
1.583524527605462074e+09 -1.940685175530419138e-01 7.225587852147418166e-01 6.635105217426322533e-01 5.317535572954381617e-01 -4.908968288619245390e-01 6.901148148857573217e-01 8.243637333281406132e-01 4.867536393095611702e-01 -2.889555845571949444e-01 -2.279452007723305196e-01 1.196275734583352124e+00 1.382478521192665122e+00
1.583524527605532885e+09 -1.813973942771447689e-01 7.339848487802307364e-01 6.544931070454010902e-01 5.413479412539684565e-01 -4.810910549778217860e-01 6.895605871337674442e-01 8.209978026017876740e-01 4.793929897697489229e-01 -3.100725230285004130e-01 -2.317492588599230074e-01 1.193156910093820633e+00 1.389536850984771421e+00
1.583524527605597019e+09 -1.685863927658805272e-01 7.450950788555569249e-01 6.452998928396305178e-01 5.510321321898974389e-01 -4.715750368603497389e-01 6.884624709541290466e-01 8.172773198217105906e-01 4.716463803895395435e-01 -3.310701956158086934e-01 -2.354543969595515318e-01 1.190202563146955050e+00 1.396717500632568942e+00
1.583524527605690956e+09 -1.556638249464928903e-01 7.558949868085361734e-01 6.359178740845153888e-01 5.607908964060309698e-01 -4.623411121127742884e-01 6.868436987891008982e-01 8.131926857373699136e-01 4.635336719455935839e-01 -3.519292413120581053e-01 -2.390583193198386192e-01 1.187403613610293673e+00 1.404011029867188398e+00
1.583524527606241941e+09 -1.426586737874755151e-01 7.663908000354141548e-01 6.263334930160573411e-01 5.706096354924610203e-01 -4.533790261541906785e-01 6.847277579699017069e-01 8.087355233332187421e-01 4.550742800071386762e-01 -3.726315244709333951e-01 -2.425589348781521382e-01 1.184751520658654078e+00 1.411409005081570633e+00
