1.583524532254312992e+09 8.034302095612128047e-02 8.580543146614106886e-01 5.072354408363523026e-01 3.212706743268948784e-01 -5.040150987555591655e-01 8.017193612214932319e-01 9.435730777541152525e-01 9.854731670289874901e-02 -3.161617839200704383e-01 -6.409558743761382127e-01 1.554641793010379747e+00 1.687756016417361504e+00
1.583524532254360914e+09 9.952281782253488696e-02 8.624993987732296752e-01 4.961753684075294601e-01 3.277706690991948335e-01 -4.992372552570684130e-01 8.020776468366935807e-01 9.395007171213407560e-01 8.280670499151884800e-02 -3.323875034356291724e-01 -6.470150008526170948e-01 1.568632440282241136e+00 1.702268683347240463e+00
1.583524532254388094e+09 1.187652094059916258e-01 8.664141035689032488e-01 4.849963160040623444e-01 3.342553373684259421e-01 -4.948313296662125715e-01 8.021317377681304039e-01 9.349696223597306899e-01 6.684726344613294013e-02 -3.483722849732773241e-01 -6.527511098375088361e-01 1.582778100829649315e+00 1.716762339461284315e+00
1.583524532254411936e+09 1.379680745065969272e-01 8.698724334086886945e-01 4.735892316960517157e-01 3.407555157192588835e-01 -4.906608463949951870e-01 8.019586101759128560e-01 9.299733809004142593e-01 5.073345763198727071e-02 -3.641093618634280160e-01 -6.581740941320006755e-01 1.597068864006272459e+00 1.731234176087386167e+00
1.583524532254434109e+09 1.570339255808642087e-01 8.729477815305718424e-01 4.618468548159496700e-01 3.473028771718104646e-01 -4.865908954098064343e-01 8.016295978354953666e-01 9.245112535733943648e-01 3.451769890798407625e-02 -3.795885545975866138e-01 -6.632996422088340838e-01 1.611492114997258085e+00 1.745682958524820583e+00
1.583524532254455090e+09 1.758686182704172762e-01 8.757111669171661061e-01 4.496667450569342694e-01 3.539276152845621248e-01 -4.824906135334293689e-01 8.012103663236957996e-01 9.185888484546027577e-01 1.824171871036117665e-02 -3.947933225075815900e-01 -6.681478884154040676e-01 1.626033631681483405e+00 1.760108890987025054e+00
1.583524532254475117e+09 1.943796928639540122e-01 8.782300718512349169e-01 4.369536317095418787e-01 3.606572668736302001e-01 -4.782344426673305615e-01 8.007609841964977715e-01 9.122186531262045373e-01 1.938828427484869197e-03 -4.096991214735252185e-01 -6.727420716282929147e-01 1.640678550965989579e+00 1.774513353695432949e+00
1.583524532254494905e+09 2.124742755480955037e-01 8.805680505538114877e-01 4.236208103245644452e-01 3.675165061852908588e-01 -4.737020232398816977e-01 8.003361862200363275e-01 9.054205101328324234e-01 -1.436321117271329925e-02 -4.242727876011445076e-01 -6.771072445892016844e-01 1.655412168000658379e+00 1.788898572507055862e+00
1.583524532254513979e+09 2.300566220129731387e-01 8.827849860836081142e-01 4.095907950372079664e-01 3.745275944909755017e-01 -4.687770503222644103e-01 7.999857237284886402e-01 8.982221506341223627e-01 -3.063895803593736852e-02 -4.384726019535548081e-01 -6.812690699232483160e-01 1.670220555130011331e+00 1.803267274838070255e+00
1.583524532254534960e+09 2.470250654885156050e-01 8.849380245000008083e-01 3.947952762892421585e-01 3.817112639244238936e-01 -4.633450926249675916e-01 7.997548600958999110e-01 8.906599397469570079e-01 -4.686169275224310454e-02 -4.522486636636726676e-01 -6.852527318197044748e-01 1.685091005183691149e+00 1.817622374254546980e+00
1.583524532254555941e+09 2.630440435937057009e-01 8.870560789089521059e-01 3.793933899877753868e-01 3.889849692986158680e-01 -4.573738674547696004e-01 7.996873383658485990e-01 8.828921366992998898e-01 -6.277466490281542744e-02 -4.653609531365094365e-01 -6.890819841027084891e-01 1.700012315741061597e+00 1.831966712662601804e+00
1.583524532254585981e+09 2.791059726694470888e-01 8.886006194218561971e-01 3.639901036418489166e-01 3.962611394952537114e-01 -4.518551181618082335e-01 7.992521890056573097e-01 8.746867814260175233e-01 -7.884092635015058081e-02 -4.782333562541210004e-01 -6.925394447843445933e-01 1.715045207921144232e+00 1.846288962642898657e+00
1.583524532254606962e+09 2.952359476995929377e-01 8.895407799441462648e-01 3.486444268422367321e-01 4.035306038583736377e-01 -4.468620797839693015e-01 7.984217767034386126e-01 8.660247035681504224e-01 -9.503411377594882248e-02 -4.908866776881949945e-01 -6.956201633902708847e-01 1.730176388250151520e+00 1.860593691961669460e+00
1.583524532254626036e+09 3.114550755092547751e-01 8.898468803267295391e-01 3.334190544617688379e-01 4.107847402613811760e-01 -4.424712219677353620e-01 7.971669304557249536e-01 8.568848425325735763e-01 -1.113182267944562293e-01 -5.033454274397465289e-01 -6.983193040944454255e-01 1.745392405141628522e+00 1.874885514643835016e+00
1.583524532254646063e+09 3.277780207250532429e-01 8.894923326423672671e-01 3.183786419750471719e-01 4.180152544645746593e-01 -4.387593339220503541e-01 7.954580404047906228e-01 8.472454286794097733e-01 -1.276465329723041886e-01 -5.156370298041347278e-01 -7.006322796473887227e-01 1.760679598135594048e+00 1.889169092648586012e+00
1.583524532254664898e+09 3.442109524875966442e-01 8.884555524473212174e-01 3.035877992920253399e-01 4.252138123812673753e-01 -4.358003040198737965e-01 7.932662282549333144e-01 8.370854402036862485e-01 -1.439611984330465277e-01 -5.277908103102578741e-01 -7.025548876128975273e-01 1.776024067582099297e+00 1.903449133341008626e+00
1.583524532254684925e+09 3.607501926566201167e-01 8.867216464501961326e-01 2.891090115868635291e-01 4.323716005778212579e-01 -4.336619498194954070e-01 7.905644264738709293e-01 8.263861674573302896e-01 -1.601937430338882251e-01 -5.398368894686753627e-01 -7.040834413096260791e-01 1.791411665295174815e+00 1.917730382809375467e+00
1.583524532254709959e+09 3.773817147784934711e-01 8.842837034213792968e-01 2.750006792356742835e-01 4.394789118832417851e-01 -4.324032032006590032e-01 7.873282390370394124e-01 8.151327055229993235e-01 -1.762662816196024218e-01 -5.518051020550565067e-01 -7.052148864338670942e-01 1.806828005324953246e+00 1.932017615507766406e+00
1.583524532254730940e+09 3.940814748740025797e-01 8.811436042611120456e-01 2.613154036729100071e-01 4.465248451057526324e-01 -4.320718349014323056e-01 7.835365290154805429e-01 8.033152271161007052e-01 -1.920934107778628219e-01 -5.637240173368274210e-01 -7.059468970834356094e-01 1.822258492108831396e+00 1.946315621109327987e+00
1.583524532254751921e+09 4.108164707523427883e-01 8.773123064856523934e-01 2.480986590316085205e-01 4.534971747248300322e-01 -4.327028798306242763e-01 7.791716950815881226e-01 7.909299211226715753e-01 -2.075845249129230075e-01 -5.756201222966388364e-01 -7.062779457811458883e-01 1.837688362067608105e+00 1.960629189706142084e+00
1.583524532254764080e+09 4.275463962239161031e-01 8.728095538863597236e-01 2.353881094841114019e-01 4.603824086578613972e-01 -4.343180161889391711e-01 7.742195416840912392e-01 7.779795094512844678e-01 -2.226462300713527298e-01 -5.875172673310885552e-01 -7.062073449392480828e-01 1.853102733769555366e+00 1.974963096595609979e+00
1.583524532254775047e+09 4.442255481626534719e-01 8.676631983643507962e-01 2.232134335778278855e-01 4.671660244987473343e-01 -4.369256514680636139e-01 7.686689019055460426e-01 7.644733927124065520e-01 -2.371846318758896177e-01 -5.994363039889376576e-01 -7.057352615630806403e-01 1.868486661646976854e+00 1.989322087733873312e+00
1.583524532254785061e+09 4.608047442730929255e-01 8.619082848329406854e-01 2.115965419320835483e-01 4.738328456989966408e-01 -4.405215139650414113e-01 7.625111344657025114e-01 7.504274929956289419e-01 -2.511073566683916791e-01 -6.113948588977055065e-01 -7.048627098882438435e-01 1.883825189032216185e+00 2.003710866604484497e+00
1.583524532254802942e+09 4.772331031553185832e-01 8.555859951901543248e-01 2.005521639202294815e-01 4.803675113548180331e-01 -4.450896579792815166e-01 7.557395388016289184e-01 7.358638593782108606e-01 -2.643251813483016854e-01 -6.234072338924444567e-01 -7.035915276551638620e-01 1.899103397488574041e+00 2.018134082898173975e+00
1.583524532254821062e+09 4.934595612059435310e-01 8.487425841050555420e-01 1.900886312933486033e-01 4.867549916231204143e-01 -4.506036476160910076e-01 7.483488030313695250e-01 7.208101274509851608e-01 -2.767532817867927042e-01 -6.354843676185681911e-01 -7.019243403609101151e-01 1.914306450394877457e+00 2.032596323216119938e+00
1.583524532254841089e+09 5.094340881109248320e-01 8.414283746320289081e-01 1.802087694885041724e-01 4.929811107448408003e-01 -4.570277980577900911e-01 7.403345300367022430e-01 7.052988973271810957e-01 -2.883121268034728457e-01 -6.476338342538611181e-01 -6.998645168514472381e-01 1.929419629419286020e+00 2.047102103893003289e+00
1.583524532254858017e+09 5.251086004855894940e-01 8.336968457663056498e-01 1.709108756669586171e-01 4.990330537884172246e-01 -4.643184314328112627e-01 7.316928355340198697e-01 6.893670786847588827e-01 -2.989280245873341402e-01 -6.598598845551928438e-01 -6.974161206633174848e-01 1.944428363470854793e+00 2.061655865758404538e+00
1.583524532254875898e+09 5.404375856455306826e-01 8.256038483008435458e-01 1.621897100877119635e-01 5.048998401149836779e-01 -4.724250598665326595e-01 7.224200401258266124e-01 6.730552486425983583e-01 -3.085333835593636054e-01 -6.721635097260916236e-01 -6.945838599844119665e-01 1.959318250175012377e+00 2.076261970630799869e+00
