1.583524531173599005e+09 -2.837061562789107150e-01 6.478148447619614947e-01 7.069984046050703519e-01 2.103812423461221826e-01 -6.772789903005077550e-01 7.050056044215105011e-01 9.355482617198143114e-01 3.487536328762783078e-01 5.586012719935790766e-02 -4.441226678503397696e-01 1.374330069874077909e+00 1.438855724480010201e+00
1.583524531173650026e+09 -2.694558986207304385e-01 6.630964981151229454e-01 6.983527426774072122e-01 2.123739549554764794e-01 -6.664043907136190104e-01 7.147044783640931209e-01 9.393033706972746533e-01 3.408932713760882693e-01 3.874216810765650221e-02 -4.568781324437312108e-01 1.376489454391856881e+00 1.447435592007747740e+00
1.583524531173676014e+09 -2.547470759438178467e-01 6.777963540736809955e-01 6.897072060106382851e-01 2.150538264402667432e-01 -6.556677174124332375e-01 7.237759986188133654e-01 9.427914823966193625e-01 3.327039930572154303e-01 2.126673429647554098e-02 -4.692101011568744484e-01 1.379401190636907470e+00 1.456403495055559105e+00
1.583524531173693895e+09 -2.396188552261148408e-01 6.919340521374985897e-01 6.810360284416174803e-01 2.183201557666555603e-01 -6.451036682221464869e-01 7.322414676412272172e-01 9.460016459048261606e-01 3.241427540333358115e-01 3.515852424936051924e-03 -4.810924580673403561e-01 1.383035487162793453e+00 1.465708355536581520e+00
1.583524531173707962e+09 -2.241185465946336774e-01 7.055356050366652365e-01 6.723023035985505880e-01 2.220798919666969462e-01 -6.347276295821064895e-01 7.401360401516842158e-01 9.489211763395664079e-01 3.151830365507575227e-01 -1.443103713309695606e-02 -4.925052144598010551e-01 1.387357294614357084e+00 1.475302620364381756e+00
1.583524531173718929e+09 -2.082993711611021426e-01 7.186311454487475103e-01 6.634611134762293805e-01 2.262508652029808498e-01 -6.245377897496626751e-01 7.475045787641144690e-01 9.515366089748754641e-01 3.058133846485299179e-01 -3.250008956143068950e-02 -5.034343306673124685e-01 1.392327623592904517e+00 1.485142803012039270e+00
1.583524531173728943e+09 -1.922192129438561603e-01 7.312534114142256181e-01 6.544617810121210466e-01 2.307631514236212766e-01 -6.145172194426725687e-01 7.543984060554956850e-01 9.538344418046411644e-01 2.960355309323169370e-01 -5.062432545845086534e-02 -5.138713606205917994e-01 1.397904809617411814e+00 1.495189809906373624e+00
1.583524531173741102e+09 -1.759401894184941528e-01 7.434368559334550985e-01 6.452493249344521953e-01 2.355592785066719097e-01 -6.046356093806745102e-01 7.608729238748491719e-01 9.558016929843585752e-01 2.858625917924352278e-01 -6.874374576836264628e-02 -5.238129595832690111e-01 1.404045678074985259e+00 1.505409070655664650e+00
1.583524531173753977e+09 -1.595289183854101955e-01 7.552172403584728189e-01 6.357652431614687627e-01 2.405937608901347891e-01 -5.948505205445350219e-01 7.669859845775641727e-01 9.574263244122767080e-01 2.753175954386234414e-01 -8.680469601668146240e-02 -5.332602971763321653e-01 1.410706575229676574e+00 1.515770499463851229e+00
1.583524531173769951e+09 -1.430574406485661532e-01 7.666315911403538408e-01 6.259477394291668162e-01 2.458322750396772782e-01 -5.851080715613137251e-01 7.727968926275345929e-01 9.586975860435623664e-01 2.644325024500159271e-01 -1.047587249605641257e-01 -5.422184160172083267e-01 1.417844244801788056e+00 1.526248320097421507e+00
1.583524531173787117e+09 -1.267868744253301816e-01 7.775971623056483484e-01 6.158471742270573701e-01 2.511896710022311074e-01 -5.754516495342458793e-01 7.783053053540509580e-01 9.595982690252496949e-01 2.533733461067032011e-01 -1.223646593569060748e-01 -5.506955741265096016e-01 1.425416540068418891e+00 1.536820788119384273e+00
1.583524531173798084e+09 -1.102288042106355226e-01 7.880478890519097002e-01 6.056650358398733003e-01 2.567668495008196272e-01 -5.661137971817754577e-01 7.833172752786773385e-01 9.601668584052839295e-01 2.418588296881374056e-01 -1.399425268283604196e-01 -5.587406995611821081e-01 1.433349990784981154e+00 1.547465752269574280e+00
1.583524531173808098e+09 -9.340645430374840130e-02 7.979841065534079014e-01 5.953961709134126812e-01 2.625454680952782338e-01 -5.571026114143310393e-01 7.878493242049017242e-01 9.603880006207551334e-01 2.299087783062250256e-01 -1.574701311820813077e-01 -5.663638119559373241e-01 1.441608843659865302e+00 1.558173620960332739e+00
1.583524531173816919e+09 -7.634447325828125352e-02 8.074073637483186738e-01 5.850340765491340855e-01 2.685091935936300689e-01 -5.484224964533296331e-01 7.919189216401842923e-01 9.602470174996925456e-01 2.175456610677856950e-01 -1.749272735356603714e-01 -5.735759124319841362e-01 1.450159888161267840e+00 1.568936714844018310e+00
1.583524531173830032e+09 -5.906877054064989252e-02 8.163205174684362575e-01 5.745708776666920148e-01 2.746435946450887511e-01 -5.400742700216411007e-01 7.955442658288550684e-01 9.597300539864450641e-01 2.047940329277317117e-01 -1.922956781767716505e-01 -5.803885412683402745e-01 1.458972472800192932e+00 1.579748994234158044e+00
1.583524531173842907e+09 -4.160635067144807797e-02 8.247278062817998689e-01 5.639973027286625529e-01 2.809359903102715550e-01 -5.320552939189029384e-01 7.987440977393279740e-01 9.588242180863624231e-01 1.916799678164183562e-01 -2.095588438650744234e-01 -5.868134017291365412e-01 1.468018448845719748e+00 1.590605809178407659e+00
1.583524531173861980e+09 -2.398514680876231292e-02 8.326348983813325333e-01 5.533026649907465400e-01 2.873752628164323308e-01 -5.243596257473369660e-01 8.015375482904437687e-01 9.575177133137723340e-01 1.782304945529275819e-01 -2.267018301533473834e-01 -5.928620494362107918e-01 1.477272058562951740e+00 1.601503676557280764e+00
1.583524531173881054e+09 -6.233857078117957182e-03 8.400489103407581259e-01 5.424748543638006071e-01 2.939516425143864908e-01 -5.169781866625310363e-01 8.039440195003454415e-01 9.557999639799495961e-01 1.644730465960655419e-01 -2.437109888626883547e-01 -5.985456469118402012e-01 1.486709781814883780e+00 1.612440085695824976e+00
1.583524531173897028e+09 1.161829763925608522e-02 8.469783312635381645e-01 5.315004439187142049e-01 3.006564772806961106e-01 -5.098990560801236471e-01 8.059830242566635716e-01 9.536617314768102149e-01 1.504349004914597443e-01 -2.605736804127979367e-01 -6.038747809220277318e-01 1.496310153669299980e+00 1.623413332081880878e+00
1.583524531173912048e+09 2.954195244123255723e-02 8.534327954836962160e-01 5.203650036221075803e-01 3.074819977329719123e-01 -5.031079950313871452e-01 8.076739233860373846e-01 9.510952078364712792e-01 1.361426062501527867e-01 -2.772780133494350818e-01 -6.088593360606333604e-01 1.506053565361448854e+00 1.634422377633526713e+00
1.583524531173932076e+09 4.750799534204905306e-02 8.594227835851029340e-01 5.090535038571150084e-01 3.144210844121447246e-01 -4.965890573643318984e-01 8.090356542793719630e-01 9.480940735540227537e-01 1.216214926313822775e-01 -2.938125942075122676e-01 -6.135084150450853535e-01 1.515922059485812490e+00 1.645466735179552886e+00
1.583524531173959970e+09 6.548809716147013793e-02 8.649591603884051461e-01 4.975509625617736686e-01 3.214670655145040468e-01 -4.903254631451063883e-01 8.100863324937574994e-01 9.446535000578004659e-01 1.068952354481109840e-01 -3.101663646498991067e-01 -6.178302978626466491e-01 1.525899126959795460e+00 1.656546374109663100e+00
1.583524531173984051e+09 8.345540852736124671e-02 8.700525156516931702e-01 4.858434059977391195e-01 3.286135781434815772e-01 -4.843008175495232548e-01 8.108426693833751253e-01 9.407700629262543135e-01 9.198553385964715334e-02 -3.263285929172949351e-01 -6.218324346236876465e-01 1.535969510613434563e+00 1.667661643773743041e+00
1.583524531174067974e+09 1.013853445359270827e-01 8.747123717291052092e-01 4.739190637790037797e-01 3.358545242527843921e-01 -4.785005897294274391e-01 8.113192492968980263e-01 9.364415361903196677e-01 7.691198010449248890e-02 -3.422890546117631771e-01 -6.255214658924732607e-01 1.546119019535911798e+00 1.678813211476145595e+00
1.583524531174107075e+09 1.192562928509587200e-01 8.789464084417376588e-01 4.617695832973505721e-01 3.431841363964681091e-01 -4.729136115268257612e-01 8.115277966099626594e-01 9.316665634177840882e-01 6.169219911327537137e-02 -3.580383882643844440e-01 -6.289032613509376590e-01 1.556334357770470245e+00 1.690002012552288324e+00
1.583524531174120903e+09 1.370501175173292341e-01 8.827598371887008799e-01 4.493910718860098519e-01 3.505971505856202985e-01 -4.675333825292464773e-01 8.114765396079920423e-01 9.264442258109308881e-01 4.634227421162645522e-02 -3.735685885825700270e-01 -6.319829691803996452e-01 1.566602968935020490e+00 1.701229210320531759e+00
1.583524531174132109e+09 1.547524538841120456e-01 8.861549478874239938e-01 4.367849433156720806e-01 3.580890827818410949e-01 -4.623591605041917907e-01 8.111696589508723410e-01 9.207735264750158688e-01 3.087742451263594118e-02 -3.888736271481056939e-01 -6.347650707018459570e-01 1.576912896743440706e+00 1.712496163990462561e+00
1.583524531174141884e+09 1.723528384091108367e-01 8.891307959347881651e-01 4.239586385114533229e-01 3.656566091795618867e-01 -4.573969206246532027e-01 8.106067488483831296e-01 9.146527994287303454e-01 1.531290422087711045e-02 -4.039502094993924208e-01 -6.372534403428582461e-01 1.587252660069399690e+00 1.723804402411352354e+00
1.583524531174151897e+09 1.898446090161211020e-01 8.916830841615474013e-01 4.109261517638650441e-01 3.732980159705694412e-01 -4.526600993892605507e-01 8.097823323619114388e-01 9.080790802272666884e-01 -3.348930823299962889e-04 -4.187986057681168384e-01 -6.394514099924338835e-01 1.597611141694958770e+00 1.735155602045018952e+00
1.583524531174161911e+09 2.072245015109609456e-01 8.938043043035203139e-01 3.977082749174650766e-01 3.810136576390811824e-01 -4.481700061489255482e-01 8.086855002985505747e-01 9.010475009186451611e-01 -1.604716514844660782e-02 -4.334234533017983226e-01 -6.413618361969034565e-01 1.607977490031209600e+00 1.746551567961940776e+00
1.583524531174170971e+09 2.244918578297105116e-01 8.954842207039847013e-01 3.843324297976096204e-01 3.888063251633717132e-01 -4.439557239977668379e-01 8.072997936050332335e-01 8.935508085867890360e-01 -3.180135078955633604e-02 -4.478343743561325474e-01 -6.429871704131947530e-01 1.618341033064940815e+00 1.757994216683465449e+00
1.583524531174180984e+09 2.416475998670146175e-01 8.967105512951453195e-01 3.708323408634417451e-01 3.966815190655262335e-01 -4.400537555224256492e-01 8.056031683121858133e-01 8.855790253583456506e-01 -4.756973574266668003e-02 -4.620464374712016653e-01 -6.443295331517270297e-01 1.628691204130566561e+00 1.769485559793882556e+00
1.583524531174190044e+09 2.586929560810158346e-01 8.974698705314583247e-01 3.572475140824707962e-01 4.046475564961676263e-01 -4.365073345861171239e-01 8.035681066259167116e-01 8.771193246869442017e-01 -6.331807524353505467e-02 -4.760803628603752502e-01 -6.453907934761675680e-01 1.639017479595559657e+00 1.781027687276963478e+00
1.583524531174200058e+09 2.756279574238353902e-01 8.977487532295717054e-01 3.436224752790566495e-01 4.127154348750256552e-01 -4.333653096536118077e-01 8.011619551107652670e-01 8.681562066500992936e-01 -7.900433389984169719e-02 -4.899623622004511403e-01 -6.461726553391431427e-01 1.649309329125718149e+00 1.792622749612570843e+00
1.583524531174213886e+09 2.924497616114032361e-01 8.975351663403786651e-01 3.300057006652673541e-01 4.208983729434226384e-01 -4.306804896209316391e-01 7.983475907307606700e-01 8.586720542961009395e-01 -9.457770008353515168e-02 -5.037234976759734639e-01 -6.466767510450254219e-01 1.659556179593961289e+00 1.804272937949742639e+00
1.583524531174226046e+09 3.091509685893433224e-01 8.968200290013652598e-01 3.164482810161131643e-01 4.292110145245042752e-01 -4.285074895136611328e-01 7.950844210231396980e-01 8.486480918923020589e-01 -1.099780310922395948e-01 -5.173985399068331548e-01 -6.469047404947336766e-01 1.669747393697085247e+00 1.815980462077664725e+00
1.583524531174237967e+09 3.257181069245909111e-01 8.955988603221560762e-01 3.030023045570903184e-01 4.376682980147168500e-01 -4.269000838803557740e-01 7.913297539003586456e-01 8.380657348770024218e-01 -1.251359264243426250e-01 -5.310243160497313264e-01 -6.468584138530378835e-01 1.679872264057035158e+00 1.827747526253881594e+00
1.583524531174252987e+09 3.421305548579324229e-01 8.938733066546233896e-01 2.897191665021917051e-01 4.462841400783584267e-01 -4.259083645598055745e-01 7.870403620048135318e-01 8.269081871567791620e-01 -1.399734866212633821e-01 -5.446377450647996721e-01 -6.465397935531003171e-01 1.689920022800349031e+00 1.839576303478570152e+00
1.583524531174268007e+09 3.583600616421100393e-01 8.916524074077296635e-01 2.766478825866102720e-01 4.550700683783454603e-01 -4.255758825571318571e-01 7.821741501507207817e-01 8.151621306985326054e-01 -1.544058057758614100e-01 -5.582737214940617365e-01 -6.459512308666196523e-01 1.699879865627220932e+00 1.851468909169448729e+00
1.583524531174284935e+09 3.743709802927414065e-01 8.889534300052197580e-01 2.638336004992510309e-01 4.640340109382081746e-01 -4.259370940030077768e-01 7.766917205410572844e-01 8.028192860447437296e-01 -1.683430769014737372e-01 -5.719631130650348894e-01 -6.450954919808525867e-01 1.709740988261479355e+00 1.863427375485915194e+00
1.583524531174302101e+09 3.901211855633758829e-01 8.858021831986639949e-01 2.513164403116086576e-01 4.731794093788766475e-01 -4.270153460680762292e-01 7.705576817308192883e-01 7.898776534070002242e-01 -1.816931115039732147e-01 -5.857310869104943585e-01 -6.439758281017515795e-01 1.719492631779794500e+00 1.875453627885562469e+00
1.583524531174318075e+09 4.055635401425902731e-01 8.822328047031471332e-01 2.391307039433036574e-01 4.825047403754463282e-01 -4.288215124283327184e-01 7.637416357028444791e-01 7.763423153857974546e-01 -1.943640632628703957e-01 -5.995958810285968443e-01 -6.425960265170744812e-01 1.729124132934136249e+00 1.887549465119554792e+00
1.583524531174329996e+09 4.206477091229345877e-01 8.782870670524025591e-01 2.273044940468777197e-01 4.920034817191509258e-01 -4.313533487767524099e-01 7.562187928023678118e-01 7.622257401985618186e-01 -2.062671002603555792e-01 -6.135680928976281479e-01 -6.409604405265119098e-01 1.738624975061381583e+00 1.899716543759513376e+00
1.583524531174340010e+09 4.353220599621132614e-01 8.740132806409306454e-01 2.158598844839204334e-01 5.016645646556294746e-01 -4.345956734834139912e-01 7.479700965082304309e-01 7.475475696660337510e-01 -2.173186281785443597e-01 -6.276505757394759133e-01 -6.390739982840982769e-01 1.747984835462364162e+00 1.911956367868966389e+00
1.583524531174350023e+09 4.495354201910863323e-01 8.694649849081906856e-01 2.048134428400995299e-01 5.114731418913566197e-01 -4.385211101013665735e-01 7.389820439167688049e-01 7.323340299007807808e-01 -2.274420284665586989e-01 -6.418387590582180779e-01 -6.369421934228172155e-01 1.757193626455983537e+00 1.924270283645814983e+00
1.583524531174359083e+09 4.632385563364830317e-01 8.646995705766047369e-01 1.941769629068239855e-01 5.214115253950234452e-01 -4.430911893029010895e-01 7.292463364731642805e-01 7.166170953450096137e-01 -2.365689136465362052e-01 -6.561212449299846927e-01 -6.345710619036778466e-01 1.766241528784086467e+00 1.936659478295588821e+00
1.583524531174369097e+09 4.763852828743539991e-01 8.597769376010273579e-01 1.839583653599713153e-01 5.314602092388086563e-01 -4.482576944218774617e-01 7.187594072424933200e-01 7.004335146804326895e-01 -2.446398521423884531e-01 -6.704805996814972024e-01 -6.319671497541711203e-01 1.775119017186874704e+00 1.949124982154871732e+00
1.583524531174381971e+09 4.889332032393491900e-01 8.547582729651421740e-01 1.741626191912273858e-01 5.415988528055007967e-01 -4.539640627525755590e-01 7.075219519429041259e-01 6.838238118402042431e-01 -2.516046995192686153e-01 -6.848942033870965007e-01 -6.291374751505669494e-01 1.783816878188478672e+00 1.961667673290514058e+00
1.583524531174393892e+09 5.008441161041481404e-01 8.497049863344157128e-01 1.647926209454680935e-01 5.518071654993040864e-01 -4.601467483259019664e-01 6.955385123922891433e-01 6.668313307696224213e-01 -2.574226223449375128e-01 -6.993350914276816876e-01 -6.260894874428686308e-01 1.792326220270933801e+00 1.974288283955095036e+00
1.583524531174403906e+09 5.120841149943572423e-01 8.446778246415992397e-01 1.558500307506340554e-01 5.620656819481865130e-01 -4.667365039592299980e-01 6.828171095983108785e-01 6.495013691854170101e-01 -2.620618414040986610e-01 -7.137727670619379294e-01 -6.228310260581210178e-01 1.800638477597490406e+00 1.986987408052074411e+00
1.583524531174417019e+09 5.226234409553619509e-01 8.397361700196411816e-01 1.473360243813897352e-01 5.723564060065581272e-01 -4.736595247282321397e-01 6.693689559948513557e-01 6.318804346496253999e-01 -2.654991896079312852e-01 -7.281739468819427019e-01 -6.193702810819985416e-01 1.808745408253243037e+00 1.999765509039393763e+00
