1.583524532468374968e+09 2.320948672046823369e-01 8.810027800586288649e-01 4.122694198119641329e-01 3.737019788929008546e-01 -4.720782002683094891e-01 7.984290850892229452e-01 8.980416492825159525e-01 -3.124539442250630697e-02 -4.387994095079875700e-01 -6.839466086784313781e-01 1.677296606119264455e+00 1.810375452236105742e+00
1.583524532468426943e+09 2.504693423021409626e-01 8.819934545037158014e-01 3.991899988047242220e-01 3.803407219246802695e-01 -4.688262857607495282e-01 7.972094136041660839e-01 8.902842490294329281e-01 -4.784830513773052907e-02 -4.528846386545947178e-01 -6.887826876197851167e-01 1.695180511924349709e+00 1.827594283937996833e+00
1.583524532468451023e+09 2.688275614288206383e-01 8.824275515194173192e-01 3.860742919485153357e-01 3.869368035925789817e-01 -4.660034417831371290e-01 7.956888225842413398e-01 8.820496882263026972e-01 -6.451673331984147941e-02 -4.667182650453433057e-01 -6.938545775924055414e-01 1.712966069290577709e+00 1.844847103790772325e+00
1.583524532468471050e+09 2.870923727906620759e-01 8.823667156504386710e-01 3.728363568216395696e-01 3.935044921241844240e-01 -4.635004164945137894e-01 7.939279430158845408e-01 8.733453981236277697e-01 -8.121787571121684424e-02 -4.802827006557273126e-01 -6.989161639762500045e-01 1.730756156896057441e+00 1.862098278764516834e+00
1.583524532468488932e+09 3.051988002650476983e-01 8.818639533318993751e-01 3.594018092670522302e-01 4.000557038023198064e-01 -4.612219221445352235e-01 7.919783914368052624e-01 8.641811884292498469e-01 -9.793011110892113624e-02 -4.935590817873509173e-01 -7.037511415055687225e-01 1.748649078062141093e+00 1.879308051460852669e+00
1.583524532468507051e+09 3.230916656535546272e-01 8.809641949673966410e-01 3.457077713169695032e-01 4.065995730772974381e-01 -4.590856891472496204e-01 7.898842429801443688e-01 8.545692265845075131e-01 -1.146403834698038054e-01 -5.065264255386099368e-01 -7.081980168487788108e-01 1.766719636647265723e+00 1.896436686081857115e+00
1.583524532468524933e+09 3.407230853804205095e-01 8.797055805961202513e-01 3.317014786530647630e-01 4.131427202148476585e-01 -4.570201009696813199e-01 7.876837691348360648e-01 8.445240506306437300e-01 -1.313419928905380230e-01 -5.191612554225981668e-01 -7.121584036088555170e-01 1.785009877056569216e+00 1.913451160928615113e+00
1.583524532468544960e+09 3.580500167840270920e-01 8.781211290901822508e-01 3.173380981169927617e-01 4.196898195328567227e-01 -4.549610140553558280e-01 7.854113133805701308e-01 8.340627321360236657e-01 -1.480329647634349155e-01 -5.314372968977191247e-01 -7.155932573260899154e-01 1.803529726093560992e+00 1.930330938276104469e+00
1.583524532468564034e+09 3.750319226100385372e-01 8.762405371226335005e-01 3.025782188526135452e-01 4.262442105311348151e-01 -4.528482014207731998e-01 7.830992143882151701e-01 8.232052783451393463e-01 -1.647149899002851303e-01 -5.433249875935354245e-01 -7.185118589775492115e-01 1.822264341411485189e+00 1.947070289066454629e+00
1.583524532468584061e+09 3.916285216377165534e-01 8.740919751170814767e-01 2.873853170948149072e-01 4.328084159198252179e-01 -4.506216359704300900e-01 7.807797489830351489e-01 8.119753545763280789e-01 -1.813928349188135836e-01 -5.547906482145570362e-01 -7.209574956444004812e-01 1.841184022035392998e+00 1.963676747386535526e+00
1.583524532468604088e+09 4.075947296363777173e-01 8.717364104565764604e-01 2.719230910806266777e-01 4.393013126779344857e-01 -4.482474514992659809e-01 7.785169099136918236e-01 8.005503690227264713e-01 -1.978632185034802649e-01 -5.656582482087452179e-01 -7.229926835070026314e-01 1.860253441598075375e+00 1.980166900798896901e+00
1.583524532468624115e+09 4.236999985000998725e-01 8.686040744251223300e-01 2.569149150380397040e-01 4.457382877243364905e-01 -4.468511941313768054e-01 7.756554578404291078e-01 7.885402275203153843e-01 -2.141284019513684245e-01 -5.765009431089669345e-01 -7.245834845598089213e-01 1.879469571404255968e+00 1.996535151131157759e+00
1.583524532468652010e+09 4.399014291132739563e-01 8.647139242326288278e-01 2.423975295010615538e-01 4.521082485096243331e-01 -4.464589298198631262e-01 7.721868658112288619e-01 7.759412765047278837e-01 -2.300961832534105245e-01 -5.873422189950185945e-01 -7.257221630608408081e-01 1.898816143238407639e+00 2.012787027367295867e+00
1.583524532468671083e+09 4.561505110202222490e-01 8.600929641564309946e-01 2.284005357053827401e-01 4.583987473859290063e-01 -4.470847966900020620e-01 7.681053137958213650e-01 7.627563831139793082e-01 -2.456731118806758374e-01 -5.982034958634991906e-01 -7.264019020095549006e-01 1.918276530210324626e+00 2.028928316210591110e+00
1.583524532468688011e+09 4.723950734993896394e-01 8.547753167600309343e-01 2.149466277874729214e-01 4.645962291081202622e-01 -4.487316420248439464e-01 7.634070064270492839e-01 7.489948188887503022e-01 -2.607663161251305706e-01 -6.091040058954649838e-01 -7.266168023463727144e-01 1.937833810331229811e+00 2.044965040432699332e+00
1.583524532468703032e+09 4.885810298553932562e-01 8.488012369153645764e-01 2.020520672557001296e-01 4.706863870563694485e-01 -4.513918852198286480e-01 7.580895007287841159e-01 7.346719693819474539e-01 -2.752849913970856766e-01 -6.200606996589312914e-01 -7.263618661414630306e-01 1.957470828721382228e+00 2.060903435205542866e+00
1.583524532468720913e+09 5.046538511425888718e-01 8.422161448962319774e-01 1.897273206709949034e-01 4.766545884095932384e-01 -4.550484914624499666e-01 7.521510977746003190e-01 7.198089289287076253e-01 -2.891415501295921398e-01 -6.310881635466866202e-01 -7.256329667727546839e-01 1.977170255574212998e+00 2.076749923745266013e+00
1.583524532468740940e+09 5.205597578718615948e-01 8.350697140933622808e-01 1.779778398967989117e-01 4.824863355731375258e-01 -4.596760180288428921e-01 7.455902993950893620e-01 7.044320228100688919e-01 -3.022524298794094788e-01 -6.421985629205918533e-01 -7.244268107115747757e-01 1.996914637617639210e+00 2.092511093655498478e+00
1.583524532468765020e+09 5.362466222761270718e-01 8.274150603000965942e-01 1.668049114742840011e-01 4.881677391530190868e-01 -4.652416423939906287e-01 7.384053580185333532e-01 6.885723047281634424e-01 -3.145386025324910517e-01 -6.534015985776427948e-01 -7.227408940840641671e-01 2.016686441943925878e+00 2.108193674771777104e+00
