1.583524532002764940e+09 -1.477210450948324497e-02 8.284932276222752856e-01 5.598042131602927185e-01 2.890712879563697157e-01 -5.324193637628635845e-01 7.955924909663648625e-01 9.571935936200830497e-01 1.735759003406337764e-01 -2.316286498913558423e-01 -6.068549246447624279e-01 1.490739392468665825e+00 1.618408067069641465e+00
1.583524532002810955e+09 3.943360186133893809e-03 8.354957574612825733e-01 5.494827472584967731e-01 2.954936652033032796e-01 -5.259226872491420401e-01 7.975517669555466371e-01 9.553365605871415589e-01 1.592236370858574057e-01 -2.489576062225143938e-01 -6.143300651301927262e-01 1.502908172534087594e+00 1.632090609455904451e+00
1.583524532002831936e+09 2.287063535804132255e-02 8.419243043380809643e-01 5.391107494427238578e-01 3.019241217698761526e-01 -5.198891774907565821e-01 7.990976585713700509e-01 9.530575842998814107e-01 1.444946684155952732e-01 -2.660874519904437019e-01 -6.214146675091527516e-01 1.515309000035846676e+00 1.645772597110083613e+00
1.583524532002847910e+09 4.191621344288693624e-02 8.478338674677252662e-01 5.286026528397891333e-01 3.083737047860096170e-01 -5.142154015009372525e-01 8.003050538194005359e-01 9.503413542028741334e-01 1.294614009802117771e-01 -2.830036332794761966e-01 -6.281260431954950318e-01 1.527922107839397636e+00 1.659448702103963447e+00
1.583524532002861977e+09 6.098398437427016150e-02 8.532858252709906166e-01 5.178650928656398644e-01 3.148634466313756097e-01 -5.087859497920681484e-01 8.012476941515004336e-01 9.471757829929992045e-01 1.141935111909931633e-01 -2.996963103180625421e-01 -6.344835366960849266e-01 1.540727297447042954e+00 1.673115387710225388e+00
1.583524532002877951e+09 7.997534099318384659e-02 8.583462883875022653e-01 5.067993630777850589e-01 3.214212105496671024e-01 -5.034768010292144380e-01 8.019972047009749083e-01 9.435530459428367323e-01 9.875606488781941972e-02 -3.161564319275743107e-01 -6.405080149721504856e-01 1.553704497018827846e+00 1.686770674333630149e+00
1.583524532002892017e+09 9.878852519468585280e-02 8.630843947150460549e-01 4.953041038252622430e-01 3.280789600420636609e-01 -4.981582014801749780e-01 8.026223286143741031e-01 9.394706081286795518e-01 8.320897918043912433e-02 -3.323721446826166659e-01 -6.462213637009807110e-01 1.566834223380287661e+00 1.700413871610657157e+00
1.583524532002904892e+09 1.173172792916147428e-01 8.675707438828955675e-01 4.832780366634498725e-01 3.348706892729864659e-01 -4.926968562726727896e-01 8.031882901289051357e-01 9.349322316190880056e-01 6.760778431825721635e-02 -3.483258676881611504e-01 -6.516459926261765068e-01 1.580097950640380500e+00 1.714045300005392791e+00
1.583524532002919912e+09 1.354489322689919339e-01 8.718760688432645178e-01 4.706226808346623547e-01 3.418310816614202885e-01 -4.869574355890949890e-01 8.037561618120875329e-01 9.299489763624704253e-01 5.200554615135636466e-02 -3.639922043956191899e-01 -6.568043538630617961e-01 1.593478390449664550e+00 1.727666020972050687e+00
1.583524532002933979e+09 1.530620438482614420e-01 8.760701706800001487e-01 4.572450843653247388e-01 3.489948395751917842e-01 -4.808035259857338928e-01 8.043821053870395810e-01 9.245402170642245121e-01 3.645580581089888361e-02 -3.793367390470209211e-01 -6.617184825049747809e-01 1.606959688922316776e+00 1.741277590716299839e+00
1.583524532002948046e+09 1.697886890648697134e-01 8.801660197038250200e-01 4.432601710315326460e-01 3.562929911923430337e-01 -4.741908547536793916e-01 8.051076560389315295e-01 9.188183203323480042e-01 2.123231877120856231e-02 -3.941092274973442278e-01 -6.664095665036801064e-01 1.620527548221996739e+00 1.754881848309655989e+00
1.583524532002960920e+09 1.864513849600142603e-01 8.838161965405630927e-01 4.290743667216792012e-01 3.636393699338355545e-01 -4.677979711829636233e-01 8.055628261709577576e-01 9.126895912441237435e-01 5.830027791576120402e-03 -4.086119444508405918e-01 -6.707512626214449103e-01 1.634219595693208849e+00 1.768477671587124656e+00
1.583524532002973080e+09 2.030603759831557942e-01 8.870042823143524657e-01 4.147166348967987193e-01 3.710268163054126767e-01 -4.616584185903609416e-01 8.057360648774702927e-01 9.061487656957059045e-01 -9.742075527381269945e-03 -4.228469069650159229e-01 -6.747419497829021395e-01 1.648022355889382506e+00 1.782069107371152095e+00
1.583524532002989054e+09 2.196307722002099894e-01 8.897100611028012640e-01 4.002228522632533814e-01 3.784477021654588103e-01 -4.558147626783169426e-01 8.056117172481468414e-01 8.991883345060110999e-01 -2.547370472327029414e-02 -4.368196765180008545e-01 -6.783796350180104628e-01 1.661922619745930696e+00 1.795660237220198407e+00
1.583524532003005981e+09 2.361814511891600632e-01 8.919099589649134296e-01 3.856357706592241641e-01 3.858944018477670213e-01 -4.503184148741897208e-01 8.051700664859975376e-01 8.917980898271167245e-01 -4.135154966955564143e-02 -4.505399168308457658e-01 -6.816620270773614543e-01 1.675907336952680682e+00 1.809255180645641614e+00
1.583524532003022909e+09 2.527335350950150605e-01 8.935777893653750192e-01 3.710047101989556451e-01 3.933596592373788670e-01 -4.452289983661682493e-01 8.043875419322618070e-01 8.839648969302443815e-01 -5.735742064085547209e-02 -4.640217534015445011e-01 -6.845866234271658080e-01 1.689963520752440829e+00 1.822858096983810405e+00
1.583524532003040075e+09 2.693084245910345453e-01 8.946858652786242594e-01 3.563848696472385891e-01 4.008368053022624555e-01 -4.406130909690018083e-01 8.032371752472197146e-01 8.756727860568552790e-01 -7.346636559132957434e-02 -4.772838413601905305e-01 -6.871508115151925278e-01 1.704078166227225299e+00 1.836473185022293730e+00
1.583524532003057957e+09 2.859255247230561015e-01 8.952064468069688141e-01 3.418362360921257670e-01 4.083197783952189908e-01 -4.365423259884710361e-01 8.016893140794438821e-01 8.669034278186321663e-01 -8.964494158318810080e-02 -4.903490915890086899e-01 -6.893519831665493314e-01 1.718238183812165198e+00 1.850104679624167803e+00
1.583524532003077030e+09 3.025998113034127357e-01 8.951134979039114814e-01 3.274220219653957709e-01 4.158029378268972565e-01 -4.330907934152365413e-01 7.997126244287986463e-01 8.576370277533672537e-01 -1.058498505641415621e-01 -5.032440144693550721e-01 -6.911876595786573541e-01 1.732430349864257701e+00 1.863756844821877534e+00
1.583524532003093958e+09 3.193395986248556140e-01 8.943845496224879232e-01 3.132067983700869140e-01 4.232806852871380254e-01 -4.303320206866610986e-01 7.972752432829582903e-01 8.478535737333262601e-01 -1.220271678889928296e-01 -5.159977598225908846e-01 -6.926556219133112036e-01 1.746641275899971202e+00 1.877433963214195645e+00
1.583524532003113031e+09 3.361447521190918941e-01 8.930025274029170790e-01 2.992543935739978012e-01 4.307469661067173106e-01 -4.283357020757557199e-01 7.943460062431498825e-01 8.375343318882724208e-01 -1.381123191941259210e-01 -5.286409277880389501e-01 -6.937540412080346330e-01 1.760857397247139078e+00 1.891140321907221145e+00
1.583524532003132105e+09 3.530056161577273532e-01 8.909573210496525286e-01 2.856257821480302495e-01 4.381947459314902149e-01 -4.271645410349585448e-01 7.908955807423279083e-01 8.266634138980266666e-01 -1.540308647100295802e-01 -5.412042989264348458e-01 -6.944816004899720951e-01 1.775064980660670866e+00 1.904880195660843212e+00
1.583524532003149986e+09 3.699027758945099831e-01 8.882469356944907579e-01 2.723771613286023463e-01 4.456155684175477361e-01 -4.268715084399007931e-01 7.868973761447318749e-01 8.152292326992476301e-01 -1.697000201627930083e-01 -5.537176190502310913e-01 -6.948376008599085329e-01 1.789250148983499322e+00 1.918657828371752361e+00
1.583524532003166914e+09 3.868076117755601673e-01 8.848781516432009386e-01 2.595583337431954241e-01 4.529992785438481384e-01 -4.274976917010278599e-01 7.823281775229370405e-01 8.032257001545772823e-01 -1.850307559974670168e-01 -5.662085254422685177e-01 -6.948220461224169364e-01 1.803398919507144482e+00 1.932477414127009796e+00
1.583524532003192902e+09 4.036835232602569157e-01 8.808666621066204572e-01 2.472115228622456806e-01 4.603339598816919565e-01 -4.290708810484226698e-01 7.771684659925962579e-01 7.906530583669750811e-01 -1.999302452205577174e-01 -5.787016836663854136e-01 -6.944357015189890348e-01 1.817497251676640779e+00 1.946343079189097214e+00
1.583524532003211021e+09 4.204876607261367472e-01 8.762366594771855421e-01 2.353708651551164321e-01 4.676061030951904063e-01 -4.316051213640793027e-01 7.714023280219879375e-01 7.775182697545560684e-01 -2.143043072994574860e-01 -5.912182375469263729e-01 -6.936801248823828425e-01 1.831531099255356176e+00 1.960258866116618925e+00
1.583524532003228903e+09 4.371728392002194874e-01 8.710200592365939798e-01 2.240624142323810186e-01 4.748009675047685230e-01 -4.351009662139633249e-01 7.650171178303956099e-01 7.638350281303103451e-01 -2.280596543265012710e-01 -6.037754915587064675e-01 -6.925576725778416209e-01 1.845486462477966993e+00 1.974228720728539610e+00
1.583524532003246069e+09 4.536894073322032539e-01 8.652555121700646890e-01 2.133045258132534594e-01 4.819030782955467385e-01 -4.395462221733227315e-01 7.580029959173976151e-01 7.496234688697418491e-01 -2.411058223155375935e-01 -6.163867598371628453e-01 -6.910714851626071908e-01 1.859349436813363177e+00 1.988256482106347534e+00
1.583524532003263950e+09 4.699869310311775572e-01 8.589873027514316473e-01 2.031085886176630939e-01 4.888968062580549834e-01 -4.449170814081904735e-01 7.503523862954030177e-01 7.349096527920202515e-01 -2.533566748724038198e-01 -6.290613625617328397e-01 -6.892254584567322206e-01 1.873106256216963805e+00 2.002345875458381386e+00
1.583524532003282070e+09 4.860155882462080523e-01 8.522642595039278124e-01 1.934799223497295773e-01 4.957669703054741195e-01 -4.511794077521250057e-01 7.420594674902323273e-01 7.197249192657094730e-01 -2.647315136307215044e-01 -6.418046950716921328e-01 -6.870242043179800584e-01 1.886743329503056898e+00 2.016500507637899453e+00
1.583524532003299952e+09 5.017272494271238781e-01 8.451387408411906721e-01 1.844187525990863830e-01 5.024994223884716726e-01 -4.582900563868878563e-01 7.331197411292850186e-01 7.041051753521537782e-01 -2.751558345007699691e-01 -6.546183385147488210e-01 -6.844730044155439286e-01 1.900247268979947224e+00 2.030723865096463410e+00
1.583524532003319025e+09 5.170762485070066194e-01 8.376657267807761098e-01 1.759212431893838746e-01 5.090815944513258362e-01 -4.661981834393319479e-01 7.235296704808154011e-01 6.880901711962857936e-01 -2.845617406558103579e-01 -6.675002115320370910e-01 -6.815777611296501837e-01 1.913604911513266948e+00 2.045019313742800549e+00
1.583524532003336906e+09 5.320198657515761154e-01 8.299020479845452547e-01 1.679805155227125923e-01 5.155029913131219388e-01 -4.748464619048334279e-01 7.132864106941890769e-01 6.717228064231774987e-01 -2.928880821654226141e-01 -6.804447391182798510e-01 -6.783449482179515488e-01 1.926803332419356307e+00 2.059390100290408920e+00
